-1.76031 1.56767 -12.1848 -0.110252 0.0950613 -0.119564
2.7415 5.68899 -3.88459 -0.00279957 0.00241384 -0.00303603
-8.70361 5.01278 2.28129 -0.466993 0.402651 -0.506438
3.83512 -6.51113 -9.73753 0.471729 -0.378759 -0.313472
-4.5657 9.61767 -5.85729 -0.101756 0.0877359 -0.110351
-13.6015 -5.2661 4.62539 0.219159 -0.175966 -0.145635
-3.48489 2.54569 -1.25916 -0.0736666 0.0635192 -0.0620272
10.5088 -0.953687 -2.86356 -0.268041 0.231111 -0.288283
-2.50434 10.5711 5.81044 -0.266896 0.230123 -0.28944
1.44694 12.263 -2.10287 -0.513128 0.442429 -0.55647
0.655712 4.34197 1.72582 -0.24766 0.213538 -0.268579
-4.33536 4.71695 -10.8026 -0.445809 0.384385 -0.483464
-7.46696 7.43619 -4.93027 -0.496572 0.428154 -0.538515
-2.53469 10.8978 -1.16522 -0.428876 0.369785 -0.465101
6.04983 7.30945 -13.3568 -0.121773 0.104995 -0.132059
5.38012 5.61157 -16.446 -0.206457 0.178011 -0.223895
3.34168 -7.50442 -12.5697 -0.425455 0.366836 -0.461392
-7.10613 -3.00445 2.48061 0.301939 -0.242432 -0.200644
4.31248 3.33325 -7.95217 -0.199116 0.171682 -0.215934
-5.08647 5.48504 5.80743 -0.578456 0.498756 -0.627315
-0.89689 4.76128 -0.903966 -0.294527 0.253819 -0.319395
15.4021 -9.16105 11.3451 -0.261952 0.22586 -0.284078
6.17195 2.00074 -0.0960322 -0.0200844 0.0173172 0.00331292
-0.877835 3.63277 -2.22314 -0.417268 0.3236 -0.221363
-5.91215 8.58406 -5.95706 -0.438908 0.378435 -0.475981
2.74663 -1.15 4.12203 0.248057 0.242366 0.72061
-4.99694 2.03063 7.12964 -0.116789 0.100698 -0.126653
-10.4952 -9.35064 -4.74344 0.527851 -0.42382 -0.350766
-1.04299 8.94211 -1.80592 -0.145055 0.125069 -0.157307
-2.8587 2.06261 4.19063 -0.201235 0.173508 -0.218232
1.07674 -0.727717 -11.781 -0.130758 0.112742 -0.141803
3.25597 -2.97667 1.28266 0.451165 -0.362167 -0.300012
7.74845 -1.02626 -0.52152 -0.188752 0.162745 0.2193
0.612025 -4.73879 1.92422 0.560194 -0.449789 -0.372258
1.67727 -6.72062 -3.42668 0.497422 -0.399388 -0.330545
-9.74715 -12.3591 2.101 0.562088 -0.45131 -0.373517
-5.5879 -8.64224 -5.61037 0.463369 -0.372047 -0.307917
4.94569 -12.0374 -6.10665 -0.177692 0.15321 -0.192701
3.47711 1.44142 -2.68116 -0.230351 0.198613 -0.555065
-6.87754 9.14219 -6.70131 -0.53675 0.462796 -0.582086
5.14071 -10.2221 -3.89858 0.539806 -0.433419 -0.35871
-0.134846 -9.38759 15.9199 0.0127742 -0.0102566 -0.00848865
2.15566 2.32981 -7.56919 -0.468003 0.403521 -0.507533
0.974439 -3.21501 -7.67157 0.446245 -0.358297 -0.296537
7.70445 9.65276 4.49193 -0.398213 0.343347 -0.431848
-5.72268 3.56798 -5.61101 -0.0782702 0.0674861 -0.0848813
4.22799 -7.1085 -0.355552 0.575478 -0.462061 -0.382415
-0.695438 -9.67262 5.39891 0.290912 -0.233578 -0.193316
0.333864 -1.04092 4.06955 -0.142884 0.123197 -0.154952
-3.16674 -5.64317 -2.74849 0.19498 -0.156553 -0.129568
4.19714 -7.18876 -4.51473 0.128849 0.123127 0.37289
1.14527 -8.03734 -5.51468 0.440649 -0.353804 -0.292819
-6.97537 5.71142 -5.65742 -0.448807 0.38697 -0.486714
1.92026 -3.56375 -5.95432 0.202135 -0.162297 -0.134322
3.35291 -2.5956 -0.0597476 -0.00733904 0.00632781 -0.00745588
1.45296 -3.45104 -4.68801 0.26638 -0.213879 -0.177014
-7.2656 9.74164 -6.6369 -0.248136 0.213948 -0.269095
-1.73693 6.6755 -8.59145 -0.234992 0.202615 -0.254841
-2.91486 3.12979 -5.9853 -0.28584 0.246457 -0.309984
12.5923 1.9035 -11.5106 -0.194894 0.168041 -0.211355
-1.13122 16.7087 -6.6046 -0.188765 0.162757 -0.204709
2.07843 1.45012 -2.71384 -0.313227 0.269761 -0.490862
3.90759 -5.701 1.5721 -0.247106 0.21306 -0.267978
-7.57982 14.8518 -4.71105 -0.255718 0.220485 -0.277317
-8.96939 -0.991136 8.64229 0.106678 -0.152319 -0.0342294
0.867765 -0.796293 -13.5519 -0.502209 0.433014 -0.544628
0.775001 4.65856 -12.2078 -0.482622 0.416126 -0.523386
2.00252 -4.265 5.57231 0.203123 -0.163091 -0.134979
-6.8692 -1.48727 -1.92198 0.115204 -0.164493 -0.0161552
0.250735 3.29224 3.56018 -0.229695 0.198048 -0.249097
-0.729613 1.98325 -3.06497 -0.484452 0.125198 -0.620958
-6.59012 3.67999 -11.7397 -0.0706106 0.0608819 -0.0765748
3.39385 -3.99363 1.18068 -0.182996 0.157783 -0.198453
-6.15827 7.55534 -1.66776 -0.432679 0.373064 -0.469225
-5.72953 14.1941 18.3906 -0.196528 0.16945 -0.213128
-0.479446 -5.38235 -5.60691 0.119887 -0.096259 -0.0796668
2.83413 10.2458 2.87258 -0.137398 0.118467 -0.149004
-1.27013 2.91289 -6.07075 -0.43754 0.377105 -0.474291
2.67647 -2.41157 3.79155 0.165885 0.158529 0.480074
-0.243097 1.68743 -0.0177284 -0.140269 -0.287967 -0.185567
3.06323 -0.0933518 3.72749 -0.191225 0.164878 -0.207377
-2.91109 10.81 5.53465 -0.0286678 0.0247179 -0.0310892
7.56458 1.30593 -4.75286 -0.231017 0.199188 -0.25053
-16.8245 8.26378 3.94851 -0.042244 0.0364236 -0.0458122
10.4089 5.44584 -10.3909 -0.369367 0.318476 -0.400566
-2.88846 -3.43836 0.181642 0.408724 -0.583591 -6.90381e-05
-3.27835 -7.67659 4.20452 0.471668 -0.37871 -0.313431
1.67099 -2.06044 -4.02056 -0.408595 0.352299 -0.443108
1.68569 -10.6499 -0.644379 0.0653846 -0.0524984 -0.0434492
-9.98488 8.33523 -8.57336 -0.424256 0.365802 -0.460091
-12.4342 -6.72918 -5.21147 0.339673 -0.272729 -0.225718
-2.82794 6.24422 -5.44443 -0.462415 0.398691 -0.50147
-5.08156 -4.84851 -2.3501 0.49286 -0.395725 -0.337998
-9.40897 -10.5076 -1.44136 0.00207784 -0.00166833 -0.00138076
-1.47277 3.75574 -5.38389 -0.144901 0.124936 -0.15714
-7.92668 10.0245 -2.44176 -0.238493 0.205634 -0.258638
-6.39668 -2.24621 5.15571 0.306273 -0.437308 -0.098273
-9.5168 10.2624 -8.68355 -0.469237 0.404586 -0.508872
4.09449 2.68684 4.57806 -0.192103 0.165635 -0.208329
7.54275 5.38041 -3.17311 -0.387616 0.33421 -0.420357
