-1.5398 1.37755 -11.9457 -0.110252 0.0950613 -0.119564
2.7471 5.68416 -3.87852 -0.00279957 0.00241384 -0.00303603
-7.76963 4.20748 3.29417 -0.466993 0.402651 -0.506438
2.89167 -5.75362 -9.11058 0.471729 -0.378759 -0.313472
-4.36219 9.4422 -5.63659 -0.101756 0.0877359 -0.110351
-14.0398 -4.91417 4.91666 0.219159 -0.175966 -0.145635
-3.33755 2.41865 -1.13461 -0.0736667 0.0635192 -0.0626306
11.0449 -1.41591 -2.28699 -0.268041 0.231111 -0.288291
-1.97054 10.1109 6.38932 -0.266896 0.230123 -0.28944
2.4732 11.3781 -0.989932 -0.513128 0.442429 -0.55647
1.15103 3.91489 2.26298 -0.24766 0.213538 -0.268579
-3.44374 3.94818 -9.83566 -0.445809 0.384385 -0.483464
-6.47382 6.57988 -3.85324 -0.496572 0.428154 -0.538515
-1.67694 10.1582 -0.235017 -0.428876 0.369785 -0.465101
6.29338 7.09946 -13.0927 -0.121773 0.104995 -0.132059
5.79304 5.25554 -15.9982 -0.206457 0.178011 -0.223895
4.19259 -8.2381 -11.6469 -0.425455 0.366836 -0.461392
-7.71 -2.51959 2.8819 0.301939 -0.242432 -0.200644
4.71071 2.98989 -7.5203 -0.199116 0.171682 -0.215934
-3.92956 4.48753 7.06206 -0.578456 0.498756 -0.627315
-0.307836 4.25364 -0.265175 -0.294527 0.253819 -0.319395
15.926 -9.61277 11.9133 -0.261952 0.22586 -0.284078
6.21212 1.9661 -0.0953692 -0.0200844 0.0173172 -0.0041379
-0.043298 2.98557 -1.78041 -0.417269 0.323612 -0.221363
-5.03434 7.82719 -5.0051 -0.438908 0.378435 -0.475981
2.25052 -1.63473 2.68081 0.248057 0.242366 0.72061
-4.76336 1.82924 7.38295 -0.116789 0.100698 -0.126653
-11.5509 -8.503 -4.04191 0.527851 -0.42382 -0.350766
-0.75288 8.69197 -1.4913 -0.145055 0.125069 -0.157307
-2.45624 1.71559 4.62709 -0.201235 0.173508 -0.218232
1.33826 -0.953201 -11.4974 -0.130758 0.112742 -0.141803
2.35364 -2.25234 1.88265 0.451167 -0.362168 -0.29997
8.12596 -1.35175 -0.63702 -0.188752 0.162745 -0.0636574
-0.508362 -3.83921 2.66874 0.560194 -0.449789 -0.372258
0.682424 -5.92185 -2.76559 0.497422 -0.399388 -0.330545
-10.8713 -11.4565 2.84803 0.562088 -0.45131 -0.373517
-6.51464 -7.89815 -4.99453 0.463369 -0.372047 -0.307917
5.30108 -12.3438 -5.72124 -0.177692 0.15321 -0.192701
3.93781 1.04419 -1.57056 -0.230351 0.198613 -0.55702
-5.80404 8.2166 -5.53714 -0.53675 0.462796 -0.582086
4.0611 -9.35528 -3.18116 0.539806 -0.433419 -0.35871
-0.160394 -9.36708 15.9369 0.0127742 -0.0102566 -0.00848865
3.09167 1.52277 -6.55412 -0.468003 0.403521 -0.507533
0.0819496 -2.49841 -7.0785 0.446245 -0.358297 -0.296537
8.50088 8.96607 5.35562 -0.398213 0.343347 -0.431848
-5.56614 3.43301 -5.44124 -0.0782702 0.0674861 -0.0848813
3.07703 -6.18437 0.409279 0.575478 -0.462061 -0.382415
-1.27726 -9.20546 5.78555 0.290912 -0.233578 -0.193316
0.619632 -1.28732 4.37946 -0.142884 0.123197 -0.154952
-3.5567 -5.33006 -2.48936 0.19498 -0.156553 -0.129568
3.93944 -7.43501 -5.26051 0.128849 0.123127 0.37289
0.26397 -7.32973 -4.92904 0.440649 -0.353804 -0.292819
-6.07775 4.93748 -4.68399 -0.448807 0.38697 -0.486714
1.516 -3.23916 -5.68568 0.202135 -0.162297 -0.134322
3.36758 -2.60825 -0.0445831 -0.00733885 0.00632766 -0.00769461
0.920196 -3.02328 -4.33398 0.26638 -0.213879 -0.177014
-6.76932 9.31374 -6.09871 -0.248136 0.213948 -0.269095
-1.26694 6.27027 -8.08177 -0.234992 0.202615 -0.254841
-2.34318 2.63688 -5.36533 -0.28584 0.246457 -0.309984
12.9821 1.56742 -11.0878 -0.194894 0.168041 -0.211355
-0.75369 16.3831 -6.19519 -0.188765 0.162757 -0.204709
2.70485 0.910577 -1.73188 -0.313161 0.26979 -0.491826
4.4018 -6.12712 2.10805 -0.247106 0.21306 -0.267978
-7.06839 14.4108 -4.15641 -0.255718 0.220485 -0.277317
-9.18274 -0.686498 8.71075 0.106678 -0.152319 -0.0342294
1.87218 -1.66232 -12.4627 -0.502209 0.433014 -0.544628
1.74024 3.82631 -11.1611 -0.482622 0.416126 -0.523386
1.59627 -3.93882 5.84227 0.203123 -0.163091 -0.134979
-7.09961 -1.15829 -1.88887 0.115204 -0.164493 -0.0171234
0.710126 2.89614 4.05838 -0.229695 0.198048 -0.249097
0.239304 1.73219 -1.82305 -0.484348 0.127291 -0.621005
-6.4489 3.55823 -11.5865 -0.0706106 0.0608819 -0.0765748
3.75984 -4.30919 1.57758 -0.182996 0.157783 -0.198453
-5.29291 6.80921 -0.729309 -0.432679 0.373064 -0.469225
-5.33647 13.8552 18.8169 -0.196528 0.16945 -0.213128
-0.71922 -5.18983 -5.44758 0.119887 -0.096259 -0.0796668
3.10892 10.0089 3.17058 -0.137398 0.118467 -0.149004
-0.395046 2.15868 -5.12217 -0.43754 0.377105 -0.474291
2.3447 -2.72863 2.8314 0.165885 0.158529 0.480074
0.0604343 2.0117 0.342466 -0.154695 -0.0746682 -0.171497
3.44568 -0.423108 4.14225 -0.191225 0.164878 -0.207377
-2.85375 10.7606 5.59683 -0.0286678 0.0247179 -0.0310892
8.02661 0.907554 -4.2518 -0.231017 0.199188 -0.25053
-16.74 8.19093 4.04014 -0.042244 0.0364236 -0.0458122
11.1477 4.80889 -9.58972 -0.369367 0.318476 -0.400566
-3.7059 -2.27118 0.181559 0.408724 -0.583591 0.000612291
-4.22168 -6.91917 4.83139 0.471668 -0.37871 -0.313431
2.48818 -2.76504 -3.13434 -0.408595 0.352299 -0.443108
1.55492 -10.5449 -0.55748 0.0653846 -0.0524984 -0.0434492
-9.13637 7.60363 -7.65318 -0.424256 0.365802 -0.460091
-13.1136 -6.18372 -4.76003 0.339673 -0.272729 -0.225718
-1.90311 5.44683 -4.44149 -0.462415 0.398691 -0.50147
-6.06728 -4.05706 -1.6741 0.49286 -0.395725 -0.337998
-9.41312 -10.5042 -1.4386 0.00207784 -0.00166833 -0.00138076
-1.18296 3.50587 -5.06961 -0.144901 0.124936 -0.15714
-7.4497 9.61319 -1.92449 -0.238493 0.205634 -0.258638
-7.00922 -1.37159 5.35225 0.306273 -0.437308 -0.098273
-8.57833 9.45318 -7.6658 -0.469237 0.404586 -0.508872
4.4787 2.35557 4.99472 -0.192103 0.165635 -0.208329
8.31798 4.71199 -2.3324 -0.387616 0.33421 -0.420357
