-0.563488
-1.19009
-0.702834
-0.468745
-0.292063
-0.0799964
-0.108943
-0.0992689
-0.0657572
-0.0844226
-0.00585118
-0.029122
-0.104268
-0.0579781
-0.0075244
-0.0130656
-0.00242829
-0.00163167
-0.00322331
-0.0103195
-0.0257038
-0.0090666
-0.0047193
-0.0164387
-0.0138814
-0.0121285
-0.00520656
-0.00948258
-0.0307546
-0.0225448
-0.00818671
-0.0176641
-0.00408867
-0.0131356
-0.010708
-0.00932467
-0.0118699
-0.00876375
-0.00491929
-0.0211598
-0.049211
-0.0186378
-0.0241426
-0.00297457
-0.002755
-0.00380663
-0.011202
-0.0115357
-0.0011907
-0.0148936
