500 0 5e+09 0 50
-846357 -293573 -40658 -0.000149007 -0.000405912 9.1942e-05 0 180
-842289 -236936 -14856.9 -0.000835169 -0.000522841 -2.64054e-05 0 89
-832254 365891 85278.2 0.000144719 -0.0002123 -0.000456862 0 17
-810551 -385547 -7192.79 -6.49723e-05 -0.000705331 0.000200057 0 428
-808705 386350 -10811 -0.000233695 -0.000213024 1.59922e-05 0 324
-797063 163717 5815.61 -0.0014805 -3.25905e-05 -0.000673279 0 70
-796548 -104644 53441.6 -0.00144976 -0.00063417 0.00021974 0 204
-784124 -150588 -21028.7 -0.00144639 -0.000602632 7.29536e-05 0 487
-777516 367564 49687 -0.000401412 0.00012142 2.08444e-05 0 10
-744776 -327791 126886 -0.00134501 -0.000720066 -0.000525277 0 420
-645104 91248.1 1613.22 0.00273277 -0.000819895 0.00053233 0 242
-639545 -121272 -39159.1 0.00110766 -0.000265863 -0.000256344 0 289
-633505 -449878 -74431.7 -0.00115906 -0.00118438 -9.09869e-06 0 388
-630832 22845.1 -69534.8 0.0006754 -0.000251515 0.000264887 0 450
-622900 260633 -26196.5 0.000408765 -0.000842736 1.05051e-05 0 254
-621686 -10451.9 -77169 0.000281269 -0.000185419 -3.82816e-05 0 95
-618993 -119188 -213236 0.00289036 0.000140001 0.000322098 0 383
-615091 -14999.1 -58334.5 0.00105954 -0.000186094 0.000106952 0 321
-614578 -11862.5 -29936.6 -0.000302353 -0.000438419 9.90055e-05 0 261
-603978 -103505 -77006.9 0.00122007 4.95338e-05 3.68035e-05 0 281
-592235 646666 -35340.8 -0.000734314 0.000285413 -4.34439e-05 0 447
-585054 -56533.8 -64020.5 0.00147545 -0.000247883 4.01752e-05 0 342
-572914 43193.5 45369.3 0.00143764 -0.000334627 -0.00034855 0 192
-565524 408042 -58907.2 0.00191193 -0.0018307 0.00023746 0 488
-559077 68593.2 -108885 -0.00236664 -0.000949735 -0.000280413 0 114
-548541 -194739 97167.7 -4.04012e-05 -0.000389081 2.62144e-05 0 80
-538077 230248 -15659.8 0.00252237 -0.00176592 -4.165e-05 0 318
-536497 41389.5 165385 0.000146695 -0.000216353 -6.27385e-05 0 442
-533164 380309 47650.8 -0.00167057 0.00103863 0.000191756 0 298
-531947 347798 -59581.7 0.000571254 -0.000574334 0.000172644 0 196
-529715 24970.8 -135251 -0.000169937 -0.000348866 -0.000247058 0 361
-526469 223452 -33402.9 0.00120723 -0.00117334 0.000601287 0 100
-519458 -207453 -85430.5 -0.000155016 -0.000493328 -0.000143746 0 69
-517704 -263237 -46925.5 0.00111922 0.000392569 0.000452978 0 331
-513083 449859 -17138.4 -0.0018496 0.00111546 4.56669e-05 0 368
-507751 77791.9 -150005 0.000220997 -0.000222508 0.000307458 0 64
-502740 -207458 -32535.6 -6.55811e-06 -0.000379621 0.000182591 0 94
-502465 355240 44995 0.00076303 -0.00107787 -2.71436e-05 0 332
-489728 316463 79505.7 7.14194e-06 -0.000223246 0.000263309 0 240
-471064 57776.4 -150694 -5.96792e-05 -0.000390708 3.86348e-05 0 404
-449557 17545.6 -28556.2 0.00327992 -0.000864219 -0.000112083 0 205
-447297 -121791 33956.9 -9.89331e-05 -0.000574495 -0.000221886 0 284
-446146 457969 67760.2 -0.000219357 -0.000324184 -6.77792e-06 0 329
-444776 -421317 -139100 -0.00130975 -0.0020294 0.00010869 0 496
-436445 149778 59463.2 0.000707673 -0.000299041 -0.000528239 0 223
-435716 -49961.2 6429.69 -0.000736969 -0.000812366 2.57963e-06 0 469
-434750 -391734 85047.2 0.000282485 6.88207e-05 -0.000124246 0 72
-434509 -225845 -9792.35 -0.000431867 -0.000897956 0.000171926 0 82
-430640 422312 -82728.9 -2.59695e-05 -0.000248361 -3.28607e-05 0 157
-421554 20195.5 -32150.4 0.00207057 -0.000418581 0.000192791 0 434
-421541 -64155.4 14202.1 -0.00267666 -0.000511807 0.000547266 0 438
-416619 -213296 -63086.2 0.00179635 0.000665834 0.000542668 0 67
-383197 -80250.3 -9265.24 0.00253656 0.000382657 -5.53532e-05 0 6
-378720 -13685.8 51515 -0.00238068 -0.000340466 0.000673263 0 490
-366535 -179161 -26353.6 -0.00214085 -0.00151443 0.000420161 0 79
-362514 -64674.1 99358.6 0.000584821 -0.000370665 -0.000591123 0 453
-358502 650216 -73210.2 -0.00137021 0.00142849 0.000528757 0 227
-356152 -326674 84053.4 0.00264632 0.00188739 0.000167749 0 231
-353854 827097 -52052.2 -0.000598589 -2.70286e-05 0.00020475 0 2
-347050 -146822 -22930.5 0.00237157 8.49156e-05 -0.000349984 0 154
-345111 443728 33334 -0.0016183 0.0016861 0.000268432 0 484
-343409 25034.6 -3706.04 -0.000841788 -5.48529e-05 -7.72179e-05 0 268
-340678 -56131.6 -39566.6 0.00230139 -9.22597e-05 0.000565407 0 122
-338858 -488820 -99166.4 0.000805991 0.000807403 0.000337663 0 203
-335225 330085 160114 -8.72802e-05 -0.000366944 6.7795e-05 0 214
-332570 -552491 -24513.1 0.00194322 0.00216491 4.25166e-05 0 341
-330622 234629 58580.4 0.000258098 -0.000681754 -0.000499825 0 273
-322455 -459381 5920.4 0.00148082 0.000969837 -4.42148e-05 0 11
-320356 821775 12906.1 -0.000426299 0.000544525 8.76454e-05 0 430
-314842 -279628 46772.5 0.00297781 0.00168899 0.000367204 0 161
-312224 264181 -126257 -1.90133e-05 -0.000565155 0.00035508 0 53
-304959 -585719 -78308.8 -0.000637094 -0.00207086 -0.000428046 0 365
-303232 146291 9227.82 0.000567975 -0.000850464 0.000191881 0 411
-300110 155121 63240.8 3.51087e-05 -0.000393264 -8.44649e-05 0 379
-299950 -281801 20311.6 -0.00140371 -0.00227855 0.000722793 0 397
-291159 -758203 63222.1 0.00111478 0.00166226 -0.00059431 0 45
-288960 830006 -78035.9 -0.000515263 0.000638632 -4.72423e-06 0 37
-287765 -550870 -42023.9 -0.000588339 -0.00225651 0.000627855 0 458
-284566 -215996 -148125 0.00335876 0.00117216 0.000416769 0 302
-280813 350791 -158075 0.000295534 -0.000458817 0.00046855 0 303
-278573 160059 -5394.74 -0.0026003 0.00109204 -0.000433293 0 44
-275550 439441 92085.1 1.05974e-05 -0.000429447 -0.000107489 0 440
-272941 -161827 -45068.6 -0.000123626 -0.000533105 -0.000503482 0 499
-261268 63614 -33381.6 0.00226447 -0.000704282 0.000618033 0 138
-260322 -618542 -35105.8 0.00131686 0.00239023 0.000474553 0 56
-259465 -71112.2 -14928.7 -0.00245247 -0.00104947 0.000542393 0 130
-258328 115926 12507.1 0.00168269 -0.00199708 2.41008e-05 0 378
-245578 -91585.6 -58932.9 -2.06276e-05 -0.000434824 -0.000143796 0 125
-244673 -79609.7 -38993.6 0.000181807 -0.000174567 -6.70885e-05 0 426
-242386 -828965 -75971.7 -1.6709e-05 -0.000448337 -0.000176196 0 311
-240648 -413000 131880 0.000301153 -0.000326217 -4.33708e-05 0 315
-239130 172365 -3293.31 -0.00011261 -0.000602934 0.000191874 0 71
-237372 854924 -2956.15 -0.000177838 -0.00115645 5.62035e-05 0 330
-236053 -532150 -130269 -0.000553458 -0.00233234 0.000571842 0 498
-235131 -632260 4602.27 -0.000300519 -0.00216162 -0.000633037 0 168
-224182 -807417 1811.9 0.000588522 0.00168247 0.000633054 0 356
-223415 -444641 -77199.2 0.000344686 -0.000253864 -7.34024e-05 0 40
-220645 -386768 -20923.6 0.00109353 0.00163126 0.000178372 0 343
-219014 189786 75190.7 -6.4406e-05 -0.000569376 -0.000174684 0 238
-216163 15303.5 61721.7 -0.00283286 -0.000755772 6.92985e-05 0 482
-214292 760181 16864.2 0.000316924 -0.00223666 -0.000489644 0 288
-212754 -139886 -17848.2 -0.000336565 -0.00065208 -0.000212439 0 120
-208496 490549 -46291.6 0.00046583 -0.0015659 0.000360794 0 282
-206052 -124533 126581 9.55044e-05 -9.01118e-05 0.000314311 0 151
-205443 -497242 -44993.2 -4.1003e-05 -0.000296179 0.000244337 0 216
-203807 -394245 -67940.8 0.000710982 0.00111671 0.00217188 0 245
-190469 -130350 28969.9 0.000454602 -2.81026e-05 -0.000262706 0 306
-186901 471560 -170057 5.67141e-05 -0.0003567 7.8564e-05 0 344
-185148 -544564 -55881.8 0.000574344 0.00122707 0.000524729 0 193
-184698 -654831 40724.6 0.00113087 0.00249021 -6.41017e-05 0 174
-182321 -123348 52025.4 -1.53004e-05 -0.000176425 -0.000320665 0 129
-178522 -60215.7 93946.1 0.000133341 -0.000760903 -0.000226383 0 83
-176385 249217 -10900 -0.00260488 0.00120591 -1.44694e-05 0 350
-175020 177201 25187.9 0.00139348 -0.00215273 0.000451077 0 436
-171479 95901 118911 0.000248465 -0.000339385 -0.000249458 0 184
-167011 -36540.2 -56210.9 0.000584932 -2.67264e-05 0.000208479 0 317
-166851 -213159 -2548.75 -0.000709608 -0.00276822 -0.000123799 0 263
-165544 109289 -141519 4.54317e-05 -0.000171468 -0.000232233 0 84
-165181 214463 -67921.9 -0.00228628 0.001677 -0.000680367 0 443
-164794 -703447 -145498 0.000140686 -0.00206794 3.04307e-06 0 497
-156361 18680.4 340.914 -0.000842654 -0.000630475 -2.09798e-05 0 225
-155054 -99630 -21041.9 0.00118395 -5.46693e-05 -0.000269215 0 49
-155044 -28898 2104.6 -0.000548166 -0.000673722 8.03638e-05 0 395
-154921 499752 124245 -0.000282384 -0.000119394 -0.000200561 0 492
-150941 26579.5 51431.3 0.000419722 -0.0006102 -0.000109169 0 251
-150511 512793 122055 -0.000239723 -0.000125634 0.000280372 0 480
-146402 -607867 -100389 0.000324224 0.00019423 3.91897e-06 0 181
-144886 -292659 41287.3 0.000392724 0.000293775 -0.000475667 0 1
-142607 -16001.2 -8811.34 0.00020311 -0.000155564 -0.000100865 0 221
-140384 -25378.9 1740.16 -0.000231942 -0.000752805 2.03502e-06 0 91
-139179 33909.7 25105.7 0.000531262 -0.00156489 0.000216998 0 66
-133900 -84660.5 -35281 0.00247695 0.00111828 -8.70357e-05 0 345
-133084 180793 12538.1 -5.16552e-05 -0.000329334 -0.000129325 0 435
-129813 97435.1 75206.1 0.000326413 -0.00143153 0.000500245 0 293
-128660 -130666 -15713.2 0.00374794 0.000864422 0.00073758 0 355
-125397 197509 61335.4 0.00046448 -0.00262086 0.000505648 0 144
-125251 -101295 -1031.88 -0.00159395 -0.00245776 -0.000217831 0 50
-124566 -607409 69011.2 0.000588012 0.000974779 -0.000316104 0 280
-119201 34624.8 116511 9.43255e-05 -0.000119714 -0.000333718 0 479
-119015 -5539.7 5957.66 0.000805995 -0.000184164 -0.000306361 0 461
-118823 -1139.37 -16257.3 -0.000235986 -0.001021 0.000105575 0 389
-118416 741293 -26463 -0.000616929 0.00175626 -0.000105965 0 156
-118115 -308046 80511.7 -0.000309586 -0.000962524 -0.000234565 0 301
-118018 -460634 -97298.2 0.000396763 -7.19105e-05 0.00028809 0 55
-115420 292928 62827.2 -0.000516228 -3.27536e-05 9.22003e-05 0 250
-113434 -108329 9777.32 0.00164082 0.000102264 9.09561e-06 0 467
-110580 -134377 71932.4 -0.000746901 -0.00108036 0.000620483 0 208
-107750 -169331 -56191.8 0.000842377 0.000671251 0.000549833 0 265
-106567 -6307.61 49178.2 0.00141698 -0.00116969 0.000358343 0 348
-105244 -226697 13053.3 -5.13602e-05 -0.00110923 0.000607603 0 87
-103445 61772.2 114006 -0.00046074 -0.000851685 -0.000253555 0 121
-102418 13236 70340.4 6.02104e-05 -5.70441e-05 0.000590562 0 375
-101550 -87989.8 53850.1 0.000790806 0.000492029 -0.000510109 0 358
-100021 -17164.5 64276.3 0.000349025 -0.000384452 0.00047538 0 150
-99266.3 219897 -70876.1 -0.00249646 0.00150559 0.000464711 0 142
-98356.7 46251.4 2381.62 -0.000222751 -0.000936975 2.88331e-05 0 126
-94438.8 200304 25995.6 -0.000298539 -0.00123114 0.000679087 0 172
-92772.8 195192 -38525.5 -0.000173874 0.000181661 6.9631e-05 0 25
-91980 64566.1 -45376.1 -0.000362118 -0.000652151 0.000634727 0 418
-88739.9 -318559 110494 0.000250944 -4.43683e-06 0.000231794 0 287
-84327.5 -70601.5 -101913 0.000765085 -0.000205756 0.000808642 0 164
-83473.9 18248.2 -50939.4 0.000241984 -0.000914107 -4.86159e-05 0 153
-82296.1 156180 5448.57 9.56484e-05 -0.000417556 -0.000734693 0 143
-81136.6 70246.3 -38610.3 -0.000913966 -0.00293644 -0.000154198 0 276
-80819.2 -225606 -13696.7 -0.000173743 -0.00286009 -0.000455877 0 187
-80108.9 -98213.3 -14394.1 0.000301329 -0.00302197 0.000923511 0 43
-76291.3 -404034 159191 0.000439877 0.000299179 -0.000206909 0 336
-76033.3 70797 -122591 -0.00022466 -0.000413191 -0.000136921 0 147
-75606.3 217119 -59136.8 -0.000369716 0.000125897 -8.16042e-05 0 390
-74528.4 -256381 50241.4 0.000238109 -0.000644952 0.000775338 0 135
-73940.9 -345451 -75621.1 0.00134599 0.0020096 0.000661173 0 104
-73878.2 -404286 -27739.7 0.000729153 0.00197645 0.000533861 0 486
-73841.4 66312.7 -2399.31 -0.000351895 1.87503e-05 -0.00055727 0 183
-73591 -44338.5 -57354.1 0.00282684 0.000891896 -0.000265396 0 427
-72161.2 -74698.9 65103.5 -0.000764093 -0.00160817 -0.000511668 0 262
-72039.4 -39274.9 65182.5 4.81107e-05 -0.00109815 0.000526495 0 466
-71918.1 -9381.21 5535.59 0.000449968 -0.000575957 0.000283558 0 432
-71611.3 -471445 -20721.1 0.00104729 0.00182825 -0.000241211 0 475
-71382.7 420523 35906.5 -0.000720645 0.000236121 0.000182556 0 294
-69447.3 -66606.9 34244.5 0.000452808 -0.000846935 8.13049e-05 0 30
-67948.3 -12125.4 -51632.7 5.57523e-05 -0.000515866 6.55931e-05 0 191
-67882.4 -120222 34634.5 0.000886603 -0.000251206 -0.000161628 0 244
-67613 342892 3131.21 -4.35248e-05 -0.00240567 -0.000150794 0 20
-67360 -62994.9 13073.7 0.000158862 -0.000777338 -0.000788112 0 320
-67231.9 -176048 34876 0.00311801 0.00228262 0.000252446 0 15
-66903.5 -127197 -45968.7 -4.82886e-10 -0.000478964 -0.000130817 0 178
-65516.6 -231945 8491.68 0.00108422 0.000614636 0.000430548 0 189
-65129.7 201517 112000 -0.000263561 0.000371549 0.000201417 0 446
-63890.1 177695 1150.62 -0.00094111 0.000497394 0.000132126 0 476
-63826.3 -8845.9 -2857.46 0.000108234 -0.00113382 -0.000116162 0 97
-63161.2 -88096.8 16462.2 0.000416741 -0.000121785 -8.52023e-05 0 190
-62956.5 -538289 -104535 0.00026745 4.91344e-06 -0.000246131 0 422
-62704 74881.5 19899.4 5.90185e-05 -0.000727155 -0.000505918 0 258
-62593.8 -123249 62004.2 0.000880762 0.000514207 3.6869e-05 0 23
-62461.5 61590.9 -141876 -0.000713343 -0.000441268 0.000286444 0 300
-61647.7 53043 -3620.86 -0.000699744 -3.2253e-07 -0.000671352 0 198
-60992.4 -220706 -17968.3 0.00279785 0.00256615 0.000400759 0 374
-60688.2 -68747.5 4335.67 0.000674044 -0.000674377 -2.68301e-06 0 194
-60008.2 -639808 -17759.7 0.000531461 0.00293125 0.000308532 0 5
-58997.2 -28888.1 34798.2 0.000479947 -0.00031487 0.000542358 0 253
-58406.6 -37212.1 -19953.2 0.000572481 -0.000514271 -0.00102865 0 266
-57826.4 14235 -22111.8 5.65971e-05 -0.001037 -0.000288449 0 347
-57524.1 107670 -42374.7 0.000374163 -0.000973419 0.000283763 0 400
-56535.3 -20282.6 -35800.2 0.000272491 -0.000637125 0.000466215 0 73
-54866.4 59170.7 40490 -0.000764828 -0.000604665 0.000147809 0 419
-54462.3 18707.8 -34064 -0.000132498 -0.000321246 -0.00052406 0 380
-52940 43564.6 -56135.4 0.000405368 -0.00198113 -0.000224973 0 63
-52544.5 -126945 -136591 0.00149689 -0.00255492 0.000222683 0 111
-52486.9 -18924.6 -1284.04 -0.00114109 -0.00108994 -0.000128593 0 463
-52381.8 -573455 133975 0.000162542 0.000249846 -7.39732e-05 0 93
-52028.2 -36880.1 55243.4 0.000701161 -0.000207729 0.000680529 0 128
-51607.1 91700.5 51011.3 0.000750003 -0.0039236 -0.000388665 0 454
-50994.3 230335 -59300.5 3.12688e-05 -0.00102483 -0.00066887 0 410
-49188.8 -667868 5238.42 0.000518184 0.00275321 -7.76253e-05 0 105
-49150 325962 -19110.4 -8.43954e-05 -8.1682e-06 -0.000360355 0 35
-48244.4 28790.7 15979.2 -0.000149543 -0.00194379 0.000281874 0 145
-47594.2 -163865 -100874 3.4197e-05 -0.000815435 -0.000264072 0 335
-45772.2 -20209.4 3800.28 -6.53544e-05 -0.000773972 0.000896051 0 391
-43707.4 -3242.2 436.274 -0.00104621 -0.00070208 -0.000213526 0 445
-42636.7 30859.4 -115732 -0.000118673 -0.000326974 -0.000178831 0 270
-42472.7 -4042.24 9964.28 -6.56257e-05 -0.000273921 -0.000873908 0 409
-41833.7 -27247.1 -3267.32 0.000132889 -0.000911931 0.00076557 0 28
-41262.3 -3532.01 -51148.7 0.00149996 -0.000265642 -0.000452805 0 441
-40867 -8510.08 42617.6 -0.00115396 -0.000667558 0.000129282 0 117
-39315.2 631340 85648.9 -0.000164671 6.0855e-05 0.000592501 0 416
-36031.2 51631.7 -4052.3 -0.000926952 -0.000267299 -7.22314e-05 0 246
-35730.7 -22288.7 -43.4626 0.000611312 -0.000415276 0.000510955 0 364
-34878.4 -63785 -7738.88 0.00119051 -0.000169089 0.000385742 0 413
-33859.6 -377870 -1729.95 0.00149622 0.00320278 8.94443e-05 0 326
-33535.1 17307.7 13356.5 0.000147778 -0.000779179 0.000855979 0 412
-33486.3 866723 69874 -0.000197531 0.000595221 5.34305e-05 0 260
-32470.5 -67431.7 -18959.1 -5.919e-06 -0.001047 0.000223151 0 60
-31135.8 -191706 1786.59 0.00047511 0.000778041 -0.00046716 0 48
-30656.8 -18345.2 44599.6 0.00194842 0.000158843 0.000383853 0 46
-30647.2 -64363.6 1616.4 0.000827104 -0.000407922 7.43755e-05 0 491
-30636.3 3973.92 -166.385 -0.000128339 -0.000567833 0.000793405 0 474
-29915.5 148496 -6114.18 -0.000754685 -0.000817363 0.000226282 0 500
-29508.2 -97811.5 -16543.8 0.000873837 -0.00034106 0.000142095 0 471
-28959.3 -47821.6 -15680.1 -0.000164737 -0.00245003 -0.000161398 0 338
-28313.4 39944.2 -7623.23 -0.00174099 -1.01519e-05 1.93955e-05 0 115
-28144.9 98800.4 32046.3 -0.00177449 -0.000288577 -0.000102087 0 456
-27427.1 -16219.8 36398 0.000917885 -0.000321841 -0.000868124 0 162
-23481.4 -73330.6 4316.91 0.000452021 -0.00160776 -0.000296087 0 481
-23455.8 -70696.8 -13088.9 0.000422372 -0.00108736 8.89191e-05 0 408
-22852.9 -78267 52926.2 0.000565994 0.000190594 0.000414061 0 333
-22448.7 -33712.9 38794.7 0.000949638 -0.000501713 -3.05529e-05 0 19
-21649.8 73981.2 -3274.75 -0.000877842 -0.000300194 0.000187486 0 75
-20439.4 238267 -9877.15 -0.00083597 0.000713207 -9.43402e-05 0 61
-19765.2 -17634.1 8620.66 0.000777485 -0.000741487 0.000150926 0 292
-19689 233322 -86075.1 -0.00016677 3.83079e-05 0.000631082 0 309
-18777.1 -97986.1 959.444 0.000484699 -0.000476815 0.000189023 0 290
-18557.6 119350 14729.1 -0.00272381 -0.00139877 0.000296246 0 159
-15933.9 27047.1 70872.2 -0.00200039 -0.00046586 -9.11676e-05 0 296
-15356 -262295 -227816 0.000351637 -0.0026039 0.000349594 0 278
-15042.2 33964.3 60425.7 -0.000713691 -0.000645337 0.000420188 0 110
-14991.6 66038 -103236 -0.000412141 0.000244885 -0.000126543 0 78
-14631 138970 -48432 -7.57121e-05 0.000327839 -0.000286454 0 102
-14067.7 -35732.2 -53055.4 0.000867099 -0.000369933 -0.00104058 0 202
-13533 -63401.6 3656.65 0.00112876 -0.000551136 0.000637574 0 90
-12361.6 879460 133497 -0.00018671 0.000164892 -0.000231948 0 210
-11422.3 -21525.3 -3626.73 0.000327152 -0.000641584 -0.00116947 0 373
-8804.44 280661 -6697.91 -0.000111216 -0.000564786 0.000380251 0 9
-7974.43 -145274 8114.42 0.000768449 -0.00047823 0.000106429 0 255
-6654.48 168236 17303.8 -0.00221305 0.00204328 0.000401762 0 31
-5902.33 26720.1 11118.7 -0.00112027 -0.000358345 -0.000106416 0 108
-3518.43 -6283.46 -13088.6 0.000804255 -0.00106938 0.00177405 0 256
-2939.32 -149881 6314.1 0.000626062 -0.000279158 0.000102023 0 219
-2810.16 -30587.4 8193.97 0.00110745 0.000129814 0.000475005 0 146
-2587.25 -16705.7 20830.7 0.00136764 -0.00150942 -0.00078907 0 233
-1742.73 143143 -47722.9 -0.000698396 0.000744374 -0.000416206 0 314
-1600.4 79458.1 16763.5 -0.00014247 -0.000720787 -0.000427304 0 234
-1380.18 93537.9 -11642.3 -0.000970996 -0.000294906 0.00024019 0 423
951.712 159750 -69758 -0.00075606 -0.000299649 0.000674415 0 166
1859.88 4483.32 4390.64 0.000202978 -0.00115335 -0.00129763 0 393
2383.17 -62854.9 1077.62 0.000839568 -3.99793e-05 0.000622778 0 197
3208.52 -135639 -11590.2 0.000329762 -0.00126073 -0.000251978 0 239
4635.19 42826.6 -42824 -0.000954494 0.000154464 -0.000262907 0 371
5079.89 426442 78830.4 -0.000453013 -0.00043941 -0.000256767 0 112
5376.58 -45242.2 58815 0.00101615 0.00293683 0.000196957 0 473
6093.19 -51899.4 78491.8 0.000937596 -0.00175635 0.000243828 0 277
6172.98 -75633.6 1640.87 0.00096479 0.000340825 -9.38774e-05 0 149
6202.4 -88398.7 4882.92 0.00100253 0.000118668 -0.000170818 0 123
7708.45 -558420 -54646.3 0.000832926 0.00165422 0.000357029 0 455
8372.81 -91181.8 -34059.9 0.00078036 -0.000357968 8.9845e-05 0 170
8610.47 243925 -9999.23 -0.000720679 -0.00107681 0.000577293 0 367
9369.47 569837 5658.9 -0.000264914 0.00240873 -2.19757e-05 0 58
9431.93 -177336 15646.1 0.000566638 -0.000876217 -0.000614349 0 386
9719.08 98987.3 -4471.44 -0.00160026 -0.00254022 -0.000240383 0 398
11112.6 -273673 32695.1 0.000315441 -0.00116369 0.00028513 0 92
12143.4 5158.75 -35400.3 -0.000679073 1.31611e-05 -0.000740838 0 59
12859.5 -664628 11980.5 0.000468229 0.000124897 2.98091e-05 0 62
13004 -53272.5 -58592.8 0.000341941 -0.00103247 -0.000465136 0 175
13641.7 -26280.3 -42082.2 0.00101271 0.000255376 5.83225e-05 0 131
13639.2 -22732.9 11565.9 -0.00059119 0.00185138 -0.000115306 0 313
15912.8 -73785.1 29336.3 0.000579683 0.000257377 0.000542239 0 489
16209.2 10988.1 22536.3 -0.0012327 -1.89828e-05 -1.89156e-06 0 195
17467.6 -62778.9 45115.3 0.000730595 0.000487429 0.000229851 0 47
17556.4 9300.43 -9471.11 -6.50805e-06 0.000964895 0.000116084 0 406
19285.7 -108077 2730.99 0.000827685 -0.000503581 -4.81711e-05 0 220
19986.6 -183211 -132716 0.000456953 -3.11708e-05 0.000648206 0 457
21061.1 84659 19979.9 -0.000416335 -0.000297995 0.000985183 0 275
21160.4 -781827 70983.6 0.000278819 0.00218729 0.000195328 0 228
21343.6 -520934 -183023 0.000207532 0.000263962 0.000331372 0 360
22087.8 23254.7 37966 -0.000933951 0.000571238 -0.000365408 0 291
24881 1891.22 -31608.5 0.00107551 0.000797579 0.00115195 0 299
26792.8 -84846.1 716.198 0.000781334 -1.26094e-05 0.000662646 0 165
28628.9 -101252 4239.12 0.00125236 0.000599138 0.000157517 0 18
28639.6 48408.2 -50231.6 -0.000676305 0.000524399 0.000110838 0 285
28736.4 70997.4 35489.3 -0.000821217 0.000173648 -0.000701428 0 323
29503.6 -61837.7 12656.9 0.000869411 0.000384825 -0.000154457 0 319
31495.8 54308.8 -36160 -0.00127723 -0.00025559 0.00046169 0 310
32705.3 -50895.8 40582 -0.000244012 0.000632526 0.000290398 0 465
32800.2 9651.79 -25986 -0.00123425 0.000833917 0.000347807 0 283
34372.4 817476 17694 -0.000493555 -0.00188868 -9.04168e-05 0 405
34638.5 172321 -8543.04 -0.00268548 -0.00281163 7.34e-05 0 407
36092.1 -4210.45 3547.05 0.000121237 0.00103237 0.000142857 0 211
39000.4 -66808.9 41315 0.00311664 6.89218e-05 -0.000336392 0 377
39123.8 7050.21 2238.65 -5.67608e-05 0.000860547 -0.000478502 0 417
39377.2 -5030.52 38584 5.09909e-05 0.000223394 -1.24054e-05 0 224
41802.3 -70331.4 67.5853 0.000737544 9.39398e-05 0.000106889 0 42
45595 278477 -89668.2 -0.000453419 0.000571717 -0.000109141 0 316
46512.1 -25021 15443.5 0.000642848 0.000564549 -0.000271736 0 132
46518.8 -32386.1 50321 0.000522399 -3.13608e-05 0.000936848 0 169
47411 9984.4 31468.8 0.00171046 0.00269777 -0.000106838 0 136
47615.6 -5216.52 11481.8 8.29136e-05 0.000844997 -7.42352e-05 0 173
48668.6 -35612.8 10232.5 0.00116016 0.000563981 0.000117225 0 264
49426.2 4639.74 -4097.96 0.000717444 0.00115122 0.000381994 0 39
51178.4 583145 36488.7 -0.000129291 -0.000238001 6.11708e-05 0 477
51877.7 201679 13601.1 -0.00138601 -0.00234414 -0.000469498 0 439
53207.6 -217189 -25166.1 -0.000115633 0.0026113 0.000405968 0 232
53815.6 57762.8 -73898.7 -0.000309274 0.000391499 2.46829e-06 0 185
53981.2 -6653.17 47584.9 -0.000522489 0.000542281 0.000517583 0 152
54363.6 -125331 -7999.92 0.00133012 4.83253e-05 0.000203381 0 116
54380.2 64201.9 18927.3 -0.000113992 0.00116062 -0.000416836 0 494
55700.2 127065 -117947 -0.000650038 0.000298911 -6.7518e-05 0 209
56827.2 -205606 51600.1 0.000328709 -0.000788238 -0.00012179 0 199
57020.7 68463.5 -1573.21 -0.00025696 0.00075087 -0.000934073 0 133
58445.6 59875.9 4614.43 -0.000508422 0.000387594 0.000707443 0 357
58578.1 -50518.6 56925.6 0.000480471 3.67886e-05 0.000784701 0 229
59940.4 -7034.46 20011.4 0.000194316 0.000572944 0.000129028 0 200
60475.9 -23205.9 -34654 0.00145892 0.00120161 0.000782311 0 106
61987.7 -528128 -68356.4 0.000203686 0.000267683 0.000384801 0 259
62263.3 6579.11 -11159 -0.00067979 0.000529674 -7.24039e-05 0 14
62462.6 -6291.62 -10659.8 -0.000512464 0.000485731 -0.000391366 0 32
64890 -131751 -64021.5 0.000708662 0.00137124 -0.000344852 0 109
65176.7 545968 9088.45 -0.00024815 -0.00131 -0.000267262 0 160
65347 333501 60146.6 -0.000345889 0.000193828 0.000221534 0 433
70893 604393 110919 -0.000426937 -0.000988429 -0.000420669 0 230
71712 -382.696 -18959.8 0.0013054 0.000476198 -0.00120809 0 141
72044.6 -43804.4 40233.1 -0.000669084 0.00056623 0.000666232 0 312
72925.4 -269210 -17359.2 0.000205918 0.00257937 -0.000109302 0 7
76130.8 -24177.3 -1320.13 0.000262513 0.000956077 4.1609e-05 0 52
78120.3 -502335 -69154.4 -0.000198572 0.00168028 0.000563598 0 269
78358.5 -59379.4 20607.9 0.000391397 -0.000165097 0.0005665 0 307
79542 -20426.2 48027.3 0.000117319 4.76215e-05 0.000358563 0 217
83051.9 -35046.5 -24001 0.000835439 0.000839974 -0.000734612 0 351
84225.2 -571539 122389 0.000152177 0.00021101 0.00030158 0 381
84905.7 -103020 46477.1 0.000223558 0.000682574 0.000293536 0 218
88827.3 -78057.7 8348.41 9.77386e-05 0.000454342 0.00101655 0 137
89206.4 217149 28521.4 -0.000146287 0.0029023 7.19782e-05 0 3
89471.1 471903 -38947.7 -0.000735544 -0.00174808 0.000512737 0 41
93639.1 32371.1 14718.5 -0.00128537 0.00282184 -0.000803963 0 74
97505.1 26251.6 15497.7 -0.00139607 0.000429948 0.000387393 0 396
98767.2 209045 -19665.3 -0.000153958 0.000800511 -0.000275748 0 54
102011 41333.1 32463.3 -0.000300334 0.0011349 -5.15104e-05 0 77
103310 -272359 -77648.9 4.06938e-05 0.000577216 0.000492569 0 385
103963 379890 12745.4 -0.000427661 0.00272519 -0.00028787 0 267
105284 -94152 46324.9 0.000321168 -0.000152801 -0.000279289 0 362
107271 -120995 36932.1 0.00293572 -0.000606697 -0.000172511 0 29
107826 -56610.1 11047.3 0.00305063 0.000447896 -0.000345206 0 212
108067 -132178 8105.92 0.000445191 0.00113232 7.36142e-05 0 182
108286 -35199.5 1260.99 6.47257e-05 0.000913084 -0.000116886 0 403
109241 69175.1 8337.88 -0.000134947 0.000241935 -0.00057152 0 127
110233 -497530 -17338.3 0.000259842 0.00196874 4.08397e-05 0 495
112836 513442 -2062.58 -0.000319685 0.00255683 6.09002e-05 0 399
115050 -92293.9 -45183.2 -0.000783596 0.00152926 -0.000462126 0 464
118449 -38373.2 -20802.7 0.000180629 0.00109713 -6.38216e-05 0 366
119000 275476 62599.1 -0.000896829 -0.000516471 -0.000553562 0 387
119554 52866.1 2205.17 0.000573452 0.00111218 -0.000129932 0 354
120011 -67371.3 -27951.9 0.000659352 -8.44447e-05 -0.000596945 0 215
120233 -170735 11706.9 0.000599622 8.12085e-05 -0.000218702 0 213
122924 -50272.6 551.083 0.00300904 0.000166572 -3.69874e-05 0 206
123650 894887 61115.9 -0.000327773 -9.22843e-05 0.000352061 0 22
124402 -119454 -15606.5 0.000895209 -0.000615749 -7.91756e-05 0 236
124414 -23959.9 -26258.2 0.0004651 0.000584802 -0.00016349 0 359
124675 75967.2 16920.5 -0.000212243 0.000522956 0.000420408 0 460
125590 -195525 8378.23 8.28966e-05 0.00129322 0.000581994 0 26
126865 80294.9 179363 -0.0025948 -2.34744e-05 0.00128093 0 425
130702 -243945 -31161.3 -0.000141693 0.00125126 0.000539262 0 13
132259 -31438.9 10184.3 -0.00198861 0.00219464 -0.000160973 0 68
133072 97571.9 88950.1 0.000236494 0.000394978 0.000140836 0 429
133510 46591.1 71760.8 -0.000410576 0.000838654 0.0005046 0 370
136089 -864214 -33910.4 0.000571425 0.00134393 0.000139775 0 451
138536 -94035.9 -19071.4 0.000712919 1.80277e-05 -0.000234635 0 103
139253 -14216.9 26549.4 0.00015482 0.000179692 -0.000347205 0 4
141553 -193467 1519.84 0.000304973 0.000516403 -7.55389e-05 0 163
141772 -10263.3 61834.5 0.000558978 0.000567449 -0.000499404 0 470
143237 133258 9259.52 -0.00149332 -5.23613e-05 -0.000168162 0 252
143676 -149036 85404.9 6.85405e-05 0.000571149 -0.00105479 0 247
157806 -236439 67770.5 -1.53545e-05 0.00066002 -0.000363642 0 401
158055 -217989 7309.22 0.00169813 -0.002176 0.000636324 0 304
159434 78076.9 89492.3 0.000186584 0.000287245 -0.000136748 0 81
165636 -241253 -15793.4 -0.000986286 0.00230829 0.000283921 0 113
167446 -621507 -51626.6 -3.04702e-05 0.000417321 0.000105696 0 349
167552 2960.08 36311.9 -0.00146697 0.000692414 0.000549337 0 188
173250 -253373 6983.86 -0.00111636 0.00211077 -0.00056705 0 243
174239 18999.9 -23524.5 -0.00351491 0.00165663 -0.00033697 0 346
175984 150643 -13244.1 -0.00372214 -0.000747366 -0.000119034 0 322
176063 -648920 62314.8 0.000328939 0.000673044 0.000146467 0 327
177738 2559.41 7331.22 0.000849427 0.00112824 -0.00020091 0 328
181563 861453 12390.6 -0.000139499 0.000511159 -5.69372e-05 0 448
184150 493909 30846 -0.000331043 0.00107016 0.000129596 0 382
184332 510117 -121779 -0.000264165 0.000181642 -0.000214724 0 119
198365 -761772 12323.3 -0.000236803 0.00208897 -0.000131698 0 339
203539 33763.9 -5615.17 -0.00365844 0.00110612 -8.42105e-05 0 179
205266 586327 114394 -0.000340309 -0.000262055 6.92684e-05 0 107
210696 -4070.36 -27448.6 -0.000594051 0.000686757 0.000667293 0 140
211440 61740.3 -33944.6 -0.00147096 0.000111136 0.000515299 0 352
211662 631521 15772.3 -0.00123865 -0.00251759 -3.51797e-05 0 257
219471 166854 17764.3 0.000287305 0.00028425 0.000726604 0 363
221643 175392 -52292.8 -0.000501785 -0.000250492 -0.000160134 0 207
223568 148793 -5092.75 0.00219447 0.00164651 -0.000523199 0 308
223665 -208058 13636.6 0.00252679 -0.00121828 0.000189572 0 394
223965 -219463 7417.82 -0.000141506 0.000397146 -0.000168596 0 462
230901 324407 25127.7 0.000883778 0.00256685 7.24713e-05 0 8
231483 558996 75843.2 -0.000682669 -0.000867872 -0.000379124 0 459
242267 -479605 -14482.2 0.000756218 -0.000337247 -3.34923e-05 0 226
243667 163483 -64888.2 0.001929 0.00205702 -0.000214972 0 468
246166 11867 50852.1 0.000640935 0.000335758 0.000176435 0 305
248594 -189361 -17636.5 0.000776009 -7.25398e-05 -0.000392506 0 88
258476 -494909 100895 0.00038473 -1.55832e-05 0.000271763 0 415
262722 -235740 -28957.8 0.000225431 0.000229261 0.000190732 0 21
272965 -28736.7 22605.3 -0.00102701 0.000529602 -0.000827276 0 472
279881 602952 -52626.1 -0.000708493 -0.000479777 -0.000184609 0 493
299472 146609 -31726.1 -0.000593881 7.24687e-06 0.000129525 0 12
312008 14108.2 9722.77 -0.00239948 0.000673928 -5.13943e-05 0 27
316416 461180 122188 -0.00068319 -0.000646102 -0.00069415 0 274
323350 169090 20561.5 -0.00248949 0.00024034 -0.000278659 0 297
323824 -281082 -67716.1 -0.000536289 0.000656603 0.000496868 0 86
326378 67284.8 84341.7 -0.00354461 0.000489723 -0.000677366 0 452
327451 528633 4108.93 -0.00088011 -0.000793107 -0.000111229 0 424
334358 -56914.5 -42685.8 0.000427648 0.000302287 -0.000296754 0 134
344186 533266 85070 -0.000539437 -0.00040992 -5.56452e-05 0 248
353658 -272189 -58163.4 -0.00061749 0.000695544 8.79658e-05 0 16
355403 -446736 95619.6 -0.000710966 0.00103986 -0.000499618 0 201
375441 485251 -73757.8 -0.00026729 -3.9778e-05 -2.28377e-05 0 249
375578 346362 38842.2 0.000104735 0.000842765 0.000165815 0 33
379967 -519485 9116.48 0.000309115 0.000237454 3.55371e-05 0 444
385044 430094 76336.3 -0.00128851 -0.00082083 -0.000239573 0 34
398632 40261.5 125462 -0.00229733 0.000722108 4.75526e-05 0 96
402444 399773 -104926 -0.000130298 0.000343958 -6.60454e-06 0 272
404579 199531 29747.5 0.00205536 0.00166627 -0.000233902 0 76
410383 473920 -21784.3 -0.00118278 -0.000580931 0.000115908 0 325
416514 -141282 -1117.49 -0.000363754 0.000550987 8.48996e-06 0 158
424427 333848 76637.1 0.000220522 0.000935872 0.000452254 0 449
424764 -77254.8 -255.975 -0.00195391 0.00054299 0.000567294 0 485
428468 -650481 1027.92 0.00117988 -0.00124371 -0.000715121 0 176
436571 -592631 78186.2 -0.00137349 0.00198894 0.000637833 0 99
461043 -207142 -61984.9 -0.000458931 0.000382434 -1.97271e-05 0 384
461522 -17212.9 12950.1 -0.000212821 0.000454321 -8.30985e-05 0 421
468976 156251 113551 -0.00038608 0.00014298 -0.00031476 0 148
469345 -325288 96000.8 -5.53079e-05 0.000293803 -0.000433266 0 241
476065 -813698 -77561 0.000146471 -1.66535e-05 0.000224458 0 167
485236 241664 5255.42 0.00196798 0.00135053 0.00013021 0 222
485566 116722 -67412.6 -0.000636666 -1.3714e-05 0.000320224 0 431
502379 614695 -24808.3 0.000567623 0.00161598 -0.000229615 0 237
503534 144260 126803 -0.00323051 2.7098e-05 -0.000526893 0 295
507541 759.851 -74679.9 -0.000555017 0.000161691 -4.10466e-05 0 286
510858 63227.8 123174 0.000186516 0.000437011 9.44072e-05 0 51
525027 -262483 90461.1 -0.00110669 0.000790109 -0.00016149 0 57
525464 290698 125458 -0.000269118 0.000204859 -0.000131964 0 36
529816 340073 61025.7 -0.000847668 -0.00031921 -5.26837e-05 0 38
539319 130178 -61743.6 0.00221409 0.00113061 -8.90915e-05 0 177
562124 -357552 -6559.6 -0.000205699 0.00066066 -5.90423e-05 0 340
569015 -252390 -71861.3 0.000311079 0.000307629 -9.5141e-05 0 376
571632 628666 -1207.15 0.000574053 0.00104843 0.000173405 0 353
576462 -274345 65036.8 0.000282837 0.000176371 0.000593268 0 124
580549 321109 -51159.7 -0.000324615 0.00038736 -3.57268e-05 0 186
580808 168320 -76254.4 -0.00115311 -4.7087e-05 0.000305334 0 437
606662 241928 9338.35 -0.000468148 0.000183243 6.26886e-05 0 271
608261 -28779 -23370.6 -0.00119499 0.000398166 0.000129422 0 85
609170 31308.6 -118893 -0.000141042 0.000291107 -5.60044e-05 0 372
621995 -335330 29148.3 0.00183736 -0.000704022 6.39554e-05 0 155
624674 -195052 35020.9 -0.000568842 0.000620025 -8.82864e-05 0 101
641345 5106.3 64911.8 -0.000684222 0.000251789 -2.85583e-05 0 279
662265 -576209 -3787.12 0.000661526 -0.000330152 1.8735e-05 0 98
690036 -533199 -63814.5 0.000716386 -0.000333253 -0.000122414 0 483
715161 -461533 -1606.03 0.00121282 -0.000141902 9.36991e-05 0 402
717480 -97355.7 -118412 0.00197141 -2.05042e-06 0.000615114 0 235
722425 405249 94658.4 0.00122372 0.000886482 -6.29096e-05 0 414
723376 -31146.3 -10940.4 -0.00249959 0.000649798 -1.56519e-05 0 171
743913 13556.7 -58193.5 0.00184364 0.000476659 -0.000158744 0 24
752575 457208 -102270 0.000769459 0.000659654 0.000121062 0 337
789248 424870 -40478.7 -0.00096407 8.52832e-05 0.000200748 0 65
796680 -135970 53098.9 -0.00200736 0.000679183 -4.70394e-06 0 139
799880 -412506 -137621 0.000192894 0.000532892 0.000243316 0 334
809761 121312 38544.1 -0.00201348 -8.04729e-05 -6.61913e-05 0 118
871501 -10171.5 -166469 0.000987573 0.000254537 0.000277204 0 392
872432 -172307 -107806 -5.82875e-05 9.76894e-05 -0.000146482 0 369
878479 182285 11878.5 -0.000837711 0.000215406 0.000180948 0 478
