-17.8526 14.0642 8.38337 -61.5779 -202.359 14.579
-17.5681 -2.01493 2.63145 -63.1328 -102.887 26.896
-16.9627 0.96352 -10.5675 -51.5639 -90.9504 -26.6569
-15.1666 15.0153 1.34453 -52.4483 29.328 3.5064
-12.9581 -3.78058 -3.76807 64.8295 -249.09 -11.0946
-14.1936 10.6716 6.36867 -65.5847 -182.108 12.4195
-13.3998 -5.14015 6.91251 5.12371 -150.269 -34.9828
-13.3222 -0.43292 -1.25453 7.55357 -204.74 1.78554
-11.8366 -7.15997 -2.25706 122.43 -180.555 -6.70774
-14.0357 19.3526 -0.0837611 -97.9032 -194.114 4.68939
-11.8948 -5.90843 5.95017 105.761 -182.466 6.56245
-11.4657 -4.8209 11.0076 135.57 -214.197 19.0956
-11.7745 -4.79682 -4.79307 98.1908 -184.825 5.66619
-12.4176 -2.35107 -6.37326 26.645 -192.182 -13.6735
-11.4578 -9.07546 -7.51276 118.926 -155.475 -19.0272
-11.9636 -3.0481 8.34215 51.4223 -190.519 16.9186
-11.7115 0.535466 4.3646 75.603 -133.233 90.5956
-13.1644 5.54103 4.72319 -71.6009 -180.784 9.22871
-11.5628 -1.01236 -2.77034 69.7845 -245.656 -9.03669
-10.8925 -4.78985 1.60467 119.252 -192.381 -6.02097
-10.667 2.74885 -0.690314 139.789 -198.429 -15.5518
-12.0529 0.897356 8.41183 -7.74747 -205.212 19.4757
-11.9517 2.51826 -0.333493 -7.13744 -230.074 -0.107609
-11.3926 -0.568013 2.26791 36.0393 -208.356 11.1868
-7.63338 2.92947 0.423626 395.55 -137.183 -126.972
-11.0697 -0.189319 1.20736 50.8796 -250.379 9.34228
-12.3144 -0.864907 -0.855308 -75.2575 -291.239 67.2829
-11.4083 -0.0717267 5.70795 11.8688 -199.595 20.6376
-10.8335 1.65083 13.749 68.2376 -235.391 39.8633
-12.7066 8.36331 3.04788 -120.378 -174.958 19.5623
-9.969 -0.220365 1.00593 145.892 -209.058 -8.54832
-12.0058 4.30137 -3.79309 -62.9585 -209.399 -12.6117
-10.6552 -0.40762 -2.80918 62.7813 -227.373 0.421392
-10.1689 -10.2525 2.64371 102.208 -242.489 2.57013
-11.5276 2.8882 -8.98184 -39.0341 -184.198 -17.0598
-7.62309 -6.3995 2.55772 345.127 -202.778 103.025
-10.7733 4.01628 -2.18298 18.6593 -171.342 -100.279
-9.16043 -9.70335 1.88303 177.358 -135.987 3.88614
-9.44343 -5.7498 -8.93735 146.31 -171.569 -32.0972
-9.4474 -4.20972 0.300606 127.931 -196.629 -9.38047
-11.7204 -2.36118 0.0844233 -99.0589 -128.634 14.5884
-10.3673 17.7848 7.59527 30.9452 -437.357 -19.0973
-10.9892 3.28218 9.71573 -38.4283 -204.733 34.6846
-8.30471 -15.2247 0.256104 224.658 -191.2 6.51343
-10.0823 0.252991 6.5196 47.7604 -231.264 23.3731
-9.87498 -0.490789 5.92001 66.4715 -231.458 24.3281
-10.2411 1.59059 -10.2732 28.1375 -187.676 -63.5844
-8.83428 -4.72036 3.21256 164.605 -183.845 0.235656
-9.37022 6.97991 -5.07951 105.996 -202.867 -14.0783
-9.69219 4.61918 7.04482 69.4189 -217.143 17.5496
-8.53337 -19.8156 21.1448 181.321 -141.16 71.8654
-9.58603 -0.843382 0.890443 70.532 -272.237 -69.2043
-9.3014 -0.545221 -1.1187 87.8894 -247.087 -10.8589
-9.25197 -3.13949 10.1206 91.0096 -161.785 44.2562
-10.3617 -2.08657 -4.39315 -20.0587 -247.337 -15.4559
-8.64743 0.67811 -6.0964 148.011 38.7461 -55.5487
-8.19561 -7.72079 -0.0874657 187.296 -134.548 -1.52424
-9.2987 0.379725 0.068699 77.6505 -252.775 9.24024
-7.97744 -6.23169 0.707774 207.156 -149.778 8.16079
-11.0637 6.51548 -2.0377 -99.8852 -220.988 3.06542
-9.62794 -0.293512 -8.06419 42.3522 -203.267 -16.2337
-8.12342 -6.29958 6.39013 191.117 -158.819 20.7004
-8.94688 0.0419113 3.08657 106.804 -221.89 -1.42484
-9.27331 0.0122829 -0.184958 70.1488 -235.114 7.88391
-8.17364 -5.92755 5.678 178.646 -152.619 26.6873
-8.64039 -3.82715 2.90458 131.86 -179.385 -7.39684
-9.59224 10.1224 2.7513 37.2857 -108.196 53.7694
-8.25947 -10.0548 1.11625 165.094 -278.64 13.4333
-9.07353 -2.06496 -9.15617 83.8775 -186.37 -29.5085
-9.66339 1.0296 -3.54123 23.4423 -228.28 -3.73769
-8.48135 -3.97956 -4.37577 134.895 -175.362 -12.489
-7.81157 -4.1387 -0.692907 196.932 -120.851 8.29057
-11.0492 13.1862 -6.35488 -128.548 -74.1347 4.25788
-10.4079 5.24668 -1.91269 -70.2248 -196.749 -22.7496
-7.97869 -2.31456 -2.2377 169.581 -214.324 -24.937
-9.2073 8.64535 7.03144 34.6684 -474.287 -95.466
-7.49663 -6.89499 -6.23825 203.413 -139.997 -18.3596
-7.74672 -4.44027 -1.5931 170.451 -168.574 1.23138
-8.44766 -1.35722 2.56902 98.2753 -205.572 1.88341
-7.97662 -14.0715 -0.369853 139.366 -100.204 1.82711
-7.01098 -7.75481 3.04783 233.174 -123.567 15.439
-7.57718 -4.63896 -1.27179 175.55 -170.108 -7.86352
-10.3105 8.02553 -13.014 -96.7216 -97.4913 -40.8576
-8.99514 2.22009 0.327266 25.5275 -251.213 2.04116
-9.76366 -1.08212 -6.66967 -58.3525 -316.098 -101.547
-7.20895 -4.34595 -5.37937 190.621 -150.98 -19.7124
-9.52128 -10.4156 -0.934268 -40.9261 -32.3278 38.369
-6.8032 1.32033 -0.112872 228.371 23.1422 -6.09646
-8.58941 0.0824782 -7.45579 50.1148 -226.292 -14.4433
-7.73126 3.3686 4.80857 134.303 -102.205 -79.315
-9.20806 2.94425 -5.97852 -31.53 -234.983 -12.1481
-6.62674 -6.0978 -2.65626 223.931 -122.07 -13.9176
-9.90256 7.00094 -3.62001 -105.761 -209.175 -3.42578
-7.89424 -1.34736 12.8979 91.9332 -192.48 30.3392
-6.49438 -4.09991 6.03721 227.991 -144.22 14.9316
-5.55113 -6.69403 2.15739 321.21 159.256 67.1362
-6.46286 -10.0712 -1.06187 229.27 -225.908 -0.766667
-9.82365 6.97114 8.42541 -107.916 -148.863 28.768
-6.4402 -5.79714 1.05143 227.845 -130.319 -2.51138
-8.26638 -3.19329 -4.89319 45.9314 -226.276 43.1566
-7.49601 -4.46573 13.5707 121.046 -139.254 52.4971
-7.19075 -7.0153 -11.2399 150.431 -249.423 -10.5312
-7.54427 -5.12888 -13.1897 111.035 -128.573 -34.6617
-6.21676 -2.4301 -1.25535 240.317 -83.1563 31.5932
-5.16498 -6.59932 -1.58534 338.833 -71.3774 102.105
-9.79535 10.3219 7.9475 -127.429 -108.249 31.1817
-7.83678 1.46499 3.09192 65.6259 -264.203 14.9179
-6.58058 -5.54072 -5.99036 186.748 -125.933 -17.5671
-6.39718 -8.29816 9.92782 203.559 -102.383 19.359
-5.78976 -12.5934 7.80696 262.066 18.4486 -11.6177
-6.4658 -7.04985 2.01882 194.335 -111.17 6.64132
-6.38945 -8.12085 5.34374 199.757 -105.542 18.3714
-9.69028 4.0066 8.92794 -128.413 -165.659 16.0234
-6.27092 -7.5377 -3.78675 206.975 -106.603 -6.36908
-8.29046 1.72018 -2.34911 5.26106 -225.86 -10.2037
-5.92963 -5.76181 2.72188 238.907 -96.01 -2.17598
-6.64729 -0.804091 2.48098 167.009 -225.123 -6.16058
-5.77754 -4.89039 3.20533 251.498 -115.984 13.4296
-5.79152 -2.99029 0.486159 245.684 -135.203 -48.7443
-8.37255 7.11545 3.95887 -14.8178 -219.784 6.99658
-8.60576 7.20262 2.23645 -38.1747 -251.294 14.1878
-8.98322 5.20929 -3.35578 -77.839 -211.46 -6.8292
-8.53511 6.00327 4.15178 -36.566 -192.801 88.2548
-5.51346 -3.28455 -2.13291 261.805 11.0477 -38.9991
-5.80393 -2.27696 -7.97524 232.599 -80.9877 -18.812
-5.99994 -9.33452 5.9006 212.052 -94.5517 7.20574
-7.59866 0.873757 1.36954 52.7118 -224.128 8.89448
-5.94987 -2.0157 -8.39288 215.178 -158.618 -28.427
-6.54748 -7.49217 9.92288 155.805 -114.439 25.954
-7.5299 -12.2366 -9.05195 57.4701 -335.96 -66.5762
-6.65208 -1.52034 -8.51245 142.595 -193.786 -37.5649
-5.96347 -4.57229 8.40612 209.677 -117.898 17.9413
-5.81931 -2.62035 -3.91021 221.973 -145.133 -4.1702
-5.70416 -8.90598 -0.367349 231.411 -111.977 1.27051
-6.02535 -4.23885 -5.45356 197.157 -127.207 -16.16
-8.61633 1.88321 -0.108583 -61.7828 -238.574 6.92429
-5.63921 -8.80181 2.96884 228.062 -84.645 7.23602
-6.1291 -1.05418 6.83668 177.237 -198.615 23.0705
-5.87223 -4.05035 9.00188 198.699 -133.19 28.1146
-6.01445 -2.56905 3.66335 182.435 -156.676 -9.67499
-5.0988 -2.09369 -1.1312 273.388 -109.425 -13.0561
-6.20834 -1.56993 -0.592807 161.202 -184.052 2.47713
-5.38807 -1.27787 0.14103 241.947 -152.386 7.3731
-5.13038 -1.85906 0.999953 262.954 -81.3391 56.5881
-6.0639 -4.85575 -9.80768 168.144 -118.294 -23.6067
-5.67275 -0.662152 5.66114 206.557 -195.174 17.5289
-5.20895 -2.27366 -1.98473 251.485 -187.174 -0.121511
-5.32925 -4.18572 -2.46542 237.959 -108.394 -2.27113
-5.45328 -9.8233 3.89886 221.298 -88.1956 23.7294
-5.35575 -6.54163 -3.81861 228.164 -91.293 -19.8161
-7.54122 5.72822 -1.19231 10.8709 -245.65 -6.62932
-6.84916 1.91382 -0.690414 72.8312 -276.908 4.95636
-5.69287 -0.459698 6.05206 186.2 -196.003 -1.39017
-5.13048 -4.26045 -1.77145 241.89 -28.9073 -18.7865
-5.06767 -3.49356 -1.6839 248.009 -103.452 11.1792
-5.83049 0.770966 0.331956 165.558 -237.158 26.9762
-4.94831 -0.580773 -1.55303 251.246 -144.952 -5.853
-4.97015 -1.6571 0.10441 247.662 -127.355 -2.72094
-6.59568 0.397686 5.19255 85.2461 -222.803 7.017
-5.89543 -0.0108944 8.25123 154.239 -210.004 32.302
-7.25674 2.45491 0.507793 17.7954 -247.534 13.647
-4.90515 -9.2021 5.1739 251.361 -61.6863 11.191
-6.48321 -0.810985 9.54389 94.4556 -258.531 112.253
-4.80767 -3.50174 -4.45891 258.991 -80.3331 2.96723
-4.66854 -4.16253 1.77817 272.597 -63.3603 6.43535
-5.07453 -3.77143 -1.3913 231.006 -98.6672 -12.2903
-7.98241 3.90755 3.80074 -58.1566 -222.622 16.7355
-5.06388 -2.9758 -3.26253 230.348 -114.048 -7.56565
-4.66725 -2.40397 -5.42394 267.008 -79.3306 0.763447
-6.08225 -0.53956 -2.20181 122.988 -243.072 -18.4826
-5.5686 0.511717 -5.88896 172.626 -220.21 -32.8455
-5.11519 -7.13826 3.33812 216.464 -76.8682 8.28692
-5.0322 -7.14372 -0.441838 222.638 5.00514 -47.1108
-5.34346 -7.73417 9.33277 184.315 -70.632 24.7198
-4.78482 -11.2705 -0.623684 238.227 -70.4601 3.23435
-4.71808 -1.18333 -5.05313 244.634 -124.318 -16.7219
-7.27003 3.49416 -6.19045 -10.3687 -271.5 -21.1215
-5.10498 3.60657 -4.41233 202.125 57.8726 21.4519
-5.23484 -10.8192 3.55741 185.71 96.3482 39.1007
-5.14001 -1.80714 -1.2111 195.006 -146.901 8.3813
-4.66633 -1.30648 -4.61142 234.73 -127.722 -1.94869
-4.80086 -8.52909 -5.83039 219.877 -65.7024 -14.5747
-4.97716 -7.12071 -6.70621 201.012 -75.2208 -6.34594
-4.58898 1.76887 -0.152531 237.089 25.0777 39.551
-6.67645 1.45592 10.7024 28.7626 -214.055 34.713
-5.69849 -0.91352 -14.0969 125.564 -172.396 -48.229
-8.67068 11.7175 1.43763 -174.172 -133.875 9.4737
-4.38648 -5.36463 -6.86679 250.492 -62.4627 -17.2321
-4.895 -1.64057 1.27264 198.663 -134.417 -52.1851
-7.18214 3.3828 2.79015 -28.9239 -226.115 16.6608
-4.14384 -7.73931 -1.50096 271.942 -39.5782 -3.12138
-4.56971 -8.26616 3.12934 228.146 -5.90509 8.8402
-4.00905 -0.540856 1.42565 283.206 17.976 36.3409
-4.3444 0.0990203 -0.53081 248.755 -140.044 0.187393
-4.59644 -11.0437 -5.01233 223.039 -62.6656 -16.2263
-4.26449 -3.51682 6.25697 253.462 -57.9123 18.5178
-8.13896 8.78074 -6.4331 -133.099 55.5185 -47.5106
-4.05705 -3.68706 -2.44231 268.326 -28.2925 -5.69775
-5.28987 2.52375 -5.33581 144.195 -165.475 -35.4997
-4.33432 -10.138 -3.02731 235.356 -61.805 -10.9482
-7.33543 2.87773 -5.30728 -66.1462 -463.441 51.1822
-3.86734 -0.28374 -4.51844 275.338 -40.3289 -15.4321
-4.48527 0.764676 -0.256976 211.033 -192.371 1.42609
-4.09705 -1.90077 -3.18248 249.238 -75.0207 -35.3167
-4.15063 -1.78642 -5.13388 243.18 -101.679 13.3525
-7.98321 6.3284 2.97097 -137.616 -223.622 -12.241
-7.89103 7.33949 5.1356 -129.543 -167.874 5.45048
-4.25373 -5.87961 -0.779599 231.461 -60.3288 -0.765339
-4.23127 -7.06118 -3.06846 232.963 -53.057 -11.031
-4.60176 -5.10064 -3.97067 194.539 7.507 87.4798
-8.23842 6.16172 5.5658 -166.965 -129.082 19.4133
-4.95276 3.59254 4.0328 158.61 -209.707 45.9351
-4.10405 -2.04562 4.82889 240.15 -70.9671 27.1047
-3.69003 -6.32898 -1.85031 280.219 3.55348 -9.4415
-5.30698 1.09554 3.81223 117.219 -168.976 -126.349
-8.4304 0.0109497 8.67793 -194.727 -255.819 44.9124
-4.43946 -0.0722444 -5.46611 200.651 -160.363 -35.9104
-6.67629 3.41297 -7.39252 -25.1532 -253.166 -15.6675
-5.89954 -11.9348 -3.16559 51.821 -73.6978 18.4815
-4.26094 -0.0777665 -0.764193 214.084 -149.573 -7.51745
-3.70828 -4.43258 2.62423 263.097 7.49461 3.00138
-7.39292 6.09841 6.78963 -103.613 -207.214 35.5697
-8.27765 -2.09924 -0.616996 -193.922 -179.835 -5.09272
-3.7899 -0.144739 -0.476617 250.449 -79.3298 -11.4153
-5.4719 2.4144 3.18545 82.2197 -280.198 16.782
-6.76154 -6.18457 1.44921 -48.8151 28.266 93.3998
-3.6991 -3.73313 1.72307 255.048 -24.0951 6.50969
-6.33266 3.31152 2.81933 -8.18056 -261.139 3.57638
-3.4629 -14.0085 -2.54672 276.328 113.138 35.8032
-4.93705 2.59399 7.34216 129.432 -170.83 -91.4287
-4.78724 -15.0834 -9.17866 139.606 -68.9054 -24.1404
-4.12717 -7.48103 -12.3773 202.016 -59.2572 -32.5115
-6.4827 5.82273 -14.1116 -32.0443 -297.997 146.019
-6.76708 4.86839 4.30969 -61.6066 -263.296 19.3066
-7.81118 9.97886 -3.0288 -165.747 -139.927 -14.0361
-5.51758 1.73193 -6.74504 61.8201 -232.264 -12.6238
-3.63557 -0.894402 -6.0598 248.619 -49.5762 -15.0566
-3.37915 -5.38297 -1.94515 269.092 5.30496 -3.16385
-4.00679 -5.71389 -4.8228 206.348 -124.181 2.85714
-3.83735 -9.34258 0.964782 223.162 -37.7138 4.22888
-3.48005 -4.64199 4.8141 258.181 6.52785 9.04825
-3.7166 -2.55177 1.67895 234.652 -81.3356 -9.82519
-7.50693 3.92074 0.955667 -142.444 -235.687 4.39851
-5.61478 2.82607 3.04328 44.4203 -283.399 3.01003
-6.29256 3.67862 -3.05292 -24.2988 -259.607 -3.72929
-6.64156 3.97891 6.54056 -59.5584 -216.366 13.5964
-4.01417 1.52716 -5.72745 199.942 -53.7835 -37.5471
-3.24055 -6.53168 -4.13221 275.875 2.60277 -15.5705
-5.05006 0.79719 -8.29436 95.4139 -210.778 -20.3652
-6.33087 7.44993 1.35502 -33.0827 -254.698 9.92044
-6.97117 6.03223 12.1439 -97.2679 -145.463 38.6863
-3.65894 -2.3289 0.365704 230.961 126.912 -1.80413
-7.41318 8.37604 -2.37443 -143.155 -208.708 -28.5117
-4.33416 0.28564 6.11524 162.208 -174.863 20.6486
-4.43622 -8.64742 0.559999 149.436 -240.41 4.57867
-3.33601 -7.29119 -6.08622 256.823 -11.6946 -9.1789
-3.73496 0.47974 3.84015 216.98 -130.501 16.643
-3.32308 -2.32301 -3.91334 257.523 12.7962 -8.61294
-3.34776 -10.5906 7.31754 253.223 87.7319 5.75795
-6.17371 -0.763339 3.38781 -28.753 -285.314 18.2161
-3.61794 -6.17154 12.1328 224.426 -29.1142 34.6432
-3.24999 -2.13172 -0.796394 256.981 63.3293 -3.82972
-4.33504 2.17369 -1.32136 147.139 -258.654 -10.2974
-3.95911 -13.1765 -18.7418 182.375 -137.762 -47.7863
-3.49856 -1.77735 7.56493 227.114 -47.991 21.9205
-4.60928 1.65229 -0.804387 115.777 -237.306 -24.4316
-2.87504 -4.25866 -5.25152 285.21 7.85931 -17.5039
-3.40088 -5.89661 4.12384 232.937 -31.8801 12.0547
-3.21795 -2.80162 -0.469093 249.806 -15.0165 24.0792
-3.36363 -2.52212 -8.38163 234.159 -22.7648 -21.9931
-3.11719 -0.174806 3.95198 257.59 70.9698 3.32438
-3.34403 -6.96923 -5.40006 235.031 -1.49341 -18.4075
-3.55865 -5.1172 -5.01207 213.15 -229.143 -68.2094
-2.95838 -3.89529 2.77962 272.416 62.3348 5.81605
-6.20409 4.58359 -4.25639 -56.3725 -240.368 -4.6673
-5.54814 2.96791 -4.1677 8.323 -253.452 -26.9592
-3.32107 -5.34512 -5.6869 228.958 -16.726 -23.5532
-6.59766 5.16051 -5.89956 -97.3013 -244.802 -27.9188
-6.99292 7.31911 -1.20093 -140.415 -191.083 -12.8552
-3.45481 -9.18635 -4.86133 210.984 -39.4131 -12.4857
-7.20522 3.08784 -11.6851 -164.428 -153.407 -24.0411
-3.24986 -4.51076 -7.01557 226.208 -27.64 -18.3015
-2.99911 -5.11867 -3.54796 247.748 4.41936 -7.69971
-2.95448 -5.57239 0.340467 245.861 3.00972 -2.92459
-6.25526 1.06583 1.02806 -82.8778 -227.684 6.11614
-4.53339 1.40883 4.91281 80.4224 -218.669 12.0094
-2.9066 -5.52078 -0.900094 241.682 50.2794 -2.22903
-2.77265 -0.255578 -8.91273 248.226 -85.4716 8.52502
-4.45766 5.44444 -8.50678 80.1195 -167.714 -82.9254
-3.21527 1.10274 -8.04317 199.449 -135.319 -18.6784
-2.45692 -3.86267 1.71317 274.259 95.931 5.27056
-2.49959 -4.85207 -6.16903 268.587 58.4089 -18.5188
-2.61037 -10.5952 6.74277 257.018 300.171 -71.6782
-6.31952 5.95467 9.87905 -111.709 -179.207 33.6833
-2.58049 -9.0275 -1.51182 259.059 -140.268 28.7036
-2.6791 -3.5671 3.08151 245.093 76.1369 13.256
-5.97256 5.38491 1.06058 -84.2709 -272.826 5.82894
-5.03199 2.80711 -3.68261 8.41306 -239.207 -24.762
-2.92754 -11.1258 -0.67427 216.699 -14.2056 -5.24416
-4.97668 3.49773 -2.9694 12.9808 -286.631 -25.7629
-2.44566 -3.59109 3.12962 260.732 56.2367 8.41684
-3.87773 0.946459 3.13844 115.925 -214.417 1.29633
-2.40635 -7.59784 -5.99052 261.452 49.7078 -16.5311
-5.29819 3.18876 -6.29226 -28.7522 -240.693 -11.4894
-4.0639 -1.5426 1.49065 89.3487 138.135 -153.745
-2.62088 -4.96426 8.12908 230.195 -74.52 4.2734
-2.44023 -3.57699 0.0305425 244.894 151.707 7.91621
-2.37577 -4.01685 4.21583 248.227 99.0332 13.1006
-5.64191 5.03055 3.48418 -76.441 -244.497 12.1286
-2.61905 -6.07845 -6.26604 222.76 43.806 -18.8787
-3.79569 2.0979 -0.34047 104.243 -242.845 -8.83387
-2.52616 -3.44079 9.8221 230.215 71.2785 31.3154
-5.90747 -0.130894 3.00997 -106.462 -400.234 144.311
-2.20699 1.90408 2.77789 259.034 -103.349 -36.7603
-2.47897 -5.68078 -11.9067 231.034 19.8248 -28.9866
-2.08954 -5.47205 -2.21222 266.065 88.2029 -5.16147
-5.63731 5.84218 -0.0785798 -91.3312 -239.529 9.86709
-6.11771 6.6113 0.694609 -139.566 -236.161 10.7137
-2.21463 -5.54466 -3.16172 246.026 50.4537 -10.1843
-2.38653 -3.77005 10.9916 226.223 30.8169 41.2322
-2.28776 -3.28057 -0.524403 235.279 146.076 6.09277
-2.3311 -10.3321 2.29088 230.398 -11.1795 2.64659
-2.00249 -7.88141 4.54877 261.753 25.7094 25.3637
-5.34068 -4.56989 2.46167 -72.4292 -256.24 8.88717
-2.08364 -5.4283 3.2259 248.621 76.527 -29.6783
-2.26403 0.697467 -6.42257 228.322 -208.285 31.0401
-6.48268 7.42638 -5.69894 -190.933 -152.289 -88.9551
-2.2694 -11.2209 2.04316 226.939 -13.8596 2.02708
-1.93826 -9.82617 -7.81064 259.209 37.8026 -27.1359
-1.99159 -4.25663 7.27867 249.405 129.834 14.7461
-5.41255 5.32742 -2.5121 -94.0926 -239.324 -17.7157
-2.19906 -3.1143 -3.6514 223.312 118.776 -14.5075
-2.59204 -1.08214 -13.9192 184.078 -15.4345 -37.2493
-2.67343 -16.3013 -1.78442 174.974 -31.3356 -7.62357
-5.62483 18.7304 7.03554 -119.069 -165.113 11.5992
-2.2029 -2.92529 -11.0418 217.127 88.3742 -28.646
-5.3178 5.40385 -14.8529 -97.7326 -157.445 -34.4677
-1.6632 -5.25349 -6.07171 258.504 99.2654 -14.8586
-6.14864 12.0916 5.97577 -189.611 -108.788 6.85445
-2.13013 -6.26088 4.19225 207.567 21.0367 126.364
-2.14975 -14.6905 -3.67662 203.335 -24.9959 -8.4081
-6.0733 11.6628 0.920127 -188.254 -128.704 10.5422
-4.82645 11.3179 -4.94682 -64.7001 -265.519 -15.8541
-3.96577 3.13669 9.5403 16.6334 -247.282 26.8419
-5.52723 9.75852 3.17024 -141.44 -192.285 -0.882456
-1.64887 -4.91674 -0.922357 242.749 67.0465 35.4434
-4.26539 3.13459 -10.6207 -20.2985 -209.627 -20.5171
-4.65124 4.41036 4.29587 -64.0657 -269.571 6.47579
-1.77478 -7.69264 9.8933 221.127 -4.7649 23.5111
-5.82275 10.0045 1.29232 -183.116 -146.127 1.19897
-1.4915 -12.8476 1.20129 243.194 110.958 26.8287
-5.11956 10.3698 9.73868 -117.234 -152.119 18.5808
-1.01047 -3.586 1.07184 290.688 223 -107.055
-1.91841 -3.42678 3.08834 199.704 181.7 6.11928
-4.70602 5.0973 2.24138 -78.5967 -264.201 8.94794
-1.49762 -5.39591 -2.78335 238.007 3.29864 -9.70837
-4.30234 3.57878 8.86554 -40.7436 -241.202 16.387
-4.14784 4.15712 -3.19772 -28.0571 -280.482 -2.10297
-1.68354 -4.02739 2.64668 210.702 189.72 4.80091
-1.28826 -6.92126 -1.51701 248.51 63.1855 -2.69004
-5.3989 7.8836 6.10562 -161.391 -148.192 10.7477
-2.82702 2.29407 -3.55467 93.7872 -233.439 -15.065
-5.43405 8.81452 -4.55405 -165.376 -150.155 -18.4338
-4.46952 8.43858 -2.06693 -70.3989 -262.457 38.2988
-1.13884 -6.52725 2.0163 245.242 76.4476 6.27825
-5.14647 9.36591 -11.2333 -153.322 -118.893 -32.5197
-4.98634 0.945838 14.1877 -141.942 -260.369 59.2561
-1.80069 -2.58641 17.0443 171.772 38.9046 45.3065
-5.14875 13.601 7.90119 -167.147 -117.082 40.7726
-2.97035 3.07339 -3.94649 48.993 -269.915 -15.7905
-1.22858 -9.18979 7.51255 218.158 32.5824 19.072
-3.61713 3.74712 4.32501 -20.4249 -255.478 22.0092
-5.1508 9.86687 1.93005 -176.13 -141.158 3.00697
-3.1816 16.9109 0.601223 16.956 -438.754 -29.2736
-1.16303 -4.93459 -11.2182 216.067 108.234 -34.911
-1.11052 -6.93613 5.92804 220.593 39.2688 14.7443
-5.05838 15.4455 -6.39102 -172.382 -156 -19.8234
-1.17736 -12.3558 1.46313 211.275 -18.2843 0.730423
-0.920182 -6.30361 -1.49484 235.876 73.2772 -3.31399
-4.95301 3.68978 2.04717 -165.762 -204.457 -11.4759
-0.861049 -5.44669 2.29063 234.009 141.291 11.2548
-1.22292 -9.58732 -13.5765 192.564 -12.0771 -39.9395
-1.18677 -3.80672 9.5133 193.727 137.061 27.2689
-0.782992 -5.49685 -1.3288 233.386 137.398 -1.24472
-1.07861 -3.83289 -0.751978 202.084 216.507 -0.193392
-3.43727 6.22984 -6.81878 -35.6271 -214.425 -26.5883
-0.930635 -9.62093 11.4061 207.247 10.8357 41.2468
-4.45613 6.7245 -11.4374 -144.75 -162.275 -25.9835
-4.74246 8.42455 2.91503 -174.797 -164.291 1.45117
-4.27775 -3.23316 -5.99694 -129.299 -225.024 -15.3686
-0.998866 -12.838 -3.15229 195.221 -20.782 -11.5862
-4.27303 8.14991 14.822 -132.828 -95.5461 42.5951
-3.52239 1.53869 0.171425 -62.8838 -287.413 -6.13095
-0.641384 -7.47807 -7.13034 222.122 64.5729 -18.7051
-3.09588 3.33137 2.67404 -23.1997 -248.037 13.1003
-4.0004 5.16415 7.41229 -116.682 -204.701 27.7767
-4.26682 6.27225 0.850978 -144.516 -213.967 -8.17805
-0.462665 -11.6866 -0.563685 232.911 29.078 -2.99822
-0.310991 -7.0606 -0.302867 236.114 112.283 -5.54219
-3.20966 4.20931 -1.81445 -56.6169 -250.816 -9.80429
-0.575092 1.72103 0.870105 201.36 -28.4997 85.4002
-0.0641025 -14.1666 1.50019 246.616 -19.8922 -0.756702
-0.378627 -18.4542 0.609795 215.264 193.269 -64.439
-1.01734 -12.1793 -0.71885 150.676 79.2935 -56.9681
-3.76773 5.48352 2.78697 -126.863 -226.195 15.9585
-4.26391 12.7474 -8.64217 -178.015 -220.247 66.5831
-0.532257 -13.7115 1.99014 191.469 -6.09045 1.70694
-4.6389 11.5367 -0.755478 -217.955 -119.432 -6.3829
-0.226515 -12.1399 1.26297 219.65 361.27 -226.873
-3.80308 9.06346 -13.7684 -137.907 -69.0298 -40.1777
0.013836 -8.02737 7.38233 240.531 81.9805 21.6324
-0.141472 -5.67843 2.74157 224.909 189.213 8.61094
0.184898 -9.66951 0.823297 254.575 70.0646 3.04794
-4.01045 14.8885 19.0598 -163.791 -172.657 -63.6493
-2.0307 3.7229 6.72277 25.6962 -281.065 19.2895
-0.494769 -4.13412 -1.19098 177.165 192.161 -27.395
-0.536466 -4.09655 13.7953 169.659 83.8134 34.157
-4.06406 22.2225 -1.73144 -183.236 -121.099 -6.31785
-1.71342 1.33257 11.1435 44.4372 -235.557 26.0381
0.0260636 -6.90286 -1.52021 214.896 100.427 -8.41626
-3.99442 3.89848 12.0569 -187.172 -52.9447 32.695
-3.37606 5.38234 5.38011 -130.291 -251.323 9.03046
-1.23099 7.47248 -3.90216 81.7027 -96.0879 -132.643
0.267574 -7.39458 -5.41538 224.012 123.177 -7.79257
-3.54757 12.5945 3.15633 -155.347 -114.679 15.4909
0.164113 -6.11363 1.5994 213.035 148.805 2.36898
-2.56292 3.67896 -10.1487 -58.4556 -207.59 -25.4081
-3.14727 5.0778 3.78342 -117.363 -211.149 18.1112
-2.81471 4.34211 9.31824 -85.4534 -213.496 31.722
-0.18153 -4.43043 -3.38202 170.643 167.046 -6.55531
-2.37523 4.50768 2.18165 -53.7694 -290.675 14.2348
0.477485 -9.28381 0.324533 229.225 73.1326 2.33447
-3.33391 9.09683 0.592328 -150.455 -168.904 6.32739
-1.53748 3.54678 4.48755 25.2574 -264.928 13.147
-2.73187 -7.79284 0.968172 -97.3145 27.0119 -69.2918
-3.63878 8.95047 -6.82804 -188.017 -160.241 -21.0627
0.505156 -6.95505 -1.19067 223.15 173.685 -7.7639
-3.19455 6.2722 -5.05993 -148.022 -171.468 -0.584619
0.359324 -6.51588 1.10303 204.521 113.937 5.05475
0.778942 1.458 -4.79965 242.889 -21.5145 25.2529
-3.57905 14.9759 -4.27354 -192.337 -75.3369 58.1462
-0.14775 -3.95725 1.76466 146.064 196.051 16.3761
0.675078 -7.53506 -5.60022 226.589 36.5056 -10.6732
-3.00659 5.78313 -4.15087 -151.353 -233.151 -22.6087
0.560404 -5.4643 1.72971 197.257 189.971 7.74496
-0.0732085 -3.6936 -16.3452 133.997 111.857 -43.8244
-3.51439 7.6853 5.39527 -209.867 -84.1958 15.9013
-3.07867 6.72548 0.519531 -172.48 -212.492 10.2131
1.09433 -9.34222 1.45848 239.529 126.388 11.3376
-0.262885 -3.63661 -5.84823 103.64 230.798 -24.0587
-3.04133 3.17041 11.4955 -173.479 -120.3 -8.56331
-1.98531 2.75622 -4.43257 -71.3778 -178.195 -162.741
-2.62539 5.64223 8.08443 -139.877 -171.32 29.13
0.525707 -4.91226 -10.6766 171.52 167.416 -32.1359
1.09471 -10.3998 -0.875536 221.956 54.7604 -1.68923
-2.49766 20.8503 3.65194 -138.323 -468.16 -25.7243
1.20446 -9.86016 4.82648 223.383 68.1861 14.5432
0.507685 -4.47654 14.0416 153.318 149.306 35.4972
1.23983 -9.28951 -6.59663 224.543 70.199 -16.5544
-0.911367 3.41775 1.37418 10.3698 -253.537 -5.2128
-2.98575 11.8858 1.30635 -195.72 -61.9725 4.6136
-2.80526 7.03669 1.0607 -179.314 -169.867 9.22692
-3.75948 7.53678 2.20343 -279.452 -102.205 3.96204
-0.957612 0.0184351 0 -2.60752 -1.35406 0
-2.04892 16.6142 -5.1761 -111.337 -490.403 61.0171
-1.49876 0.0233234 0.614731 -58.9271 -286.042 -5.92253
-2.74931 8.29533 7.16665 -185.571 -123.401 9.81302
-2.03657 4.75367 -3.49949 -115.749 -241.088 4.94134
1.3171 -12.5201 -1.90557 216.755 46.7841 -4.51236
1.27085 -8.83094 5.80918 211.612 109.554 22.3
-2.95008 8.95929 6.24752 -208.101 -139.614 6.11272
-1.79069 3.81015 12.6799 -94.0841 -174.1 40.9299
1.20591 -6.32322 2.45614 201.541 193.514 3.11611
-2.00896 7.95345 4.55311 -121.948 -145.824 67.6087
0.36471 -5.5263 7.34704 113.557 192.573 19.1496
-2.50762 6.67639 -8.61017 -174.025 -165.917 -17.2716
1.46113 -11.1661 4.82609 212.308 59.5463 14.4672
1.53708 -8.88043 0.849969 216.377 93.5809 -1.90998
-1.18737 4.28344 2.9801 -65.4204 -256.544 127.848
-2.84321 4.61571 -14.1795 -231.312 -152.614 -132.646
-3.03635 15.6133 -3.22055 -250.655 -129.74 -64.2207
-2.42721 7.37032 -5.03446 -199.434 -192.247 -6.58891
-0.751464 3.71498 0.669675 -34.2705 -268.457 -6.78332
1.1713 -5.09494 5.74068 154.968 179.09 4.49627
1.69534 -9.8941 3.54001 203.138 83.2344 5.68696
1.87439 -7.84008 -1.82933 215.72 165.808 -8.95124
-2.26923 7.66523 -3.59225 -199.909 -179.933 -12.4686
-2.12993 7.37585 -4.23974 -189.552 -130.55 -21.5546
-1.98074 1.45618 2.50258 -175.843 -172.214 7.06122
-0.189715 -0.661156 4.6477 1.65078 265.446 -4.56014
-2.10638 9.75661 -4.96585 -192.297 -90.7724 -11.801
-0.357123 -3.289 0.0361668 -23.3085 -224.787 -6.6544
-1.44948 4.92823 -1.91778 -132.714 -264.425 -0.510339
0.735342 -7.16717 17.0169 82.6903 216.825 17.3943
1.40318 -4.90587 -1.63464 148.386 190.51 -11.0427
1.44762 -5.17335 -1.74058 149.018 190.778 6.72173
1.65482 -12.1307 -11.5573 167.506 37.3476 -30.4323
1.75592 -17.0995 1.28441 174.289 -2.47745 2.43811
1.94081 -7.52898 -1.69049 192.201 124.971 -6.34934
-1.22235 7.88381 3.79279 -124.095 -221.614 11.8426
1.30509 -4.53914 -1.20483 124.668 210.09 -4.5271
-2.15615 -5.14289 -0.403972 -219.328 -49.6853 29.8789
-2.06888 11.0868 5.28508 -211.465 0.90688 -85.8459
-0.36215 3.70433 -5.29897 -42.8204 -257.846 -7.0932
-1.33485 4.77574 0.523259 -139.968 -162.364 100.085
1.36509 -4.82626 -8.67171 125.335 213.355 -19.6973
1.92053 -7.49497 11.1722 180.034 123.069 33.8192
-1.65704 -4.87651 0.475456 -180.411 31.2927 108.352
2.70455 -2.38637 -5.4099 248.837 80.8952 15.484
-1.7311 15.4287 2.65616 -195.971 -250.266 26.8562
-1.82387 7.57308 -4.74527 -206.528 -170.14 -12.1896
-1.72998 7.24308 1.69161 -198.595 -168.634 8.18297
-1.89946 9.3725 7.33488 -217.672 -56.6265 146.127
2.34537 -7.23641 -3.98528 202.198 158.187 -9.85579
2.44518 -16.363 4.91795 211.316 76.8725 -9.21032
2.52514 0.990052 8.59787 211.319 302.432 101.278
-1.49332 4.05678 -1.46439 -188.254 -181.616 -3.04062
1.36858 -7.76982 -5.17656 94.9517 240.374 -36.4479
-0.587698 13.2538 2.43871 -104.487 -102.173 -27.1956
0.263849 0.116018 1.78599 -22.7155 254.845 -1.39891
2.18279 -5.6339 11.6573 159.621 149.383 36.9904
-1.05554 16.9062 -6.37236 -162.152 20.3306 -19.5556
-1.18031 15.4562 0.0150561 -177.459 14.9042 5.37553
-1.53685 8.31132 -4.52738 -218.912 -135.123 -16.8517
-1.30805 7.07499 0.0343639 -198.183 -124.901 5.31241
2.50044 -7.13302 5.86793 179.194 160.994 18.6511
-0.71565 4.68063 2.68483 -142.361 -231.366 -3.7781
3.11787 -5.99785 0.629001 237.961 142.337 4.59073
2.65383 -8.2771 5.25643 190.938 144.36 15.2473
1.90743 -4.78696 -7.69405 115.107 191.663 -17.412
-0.437698 4.57093 1.29066 -117.91 -198.767 -72.5062
-1.46717 1.4439 0.77606 -220.377 -31.2001 -68.9736
-1.27622 13.6324 -4.12854 -204.34 -69.8586 -6.92141
-1.34318 10.2891 -2.90871 -211.859 -50.8952 -10.548
2.5428 -6.67484 -3.29998 171.81 154.392 -6.42886
-0.797637 6.57833 -4.31922 -161.712 -225.157 14.3406
2.09162 -5.14577 -2.09765 122.767 251.633 0.944134
2.80218 -9.25797 10.3579 192.291 103.796 61.9811
-0.0918683 9.08517 -17.6598 -96.2653 9.79459 -44.6444
-0.491997 10.9415 2.47882 -137.119 -158.765 -72.7482
1.21855 -3.51948 -7.23285 30.2594 254.177 -12.0985
2.97696 -7.82129 -2.2048 199.058 181.67 -9.44373
-0.79081 5.2394 -5.89117 -176.135 -162.501 -9.32708
-1.04185 8.82315 8.79225 -203.687 -63.3624 23.4322
3.0411 -9.33334 7.94404 200.034 102.636 -23.1285
0.398547 8.01705 -2.49099 -63.9921 84.0119 75.3796
1.85334 -4.09832 2.80884 80.3538 226.478 7.801
-0.1575 7.47817 -2.69886 -122.209 -233.794 -10.4967
3.01883 -8.86027 2.4995 190.58 117.8 5.1023
1.25731 -3.62358 0.581793 10.6107 267.62 8.65001
-0.916571 13.1963 4.72 -206.053 -19.1286 14.7282
2.81319 -6.41827 -5.88831 164.182 203.551 -3.66806
3.00799 -14.9914 6.98092 180.702 24.6298 19.556
-0.899516 12.8109 1.66008 -209.286 -21.0653 6.42649
1.07915 -3.30393 -0.888314 -14.9005 251.131 -16.1851
-0.789575 13.8001 4.61405 -205.447 -5.35931 9.84612
-1.25037 2.5455 5.56262 -251.275 -557.636 102.439
-1.06551 6.0588 -1.22792 -235.849 -444.036 32.4461
-0.549019 15.2381 -1.01374 -196.751 0.254565 -5.37049
1.99085 -4.42642 -3.08865 52.0204 250.639 -13.8504
3.33983 -7.59972 -0.162093 185.936 164.387 2.30081
3.63288 -3.95297 6.88084 210.424 117.179 24.6794
-0.545111 6.94144 0.391704 -209.293 -184.889 30.2976
-0.659987 3.42165 6.70204 -226.064 -175.666 87.032
-0.115219 10.9278 -8.51178 -173.04 -684.258 516.371
3.54061 -9.86914 -9.80962 187.067 94.7876 11.885
3.58644 -10.3521 -4.02436 188.341 103.295 -21.4949
3.70116 -10.7699 2.53469 194.684 108.905 2.3614
2.21485 -3.88051 -1.99871 45.6671 245.159 10.2711
-0.279248 5.90964 -2.51786 -204.845 -151.211 -17.9737
-0.299303 5.99021 -4.23899 -209.617 -195.834 -3.48453
-0.03601 8.62797 -8.33067 -183.692 -164.545 -23.993
3.84875 -8.48843 4.08313 198.873 177.134 7.72403
3.06369 -3.50081 6.30784 120.833 196.238 15.7284
-0.226681 4.46847 -7.49943 -206.209 -208.005 -43.7292
-0.600118 8.50966 1.23754 -244.714 -103.626 1.72156
-0.222586 5.7541 -4.40265 -207.343 -153.809 -23.2503
-0.0611193 5.1494 10.0095 -194.35 -145.164 16.6769
0.404233 9.14497 -15.2573 -150.171 -7.04728 -43.5668
0.730507 -0.141099 3.4862 -121.3 -215.252 9.95853
2.74581 -4.58263 -2.59199 77.4685 267.808 -1.88472
3.65287 -9.58209 10.8799 163.551 87.006 20.5618
2.59701 -10.049 -6.95793 56.2657 118.735 -115.648
0.368893 14.5848 -8.59196 -166.236 17.3964 -29.2712
2.58705 -4.4973 -1.06754 54.0712 291.163 15.7366
1.48233 -3.23821 -9.60906 -57.4246 251.642 -38.2168
0.0736086 10.9142 10.3455 -198.136 -19.6295 29.5533
2.89316 6.08925 -10.769 80.3237 158.872 48.03
0.820005 -10.467 2.67989 -127.072 -34.7939 50.828
2.62461 -3.75875 -1.97882 51.8762 242.617 -10.6979
-0.152357 21.3938 7.07672 -227.423 -159.401 -0.972578
0.984949 4.34094 3.22715 -115.97 -281.505 -46.9011
3.78924 -6.91979 -8.17618 160.506 193.241 -10.3982
0.521654 6.85565 -1.92819 -165.583 -50.5509 168.684
-0.0964968 6.57813 -5.63619 -235.802 -154.11 -0.149207
0.352222 5.19437 9.51454 -192.626 -120.682 38.1111
0.0401256 8.12804 -7.37761 -227.718 -82.2142 -12.9603
4.22486 -8.10748 -1.23786 183.901 197.101 -16.0185
0.349179 8.4489 7.78284 -201.913 -53.8824 18.6318
0.275917 11.2953 -4.25165 -210.404 -62.5374 -13.9704
3.37817 -5.22389 -6.91618 96.4783 253.745 -9.28778
2.52474 -3.73804 5.29424 9.47998 272.282 8.38847
0.418563 4.93602 1.25911 -200.657 -151.986 -7.56455
0.0114576 -3.08555 2.26589 -246.018 -90.1973 -10.5214
0.834488 14.3022 -2.40059 -165.136 21.0736 80.3105
0.79891 4.11774 -2.66851 -169.288 -222.272 -0.594794
0.726525 4.03061 2.28597 -176.648 -170.511 13.118
0.912441 8.36371 -16.8941 -158.192 -147.014 -38.0042
1.14178 -0.46064 6.20079 -136.731 -509.453 150.104
0.787615 15.9062 2.03809 -173.069 16.1064 12.7772
0.256548 10.1247 5.74452 -227.741 -43.7817 23.9481
0.401995 7.82713 -7.00065 -213.778 -63.2475 -16.1248
4.29829 -9.54356 9.26989 172.668 120.245 26.06
4.06999 -6.70579 3.78698 148.824 176.011 4.06125
2.57395 -3.74025 -4.18604 -4.27036 283.094 -14.5531
1.03548 5.08212 4.89112 -158.295 -152.849 -3.54053
0.850982 14.2706 -9.61102 -177.963 23.0481 -26.6448
0.870174 7.04304 -1.32179 -181.377 -135.824 90.5237
0.916372 18.3832 6.4993 -177.903 -26.516 22.6037
3.98985 -12.6639 -4.13647 124.751 140.358 -35.7236
0.693652 11.9924 -6.19815 -209.564 -1.46916 -19.8032
0.671008 5.27393 6.75887 -215.088 -128.06 23.397
4.49085 -8.33582 9.04241 163.079 114.347 25.3891
4.06793 -5.80123 2.44123 119.657 206.75 22.9774
2.08373 2.25812 3.22509 -82.645 269.342 31.5478
0.913209 4.74136 8.41783 -199.494 -121.702 22.3721
4.9711 -9.53517 -2.6177 202.952 146.117 -6.16449
4.14343 -2.49472 0.763672 120.305 290.792 19.5923
4.78169 -8.10255 -6.38333 182.956 185.939 -13.0521
3.50425 -3.5215 -2.31069 55.9029 253.337 -11.9018
0.615234 8.53989 7.08824 -231.546 -65.1408 16.3573
3.12529 -4.11327 2.87732 16.3129 290.062 15.506
4.23861 -5.96027 3.01244 125.898 236.908 115.459
2.41938 7.75341 0.968009 -61.554 -15.0259 -164.389
0.875831 4.81257 -0.607144 -216.925 -166.68 -13.6003
4.72039 -14.3819 8.20696 161.258 24.916 23.2917
2.92854 -3.7797 -2.40594 -19.0278 290.328 -17.4038
2.26001 -8.66201 -3.75099 -89.17 191.923 -17.219
1.26704 -0.906223 -2.16118 -193.48 -136.904 32.6119
1.07741 6.29879 -7.76543 -213.391 -64.8392 -23.8751
0.952151 6.22162 -1.11336 -229.399 -89.3125 4.22715
3.39471 -3.48821 -3.9725 11.679 254.546 -16.4513
2.43228 -8.9199 -7.13577 -86.7778 -48.1084 14.5167
3.56497 -3.81807 -1.35371 24.4622 249.708 -13.0115
4.18463 -4.60973 -6.69009 85.0237 219.79 -18.0674
1.51057 6.89526 -2.07958 -183.393 -132.681 -33.758
3.79823 -4.2943 4.48388 40.1066 279.704 20.6013
0.87808 9.19992 4.41902 -250.388 -43.3248 14.3623
1.31993 12.9901 -4.01752 -209.646 7.94676 -15.8593
1.28745 4.89004 13.0832 -217.661 -73.7223 38.6484
1.56149 11.2465 -9.05363 -193.528 13.279 -25.1731
5.03411 -6.84128 -4.79632 149.003 229.866 -14.4524
1.20962 5.33204 -6.44794 -231.476 -105.449 -28.1488
0.954177 9.307 -3.37847 -259.554 -59.0076 -39.4942
4.66803 -5.49785 -3.61487 107.146 213.151 -9.00046
2.01241 17.0563 -2.93155 -159.238 48.1354 41.0464
3.37197 3.52746 -0.486445 -25.3417 328.741 -2.80931
2.51197 -2.45118 3.9954 -115.671 214.255 25.0411
1.01343 -0.0276783 3.57485 -265.115 99.9101 -3.31036
1.45361 4.57918 7.06327 -221.504 -85.6271 18.662
1.41952 16.162 12.2302 -225.175 -273.167 -61.8872
5.50148 -10.793 5.73607 178.959 119.582 16.4529
4.96829 -4.45766 0.30436 124.929 287.783 101.273
4.36854 -4.62622 4.3905 56.8117 277.196 29.7618
1.06303 9.44921 -0.614827 -272 -48.6282 0.859275
1.55802 7.45438 10.1639 -225.529 -16.7821 24.4961
1.57356 6.18896 6.47959 -231.66 -49.7038 10.3636
1.51231 6.84736 -1.99775 -238.106 -146.706 -21.9055
1.42102 6.66498 -6.39924 -247.947 -80.9509 -13.9821
1.81001 -5.27186 -5.73404 -210.72 70.9495 -27.3089
5.88334 -10.4313 6.78655 192.42 131.852 19.3765
4.76876 -2.47394 -5.2212 79.1201 214.177 33.4394
2.57951 -4.1697 8.93521 -141.813 251.826 -30.9175
1.96529 7.79785 9.5715 -203.267 -5.59715 21.2493
1.82062 5.31334 -7.5967 -217.917 -40.9857 -19.1311
4.54714 -3.87564 6.23618 49.8051 230.897 31.817
1.68073 2.49498 -3.1729 -235.534 -123.248 -5.72742
2.15199 2.45167 6.76459 -188.953 -136.448 14.3152
2.12181 12.1747 -5.43638 -202.052 17.8375 -4.33199
1.8072 0.110818 3.29423 -233.851 6.59112 127.847
3.19436 -2.75961 3.49122 -98.1039 261.654 11.9203
3.43921 -2.76308 9.6303 -73.9019 254.565 25.1968
3.69907 -2.57389 8.88943 -48.7151 242.121 12.6777
5.95014 -8.99862 -0.544277 174.566 159.921 -16.7396
1.76572 4.71243 -6.63301 -241.775 -84.208 -14.6902
2.30867 13.7358 -1.90191 -188.405 32.831 0.578395
3.53006 -2.93728 -1.47644 -70.7513 252.712 -46.6674
5.86655 -0.987619 1.8663 151.853 309.643 51.4145
2.02627 9.5242 4.07573 -235.88 -6.27881 2.61669
2.58422 13.6778 -5.25132 -181.629 35.3204 -19.9543
2.25601 11.2556 1.17369 -218.192 14.1186 14.4984
2.3446 10.4224 5.08113 -214.457 9.0125 13.2542
2.0894 4.22695 3.98885 -240.048 -85.1973 14.2209
6.24057 -11.9134 2.7035 171.551 107.974 8.14753
1.88994 6.30873 -1.39279 -262.996 -55.3532 -1.3213
2.62792 12.5738 -5.2757 -191.598 32.2113 -20.323
5.98063 -11.9324 1.59629 141.108 160.147 -5.06253
5.15414 -13.2423 1.695 56.774 -54.7151 23.067
4.32243 -2.7908 3.00832 -26.8359 211.555 -86.8785
4.61246 -3.55486 6.18289 1.5925 275.483 13.7681
5.63976 -5.77442 -3.27746 103.618 217.716 -14.2788
2.34482 6.43949 6.43427 -231.471 -4.62036 25.6406
5.91058 -6.22701 2.09171 122.21 239.384 6.64242
2.08593 3.27635 -5.13459 -258.927 -26.5671 -23.9672
5.54473 -11.7994 6.96278 82.9683 167.14 10.9861
2.16017 5.13338 0.809504 -254.746 -84.8041 -1.08521
5.53049 -4.58429 -2.26523 73.3283 220.859 -1.86139
6.47352 -11.0927 -4.83992 166.916 105.421 -12.4195
5.7948 -5.2686 -1.81765 97.9815 245.202 -5.28014
3.66652 -1.86262 -5.8886 -116.485 222.994 -1.41487
2.3202 3.98658 -4.49863 -252.28 -90.9128 -8.71414
2.58189 2.40193 0.992173 -226.438 -85.3384 5.89343
4.32553 10.3029 17.536 -54.1259 53.0788 44.4076
1.70682 7.79845 1.02308 -314.782 -175.198 -207.952
2.5593 7.63829 -7.09351 -232.108 1.53354 -17.9645
4.11195 -2.78603 -1.29114 -77.969 273.07 -4.61427
2.9662 4.52882 13.9068 -192.876 30.0974 36.0096
5.99602 -5.01178 2.61814 106.905 345.413 -141.715
4.19319 -2.52282 3.70764 -74.4925 286.799 95.1807
5.74541 -3.65483 -6.28202 78.8003 238.064 -35.0308
6.32463 -7.34495 3.32707 135.426 222.273 26.837
2.51617 8.24165 -8.1583 -243.213 -9.71908 -27.984
4.20642 -5.3393 10.6766 -76.3188 241.615 22.042
2.78348 8.90614 8.19329 -217.994 18.955 28.9802
2.37998 6.38217 4.23548 -261.757 -25.9092 7.82108
2.70563 5.64584 -2.09283 -230.213 -102.387 0.201414
4.49021 -3.12438 -0.218665 -56.1558 283.119 3.20869
6.19399 -13.6688 1.43287 111.024 49.644 89.1656
2.72621 3.20572 -0.183501 -234.132 -116.548 1.02583
4.35784 -2.94437 4.19193 -76.0728 215.998 10.8529
4.72261 -2.22065 7.99287 -43.4702 232.667 10.7184
2.93562 9.19529 6.89138 -225.289 19.2807 14.4628
5.82176 -0.280974 -10.4677 55.932 39.5301 91.7049
7.03056 -4.80232 -1.7679 175.72 490.469 -202.978
4.19457 18.1787 -3.86539 -106.147 59.8935 -11.6121
5.90481 -4.61742 -0.914928 61.78 245.774 -7.91636
2.84027 6.38066 -6.95465 -245.953 -3.06823 -17.5038
2.96207 2.62468 5.86336 -234.328 -24.0272 10.3731
6.03527 -4.8124 2.37481 70.5019 120.156 151.613
3.32383 9.61286 -8.68343 -198.9 40.7531 -29.7082
2.72021 3.31182 -7.7473 -260.845 -96.5492 -17.4281
5.77273 -4.77561 -7.28336 41.3004 237.421 -12.6137
3.29879 -1.91425 5.45292 -206.734 182.714 23.4907
3.29277 7.51478 -3.52061 -208.219 112.209 -10.2393
2.96731 -0.803912 -2.35663 -248.683 -3.5192 -56.7635
3.51388 -0.973108 6.6562 -195.003 155.137 22.3515
3.26641 -1.03215 -8.3295 -220.477 113.977 -33.6498
5.71538 -2.99088 8.7153 21.6229 225.779 29.6863
5.7264 -3.29266 -10.4539 22.1171 242.938 -22.051
2.86791 8.42351 -3.89641 -264.908 26.9344 -38.3274
3.57077 8.4705 -8.99461 -195.248 41.1856 -26.3866
3.04051 7.259 -0.907222 -251.474 0.626462 10.6167
3.06134 4.86028 -0.681856 -251.809 -7.72846 -0.386911
3.63533 13.1994 -1.00416 -195.698 50.354 -8.72943
6.99241 -0.366811 -5.70237 132.692 400.445 -99.2444
3.87366 -1.15561 5.25216 -180.107 188.807 3.78152
4.76887 -1.43799 -6.07717 -93.6149 222.383 -10.8187
3.23605 7.09399 -0.762853 -248.918 12.9557 -6.83007
3.37598 7.15209 -0.0444373 -238.145 17.1696 0.22428
3.40213 7.85235 2.50802 -236.674 38.6224 -0.34232
3.74213 -0.862887 1.0604 -203.724 158.751 -30.9208
3.81305 0.590815 -2.8334 -199.903 138 17.2752
6.97235 -6.49422 7.8731 110.755 170.408 35.2398
5.93452 -3.06712 -1.86541 6.23186 249.783 -7.85615
6.11181 -3.78243 -5.91435 23.6071 258.613 -9.25692
3.16358 5.33655 -10.9688 -275.355 225.082 -142.149
3.39677 7.28638 2.72617 -255.601 11.9634 -23.1825
5.213 -1.30071 2.49839 -78.2509 229.445 8.89236
7.19217 4.4233 -8.77138 112.12 503.927 -53.2257
4.14276 12.765 -3.10672 -191.663 52.6998 -10.3355
6.32787 -3.27068 -6.01955 23.8346 246.073 -9.89818
4.02957 7.34082 -10.9118 -204.908 47.6832 -21.5365
4.36253 2.83903 -14.8668 -171.998 101.353 -49.2749
3.57924 3.83832 -9.2662 -250.456 52.0107 11.8358
4.31676 -0.809225 2.68 -177.577 253.456 115.295
3.75425 3.52422 1.92977 -240.046 31.7218 2.94106
3.55132 2.47139 -6.82867 -260.487 -5.49769 -11.4501
4.16089 7.79074 -9.76193 -202.834 53.5938 -28.5825
5.26736 -1.79504 0.0340066 -93.9112 174.121 -99.3726
6.47123 -3.70993 -1.6651 25.3249 286.6 3.02603
4.88933 -8.43651 6.36204 -133.746 -36.9729 -20.5205
3.76965 7.48684 -5.48015 -245.088 29.4623 -32.9183
3.95041 -1.1812 -2.35855 -227.76 171.971 -6.09843
4.08548 0.914068 6.03195 -215.57 117.913 5.58357
7.18046 -3.33231 3.87319 90.749 215.907 10.8687
4.0389 5.91895 4.43605 -225.376 -109.242 13.8846
3.5728 4.87952 0.25704 -274.221 0.435251 8.20857
3.64125 -4.33681 -4.29826 -271.287 29.248 -18.3562
3.78526 5.05344 4.99096 -258.345 37.511 11.1065
7.34904 1.22586 10.9572 95.1479 255.287 38.071
4.60033 13.526 -0.230104 -178.393 63.679 -8.50093
4.02554 10.4933 -0.288537 -236.383 -21.6675 0.902326
4.22873 10.1255 1.92626 -217.412 50.9501 6.39908
8.0412 -8.80442 -5.25423 158.672 168.877 -20.5801
3.66431 1.28147 -1.48487 -277.113 -41.1934 6.24858
4.58203 6.42055 -12.561 -186.26 74.7336 -42.7509
3.70076 6.86565 -0.977752 -280.948 11.5122 -8.02924
6.66573 -3.19447 -0.0818221 7.79001 260.692 -3.12064
3.9236 4.17381 -7.9606 -265.838 35.8116 -24.2325
4.04117 2.20132 -1.59864 -254.423 106.794 -15.0462
4.24842 3.26466 -7.69869 -234.315 79.7218 -31.5389
6.4574 -1.79159 -8.71113 -15.9537 214.459 -10.558
4.07058 5.21889 1.40852 -253.303 -20.86 -4.64461
4.50786 5.53406 5.76648 -210.37 79.2068 6.1254
5.60144 -0.391773 12.2038 -103.59 208.142 22.9911
4.21149 4.58658 -1.70318 -241.812 64.7523 -0.923626
3.89812 5.44115 -1.99023 -274.559 12.6141 73.6787
6.27507 -4.42839 -6.07528 -42.4597 60.0735 134.931
7.89931 -7.47923 4.58869 117.17 175.701 26.8818
4.26612 5.13805 3.94019 -251.131 -5.70846 39.3286
6.61088 -2.05792 -5.65517 -19.7179 224.018 -16.2293
4.92042 12.9089 -3.92988 -187.813 76.6693 -7.75029
4.46076 5.11448 2.55957 -234.657 73.6603 8.7227
4.6511 -0.783902 -3.31796 -217.968 198.786 0.205801
4.14169 5.76099 0.503843 -268.904 40.4569 -1.21819
4.09667 6.60266 0.668754 -274.202 43.2063 -0.816993
6.34219 2.30321 -3.35205 -52.5992 228.786 12.1499
5.12648 12.0422 7.19576 -173.575 71.4873 22.3436
4.4891 2.12761 1.95009 -240.117 86.2322 -9.15175
8.22274 -9.49069 -12.8987 129.74 89.2234 -31.4562
5.69456 -0.670279 -3.13629 -122.338 226.152 -10.4595
5.33816 -0.676427 -3.66227 -157.825 238.222 -8.34286
4.24101 4.78336 7.43134 -267.328 37.6795 17.657
5.09685 0.323364 -2.62931 -188.422 181.911 -39.8696
4.51369 0.512524 4.2063 -247.478 131.052 11.1268
6.07368 -0.160828 5.88665 -98.063 206.227 29.2765
4.3608 4.44321 -0.810282 -269.15 53.1391 31.5217
5.07695 0.503027 -5.78281 -198.374 172.572 -3.08614
5.59103 0.531281 0.0116919 -147.739 199.837 0.352353
4.47527 6.57644 -2.70056 -258.58 45.5592 -5.98854
5.55084 -0.637293 -6.40064 -156.524 -66.7754 82.4604
8.27577 -6.7357 3.03368 112.447 219.468 2.80584
4.63885 5.51969 7.05594 -248.946 69.0054 23.0486
4.73374 4.40264 6.56448 -241.046 85.1401 6.95241
5.02474 8.69155 -5.03803 -215.447 125.506 -30.4322
6.38132 -1.15365 -0.945277 -80.8275 246.88 -2.89166
4.20335 1.41462 1.48994 -297.864 31.1971 1.19761
8.16179 -11.4824 7.9341 94.2626 186.862 28.8364
5.15768 11.2106 -0.0989936 -204.249 75.5698 2.93145
5.54398 15.7593 -0.232006 -170.706 85.5656 10.6725
7.18865 -2.36415 -4.63987 -12.7016 240.324 -25.3872
5.34156 2.39867 4.12593 -196.463 74.354 91.0077
5.18497 4.88429 1.92746 -215.753 77.9942 45.7277
4.99294 8.25587 0.253488 -234.848 73.7456 4.33335
4.74185 3.13395 -6.40063 -259.879 87.1174 -29.1618
5.84012 0.463938 -9.42007 -150.968 206.757 -26.6422
5.53925 0.302663 3.20291 -182.415 194.023 -8.06307
4.82841 0.343147 1.3629 -253.486 156.155 -2.24658
5.38753 9.84364 -3.85202 -199.777 93.039 9.76445
4.88711 5.36964 0.193735 -253.923 69.7633 4.44614
6.52498 0.0698936 -2.96019 -98.7782 210.361 5.41188
6.492 6.1638 15.8746 -105.898 99.2955 45.4989
7.84877 -3.93204 -0.387674 28.7931 275.824 6.2405
5.33116 2.83521 -3.07279 -223.193 128.752 -19.7348
5.99715 -0.576926 3.2763 -159.291 234.031 23.1052
5.24365 1.56796 -0.702029 -235.67 149.777 -7.49645
5.64611 7.98816 4.72462 -196.066 86.2895 21.8849
5.48035 0.654014 6.27682 -213.403 253.216 -131.621
5.7418 8.00464 5.37259 -189.099 93.8634 11.5446
5.8461 -3.38571 1.8491 -178.906 41.4264 -72.7659
6.40766 8.68772 4.12072 -126.364 227.925 25.1063
5.56585 8.18481 7.58466 -212.515 91.7789 30.365
5.57504 8.70245 9.78345 -211.75 89.0689 16.879
5.49559 7.0486 -2.98701 -219.651 86.7793 -18.2247
7.24341 7.50018 -0.867283 -46.1794 133.999 123.734
6.64573 0.279529 4.77138 -105.635 205.397 11.2692
7.38956 -0.566321 14.1966 -33.3198 196.801 46.6942
6.5775 -0.403243 -6.77967 -115.138 238.833 -3.08066
5.41468 4.35917 2.85943 -230.793 103.89 -3.58662
7.52045 -2.39216 8.04737 -21.9526 251.789 20.9781
5.21148 5.26018 1.42397 -251.404 90.8338 -7.54635
5.17717 5.03828 -1.42804 -257.031 91.8238 -15.5502
5.87649 3.67527 -6.96839 -189.086 129.399 -23.557
8.54912 1.29873 10.0253 72.5261 18.9776 -71.421
6.69662 -0.579582 -3.5015 -111.784 250.07 -14.2048
6.59678 -1.07006 -5.06368 -122.795 250.921 2.48314
7.82814 -2.31781 0.561673 -0.702749 238.813 -7.30356
7.81719 -2.0118 -7.8172 -6.81422 209.357 -32.3888
5.73426 3.2241 8.83128 -213.761 137.877 14.8808
7.35603 -1.21921 7.80331 -54.7859 232.17 20.3261
8.11325 -10.4387 2.27825 19.1321 199.696 22.7454
6.56279 1.47327 -9.55899 -135.069 192.351 -26.9377
8.07969 -3.1528 -3.79192 14.1711 254.675 -3.07316
5.68957 1.86423 -6.69414 -223.822 164.867 -13.825
5.73792 8.37853 6.56091 -220.285 90.7733 7.71804
7.57255 -1.92248 0.300852 -39.6415 250.14 -10.9974
8.7955 -5.05883 -2.20313 78.8875 206.227 -1.93851
6.28684 10.6414 -9.36351 -170.32 306.875 -101.753
5.23 3.79098 -0.278534 -276.048 93.9472 -13.2443
5.48135 3.67786 -1.08056 -255.536 112.713 -16.657
5.99668 9.49859 5.02761 -206.94 94.0127 23.2145
8.58762 -4.09667 2.17025 46.839 218.477 12.5227
5.98842 -1.73955 -3.47263 -212.434 130.622 -13.1802
6.53881 2.57656 7.98707 -158.115 168.461 28.8585
6.33822 1.98697 -7.97928 -181.488 178.553 -13.7642
9.34227 -7.22347 1.9652 116.324 199.878 6.16203
5.71975 3.46544 3.21479 -244.482 132 -1.92602
5.72166 8.46158 2.30248 -250.656 89.1069 12.8088
6.1149 1.18803 -2.17873 -220.886 192.418 0.236051
6.21314 6.96303 2.10553 -212.267 150.887 -0.330177
5.96015 3.66831 6.01721 -240.996 138.375 16.061
6.40749 4.70502 -0.640328 -196.832 137.554 -6.53145
6.28835 2.5228 0.414301 -210.087 96.7008 -5.75831
7.28593 -0.0975881 3.32668 -111.24 236.115 24.2107
6.21645 4.42069 3.34787 -219.826 130.206 8.81829
6.72692 3.91187 -4.60145 -169.532 148.624 -12.2745
8.30959 -1.75124 4.50966 -16.3066 232.244 11.4221
8.9269 -4.40755 0.146938 39.6753 258.907 -9.31272
7.88264 0.331786 12.4107 -67.3823 202.461 44.5667
6.65907 6.97609 3.74352 -191.488 125.726 0.16888
7.83413 -0.833497 -8.53062 -75.9591 245.429 -23.5431
7.04958 0.211796 0.365164 -154.569 233.687 15.0284
6.25933 4.91896 -3.20773 -234.581 131.984 -19.0679
10.102 -9.15497 -0.597396 142.866 186.949 -2.81385
6.22017 6.69417 4.09278 -243.432 109.879 7.2215
7.37194 0.464447 -6.52358 -129.102 194.991 15.0906
7.18994 1.9046 3.77809 -149.056 191.964 4.51238
9.19531 -3.17145 -11.69 43.9972 176.976 -26.4857
6.6966 9.05742 6.23482 -205.765 109.718 5.61836
6.84182 5.24292 6.40743 -191.531 136.621 12.7512
6.55546 8.55937 9.26215 -222.687 70.0297 -232.217
7.01608 4.95915 -6.57496 -179.047 145.809 -14.2578
7.00622 4.31509 5.08109 -180.852 145.243 17.5136
10.1747 -8.20034 4.66009 132.79 170.679 11.6077
6.80795 2.96828 -1.83041 -202.399 178.491 -0.41882
7.19353 2.76885 -5.57792 -166.085 177.935 -7.68396
10.052 -7.73681 10.0209 114.312 138.616 26.3916
7.40406 13.1558 -2.32569 -151.059 90.4024 -16.1454
6.75188 4.51366 0.55015 -220.253 151.214 -3.83414
8.10508 1.49325 -1.52085 -104.876 227.539 -15.0784
7.51533 7.58378 -5.16488 -163.806 127.923 -18.181
7.68884 0.754664 -4.91122 -147.399 227.882 0.222639
10.0148 -5.52274 -1.13334 80.6965 219.848 5.9263
8.00257 0.758877 1.56206 -120.613 252.751 -8.01564
7.22806 13.5175 -10.0937 -197.586 116.523 -37.883
7.21347 3.62516 4.22593 -208.797 175.935 -27.7564
7.85391 -6.65834 1.91527 -146.329 47.0983 67.7163
7.21794 6.11353 0.92098 -211.812 146.921 -6.74197
7.65486 12.3014 -8.09918 -172.375 103.524 -36.0352
7.71822 12.9469 1.30804 -171.187 108.236 -6.18466
6.91715 3.51664 5.13767 -253.601 51.4592 70.0953
11.0466 -5.91006 4.09603 155.783 178.029 1.47797
7.42375 4.23995 -5.47094 -204.258 161.426 -10.7674
7.4831 7.00942 -1.108 -207.963 133.055 -3.30418
8.2303 1.61776 0.0773966 -139.115 221.097 13.2563
8.45927 1.968 -3.64824 -118.674 195.465 1.51113
7.92625 -0.885002 -10.9092 -172.214 105.897 -35.4481
10.8694 -9.75512 -11.6796 115.037 94.0891 -25.0528
10.525 -5.49877 10.307 78.9215 186.306 31.7802
9.80779 -1.65258 -9.85473 0.947897 192.431 -37.0116
7.41392 5.19592 1.28594 -243.876 116.191 -10.4644
8.53733 4.54483 1.40716 -135.337 172.787 -29.9195
8.51756 4.14092 2.99372 -148.735 184.375 -1.33478
9.67443 0.604476 11.6005 -52.5136 200.384 33.3696
9.5928 -9.78162 -12.2892 -60.8194 199.349 -33.4124
9.64276 1.41551 1.66117 -85.4952 239.625 5.86184
9.94902 11.7155 -0.578268 -60.4657 251.367 -4.00033
9.1363 4.79812 -1.80083 -161.878 196.403 -6.96529
11.1049 -12.0562 8.11185 33.4105 463.591 -82.8455
9.27454 9.23657 6.19336 -148.528 141.186 20.0612
9.14515 11.7358 -4.33839 -171.995 130.231 -12.0608
9.33645 8.50377 1.70523 -154.079 143.009 7.94557
9.02184 7.28117 1.50411 -186.692 179.591 -17.6769
9.17463 8.66173 5.91539 -183.262 144.814 11.4542
10.7458 -0.948948 -4.90431 -31.0838 248.959 -18.4376
11.2004 -1.30285 -12.2288 13.8213 182.12 -40.001
11.3522 7.34089 0.0951323 27.2218 4.15909 106.884
11.8129 2.73788 -4.4874 68.6549 363.052 -97.8983
11.1796 -0.845448 -9.71458 -1.76508 208.333 -13.8125
10.0343 2.26599 3.37682 -117.457 230.611 0.646279
10.0409 4.77587 -2.17751 -132.577 207.688 -5.6147
11.8575 -2.77252 -7.89134 37.2019 182.2 -16.6559
12.0282 -3.58859 2.85973 38.7526 221.967 13.6893
12.104 -3.22711 -6.38024 39.1176 229.015 -11.3177
12.0971 -1.87651 -4.35706 11.193 237.001 -20.6043
11.252 -1.15178 25.9212 -74.3641 195.999 -66.5575
12.5787 -4.184 -3.20554 56.9629 210.96 -2.32491
10.6612 6.23075 -7.13683 -136.786 179.172 -33.525
10.8486 6.91047 -4.85067 -120.849 165.933 -25.9889
12.6035 -4.11496 7.22503 46.5455 204.334 11.9456
10.8227 6.44196 -8.15081 -131.557 174.326 12.0822
11.6448 2.61591 -1.26141 -76.0431 215.674 -7.30527
12.7126 -8.52255 -0.0649918 26.4548 222.538 -7.62193
12.3157 0.178602 -6.17584 -22.1331 207.095 -8.44369
12.8884 2.40076 -1.50345 30.9839 265.59 22.1113
11.8575 8.28625 15.6016 -77.8741 276.055 72.9513
11.6593 4.69931 -2.49656 -118.526 214.393 5.33885
12.3124 3.99924 4.33844 -73.4796 187.864 10.3232
13.7431 -2.31317 -5.36881 42.7167 198.138 -9.41325
13.2107 -0.0519853 2.12552 -12.7677 206.407 -3.76972
12.7707 2.06939 1.73738 -64.8527 231.648 16.8111
12.5737 4.73711 -0.10424 -95.9044 187.488 10.2271
13.246 2.50583 1.87915 -45.1337 213.559 4.85407
13.9435 15.3594 -4.04859 -3.60233 73.2597 -15.3083
14.7429 -1.83451 -9.71136 33.471 168.513 -28.3098
15.871 -11.528 3.38695 95.7097 66.373 10.9124
15.7279 -5.75601 -4.13176 9.00986 263.127 -8.49679
nan nan nan nan nan nan
13.5339 1.05946 4.88153 -28.8931 209.824 12.4821
16.3711 -5.92306 1.2059 -45.2442 268.466 -62.2513
