-19.92 6.75902 7.46895 -302.238 108.24 72.4579
-15.2966 -7.65359 -2.26139 51.2678 -166.018 48.8544
-14.2146 2.09074 -2.45708 141.585 -174.895 35.2589
-16.5118 -3.63635 1.93027 -99.1656 -71.8124 -73.7703
-17.0778 -11.6108 5.91847 -166.377 -161.699 69.7532
-17.7922 7.82412 -5.34626 -242.252 -42.1279 -73.3514
-16.072 -5.44435 -0.611681 -88.3903 -148.157 5.18845
-14.013 -6.47352 0.487257 46.6698 -210.071 -5.74761
-14.7788 -2.45832 -4.77251 -30.7294 -196.324 71.9693
-14.9333 -3.7978 1.76151 -47.3688 -193.028 -28.4542
-14.3752 -27.1726 13.2364 -7.97182 -318.259 86.2009
-15.5235 0.881653 -0.621221 -132.743 -154.331 8.36107
-16.5197 -6.10041 -5.21189 -237.587 -165.565 -9.45321
-16.8702 15.6801 -7.59878 -275.378 29.9664 -23.6312
-13.8781 -5.56439 4.03296 13.3153 -196.241 -52.7616
-14.6765 -5.00424 -5.14383 -67.548 -110.036 70.3002
-13.4411 -5.99383 -3.17427 52.8935 -189.875 50.319
-15.094 -2.7047 -1.46031 -113.744 -180.229 11.6631
-15.1304 0.530553 1.01478 -119.348 29.0765 -71.5548
-15.7572 1.78185 3.84513 -186.068 -55.7762 -54.3598
-14.9092 8.7169 -0.749596 -131.54 -161.132 18.5814
-15.3154 -3.76463 -1.22774 -175.195 -97.6757 17.9666
-13.7037 -0.225562 -1.92716 -15.335 -201.625 28.4425
-13.7324 -4.91871 1.30289 -20.4531 -193.845 2.27999
-14.091 -6.23223 -2.63302 -58.8072 -196.79 45.3863
-13.7607 -1.52301 -4.03837 -28.2192 -194.202 60.7891
-12.7337 -0.528669 7.71088 70.7255 -168.107 -128.256
-13.5464 -0.506104 3.31881 -10.0542 -190.325 -52.0677
-15.0137 -2.44302 1.48574 -166.398 -113.081 -24.0722
-14.1433 -18.8502 -10.6956 -81.4468 -148.361 50.4931
-14.5818 -0.711082 -5.22511 -127.369 -140.749 77.9932
-14.1008 4.01825 -2.04957 -82.4142 -239.057 64.4821
-13.6212 -6.97039 4.1755 -39.0616 -196.782 -70.4362
-14.2631 0.67202 4.50082 -104.034 -149.797 -71.1641
-14.9491 -0.96645 4.39312 -172.705 -89.7704 -64.9407
-14.7816 -3.22921 4.11973 -157.222 -116.298 -65.7019
-13.7589 -0.888356 -1.48706 -58.3747 -188.26 29.4648
-14.7986 2.62116 -3.94876 -163.057 -109.143 41.6761
-14.065 -5.88973 1.51235 -91.6666 -182.927 -17.4227
-14.9978 3.30559 3.13449 -185.548 -80.5348 -41.8206
-14.1741 1.09657 -3.44036 -103.848 -155.645 50.7788
-14.9379 -1.71165 -1.82625 -180.295 -80.2571 30.6012
-15.0227 3.1405 1.55318 -193.299 -78.5824 -17.4169
-14.6785 2.91957 5.78568 -160.93 -139.123 -80.2656
-13.7331 -1.27022 -2.81075 -69.2103 -167.528 108.534
-15.0346 -0.802438 -2.95792 -198.749 -16.0858 -1.99221
-14.9074 0.57237 -0.819067 -188.483 -229.752 -49.8466
-14.0294 2.19623 0.566591 -104.421 -155.067 -9.71457
-14.1426 0.491248 -0.31353 -115.756 -151.284 2.69507
-14.0876 1.78334 3.61612 -111.964 -110.671 -62.2074
-13.9259 -0.961662 -0.334949 -96.1022 -157.238 11.3131
-13.64 -6.86084 1.74128 -69.4701 -191.11 -21.7117
-13.3832 -7.64407 1.62696 -46.3105 -202.76 -6.50759
-14.3749 -0.15873 0.967363 -147.38 -117.379 -16.9577
-14.5662 1.01667 4.17802 -167.791 -118.432 -63.8312
-14.5254 5.25262 0.754492 -164.093 77.8736 53.1555
-12.2564 -4.29685 -6.91253 61.2044 -167.257 107.445
-14.1419 -3.05978 0.496407 -128.963 -145.1 -0.731673
-13.8322 3.80376 1.28381 -98.9686 -176.532 -20.7002
-14.5018 -1.50344 -2.16942 -167.886 -73.3373 33.4637
-14.2561 -1.17123 -1.44952 -143.836 -119.636 21.1058
-13.3138 -0.769972 3.43628 -56.4016 -180.223 -37.3722
-13.4954 -5.74801 2.71031 -78.7892 -171.57 -43.0701
-14.6329 2.59409 3.33089 -192.859 17.9451 -46.5745
-13.6391 2.31253 -3.43555 -94.8653 -166.891 50.8144
-14.5134 2.53277 1.22308 -183.632 -68.0467 -21.8949
-13.7892 -6.8363 1.10176 -112.199 -176.378 -10.3125
-13.2123 -0.510536 4.48122 -56.2814 -169.859 -125.18
-14.3289 13.2859 -0.937621 -168.633 -35.0262 -33.5406
-13.8674 4.4347 0.480554 -129.103 -157.044 -5.24131
-13.7154 -3.54282 3.34357 -115.536 -154.924 -61.4948
-12.2213 -0.37405 8.74533 30.8559 -162.323 -139.635
-13.496 -1.95573 -4.43142 -96.8022 -165.107 58.5748
-12.0019 -8.28105 -1.41538 51.5366 -193.519 20.5481
-13.1485 -2.43984 -1.63447 -64.4673 -169.835 27.5849
-14.1893 -12.5703 0.767966 -167.913 -287.559 119.719
-14.0562 -5.61002 -4.75288 -156.378 -120.426 80.3883
-13.945 0.0889441 -2.26259 -147.024 -214.528 0.332523
-13.1373 -1.38046 -9.24769 -68.0002 -167.229 92.6589
-13.0373 -5.93108 -0.0534661 -58.115 -179.261 -3.1843
-13.8045 -1.09771 0.993416 -136.22 -115.245 -16.3582
-13.7264 -5.41075 0.779991 -133.237 -139.467 -15.4432
-13.9599 -1.75874 0.0878207 -157.077 -106.36 54.8296
-13.7227 -5.67324 -1.89652 -134.514 -140.923 21.7916
-12.7415 -2.22573 -6.49423 -39.4645 -179.412 98.5201
-13.8346 -1.45554 -1.65855 -148.695 -95.134 -29.9708
-13.5529 -8.45409 -1.97543 -120.968 -169.141 28.6581
-13.2076 0.202743 -2.22161 -87.1648 -164.036 39.8844
-14.2805 6.50178 0.984986 -194.409 -72.8039 -16.5344
-12.9766 -4.35843 -3.71099 -69.0806 -176.851 55.6159
-12.3118 -18.2385 -4.10492 -9.42258 -176.151 -4.64467
-13.9553 -4.20758 -2.29689 -174.358 -39.7487 46.1297
-14.1075 3.66932 1.64023 -191.44 -29.6803 -26.5761
-13.6275 2.6612 2.06407 -144.348 -67.1398 -28.5825
-13.7811 -3.87085 -3.02917 -160.408 -101.189 44.1436
-13.7332 -0.117189 2.29354 -157.289 -93.9455 -32.9155
-13.9755 1.89617 -1.57331 -184.441 -57.6905 30.2106
-13.848 -2.707 0.654326 -175.645 -59.4126 -7.62052
-13.8421 0.456371 2.59685 -176.817 -34.9364 -42.8573
-14.042 6.04628 -1.33277 -201.115 -16.8484 18.1366
-13.7928 4.57462 3.78328 -176.603 -82.158 -68.8894
-13.7987 2.06578 -3.10084 -179.068 -59.7156 53.5424
-12.274 6.11597 -5.76289 -28.2992 -187.499 87.1068
-13.1891 -15.4534 13.0773 -119.21 -338.674 135.601
-12.5442 6.45651 -4.88645 -59.3611 -194.734 74.2297
-13.5449 -7.29574 -0.49586 -159.422 -123.788 -3.82728
-12.2626 -2.5087 -6.33296 -32.047 -161.648 96.1191
-12.8513 -8.37282 -1.49113 -92.2491 -179.236 28.1126
-13.5706 5.31448 4.20925 -165.218 42.2224 -112.53
-11.7478 -24.0697 9.03707 14.3807 -216.774 -16.4822
-13.035 -2.42508 1.31603 -113.629 -136.903 -13.9602
-12.6751 -3.58024 1.28107 -78.3908 -157.504 -17.1197
-12.9954 -5.77488 -0.991593 -110.969 -152.989 18.1263
-13.1189 0.052438 4.91412 -125.549 -124.862 -76.4916
-13.5685 0.299525 -4.22887 -174.837 -174.861 85.6251
-13.4303 -2.72196 -2.43713 -162.422 -83.5983 30.3147
-13.8618 7.74054 1.3909 -206.749 32.6482 -6.78576
-13.4216 2.44629 2.34779 -167.709 -64.3742 -38.9136
-13.7041 6.08153 2.82968 -198.136 12.9307 -66.1352
-13.4302 2.39539 -1.2103 -171.452 -25.9895 -18.4523
-11.7213 -3.37681 -0.539651 -2.34314 -229.519 22.0291
-13.4927 3.43941 -1.30806 -180.062 -32.4643 17.4295
-13.3309 2.77229 -0.00331676 -166.167 -69.1253 5.67668
-12.8427 -1.92577 3.58122 -118.728 -326.115 41.5574
-11.2881 -6.68052 -4.06191 33.6012 -183.8 41.3549
-11.2016 -9.72673 -1.77857 40.6674 -197.996 35.2762
-11.5594 -9.57362 -3.39024 4.83829 -206.866 26.0896
-12.583 -3.44885 -0.891144 -104.089 -139.376 10.687
-12.1837 -5.97292 -4.24148 -64.7123 -171.806 61.2216
-11.6977 -10.3008 3.41887 -17.9995 -204.789 -50.4614
-13.0432 -7.11173 -0.091124 -152.476 -117.21 -9.5856
-10.4235 -23.4501 8.3113 106.752 -159.322 -2.47228
-9.84523 -9.23796 6.86463 160.915 -111.582 -102.677
-12.7775 1.29834 -4.03663 -130.423 -104.878 64.0216
-13.1031 -0.119283 0.612321 -163.371 -93.5637 -9.72596
-11.8469 -0.191226 -7.01476 -42.4521 -162.255 120.946
-13.1659 4.88357 0.944402 -178.724 40.3091 0.276813
-13.1369 3.4782 4.12541 -175.883 15.4479 -65.4526
-10.1212 -10.5642 1.84055 122.233 -162.562 -37.6139
-11.7347 -8.03993 4.96532 -39.185 -186.32 -93.5702
-9.87535 -10.7792 3.41708 143.897 -133.091 -60.0712
-12.2495 -8.61353 -1.38643 -97.8003 -166.948 16.855
-12.5674 2.89845 -5.13901 -130.563 -128.643 80.9288
-10.3628 -8.3732 -7.39075 85.7019 -165.422 108.055
-13.0968 5.3738 -4.43968 -186.073 -11.912 66.0068
-12.7245 6.15579 -1.37506 -150.414 -119.282 26.359
-11.9271 -3.48307 -7.97305 -72.1854 -156.084 117.459
-13.2128 5.9143 -3.95904 -201.599 20.5993 -17.8867
-12.4754 -3.94171 8.06357 -128.659 -117.189 -117.437
-13.1438 6.72435 2.18446 -195.587 0.158942 -55.6089
-11.7587 -5.81586 2.13929 -60.2836 -162.753 -36.5823
-12.6846 1.81089 8.06967 -152.543 -79.3547 -128.923
-12.6342 12.2508 1.52464 -148.5 118.891 -94.2908
-12.9297 5.55356 3.82739 -181.804 16.7437 -19.8412
-12.6099 -2.49456 -7.10546 -152.681 -79.4915 102.425
-12.4577 4.36759 -6.67033 -138.756 -90.6973 107.426
-12.5476 6.78948 -1.20617 -147.832 -128.633 23.6854
-12.5585 7.14758 -4.56923 -153.818 -20.647 96.247
-10.1998 -10.3929 0.24184 78.5776 -183.498 -16.8768
-12.8522 6.62928 4.68512 -185.976 -31.892 -74.0787
-12.4421 0.131711 -8.32644 -148.872 -62.0276 111.34
-12.7692 8.43314 0.270097 -184.545 75.4554 -6.53202
-11.4399 -8.93055 3.34442 -52.9626 -185.709 -69.413
-12.1775 7.6593 -0.820056 -126.293 -140.039 17.3438
-12.3651 -5.54571 2.81513 -145.056 -100.72 -36.5574
-10.6072 -32.8798 7.87595 27.7094 -213.594 -78.0748
-11.1757 -7.10942 -2.25405 -29.5886 -174.591 43.7394
-12.9401 1.07216 3.494 -205.632 -45.6619 -5.16927
-12.0643 4.44475 -8.54712 -121.167 -122.337 116.355
-12.4681 3.78579 3.97864 -165.146 -83.6653 -55.6808
-9.50308 -10.1993 -4.55475 128.056 -158.212 81.2232
-11.4917 9.21678 -0.828765 -71.1341 -205.908 14.2725
-8.88533 -12.8916 2.70563 185.822 -209.272 -45.5657
-11.8961 0.814337 -5.636 -113.737 35.9678 -34.7374
-12.4048 2.71669 5.77682 -164.92 -18.4939 -89.912
-12.5342 7.10825 1.91307 -179.241 32.2644 -69.2952
-12.8094 5.55958 -3.43554 -209.119 -162.397 100.769
-12.6298 8.61698 -3.42146 -192.723 -78.8084 56.7665
-10.4079 -6.88206 -6.30984 25.7693 -169.056 76.7256
-12.6 9.09101 1.17811 -193.185 69.8199 -15.7171
-12.3111 5.05827 -2.91701 -164.724 -54.5547 43.5833
-10.5391 -11.2032 -1.51157 6.82813 -202.391 21.8265
-12.109 0.568649 4.46636 -149.853 -96.8895 -65.9254
-12.3753 5.38475 -4.20277 -177.07 12.839 44.1475
-11.9883 -3.80377 7.59046 -141.824 -82.3091 -118.622
-11.8744 -9.36023 -1.69425 -132.123 -149.402 29.5284
-12.2476 6.28138 -0.294895 -169.46 12.2028 25.5561
-10.0393 -5.2342 -5.95419 48.9283 -238.23 80.8601
-12.4762 12.547 1.05973 -196.47 71.6921 -23.9876
-12.1123 3.84762 4.44253 -161.647 -55.9065 -56.4285
-11.6729 -11.0865 0.41044 -120.222 -161.248 -9.01036
-12.3712 8.59547 0.109508 -191.549 47.446 2.70802
-12.3214 8.16024 3.69255 -186.889 51.5771 -52.3703
-12.3405 8.12082 0.215476 -192.915 12.5163 -26.334
-11.9834 4.06653 4.82881 -159.326 -40.0085 -75.3146
-12.0545 -6.45512 -0.08459 -166.804 -95.5157 5.38842
-11.0271 4.16908 7.97201 -68.7625 -166.81 -123.922
-11.9065 3.85032 -5.33938 -162.821 3.90728 80.0532
-10.8293 -6.06429 -8.42239 -58.1838 -147.482 121.656
-11.3195 7.63928 -1.15866 -107.973 -162.934 23.2126
-11.9627 9.12043 2.26856 -177.319 -90.0873 -30.8817
-10.0115 4.23955 -6.16255 16.194 -191.969 -29.914
-10.2042 -15.074 -6.29778 -6.0327 -206.612 -50.0094
-11.2994 8.06637 2.37348 -115.617 -144.56 -32.0579
-12.1756 9.62081 -2.51331 -203.368 2.23354 31.7233
-8.71123 -17.3658 -0.54261 139.761 -111.73 -29.9437
-11.8724 6.95893 2.29539 -174.801 -57.439 -31.3364
-11.9327 -2.45743 -2.31563 -181.324 8.1392 -22.8196
-9.44366 -9.81354 1.28563 64.7604 -170.654 -25.6709
-11.4476 2.04504 -9.87962 -135.873 -87.0273 -16.198
-11.5781 6.76 0.675277 -150.378 -127.297 -5.39058
-8.78814 -12.1655 4.06877 125.942 -160.539 -71.3184
-9.66197 -16.1186 -8.11668 38.6095 -120.506 112.599
-11.8978 10.2454 0.134718 -184.3 -99.2227 -9.27311
-11.6803 5.03646 -8.53231 -162.842 -59.353 128.663
-11.9365 4.01059 2.07761 -190.432 -36.303 -11.5063
-11.7694 6.77304 0.459741 -174.277 -39.2644 -9.04182
-8.72584 -11.5468 -2.34579 125.217 -161.182 27.3974
-11.1092 -6.2865 -6.69654 -117.102 -118.806 100.829
-11.7487 8.4318 2.56319 -181.01 51.8896 -54.8506
-11.8034 9.91106 -0.521536 -193.584 65.3137 -2.20035
-11.0196 5.81528 9.61871 -116.923 -109.781 -143.35
-11.1808 9.30394 2.45893 -133.867 -164.775 -40.0971
-11.4874 7.23891 -0.767797 -164.831 -93.2218 9.44951
-10.6717 -7.53957 7.60825 -84.5746 -148.299 -112.345
-9.65697 -18.2722 7.1987 15.9787 -243.884 106.87
-11.8158 9.7779 2.69578 -200.454 35.4508 31.7373
-8.54137 -9.56997 5.19346 123.97 -130.207 -86.8004
-11.0835 -9.19274 -2.00832 -129.138 -137.87 34.1816
-8.34356 -8.96533 0.496296 140.031 -221.278 3.25377
-9.87594 -11.1946 -8.59331 -15.3889 -197.846 -24.7136
-9.30604 -11.3155 -2.71225 38.899 -154.863 41.1746
-11.5929 8.78732 1.44485 -190.756 6.74906 -28.6731
-11.401 4.74078 -2.19492 -176.348 -97.0431 33.2358
-8.92757 -1.83854 -0.988101 65.1476 5.67628 159.362
-11.1671 7.65304 -3.04461 -160.312 75.0092 37.7125
-9.67456 -1.78993 4.35788 -17.7954 -227.891 -31.1864
-10.4726 -9.45155 2.29144 -99.9344 -151.989 0.0926595
-11.0284 16.5977 6.79055 -156.144 59.4855 -24.5724
-11.3067 7.97826 1.48241 -183.983 6.61198 -10.3439
-11.2724 8.48835 2.18832 -183.504 24.4092 -35.5256
-10.9523 7.25903 3.33417 -153.737 -90.4274 -52.2921
-9.26886 -10.1303 2.603 13.4046 -185.417 -32.1471
-9.48659 -16.2971 -1.59207 -13.5769 -184.419 -1.13381
-11.332 8.87261 -1.31137 -198.535 -18.9175 34.139
-10.011 -8.15011 -3.31633 -67.9741 -156.703 67.1849
-11.0774 9.65279 3.64089 -173.965 -100.607 -52.1387
-10.2435 -7.77265 2.19045 -92.6798 -142.263 -37.5094
-9.40732 -9.4516 -2.68669 -14.1484 -179.928 17.4009
-11.2652 6.32719 -1.2487 -202.762 14.6427 -31.9647
-9.00956 -12.0639 1.28371 18.2719 -193.862 -19.2276
-9.79702 -8.81671 0.51562 -61.471 -163.85 -24.6574
-9.73517 -8.94228 1.53584 -61.6745 -160.466 -13.9543
-10.9853 9.00028 3.22546 -185.883 -30.8689 -35.769
-7.9126 -21.6977 0.7187 116.861 -391.914 142.231
-11.0164 6.11459 5.36859 -193.666 15.3486 -86.6738
-10.9973 11.5072 0.117796 -191.827 -48.5541 -5.12541
-10.7127 9.10431 0.860702 -165.15 78.3659 -5.27495
-9.99569 -2.90638 -9.38437 -96.4597 -94.0848 149.068
-10.822 3.48454 3.08885 -179.032 -89.2256 19.6251
-10.7774 8.50348 3.97458 -174.765 -68.5231 -62.9281
-8.96739 -10.0003 2.46208 -0.241986 -179.645 -39.0347
-10.8289 9.79587 -2.01262 -189.265 -61.7841 32.1413
-10.3804 7.61469 5.39651 -144.719 85.1141 -87.5679
-7.66873 -4.14438 -6.52686 123.139 86.7559 -55.5204
-7.17498 -12.583 3.07426 170.885 147.29 -40.9462
-9.55915 -6.67329 -9.59618 -75.1413 -133.416 151.343
-10.3787 10.5542 2.38407 -157.969 -3.3994 -59.9604
-10.4089 11.2509 0.0498457 -166.251 111.268 -3.87033
-8.9461 -10.0344 -4.29764 -26.942 -146.476 68.1024
-10.5176 10.5526 -3.50513 -183.425 -72.2804 34.6666
-10.4039 8.44259 -2.2721 -176.764 -45.7476 36.0593
-7.09246 -13.3656 3.55872 140.665 -148.406 -41.8763
-9.77947 1.509 9.63741 -129.016 -4.9301 -148.93
-10.0524 7.55723 8.53278 -157.13 -59.2394 -132.757
-10.3644 10.1834 2.326 -188.219 45.1988 -45.1751
-10.4653 19.0285 0.609488 -199.886 -2.26589 -12.4618
-9.98664 2.44915 5.31196 -154.661 47.0247 -49.4999
-7.54156 -9.04188 7.80325 88.1054 -132.272 -127.623
-10.391 10.9702 -0.405326 -198.856 -1.15388 14.0734
-10.3711 10.9126 -4.10586 -199.59 26.7846 65.2452
-9.45336 -0.985949 -11.7827 -112.9 -51.9721 182.53
-10.4112 11.5991 -2.55154 -208.599 -28.4583 28.7492
-7.96727 -3.87104 -4.35755 23.2019 -231.615 78.5538
-9.80408 9.75517 5.07421 -160.191 84.1539 -47.2006
-7.39152 -11.066 -1.90952 79.2342 -165.489 19.6604
-10.2304 -2.10233 0.42925 -203.534 3.72984 1.86469
-5.93897 -13.1265 3.13258 222.384 -214.128 47.6213
-8.54782 -12.5187 1.05503 -39.7472 -195.783 -25.9212
-7.82113 -12.4871 5.45354 27.8439 -170.52 -57.5548
-6.77629 -10.3443 8.90787 128.405 -112.354 -126.986
-10.0549 10.6298 2.25174 -199.042 -9.17137 -24.8106
-7.13736 -13.3509 0.486374 87.1443 -190.694 6.71856
-9.88345 10.6799 6.17264 -186.198 59.6766 -86.6369
-8.77208 -9.78106 -1.92795 -79.238 -151.909 12.7021
-9.18462 10.5421 1.40809 -125.174 -180.933 -17.5824
-6.2311 -12.4793 -0.898599 166.865 -110.074 27.7571
-9.54085 8.33347 3.94036 -166.899 -46.4085 -77.9049
-9.5405 -5.41898 1.03972 -169.038 13.0206 -64.8456
-7.472 -4.72893 -10.4459 35.7566 -122.03 -51.6105
-8.31822 -10.3688 5.79152 -49.9136 -171.615 -94.6447
-9.66747 10.6786 -3.56529 -185.147 -62.9868 67.6862
-9.44207 9.01462 2.48725 -164.658 51.3909 43.0928
-9.34767 2.24964 -3.19528 -158.917 -65.7929 -94.5034
-8.24602 -10.3231 0.91315 -50.2872 -166.404 -12.2005
-9.50803 12.1773 -4.06384 -178.269 95.4629 59.3106
-9.54289 9.56813 -5.5443 -183.446 7.10343 92.3571
-8.59048 1.65322 3.83301 -92.2219 -189.64 21.4948
-7.37561 -10.9518 1.31388 28.1408 -172.661 -26.4644
-7.98603 -9.07523 5.13467 -37.9178 -159.637 -84.0086
-7.63711 -12.6053 4.22994 -10.2171 -197.849 -78.8895
-8.95141 15.3339 12.833 -144.68 -86.6345 -201.787
-7.32266 -11.6659 0.742249 15.8386 -143.544 -81.0041
-7.37065 -10.8735 4.64204 5.62966 -172.403 -71.4944
-9.09058 9.85938 0.134313 -165.688 55.9916 -19.1208
-8.08047 -4.81929 11.3222 -71.9367 -104.071 -174.843
-9.21619 10.4561 2.39377 -185.739 -34.8221 -42.513
-6.87434 -12.4438 0.964798 38.8002 -186.273 -6.89013
-5.42538 -13.2756 -3.34466 179.332 -98.4157 52.5388
-5.82079 -12.1752 5.98791 136.416 -120.71 -110.403
-8.92609 10.218 -6.47661 -176.519 21.5368 94.1827
-8.94222 10.6036 -6.43705 -185.458 -46.2752 110.046
-9.20924 19.6579 -0.530462 -219.762 -83.1212 -0.350003
-8.75147 9.95539 3.87083 -177.557 16.0801 -57.5209
-6.47595 -2.24626 -0.00638725 40.8946 -24.3651 -175.478
-8.716 10.701 -3.94659 -183.349 -42.4517 55.0174
-8.47701 -0.101319 -4.25547 -161.908 -182.201 22.3783
-5.18906 -12.6432 3.78625 160.985 -107.644 -70.3653
-5.90631 -14.6281 -0.172573 79.849 -193.901 -8.00696
-8.33494 8.38069 -6.44636 -162.485 -56.2759 99.9926
-8.26385 12.1202 -3.12475 -167.718 98.3561 74.0795
-8.34697 10.4742 -1.47286 -181.399 -26.4884 20.9438
-7.07411 -8.73831 -5.05595 -55.7915 -169.079 78.882
-6.17298 10.3368 -2.29644 32.3575 -131.467 8.31018
-5.25782 -10.7837 7.46792 118.354 -122.059 -99.8007
-8.35044 12.1388 4.42017 -198.704 -9.32659 -65.8639
-5.46116 -6.56528 -2.58621 88.1766 -232.387 15.5489
-6.40109 -12.8552 2.79976 -7.52906 -10.446 -155.971
-8.32232 12.3797 -0.869769 -206.516 3.89781 4.25011
-7.86523 10.8557 -1.35618 -169.619 51.9414 49.5245
-4.28867 -14.2688 -1.2905 184.454 -82.8686 20.1988
-6.47906 -10.4452 4.95325 -33.761 -221.613 -43.4068
-7.53055 10.444 -4.49365 -138.532 96.1793 63.1595
-6.14995 -13.7974 1.48855 -7.80085 -197.535 -30.4119
-5.14277 -13.7598 2.1968 90.4004 -173.244 -44.3231
-5.56338 -11.8538 4.62616 48.0585 -183.761 -81.5757
-7.82637 10.5685 4.24071 -178.767 -0.372078 -63.28
-5.75871 -14.3431 -4.13133 22.8172 -203.041 37.426
-7.50728 13.0718 5.11271 -159.015 122.963 -53.9501
-7.72786 11.4526 4.04674 -188.435 27.3872 -54.7381
-7.48946 12.5936 -5.02293 -168.252 92.5363 70.6182
-7.79072 9.51721 -0.134949 -199.084 13.9239 -12.793
-5.42886 -11.9357 -5.2345 28.6967 -169.396 58.7033
-5.85157 -11.5499 -1.96202 -20.1461 -169.751 29.9028
-4.96575 -15.3988 0.699532 64.9941 -196.923 -21.7832
-6.14045 -12.0565 4.5587 -58.1388 -166.447 -58.1155
-6.98454 10.8019 -4.92165 -144.12 154.73 24.5156
-4.79944 -13.1761 3.79151 64.047 -170.111 -67.7001
-5.24538 -13.4832 1.94636 12.8251 -177.003 -21.6916
-6.70253 19.1523 -0.574363 -132.996 22.6784 4.35864
-6.94011 13.9613 -1.81058 -158.441 135.091 -10.2808
-6.97305 9.74242 6.63073 -162.641 3.8781 -106.338
-6.617 14.52 1.32457 -130.552 163.488 -10.553
-3.81431 -14.582 3.7176 146.706 -143.506 -49.6571
-4.67109 -13.6645 3.69687 61.5492 -182.962 -66.7652
-7.27304 12.9635 -4.64254 -199.78 7.86864 66.4633
-4.10814 -13.2414 0.144728 95.2386 -154.715 10.6792
-5.40034 -9.33781 -10.0768 -34.9336 -201.823 196.997
-7.00324 12.2464 0.138735 -198.629 -22.2236 -0.251762
-4.37645 -12.9744 6.87911 57.6686 -168.715 -114.994
-4.34066 -12.0947 -6.4199 57.7971 -155.96 89.8764
-6.59495 14.0672 -0.942202 -169.109 109.622 33.3324
-6.47587 11.9847 0.164228 -160.711 78.5645 -8.49742
-4.78632 -1.86622 10.6967 1.63833 -184.737 -23.0004
-4.00639 -14.1023 0.232473 76.6486 -176.939 0.66309
-6.61944 12.767 1.15082 -184.907 33.9787 -11.2428
-2.84182 -15.1335 -1.93984 189.15 -97.7489 12.1408
-3.73202 -11.6188 6.10745 98.3464 -135.387 -77.5598
-4.44411 -14.6711 -3.62579 24.7634 -200.348 43.4148
-6.21987 12.7305 -6.33233 -153.227 111.219 82.8657
-4.64806 -15.2578 -0.387482 2.68114 -208.884 -21.2811
-5.92081 12.1729 6.32954 -132.038 -146.254 -98.4324
-4.53497 -12.7078 1.69745 4.30018 -174.194 -18.3082
-6.49076 12.3906 -4.62771 -193.776 9.08966 54.6589
-3.41793 -13.1438 -3.08326 109.347 -144.366 48.5943
-5.93232 8.68846 4.98024 -140.562 118.324 -45.8394
-6.46213 19.0602 -15.5661 -199.554 -165.289 218.139
-6.22055 12.5688 0.7701 -184.257 35.5735 -19.9591
-5.969 10.9068 -6.83404 -161.959 -30.1151 106.49
-3.52427 -13.5088 1.46512 68.6136 -169.611 -18.4405
-4.20768 -12.8399 2.47693 -3.45651 -186.538 -30.0861
-6.04485 14.2138 2.6975 -186.607 85.5919 -13.8954
-3.04202 -13.3084 3.99849 93.851 -156.077 -42.7676
-2.07609 -13.5037 -2.92588 188.17 -51.1462 47.102
-3.94148 -12.7973 0.43742 2.6268 -177.017 -29.6676
-5.22487 8.97566 1.64689 -128.459 122.015 137.455
-4.96816 12.4903 -1.74264 -108.46 125.16 37.346
-5.88949 13.3848 -1.23391 -205.052 -45.4865 20.759
-5.62407 22.215 -1.40583 -187.631 25.8936 6.40458
-4.29789 1.86011 10.1062 -58.2391 141.505 23.0426
-2.6574 -13.9882 -5.53808 102.777 -162.496 86.3994
-3.37249 -13.1061 1.50618 30.2317 -178.672 -9.5059
-5.30232 18.833 6.59787 -166.905 47.2363 -130.628
-5.11308 12.5482 6.78972 -156.222 84.3267 -83.2407
-1.56859 -21.1206 -12.6928 184.987 -45.9551 150.388
-1.94772 -12.4624 -8.17288 145.085 -98.9245 122.888
-1.56678 -14.4553 1.11148 181.439 -82.6557 -11.413
-4.57129 13.503 1.90689 -117.246 145.851 3.20634
-4.18387 12.9283 2.79762 -83.9882 151.577 -35.0896
-5.2897 13.6426 -1.71768 -194.338 40.2762 38.8067
-2.45723 -12.0447 5.25864 86.7137 -135.424 -99.9683
-4.3038 13.6023 0.715797 -101.271 154.187 0.557974
-1.46023 -11.2654 -9.71129 175.788 -117.882 349.418
-2.31053 -12.4827 3.98193 90.5694 -143.72 -59.9273
-4.58678 10.9303 10.3969 -135.636 80.339 -145.262
-1.61148 -21.443 0.549007 152.629 8.69303 -4.88669
-2.54216 -14.8074 -4.1126 55.0521 -189.15 67.6275
-4.28871 9.65788 5.63452 -126.466 102.873 113.193
-1.89923 -11.6245 -10.3568 107.218 -111.213 147.284
-2.64557 -15.3947 -2.46519 29.2245 -203.647 26.6473
-0.855843 -13.8722 -0.564416 203.227 -42.0051 -6.68595
-1.40117 -6.89261 8.54064 148.499 -224.24 -131.211
-2.50764 -13.5741 3.10317 34.9465 -177.24 -39.4181
-4.22721 15.0145 2.28738 -138.92 122.345 -16.8827
-1.6132 -14.1373 0.506844 112.788 -155.929 9.47707
-4.38327 -2.70729 6.59835 -183.274 -12.3266 -44.4261
-4.21514 13.5328 0.0853975 -170.561 -117.396 -5.45088
-2.47962 -13.5352 4.56816 -1.2774 -177.424 -81.2369
-4.03844 4.40674 2.25627 -164.903 95.0146 100.328
-3.25909 -7.55204 8.52544 -96.6241 -91.9374 99.5846
-1.04253 -12.0962 -7.03757 112.265 19.8414 -76.118
-1.91312 -14.5163 -3.31545 25.5697 -189.672 59.7108
-3.10371 12.3489 5.63191 -111.791 121.422 -89.7176
-3.85813 13.4446 6.68371 -192.019 21.2918 -91.2891
-3.67661 12.7358 3.07691 -174.307 44.7557 -46.4061
-3.35994 10.8057 -10.3765 -155.023 19.7186 136.622
-0.580757 -13.4214 -5.36917 118.194 -137.879 83.7875
-0.754474 -1.29196 -4.95455 98.5583 -85.5185 -145.168
-3.4084 12.8988 -1.0919 -174.626 48.7361 39.1214
0.0675105 -15.2701 -1.23599 162.189 -109.903 17.0229
-3.55417 12.7843 -0.0154082 -198.167 108.178 16.723
-2.49108 7.27544 9.53524 -96.5024 154.906 -59.1205
-2.46929 12.5028 -3.33261 -97.5807 133.018 53.1685
-1.10603 -15.1703 3.10138 33.4568 -195.432 -43.0123
-0.0967295 -12.4436 -9.28097 131.255 -103.33 126.77
-1.3096 -14.2946 -0.832613 9.61067 -185.813 2.46401
-1.78407 13.5665 -7.48637 -44.3262 141.048 121.238
-0.665818 -11.339 3.66912 66.6109 -145.994 82.5221
-0.175686 -15.084 1.04116 104.748 -93.3975 -47.0644
-2.72775 10.5101 9.09383 -150.3 6.0188 -141.461
0.999708 -15.4824 1.00026 204.14 -56.7286 -33.0856
-2.28574 16.0952 -11.8622 -128.65 127.253 56.1384
-2.08056 15.6978 -2.70589 -109.907 177.829 29.7047
0.448685 -14.4293 5.94974 135.214 -140.235 -90.8957
-2.74242 14.1464 0.408999 -182.322 53.243 8.61673
-0.399852 -15.5877 2.33025 45.5788 -199.746 -19.9286
-0.252395 -21.7898 0.428152 54.3005 -131.561 -4.40543
-1.39365 14.7253 3.04934 -61.974 180.362 -39.4533
-2.81423 10.5658 1.30836 -203.39 138.525 -0.119556
0.129911 -12.9205 -4.88753 80.2805 -150.278 91.179
-1.66808 13.2894 -3.17843 -125.13 122.956 59.2057
1.57033 -13.7185 4.14671 195.548 -4.23747 -45.003
-0.715201 14.1721 -3.17605 -32.0244 183.455 47.4118
-0.480269 15.0565 -4.73343 -38.2341 194.145 71.2425
-1.72763 13.4227 -1.55026 -165.054 118.161 38.1603
1.79657 -15.1749 -1.82965 183.881 -94.8163 40.5796
-2.13513 15.535 -6.9936 -210.831 55.1512 123.271
-0.145101 13.5504 -0.412776 -16.5428 175.851 19.4171
0.000567391 -15.7336 -2.18804 -3.17438 -148.76 58.7414
-1.38473 12.3773 -8.67722 -144.413 85.7305 140.218
-1.47558 13.1758 -1.47629 -154.482 92.5529 30.1342
0.330666 -13.4649 1.45172 20.9784 -173.196 -2.18325
0.986111 -8.6791 -11.9889 81.1185 96.7123 188.965
1.02179 -15.4983 -0.0784804 84.1905 -187.981 -4.35126
-0.820268 13.1553 4.34134 -99.6441 144.142 -75.0467
2.23291 -13.9786 3.58971 200.911 -14.3656 -105.183
-1.45421 8.59134 3.54635 -169.756 192.153 -54.0917
0.990427 -13.3061 -5.48163 70.6577 -159.572 101.005
1.514 -14.3475 0.676429 120.19 -144.884 -9.92216
-0.781418 15.7639 0.0657583 -121.619 170.018 -10.9949
2.05718 -14.579 1.72004 153.831 -102.552 -10.4355
-1.45027 14.1967 -0.486019 -195.232 43.9603 22.6389
2.63536 -14.1603 5.81554 201.727 -19.4947 -68.7122
0.665752 0.0722717 0 -10.2223 0.941373 0
2.70923 -15.1167 1.49479 191.977 -52.2458 -23.4113
-1.13082 14.2328 5.13641 -201.911 -27.544 -80.9551
1.97735 -13.213 -1.86353 104.665 -137.421 25.5619
-1.14229 14.7368 1.6032 -208.358 8.9673 -23.7956
-0.0118634 10.7938 0.558649 -98.9711 -105.556 -48.1619
-0.801235 20.1293 -1.55751 -177.426 4.32941 30.6752
-0.608856 11.4676 -8.04786 -160.377 47.737 99.1812
2.70543 -12.8873 1.84284 165.439 -79.792 -45.0127
1.2365 -15.5033 -0.86222 15.2419 -133.721 22.3854
0.659568 17.6187 1.45498 -47.547 437.577 22.8077
2.52551 -12.7835 1.24166 131.449 -110.693 -38.7429
0.285574 15.6735 -1.79603 -91.5961 184.515 35.2843
-0.393584 15.2608 1.25114 -159.321 124.406 -7.79926
-0.271318 12.3876 6.64288 -154.433 73.7944 -95.3134
2.29881 -11.5268 -2.8803 93.1469 -150.21 45.0457
2.29035 -16.0403 -7.73318 90.3137 -182.643 -5.53634
2.87715 -14.2552 -3.2309 147.278 -126.378 27.4773
3.0651 -15.7173 -0.342559 160.933 -124.82 23.18
2.72147 -12.4106 -4.89523 125.6 -111.297 55.8145
2.39401 -11.8091 -6.99666 91.4424 -192.817 117.698
0.178843 15.232 -2.54335 -129.767 157.842 29.5598
2.87696 -12.5938 -3.21276 136.548 -105.52 51.8471
1.60169 15.3644 0.384032 8.03107 79.3309 3.96666
2.41528 -13.7551 3.61056 80.2938 -169.591 6.85216
2.97443 -9.28483 -11.1741 134.824 22.047 168.252
2.54408 -15.0689 0.964194 91.1725 -178.553 -13.2002
1.09491 13.3203 -6.68499 -56.8791 169.129 101.382
0.510304 26.845 8.83366 -121.724 29.8459 -74.396
2.89743 -9.59871 6.00324 113.627 -114.078 53.1025
0.225388 15.115 -0.596319 -153.86 138.631 -4.06692
3.22255 -14.8451 2.71731 140.425 -139.618 -34.9014
2.44691 -3.20063 9.44753 61.9572 101.927 98.895
2.65435 -13.9598 -6.63303 80.8634 -168.463 103.345
3.6737 -12.8794 1.06679 175.22 -36.5399 32.917
-0.101379 14.189 -3.5526 -200.225 25.1475 68.628
0.83508 13.1173 -1.26512 -120.034 129.428 11.8808
3.14379 -12.7124 3.87784 107.429 -135.341 -67.9102
3.30678 -12.4042 -7.86393 122.808 -115.111 135.702
3.48894 -14.2578 3.78145 140.76 -131.523 -80.5265
4.08212 -13.4524 -4.49948 191.148 37.0732 64.4176
0.666474 14.2397 -0.379639 -149.574 124.814 -6.42172
2.69355 -13.5307 7.41068 48.412 -172.671 -96.1844
0.293516 13.7425 2.1981 -194.754 39.8693 -61.0896
4.06541 -14.2547 -0.844278 173.502 -97.6273 -6.09098
3.91382 -12.0613 2.54462 157.791 -97.7616 -87.058
0.80907 16.9428 3.72115 -153.567 134.128 47.4851
2.47499 14.2968 0.0559383 9.06456 187.364 11.7122
4.38562 -13.1743 -1.38561 194.842 27.2258 16.452
3.94271 -14.6367 2.53446 145.054 -146.014 -62.6812
0.932805 10.7081 -4.79876 -154.264 171.114 76.0678
1.85225 15.5132 3.13552 -67.1931 194.368 -22.3246
2.78664 13.6595 3.23947 18.3159 181.609 -60.4549
4.496 -13.3674 -1.50648 182.085 -47.579 36.9873
1.79725 12.1983 -7.77811 -96.1599 131.142 111.292
1.20832 14.285 -4.61308 -154.916 116.779 58.8425
4.2592 -18.4171 -3.70619 144.654 -15.57 36.6251
2.15834 13.0058 3.45304 -65.4414 160.853 -31.4985
1.51777 13.668 4.82844 -130.664 120.986 -82.6952
1.59997 15.4039 -0.0204648 -124.531 81.2803 -82.1814
4.70214 0.676633 -5.11866 172.766 -105.663 -12.6949
4.9643 -14.4447 1.3769 196.551 -45.9925 -18.1303
4.39335 -13.3478 2.29672 133.877 -128.035 -32.4614
4.20769 -13.268 2.75316 107.115 188.543 -40.686
4.85446 -14.2082 2.59059 171.333 -111.685 -59.6351
2.43748 13.7837 3.84338 -71.6486 170.355 -36.2119
4.70444 -12.4362 6.7007 151.149 -84.1362 -101.558
3.90284 -17.5175 -3.62161 69.0728 -115.448 22.3559
3.96845 7.64463 2.904 75.488 -82.588 -94.1725
3.66614 -9.34141 -3.24667 38.7604 52.6096 -70.1558
1.60957 13.3877 -9.70558 -167.469 144.817 145.482
3.04727 13.2629 -2.21164 -25.2165 171.888 25.4594
4.25065 -14.3911 -2.57343 90.7288 -172.179 35.9881
4.20475 -7.03629 3.03224 74.6687 -206.734 -36.3266
1.62877 7.78903 -7.80369 -182.013 77.1331 4.85623
1.84562 13.9933 1.46398 -162.415 115.62 -34.2667
3.15551 13.4933 -3.62685 -33.0045 180.872 40.743
5.22725 -12.4533 2.21145 169.823 111.495 -19.6233
5.5726 -14.1138 3.03115 202.023 73.1687 -46.1801
5.21942 -12.6415 -2.27668 166.166 -78.7039 43.3924
1.90248 15.4218 2.01648 -177.126 117.986 -28.7811
2.76947 13.6971 -1.09616 -97.3771 161 -1.08234
3.49158 11.0398 6.87459 -40.9275 149.137 -117.829
2.452 13.8788 -4.87314 -147.507 125.689 66.6151
2.53879 12.4722 5.25953 -139.133 104.222 -89.1189
5.62787 -14.2721 -1.10423 167.388 -121.342 -3.54325
5.11407 -12.5243 3.20805 106.197 -140.811 -70.6113
2.78133 24.1544 2.05627 -129.962 356.251 135.83
6.23968 -13.3674 -3.83057 208.354 28.1828 65.6128
5.94063 -11.7724 3.84022 177.93 24.076 -52.9509
2.82685 1.18873 -4.71687 -136.014 180.038 4.8317
5.51161 6.71359 -2.12996 130.168 -82.6343 87.9795
3.98129 9.6894 5.22659 -22.7643 189.192 -68.536
4.36525 17.3197 0.0329139 13.082 151.951 10.59
3.89937 14.791 1.82295 -35.3892 199.099 -37.6367
3.33989 11.8474 1.03389 -97.1529 199.669 -10.934
6.2322 -5.94736 7.93229 187.368 -66.8749 -113.408
4.59359 13.2735 -9.32681 20.2986 187.937 -31.6743
2.78655 15.2716 -1.20626 -161.127 130.464 9.67798
6.2803 -13.4232 -0.318817 184.303 99.508 19.1309
6.52858 -14.7426 0.27357 208.322 -6.98708 27.6005
3.22271 14.0446 -0.297206 -122.544 160.105 2.88372
6.11359 -11.5737 -5.98361 163.079 -58.0991 81.4903
6.24936 -12.2497 3.42318 175.239 -60.7922 -63.5222
5.98737 -12.3904 -0.0275495 146.091 -99.5215 -0.0451391
4.51746 15.2227 -2.01931 -0.274241 208.751 18.8908
6.38584 -12.7954 6.47791 184.164 94.1831 -79.0436
6.05096 -12.774 6.60914 150.822 -104.007 -100.031
3.85345 14.0673 -1.7116 -72.4052 178.595 32.27
5.67693 -11.6826 -3.6358 91.7738 -143.309 35.141
2.94259 17.0977 2.6702 -191.409 86.2598 -39.781
6.47205 -13.8747 -3.1372 157.138 -131.082 27.453
4.90094 10.6278 6.92069 -0.0640305 154.654 -109.515
3.22763 13.1603 -5.44841 -172.247 64.0801 92.1242
6.70559 -11.0797 3.18357 171.411 -31.3984 -49.2547
3.70339 13.2862 2.10414 -129.536 133.519 -40.9328
6.54104 4.38402 -1.60269 150.262 27.6833 -121.29
4.55145 12.8935 4.03253 -48.9612 166.266 -70.1612
3.62201 17.0706 -2.87008 -142.045 447.427 102.17
4.75 12.7175 -5.69372 -30.5348 171.262 98.7488
4.07707 12.7734 1.86384 -103.258 140.604 -23.0576
3.72523 10.5284 9.29995 -139.027 118.787 -90.7828
5.13244 12.9658 1.55615 -8.87651 184.001 -16.79
5.37766 9.33593 12.2113 13.7875 127.886 32.574
6.73264 -14.0759 2.44736 148.375 -134.51 -39.9578
6.98668 -24.2369 11.1303 166.496 -33.7558 -59.5197
4.48306 14.5982 4.56218 -82.6046 186.302 -63.8202
7.12881 -11.4645 4.35016 179.961 -17.2148 -72.1192
5.8817 -5.41072 12.0689 49.9295 104.906 -190.339
7.24341 -11.0887 -3.75535 180.799 -24.7196 52.2893
3.85697 12.926 -1.88036 -157.171 103.593 21.5523
4.80884 13.7798 1.84472 -63.3729 182.231 -35.0196
5.01572 17.6927 -2.90009 -59.5708 142.032 31.3966
5.06408 13.5304 4.86908 -67.5701 175.596 -81.2794
6.50473 14.7555 1.13074 73.4272 201.869 63.9768
5.67799 16.5993 0.280597 -9.34344 171.042 5.32824
7.40399 -13.5407 -0.523662 157.699 145.611 -8.47048
7.63614 -11.8726 5.06487 173.04 -70.5948 -89.3993
5.3614 11.4827 -1.31958 -59.1797 225.331 11.1608
4.58172 8.25252 7.23366 -140.451 139.522 26.7162
5.37898 14.9691 -1.36529 -61.5703 228.57 -248.436
7.74064 -0.714939 3.42865 165.708 -62.9955 60.9912
7.97769 -11.0582 -4.17005 184.469 -8.90414 70.8879
7.22512 -13.0479 -2.86434 106.454 -184.056 124.675
6.64281 -0.836597 0.354782 48.2804 214.792 43.9736
8.13977 -14.2279 7.64745 192.36 102.029 -102.235
6.9626 13.1175 -2.45191 73.1698 112.423 36.9675
8.07194 -11.317 -1.99516 182.231 17.8767 45.2766
7.7992 -10.7168 -5.16927 154.16 108.03 75.3551
5.33723 9.5445 -2.52306 -93.6065 202.765 44.2661
5.56077 11.9073 -2.48895 -71.701 160.888 24.9786
6.6503 8.52895 -9.20332 28.1857 138.487 131.96
8.44025 -12.0294 3.55329 198.269 -34.2107 -60.5909
8.116 -11.9169 -1.20972 163.85 -99.2092 43.0901
7.26486 7.65821 -4.50078 77.3147 -108.397 5.52591
6.67031 10.634 -6.86294 11.1998 165.822 96.1038
6.34815 13.9956 -2.67019 -22.3968 196.382 48.6262
8.63329 -11.7788 0.787705 200.953 14.3943 -11.6754
8.34137 -9.78941 5.12224 171.474 -24.0724 -71.9564
4.96969 12.8915 4.20782 -164.611 73.4093 -69.9848
8.10871 -7.64663 10.8686 144.066 -19.3357 -154.038
8.52916 -10.8295 0.735281 182.016 -15.9172 -4.29669
8.41359 -9.93176 -3.54823 169.849 47.2356 58.9868
6.4795 10.0875 3.5836 -24.1837 277.944 -51.5421
8.65413 -12.3892 0.995915 189.821 -58.6702 -21.9598
5.32988 12.132 -4.27702 -144.546 104.962 58.2296
7.3766 9.62024 3.70901 57.2153 160.786 54.086
6.63555 11.4286 -1.22469 -16.8365 241.426 -45.3554
7.67949 31.1135 -12.383 86.3355 264.545 -4.44476
8.82683 -12.5826 -0.55888 198.128 -49.3545 65.9296
7.48852 10.2011 2.06704 62.8904 214.59 -27.1406
8.37013 -11.0304 0.637104 150.339 130.151 1.71891
9.00711 -12.144 -0.0798162 199.78 -3.81493 14.7358
8.47101 -14.9285 -8.40707 146.47 -144.197 -28.655
8.91713 -11.4507 -3.64633 190.256 51.587 72.5782
8.71451 -11.194 3.80995 161.673 -92.536 -10.7234
6.54302 1.56653 -6.42778 -56.057 -89.9357 -31.961
8.88647 -9.4641 -3.83121 172.383 51.0518 45.6516
7.34509 2.49528 3.68523 18.4928 -108.761 48.4735
6.70537 12.1342 2.53967 -45.2943 182.997 -49.1066
8.77119 -11.4903 2.55335 159.213 115.785 -43.5151
8.85652 -7.9327 9.25064 154.289 38.1819 -129.554
9.07198 -5.77717 -7.70211 168.903 -10.3563 1.74537
7.25768 13.306 -1.73063 -15.3558 201.86 22.4179
8.85928 -10.8276 -3.01399 142.442 -114.116 61.6437
7.22048 17.9494 -1.84375 -26.3172 80.4859 25.1196
8.58167 -11.9604 -0.932721 108.821 181.175 -57.2903
7.83264 20.9055 -0.95268 34.2043 461.367 -95.0801
9.39548 -7.19704 0.129238 187.6 -20.701 8.07397
9.35947 -10.7329 -4.07243 182.397 65.2609 48.6184
9.2484 -10.8569 1.4508 171.217 69.9588 -51.8584
6.74121 8.49924 -7.54901 -84.045 174.98 3.51822
7.13037 11.0005 -4.29185 -48.9065 162.942 72.0531
9.32813 -10.7233 3.25322 166.71 -85.4069 -68.443
8.1674 9.248 -2.72863 50.9858 213.047 39.6839
9.5675 -12.8347 -1.09641 187.845 4.37731 25.6911
6.87615 11.4076 -2.04551 -84.0482 220.529 19.5798
8.09339 12.0877 1.55612 36.6932 185.44 -45.0288
6.79289 12.6772 3.90608 -94.8704 160.275 -66.0098
9.76571 -11.5557 -0.0593853 198.608 -25.4789 8.70002
7.32103 13.3725 -3.45497 -49.3417 198.606 41.9904
9.69675 -6.99241 2.63992 185.21 -90.3408 -35.0947
6.7095 16.0932 3.2659 -114.933 105.859 -45.0435
9.41679 -9.9616 2.27353 151.83 126.75 -32.1688
8.56932 3.81852 3.09368 66.7425 216.778 68.6131
7.62329 12.1475 -2.58233 -27.8405 190.603 35.7924
9.64129 -10.5232 -0.125136 170.803 95.787 -2.75401
10.0174 -8.78175 9.15964 197.518 66.5955 235.373
8.88497 -4.42193 10.7297 84.5241 114.561 -161.796
8.45439 4.61872 -6.51081 40.3149 173.705 19.329
9.87449 -10.0112 -6.21023 179.838 58.2342 109.612
9.04249 6.56686 -2.37889 96.4813 142.633 61.1507
9.91192 -10.0639 -5.58429 182.834 -34.035 99.1323
10.0237 -10.2335 -2.30947 191.893 -15.4667 35.8957
9.9257 -9.90099 -5.86152 180.132 50.5242 75.8148
9.10149 4.47328 11.2606 94.9356 179.307 -184.582
6.76962 12.6056 0.183348 -141.053 152.51 -3.9844
10.1418 -12.2891 1.14093 191.225 -87.6287 -26.5283
10.0248 -15.6898 4.64713 179.567 -126.337 145.856
6.60613 12.6353 0.557001 -165.451 103.313 -16.1499
8.81007 13.4092 1.04779 52.8033 199.929 -22.9702
6.86028 11.9586 -5.6403 -141.957 119.684 91.6128
9.00554 11.5373 -1.19465 66.8116 179.4 34.5396
9.63519 -9.39257 3.99349 127.622 147.028 -53.0581
7.7564 11.4174 -3.02932 -65.8991 165.395 37.1859
10.3053 -9.94277 -3.94645 186.337 53.405 75.4165
7.89746 26.5554 -0.28719 -53.8222 280.605 -91.4551
9.93035 -10.0498 1.06138 147.82 133.258 -7.5404
6.79453 11.8307 -1.54552 -165.103 17.3861 102.319
9.9373 -6.98687 6.36806 146.799 80.8125 -95.0109
7.5283 7.48149 -1.82951 -93.684 -109.081 -31.6664
9.95265 -8.88422 -4.88366 145.98 -94.051 68.8122
10.0841 -7.37829 6.90797 157.973 65.9956 -103.145
8.78017 10.1017 -3.10349 24.0893 173.493 36.2465
10.3239 -7.31569 -3.79277 177.233 17.8357 -0.888169
8.27305 13.6761 -0.915546 -27.6959 209.918 9.76207
10.3954 -8.99559 2.68809 183.064 39.4059 -26.535
10.0909 -8.67511 0.455603 152.203 -66.0122 -43.4966
9.5636 -8.86035 -3.59338 97.673 162.148 -71.6747
9.18884 7.30586 -6.34188 58.0389 143.966 -46.7269
10.3903 -12.2133 4.51529 175.129 38.782 -44.9177
10.8461 -9.79541 -0.0477756 219.157 1.35891 21.1323
10.5452 -10.9782 4.38713 187.627 -64.8256 -73.793
8.33853 13.2309 -0.915703 -31.8606 133.641 9.21565
10.3567 -7.7337 -3.42872 166.173 25.067 66.6337
10.2794 -6.78159 7.09071 157.481 63.6771 -120.816
10.1141 -4.225 -9.55573 138.215 38.9243 149.437
8.52309 11.4161 -0.55621 -19.8895 197.805 -6.18411
8.57124 11.6766 2.40544 -15.7016 191.458 -21.0497
9.75658 -0.57205 -9.19869 94.1191 109.884 -112.809
10.36 -9.16166 1.31132 153.37 -94.6317 29.2457
10.2895 -7.56638 6.40432 145.743 94.8856 -89.4786
9.83402 11.2848 1.45096 99.4432 167.757 -32.0231
10.6972 -9.30479 2.82508 182.95 -33.9097 -26.7738
8.74156 6.67474 9.96397 -12.6233 148.969 -161.72
10.2161 -8.61879 4.02877 133.438 135.297 -53.1581
10.895 -10.6055 2.85621 200.236 -10.371 -28.7627
10.1919 -9.27248 0.973404 127.876 149.051 -23.3551
9.87715 -8.78739 6.32935 92.6141 167.523 -88.6019
10.7412 -11.6294 1.74682 171.938 -114.902 -40.3181
8.31224 13.4574 -0.361988 -71.6586 149.321 -4.98734
10.3081 6.96782 -4.4542 126.268 102.06 74.3869
10.0691 -9.40989 -1.85486 101.311 184.22 17.9239
9.19124 9.66525 -5.61329 13.3893 171.121 75.0984
10.3114 4.38346 3.14815 115.547 153.912 -7.30203
11.1134 -8.60637 -1.29883 187.992 -2.25875 36.554
10.8957 -7.62933 -3.53665 163.812 -51.4437 70.138
10.9314 -8.45604 -1.4091 166.525 95.6909 19.9505
10.7775 -10.0562 -4.31468 149.593 -120.078 53.6261
9.7057 17.3117 -0.37766 43.0748 500.909 57.8962
10.3321 -8.96326 6.71054 104.674 160.719 -102.344
10.3184 8.19463 -2.00695 102.469 139.256 20.7471
8.15531 10.665 -7.25322 -112.798 148.331 99.3499
10.8707 -10.7837 2.48716 150.308 31.5715 -37.2356
11.4521 -10.2073 -2.60769 204.455 22.8627 45.7696
9.68482 12.3745 -3.39988 28.1713 198.485 60.4111
11.4424 -10.3296 -4.16369 200.012 -28.9161 64.4039
9.86761 7.38911 -6.05168 42.351 159.215 82.5262
10.5287 4.49553 -4.78424 106.717 157.37 -64.0166
10.2215 10.1549 1.42124 76.0784 199.105 -59.9467
9.68477 10.7983 -2.44471 21.6073 186.388 25.3125
11.6987 -4.98269 -6.97143 218.293 15.3314 25.0945
8.71274 19.7271 9.68948 -87.3814 154.491 -26.9837
11.4996 -9.90679 0.826469 188.505 -60.4147 -4.53274
10.5461 35.6669 -26.7752 90.3548 495.244 -376.946
10.385 -10.1961 4.56375 73.1864 194.099 -66.8549
10.8985 -6.76787 6.32582 121.538 129.251 -96.3695
8.47747 9.62967 5.79615 -119.001 132.668 -99.8014
9.39404 12.097 4.81981 -28.3621 192.339 -56.6909
11.5827 -8.84597 -0.396977 185.031 60.9472 0.774238
9.58313 24.3207 -10.3402 -15.1409 210.63 -40.0413
11.7811 -9.83573 -1.58788 198.947 -27.9941 39.98
11.1178 -7.53621 3.14502 132.847 138.082 -63.5843
9.8181 3.71895 -6.28961 0.119279 206.325 108.167
11.5146 3.48085 -3.19344 168.447 129.653 46.3966
11.0517 8.77592 -0.830126 117.944 61.6086 -43.4822
9.59006 5.61554 -8.78316 -32.9062 150.231 126.654
10.1028 15.3492 4.11099 16.7178 80.1333 -64.5254
11.2745 -3.79551 -6.36266 131.595 97.4666 104.726
11.706 -9.7939 1.6201 168.639 -105.499 -25.3487
11.6274 -6.35889 6.45549 156.488 -72.942 -83.0995
11.8533 -7.17514 -1.88569 178.48 22.9233 26.3932
10.3727 -0.623008 9.73491 27.0348 146.438 -145.55
12.1542 -9.88583 -1.99697 202.244 55.2952 21.1111
10.3142 1.46808 -10.44 18.6466 149.427 157.036
9.47967 10.0508 2.19314 -67.5912 175.252 -37.0462
11.1495 5.39543 5.87098 96.9629 191.805 -88.234
11.9452 -6.56159 5.99312 175.726 -2.70792 -76.5742
11.733 -5.87085 -6.10033 149.319 97.8792 83.9249
12.0957 -7.4933 -3.90195 185.176 8.20985 75.8657
10.1972 0.073256 -4.43329 -5.03074 314.534 79.1105
11.0918 7.06829 3.68883 83.8084 149.657 -66.4471
10.6629 7.06405 2.71835 39.7723 166.928 -61.0091
10.1196 7.7013 -7.27914 -17.352 167.183 101.86
11.7514 -6.07235 -3.49728 142.125 121.525 54.5482
10.7651 11.0609 3.57085 43.8163 193.707 -38.3149
12.1691 -6.35318 -0.479469 181.719 -19.9394 28.4849
11.485 4.55823 -7.35416 106.404 126.937 95.0949
11.6037 4.86029 -5.81898 116.845 121.989 90.1497
12.1887 -4.25095 0.0983168 174.121 138.652 -3.9751
11.8084 -1.50373 4.69509 133.665 -101.507 -55.0084
10.8842 5.41093 -0.697465 39.3734 199.799 3.8232
12.47 -8.29299 -0.297777 196.458 15.5831 21.2578
12.0944 -6.0439 -4.53036 155.031 101.211 75.8452
12.5773 -8.7797 1.58225 201.919 -15.1932 -4.26281
10.1982 9.32215 -5.75534 -34.6529 183.775 63.4205
11.3786 -9.09842 -0.333702 79.7903 179.404 -2.66781
12.0247 -6.82354 -1.50083 143.032 128.915 6.53597
12.419 -6.35547 0.959044 179.253 21.2492 -20.1504
11.5061 -2.61422 -7.04096 84.8628 143.064 104.535
9.77372 9.13963 2.39263 -88.8938 167.904 -11.1165
12.0032 -7.36929 3.09117 127.156 153.208 -40.2775
12.6247 -7.10794 -5.13786 188.215 30.302 73.2869
12.6021 -8.21257 -2.90451 185.92 -63.2766 45.0746
11.019 9.63914 0.0443174 24.9187 189.463 14.6489
11.8086 6.06555 -6.31784 102.309 139.374 112.458
11.9364 6.59205 -0.209263 111.467 140.405 19.2696
12.5545 -3.79077 -1.20143 172.776 25.8886 21.8267
12.8292 -8.23532 1.69942 199.026 12.369 -9.06062
12.3515 3.89732 -0.88318 151.353 74.357 8.89885
12.7947 -7.07431 -0.372129 193.863 28.0818 -0.00968617
12.2389 -0.333849 5.18721 137.61 86.122 -81.9172
12.7992 -9.64382 -0.586526 192.919 -78.6396 17.7077
12.5369 -6.5038 -1.30909 166.721 74.6806 30.5751
11.294 0.270776 -2.61222 39.3783 213.433 30.0365
11.9666 -4.59766 -7.27625 105.95 142.673 109.703
11.1336 6.26719 7.63889 22.7488 167.535 -124.828
12.0493 -1.21498 -5.25565 111.292 130.959 84.4377
12.5147 3.2103 1.09748 154.854 122.708 -25.4689
12.6398 -4.83261 0.00997225 167.184 77.5693 -0.657437
11.7051 9.66283 -1.7548 69.2337 108.96 26.5836
12.628 0.0641915 -3.73747 160.144 44.5473 65.5555
11.8102 0.689558 -6.81743 75.5783 -75.6887 -51.6895
12.8518 -5.75496 4.90036 175.636 75.108 -48.9573
12.3587 0.588978 5.56413 126.203 110.712 -81.4467
12.9547 -2.37846 -4.47224 184.857 65.2926 26.8962
11.2446 15.275 -11.1133 14.8349 149.518 140.516
12.3303 -6.26969 4.48638 119.523 146.109 -64.6124
12.7071 -4.14297 4.84972 154.086 91.752 -76.438
12.7412 5.36222 0.0351398 157.182 100.646 -2.76769
12.5061 1.8742 -9.27895 131.013 98.3502 138.058
12.2128 -8.09512 0.862929 97.6698 184.529 -9.43747
11.8743 6.51337 5.61191 61.8844 168.883 -95.185
12.7822 -3.13445 -4.96529 151.149 80.4873 64.3788
13.2326 -6.94041 5.16081 195.26 -8.21331 -62.1041
12.6508 2.76037 -4.87595 135.064 100.895 75.7017
10.1807 10.4074 2.77539 -112.111 163.156 -39.2797
13.19 -1.50325 -0.465409 183.639 74.3061 19.5319
13.2952 -6.24759 1.79478 191.341 55.5402 -29.5517
12.1986 8.85363 0.960707 81.721 145.461 -16.1341
12.6797 7.54783 1.14601 125.634 146.7 -0.146409
11.501 6.47685 -1.62749 8.01388 220.215 38.8868
13.2734 -7.63814 1.75934 183.876 -29.9484 -11.3953
12.8394 -2.93566 -6.8735 138.464 99.2349 110.183
12.6027 -2.19977 3.10086 114.906 170.042 -44.1164
12.677 4.96312 -5.00145 122.178 131.814 69.502
12.1947 -4.62323 -6.05308 72.2946 173.126 89.3939
12.5602 6.02883 2.42412 105.231 151.793 -20.9827
13.278 -5.18667 4.19606 176.175 18.9372 -118.569
12.8913 7.98237 -2.73489 136.597 340.702 181.027
12.0835 9.30943 -0.894314 54.1452 194.173 0.880658
12.615 10.2343 6.62611 106.591 164.442 -67.6959
12.7402 -0.317835 4.689 118.223 128.389 -76.2881
12.1242 5.60828 -5.57639 55.1274 102.208 143.85
12.6816 6.26873 3.74322 107.242 151.286 -41.0258
13.3668 -4.54647 0.818342 171.2 79.0996 -5.62318
12.051 2.56747 -6.24942 38.2458 271.975 264.727
11.7005 10.8042 -1.01747 -0.135553 205.339 2.73696
13.2183 -4.66957 -2.31963 149.626 118.749 48.0046
13.397 -3.19731 4.74818 164.832 78.9514 -74.9994
12.3526 6.56168 -1.1215 61.082 175.344 7.96183
13.2115 -0.458134 -9.49335 145.896 -2.15186 -27.8673
13.2026 -0.269877 -4.06363 141.903 101.356 73.0283
12.86 8.68997 2.45878 107.518 176.43 -49.5229
13.4028 -3.78107 6.02141 159.451 105.03 -84.029
12.702 3.81672 -0.340115 89.2308 151.965 -2.40036
13.4951 0.639497 4.68902 167.819 -7.87628 1.53868
13.6468 -4.95239 -3.31934 182.854 41.351 54.5943
12.019 2.23796 7.92668 18.9281 176.542 -118.888
13.9535 -7.70262 0.9502 209.749 -3.87245 3.64712
12.6148 3.99952 3.55409 74.6943 158.607 -39.9507
12.8673 -6.99248 -3.04311 99.3656 170.079 50.695
13.4373 2.92109 -2.9767 152.601 96.3988 40.7989
13.6865 -4.58836 -0.040808 176.691 81.9572 45.3294
13.6254 -3.8869 -0.16226 170.186 87.6365 -16.6235
13.6346 -2.10878 0.384985 170.616 62.9976 -8.05797
13.3805 6.14503 2.02941 145.256 95.5855 -35.4142
12.9707 7.52241 -2.04351 104.368 182.154 -11.3178
12.8944 -0.83899 -6.08174 95.3752 140.521 94.125
12.7923 6.98358 -3.03567 82.9315 319.673 17.9489
12.9713 -5.83805 -3.39511 98.148 170.063 49.3903
12.7687 0.326912 3.3481 76.4356 166.366 -53.9217
13.3844 3.56223 5.12451 137.395 120.529 -63.2145
13.9495 -4.81939 -5.01021 193.141 37.9886 80.6949
13.9963 -5.57578 -1.48036 195.558 25.6694 -26.5333
12.702 3.07877 -4.39458 65.0775 165.958 81.6464
13.3951 2.11281 0.334204 133.173 122.753 -15.7337
11.3276 1.6519 9.37612 -73.6642 148.951 -136.048
13.9006 -0.977287 4.31456 181.155 32.8648 -76.6825
12.9507 6.3775 -1.39277 84.3361 177.191 16.161
13.0582 -2.99537 2.60846 92.8812 202.246 -46.362
14.0275 -4.38301 5.68927 188.504 31.5922 -83.6223
13.1582 -5.51633 -1.26962 100.069 166.419 16.7103
14.0976 -5.50605 -0.19334 192.773 48.3635 6.75179
13.6256 5.25867 2.38659 144.578 160.768 -12.595
11.0896 18.1056 -3.62335 -109.33 143.942 -46.0406
13.7136 2.60373 4.40714 149.594 101.758 -72.5934
11.659 8.96238 2.12702 -63.9273 195.752 -42.0529
12.0334 6.28034 -3.05331 -26.9405 177.956 59.3462
12.216 7.69742 1.41571 -10.2919 190.015 -7.73733
11.7477 5.32375 -6.21055 -61.8284 163.412 86.8504
12.6702 10.4322 -0.390114 27.8686 153.124 30.8936
13.7038 -0.581046 -4.74954 130.229 138.031 77.2262
13.6634 -2.71555 -4.497 123.864 145.911 56.9173
14.0561 3.39486 2.91333 161.884 96.5164 -49.8965
12.6418 4.79924 -3.88862 20.1474 174.114 68.2926
14.4425 -6.11892 -0.30509 195.036 57.1055 8.53754
13.3163 6.83829 2.66023 78.4981 188.297 -36.9218
11.3186 8.01622 -3.06357 -121.568 163.007 52.345
13.7768 0.671862 4.69713 121.229 142.093 -82.5341
13.5494 -2.37169 2.18142 96.0569 151.675 -29.6565
12.858 -0.117338 -6.65998 26.2312 226.905 74.1323
13.4812 6.29379 3.25469 87.4049 181.988 -51.0426
13.3713 7.74081 3.06866 76.3319 191.253 -57.5168
14.5073 0.527285 3.39132 187.971 -68.0641 -42.3558
13.0473 6.58631 0.547884 42.7164 271.262 -140.035
14.5694 -3.64939 -3.40913 192.819 59.2507 -63.1855
14.363 4.09417 5.16387 171.273 91.3279 -84.6453
12.3804 -8.01985 6.28983 -28.0594 76.9725 -52.7684
13.861 -1.68512 -3.69336 118.74 343.782 86.2755
14.2904 2.41665 -0.363468 161.253 107.175 10.3854
12.9019 4.42462 3.53165 21.8345 186.436 -45.4145
11.9186 9.93561 0.894705 -81.1138 196.133 -26.3193
12.6048 8.20498 2.9866 -13.9323 212.169 -13.6569
13.106 5.48792 -1.63357 35.2108 189.206 34.5565
13.4424 -2.54715 -0.972219 67.5935 176.899 13.3849
13.3219 4.96368 4.89669 55.5956 193.432 -71.578
14.5309 -6.09843 4.38836 175.217 87.7995 -26.8965
12.6115 12.202 -0.773242 -15.4449 172.482 9.24909
14.2703 1.37107 4.24028 148.69 123.693 -70.1359
13.2577 -4.4453 1.30088 47.9067 333.515 -17.6327
11.2198 -9.73863 -0.925373 -155.988 166.413 14.4346
12.5715 10.1944 -0.833582 -23.7768 195.262 42.4945
14.7214 -2.61364 -0.633672 188.697 58.9021 -1.23748
13.1272 1.26279 4.58987 30.1018 269.893 -66.9391
11.4998 5.37601 -4.1294 -137.231 225.884 70.5941
14.5987 -1.81411 -2.71968 167.634 91.0806 47.181
14.0478 8.82984 -8.82714 111.868 134.609 35.0722
14.8482 1.81655 0.408705 191.34 37.3715 -21.3077
14.5831 -0.127445 4.17476 162.569 53.7914 -49.5158
13.552 -3.3758 -1.25729 58.6098 221.432 -82.6201
13.9103 -5.93353 2.39934 87.0536 133.876 109.566
13.4033 3.32143 -1.20557 30.9692 194.418 21.7951
14.3391 5.85004 2.99752 123.86 161.431 -68.2235
14.0794 3.78059 3.42165 97.4493 172.368 -45.9301
15.0612 -4.33794 1.00495 193.815 77.0978 -7.59161
12.2168 9.0463 -0.928716 -89.5105 39.5918 -6.71212
14.1312 1.12491 3.76782 99.0706 34.0413 45.9767
15.0072 -16.468 14.4292 184.34 -54.6739 -57.5543
14.7061 -2.2529 -3.21335 143.404 134.462 45.9369
14.1965 -1.53842 -12.7434 92.3977 143.606 11.4072
14.9336 0.00892632 0.818563 162.352 105.803 -16.1781
12.919 7.91336 -5.70477 -49.3439 136.392 99.6979
14.1737 3.70915 -3.68301 74.5908 182.602 72.4699
12.9151 1.08618 -6.1034 -51.1389 182.483 79.7789
14.433 5.73749 -1.59625 90.165 -35.9799 -20.7383
14.9009 7.10137 -0.563924 130.585 10.4329 33.0382
15.8197 -2.6404 -0.862577 208.875 0.601518 17.4209
15.2212 -1.35942 4.18444 149.187 144.075 -20.0012
14.8557 23.6928 -1.31492 112.142 308.865 -32.0845
13.7836 7.65813 7.6525 -0.132465 118.762 -128.859
14.5799 1.02668 -3.82424 68.6887 137.778 56.9516
14.1829 3.54954 -0.757878 26.5302 198.722 15.0254
15.5268 -6.03917 -1.69491 152.854 -53.3108 45.0773
14.1848 3.1875 2.45645 -6.77639 195.123 -29.2624
13.6477 -2.49968 3.11155 -65.7404 199.106 -79.2697
15.9176 -2.06374 0.273934 157.105 140.295 -7.90644
14.6271 1.61455 -1.12666 26.2182 209.58 5.56083
14.7493 0.180454 -3.58387 26.025 204.216 68.7834
13.3744 1.50064 -0.239731 -118.182 337.451 -3.50153
14.4852 4.55432 -4.12747 -11.3077 143.115 57.1561
15.5234 6.7999 15.5558 88.1931 136.856 -101.502
15.8885 32.4391 -9.15655 118.081 326.524 13.0948
15.0065 5.28995 8.4118 22.6776 170.746 -21.8964
14.0315 6.1667 -2.80142 -90.1577 194.119 26.5634
13.1406 7.30261 -3.02498 -179.426 30.1358 17.6284
13.1972 4.80425 -5.32851 -183.698 277.735 93.8643
15.6662 1.11964 0.787335 59.3496 203.135 -5.7709
15.151 1.89886 -1.33631 -12.725 212.984 12.3987
16.7978 -0.41734 5.59895 96.1084 258.003 -4.97674
16.1393 12.0098 0.635733 2.50986 69.914 -4.7768
16.2691 15.495 -7.32268 1.08587 135.776 81.3502
18.1685 6.48075 12.058 187.591 187.401 122.661
18.9262 2.19668 -1.4084 102.615 145.527 24.6017
nan nan nan nan nan nan
12.1186 5.00006 7.21845 -178.224 59.9012 -113.929
15.1461 1.76693 -0.760493 122.482 158.071 14.0843
