-17.0711 7.14543 -3.27526 42.099 -145.061 16.998
-15.3295 -1.90453 -3.50784 -45.8167 -195.683 30.4293
-13.5983 -5.32461 3.80933 114.033 -266.182 -24.7926
-13.7143 -4.97004 9.27593 85.8085 -156.15 -51.248
-13.2295 -5.71224 4.88692 70.2884 -184.809 -33.5867
-12.0425 -5.39031 1.39103 164.713 -271.972 61.7688
-14.0343 0.484261 0.612074 -42.239 -228.29 -2.24912
-13.6048 4.58026 10.8081 -12.8603 -154.701 -69.2119
-13.706 0.309116 -4.37471 -33.1883 -207.201 26.2575
-12.7994 -4.63192 2.7904 49.2825 -210.078 -22.8298
-12.4175 -4.43391 -6.54861 58.2501 -203.962 45.8074
-12.6063 -16.3439 7.56564 33.5102 -284.682 47.7735
-12.0558 -12.2915 0.411653 73.5633 -205.182 -30.2538
-11.6074 -15.7721 4.00263 110.859 57.0561 -18.4112
-12.8882 1.15831 -9.46253 -18.5702 -176.605 55.2577
-11.7326 -1.42459 0.349453 76.0189 -253.382 5.91852
-11.7095 -6.13614 5.81263 60.645 -217.889 -39.8036
-11.6315 -5.55911 -2.93848 60.3665 -214.746 10.5817
-12.9093 0.88767 5.22215 -71.4907 -210.355 -23.2931
-12.368 -1.64282 -1.89383 -25.7535 -224.246 10.0056
-11.9183 -2.57105 -9.91192 14.9024 -199.475 52.9305
-11.4277 -4.70904 7.29206 60.3529 -174.935 -46.9917
-12.7171 -14.9182 9.33748 -93.6683 -450.332 157.328
-10.6357 -7.93692 -1.64489 112.914 -174.29 19.6124
-11.5571 -3.84774 0.725643 9.46154 -227.918 -13.7567
-10.2845 -9.00533 -4.59507 128.998 -168.573 27.2332
-11.9436 4.54563 12.0828 -45.7131 -148.558 -73.2453
-10.624 -7.58274 4.46727 84.1169 -214.173 -16.3349
-10.6162 -6.34515 -4.2128 64.8531 53.2631 -89.3089
-10.6472 -7.76791 -3.63062 57.7273 -483.783 132.522
-12.3963 3.68978 -6.46652 -116.609 -191.743 36.1564
-11.3197 -2.8112 -2.66422 -30.7352 -236.978 21.0956
-11.9074 5.26893 4.55759 -90.559 -174.591 -26.9641
-11.8904 5.8617 -2.59259 -96.2654 -183.089 14.0422
-9.41403 -10.3683 -1.77077 140.454 -160.536 10.4421
-11.1851 -0.492575 -4.90512 -37.6249 -205.856 12.8377
-11.7623 1.39758 1.10576 -101.051 -204.311 9.8934
-9.97021 -5.94404 11.8488 74.9689 -163.502 -60.8663
-12.035 2.38332 2.44363 -132.536 -196.831 -15.0493
-9.51961 -8.15775 5.52931 113.883 -173.086 -40.6442
-10.4599 -3.71192 1.93098 1.55654 -212.856 -15.4036
-11.5541 4.46899 -5.4685 -108.221 -184.204 30.4961
-11.0213 -15.1741 8.64123 -57.7143 -340.192 39.5122
-10.5205 2.44833 -7.79904 -16.2967 -246.215 37.0609
-9.34997 -7.34291 8.71811 87.9381 -182.048 -63.4862
-10.0064 -1.82788 -5.68431 5.01047 -5.94463 137.694
-11.8274 -0.45054 -0.707402 -176.36 -166.293 0.996582
-10.3941 -23.2107 9.44742 -38.8386 -390.328 -22.9889
-11.8997 -1.11741 3.95888 -188.718 -86.6038 -54.8791
-10.8136 -11.1403 -3.56019 -82.5623 -268.496 -28.8821
-11.1023 -0.363327 5.8823 -117.155 -219.301 -38.3663
-10.5644 -2.40638 -3.84054 -65.1818 -244.052 3.11933
-8.25118 -10.7 -2.11365 153.391 -179.15 -0.727424
-9.44774 -4.17096 10.8723 34.0416 -173.618 -68.0856
-10.4943 3.86043 -1.14906 -72.6285 -227.189 16.609
-10.1562 -1.11773 -7.99523 -39.3886 -193.78 31.1947
-11.1965 -1.20054 -6.75099 -149.179 -129.286 32.4181
-9.87008 -10.9034 -10.7029 -23.3275 -205.587 52.6587
-10.9318 0.302223 -3.73848 -137.778 -214.867 25.0676
-10.6697 -0.790723 1.66219 -122.257 -228.742 3.92249
-9.05451 -6.29745 0.236287 35.607 -252.2 8.98177
-9.55797 -5.54071 -3.68321 -20.9252 -207.66 20.7949
-9.04566 -4.99616 -2.31251 26.9483 -215.736 6.23272
-10.6455 4.86229 -2.22666 -135.391 -175.03 17.6113
-10.2117 11.1526 -7.81453 -99.3488 -132.205 43.8421
-10.2973 3.3907 -8.81703 -112.225 -175.101 49.7296
-10.0022 -3.12429 4.59946 -86.5987 -246.554 -24.9143
-9.70462 -4.00978 -2.01899 -57.2499 -249.822 10.5792
-7.53153 -10.6329 -4.05406 157.115 -127.34 24.8522
-10.0888 2.60131 -8.59945 -102.659 -160.792 48.5356
-8.29922 -6.04808 9.73317 75.0448 -174.892 -45.0259
-9.51085 9.59582 -4.65469 -45.6343 -147.523 -64.0372
-10.3036 4.72721 4.22142 -130.934 -167.073 -13.0118
-7.85098 -8.82653 4.84452 109.284 -217.074 -22.3921
-10.2157 4.64931 7.80459 -130.215 -156.172 -85.87
-10.2963 3.89445 -5.7982 -145.002 -158.64 80.9156
-10.2045 -0.435206 2.22258 -144.676 -213.53 -9.09381
-9.18482 -9.13317 3.27374 -43.6954 -329.749 139.634
-10.2979 -12.5276 -11.1592 -158.499 -247.128 -18.8348
-10.0028 0.0463855 0.047595 -130.815 -197.256 -3.19178
-6.8846 -11.24 -0.307611 178.027 -121.318 -9.42188
-10.2304 10.8128 -3.78701 -159.115 -191.296 45.7896
-6.97836 -17.6544 -15.9642 157.299 -168.485 59.1891
-9.91195 2.90963 -2.30298 -137.209 -167.757 15.0301
-6.87 -10.5428 1.34513 154.112 -161.465 -3.6001
-9.7956 3.78611 -11.1225 -140.327 -159.035 27.8815
-9.0159 -7.37175 -4.1721 -66.827 -276.914 -82.9635
-9.39819 -1.64205 7.29007 -105.916 -216.306 -54.4662
-8.75757 -3.55329 3.31319 -43.6807 -228.068 -13.3154
-9.40103 4.70836 -9.96079 -109.536 -147.396 66.8116
-8.67027 -5.04216 1.73544 -37.7336 -247.312 -9.60758
-9.79382 -0.0199424 3.73847 -152.205 -189.223 -22.515
-9.18302 -1.15616 -3.34737 -93.9037 -200.136 25.8632
-10.1833 2.98357 -1.66706 -193.329 -178.719 1.72697
-9.91988 0.193938 1.88722 -167.239 -200.312 -6.60518
-9.52089 11.6772 -6.63721 -128.972 -136.677 37.5083
-9.61832 1.39138 -5.01781 -140.334 -185.623 27.8027
-6.60398 -6.60794 -19.2639 149.659 -174.026 256.519
-7.72548 -7.35215 0.0853085 36.4376 -262.774 -8.25518
-10.0475 -0.396434 3.06707 -198.599 29.3996 -58.3898
-7.57475 1.07283 -2.79876 46.6217 -248.956 -1.54421
-9.66108 3.86303 -0.642208 -170.4 -147.509 8.18185
-9.72641 5.11171 6.19741 -179.578 -130.975 -37.0652
-7.35466 -7.19088 3.31332 50.5416 -238.931 -26.7338
-9.99886 5.43704 -0.811435 -213.037 -133.8 3.79879
-9.65177 5.67029 -4.62838 -178.875 -133.692 25.0711
-10.3881 -5.60125 3.23631 -252.704 -215.597 98.4773
-9.49038 8.73867 1.77982 -172.42 -136.231 -10.9343
-9.43979 7.10455 -4.62511 -167.56 -136.512 25.1321
-9.03499 -0.215578 -5.66458 -131.626 -190.788 29.6639
-9.50411 6.64405 0.80291 -178.521 -126.555 -5.3474
-8.43863 -4.1388 -7.00205 -73.2854 -245.674 -73.9737
-9.28253 5.11704 -3.20217 -158.024 -146.632 22.5838
-7.81036 -0.591614 -7.86275 -12.7238 -138.44 -109.362
-7.88702 -6.12569 6.64675 -21.9563 -228.82 -19.067
-7.87911 3.47802 -6.29057 -27.0195 -232.052 44.5877
-9.06644 1.51082 1.66965 -146.911 -163.503 -7.7235
-9.25257 3.20376 -5.75617 -168.445 -160.583 26.1356
-8.71806 -2.46317 5.10243 -116.561 -221.114 -42.444
-8.07535 -3.60978 3.39335 -54.1671 -222.084 -20.3712
-8.78517 -0.346329 3.02864 -125.078 -181.684 -20.1027
-9.32975 4.93643 5.13058 -185.67 -89.0225 -34.3147
-8.1422 -9.14174 -1.40089 -69.3099 -264.269 -10.6001
-8.18473 5.24177 4.86602 -74.2431 -216.174 -1.89184
-9.48136 12.7038 -1.23458 -208.257 -92.792 12.2384
-9.26521 4.99349 -0.363665 -189.418 -133.402 0.542927
-8.05356 -3.10672 -2.94504 -69.3481 -219.037 -0.479365
-6.04365 -19.5888 0.641834 127.875 -121.168 -1.10165
-6.11979 -8.25707 -11.063 119.052 -164.139 61.5938
-7.49439 -4.67746 1.98031 -19.0083 -221.513 -15.9488
-7.36322 -5.61286 1.07687 -6.3849 -242.759 -0.40597
-9.31176 3.59289 -7.05566 -202.529 -131.14 38.8631
-8.57894 1.55568 -10.7196 -136.818 -161.638 57.9033
-9.05364 -0.856224 1.30327 -184.087 -200.104 -2.66669
-8.80845 -2.1552 -2.18966 -160.463 -211.923 16.3681
-6.56765 -7.28104 -0.190791 61.1268 -219.112 10.4963
-6.36992 -7.50436 -4.2408 77.9953 -209.197 25.2505
-5.23959 -12.2484 1.8968 190.013 -144.276 -23.8036
-7.06714 -1.29172 5.27273 -2.10042 -35.4749 -158.203
-8.88681 1.46694 4.86349 -186.65 -160.953 -35.3121
-5.72989 0.532732 11.6449 125.418 -243.582 -66.8834
-6.32213 -6.39991 7.83791 66.1907 -191.93 -33.1642
-8.21813 14.5012 -1.17632 -133.251 -130.143 7.87832
-8.8673 1.60682 0.469438 -201.319 -149.192 2.32696
-8.01063 -1.02959 -11.2509 -117.594 -169.415 58.9826
-7.07661 -6.19696 3.10567 -29.7781 -199.565 -68.5464
-6.43087 -7.9559 1.28577 28.7069 -270.135 -15.4255
-8.5769 -2.5321 -2.64258 -190.569 -203.314 13.9462
-8.61568 8.72112 0.590802 -199.793 -114.869 -1.83311
-8.37523 -0.603083 -1.43901 -178.203 -172.637 10.3724
-7.87069 8.77549 10.9131 -128.318 -125.27 -63.7346
-6.46011 -5.15661 6.62357 9.84681 -236.945 -45.6955
-6.25248 -6.75898 5.45388 28.8538 -232.596 -38.2103
-8.33088 1.93231 1.60611 -180.838 -137.985 -4.66544
-8.21047 1.08395 -1.12469 -169.52 -146.373 4.27134
-8.09902 -2.74178 -1.75665 -161.846 -202.296 6.85101
-7.253 -4.63825 -5.92218 -78.1046 -192.392 35.5279
-6.53726 13.2715 -2.31984 -7.97245 -56.3077 -6.3254
-8.30192 -3.74118 7.70804 -186.796 -398.229 200.896
-6.81277 -4.61466 6.33464 -39.2686 -220.809 -36.5134
-5.91674 -7.38843 0.18959 44.9832 -244.323 1.99625
-8.52284 2.54305 -1.94138 -215.411 -114.878 10.3029
-6.06166 -6.81272 5.34046 27.3746 -247.118 -37.937
-4.46682 -12.2375 5.0913 185.702 -86.3515 -15.6157
-8.36421 -0.681658 1.16757 -202.671 -158.258 -9.22694
-8.52333 3.38776 1.38202 -219.32 -106.753 -9.46476
-4.81789 -10.4576 -1.6261 146.593 -190.926 7.90748
-8.34491 2.47722 1.38747 -205.83 -110.478 -8.76771
-8.59385 0.587725 5.68962 -230.638 -124.251 -34.4347
-8.32254 -0.874436 -2.36491 -203.8 -161.15 8.23178
-5.48681 -7.72012 -7.59062 76.6494 -230.618 44.557
-5.56497 -7.3004 4.89045 66.2901 -220.743 -14.4926
-8.00416 8.07399 1.9778 -184.277 -305.525 59.0022
-8.04799 3.80319 6.73019 -192.087 -112.227 -39.3806
-8.52701 1.19958 2.06325 -240.305 -116.622 -12.7587
-8.43363 5.64565 -4.8128 -235.999 -82.6056 13.8079
-8.38939 6.81643 7.62928 -233.359 -107.832 -37.5388
-6.57626 -5.41014 6.18564 -55.1548 -254.164 -45.6581
-8.53434 -0.45505 -1.64705 -250.049 -110.687 8.80773
-4.03092 -12.1673 6.3995 194.521 -97.0455 -73.2086
-8.14654 6.53331 -2.04936 -216.412 -192.827 -13.3123
-8.60551 3.28383 5.10093 -262.507 -39.5532 -25.8637
-5.67936 -6.61924 9.65949 25.6495 -230.125 -62.2629
-5.65097 -6.21004 -8.49002 25.9806 -213.336 42.3859
-6.98132 -3.0181 1.20646 -114.346 -200.726 -19.1226
-7.99676 1.54976 -0.593372 -217.254 -94.5043 -36.9918
-8.27911 1.82925 5.91313 -245.601 -86.7275 -32.1037
-7.94085 4.41824 2.7202 -212.09 -44.5053 -13.3447
-4.93703 -7.13219 -13.7653 85.2135 -170.175 70.4442
-8.15623 2.39189 -0.9189 -235.29 101.791 52.45
-4.84676 -8.05202 0.17176 91.9542 -225.597 11.5913
-6.91945 -3.23307 1.80406 -114.157 -198.432 -3.3377
-6.97856 -2.63227 -5.01009 -121.495 -190.274 40.6046
-5.87689 -6.82037 -4.84951 -14.0792 -269.298 8.87873
-7.9654 -1.43401 -6.70207 -225.513 -142.295 43.8628
-3.91196 -10.8255 -2.86979 176.547 -176.755 25.5684
-5.75644 -5.66254 -6.48387 -6.79542 -224.489 21.42
-3.69272 -12.1768 7.30866 197.678 -102.761 -26.9457
-8.08178 4.47886 5.68588 -238.869 -100.63 -32.3979
-7.07469 -2.33476 10.237 -140.432 -179.026 -55.4886
-5.24049 -7.0739 1.87527 40.6414 -234.147 -7.80674
-7.59364 4.32502 -5.56417 -194.426 -86.7189 33.42
-6.50883 -5.39428 1.73066 -87.2503 -251.78 -17.0165
-8.02083 0.85093 -2.96199 -238.566 -75.1464 17.1105
-7.85755 1.61417 -1.57015 -225.564 -106.447 49.9482
-7.30107 -0.347944 -4.03501 -174.083 37.3182 -65.217
-8.04065 0.871418 -2.56657 -252.374 -82.6361 16.595
-4.80695 -6.92791 5.3917 67.733 -204.638 -30.0589
-8.74968 8.31939 -2.61232 -325.39 9.09955 -98.278
-4.82319 -6.78269 7.74691 63.3751 -194.525 -58.4683
-7.40002 6.48215 -7.06637 -193.288 -98.5134 42.0271
-7.37439 -0.02769 10.8006 -191.019 -129.34 -57.339
-7.84255 13.0286 0.163812 -238.199 48.3592 -35.8722
-7.22917 7.6862 -11.2039 -181.792 -83.5269 53.4546
-7.64684 2.72031 3.05737 -224.39 -85.3815 -15.8697
-7.73843 -2.68014 -2.90902 -236.71 -334.812 112.527
-7.93665 5.40198 4.08322 -257.47 -52.702 -18.8369
-7.59619 -0.445106 -4.05817 -227.491 -114.493 21.5643
-7.17706 11.1161 -1.26086 -187.093 -80.1431 10.699
-6.95474 11.7867 -1.74259 -165.419 -100.899 13.9517
-4.31669 -11.4996 -4.05353 94.9168 -54.8885 -110.947
-3.33287 -12.0536 2.05154 189.335 -138.035 -12.1085
-6.0575 -3.37785 7.15509 -82.2216 -198.484 -44.8291
-4.03541 -8.10762 -12.1786 117.722 -167.997 58.4264
-7.76687 7.427 0.761163 -259.571 -203.641 -49.8561
-7.41302 -2.85229 -0.33181 -225.181 -155.466 -6.43283
-4.0788 -7.94969 -7.35981 103.038 -205.02 43.219
-6.90487 -5.1422 0.640982 -178.587 -212.036 -5.6521
-6.3557 -2.00163 -13.2019 -125.237 -160.4 78.6788
-5.54305 -11.2727 7.21524 -45.296 -86.7541 -123.739
-7.72597 5.19446 1.92384 -264.606 -51.9354 -6.35436
-7.05468 6.6649 -9.24366 -200.013 -55.4727 56.6976
-5.99608 -4.18346 8.06708 -95.0323 -217.062 -50.4641
-7.55765 4.32976 1.76102 -252.828 -46.0955 -12.3764
-7.16969 -2.8843 0.206208 -215.902 -148.431 -9.18805
-6.44494 -2.72639 3.10264 -145.162 -174.988 -20.6305
-6.70669 11.6189 3.10363 -172.188 -81.7684 -14.6158
-5.91975 -4.29909 1.19005 -94.9348 -212.091 -5.50309
-7.2618 3.52006 7.17891 -230.559 70.0292 -76.1038
-7.21946 0.0612877 -3.10856 -227.196 -91.7258 12.6617
-3.66292 -8.78729 8.09691 124.573 -213.207 -46.1331
-8.86312 2.83623 4.55245 -392.26 138.223 110.243
-5.11363 -6.82855 2.40682 -19.9972 -240.656 -7.84184
-7.33361 -2.59677 -3.45788 -241.112 -61.1403 27.7599
-6.43325 -3.94708 2.06257 -153.079 -193.855 13.8691
-5.30851 -6.49411 2.25649 -44.0301 -261.052 -18.456
-7.57271 -0.239394 -2.60615 -269.589 -19.3263 -19.5909
-6.72845 -3.94262 -2.41532 -190.524 -190.973 16.4221
-6.94448 9.13652 -2.03229 -212.125 -70.4795 15.4857
-6.9207 7.46573 4.21054 -209.858 180.863 -75.8153
-7.19819 -0.652747 0.818997 -241.626 -69.8363 -2.93214
-6.86271 9.98896 -1.79964 -208.734 -75.0952 14.092
-6.49062 -2.09248 -9.06883 -172.382 -144.904 50.5933
-7.38786 1.79835 4.40324 -261.865 31.7809 -21.9402
-7.05255 4.14135 3.28669 -231.908 -43.3056 -20.9497
-6.7817 -1.96883 3.63705 -205.134 -124.146 -16.0143
-7.15756 1.46225 3.62981 -242.647 -28.7439 -23.0058
-4.75053 -7.19698 -4.574 -4.41624 -268.844 17.3181
-7.01719 4.57809 -0.173748 -229.973 -45.6267 5.09664
-6.84449 4.01926 11.1515 -213.805 -60.6307 -67.6543
-6.41519 8.5438 12.9818 -171.682 -63.964 -71.3394
-7.1196 6.59463 5.48224 -242.158 -46.5304 -39.3318
-6.73633 1.98455 -10.8541 -209.036 -55.1153 50.2614
-6.1079 0.210506 -12.9425 -147.078 -102.287 77.9031
-6.77306 0.14272 -9.48543 -213.479 -86.6561 49.5723
-6.89594 2.70694 0.844469 -226.082 -85.0499 -5.08255
-7.05074 3.65825 -4.40549 -244.415 -41.3958 29.6046
-7.74298 -0.518224 -4.4133 -313.53 -185.93 -39.8759
-6.94776 2.94083 -0.535832 -235.334 -9.01421 -23.913
-6.97052 5.52991 -6.38729 -239.216 -155.807 51.7355
-6.69248 7.06344 -7.01358 -214.195 24.3909 59.2618
-7.04855 3.44445 -2.32683 -250.322 -40.5909 17.7646
-6.53936 -0.952563 10.4098 -199.954 -97.0721 -61.2533
-3.64473 1.40796 -0.098964 84.2951 -84.8535 -160.652
-7.0236 8.05027 1.38517 -261.141 -26.5052 -8.97724
-6.95693 4.20009 2.27782 -257.425 -4.67686 -14.0862
-6.40656 3.42704 6.00877 -207.917 -83.9089 -32.5507
-6.23102 4.4611 -8.4176 -191.337 -66.1376 -74.0369
-6.74507 4.07661 -1.70329 -243.47 -8.56925 7.84033
-2.77311 -10.0557 1.86424 151.029 -180.143 0.942114
-3.94734 -7.65672 -5.74112 34.3264 -259.571 36.2131
-5.52306 -4.24651 -2.11982 -124.194 -195.765 -0.14993
-6.10537 -4.13851 -2.83837 -183.076 -179.572 18.7268
-3.30924 -10.7863 2.35416 93.3562 -174.93 -36.157
-2.53801 -9.21555 3.01503 165.392 -149.451 -29.4848
-6.05087 13.3425 3.42246 -187.924 -92.5436 -21.3478
-6.55004 2.67034 5.68723 -237.563 34.8491 -34.1758
-4.66822 -5.30409 -2.66793 -53.3622 -222.488 15.1487
-4.82426 -2.74835 5.77025 -69.4089 -262.587 -9.32469
-4.36336 3.8749 10.3332 -27.3184 -177.737 43.6218
-6.49075 3.18921 0.842896 -240.298 65.7122 5.93114
-2.07051 -13.2403 -5.99326 196.848 -47.5157 30.9925
-3.94913 -6.43839 1.64352 6.95958 -239.892 0.493388
-6.27025 5.92897 5.261 -223.861 -52.6347 -26.2511
-4.27011 -7.469 0.290898 -25.5467 -280.067 -21.5126
-4.21688 -6.21418 2.08069 -23.4071 -233.459 -6.28973
-5.11931 -1.21327 15.4645 -113.452 -122.797 -89.4769
-6.22001 3.00495 7.91146 -223.278 -0.325298 -46.2868
-1.90805 -12.6934 -1.74379 202.002 -54.7185 6.49277
-6.60689 5.95654 -1.74684 -265.751 21.1892 8.32904
-6.1414 6.20024 -3.94022 -222.537 -18.7409 21.734
-6.05478 5.1497 5.70161 -218.567 -27.2428 -24.1342
-5.91232 9.9222 0.770803 -205.197 -74.0681 -0.796168
-6.00843 4.86879 6.61789 -215.7 -11.5963 -38.833
-1.95949 -10.5096 -0.0286294 180.033 -110.419 36.0872
-6.3919 5.09253 4.53988 -261.033 48.2422 -42.5863
-4.6979 -2.79016 -6.92993 -92.8456 -204.967 40.6819
-6.1852 4.50196 4.0466 -241.653 48.5026 5.14249
-6.20745 5.20192 -5.98717 -246.506 21.5927 32.7846
-2.07828 -10.4119 -1.00603 163.494 -207.062 18.8321
-5.94175 5.29456 -1.03454 -226.423 48.7884 21.2605
-5.83398 3.3529 -7.22063 -218.387 26.6858 40.0324
-4.96881 7.19459 2.80826 -134.804 -160.983 42.4339
-5.84758 -2.94506 -0.238331 -222.867 -124.927 4.34787
-6.27503 5.99474 1.45779 -269.745 75.995 2.2516
-5.12453 0.674682 -16.1107 -158.634 -52.7759 93.6345
-5.98985 6.93454 6.4512 -244.948 11.1372 -38.5835
-1.4379 -11.6361 1.78643 207.025 -128.356 -8.05789
-5.90581 5.43638 3.80877 -236.964 71.8452 -50.949
-5.95812 5.33135 0.439935 -243.159 118.746 -4.2626
-3.31144 -6.90334 3.98272 16.4122 -241.417 -16.8598
-5.82791 4.46726 -5.1161 -234.051 43.9676 14.5073
-5.62948 6.32491 -11.5607 -217.046 -23.197 64.6373
-2.25076 -8.5737 0.908154 117.44 -216.906 -4.87371
-3.63161 -6.2099 1.28668 -21.3448 -236.542 -24.1089
-3.68856 -5.96187 3.13755 -28.4294 -245.38 -12.2161
-6.92219 13.2317 -6.13821 -349.701 121.344 -67.0149
-5.96362 6.05611 3.64168 -255.365 40.5978 -36.9803
-1.55476 -9.91156 -0.577757 180.842 -173.753 -10.5693
-3.26364 -7.74999 -3.02353 10.425 -276.171 9.1872
-1.42482 -10.6173 -2.47045 191.168 -123.305 24.2748
-1.83694 -9.04715 -3.73866 150.056 -199.67 5.32874
-1.05419 -14.9222 4.12121 215.616 -18.9606 -23.388
-5.84498 4.71113 -3.03038 -261.198 54.1481 -39.94
-5.39577 9.32886 -0.97629 -217.677 -40.4739 3.89801
-5.24714 9.26294 4.57819 -204.459 -37.8341 -27.074
-3.8167 -2.34553 -15.0084 -63.9761 -238.088 116.937
-4.9337 1.50842 13.1664 -175.121 4.63468 -76.2557
-2.60382 -5.82865 0.824787 56.0331 -199.806 96.454
-5.24341 13.1708 6.85972 -207.087 153.47 18.7048
-5.44285 8.00013 3.01153 -228.98 -9.90596 -14.4352
-5.44856 10.9304 2.97367 -231.793 -26.3293 -14.1868
-5.24299 4.64163 -3.87863 -211.677 113.65 15.6749
-5.58648 10.1374 -4.79145 -249.69 -19.1919 30.5818
-5.36585 7.28588 0.686365 -227.888 5.35713 -5.38385
-5.00296 4.3031 7.49817 -192.89 122.527 -46.4619
-5.48399 5.80365 4.90356 -242.577 95.5813 -24.9884
-2.2978 -7.12524 -7.14802 73.1412 -213.182 52.7789
-5.54568 6.09382 1.53466 -249.927 117.624 -7.07869
-1.67772 -8.19247 2.28457 133.673 -176.678 -27.4503
-5.30102 -2.4598 -1.40073 -235.222 -7.44809 -34.4992
-1.51434 -8.17714 -4.45537 140.383 -170.875 27.4032
-0.643387 -12.8963 -5.4263 225.336 -55.0181 36.0939
-5.38872 6.3202 0.0172445 -247.077 94.4762 3.09965
-1.21879 -7.93056 4.91232 165.769 -160.678 -63.1597
-3.78575 -5.86011 5.85707 -89.3443 -222.558 -24.9559
-5.47782 2.33991 3.30476 -263.193 -34.7064 16.3611
-5.31997 6.94308 0.986359 -248.123 60.1372 -22.4394
-4.51309 14.9446 1.79805 -168.08 -99.6585 -7.37637
-0.958719 3.78827 -4.23176 184.009 -91.1667 -42.2369
-5.33533 9.15252 1.67673 -252.144 140.103 -15.2455
-5.14464 6.03901 3.96024 -233.833 97.4967 -34.0183
-1.31947 -9.18064 3.49907 145.957 -215.153 -15.1102
-5.18003 12.2192 0.400367 -237.695 -27.7955 -7.54771
-1.37464 -9.03194 -15.1327 139.416 -35.987 84.427
-4.97146 7.19215 -2.97812 -227.539 -58.9472 16.7517
-0.382013 -13.0779 -0.583662 227.045 -94.9912 26.5232
-1.32518 -7.83825 -6.09118 129.581 -174.98 20.8573
-0.778314 -9.44679 4.12885 183.634 -186.143 -38.1659
-2.49351 -7.37863 -4.78447 11.5374 -258.29 33.8733
-5.25517 9.89604 -6.12778 -265.55 -112.927 70.1582
-5.03046 4.70691 2.21874 -243.454 -8.59298 2.12813
-1.08943 -8.89472 5.83065 147.861 -204.323 -49.8317
-4.60289 9.61513 3.95249 -204.822 60.4314 -39.7015
-4.6879 5.84874 0.934455 -213.305 125.407 0.423595
-4.75151 11.7267 4.85003 -223.444 -32.6079 -25.0904
-1.61153 -8.31461 0.0601514 82.0311 -262.674 -4.39409
-1.36613 -7.77565 -2.44859 106.234 -203.354 11.8286
-0.809595 -8.80036 4.16989 154.462 -219.663 -41.2492
-1.55128 -10.732 -16.4902 79.0475 34.9557 98.1944
-4.81567 6.96852 -0.403891 -245.494 118.496 -5.12088
-4.349 0.792971 6.27685 -199.483 57.1194 -12.6586
-1.86089 -15.6824 0.518427 47.4245 -249.671 -1.39496
-4.65678 6.99219 1.6473 -233.852 53.9578 -0.40494
-4.33398 8.59356 11.6843 -202.104 -7.92931 -68.3239
-4.64029 6.91661 3.04104 -233.215 73.0678 -18.8553
-4.71103 7.71731 2.1648 -241.68 58.9488 -17.1517
-4.85685 8.6044 -3.21959 -256.552 59.8932 13.4729
-0.396871 -14.5785 2.58354 184.515 25.5736 -4.3828
-4.38094 6.79379 0.16135 -212.469 167.976 -3.18859
-2.00331 -7.79481 4.08922 23.5018 -267.416 -20.1102
-4.45701 9.72571 5.47534 -222.36 -10.6042 -32.8078
-1.73144 -8.04129 2.6998 38.6762 -273.815 -3.94324
-0.293926 -9.02677 -3.35732 181.172 -146.991 25.4144
-0.0188466 -3.34893 10.561 206.375 -96.0568 -54.4971
-4.36888 5.82471 2.19376 -226.475 -59.4588 36.2717
-4.62025 7.74678 1.47513 -251.762 90.7782 44.8241
-0.512301 -16.1317 -4.44223 156.005 -124.834 10.7146
-2.19654 -6.86274 6.56111 -16.0691 -241.348 -45.739
-0.713631 -7.71771 -11.17 130.585 -178.379 75.0028
-0.806426 -5.22013 3.81358 119.848 -160.569 83.9794
0.00224806 -11.3351 5.05412 196.114 -49.1236 -24.6233
-4.01811 6.26128 5.99339 -203.369 134.539 -12.0165
-0.306393 -8.67836 9.09451 164.539 -150.653 -51.2257
-4.30995 9.04083 3.98317 -233.632 26.3236 -12.8351
0.116716 -15.092 -0.862831 203.902 8.9346 15.3253
-1.23272 -7.1932 -7.97908 69.6449 -223.879 58.0614
-3.71617 16.427 17.6367 -184.258 14.1642 -104.673
0.216007 -14.366 8.21645 204.412 7.91176 -32.2729
-4.06024 8.98573 -3.13261 -221.915 9.55773 18.8322
0.0374629 -9.21391 -0.888703 184.731 -195.232 -9.83688
-4.2419 8.56625 -2.20891 -247.121 36.3277 22.8813
-4.14199 11.8324 0.260349 -239.062 25.4654 -3.91104
-0.729916 -5.87105 -3.95112 97.7866 -204.736 23.273
-4.06724 10.6879 -2.78088 -235.739 3.24502 16.8619
-4.10388 5.0496 7.4461 -240.835 50.6204 -45.8241
-3.96232 11.6857 -4.20209 -228.602 -1.66283 10.1589
-3.64506 4.00678 -0.0373018 -199.474 -45.7673 -104.402
-0.652317 -8.96369 -6.80365 95.182 -261.123 -51.5139
0.361472 -9.21246 4.99622 195.546 -128.49 -36.6605
-0.592845 -4.84392 -9.84678 96.8229 -244.838 63.9928
-0.397933 -7.38697 5.53801 115.743 -198.467 -37.8803
-0.0672233 -8.17944 3.04658 147.099 -195.705 -15.4413
-4.05452 5.26246 -0.163978 -250.529 51.2632 -36.3232
-3.55747 6.57933 0.945592 -205.216 100.554 53.8047
-3.57908 8.90725 5.89501 -207.831 8.30554 -46.5128
-1.46948 -7.29481 -0.824583 0.783736 -253.478 -2.78821
-0.449457 -8.21113 1.26613 97.4826 -251.592 -6.09705
-3.51443 -5.27599 2.88773 -209.757 -20.8653 -52.1926
-3.68009 7.81904 3.4554 -232.002 102.004 -26.7244
-2.12198 -2.57996 8.41598 -78.3496 138.734 81.5695
0.604885 -8.68415 -7.84452 183.769 -121.996 37.4519
-3.20967 7.20235 0.696227 -204.03 109.783 -16.4262
-0.238314 -7.29654 3.04821 86.9023 -235.611 27.8977
0.887819 -9.04206 4.35108 194.841 -94.9576 -25.2422
1.01211 -9.81554 6.09035 205.093 -84.4882 -38.8325
-3.30735 7.83106 8.16971 -227.287 118.04 -40.9535
-3.20749 8.10421 -5.44698 -217.881 159.304 29.0102
1.09021 -9.25105 -4.95773 206.537 -88.9916 24.5375
-3.42004 17.2192 0.924212 -243.125 112.435 -7.56549
-3.38404 9.92257 -0.788671 -241.75 64.9583 10.2463
-0.0399587 -7.51497 -9.08728 88.854 -235.825 53.2438
-2.62043 6.52042 -5.95016 -170.168 149.522 29.8936
-3.34403 9.0302 -5.66338 -242.292 89.7934 34.1064
-3.14429 11.5197 -5.24957 -225.04 7.47159 39.5587
-3.08318 8.41042 -7.77543 -222.757 63.9657 49.8896
0.917133 -8.38508 8.96606 172.344 -170.595 -50.4004
-2.77034 5.38939 -4.50876 -196.932 -164.833 -5.43104
1.10668 -8.56274 -3.65348 180.571 -201.621 5.87051
1.55035 -15.8932 9.96821 222.351 6.36594 -46.1399
1.00212 -8.17426 -0.0234735 167.698 -164.245 -0.206427
1.64345 -9.81344 5.02532 229.484 -103.206 -33.2357
-3.07557 9.85691 2.77589 -239.895 55.6839 -8.81593
0.570454 -17.6305 3.70538 121.86 90.1183 -20.1084
-2.62493 9.24663 -8.81818 -196.597 -0.304113 51.3448
1.28903 -20.8301 11.8226 192.102 -176.237 13.3144
-3.09857 -2.0071 0.330808 -245 -9.28605 4.26313
1.73671 -11.0496 1.06119 233.065 -57.8888 -5.78452
-2.73559 8.56199 -8.67068 -212.804 80.8846 45.9261
-3.10923 11.3107 -3.16459 -250.653 44.1313 10.5622
-0.333004 -6.92656 1.37416 20.8979 -237.115 6.76587
1.64163 -9.69935 -5.89096 214.263 -74.5534 38.8062
-2.71973 10.4719 3.43641 -222.859 31.5188 -23.9172
1.05227 8.53689 -4.56628 150.484 -34.0914 66.4849
-2.03705 8.16959 1.51132 -157.48 234.712 -1.54295
-2.04062 16.5804 -0.648804 -160.197 135.663 0.473153
-2.54698 8.48945 5.21918 -212.689 74.3865 -28.5582
1.37568 3.11875 2.2039 174.788 51.3268 -118.965
-2.40343 7.96571 -5.04481 -200.887 161.568 47.9716
0.341772 -5.95089 5.54057 70.5652 72.6154 145.975
1.67756 -8.57763 7.25433 201.908 -135.056 -50.1078
1.7939 -10.7382 -3.16026 212.813 -51.9716 28.8063
1.99613 -9.85653 -2.48694 231.683 -120.183 56.0624
-2.48126 10.9494 -9.1122 -220.957 22.0833 60.4625
2.10891 -10.831 -0.515202 234.257 -76.4982 12.8017
-1.96018 5.08176 -5.17351 -171.921 204.449 -7.51253
-1.24465 7.09323 3.57711 -100.872 214.401 -14.7966
2.09035 -9.40196 1.55822 223.156 -127.416 -13.8016
-2.3408 10.9222 -5.21216 -217.695 26.1154 25.846
1.60516 -8.64098 3.40785 174.24 -205.921 -21.2917
-1.9833 8.08329 6.23112 -188.491 189.473 -17.8684
1.99231 1.25054 1.25571 195.927 -61.0812 75.6007
1.10208 -7.79198 -3.40207 107.35 -241.77 16.9553
-1.98695 8.22216 -2.71211 -200.202 112.126 36.4792
2.21248 -9.28225 0.791982 215.37 -79.4987 0.550787
2.3143 -11.8727 -5.46976 225.131 -22.3915 43.4805
1.9298 -16.5848 -0.217197 186.683 49.7814 -10.7852
-1.21544 7.49305 -2.6941 -127.648 187.954 23.1773
-2.06683 10.2375 -1.95754 -213.718 39.1389 10.0165
0.0959986 -9.70644 -3.73914 -2.85776 -228.738 39.7822
1.41502 -7.05288 5.01556 126.486 -202.265 -44.3444
-1.36485 15.3713 8.66595 -154.631 -58.5903 -50.6412
-0.274683 7.98515 -10.3946 -50.686 208.75 64.2369
-1.68938 8.5675 -6.65158 -196.709 159.171 33.4321
2.36033 -8.09943 6.78135 204.738 -80.5916 -34.0408
-0.832867 7.62217 0.628389 -117.172 220.807 4.80925
-1.48937 8.52017 -1.32269 -184.561 205.755 -20.1591
0.971526 -7.00166 9.5728 59.8402 -237.037 -42.1108
1.30618 9.37468 5.45024 91.9147 -28.4484 -67.4102
2.38652 -7.75686 -2.38654 196.511 -161.114 31.5608
-1.67677 9.53697 5.72581 -208.213 63.2462 -31.5239
2.47431 -10.3727 -4.97251 203.708 -17.1756 31.8203
2.82792 -9.64918 -0.315228 237.764 -92.4859 7.48436
0.656012 -9.95129 -1.45052 21.177 -213.797 14.9895
-1.39272 8.66453 9.17523 -188.545 62.1071 -55.955
-1.11881 4.27195 5.86775 -162.383 158.921 -11.3549
2.39245 -12.909 -6.92598 185.871 32.8978 36.8213
0.366835 6.92369 -0.95613 -15.7836 240.022 15.018
3.18358 -8.86983 -0.678736 262.785 -57.7056 18.7599
2.82534 -5.86425 -0.126384 225.615 -61.9568 8.05487
1.44002 -12.3164 -3.93677 85.7377 -209.445 -1.63791
1.5438 -0.123352 3.82579 92.5979 -228.668 -14.5001
-0.845242 4.41981 -2.65033 -147.218 163.975 133.801
0.318677 7.25541 -4.28886 -33.1674 250.616 23.6264
3.08751 -9.91853 1.17574 238.296 7.19279 267.255
2.97302 -11.7 -1.76104 226.871 -73.2695 16.5601
2.8243 -10.066 -4.82644 208.837 -10.9224 18.0984
2.9494 -11.6371 -5.13309 220.709 -5.74876 19.3212
-0.593414 7.78345 1.6223 -133.18 212.696 14.3621
-1.54939 11.2217 5.96529 -229.337 64.6221 -32.7731
-0.997035 8.12896 -8.20021 -175.528 176.834 36.5937
-1.00265 8.43892 0.403633 -183.814 142.914 -6.67101
-1.69005 20.2187 -0.467596 -253.483 43.3447 -3.5068
-1.29714 9.49885 5.29403 -216.335 93.5857 -24.9917
3.16878 -3.585 3.43513 225.273 -123.495 -15.75
3.26249 -8.75861 -3.16137 233.264 -75.507 18.46
0.907559 0.0368239 0 -5.20848 1.28329 0
2.99145 -7.30597 3.75661 198.15 -150.75 13.2558
3.0962 -4.89565 -6.99469 206.816 -44.0907 -44.7637
1.20208 11.4622 0.226822 16.8747 163.938 5.88568
3.38904 -8.44067 1.82635 233.372 -152.916 -17.0469
-0.0310203 -4.04139 4.68871 -106.698 -128.3 141.049
3.1856 -11.8901 2.8676 209.963 -2.26014 -38.0136
-0.857356 9.38173 -1.8519 -192.1 183.437 24.3753
-1.28908 11.041 -0.9118 -236.208 77.9913 -1.40187
0.717223 7.73096 -6.40943 -37.3511 265.572 35.7365
3.11656 -13.8395 3.61039 196.273 35.2339 -23.8604
3.022 -13.8571 0.522539 185.862 50.9496 5.38222
3.43421 -8.04714 -8.01528 224.426 -91.2226 55.7557
2.97506 -6.31055 14.4298 178.635 -63.431 -73.4531
2.3562 -6.21913 -4.33414 116.872 -199.454 9.80041
-1.03347 8.15936 0.263186 -226.312 69.8069 -12.3426
0.608069 7.84703 3.93526 -64.2438 251.156 -17.2154
3.49059 -10.7752 -8.89469 221.5 -7.74034 61.4354
3.9781 -4.95225 -7.03845 267.137 -16.1577 -19.3224
3.5279 -10.4439 -7.56375 222.074 -14.0263 33.0709
3.39304 -7.09624 4.99105 206.381 -141.493 -42.1183
3.79686 -9.24711 3.43961 246.026 -73.1516 -8.74151
-0.508251 10.7366 -9.36304 -181.889 38.4728 54.8683
-0.0613835 5.61051 1.67367 -139.79 150.826 135.923
3.68337 -10.5682 -5.82566 229.95 -11.6811 44.2332
3.22932 -9.1181 -6.71563 182.981 -219.782 -76.4058
3.63426 -10.3415 -0.198801 222.16 -208.264 159.423
3.3416 -8.29856 12.235 192.348 -13.3094 -61.1184
3.55218 -12.3663 -0.029947 211.954 23.0273 -3.23512
-0.0542202 7.43525 13.7407 -149.848 138.171 -68.3803
3.86085 -7.94508 6.17402 232.556 -124.476 -40.1187
2.13849 -10.0023 -0.816009 56.9921 -8.78017 -82.7663
3.86301 -9.2934 3.22106 227.542 -18.6007 -7.74503
4.17208 -9.88796 -3.72718 253.18 -40.8017 25.5656
1.96074 6.84884 4.73837 33.2736 245.867 -35.0011
-0.404222 10.4853 1.37546 -206.486 107.434 -3.2101
0.65755 1.89795 10.3728 -101.968 183.392 4.07783
-0.545935 11.4478 -6.18375 -223.825 85.0825 31.9756
1.95813 7.25016 -0.301892 23.0601 254.889 10.8932
3.97397 -7.1304 -3.39184 221.856 -27.9362 -23.6183
0.709635 7.26794 -4.60314 -102.808 195.112 27.8733
0.565263 7.4781 7.775 -119.433 183.734 -46.9834
4.29694 -8.44063 -5.69019 249.117 -88.2074 33.0003
0.0906509 8.7735 8.62375 -171.569 151.498 -34.18
4.13848 -7.36671 3.35172 229.255 -86.5428 -7.13618
3.70045 -6.32666 -4.5709 181.686 -167.997 37.4291
4.09713 -12.1749 5.42095 220.36 -38.5211 -13.3213
0.368676 9.85288 2.56954 -150.645 200.603 -1.45582
-0.337379 11.7067 0.13262 -221.164 53.6452 0.607726
3.31006 -6.22403 -6.33204 139.418 -244.395 95.1421
3.92055 -12.7915 3.01688 193.502 54.314 -15.317
4.362 -7.68928 -2.27025 236.303 -53.8129 25.1334
-0.0642228 10.2586 1.2945 -203.501 107.679 -13.3568
0.241441 15.5539 9.87626 -182.337 155.877 -78.0459
4.63424 -8.02321 -2.63383 250.194 -84.405 26.4825
-0.0214328 10.8946 -5.81529 -213.707 82.7361 21.4251
4.33627 -7.72469 -5.09481 212.085 -23.9331 39.4317
0.164828 10.2367 2.84934 -204.563 162.659 3.7041
4.69462 -7.11203 0.881274 239.089 -114.054 0.886619
4.33721 -8.63551 9.32908 203.054 15.0954 -51.4093
4.50938 -7.02564 2.78726 219.594 -173.529 -25.8311
4.87138 -10.5738 -2.43497 255.411 -9.63492 7.01417
0.178172 22.1516 -20.5921 -218.742 -34.3128 102.969
2.02474 2.71775 0.625357 -38.8878 500.4 29.3108
4.52804 -8.02794 10.0253 203.786 16.5956 -66.2369
4.87404 -9.80652 -0.381099 236.458 1.71539 -1.69042
4.5169 -5.8335 1.71906 197.894 -111.69 -36.4641
1.43079 8.79982 -3.33245 -111.58 254.724 10.4949
4.50406 -13.0667 1.18348 192.978 59.6497 -0.411042
3.65421 7.22733 -0.905287 105.316 270.723 64.4672
4.54103 -8.7284 8.59774 192.099 30.8053 -47.3256
0.574882 19.2443 -1.45978 -202.953 156.987 -2.685
4.57951 -5.17855 -6.47173 191.453 -138.22 32.6421
5.26251 -7.45643 1.55436 257.664 -66.514 5.67677
4.84371 -10.5002 -1.87019 215.859 35.377 9.50477
4.72439 -5.41115 0.302213 200.565 -140.413 34.2493
4.89315 -5.32913 -5.2975 213.2 -92.2671 41.941
5.33008 -7.94352 -0.907845 252.095 -35.8462 17.3689
5.33205 -7.00093 -5.79906 239.675 -37.6808 44.9058
4.89026 -9.67406 8.46402 193.266 40.0035 -42.121
4.46157 -16.2302 0.882634 149.712 91.3442 -57.2491
5.31499 -7.15676 -2.49357 232.181 -22.505 12.4446
4.07464 8.44155 -3.32199 107.838 180.248 18.5691
3.79948 -8.03251 16.6036 80.3883 62.0039 -98.9517
5.57657 -7.79485 1.8043 256.571 -38.3961 2.0573
1.32041 1.11385 -0.984278 -172.929 112.151 104.003
3.52977 6.31066 -7.4538 45.9315 249.249 -84.6605
4.32477 20.086 -11.0276 124.018 425.626 -78.5042
0.859687 13.4325 -1.73661 -220.252 39.5263 11.2875
4.2224 10.1633 -4.22293 113.393 -51.6292 -22.0966
5.31154 -0.762615 -4.274 221.101 137.802 22.6068
4.95863 -4.97901 -13.1081 185.426 9.66568 77.2044
4.84558 -12.8885 5.1955 172.997 76.0146 -23.7978
1.80967 10.6793 -12.3805 -129.709 211.528 -20.7649
5.50223 -5.12656 -1.28901 237 -56.1936 22.7899
1.33134 15.7289 0.240938 -179.092 -24.398 -4.39931
2.69784 6.9186 -9.07507 -44.68 232.578 51.1619
3.54104 11.0401 -0.288887 38.0532 241.157 9.74314
1.078 11.085 -2.71553 -206.987 118.378 24.6441
5.48065 -5.83274 7.70521 230.251 -41.9161 -32.9637
5.70076 -7.22105 -0.335122 251.71 -17.2489 -2.24751
5.21427 -5.45194 -5.50208 199.673 -168.73 22.3775
5.73328 -6.32679 -1.06131 250.887 -128.899 12.4319
2.25802 7.5214 6.17045 -94.7476 209.064 -41.5242
5.4783 -5.65412 2.22276 222.425 -154.011 -13.101
1.63477 9.14641 -13.4624 -159.942 82.7815 60.7154
5.71746 -7.31814 -6.83545 245.597 -15.45 35.1461
5.27678 -10.6694 3.36184 200.877 -36.4194 -18.5987
5.76614 -5.49888 -3.97381 243.392 -106.441 23.1534
5.19421 -11.8383 5.2303 181.733 70.0964 -23.6757
5.80164 -6.3676 1.47056 236.282 -19.0827 -12.3925
5.74841 -8.00227 0.20819 230.27 99.3979 -2.99142
6.05342 -6.00858 6.51975 255.604 -49.1573 -24.9285
1.56222 -2.06938 7.28369 -191.562 -27.3978 -0.346274
2.26051 8.27961 -4.64577 -122.82 190.776 34.2423
6.26735 -6.82616 0.746741 273 -49.8303 9.0038
3.50514 6.78381 -2.75926 -4.39579 234.72 9.64194
5.33972 -12.8412 1.5799 176.575 78.5603 -15.1947
2.06251 9.29209 12.4518 -151.881 68.6552 -72.7946
5.77293 -3.53735 8.31825 211 -104.001 -36.0635
6.11596 -4.10783 -4.84004 244.555 44.5414 -2.66305
6.22778 -7.30186 2.50664 252.448 12.474 -15.8383
4.5351 -7.21513 -1.00298 83.4808 188.566 41.7694
5.49288 3.21033 -6.25233 175.824 133.909 40.2505
1.92942 10.1329 4.16925 -179.228 116.96 -23.3164
6.11858 -4.1955 -1.73945 231.259 0.528592 12.4452
4.08 7.4414 -2.38832 26.9304 279.737 4.87859
5.2481 1.62844 -3.98363 141.363 168.067 40.8056
3.01267 8.57677 -2.6802 -80.8407 260.604 20.9978
4.85788 2.73963 2.6795 101.737 254.788 -12.0272
2.96642 12.904 1.95227 -89.2776 -30.2048 -40.0492
6.36465 -3.59011 -1.00702 244.873 57.931 14.8049
6.30053 -7.44644 5.88953 235.625 33.0749 -14.6458
5.34778 -1.36175 15.7019 140.325 188.528 -98.625
3.83697 6.72125 -4.49459 -10.7642 244.204 14.9035
6.43273 -5.98366 1.92853 245.589 -72.9455 0.313435
4.92772 3.83453 1.71612 95.9488 202.798 71.0635
2.18073 10.1601 -2.16097 -177.902 121.528 28.6925
4.43234 4.56791 10.0266 44.7799 171.434 102.825
6.28485 -8.10854 -2.09965 225.695 28.1845 19.6828
6.08374 -8.23587 -8.02296 205.173 52.9023 38.9441
6.36375 -6.68914 0.0287645 226.732 40.8423 -0.532577
6.23767 -8.49206 -6.36485 212.496 54.8638 41.1067
2.95407 9.09431 0.390002 -114.321 248.081 -9.51444
6.73288 -5.7978 -0.536161 260.467 -10.4078 -32.8214
4.41931 4.92708 9.53216 29.4269 203.333 -57.0744
5.81828 -0.678815 3.05719 166.181 165.098 12.3581
6.02478 -10.9462 4.74738 186.626 79.1192 -38.3899
5.4658 -7.4317 14.538 129.638 76.6547 -81.2813
6.76336 -5.48661 -6.94324 258.006 5.24645 42.5911
3.69071 8.13589 3.49769 -49.4202 268.52 -1.2583
5.68195 -12.8637 -1.08282 145.572 92.8447 -86.2212
4.27325 3.04239 6.77252 3.43372 228.818 -30.3302
6.66851 -5.24458 7.34868 238.675 -14.1349 -81.6263
2.29858 11.4776 8.7703 -196.284 100.075 -42.072
6.90796 -6.41761 -0.377362 258.566 10.4666 4.92247
6.79999 -5.70763 -4.63407 246.914 7.47694 29.2382
6.31674 -9.12878 -4.79307 198.8 73.0032 28.1262
6.20362 -6.35289 -8.88511 186.44 65.0159 56.1146
6.56486 -1.28215 -5.34066 220.315 40.5382 36.6024
5.87244 5.12513 2.27108 148.794 219.096 -20.1344
3.91391 6.88406 4.05984 -45.9998 223.227 -7.61679
6.16726 -9.98807 8.60054 175.113 75.7821 -48.8043
6.97315 -4.90087 7.64336 254.296 2.10646 -41.1444
6.58009 1.27608 -1.06372 210.729 90.4674 2.70752
6.62179 -0.797579 1.75532 214.865 129.915 -16.3535
5.14631 3.52167 -12.2647 65.4138 176.134 63.5718
3.09592 8.57728 -12.0389 -138.495 151.735 74.18
6.02816 -14.0229 -2.21102 151.893 109.433 4.99633
7.15073 -7.23297 -0.531803 262.681 14.659 5.85973
6.53577 -10.0282 -1.54936 201.261 75.1447 -3.13807
5.96279 -3.821 -4.89776 143.53 95.6012 -157.019
6.10658 -14.4617 -6.34931 156.96 164.495 31.2164
6.89816 -6.47726 0.90675 234.725 43.9431 -0.145122
4.37821 5.46445 9.74067 -15.8836 200.84 -64.8447
6.75598 1.80566 0.114927 218.326 122.976 -2.28321
6.16399 -12.9134 9.12702 156.505 90.9372 -51.8748
7.02114 -6.60097 -1.40032 241.598 46.2668 40.6115
5.71618 -3.07904 0.724514 111.712 218.362 80.4554
7.07986 -1.86946 6.19553 246.909 23.7427 -43.1597
6.81833 -6.49417 6.67052 215.33 57.7747 -39.7197
4.89306 6.15164 1.90766 22.8767 243.851 -5.77144
6.21801 3.19721 -2.43302 154.435 174.816 6.62604
4.57917 7.34263 2.77523 -8.43841 268.439 -22.9562
6.27982 -0.681796 -2.38654 159.53 168.888 -86.483
6.41347 6.05682 0.55975 172.796 108.327 -44.1862
6.11673 -12.9596 8.37007 142.899 98.128 -41.7818
6.62262 1.69803 5.88654 191.518 -100.539 -21.3348
7.33179 -5.07162 -1.17211 261.446 31.4495 -77.461
2.75748 8.26883 -0.516927 -199.997 174.417 14.9804
7.11547 0.813325 4.1801 232.449 -3.25187 29.5966
7.15711 -3.79572 0.589389 235.81 44.0952 -4.94682
7.16174 -6.13956 0.353796 235.367 55.6058 -15.9596
3.31693 9.0918 -2.23709 -148.118 162.689 18.2794
7.11696 -5.25675 6.53573 229.167 51.9263 -39.034
6.97441 -5.2463 -6.41195 213.135 53.6888 28.1551
3.01252 11.1491 0.109449 -180.832 133.097 10.2272
7.42168 2.52267 4.33081 256.703 -58.1764 -17.7741
4.35222 7.29937 4.55345 -49.9153 236.471 -9.51685
5.82788 1.92696 -3.65313 95.0914 247.664 19.3527
6.89194 -2.89151 7.13954 197.663 75.6163 -42.628
6.10728 5.00255 -2.11575 114.398 231.11 23.9445
7.59279 -4.12758 -0.533927 258.646 37.3665 -4.92763
7.62755 0.513164 1.00933 261.79 44.6129 -16.7466
3.40776 8.54402 -2.54519 -159.163 187.255 25.0687
7.28404 -6.56739 7.95495 224.352 71.9203 -39.5127
7.7451 -6.22909 1.13416 265.303 43.3934 -0.796688
6.99394 -11.2508 3.99776 186.823 93.7576 -17.7067
7.97573 -2.39798 -1.3015 283.44 -15.3428 10.5127
5.39883 9.8165 0.0926356 25.7379 254.029 6.49064
5.67529 4.59677 -9.07668 50.2242 213.437 45.3334
6.94407 0.711247 -7.95661 175.126 139.193 46.2475
5.19985 6.31107 -8.10238 1.05456 230.875 54.7517
4.12149 23.2986 10.2 -106.644 188.404 -13.9113
4.06469 8.98119 -3.18159 -115.888 233.907 11.3421
6.03095 4.96469 2.00138 77.9518 541.617 -91.4305
7.41323 -7.78089 -3.53477 214.386 78.9399 29.313
4.51248 7.04988 -10.3584 -75.8599 191.589 53.5175
7.52121 -0.266853 -3.91026 218.386 104.461 18.8653
6.78763 17.2506 -12.7947 144.887 660.958 -500.838
6.35247 6.07217 1.63537 100.596 260.875 -14.4002
7.33983 -0.546975 -6.67202 197.847 107.547 38.8983
7.82654 -8.1378 4.76445 245.349 42.4479 2.15816
6.19111 5.3169 2.75709 81.7638 239.865 -31.2242
7.79387 0.943018 7.20057 240.784 106.948 -45.2273
7.40751 -5.63107 -9.50972 202.045 71.7826 57.9604
7.33123 -1.26915 -12.5163 193.325 99.9219 68.6128
7.51933 -0.348203 -7.71842 210.983 -4.69574 -82.2309
7.98142 -13.1985 14.7368 256.437 -148.353 34.9319
4.3634 7.92979 -1.49768 -103.167 195.574 3.09749
3.79564 1.9636 4.82357 -161.756 224.881 -27.4194
7.34308 -2.79942 7.46512 188.103 103.332 -39.9363
6.06411 5.52067 1.86352 60.8572 -83.0179 65.8617
6.53638 2.25446 -4.31058 107.594 173.714 -80.2701
7.79971 0.156637 4.1268 230.475 107.418 -27.4465
7.15111 0.290137 -9.48908 165.001 141.836 41.4689
7.51049 -3.05375 -7.91046 200.676 355.11 146.712
6.40754 -1.06214 -6.44985 87.1999 184.353 -21.7479
7.63147 -3.2921 -5.85943 207.331 89.732 41.3756
7.69096 2.66346 2.89446 211.423 123.124 -19.7109
7.13277 -0.906533 7.94586 154.473 205.341 -44.2078
3.58153 5.35644 1.18286 -200.253 188.423 7.76348
6.92454 3.16374 3.08425 130.066 240.554 -45.4817
7.40574 1.71817 -0.768258 172.28 166.211 16.1094
7.86065 -0.7141 6.15597 217.337 107.382 -38.9171
7.51838 -10.0462 5.98732 181.911 93.9742 -31.2468
8.02989 -1.04568 -0.640008 231.316 111.14 7.1741
8.11578 -4.37488 -3.87058 238.922 71.1803 26.1639
7.64954 2.39029 1.03734 189.522 177.635 6.76258
5.57516 6.61999 5.74515 -16.7484 227.431 -38.9786
4.27545 8.90024 -10.2373 -148.216 112.018 40.9786
7.51276 -5.03442 -7.27705 172.802 110.728 44.4881
7.93227 -0.0961869 2.52998 212.287 176.543 3.00573
4.40089 8.94558 8.85456 -140.828 141.039 -45.9449
7.15883 -15.0287 6.12451 128.443 113.608 -32.8026
7.93093 -0.414818 6.52043 204.361 130.068 -26.1478
7.75107 0.508392 -6.59865 186.39 148.667 32.5553
8.25408 -1.73295 5.25232 234.264 47.7174 -19.5145
4.43774 10.0129 1.3623 -145.97 203.942 0.497269
7.59888 -8.43573 -9.85828 167.489 100.936 55.1046
7.56599 1.27464 -9.07731 163.257 162.114 63.3536
7.47643 1.86912 5.32364 142.269 177.415 -37.6986
8.06754 -1.78815 0.774511 200.62 123.353 -12.1708
5.65125 7.30713 -2.51343 -42.0785 245.605 18.7889
7.92701 -4.14851 6.52116 183.206 113.81 -40.5515
7.90279 -7.09769 4.12196 179.389 140.031 -21.1085
5.42539 7.50273 -0.95545 -71.1079 227.519 -7.57019
8.38969 -2.48496 5.93165 219.872 119.737 -37.7059
8.57653 -3.17457 1.22445 236.176 95.4175 -9.65729
4.83135 9.45361 -0.415148 -137.323 215.887 -7.25319
6.39553 6.70743 -3.86944 18.0043 261.206 27.7643
5.18809 11.4391 2.45362 -102.619 165.932 -74.1961
6.48731 3.03877 0.260464 24.7449 286.362 -48.2483
4.6149 18.013 -2.32657 -164.741 125.003 18.2785
5.29847 8.68006 6.83957 -108.641 191.278 -45.4876
6.56766 0.731464 4.78045 17.1839 311.208 -24.8973
5.10001 9.08031 -0.149012 -130.807 198.167 -8.07208
8.43439 -4.67578 -6.60394 199.824 120.917 41.0329
4.56553 11.4736 -1.11906 -184.695 125.032 17.4813
8.164 4.27802 8.00868 171.968 209.788 -21.1532
7.18925 3.88625 -3.8876 74.5351 217.149 13.9993
8.15555 0.867967 2.81612 170.412 173.087 -4.3286
7.85576 -13.5973 -0.220528 140.373 106.966 -4.41219
8.06985 -12.8472 1.06167 161.507 117.621 -3.31484
4.41747 12.3432 -10.0117 -202.875 143.17 69.0341
8.20441 1.09946 4.60798 172.955 174.073 -14.4583
7.45238 0.535985 -2.08195 97.2156 555.637 49.9118
6.24068 6.93861 2.71612 -28.1897 247.153 -20.4664
6.31277 11.6747 -3.55838 -23.5181 234.46 10.8516
8.35695 2.52545 3.70587 174.277 211.303 -29.8444
5.93278 4.6723 1.26078 -67.4742 251.244 -3.6352
8.58943 -6.83672 -5.76542 193.844 115.178 24.247
7.62008 1.87078 -7.93704 97.5373 187.96 37.9761
5.34864 11.2365 1.92562 -133.548 222.824 65.187
7.00351 5.92108 -2.23422 29.8224 261.994 9.79435
8.94146 -6.07533 -4.27812 217.729 107.642 22.0726
8.55152 1.3009 -1.50144 172.104 209.438 -22.4951
5.48112 4.50438 -6.61346 -133.431 218.652 39.6927
6.61258 3.57165 -1.52511 -21.0859 272.18 2.12086
8.77089 -3.66867 6.71637 192.152 132.115 -46.1324
6.59699 6.91336 6.83361 -30.4372 239.672 -43.967
8.60874 -11.4187 -4.2678 166.973 111.23 27.3854
6.70034 6.61665 6.24253 -23.1348 296.075 -232.138
5.05436 13.657 7.06481 -188.793 60.7997 -42.0664
9.23179 -5.55916 4.37323 226.04 121.682 7.1463
8.37152 2.89829 -4.58994 139.173 -64.0725 -87.6041
6.52554 7.55384 6.03181 -47.4838 255.745 -30.0768
8.92162 -11.86 -5.92418 190.414 299.725 55.5434
7.88186 5.18301 -4.88164 83.6569 253.348 33.9965
8.53684 3.60454 1.35124 147.047 184.374 -8.76254
8.73917 -10.3777 -4.54583 166.501 118.162 24.0918
9.39688 -3.83969 -2.88364 231.183 -84.3833 30.433
5.74907 9.36276 -5.92795 -132.362 191.197 25.284
7.29971 13.7574 -2.41745 19.7187 180.531 11.549
8.75321 -4.98316 -8.31303 163.539 121.609 48.2497
8.46762 5.43186 -2.38132 132.822 156.342 13.4036
8.84982 -9.97807 -1.64701 169.357 116.813 7.42334
8.76467 -1.13106 -0.234353 156.844 159.933 -4.20971
5.23797 13.0131 2.16081 -194.673 96.7411 -11.8028
7.88164 3.5642 -7.31847 67.3639 212.385 33.9185
9.19854 0.416887 4.75398 197.905 180.698 -43.4588
9.62128 -6.08029 0.484737 237.367 114.037 -5.47833
8.07927 4.12621 -2.96492 77.7402 232.962 8.10733
8.38493 4.14276 4.37107 104.257 241.139 -13.0519
8.97592 -8.78353 3.7457 162.277 164.271 -26.0949
8.41449 1.34578 4.28534 99.9977 192.956 -38.6357
7.40627 5.43233 3.76626 -0.485 237.942 -28.9826
9.50259 6.08688 -1.50209 207.346 52.1263 26.3858
6.41624 11.0549 -2.23246 -100.406 466.417 134.799
9.29672 3.90952 -9.01121 185.344 174.449 -21.4934
6.78088 7.28368 2.37353 -68.542 203.578 -9.56952
7.16894 5.89286 -2.99475 -31.1724 216.65 7.54024
7.7086 5.21547 -3.4042 20.769 244.878 16.7254
6.59094 7.84281 -0.354627 -91.0648 228.803 0.811168
9.03556 -3.32143 -3.27607 151.709 330.147 -2.08504
8.84119 0.790636 7.92144 127.216 191.405 -52.0317
6.47352 8.10656 7.42135 -110.132 168.973 -48.6841
9.13606 0.418263 -1.74149 153.928 198.076 6.18742
8.62597 -1.133 -0.743654 100.97 212.638 -0.750053
9.32308 -6.70016 2.85828 168.094 122.442 -13.6068
8.53607 -4.96649 13.1527 86.7709 128.242 -72.6228
9.12335 -1.16608 4.40517 143.217 167.019 -14.6271
7.58369 4.11729 -4.83218 -11.1625 -71.6378 -67.478
6.63934 -4.34422 -4.39682 -105.588 169.426 -24.0223
9.20967 -4.70975 4.63976 145.712 151.919 -28.459
5.93152 12.0326 -5.26646 -181.08 108.029 40.4839
8.19788 4.76535 2.80129 37.4133 242.816 -4.50144
6.64717 8.72865 -6.39616 -118.202 196.785 30.7252
8.60311 11.4243 5.64634 75.848 164.57 -33.4269
8.2588 1.5351 13.8455 41.2125 174.427 -85.8198
6.12287 11.1873 3.81884 -173.772 118.612 -41.8382
7.898 5.0137 -6.0358 -1.18394 213.046 39.1237
6.48833 7.7106 -13.1242 -141.262 211.071 72.7379
6.54906 9.13473 2.3503 -135.287 188.398 -22.0783
9.5219 0.19849 4.46896 159.886 201.897 -26.4259
10.7331 0.204185 7.17856 278.387 207.9 183.101
9.96739 -3.16227 -1.10913 201.519 153.105 8.1195
8.73561 -3.17162 -14.1337 78.8581 143.516 78.7337
8.28045 4.33962 -0.31531 33.3489 246.969 -8.92019
8.99513 -6.17615 -3.25801 103.439 194.004 11.3575
9.29643 0.639834 -1.25035 129.37 197.519 0.429175
9.75686 -0.0100633 2.01306 174.311 37.4502 64.1081
9.75891 -1.77736 4.46566 172.538 178.106 -20.8134
9.26971 1.98047 -9.35328 122.629 125.863 96.1085
9.26254 2.55008 -0.832568 121.499 231.022 -4.58654
8.28991 6.01225 -1.11886 24.8084 271.483 3.29086
8.08294 6.07893 -4.37718 -0.429115 259.461 17.0619
10.0167 12.0643 -0.220061 190.452 420.931 -36.8297
9.64116 0.499489 3.50839 150.866 210.859 -17.2746
9.49122 -2.21713 -6.41696 135.074 168.106 47.1525
7.62638 2.50349 -3.60567 -52.2614 240.18 24.7196
7.23454 7.95903 3.12782 -94.4756 200.277 -24.2354
8.84581 -2.85437 -8.92278 59.1744 208.342 59.6555
9.75591 1.22406 4.49604 149.244 218.953 -33.3805
8.4742 7.90544 -1.10257 21.4486 200.054 2.79741
9.91921 -9.37518 -1.1332 162.151 84.9702 113.19
9.18226 2.98894 -0.400703 88.7519 228.76 13.4702
10.0165 -5.70641 -11.8293 168.69 120.182 -66.3845
9.35079 0.60929 10.6401 87.4853 188.709 -66.5555
6.94315 4.70031 -7.17982 -154.256 116.383 -42.5709
7.04284 10.3511 2.68328 -148.204 199.124 -13.81
7.53972 5.91646 11.1132 -102.899 170.407 -25.876
10.2967 6.2537 -0.814935 168.1 2.08756 -28.2954
7.53745 1.92748 -5.66024 -106.24 505.981 74.8225
9.71154 -5.86702 -13.596 106.973 260.587 201.01
9.09306 15.5852 -8.1155 44.0063 336.165 -98.2984
7.35842 9.84037 -1.37836 -128.465 209.468 1.46611
10.0828 -7.61708 -1.27892 141.795 144.122 6.21525
10.7689 19.4165 -8.64702 202.018 489.465 -43.2842
8.73727 15.4945 2.49217 -0.999759 412.68 -84.1595
9.34244 -9.39535 -6.37557 56.8133 283.941 44.6339
9.68893 9.27032 -14.2436 81.0203 226.662 59.7928
8.60422 2.39716 -6.91002 -35.1967 208.848 -42.2447
10.5315 -2.14959 -5.49957 152.502 186.9 43.1622
9.32034 5.11775 6.04956 30.952 246.139 -22.1009
10.3352 -1.34461 6.56667 130.257 204.209 -35.0567
8.72594 3.6484 -2.43267 -34.3878 267.401 5.3419
10.4518 -9.70356 1.35203 134.357 179.276 -82.0324
8.9734 5.31574 -3.84901 -12.7337 217.765 15.2922
9.6431 1.91248 -9.62496 45.2408 197.02 48.0179
10.5086 -14.039 1.70293 122.94 273.865 -8.0667
10.4751 -2.22325 4.70618 116.996 284.122 -122.923
10.6021 -1.23718 -11.4215 126.794 74.7501 65.6916
9.63371 0.542443 -11.7264 28.0355 169.192 61.3168
8.35453 3.24138 5.71631 -99.0293 175.404 67.5989
10.1252 -0.786389 -2.63665 76.4146 237.453 25.2588
10.2638 -3.29335 10.7208 89.3686 172.588 -59.4702
8.20423 8.53456 -2.34314 -118.46 171.137 8.11339
8.97644 6.60519 5.50631 -44.6432 220.729 -35.9975
8.09048 9.93424 -7.682 -135.835 136.932 50.2565
10.5818 4.79686 -1.28092 101.345 200.778 25.4986
11.0752 -3.21907 -5.16007 149.626 130.361 28.3254
11.3389 2.01227 17.0743 172.883 164.263 2.09843
10.7538 -0.744974 -2.51188 110.584 203.554 21.3193
10.8003 -6.93122 -8.23283 100.998 203.812 26.7507
9.64765 7.63793 -0.176251 -14.581 215.55 -6.67303
10.7885 -0.911729 -5.55924 94.2143 185.808 38.1601
10.5502 3.56144 -0.999415 70.2696 250.079 -3.65434
10.9266 -6.98038 6.15058 106.107 250.862 -32.7213
10.2343 2.8743 -7.09522 30.1195 221.727 22.5383
8.40995 12.816 3.60338 -154.82 180.611 -19.7918
10.9722 -1.62006 4.5493 97.2998 194.661 -19.6868
9.6036 10.0246 -0.696457 -39.1495 -53.3087 -39.5486
11.1493 -2.85451 -1.74223 108.55 195.218 12.3918
9.15205 7.77772 -5.60662 -98.2192 167.594 26.7533
9.50477 11.3211 4.29861 -63.2281 192.234 -20.9513
12.2495 -8.13704 5.19624 187.684 230.036 29.1983
10.5776 3.7875 3.09113 -3.89147 218.428 -20.1969
9.43097 9.41137 5.89784 -118.472 143.723 -37.765
11.3203 1.22219 1.50877 64.2167 217.576 1.54314
10.4816 13.1335 9.54516 -26.343 257.929 33.9718
12.3352 -5.10126 0.883246 147.744 189.829 -0.46481
11.9855 -2.77835 -1.13508 109.239 200.47 8.98343
11.7803 1.01326 3.10274 63.2747 240.598 5.65832
11.6566 0.30766 -4.53723 48.1123 198.181 35.1217
11.8318 5.80976 -0.975169 61.9515 228.873 3.68461
10.3447 6.77427 0.285112 -86.409 213.3 -2.48823
12.3952 -4.84904 -1.18277 111.63 198.615 -1.76596
10.7437 5.15089 -9.52609 -52.6055 197.858 45.9113
10.4536 7.17852 -7.83958 -86.6782 179.82 48.6412
12.5112 -5.98029 -5.29931 112.191 185.153 40.4359
12.0464 3.31494 -2.0296 54.2009 237.328 33.2868
12.0029 -9.54395 7.25655 49.191 21.1296 -9.72157
12.4276 3.33012 10.7736 82.8043 153.116 -70.1069
11.4834 3.18719 2.49095 -21.3232 206.323 4.3747
12.8437 -0.368116 8.24051 110.721 185.724 30.8705
11.2207 4.68881 8.22636 -56.2582 177.512 -55.0842
13.9722 -2.39761 -2.00947 206.353 144.384 13.7012
10.9312 8.28094 0.987844 -109.383 169.135 -11.2055
11.0906 10.1405 -4.47084 -107.937 86.8459 82.9255
12.9891 -2.99643 3.09431 79.2298 195.048 -11.5969
12.4485 -0.117059 -8.2103 14.9477 179.318 40.9179
12.4316 2.18976 3.18213 12.5221 230.357 -25.1074
12.4258 -2.99163 12.5434 1.75213 144.193 -66.2166
13.3961 -0.20001 -5.43953 76.9526 156.394 26.6854
13.1286 3.02983 -8.14089 33.247 170.543 55.5406
13.1791 -4.51021 -7.90101 31.6056 171.013 35.1887
12.5486 4.47269 3.68312 -39.8014 209.671 -18.7071
14.0389 -4.69519 -1.57743 79.6811 203.394 3.136
14.4715 8.72178 0.716698 99.3585 135.268 -0.480847
13.2841 11.9893 -1.88093 -31.8265 238.666 -63.2966
14.6313 9.88199 -9.04726 98.856 215.6 29.2697
13.704 6.9628 -0.63518 -7.1813 90.1092 -11.6371
14.2787 -8.2423 5.18904 22.8525 164.423 -52.7291
13.8587 2.32196 -4.33588 -41.4793 195.15 28.7496
14.4932 -1.94914 -5.84549 -54.5066 235.94 38.786
14.805 -13.7836 -1.26827 -73.0981 91.4053 7.44322
15.6098 -8.79816 -0.11075 -26.0593 313.184 -4.5983
16.284 2.70487 9.9333 -87.7323 84.0721 -59.2613
17.2413 5.6756 -3.25679 -82.6675 71.0959 -2.30958
17.4209 -4.02421 -7.62627 -86.1775 279.235 52.5463
nan nan nan nan nan nan
13.1826 3.05551 1.59813 -1.40678 236.556 -18.3399
15.3591 -0.280965 -3.32406 3.15275 212.066 7.08886
