-29.369 10.2508 8.95941 -15.2 9.2091 -23.4101
-25.8475 12.6744 -6.59964 -26.7012 -136.157 59.4946
-24.8406 3.45749 -7.49224 6.1565 -108.6 1.45182
-23.6998 -12.6607 -4.18732 -3.3034 -56.6586 45.6182
-20.521 -16.3918 7.71913 53.0278 1.44573 -9.76262
-20.5693 -1.53202 0.00882448 25.7364 -57.6289 -77.345
-20.6914 -1.37948 -2.20705 9.44488 -3.39803 28.2924
-20.4092 -1.70964 0.231624 13.208 -87.5216 -28.0077
-20.0852 -11.1313 -3.08692 15.4797 -169.407 -27.2796
-20.1095 2.7491 0.0335326 9.60565 -13.2742 -66.634
-20.0022 -1.6901 0.132389 18.4787 -90.5705 -61.2749
-20.2578 7.15348 0.649967 -8.03377 -54.4955 -18.8049
-20.1032 3.46072 -0.0384796 -2.21084 -72.7348 26.3065
-19.7084 -7.58726 0.0278035 29.0436 -31.762 25.1303
-19.9363 0.974893 -0.128789 4.96179 -117.168 -21.6718
-19.6957 -5.25005 0.236022 21.6185 -39.976 40.1422
-19.6639 1.12309 -0.166378 5.33829 -57.9993 -35.4065
-19.5608 -1.6134 -0.228408 14.9777 -73.9123 -27.8818
-19.7128 4.98145 -1.3059 -3.48349 -51.8764 -75.5331
-19.3225 -5.19702 -0.132233 27.1382 -54.2378 -90.3864
-19.5368 5.24747 -3.71845 -10.8843 -44.7342 27.0263
-19.6272 -4.19594 2.61378 -20.2932 -171.523 106.289
-19.5451 -1.52958 2.22924 -16.497 -43.2955 -38.7785
-19.0517 -7.41957 -0.150669 32.2792 -56.011 -32.071
-19.2184 -1.54674 0.396577 8.99881 -60.1408 37.3232
-19.1858 4.79789 -1.23684 -7.29509 -67.431 -61.5538
-18.803 -5.22387 -0.229734 26.7919 -94.5738 -87.4356
-18.7307 -3.61447 -0.719671 32.4986 -104.074 69.351
-18.7618 -4.7542 0.135339 26.077 -37.1383 45.6282
-18.8226 -1.52763 0.48029 11.0492 -63.2871 69.2866
-18.6762 7.7047 -2.35242 23.8085 -158.403 -14.4736
-18.5881 7.65266 3.2071 29.0162 2.71004 30.2852
-18.7404 -1.42955 -0.302647 13.0885 -29.4702 -56.6129
-18.5383 -4.9076 0.0900492 32.8077 -128.427 -115.291
-18.6976 -4.99348 0.680669 15.9778 13.95 55.931
-18.6858 -4.91217 0.0833613 13.9836 -15.1299 -12.0008
-18.6946 -0.867665 -0.764959 12.7463 -104.474 -87.0735
-18.4256 -8.14118 -0.365209 36.4842 -50.4055 -88.1826
-18.5406 -23.3964 6.55975 22.9199 -78.5693 77.5645
-18.6545 0.819502 -0.0563927 7.26819 -57.6731 25.5546
-18.6744 3.22962 0.152611 -0.990015 -62.4635 91.6136
-18.8868 6.96531 -0.19703 -22.5632 -95.0475 47.8427
-18.7545 12.5382 -0.449879 -14.6298 -74.9633 -27.7316
-18.6758 2.18004 0.413837 -10.4178 -142.692 74.8037
-18.6777 9.98235 0.0498292 -11.0468 -41.5824 -23.0295
-18.4461 -8.5688 1.28808 11.751 -127.566 103.471
-18.4953 3.12046 -0.383181 -3.37859 -89.3068 -99.8288
-18.3545 5.50315 0.686622 4.9386 -20.341 -9.28908
-18.341 4.79686 1.72984 0.371745 -43.8571 -52.5784
-18.4794 6.41326 -1.1691 -13.4604 -72.6558 -20.9227
-17.7245 -7.12305 -0.0225868 61.3732 -118.79 12.1958
-18.3644 9.79677 -0.135665 -3.19251 -30.96 -7.36596
-18.4326 8.50567 0.214012 -12.1792 -52.5422 0.82901
-18.1776 0.401011 -1.78887 12.7738 -42.574 -0.986844
-18.1912 3.25346 -0.348644 6.67033 -23.9337 -88.0621
-18.4842 8.74549 3.51423 -24.1012 -72.9638 -4.47119
-17.8664 -10.0444 0.6518 29.7991 -29.4314 105.004
-17.9645 5.90619 -2.65331 18.6244 -23.3065 -122.438
-17.9834 -1.49056 -0.282001 15.3531 -70.4276 -51.302
-17.833 -6.59459 2.8163 28.3333 -58.0968 38.1743
-17.8729 -7.83937 0.0593005 24.1645 -33.1976 61.8717
-18.1631 8.40312 6.26761e-05 -9.36014 -45.2279 -74.3953
-17.6415 -6.00825 -0.1626 39.4099 -82.0172 -21.7962
-17.8414 -1.49696 0.282741 15.5403 -77.0864 4.07695
-17.6821 -4.80176 -0.0193988 25.9054 -65.7425 -46.4845
-18.1303 10.3402 -0.482012 -19.3326 -53.0294 3.67132
-17.7242 -6.13753 -0.213507 19.2067 -32.2077 46.0742
-17.9305 6.68381 -2.11753 -1.77532 -48.4177 -68.5769
-18.0668 1.03357 0.902041 -15.7503 -66.1448 -29.0652
-18.2079 5.24242 -2.49486 -31.2761 -53.1246 -10.2264
-17.6552 -11.414 -0.545433 22.495 -14.8933 2.25452
-17.2266 -1.88338 0.39927 56.0595 -202.337 20.7654
-17.3789 -6.84284 0.0274809 40.7408 -73.4547 29.5942
-18.0432 5.37006 0.780465 -27.5939 -102.598 37.4904
-16.7422 -6.19694 -2.33004 95.2184 -14.6276 -71.9374
-17.5387 -4.78408 -0.0523025 15.2435 -65.4495 -13.0786
-17.7083 4.4805 -0.776488 -1.82479 -44.9429 73.663
-17.3174 -10.711 -1.595 35.3451 -153.707 22.964
-17.3227 -5.81479 -2.68667 33.0457 -53.1457 -4.68919
-17.8384 6.59838 -0.410865 -19.4326 -83.4587 -34.9377
-17.7313 2.31469 -0.369767 -11.7713 -173.591 -7.95866
-17.6067 -1.34171 -2.79556 -9.30056 30.482 7.00495
-17.8928 6.83305 -0.373637 -44.0119 -136.782 46.1083
-16.7718 1.83825 -2.87089 66.9664 15.3826 -61.1633
-17.4269 1.97218 0.0649579 -6.14615 -155.784 -44.7848
-17.4599 8.61225 -0.928973 -10.9251 -47.7329 -64.8179
-16.7839 -7.57544 0.195134 55.7422 -93.1161 108.041
-16.9568 -1.47637 0.0347695 34.0619 -74.5563 -41.0931
-17.5739 5.12643 -0.528903 -27.2962 -50.4862 -115.666
-17.2351 5.08725 1.07346 2.3137 -54.4024 21.1664
-17.1755 -1.50527 0.0375845 7.60156 -97.624 -79.6271
-17.4679 5.75831 -0.173508 -26.178 -150.173 -4.83418
-17.1192 1.00633 -0.400743 7.12654 -40.462 -122.073
-17.2361 2.07222 0.0612328 -5.26042 -110.816 -45.3782
-16.4645 -10.9784 -0.454448 70.5927 -101.214 22.9763
-16.9489 -10.9526 -0.546333 22.4026 -12.0561 -5.91273
-17.4937 13.4406 -0.191724 -37.2627 -192.75 -14.999
-17.2943 6.01518 0.53645 -17.4828 -75.4295 -22.2587
-17.0425 0.863188 0.111053 6.32447 -89.6696 60.346
-16.6748 -6.56993 -0.113935 41.6298 -71.0652 -21.6309
-17.5096 -1.31021 0.399416 -42.2208 23.7742 -2.98344
-17.1365 2.8526 -0.126629 -5.92075 -96.0023 -11.0587
-17.2458 7.27237 -0.225438 -17.4862 -67.8759 -47.2868
-16.5506 -9.46701 0.316855 50.1879 -72.6236 -5.50746
-17.4117 9.11851 0.352149 -37.998 -90.5346 87.718
-17.389 7.75641 0.418093 -37.2755 -111.015 14.0962
-16.9642 -9.39528 0.210371 2.26596 -3.1981 4.68798
-17.2192 3.87481 0.180618 -26.0447 -142.407 43.1112
-16.5308 -11.1189 -0.256486 42.024 -43.3967 34.5727
-17.5972 9.82817 -0.395439 -64.037 -256.668 5.07903
-17.1608 4.86076 0.501121 -22.0648 -112.394 -57.878
-16.4693 -10.8587 -0.220006 42.9697 -44.9959 -18.8353
-16.6968 -2.69555 -0.726742 18.7533 -74.7161 -172.892
-15.8877 -11.3191 -0.175132 98.476 -50.8485 9.84003
-16.978 -1.49689 0.105726 -11.097 -116.746 45.7221
-16.3621 -4.72836 0.0790719 47.3311 -156.411 -8.56054
-16.671 4.05443 1.57911 16.5788 -86.5028 114.456
-16.6505 -5.76928 0.0827895 17.9055 -31.5665 144.333
-16.6183 -1.60589 0.344354 20.6706 -146.801 32.5882
-16.7464 -0.0670778 0.330471 6.51953 -78.4719 -84.8193
-17.159 7.11125 0.357888 -40.7831 -113.307 -40.2913
-16.6587 2.93891 0.217196 3.61632 -35.8922 110.656
-16.4579 14.6977 -3.64959 21.1273 -38.3665 -82.4801
-16.538 0.887315 -0.3429 6.87832 -69.3462 -102.152
-16.3626 -1.62411 0.330381 20.733 -159.827 28.9873
-16.8359 9.52392 -0.611991 -29.9648 -70.0932 -55.5433
-16.3397 -3.02143 -0.339241 18.9325 -45.5067 162.947
-16.4987 0.606661 0.384171 1.32923 -92.8684 177.355
-16.7004 -1.99911 3.18591 -18.8246 -98.5588 -17.0473
-16.6278 1.82308 -0.0251011 -12.6493 -168.624 -73.7114
-15.8878 -7.24809 -0.0879784 59.6029 -112.697 5.06908
-16.7042 3.88671 -0.755705 -25.0117 -157.485 59.9019
-16.4611 0.474506 -0.0723313 -2.02524 -139.117 14.4434
-16.0932 -9.00885 0.169241 20.8769 -16.04 -54.3179
-16.1517 -4.46108 -0.129519 14.8872 -74.7286 -91.8236
-16.4543 2.61575 -0.329294 -16.2332 -134.226 -84.7487
-15.6582 -4.28796 -0.548433 61.7522 -96.7464 -80.6348
-15.7295 -14.5169 0.032174 49.9666 -35.5641 40.2565
-15.5724 -10.3045 -0.706788 55.469 -74.7693 -77.3895
-15.8427 -1.44401 0.643907 26.2947 -108.477 143.524
-15.3849 -7.04467 -0.368083 69.1627 -113.454 -95.9013
-15.6504 -6.23367 -0.341238 42.3449 -89.4689 -103.848
-16.2887 3.71624 0.192556 -21.4089 -117.391 48.5085
-16.3918 10.6047 0.0456948 -33.3566 -64.7676 -123.716
-15.4574 -13.728 0.26688 58.5862 -56.9697 -18.4128
-15.6521 -4.34249 0.34001 35.4434 -87.7482 86.1509
-15.3122 -7.03597 0.0996462 68.4011 -121.885 70.7285
-16.006 9.21867 -0.274688 -2.02383 -23.4419 57.4458
-15.2379 -6.2236 -0.0843047 66.5395 -132.518 -12.6112
-15.7999 -1.578 0.210281 9.18146 -158.579 -10.6228
-15.3821 -28.0173 16.1256 47.565 -86.0203 -34.7659
-15.6625 -6.84338 -0.550782 19.3952 -20.4229 -160.742
-15.5094 -4.39631 0.403901 33.2331 -120.75 109.268
-16.1851 4.44319 0.859802 -34.7775 -152.131 84.0269
-15.9254 10.421 0.348171 -10.0345 -35.6284 -12.403
-15.6979 14.8105 3.60295 -0.44752 -124.347 -85.7128
-15.3483 -8.69343 -0.154261 33.6652 -43.883 -164.65
-16.3002 9.01413 -0.406101 -63.5107 -121.574 11.764
-16.0109 7.17237 0.689177 -34.817 -91.0494 121.479
-15.7642 13.6025 -0.158876 -13.8704 -33.7531 -3.25762
-15.1111 -17.7505 4.63815 44.4287 -212.956 -6.37002
-15.5228 0.629189 -0.251292 0.501736 -137.329 -70.7398
-14.8235 -6.15658 -0.125152 68.4427 -163.956 -27.6407
-14.992 -8.60319 0.236304 49.9926 -73.1597 -23.1633
-15.8934 5.69923 -0.430015 -39.7322 -129.833 -54.3278
-14.7463 -8.58206 0.329596 71.4259 -102.344 11.4231
-15.7261 13.4686 0.084027 -31.4794 -54.3167 83.0685
-14.6226 -13.3827 0.202252 75.9826 -71.1425 -27.6017
-14.8302 -11.7973 0.204035 51.4898 -50.9709 22.8721
-15.0941 -14.171 0.276168 25.1607 -12.4013 38.052
-15.9279 8.17832 -0.159328 -57.6639 -128.574 -91.3158
-15.0172 -1.57738 0.286923 32.3585 -176.689 20.5916
-15.6841 5.2291 0.941658 -42.2837 -139.473 143.047
-15.3267 7.34727 -1.3132 -8.27361 -108.435 -66.6585
-14.4799 -6.73459 0.104861 69.4261 -142.109 70.7055
-14.9784 -2.9141 -7.85101 18.2031 -82.5334 87.6998
-14.4753 -9.68539 -0.214766 66.6094 -97.9649 86.2367
-15.2856 -3.20612 -2.51616 -24.5778 63.7071 -56.6347
-14.6791 -2.97813 -0.244528 34.8722 -131.79 168.736
-14.1834 -9.14401 1.77857 82.9327 -210.648 66.5194
-14.1652 -20.8786 -5.08277 84.0496 83.6641 143.402
-15.417 5.4905 -0.0480708 -43.0537 -137.728 78.8326
-15.1784 3.60532 -1.10586 -23.0507 -116.765 -95.0733
-15.0522 2.40798 -0.589414 -10.9543 -118.108 -180.275
-15.5482 7.47864 -0.738636 -63.5567 -85.6794 -7.75721
-15.0291 11.1754 1.2439 -15.6286 -38.0432 -84.5912
-15.2237 8.36016 0.116755 -36.0787 -87.2956 132.144
-14.6876 -1.64817 -0.262273 16.9519 -210.828 -53.2614
-13.8469 -9.09107 -0.133338 99.3052 -28.1153 101.745
-14.8814 4.10633 1.29777 -9.85593 8.89576 -88.6172
-14.9955 9.00237 3.936 -22.4464 -53.9425 5.71221
-15.1515 7.89906 -0.131625 -38.572 -88.545 -79.8549
-14.1909 -9.45667 -0.0980427 52.2482 -64.6381 16.5639
-14.6625 9.69886 -0.553914 1.18147 -15.8587 -116.583
-14.3529 -15.9956 -0.160167 31.6143 -3.50002 -10.5411
-15.0563 6.13064 0.00272349 -45.3716 -124.078 29.7132
-14.3808 -13.4726 0.286155 19.3425 -5.86987 44.5214
-14.1861 2.38651 -5.7593 38.4754 17.4409 31.8679
-14.7969 9.83517 -0.864641 -26.7108 -59.1506 -14.9693
-15.2145 9.62941 0.0310365 -69.2525 -124.61 93.9764
-13.7858 -8.09406 0.420637 70.5775 -118.883 50.7261
-14.64 -1.70188 -7.02238 -19.3056 -69.4629 -35.2212
-13.7874 -14.966 0.349749 63.3769 -43.5711 35.0033
-14.9686 9.53347 0.133438 -56.6025 -95.5301 -79.6396
-13.5702 -12.7113 -0.232519 79.4338 -64.4764 -57.9041
-14.9645 7.60728 0.0861798 -71.1426 -138.843 -1.57289
-13.0164 -12.3998 -0.174309 116.259 -99.3507 -37.9625
-13.6375 -14.5203 -0.141071 53.3775 -32.4003 25.9325
-13.8555 -1.51444 0.08062 31.1424 -183.998 -46.6766
-13.2584 -9.31866 3.4488 88.6453 -106.575 105.545
-13.2051 -14.4854 0.149911 87.5246 -67.2169 -32.9564
-13.7946 -10.4449 0.293885 28.1746 -21.4822 139.088
-14.5532 7.50951 -0.157393 -48.7261 -106.423 -87.6727
-13.7218 -1.37124 -0.347943 27.4013 -136.612 -198.729
-12.9909 -14.3229 0.403898 99.6507 -77.5768 58.7777
-14.31 13.5733 1.49471 -36.4616 -51.6823 84.1559
-14.17 -9.22295 -1.90735 -30.1814 -128.768 58.6856
-13.4859 -2.74151 0.340479 36.7891 -192.796 28.1733
-14.6255 5.27557 -0.132382 -77.2369 -309.194 311.743
-14.0978 3.14339 0.430099 -32.0196 -124.268 135.979
-12.7326 -10.0879 0.420564 96.6231 -125.179 35.9255
-14.1215 10.3414 1.52126 -41.8197 -72.043 48.9
-12.9658 -10.4607 0.0527249 71.4779 -76.2311 -25.0628
-14.3557 9.28262 -0.551258 -72.8336 -117.985 85.4189
-14.4937 7.24984 0.163651 -86.905 -166.848 27.1814
-12.7732 -9.38221 -1.93368 83.5221 -105.255 158.894
-12.713 -11.9867 0.149803 81.139 -82.1958 76.8924
-13.6426 6.57163 -0.993209 -13.1443 -215.737 -272.642
-13.4458 0.827291 -0.614837 6.33104 -18.6693 -202.891
-12.6037 -10.2677 0.221143 86.1511 -96.4698 36.0672
-14.0019 10.8008 0.255098 -65.223 -104.037 -19.5682
-12.0706 -11.6112 0.214987 126.56 -115.153 99.204
-13.7852 13.6182 -0.0312491 -44.6206 -60.5834 100.757
-12.3164 -9.59991 0.570773 93.557 -120.643 -61.1376
-12.2381 -8.89461 -3.09494 92.6229 -115.867 -134.182
-12.2055 -13.228 -0.198012 89.5593 -68.1156 -1.7312
-13.6851 10.7397 -0.453857 -68.7671 -100.91 -21.9528
-13.3339 15.487 0.932333 -37.8617 -43.7133 -89.7857
-13.678 14.4235 1.22362 -72.2059 -81.8042 -36.9937
-11.8591 -15.6284 0.832088 101.443 -67.6481 -20.9779
-12.8291 -1.5777 0.119963 3.09225 -234.776 -26.6682
-12.479 -14.366 1.6369 34.009 -13.3273 -22.9509
-12.1214 -10.3202 0.21984 68.3852 -76.1955 163.756
-11.6645 -14.8483 -0.563255 108.997 -70.1569 -92.1152
-11.9168 -5.18112 0.247349 83.7185 -203.567 101.959
-11.9288 -12.8834 0.0534656 76.2856 -62.3849 86.214
-13.1355 7.13453 -0.617463 -45.8105 -95.0975 -142.351
-13.5283 11.7407 0.725472 -85.2976 -108.346 44.8965
-13.4297 17.1247 -0.679747 -77.1616 -204.699 18.6833
-13.191 15.526 1.00292 -54.2158 -63.2143 33.2076
-12.4041 -3.31254 0.774241 14.5348 -27.1173 248.374
-12.9011 16.7297 -1.80606 -43.1497 -44.0086 10.8635
-11.7584 -3.7761 0.126466 64.7606 -239.253 18.4913
-11.2193 -10.8384 0.176426 118.121 -123.037 83.8658
-11.9514 -12.6816 -0.323548 36.8749 -23.2635 -48.7214
-11.8493 -12.8187 -0.222855 46.9495 -29.9037 -156.449
-11.9647 -6.79556 0.802052 31.6934 -37.825 200.448
-12.6844 12.4827 -0.309788 -49.4297 -64.4192 -7.70254
-11.4037 -12.3168 -0.313427 75.1716 -57.5141 -47.5471
-12.3217 12.27 -0.0288295 -23.037 -36.3964 90.1275
-11.0581 -10.5962 0.322046 99.8735 -105.443 135.411
-10.8092 -13.2393 1.04259 123.369 -88.6734 -11.4631
-10.6402 -35.3398 13.7579 138.716 46.2379 -71.5534
-11.3084 -5.40807 -0.545156 61.7829 -160.7 -168.349
-12.2135 15.4655 -2.27455 -32.5025 1.71548 66.8997
-12.386 6.25667 0.480241 -55.41 -131.007 144.501
-10.5317 -10.287 0.0557246 126.727 -141.356 39.6181
-12.1262 14.6541 -0.348852 -46.6701 -48.6512 122.634
-10.8089 -15.6884 -1.10387 77.1844 -42.58 -83.0383
-12.1595 15.7876 -1.86079 -65.63 -155.525 -159.323
-10.5709 -8.28523 1.07759 88.7591 -113.657 156.614
-12.327 -2.54755 2.46892 -86.5219 18.4134 -97.9244
-10.1544 -9.91932 -0.250965 128.908 -130.489 -70.4256
-12.4844 14.5396 0.828916 -105.458 -51.3564 12.067
-12.3921 10.6463 0.176099 -98.0256 -119.881 -132.163
-10.3445 -9.90558 0.31633 100.347 -89.9468 132.081
-10.6362 -11.7268 0.110536 67.3317 -44.1411 171.259
-10.3269 -15.0847 -1.16253 89.9595 -51.9613 -116.528
-10.1643 -5.06033 0.269775 103.13 -194.993 119.935
-11.4539 14.7816 -0.190226 -27.4112 -176.225 8.87408
-10.545 -13.6757 1.01197 52.1382 -29.7573 81.169
-12.2196 14.4835 0.925969 -116.611 -7.45627 -13.2272
-10.5831 -11.4542 0.765404 42.4941 -28.004 204.196
-11.2702 18.5539 0.413516 -26.5293 -29.3932 -20.8221
-10.7509 -8.34677 3.80989 20.5972 -151.691 -23.1904
-11.4882 13.1735 0.655829 -59.921 -65.9749 -127.495
-11.2853 12.1317 1.24532 -40.5371 -2.98802 -82.6777
-12.1096 13.8358 1.20941 -128.733 -116.759 158.058
-11.5688 3.74367 -0.212932 -79.155 -219.557 -4.74058
-9.21693 -13.8196 0.222893 148.886 -83.8942 -78.0932
-10.0659 -14.5095 -0.871097 54.6212 -28.1527 -22.7433
-10.0321 -14.429 0.39318 53.8549 -24.481 -25.3671
-10.2282 -14.5967 -0.735378 31.6701 -9.96002 28.4137
-10.849 1.32562 -0.434949 -34.5809 -226.453 -133.694
-11.3733 11.3198 -0.138927 -87.2327 -96.0468 -63.9628
-9.24323 -21.8387 -3.1573 116.957 57.7245 37.9243
-11.1587 7.911 6.64605 -76.8995 23.4167 48.8025
-9.44677 -13.8328 0.591135 91.1803 -52.9532 53.7979
-11.1982 11.6358 1.18703 -90.1535 -94.8486 38.835
-9.23658 -17.6227 -0.0990165 104.679 -42.4072 -70.2864
-8.32126 -13.7899 0.8428 190.169 -41.3802 57.5152
-11.1104 12.7509 0.724103 -102.325 -104.171 2.02962
-11.2782 10.9477 -0.0531064 -136.945 -141.64 -33.0539
-10.1735 12.5216 8.0766 -39.0217 -3.24418 81.3698
-9.36883 -8.65974 -0.716224 29.9239 -25.724 -238.273
-8.46701 -13.9326 0.721977 116.068 -129.572 21.1125
-10.9462 8.75497 -0.407076 -132.467 -162.584 -109.26
-10.8383 12.3205 0.790804 -124.501 -111.288 21.0081
-10.0794 11.8209 0.110406 -50.5435 -52.5649 -207.908
-9.98822 16.8398 0.781443 -56.495 -63.6671 -35.0021
-10.1792 8.68749 -0.529814 -76.6772 -94.4942 201.548
-7.63787 -15.1618 0.0584189 174.001 -84.6139 -8.98852
-7.99103 -17.2091 -1.10464 119.557 -51.1912 52.6383
-7.64597 -28.0325 5.60952 128.247 87.3601 -102.516
-9.40653 12.0462 9.69857 -47.0059 -23.7321 24.0329
-8.4321 -16.005 -0.627962 47.9996 -18.0938 -125.592
-8.39944 -15.7108 0.0377062 47.0082 -14.8402 -17.863
-9.14478 16.9436 1.51936 -37.6001 -31.7411 -16.8702
-8.98618 15.1831 0.634328 -27.3546 -36.3071 44.1068
-10.1283 11.3702 0.916146 -141.607 -124.611 84.5702
-7.80775 -17.9108 -7.36242 88.2393 -28.4832 68.7133
-9.49166 7.78889 -0.626961 -79.6629 -101.284 -192.111
-8.08506 -18.7503 -0.550332 57.5477 -13.7137 -29.0618
-6.91787 -13.8058 0.266095 172.689 -75.0463 67.728
-7.78517 -12.7205 1.53793 84.5022 -144.353 -65.9886
-7.15579 -8.41888 -0.783489 144.739 -111.869 -187.31
-7.57165 -21.1144 -6.99771 98.2007 4.24005 27.6366
-9.52024 15.4958 0.812264 -100.218 -50.6589 42.7544
-9.56162 15.7704 -0.190529 -106.314 50.5774 -74.1529
-7.72564 -14.5043 0.359038 70.6697 -3.54573 91.6796
-7.4394 -20.871 -1.19102 85.6191 32.3342 15.1843
-9.48171 14.556 0.431173 -118.336 -199.11 37.4954
-7.16428 -18.1451 0.0194794 110.726 -31.6349 30.7309
-7.41164 -15.7692 -1.03985 84.4157 -33.2281 39.3821
-7.8411 -14.7163 0.360267 31.3159 -32.6648 106.975
-9.57215 11.7915 -1.50238 -141.676 -109.64 -65.5949
-7.593 -14.482 -0.561673 53.2077 -22.5548 -111.418
-8.15191 17.4331 0.537903 -28.9074 -26.8001 -6.79253
-8.80975 14.0338 0.46185 -95.2196 -66.42 36.2942
-6.35323 -13.9898 -0.8164 137.321 -63.8209 70.2588
-5.96091 -15.618 0.0237891 157.267 -54.6675 28.854
-7.29393 -16.9477 0.328495 20.2655 2.54012 -87.1879
-6.31811 -6.62147 -5.89212 112.098 -179.329 40.5927
-6.16407 -34.1485 1.68903 126.284 178.121 -134.726
-8.48841 10.5662 -0.751437 -108.124 -81.1852 151.488
-8.08948 17.8561 -5.63024 -68.6811 -71.026 159.141
-5.93668 -16.8726 0.504784 141.485 -43.3348 42.9933
-6.11958 -13.3929 -0.64121 122.901 -51.2942 118.034
-8.23931 13.1224 0.861259 -88.9593 -63.2588 187.041
-7.82539 14.8947 -0.494205 -48.4555 -37.5502 -120.479
-5.65659 -11.461 0.472344 166.709 -75.9808 145.97
-5.51844 -8.81953 -0.948834 178.286 -114.436 -168.813
-6.39984 -16.1459 -0.206671 89.9026 -27.5153 -52.5363
-8.28206 17.1187 0.49951 -109.535 -64.6734 -18.123
-6.07638 -25.2645 10.4952 108.384 9.81462 3.81682
-7.19846 16.8219 0.230485 -17.801 -21.8896 -53.0965
-5.9292 -16.5284 0.239635 102.652 -30.3215 -49.0456
-7.94944 12.5302 -0.0551038 -107.281 -71.8643 -134.62
-7.17434 -9.99693 11.0744 -36.0909 10.369 -14.6992
-7.47271 15.6417 0.709454 -72.378 -45.9038 74.1
-6.31079 -18.5706 1.34827 41.0317 -52.9412 -80.6738
-5.95323 -18.9157 -0.949033 69.4348 -14.3162 -98.6835
-5.50004 -18.3298 -0.0512634 103.514 -16.9134 -26.5908
-7.98116 9.42221 -5.31486 -146.013 -23.2949 81.8452
-7.56684 17.7293 -0.629028 -111.862 -53.0763 3.0929
-7.00196 20.1131 -0.435591 -57.3907 -31.0089 48.3393
-6.65979 15.5867 0.296421 -44.7057 -30.8352 71.3483
-4.94334 -17.5339 -0.126558 124.554 76.0679 161.737
-6.62116 12.9624 3.82293 -43.7187 37.2632 -137.892
-7.54073 16.911 -0.00910477 -145.281 -70.8634 -40.7564
-4.69385 -15.6932 -0.180221 135.695 -117.121 117.407
-5.98647 8.43187 8.3562 1.6861 82.1127 -85.1007
-7.13639 18.8051 5.03554 -117.516 -74.6435 -3.55315
-7.26436 16.8096 0.393112 -135.46 -31.319 201.12
-7.03742 16.4119 -0.592948 -113.24 -54.1266 -0.760976
-5.60129 -16.7878 2.71595 29.3609 -49.9677 241.545
-4.67526 -15.8381 0.13594 121.185 3.34866 56.5735
-7.08322 16.2216 0.402134 -119.255 14.3285 102.387
-6.66479 19.7679 -0.50536 -78.7832 -37.2363 -8.49242
-7.51716 16.5113 -0.0959017 -165.902 -110.296 -55.1584
-4.96754 -16.4041 -0.284074 78.0463 -13.5854 -97.5552
-6.91973 16.0406 -0.330716 -122.487 -60.3043 88.252
-5.18002 -16.7528 0.104237 44.4268 -4.90233 41.0085
-4.93778 -9.68173 -5.83912 58.9341 121.687 -139.225
-6.84237 15.7746 -0.678172 -134.231 -58.1999 -39.1143
-4.51 -14.39 0.841269 96.5563 -126.101 99.7262
-3.01446 -7.2946 0.0205982 243.636 -145.583 49.7964
-6.39 18.7776 -0.327092 -94.2329 -40.5671 46.6034
-4.77254 -19.7491 -0.467064 56.2179 -2.11763 -36.6152
-4.42063 -15.5192 -3.5396 84.8363 14.9307 -65.1568
-4.17276 -17.459 0.994073 98.395 3.96377 -95.7769
-5.58878 16.6101 -0.676683 -62.7395 -29.465 -97.0651
-3.3191 -16.619 -0.675344 158.427 -26.3161 -14.4509
-3.47444 -15.5613 -0.373505 140.989 -22.9863 -31.1997
-5.74992 20.6213 2.55599 -91.8327 -248.391 -141.726
-6.35176 12.5927 0.745781 -155.116 -86.5455 120.35
-3.84049 -16.4729 -0.393229 94.1313 -12.9832 -32.0488
-3.07739 -14.2725 0.162333 165.139 -33.7278 151.209
-6.10745 17.4307 -0.373182 -142.765 -60.466 19.0104
-3.52665 -9.49732 -10.0329 100.525 -39.424 68.1624
-5.43371 15.8441 -0.304475 -93.8914 -39.5647 21.1707
-3.08737 -1.02455 7.29987 136.081 22.5109 123.442
-5.48127 15.8124 -0.713841 -108.32 -51.1094 -107.406
-5.66172 16.1988 -0.125597 -129.702 -49.8775 96.4009
-4.97914 2.38724 -2.02093 -70.3803 -183.61 -39.9184
-5.1147 15.0547 -4.14203 -104.778 -96.8299 -58.3342
-5.17935 14.1186 -0.729392 -124.609 -51.0401 -116.312
-2.94807 -18.2194 0.341201 96.6891 -7.69188 -14.5991
-2.06345 -24.7058 5.79617 180.744 122.061 -85.2458
-3.32712 -10.6075 6.46437 49.2443 -112.847 -123.829
-4.10529 19.5476 0.190629 -30.1467 -19.4355 -58.7333
-3.09229 -18.4941 0.297009 61.824 9.35211 -35.0021
-4.39687 20.4316 0.492751 -68.1145 -26.0018 43.1744
-2.95611 -20.4144 -1.06318 74.0979 -0.558021 68.1575
-3.17627 -21.3594 -1.34483 48.5983 4.46704 -11.2669
-5.14629 14.4103 -0.256987 -150.699 -56.0469 34.2399
-2.77205 0.760442 -1.21844 85.0549 -197.477 28.9866
-3.17083 -18.5148 0.253341 39.8028 -3.90231 -46.3111
-4.8175 9.88893 -3.11727 -125.281 116.305 50.8214
-2.5591 -2.82377 -8.81769 94.1794 5.20726 -124.933
-3.0144 -17.8007 0.28963 48.6157 3.56468 -30.0917
-3.49706 16.7477 0.756282 -13.6541 -35.7998 161.559
-4.54594 35.0979 8.28661 -120.512 11.1417 76.1003
-2.42586 -17.0097 -0.780363 74.9728 -0.77368 94.3949
-2.67568 -18.0063 -1.17843 41.4623 2.45224 -25.5267
-4.72736 12.8698 -0.517563 -167.176 -77.2004 -92.1182
-1.07058 -15.6896 -0.578039 188.734 -9.68205 -45.2811
-4.32889 13.4656 2.06513 -136.452 -21.1404 -158.082
-3.54928 15.2755 0.0489651 -86.5498 -29.1124 157.405
-3.85898 18.0454 -0.0668761 -119.662 -27.0272 5.0395
-1.28573 -16.194 -0.372777 130.686 -6.72696 33.1852
-3.86777 16.1699 -0.556962 -129.471 -38.3482 -50.2929
-1.92194 -20.5128 -0.402283 62.2794 4.6544 67.3455
-3.85437 16.9857 0.532268 -131.407 -8.05056 79.1244
-1.54926 -17.6729 -0.801707 90.1159 -11.8291 -104.577
-0.947053 -13.0839 -0.851244 138.512 -3.39692 -169.29
-3.7903 12.8858 6.49449 -146.069 16.4906 -53.6295
-0.337803 -15.2112 0.834865 186.673 -10.2484 103.608
-1.83044 -18.5523 -0.826002 23.9971 9.57431 -103.753
-0.707404 -19.0875 0.683886 133.768 -1.72946 -0.099702
-2.26236 20.4758 0.206329 -22.4109 -12.9444 98.2937
-2.11783 19.3089 0.118816 -15.6277 -11.676 65.6751
-2.91787 17.8428 -0.835179 -97.1826 -22.8998 10.2397
-3.46302 13.9135 -0.122124 -156.501 -47.0962 84.4398
0.192603 -14.3626 -0.582923 201.697 13.4705 -77.1138
-3.60384 14.1892 -0.414342 -184.211 -53.3261 -17.0989
0.0652407 -16.7286 -0.68359 177.986 7.84421 -91.6714
0.073214 -16.3202 -0.294962 176.843 1.17089 43.0787
0.14202 -13.3564 -0.660005 174.103 3.37808 -113.997
-3.45219 9.3005 4.03791 -185.856 -106.452 88.4084
-2.07675 17.9826 0.32992 -51.5143 -13.325 139.366
-1.91816 34.5269 2.1819 -40.494 134.722 1.63156
-2.50029 18.4673 0.187317 -102.753 23.2253 -18.1737
-0.883957 -18.3093 0.595469 55.4105 4.37434 -21.9005
0.232829 -35.1392 7.65532 162.722 -61.222 94.0955
-2.05528 20.8123 1.11228 -66.4685 -17.373 -47.3978
-0.196902 -20.1584 -0.525066 116.206 8.81493 -3.9701
-0.272982 -20.8591 -0.595737 96.1764 14.4038 -22.5433
-0.236103 -18.9226 -0.719821 90.7627 6.92834 -84.6925
-0.202078 -17.9292 -0.699363 93.8312 11.1755 -86.309
-2.2818 16.1605 0.169621 -114.506 -28.15 -35.1462
-1.86218 18.3743 0.919033 -75.5208 -17.1059 -64.4003
1.06876 -12.1845 -0.266976 213.516 13.3101 -142.093
-0.221121 -17.7155 -0.875282 85.039 10.1446 -151.012
0.814068 -17.9816 -1.8904 187.057 94.847 -15.8793
-1.74927 17.343 0.87771 -68.2954 -16.0606 -57.1219
-0.189174 -16.4482 -0.059125 84.771 10.3943 128.507
0.721851 1.40506 -7.43767 164.745 103.427 26.0121
-0.416743 -21.1939 -0.417694 47.3914 9.57339 43.7437
-0.9342 18.4841 0.68117 -10.3264 -10.8465 17.9775
1.08955 -17.4996 0.516939 183.556 -67.5671 -2.66741
-0.450174 -19.5146 -0.469339 20.0004 11.2258 10.1185
0.538435 -16.3479 -1.0613 117.666 -99.5883 37.0535
-2.26202 16.6389 -0.0695077 -168.474 -17.9833 -4.67987
-0.0311119 -18.5708 0.230743 50.0818 10.096 -59.249
-2.24284 14.5294 0.583412 -170.029 -34.8667 121.913
-0.0785526 -19.8663 0.637222 37.4306 10.7048 75.8362
0.876922 -18.5023 -0.661236 116.052 14.8075 -53.6387
-0.159024 -18.6787 1.39161 -2.26688 52.0743 63.8211
1.62205 -13.0114 -0.0324205 159.532 23.8736 -179.932
-0.891548 18.9902 0.401503 -90.2828 -14.085 40.1792
0.995726 -18.9319 0.198899 94.8418 15.6155 -1.86279
0.935604 -18.1411 0.117491 84.2754 14.8735 -27.8524
-0.955312 19.7554 0.0444641 -103.872 -13.9283 -91.2865
-0.0391706 0.09876 0 -13.9689 -0.0553872 0
2.01256 -16.9741 0.431781 171.441 28.5408 -65.5759
0.954073 -20.0475 0.466995 64.7502 14.0009 89.4827
-0.899422 16.9824 0.425971 -120.289 48.5626 56.8752
-0.993027 16.7802 0.0641261 -149.265 -86.2458 -64.8906
0.892472 -20.6214 0.0489521 34.9419 13.1709 -61.7912
1.8569 -17.2025 0.639444 109.106 22.7994 6.15333
3.00343 -19.6934 -0.361195 221.616 -19.5771 -59.6348
2.19889 -13.8117 0.307222 137.12 21.3732 -146.104
0.431607 15.3542 -1.02085 -64.2256 -4.65808 -152.985
2.70503 -14.7352 -1.27952 155.641 36.312 -138.79
0.590138 18.6956 -0.537233 -55.2062 -6.69717 65.4529
1.28915 -18.2899 0.924441 11.622 11.8796 -16.1373
0.242631 18.968 -0.444776 -93.4455 -8.60693 -43.475
2.2809 -15.076 0.455147 107.542 20.2681 -116.595
0.213648 18.4571 -0.613785 -98.999 -10.8275 -106.806
0.904175 18.0803 -0.29674 -48.5713 -10.782 40.3506
0.359983 16.5622 -0.518422 -106.931 -5.00131 42.7936
0.0739995 17.0798 -0.532858 -135.811 -13.1708 -86.2559
0.580951 19.7363 -0.488946 -92.8152 -76.5463 51.4951
3.47156 -1.56578 0.133397 193.796 231.311 -60.047
2.54664 -17.3186 0.700271 97.4085 22.5015 -70.6281
0.78309 17.5348 -0.651288 -80.5943 -11.0765 -90.4831
2.00431 -21.1354 0.659006 36.4833 14.2909 -37.6023
1.00024 20.5354 -0.591721 -64.3767 -6.74882 -45.1206
1.54427 14.9287 0.472775 -10.3678 -97.8222 -1.03196
1.64629 -17.7593 0.510094 -1.56309 60.4742 24.6064
0.739293 22.1425 -13.4499 -97.8884 12.4554 -163.253
2.60474 -15.3812 -1.27492 86.4504 24.5201 -124.031
0.062042 13.5225 -0.883657 -169.921 -2.22464 -129.312
0.144092 15.0467 -0.176924 -162.267 -1.46783 143.626
0.846828 19.4963 -0.379433 -96.0089 45.1681 21.2049
0.580879 14.8423 -5.20064 -127.581 39.2698 78.3339
3.05711 -16.6132 0.244304 112.222 29.1908 65.5853
0.676839 19.2017 -0.473699 -128.939 42.5022 34.4938
2.90288 -16.1099 -0.17335 87.7234 23.0101 -82.685
0.657434 -0.149189 -2.8936 -142.353 -152.85 -4.17979
3.94201 -14.4176 0.753971 181.452 46.9428 28.7982
2.54738 -22.1288 0.083726 41.2148 125.158 -7.43877
-0.318691 6.57012 -0.580066 -248.681 -7.55522 -153.662
1.69266 16.4039 0.280891 -56.2065 37.4384 -101.319
3.26891 -18.1253 0.394387 99.9034 24.7584 117.173
2.87116 -15.4094 6.75816 54.1365 9.90233 21.9272
2.21825 19.5941 0.628077 -18.4037 -10.1433 7.78101
0.15783 1.42082 0.0657912 -223.814 216.362 19.5772
1.84997 17.6604 0.903754 -69.4631 -5.74987 127.533
4.38895 -14.4123 -0.836967 166.796 50.3202 -88.1546
0.174692 17.371 0.918587 -263.415 149.58 120.385
1.84537 -3.40102 -6.18386 -105.654 -79.7987 41.7987
0.348917 6.71535 -1.2694 -259.802 -51.8863 42.9422
2.90488 18.851 -0.728713 -14.9441 -7.84123 -75.603
4.03202 -13.8659 0.0197326 95.4513 37.545 208.945
4.65107 -17.5945 0.154174 142.816 44.2497 -72.7142
5.14207 -14.3993 0.25621 182.239 63.2456 71.0209
1.81768 21.8112 5.54683 -149.761 -88.1054 -116.549
1.29937 15.1742 0.604024 -213.266 106.902 91.7645
1.62132 15.6077 0.00420839 -182.122 11.6808 -55.8579
2.21537 16.4396 -0.290247 -124.852 3.12986 56.9171
2.50155 17.8342 -0.657245 -99.6178 8.46809 -60.4901
4.51548 -17.9017 0.83701 96.5455 30.9334 1.65963
4.12452 -16.7511 1.09784 55.8808 22.7361 114.043
4.41253 -5.21535 -10.8201 77.7839 -47.9395 -53.6396
3.20412 21.3278 -0.489632 -45.572 -4.20952 33.7398
2.32205 17.0855 -0.508335 -134.538 -28.8106 0.0834766
2.62287 16.0195 0.561584 -106.46 5.57098 94.4355
3.21015 18.477 0.265225 -57.8769 0.830758 -27.591
2.73683 19.5003 -0.352148 -108.685 7.14833 64.615
4.25419 -17.4925 1.16815 40.3826 19.9889 127.01
1.95694 13.8969 0.4467 -200.289 35.5928 68.0594
3.48784 15.3377 -0.570493 -49.2742 3.41079 -147.527
4.89576 -7.61989 -8.83595 90.4413 135.636 16.4698
2.9224 33.009 -4.79778 -117.667 -66.8603 -62.2609
3.7665 19.9688 0.555312 -34.5291 -65.7339 7.21288
2.49748 14.9431 1.14602 -161.496 27.7973 -31.9519
3.39709 19.8324 0.540146 -79.7192 -0.694275 61.4589
3.5753 20.4144 0.46748 -63.6894 -44.8985 0.976906
3.40091 21.1449 -0.0359456 -82.3114 96.6601 -72.7109
4.3501 -18.3104 0.448071 7.42905 12.9149 -142.953
4.7765 -1.32508 0.95054 47.8774 156.07 255.03
2.40842 20.1263 -4.89332 -189.27 -79.3323 3.59983
5.13568 -15.4355 -1.6221 76.3792 84.9856 -43.9832
6.20904 -14.326 0.0952018 174.47 84.2973 27.3509
4.9562 -20.4809 -0.274439 49.7072 21.7731 -2.31119
4.29159 18.8939 -8.2345 -31.6822 0.542645 71.1229
5.52244 -16.4851 0.383523 90.0258 36.5999 113.616
4.55817 -4.01186 -5.83616 -9.21547 131.307 -17.3617
4.85471 2.83928 11.6966 19.5551 104.755 -24.4527
5.89927 -13.8456 0.350123 122.912 54.7149 169.63
3.88106 20.2662 -3.15029 -78.6453 57.1762 -20.0061
3.82157 16.8281 -0.0517466 -91.2741 -122.965 36.4133
6.93847 -20.1046 4.62313 218.065 -20.6759 2.45586
3.35792 15.9612 -0.298372 -143.368 23.8779 -48.4184
4.52309 13.0731 10.3343 -44.196 -2.68068 -99.4554
4.032 18.2257 -0.0418272 -96.4053 13.7532 51.4345
4.39859 19.6163 -0.106861 -83.8397 10.1345 33.3525
6.46009 -16.1719 -0.506186 119.854 -90.4972 -179.253
6.51767 -14.8378 0.145643 124.908 221.581 -8.99553
4.33958 16.1366 -0.189433 -106.453 -37.7047 15.7625
5.75311 -18.3156 2.91603 32.9344 17.3624 -31.3861
4.5021 20.2846 -0.161878 -102.829 12.1572 16.1502
6.52318 -14.0535 -0.244224 94.4673 51.3881 183.526
5.95201 -18.4047 0.465522 30.9386 20.222 140.242
6.16736 -20.5989 -5.78658 41.3266 31.0199 73.734
3.59139 18.017 -0.346626 -218.526 225.301 -0.0861842
7.4755 -15.6892 -0.772042 163.281 82.3829 28.1334
6.31568 -15.7549 0.210652 43.2598 8.78468 61.0189
6.29788 -18.0959 0.927345 41.0895 -18.7285 154.119
5.31391 15.903 -0.0619526 -59.0236 11.3033 137.393
6.39123 -19.7015 0.0238585 39.3897 24.1753 -19.0878
4.36923 8.65754 -0.153978 -166.255 89.5084 -191.09
5.07227 18.0664 -0.70679 -99.7799 26.2296 1.18189
4.20676 8.43233 -0.998653 -186.475 -62.6654 4.5475
6.66518 -16.3138 -0.0436283 54.6935 34.8329 36.927
6.24917 -18.2763 -1.45697 9.99917 93.7223 52.3027
7.11056 -17.3214 -0.326971 91.8094 45.0459 -124.511
4.41609 16.9279 -0.684533 -177.499 39.9097 -27.735
5.3169 17.9332 0.656256 -97.2804 19.0918 -39.1562
7.78858 -13.9451 10.6315 139.886 29.1875 346.446
5.17856 11.5452 0.104556 -119.769 50.6064 178.443
7.11483 -17.4967 -0.0164906 70.4062 40.9123 -13.8623
7.97175 -12.1878 0.281459 154.892 99.2087 62.9415
5.26715 18.2769 0.586043 -114.564 15.497 -88.7959
6.6181 1.29758 -2.6611 13.9099 -135.618 -96.2511
7.99649 -14.4481 0.218535 144.981 86.3221 -19.2943
5.59283 12.2363 -1.02461 -96.7985 39.0681 -215.283
6.15275 13.0307 0.0717653 -46.7231 12.9764 186.443
6.74527 -15.3951 0.335479 10.9528 -76.5842 -56.3343
8.17338 -17.3527 -1.48831 147.527 179.416 234.621
5.09432 16.2155 -0.596925 -162.648 49.4143 -51.3206
6.16085 -3.68491 5.05959 -60.6066 -102.537 -2.48836
5.524 15.8703 -0.914454 -127.122 37.2691 102.987
5.26293 11.9994 -0.0619766 -162.045 62.9267 124.249
6.69731 1.41458 -0.962587 -23.5141 129.076 -256.812
8.1938 -16.397 -0.0254722 114.853 75.0981 24.541
6.06586 27.9028 -9.37657 -107.045 -94.2584 75.3419
7.63489 -15.8526 -0.648423 44.946 31.2859 -87.3258
7.77069 -12.5668 6.94325 51.8356 15.1562 -22.4748
7.58457 -18.8986 -0.0256627 21.9316 21.9076 51.4846
7.15664 10.1917 2.46123 -32.334 161.405 27.7597
6.33694 13.8824 -0.0693196 -114.009 41.7309 145.674
5.46689 14.1421 -0.661405 -205.164 76.3329 47.0612
8.24667 -14.4301 -0.683782 62.1317 45.3819 88.9293
8.40081 -14.6654 -1.06134 68.2659 49.5571 -40.0696
7.29724 38.0631 -5.45388 -54.3122 118.652 -58.1583
8.52337 -14.6171 1.21379 54.2635 42.6004 175.655
6.99965 13.0115 0.952292 -98.5352 109.614 140.227
8.37693 0.0181778 -0.0822578 34.0354 267.577 -56.6363
7.2196 15.4791 -0.226768 -82.786 24.8087 109.878
9.59716 -11.9912 -0.737839 153.36 109.422 0.906849
7.01105 15.8492 0.815281 -106.012 223.314 100.883
7.60798 17.9238 -1.15305 -55.1585 10.6759 -47.7059
7.46417 15.9092 -0.390256 -71.035 22.1143 56.993
8.90725 -14.2705 0.315423 68.3679 51.3369 69.2032
8.89012 -5.50652 0.490673 66.1612 108.968 232.091
6.41989 8.21926 -1.76478 -183.916 166.937 -87.7204
9.19131 -15.5355 0.701118 88.9133 73.3919 -24.7108
6.63135 9.93869 -0.34081 -166.156 119.077 118.135
6.72428 12.487 0.943547 -164.917 17.6677 128.32
8.32126 20.6493 4.0186 -13.0343 -4.41929 34.2142
8.12809 14.928 5.35841 -33.3401 17.8987 1.27072
8.65302 -15.5193 -0.824957 8.34947 15.2662 61.5524
8.36697 17.4391 -0.405326 -23.9816 -0.759243 71.3508
8.04702 12.0141 -3.66703 -56.2048 77.3402 79.1678
7.21866 13.4112 0.805634 -140.063 63.678 72.9434
9.34814 -17.5867 0.182728 67.6582 49.6619 -52.1557
9.44631 -16.5015 -0.921439 76.0095 53.1671 52.0263
8.97646 -15.9934 -1.26119 24.2771 25.4999 -82.522
7.98389 17.053 -0.470142 -81.8895 24.3027 42.5871
8.63448 14.9902 0.11009 -17.8168 -51.6805 50.9615
8.37852 17.2876 0.0494039 -45.7209 58.8648 55.6761
7.40959 -1.84689 1.83018 -144.345 135.386 -100.768
9.55471 -16.7617 -1.35071 65.2209 49.5282 -95.3446
8.03607 14.9582 -0.31235 -89.5711 -97.0974 -87.2567
8.31359 18.7833 0.612249 -77.2143 17.0873 77.1831
8.28351 8.55051 0.450245 -90.3204 91.6938 216.728
8.58598 18.1508 -0.336068 -60.6196 15.7662 104.286
7.76082 17.0685 1.54045 -143.214 36.6902 38.6429
10.2361 -13.1873 -0.948 90.6707 72.6113 -50.5745
9.85329 -15.9383 0.00567978 51.2338 42.8722 -46.193
10.5149 -15.5714 0.734749 112.937 84.8876 47.2842
8.66589 18.2881 -0.433609 -73.536 -13.8547 73.8049
10.266 -17.4647 0.920172 83.848 68.9639 19.9526
8.92759 19.5929 -0.407282 -50.8817 7.72285 -26.887
10.0936 -17.7594 -1.34273 63.7216 43.0123 -70.1072
8.18486 15.0263 0.619843 -130.038 58.0336 -19.7319
8.32775 18.009 -0.587311 -117.625 37.7432 12.1698
8.20779 17.3545 -0.0862756 -137.681 0.296889 14.3554
8.74651 6.91086 -0.375639 -84.9336 110.569 -201.463
10.9648 -13.8776 -0.949172 135.372 115.107 -33.615
8.279 16.5005 1.44153 -136.537 68.7162 -39.7277
10.299 -13.9009 -0.800564 60.2576 173.904 63.3166
10.9397 -9.98481 0.693586 123.52 134.78 -73.7093
8.59491 15.6736 0.793735 -109.816 91.8061 44.0476
9.07697 37.489 2.63874 -66.808 182.918 45.0343
9.45618 13.6074 5.6497 -38.5343 116.06 17.7996
9.15595 13.2598 -0.165988 -68.9498 39.191 119.573
9.80636 35.4493 -9.04397 -15.6396 -124.084 121.218
9.46036 12.4346 -6.86426 -50.957 29.1647 30.4178
10.7127 -13.5015 -2.55977 73.085 51.5147 -87.5735
9.07323 12.8785 -0.827961 -95.6292 56.3867 -165.649
9.10061 16.3817 0.767289 -92.9328 38.1362 9.98959
10.4636 0.632052 2.90143 37.3593 -126.299 84.0647
9.77038 17.2285 0.883723 -42.8667 11.9014 36.6033
10.9424 -13.0843 -0.327554 60.4125 64.9865 -139.649
9.59296 13.4156 -1.12775 -78.7754 47.9502 -70.7634
10.4931 -18.5383 4.22132 3.25507 -0.0447498 117.581
11.681 -10.6788 -2.72561 120.684 130.179 -110.982
11.5717 -13.392 -0.111021 109.536 114.627 -31.6912
11.4171 -11.0095 2.41311 87.912 103.342 12.732
9.73057 13.8889 -0.304806 -81.2825 87.9698 9.7292
9.51208 10.4607 -0.324636 -107.245 103.275 -164.308
9.86884 17.6076 0.619288 -76.921 26.8783 -63.1608
11.6098 -15.0571 -0.907311 82.7539 73.6422 4.14179
12.0087 -11.0658 0.691568 117.223 128.35 -107.361
10.5741 2.60381 -0.48296 -29.0386 126.021 -223.028
10.0227 10.9123 -0.352203 -85.3947 149.314 47.6348
10.0169 12.1632 0.659949 -112.632 75.8183 87.7066
11.6022 -13.8243 -0.0218912 43.9225 53.5669 0.244574
9.76383 12.0703 0.280123 -147.309 106.973 -45.5186
12.0264 -4.82478 -4.28372 75.8339 -82.0625 42.3727
10.1216 12.2922 0.223616 -113.835 77.2432 -69.4415
9.75022 10.4319 -0.069508 -153.554 56.197 82.1729
12.0629 -15.73 -1.14975 73.2829 63.1617 -68.5012
12.0634 -12.9576 0.557596 65.9362 70.9178 53.778
11.885 -14.3228 -0.316092 46.6536 54.225 -137.642
11.1166 11.4339 -0.825316 -31.2742 17.8874 -140.123
10.287 12.5153 0.234797 -114.043 88.359 -67.8243
10.5051 15.4884 8.84394 -93.8057 167.945 251.345
12.3476 -11.9115 0.784535 84.542 100.381 41.4792
10.425 15.1216 1.2737 -107.418 4.28524 25.9248
11.1069 11.7086 -0.199198 -40.0252 28.4511 -126.531
12.508 -7.72048 0.0302039 95.1558 161.533 91.0822
12.2526 -3.27112 0.589715 68.4625 204.511 -36.1915
10.4765 11.3124 -1.02087 -110.47 162.809 119.704
11.102 17.2333 -1.99836 -48.48 39.8243 -56.9774
11.0731 2.48546 -0.106831 -52.1817 240.678 -93.4639
11.5783 0.579579 -3.54173 -8.68503 249.195 -31.4403
10.1533 12.0494 -0.329177 -161.252 132.64 22.2548
12.4157 -16.2606 -0.964527 62.704 56.9249 8.5678
12.2061 4.5132 -7.23324 41.3325 -24.3169 -70.2988
12.2477 -16.7822 -0.263512 38.0633 45.5741 -53.046
12.9096 -8.01697 -0.160724 94.7381 151.726 25.6372
10.8627 14.4545 -0.0924533 -110.417 179.567 -93.7862
11.7179 1.83222 -6.15941 -26.489 204.502 -14.9611
11.6768 5.11131 -12.2181 -30.9589 84.0194 12.0422
12.5453 -11.1622 -0.169526 54.7554 74.8696 118.151
11.6871 2.15413 0.0586366 -33.242 207.597 -126.69
12.5022 -16.4667 -0.855916 46.9232 45.9949 51.0677
11.3267 16.3834 -0.592811 -82.8063 44.8032 9.61045
11.1042 13.4118 0.571926 -106.565 79.651 41.0242
11.4051 9.12814 3.25246 -82.5158 16.4713 158.481
11.1029 12.1303 0.23587 -112.573 105.126 27.6348
11.9994 16.4638 -0.574762 -27.9444 6.14468 -37.3854
11.5664 13.1215 -0.783042 -75.1922 54.874 -124.173
11.4393 18.3153 -6.64281 -100.629 127.068 -105.254
12.0502 50.2793 -38.0042 -41.5707 -5.48983 0.441847
13.1679 -7.17656 0.0760909 67.0718 135.4 -76.2921
13.4077 -12.5992 0.0702298 90.1432 112.332 -26.7453
11.815 12.3554 0.0851374 -68.2577 -19.4457 36.5626
12.2607 2.54934 -0.421061 -28.9753 225.744 31.3992
13.2527 -11.779 -0.751905 62.0537 79.7416 -79.6332
12.1101 12.5512 -0.709571 -51.7155 35.6051 -84.3851
11.8668 13.4804 -0.399001 -80.5681 58.991 16.9366
11.4353 12.509 0.214775 -123.565 105.9 18.3156
12.1126 2.52931 -0.371691 -57.4581 219.185 1.4516
13.0116 -6.41798 0.00558891 21.172 63.035 -218.896
12.4964 12.8312 -0.387601 -30.6546 16.8822 34.9379
13.1942 -2.33228 -0.798435 37.9615 239.735 -0.773684
13.3855 -9.46929 -0.206015 54.7446 88.927 -67.0634
11.8498 13.5838 0.0410697 -99.0448 282.222 -25.6272
13.3388 -18.9598 4.93911 48.4199 219.408 -154.199
12.2085 -3.31017 -7.45225 -64.7942 -60.8413 31.6596
12.6169 1.68713 -0.360012 -29.221 204.517 -140.308
13.298 -2.20815 0.102414 31.4713 184.599 105.601
12.4582 5.323 0.234693 -55.126 128.167 145.187
11.736 11.6759 -0.523262 -128.249 133.071 15.2781
12.3175 5.40178 0.177938 -70.9957 169.761 124.479
13.73 -4.56399 0.733722 68.1992 205.714 16.8298
11.8133 10.385 0.901679 -129.614 143.655 84.995
13.7982 -4.38425 0.644509 67.0405 195.615 -121.373
12.3164 10.5281 0.97022 -81.2322 87.2907 102.301
13.8496 -7.59515 -0.045413 70.8659 12.1031 -160.461
12.8596 11.1059 -6.62307 -29.7415 66.9417 2.45581
11.8284 12.3436 4.89221 -134.582 68.49 -100.092
13.3903 -17.876 -7.42771 19.2448 47.2385 64.035
12.2817 13.2506 -0.106883 -94.2128 87.9273 -100.173
14.1158 -6.37877 -0.160177 87.9304 193.889 -63.3422
11.6225 12.0662 0.212939 -160.327 -70.8335 -9.78839
12.8119 13.4765 -0.249392 -42.9251 82.4318 -121.824
11.6434 17.8566 -1.13041 -162.646 -58.9269 131.502
13.5128 -1.32054 0.540154 23.0144 203.507 -5.17512
13.273 0.69373 0.179888 -5.87453 199.077 -77.9081
13.4646 -13.4441 0.949033 12.4754 27.4734 74.185
13.1482 10.8525 1.87577 -21.2683 65.6048 -36.8237
13.8363 -3.67313 5.50551 40.285 -37.6918 9.00564
12.7937 13.6122 -0.125981 -64.3202 14.6829 -21.1428
12.7373 10.8148 0.525196 -73.5061 72.8052 -64.1577
14.1163 -9.03103 -0.523366 56.5834 102.895 -95.0684
12.597 8.71649 -5.04508 -94.3766 191.641 -46.2231
14.0104 -13.4713 1.30243 35.1912 49.033 42.8454
14.1301 -12.0026 -0.882131 46.5578 68.9703 -114.556
14.24 -9.14024 -0.0488648 56.029 93.7745 74.9684
12.9343 8.5884 -0.323217 -73.8114 115.223 -72.0405
13.6823 0.880865 -0.4796 -11.2857 199.312 -26.414
13.6843 10.0891 0.563151 -13.5991 2.70963 97.7287
12.9701 7.07013 -0.0202986 -86.8763 151.595 19.3
14.0577 -3.73301 0.0827836 20.9421 106.88 -185.204
13.525 9.6222 -0.462529 -39.5692 44.6343 141.609
13.2774 21.0297 -1.26092 -69.4215 157.563 43.2779
14.2442 -2.36967 -0.366672 25.3068 197.893 -56.6446
13.5499 11.3205 1.14771 -45.7369 38.3525 143.568
14.909 -8.1065 0.566709 85.7399 154.348 85.2145
14.3274 -12.6212 2.17535 27.629 46.5247 -45.9085
13.9789 0.655748 0.199995 -7.56676 182.949 -78.3336
13.796 9.3455 -2.77515 -26.9972 -44.2664 -22.635
13.8673 1.67054 -0.333997 -22.8982 160.05 -132.187
13.6048 3.50137 0.1407 -53.1016 212.758 -15.3904
14.5236 -4.70228 0.435047 36.475 133.409 77.6587
13.3583 15.1194 -0.702822 -79.938 58.4796 -71.7945
13.4608 13.442 -0.180438 -70.0119 62.1568 25.5019
14.5538 -8.18223 0.0347827 38.3581 81.1846 -102.708
13.5294 10.351 -0.362827 -64.0272 69.9103 1.70653
14.1462 -1.05465 0.698501 -3.14006 70.1657 202.432
14.3333 -0.73004 0.00385777 13.5629 190.349 -45.7516
13.428 14.3281 0.0405971 -77.8424 65.4399 -53.0215
15.1131 -10.8524 1.58107 82.8148 143.109 16.9126
13.8453 3.89054 0.326652 -44.7307 147.812 151.232
14.4212 -11.052 -0.0227496 4.01333 22.2448 98.0716
14.4514 -0.918212 -0.235675 4.75099 127.746 -131.644
14.9021 -7.16354 0.852755 48.727 126.41 52.2925
14.9474 -8.32425 0.589826 51.2678 104.734 92.3821
14.4977 -0.46599 0.377338 5.54807 195.871 -16.0325
14.134 9.58882 0.382654 -33.3249 38.0753 122.666
14.1009 11.7473 0.818727 -40.4978 33.7986 15.8282
14.1725 5.71177 0.497046 -41.7564 105.489 112.939
13.9751 6.45983 0.395135 -61.5825 108.524 128.137
13.9665 8.02387 -0.470399 -65.0049 174.152 -59.2261
14.6492 -0.624208 0.0680112 0.460673 143.591 -128.067
14.9878 -4.17749 -0.43627 33.5304 131.43 71.0022
14.9451 -4.63535 -5.39874 29.1877 50.6531 78.6089
13.9928 13.6233 -0.245154 -73.1545 66.4152 -69.0513
13.8425 11.813 1.01621 -89.2378 92.8141 88.6169
14.1562 3.56107 0.378404 -58.4677 191.389 66.6785
14.232 11.9181 0.672933 -51.2054 47.5678 -39.2961
14.8322 -9.49486 -1.86002 7.0578 40.1171 -35.5601
14.5916 1.56675 -0.953158 -17.0455 174.058 -76.8835
15.0174 -11.9279 -1.12011 25.0527 46.8757 -81.4313
15.217 -8.51356 0.307963 43.9811 97.4415 -10.4463
14.1691 4.38263 0.0621415 -60.3804 179.782 69.2848
13.8354 7.65105 0.136219 -97.5226 87.8298 78.9815
14.6402 2.1915 0.727441 -19.5108 107.553 138.51
14.3393 15.549 1.32 -50.7866 14.3351 -114.779
15.187 -4.22004 -1.57108 29.0641 158.888 -51.5129
15.4592 -5.01057 0.312847 55.2608 215.593 -149.641
14.4195 12.0635 0.605921 -50.9915 44.7967 -66.8233
15.1171 -1.94119 -0.259622 11.2361 121.123 -142.862
14.3987 4.42878 -0.0651324 -60.889 173.955 24.6561
15.0825 -11.2788 2.40291 5.18542 24.618 7.66051
14.4811 14.5068 -2.02406 -55.9437 54.1923 12.4646
14.2808 2.49714 7.2119 -77.7147 154.964 53.9455
14.5604 15.051 -0.735775 -52.5873 38.387 -59.9741
15.2315 -1.63259 -1.01693 8.92398 113.478 -157.284
14.4759 5.92826 0.0644166 -67.6761 131.865 -43.0368
14.786 2.87209 -0.0493163 -38.715 167.054 -91.0894
15.4461 -2.68515 -0.227453 24.8228 173.934 -0.704789
14.7482 6.97317 -0.00687013 -44.74 143.221 -62.5724
15.1902 -13.194 -0.380146 -1.69812 15.4767 81.5389
15.698 -11.7717 -0.39349 48.2853 82.6536 -25.6462
14.9364 2.44537 0.179032 -29.9922 183.156 -59.7406
14.1402 10.9997 0.271002 -115.087 133.451 -12.0193
15.2925 -6.09582 -0.0984433 -2.12518 130.808 -51.5067
15.1246 -6.16919 0.5817 -23.3996 -57.2012 -86.3447
15.97 -10.287 -0.512002 56.4515 96.4629 -78.8521
15.9072 -5.56569 1.04778 45.9536 151.765 88.3255
15.0128 6.22179 -0.491376 -43.7593 94.6474 -101.442
15.8276 -4.36769 -0.459094 35.9125 154.296 75.5384
15.1418 5.97991 -0.12709 -34.2425 72.9467 -113.907
14.7531 6.11658 -8.50455 -76.7833 117.747 136.13
15.1664 10.1555 -0.0720026 -40.307 44.0409 99.7461
15.7232 -4.24994 0.904227 14.3389 95.5387 81.9053
14.8094 2.27991 -2.1786 -80.7486 -83.2609 1.26153
14.9233 11.3499 0.130541 -72.0081 84.8067 -67.0866
16.2423 -7.66739 -0.0252802 56.4243 128.568 -16.2289
15.5088 1.77797 0.248415 -16.8006 147.56 73.9852
16.2383 -11.4416 2.91312 52.4679 91.2324 52.577
16.1146 -6.1663 0.497563 39.2571 57.5465 4.45312
15.3419 12.7443 0.808976 -37.8723 28.6821 -11.6156
15.0417 2.51097 4.99302 -71.3739 12.949 -5.09647
16.0659 -4.20651 1.08141 28.9162 142.042 140.459
15.4883 6.27454 0.324138 -32.2967 51.2313 191.546
16.1172 -4.5152 -0.367604 28.6113 135.442 112.882
16.2091 -9.5181 0.117892 34.5283 5.88497 -51.5161
16.2494 -8.92258 0.509301 37.7036 132.039 29.3135
15.6293 4.08755 -0.419208 -24.9135 64.7001 -110.456
16.1594 -17.5213 10.6357 27.2128 67.6074 57.2171
15.9885 -8.01824 1.00335 7.24229 39.99 85.4856
16.4497 -8.84203 0.683229 51.8342 119.265 11.2984
16.2431 -8.8781 1.00096 30.6742 76.845 126.707
15.749 1.61403 -0.740815 -18.8996 160.37 19.7311
15.857 0.733909 -0.130394 -11.4913 128.693 121.058
16.1969 -6.75204 0.960421 20.3811 150.305 -77.3508
16.2552 -4.31536 -2.74629 22.547 86.1889 37.4647
16.1502 -1.21749 -0.00174803 8.81629 153.102 28.3652
15.7949 7.03361 0.328762 -30.8649 44.1429 102.902
16.2865 -14.0547 -0.780624 14.5836 34.9664 -46.2658
16.1419 -8.193 0.424839 -5.32396 11.915 -124.037
15.625 13.0503 -4.52633 -61.4202 7.19185 113.649
16.599 -4.42866 0.582106 25.9825 118.428 -45.9026
16.0432 22.7973 7.1437 -32.1885 162.51 156.421
15.8371 16.0656 1.7022 -54.6484 261.811 98.5548
16.6992 -4.40027 0.976541 29.2187 137.914 93.362
16.0999 2.8928 0.637657 -30.3371 100.175 147.529
16.7777 -8.06639 0.157723 36.0042 91.7759 48.7673
15.4871 11.7172 5.98298 -93.1066 29.1828 -228.556
15.9021 7.615 -0.799286 -52.0299 94.4673 -105.972
15.9537 5.39383 -0.344727 -49.0142 131.213 85.7147
16.8283 -13.1548 -0.519638 34.3418 61.0206 -30.357
16.9312 -9.51108 0.394645 43.3793 97.9251 6.79373
16.4013 0.777952 0.582136 -11.0526 132.804 99.5325
16.3998 6.51063 -0.182177 -16.2554 13.8188 15.2102
16.8082 -8.33109 0.66769 22.8694 69.3094 -47.4488
16.6621 8.99111 0.0554455 4.3275 57.3903 65.1266
16.2301 7.67012 -0.552144 -39.6877 66.2175 -14.5645
17.0557 -2.91078 18.3459 40.0755 135.648 75.6555
16.9349 -11.0758 -0.581093 27.727 64.0966 -96.632
16.3021 6.51852 0.495375 -44.8864 104.159 102.718
16.8081 -12.2749 -0.119071 2.54154 23.2279 -34.3299
16.4345 8.59086 0.475446 -36.5734 50.0739 -96.5035
16.6918 8.44962 -0.497382 -15.3999 55.1613 -29.166
16.5314 4.89822 0.773123 -31.536 74.909 92.8379
16.6963 1.80962 -0.303552 -20.7269 88.8177 95.7335
16.2143 32.3893 -2.54805 -69.3405 -17.9761 -9.64656
16.7903 1.65698 -0.384425 -17.8801 106.972 -103.163
16.4348 12.2748 -1.29123 -55.8038 56.2294 -78.7065
16.7382 -0.434414 -8.16193 -28.7807 3.06901 75.5076
16.9701 8.87445 -0.113973 -16.0178 17.8306 -2.32446
17.358 -6.24396 0.910683 22.2799 84.8397 39.0847
16.8265 9.1779 -0.333033 -30.9347 6.36262 -45.6112
17.0382 2.28305 0.630148 -12.7708 31.0873 84.2386
16.9304 2.63776 0.758638 -26.1915 131.492 57.4948
17.3344 -4.80998 0.423201 5.1877 63.9805 -114.745
16.9671 11.8203 1.06746 -33.8795 61.6972 -32.9443
17.4073 -3.95973 -0.0176591 8.07256 88.4012 37.7418
17.3036 -0.882081 0.603101 -7.17011 118.526 34.9288
17.5435 -3.2402 -0.243891 15.4569 132.269 4.53903
17.4273 3.93557 -0.129611 1.59882 141.465 -3.81913
17.6588 -10.0911 0.361062 18.7664 56.4762 -11.5304
17.4002 0.453428 -0.0259154 -7.87487 103.797 -0.568476
17.8174 -8.07539 0.58998 33.1952 99.1414 -49.1782
17.2359 6.92226 -0.0713061 -26.2729 39.3256 58.9621
16.9404 9.19752 0.16565 -64.8917 94.8492 17.6716
17.2817 6.96533 -0.506594 -31.1897 46.3306 -95.9786
17.6203 -1.40003 0.240407 -3.03383 56.5183 27.6157
17.7949 -5.52695 1.08908 7.20717 49.6127 25.1066
17.1727 5.58245 1.2576 -56.6562 -63.8997 29.1983
17.5554 2.58167 0.0689519 -21.0468 112.795 -120.339
16.7924 12.6605 3.73832 -100.269 187.973 -59.785
17.9162 -4.92532 1.0308 10.4074 81.1162 93.235
17.8491 -3.45994 -0.328877 2.94072 78.9753 -23.9869
18.196 -8.8103 0.268708 27.5375 83.1605 87.6996
17.8215 1.68771 -0.384506 -17.1557 88.355 -101.118
17.2482 39.5063 -5.86476 -75.4835 -93.2513 101.303
17.6328 7.18894 -0.502025 -37.4266 74.3372 -92.5519
17.9757 -0.327195 1.03183 -3.98315 111.308 -84.0962
18.4261 -6.12268 0.441199 30.6044 118.816 58.7963
17.6778 5.14838 0.018171 -45.5688 118.41 64.9992
18.3838 -8.41218 0.876856 23.3769 78.8564 44.4285
18.0413 0.0599534 3.41738 -16.0128 -12.034 -46.0039
18.1198 0.734108 0.300508 -12.3159 102.013 -12.2255
18.3144 -9.02799 0.194857 5.85039 37.4195 61.2827
18.7328 -6.90925 1.02731 47.1647 99.3602 15.533
18.4457 -3.54128 0.020918 7.25837 92.9822 103.812
18.3064 -2.74349 -2.96601 -7.88075 65.5882 -126.608
18.1429 7.26564 -0.430753 -25.8761 34.6504 -64.806
18.2531 1.63269 -0.950476 -15.6358 101.468 -10.2115
18.2812 1.66183 -0.130467 -15.4222 66.0568 -9.60695
18.5121 1.585 -1.83486 1.551 70.4004 64.0812
18.2781 7.10416 0.262688 -28.6795 52.0687 11.0487
18.8152 -4.26479 -0.362211 21.9776 138.689 35.0969
18.7495 -5.12466 0.85553 14.6838 94.401 18.1335
18.6185 2.66112 0.649444 -1.67985 68.0297 18.588
18.6899 -6.94494 0.680907 -2.34907 55.3901 -25.7892
18.8063 -10.8191 0.471547 8.85601 40.8527 18.5051
18.6233 0.847793 2.24754 -11.6158 104.469 32.6991
18.8504 -3.62883 -0.265563 9.57423 91.0628 3.73103
18.3351 6.26763 1.97614 -46.6236 116.283 -56.2789
18.5527 2.61082 0.486916 -30.6813 39.597 -77.2056
19.2968 -2.77929 -3.70557 37.9847 60.9707 87.9015
19.1002 -7.01704 0.912977 17.4963 77.3672 -18.9297
18.9046 -1.45091 0.377483 -6.82707 79.2007 72.2306
19.1343 -5.245 0.755483 12.9052 91.5322 -23.5243
19.0803 -1.66088 -0.205726 2.75012 102.318 -39.0785
18.833 7.50319 -0.572849 -22.2706 23.9302 -112.165
18.8181 3.28217 0.432307 -27.2304 83.1011 60.9266
19 0.954445 -0.777912 -10.587 33.2269 -97.9613
18.7915 5.32016 -0.22944 -34.3567 75.2762 -19.7463
19.2326 -5.35632 0.557072 6.1711 63.864 -96.0771
18.7369 -6.9793 1.05662 -47.0808 22.6872 49.1346
19.1507 0.0655535 1.77509 -21.1473 123.799 -63.2389
19.4595 -1.53544 -0.147216 -6.62648 66.53 -116.713
19.2289 5.57608 -0.20196 -47.9784 120.665 -8.38354
19.7238 -1.4931 0.201379 -4.29027 89.7573 6.7515
19.7916 -2.68255 -2.38709 -1.28866 74.2921 -4.03048
18.6353 8.87365 0.232349 -117.014 81.5975 31.6713
19.7745 -3.04283 0.28846 -11.8259 -53.7801 -64.2359
19.9635 1.09652 -0.51353 -13.459 68.2107 5.48357
19.9482 -14.4764 7.38764 -19.4331 126.471 -185.934
20.0832 -1.49061 0.211464 -6.14221 102.14 9.14603
20.0622 0.376238 -5.6018 -8.99603 78.8628 -10.7648
20.1865 3.17091 -0.779021 -12.8497 8.37385 -19.2833
20.4738 -5.68125 0.860021 9.25082 74.6123 -6.94657
20.4625 0.782119 0.334571 -13.2264 98.492 -15.5021
21.7592 -1.85061 0.260507 -10.1176 26.9506 21.0737
nan nan nan nan nan nan
19.6368 -1.52504 0.483902 -2.54002 75.4697 107.807
22.3634 14.0284 14.7497 -48.8723 68.3929 -33.7447
