-10.9587 -19.1346 4.0885 1.48671 -0.252768 -0.243071 1
1.12926 0.314258 -1.04234 -6.90778 4.41285 -3.27367 2
-19.2639 16.5645 -27.1336 -0.581146 -0.785273 -0.717714 3
-10.1591 3.68913 1.21617 -1.31625 -2.52599 -0.184256 4
9.04891 -3.29971 2.30366 2.28605 1.22469 0.920076 5
-1136.94 -693.364 394.743 -38.84 -23.6895 13.4874 6
-625.738 -624.461 336.549 -20.6361 -20.5983 11.0974 7
-15.9734 -8.35909 -14.7387 0.589866 -0.917843 0.899975 8
-2.50181 3.91821 -0.420981 -3.29331 -2.54948 -0.735423 9
2.76709 -6.0797 5.72783 1.26357 0.595325 -0.0878813 10
-5.45352 29.9642 -11.1047 -1.17322 -0.0730033 -0.114908 11
-1.12117 -2.11648 -0.21971 4.92371 -2.6686 1.26244 12
33.5159 13.7903 18.2136 -0.0222488 0.975338 0.465814 13
-1.3564 6.04592 -0.918533 -3.30096 -0.201329 -0.978038 14
-238.627 -60.2153 -32.9126 -7.39446 -1.88865 -1.02207 15
-7.99133 -1.67855 0.948254 0.650779 -3.03269 0.0928765 16
-118.5 -138.348 -15.243 -3.8847 -4.58652 -0.506772 17
5.73963 3.32363 -0.312485 -1.52771 2.91168 -1.07401 18
0.488485 -2.59389 0.0518662 5.9026 1.62057 -0.310474 19
4.65124 -15.1933 -7.84514 1.47749 -0.330776 1.4509 20
33.6198 43.7138 23.5945 0.19589 1.19594 0.803075 21
-39.9811 -121.126 -39.1085 -1.49349 -4.68055 -1.51237 22
-18.4715 -1.00288 -3.13995 0.23302 -1.94218 0.315812 23
97.9061 -21.1287 17.5387 3.00511 -0.577534 0.54037 24
29.2835 -19.5672 11.3285 0.629411 0.647272 0.18365 25
202.591 3.39764 -173.902 6.62295 0.126762 -5.69605 26
423.877 170.446 -346.287 14.0653 5.66047 -11.5002 27
-1.66005 -5.92789 -5.12801 1.83859 -1.64291 1.8989 28
-40.8659 -24.642 26.6326 -0.62688 -0.528938 0.463425 29
4.83958 -1.08438 -1.44898 1.02638 3.06991 2.11473 30
6.73568 -7.18948 3.80807 0.994091 1.19367 -0.139949 31
-3.84035 10.3969 -4.47445 -1.4371 -0.669099 1.87888 32
-7.63503 -7.25256 9.972 1.35852 0.376769 -1.46513 33
73.2512 -63.9049 -103.903 2.65151 -2.25999 -3.7523 34
-3.2637 -1.31609 -2.1379 -0.68929 -1.35265 -4.53875 35
4.48161 3.53543 -0.07684 -2.61275 1.18413 0.0458158 36
1.70991 4.37809 -11.67 -0.786658 0.262937 -1.20147 37
1.35157 2.26785 -1.84199 -2.80987 -0.25951 4.66287 38
-1.60772 -7.15132 0.452115 3.52107 -1.04836 -0.140314 39
-48.1606 639.332 -368.372 -1.72992 22.9127 -13.2062 40
-33.4074 -40.6794 23.2523 -0.117786 -1.17003 0.913774 41
25.0376 -4.07784 75.9277 1.03083 -0.0934046 3.05046 42
13.1342 1.24244 -1.3185 -1.28619 0.831856 0.180109 43
-5.81359 -3.98209 2.46713 0.229969 -2.13628 0.471086 44
8.88122 4.74685 3.21436 -1.57191 1.79364 -0.758222 45
-5.61767 -4.36114 1.18151 0.00336215 -3.13025 0.821298 46
4.58197 -7.76714 2.50783 1.58064 -0.390637 0.380693 47
0.960971 10.2737 -3.71752 -0.865913 2.44633 -0.984154 48
-97.0969 3595.77 -71.0346 -4.09907 151.843 -2.99898 49
22.2859 4.85359 -17.1257 -0.253308 1.36045 -0.159653 50
3.64668 -9.01829 -2.29504 0.641024 1.76676 0.437166 51
47.7996 16.7951 -22.7094 0.671576 1.04557 -0.829955 52
-27.3829 -30.5699 12.0753 0.319693 -1.03806 0.400633 53
93.299 -44.0069 -32.0147 2.62648 -1.17349 -0.896532 54
20.2964 17.8681 29.5565 -0.517622 0.519746 0.529019 55
12.6007 -0.42999 4.76022 0.0479824 2.19283 -0.544867 56
40.8738 743.339 289.088 1.33504 24.3619 9.47679 57
4.57562 3.77541 -4.28555 -0.269288 2.00639 -1.30869 58
3.0479 6.15818 13.7905 -1.41849 1.37299 -0.335367 59
6.60842 -6.41679 4.20085 1.969 1.49323 -1.07869 60
27.2139 25.4512 -42.1832 0.0570962 0.723579 -0.899903 61
-37.3735 -3.02304 2.42955 -0.0630897 -0.752007 0.0145944 62
3.85991 -1.61555 -2.98878 0.518832 0.320045 -4.04733 63
3.37316 64.5192 -8.5312 -0.038277 1.37595 -0.177034 64
3.70799 -3.70461 0.407191 3.25277 2.59628 -0.195564 65
90.4483 111.804 -66.6763 3.7079 4.64264 -2.7644 66
26.7283 7.9375 -20.9952 -0.320731 1.03827 -0.634239 67
-2.1262 11.1907 8.43821 -1.55861 -0.0729727 -1.32936 68
-32.3795 -30.0082 -1.45709 0.279678 -1.41011 -0.244206 69
-2.58702 -3.86525 3.36235 0.933877 -1.91424 3.0326 70
-11.3925 0.00648695 5.51624 0.0311236 -2.1446 0.153392 71
631.875 854.368 1512.34 21.4226 28.9642 51.2733 72
2.26919 -2.56417 0.202067 5.45272 -0.824188 0.623203 73
-17.0448 -1.2911 -3.81119 -0.75157 -0.585369 -0.200656 74
1.8881 2.53085 -1.87972 -5.02598 0.581218 -1.95401 75
1.02087 1.38706 4.8481 -0.128104 3.00014 -1.36532 76
46.7751 -27.3846 -9.68742 1.32149 0.102536 -0.364103 77
1.50496 -4.01541 1.95104 2.95569 -0.446543 1.3341 78
-9.67438 -0.300766 -4.61391 0.729416 -1.76803 -1.97271 79
10.5826 -9.77553 -1.60338 0.931182 0.77502 -0.00738173 80
-3.52489 5.43949 -5.53363 -1.92763 -1.32237 0.521498 81
2.25555 10.5406 -0.198186 -2.65628 0.839458 0.42215 82
3.5773 7.46221 -26.2334 -1.42075 0.0505061 -0.254192 83
-28.4045 43.2481 3.97866 -1.38 0.364447 0.165593 84
-1422.57 -774.623 172.158 -47.4676 -25.8502 5.74554 85
-2.91557 -56.1595 -11.4053 0.442198 -1.04449 -0.29727 86
-15.2615 -0.664938 5.29925 -1.14367 -0.619471 0.455856 87
0.488476 4.87135 1.35511 -3.34282 1.2879 -2.01155 88
11.7153 -54.8542 -22.9116 0.849542 -0.987545 -0.713855 89
-5.07436 -8.91519 -1.69083 2.37232 -1.32066 -0.112576 90
3.5125 3.90242 -0.886577 -2.6195 -0.0624901 3.48194 91
-13.5966 -5.13066 -0.840517 1.07354 -2.10193 -0.245632 92
-12.2383 -8.29918 5.96351 -0.0130519 -1.06002 0.295739 93
733.573 -1206.83 65.3346 24.4476 -40.2158 2.17788 94
-2.69933 1.48316 8.33946 -0.987748 -2.04595 0.185634 95
3.46921 5.51063 4.27358 -2.32083 -1.04241 -1.96655 96
-33.5909 -26.0944 -2.21962 0.0870115 -1.25249 -0.0837173 97
-23.1749 -23.088 18.3757 0.552089 -0.913604 0.456619 98
-3.8589 4.43951 -4.62839 -2.5797 0.772181 -2.94307 99
-0.829304 6.87855 1.69737 -1.92265 0.589248 0.471642 100
-1050.63 -3327.61 12.7497 -36.6109 -115.963 0.44434 101
7.96951 -5.24509 1.71012 0.640879 2.53065 -0.793365 102
-4.21216 9.40976 -3.68066 -1.43264 -0.377785 -0.175407 103
132.673 430.909 22.272 4.2486 13.8355 0.715741 104
69.4168 -138.967 -144.907 2.30056 -4.55574 -4.77577 105
63.4578 -1384.63 303.579 2.42284 -52.8406 11.5882 106
1.54001 -0.467966 5.25894 -2.38082 2.08793 1.11757 107
0.662604 -2.38216 -13.4318 0.669277 0.153627 0.1917 108
2.05593 -7.54166 2.49944 2.86767 -0.348791 -1.62668 109
1.25344 -3.48173 2.10233 1.20672 2.68955 3.17367 110
-3.67706 -6.73054 2.02338 2.68912 -2.06441 -0.535031 111
-1.07899 2.30194 -0.323611 -6.16598 4.28019 -1.67287 112
-6.83414 -10.1325 -24.6743 1.13614 -0.83503 -0.0268927 113
-50.5821 -15.2402 11.3802 -0.808396 -1.11673 0.572348 114
-9.90458 -7.84611 -2.77067 1.83693 0.472586 0.453603 115
-9.67661 -0.470958 -6.52697 1.76912 -0.912786 1.53296 116
-269.785 -365.575 -112.273 -10.0468 -13.6294 -4.18748 117
-3.33161 1.63752 -2.07108 -1.78781 -3.39168 -0.949049 118
-0.894334 -2.58794 0.569407 5.05333 2.65211 -2.77591 119
44.3227 34.3788 -7.60554 0.48743 1.18424 -0.157592 120
10.1765 4.42614 -5.20133 -1.14791 1.05619 0.584575 121
4.15943 3.28886 6.7761 -1.78705 1.54249 0.611872 122
-11.7277 7.68285 -10.3216 -0.533906 -1.48044 -1.11158 123
13.4396 -11.742 -6.70859 0.510994 1.60473 0.662512 124
-8.05868 -4.82366 -0.634765 2.26942 -1.56514 0.533434 125
0.475723 1.07366 -0.365135 -10.7554 -0.441837 -1.91566 126
-63.6113 -10.972 2.77909 -1.33247 -0.831687 0.0749475 127
11.8907 3.33551 -1.05348 -1.96307 0.332895 0.188632 128
29.189 -7.33349 -15.9259 0.371276 0.976791 -0.125195 129
2.09425 -6.8732 -0.096654 3.57508 -1.01057 0.0726904 130
288.335 -256.774 172.143 11.4164 -10.1537 6.81706 131
-2.83552 1.04385 -0.100731 -3.38967 -3.87864 -0.131663 132
-11.3648 13.3144 18.2924 -0.375607 -0.0638769 0.213238 133
4.36325 -0.12657 10.4404 -1.13531 1.49436 1.04771 134
11.9682 5.26595 5.5543 -0.792688 2.04701 -0.233421 135
-4.75941 6.44199 1.51543 -2.50641 -1.23968 1.07795 136
24.6298 6.3209 -49.9725 0.358433 0.206831 -0.815257 137
8.4865 -1.91651 -6.34241 0.0353243 1.81394 1.08716 138
-9.87087 -3.43395 -13.1326 -0.826979 -1.8146 1.07779 139
-7.30601 -9.19698 1.00791 2.3269 -0.976071 -0.287303 140
-5.15279 0.779777 0.304492 -3.82491 -1.46049 0.180592 141
-3.65339 -6.31538 -10.1678 1.03292 0.500406 1.66046 142
24.9916 -3.29823 -1.62405 -0.129453 1.34871 0.11913 143
-74.7681 -114.7 -65.2247 -2.20585 -3.45506 -1.95814 144
7.80142 0.364893 4.26285 0.221809 2.22334 0.751858 145
-3.2679 -2.41355 4.01929 1.75473 -3.40993 -0.568374 146
35.0173 52.2577 0.790692 0.90873 1.59144 0.0176698 147
-4.52684 -7.41319 -1.38185 2.19561 0.243517 0.421717 148
57.5823 -3.17984 1.27887 1.31724 0.749955 0.00789809 149
7.37262 -275.07 -302.363 0.268407 -9.88291 -10.8799 150
1.39199 2.60924 0.385887 -3.70051 5.17883 -1.36079 151
1.61568 -2.75293 0.816419 4.14249 -1.51953 -3.84013 152
-2.12523 10.8371 0.329624 -2.33097 0.226306 1.44194 153
-5.03126 -1.24453 5.03812 1.62788 -1.92011 1.82218 154
1.91897 -2.90356 1.44831 3.22069 1.07705 2.77244 155
4.87404 -4.95742 -0.274077 1.24383 2.28439 -2.31646 156
1.23156 -9.78273 6.64828 1.95415 0.292324 -0.942126 157
4.11502 -3.97636 -0.739645 2.34425 2.81874 -0.72127 158
15.5591 2.16189 -0.782189 -0.984107 1.97808 -0.00716623 159
10.6143 -6.82443 4.11198 1.30412 0.205897 0.406011 160
-6.20112 -4.9977 7.1868 0.266265 -1.1214 0.582366 161
2.22686 6.4359 8.46164 -2.48335 0.572162 0.0238859 162
0.820952 -5.55349 -7.13645 0.449023 -1.51006 2.17372 163
-1.18567 -5.9679 -0.132514 3.58229 -1.23106 0.281935 164
-0.291215 4.28923 4.48519 -0.854587 -2.51567 -3.45544 165
-7.40651 8.4232 7.09747 -1.28658 -1.95562 0.861923 166
3.85908 14.1408 -1.82629 -0.641641 1.38603 -0.132435 167
14.3868 -5.26284 2.00835 0.63069 0.828637 0.078117 168
-6.60641 3.7768 -0.527538 -0.340003 -3.49591 -0.929376 169
0.55543 6.94563 1.83482 -2.08546 -0.3822 -2.62503 170
10.1583 -25.1824 -5.14118 0.152062 0.549319 0.100726 171
6.7844 -10.2422 -0.966049 2.11866 -1.76313 -0.206492 172
13.9809 -5.81433 20.9689 0.496102 1.00709 -0.586273 173
0.851869 12.5774 28.369 -1.01764 -0.620228 0.506399 174
-3.48519 -1.19105 -0.104204 4.2018 -3.79528 -0.404763 175
-3.16708 3.84554 4.24168 -3.17389 0.519929 -2.00442 176
194.207 -62.5278 -97.8508 7.79202 -2.48534 -3.93155 177
-121.931 -202.389 7648.32 -4.47707 -7.43116 280.822 178
22.7238 12.2004 22.448 -0.716773 0.258348 1.14395 179
0.504208 -0.563325 -0.202134 11.7846 7.53338 -0.433732 180
7.18235 -6.03036 -7.1165 1.90267 0.635189 1.68628 181
-181.305 535.9 177.964 -5.75716 16.9948 5.64711 182
10.7076 -12.1298 -26.4848 0.422794 -0.129627 -0.651588 183
-869.594 313.062 13.3515 -33.2146 11.9532 0.509708 184
6.23583 -2.92176 -2.15503 1.86839 2.45288 1.54285 185
5.59665 -3.6222 -0.734286 1.74922 3.12163 -0.418534 186
-21.6346 -9.95853 7.23706 0.970497 0.111503 -0.288298 187
-7.10344 -7.95799 -0.235439 1.98537 -1.12229 1.53332 188
-402.959 -51.2878 -364.599 -13.4699 -1.71689 -12.1987 189
0.681473 -4.87609 0.67752 3.44906 0.422566 1.97404 190
-2.87742 -5.45023 1.11426 4.04501 -0.331468 1.102 191
-2.53197 9.854 -10.2622 -0.549062 -0.885514 0.936116 192
3.78735 4.48736 -4.11555 -1.86407 0.830231 0.702776 193
-4.02521 8.06667 -9.14765 -1.25714 -0.732698 0.517068 194
10.3885 1.74194 -0.695173 -0.204149 2.93337 0.235599 195
-125.336 -236.685 249.935 -5.29389 -10.0109 10.5791 196
-6.01662 -9.00313 1.10893 1.03628 -2.51286 0.750481 197
1.16385 5.45896 4.63262 -3.05262 1.46025 -0.788301 198
-11.8552 3.37737 -1.86816 -0.855481 -2.05217 -0.205429 199
3.97826 38.2799 -9.47671 -0.703032 0.316386 -0.0877334 200
-8.48209 -3.39811 2.79883 1.30048 -1.34981 -0.424144 201
9.48788 3.99423 -0.257541 -1.4132 2.3613 -0.793183 202
-4.37725 5.03452 22.3655 -0.356092 -0.0832274 0.766531 203
-2.42108 2.07575 -0.0919457 -4.4531 -3.50514 -0.269145 204
3.27329 -1.80662 -0.272536 4.13359 1.84739 -0.619994 205
0.872937 3.34214 1.20221 -3.7305 -3.05806 -3.15069 206
14.9275 -14.2003 44.379 0.28961 0.377127 0.807809 207
-601.887 -5127.41 -306.335 -19.1835 -163.431 -9.76379 208
21.1811 5.1403 24.0004 -0.696212 0.791794 0.825129 209
63.9873 171.16 -17.2033 2.52614 6.8505 -0.688698 210
-13.3095 -11.678 -15.9609 -1.3075 -1.56655 -1.90461 211
-26.2678 9.16351 22.7064 -0.420577 -0.970884 0.51118 212
-47.0661 31.4349 4.21664 -1.23676 0.117744 0.12207 213
3.43599 -10.9848 1.69169 0.344681 2.48419 -0.380414 214
41.6378 -10.8834 45.5333 0.60006 0.108129 1.41546 215
2.71459 -4.82892 -6.85361 1.49902 -0.760804 -3.04272 216
-6.2201 -11.9569 4.56663 1.9067 -0.138925 -1.44797 217
17.6244 27.9558 -83.414 0.568093 0.994162 -3.04537 218
-5.61665 -9.0272 -0.952014 2.56273 -1.50558 -0.291201 219
-2.84457 -2.51333 0.253188 5.36199 -2.26775 0.425342 220
-8.38491 -2.78035 1.53753 0.949159 -1.39514 -0.0622869 221
-2.5616 -21.4368 0.261607 1.44936 0.572081 0.00930761 222
-2.62243 5.35236 11.6309 -0.838808 0.360569 1.8841 223
358.64 57.2687 319.123 13.0325 2.08646 11.607 224
34.3421 -35.6184 -4.90208 1.20284 -0.0668268 -0.180749 225
-3.92986 4.48942 -0.0581066 -1.28667 -3.81668 -1.03242 226
-9.80826 -0.173107 1.3195 0.492454 -1.73682 -0.111697 227
0.21017 0.645647 -0.160832 -9.40875 11.4262 2.42952 228
-75.5998 62.5808 7.09458 -2.92406 2.36207 0.264133 229
916.405 -261.257 -58.7608 32.0963 -9.14638 -2.0587 230
202.831 -3274.45 765.097 6.45466 -104.198 24.3477 231
-6.92088 47.3643 69.2257 -0.263107 1.31412 1.97856 232
-3.40452 8.29604 10.4258 -1.56914 -0.230825 -0.809965 233
16.5852 -29.3919 25.2185 0.69833 0.166466 0.38775 234
-6.58793 8.36814 -13.731 -0.55391 -1.51851 -0.946616 235
2.47713 -3.36327 5.59482 0.196134 1.09599 2.66772 236
-6.17533 -9.4816 -13.9601 0.853177 0.658344 1.35794 237
-1.72833 -1.50062 -0.334642 6.76016 -1.25933 -3.27569 238
5.73685 9.76918 -1.49883 -1.75145 1.12527 -0.1696 239
3.51105 -6.52032 2.41031 2.71735 0.741407 -1.50228 240
1.64359 9.27583 -3.68384 -2.56237 0.756721 0.587537 241
3.92855 4.00909 12.4117 -0.529689 0.429996 1.7567 242
5.96314 4.86616 -5.63688 1.64832 2.44082 -2.53019 243
-3.23266 0.37321 1.30216 1.34253 -4.44364 2.27899 244
-11.6668 6.82574 -1.27767 -1.57477 -0.583426 -0.185831 245
-104.659 -514.824 -78.4962 -3.80063 -18.7377 -2.85852 246
-1.24977 12.3228 -4.4199 -1.97181 0.272051 -0.943836 247
-2.37613 -9.70872 4.98018 2.32606 -0.147761 1.10386 248
10.1667 -10.7135 -2.56066 0.709941 1.12123 1.88829 249
-2.9403 -1.55689 -4.60824 1.22723 -2.1892 -0.250895 250
-39.5663 13.3795 6.64983 -0.943293 -0.752249 0.26283 251
1.33701 5.15614 0.926493 -3.32736 -1.83277 -1.2429 252
72.694 105.441 175.582 2.31091 3.38414 5.64753 253
11.4213 10.5569 -8.13046 0.253865 1.08809 1.77852 254
-4.84003 4.03905 5.11343 -1.69535 -0.70889 1.50009 255
0.824836 -2.20923 0.0365577 4.65393 -0.658717 -4.18102 256
-4.45399 -5.56167 4.25406 2.11396 0.441105 -1.47307 257
-287.975 100.955 169.878 -8.8867 3.10215 5.24541 258
8.35304 1.65583 -3.49838 0.205972 1.93057 -2.20183 259
-5.94406 -5.01912 1.34131 0.927509 -2.61257 0.67236 260
0.852645 -0.803276 0.481145 -2.26617 8.69878 5.45386 261
1.51138 -6.70515 1.58609 2.25564 1.39668 -2.20168 262
-10.7443 -28.1373 19.5033 0.916883 -0.530357 0.365177 263
-2660.56 -541.851 54.8719 -82.0509 -16.7122 1.69171 264
-10.8509 -2.04314 4.55115 -0.0195746 -1.95228 0.464281 265
-2885.9 -234.32 -256.032 -97.3278 -7.90095 -8.63493 266
-46.7551 28.1419 -19.0294 -1.22328 0.0257279 -0.537906 267
-63.9117 -0.988542 -39.5768 -1.43824 -0.104826 -0.901256 268
-25.6952 -6.27941 11.2892 0.539968 -0.170883 -0.223594 269
80.0732 713.864 -45.6296 3.13043 27.946 -1.78727 270
-4.77516 -4.54337 5.96545 0.216327 -1.37439 1.01813 271
5.30994 -40.5964 38.4809 0.403644 -0.379749 1.16201 272
177.919 48.0384 -64.1062 6.0765 1.67157 -2.19609 273
-8.65279 -4.61259 4.04434 0.857794 -2.0971 0.764828 274
3.2914 -6.61902 8.96072 1.73812 0.89032 -0.227573 275
-10.9333 -8.11622 -4.22823 1.10025 -0.434787 0.200334 276
4.22705 -4.36171 -0.426881 2.02141 2.30637 -0.0953091 277
-6.55363 -2.67314 -8.39198 0.327887 -1.68047 1.13658 278
1.08547 4.45004 -11.1498 -1.3427 1.58119 0.761499 279
-17.7072 -2.59573 3.53706 0.280629 -2.04538 -0.220188 280
-12.4917 1.37832 -8.16591 -0.417386 -1.04536 -0.235235 281
10.1677 3.44576 -0.587971 -0.238883 2.62095 1.03154 282
0.881224 -2.74966 8.18839 2.12767 -0.390008 -0.858118 283
-0.185055 -4.73917 0.0533673 4.05187 0.0366898 -0.288732 284
1.15534 -0.233425 0.316754 4.54914 10.1538 -0.340723 285
-0.235394 3.4566 0.342964 -2.91137 0.634248 3.93428 286
0.912004 -9.38419 -2.75888 1.38196 -2.10221 -0.791058 287
-35.6572 -40.6687 12.317 -0.111983 -1.39269 0.598158 288
388.32 -77.7297 -243.244 12.9645 -2.58937 -8.12424 289
-2.47708 1.24919 0.142785 -5.84058 -2.95642 -1.06342 290
31.4687 241.227 -59.2794 1.02465 8.02574 -1.97454 291
15.1676 0.71618 0.140506 3.72819 0.717514 0.0474298 292
4.21056 -4.91727 1.65709 -0.756168 3.77007 -1.23621 293
0.142913 9.38168 -9.17651 -1.38277 -0.0511236 1.21268 294
310.538 530.068 112.715 9.74626 16.6499 3.54129 295
-4.27214 1.03587 1.52572 -4.39857 -1.2593 2.18908 296
-0.254079 -7.48753 2.25438 2.15189 1.86221 -1.22345 297
7.35395 1.68057 0.8131 -0.473727 3.15641 -0.704908 298
6.58543 -12.7761 -2.67162 1.43771 1.32553 -1.30136 299
-4.37197 -3.16583 4.16333 0.398514 -2.41531 -2.03567 300
-2.79494 0.789397 0.65532 0.701496 -4.50864 -2.09961 301
-13.7017 23.5492 4.9825 -0.686631 0.54706 0.141436 302
8.23413 2.03688 1.60407 1.46989 2.67547 0.917216 303
-46.972 -22.3896 30.9409 -0.652781 -0.847076 0.786019 304
-38.1822 -5.24501 14.3014 -0.34914 -1.03094 0.380895 305
54.2468 -30.3311 -3.16136 1.48066 -0.139422 -0.119954 306
7.24067 4.13233 8.65474 -0.961261 2.00154 -0.336033 307
7.78984 -10.1463 0.440855 1.37657 2.20333 -0.377526 308
-5.33843 -2.56694 5.46913 0.479199 -1.50947 2.33575 309
-0.513946 -1.87315 -4.59684 2.79756 -0.781174 -0.208228 310
2.41974 -4.04525 1.87259 3.13306 -0.129617 2.72643 311
-5.33496 5.0624 -0.755982 -1.35232 -2.19685 2.05291 312
-32.6433 0.651664 -15.9299 -0.11805 -0.866242 -0.128509 313
-1.71988 3.26944 -1.00725 -4.44709 1.97643 -2.01914 314
1.51515 -5.26553 9.04749 0.689733 0.700244 -1.43933 315
2033.33 -71.8766 334.389 68.6899 -2.42781 11.2947 316
-11.6601 10.0209 -13.244 -1.33381 -0.848948 0.902916 317
2.32964 5.89157 3.42207 -1.92058 -0.0521244 2.50887 318
-2.43389 1.58744 0.125387 -5.42938 -2.64173 0.262864 319
3.59567 -32.9913 -0.0402945 0.273708 0.0700413 0.0027937 320
3.2939 8.16049 0.48774 -2.89356 1.12686 -0.0908703 321
-2.30313 3.00619 0.087012 -5.05223 -0.158019 0.51563 322
-9.74558 -20.35 24.5731 -0.624469 -1.80794 2.18893 323
23.074 -18.5793 -4.74477 0.754879 -0.220527 -0.101966 324
5.53935 5.28741 2.80439 -2.19962 1.16463 -1.63273 325
3.03325 7.88573 -1.36066 -1.55844 2.55793 -1.07605 326
-4.7185 3.85122 -27.7554 0.362904 -1.26347 -0.237157 327
-44.5064 -26.1113 -37.0197 -0.55595 -0.797212 -1.23236 328
0.274521 -1.3318 -0.100911 7.6762 6.91721 0.105287 329
3.45221 -1.51469 2.00743 0.393119 3.02131 -1.30946 330
6.29591 1.50535 -7.80482 -0.438194 1.69042 -0.252766 331
-0.601709 -7.54323 3.69842 2.07725 -0.111189 -2.01903 332
-27.1729 17.419 24.6909 -1.87784 0.988193 1.64759 333
47.405 13.4885 -9.24528 0.650844 1.09625 -0.473265 334
-47.764 -25.7793 -0.729558 -0.587951 -1.06836 -0.0249796 335
7.18254 -0.198538 3.65059 -0.566904 2.31771 -0.897047 336
-5.20274 9.30927 -0.140464 -2.79207 -0.555319 0.133223 337
6.37477 -1.69964 3.46818 -1.2662 2.11253 -1.5062 338
-6.13317 -0.222292 8.74708 -0.0210054 -1.02141 0.240942 339
4.28671 -7.49821 3.85162 2.08024 2.44596 0.796542 340
-20.9732 -20.4915 33.0288 0.409526 -0.179972 1.16061 341
-8.41745 1.56321 -8.46021 -1.94252 -0.665543 1.55208 342
5.46982 2.3955 -5.38319 -0.306849 2.9624 0.968938 343
-6.41142 -29.9885 15.8549 0.895644 -0.261015 0.0534032 344
-36.2611 17.8784 -5.31455 -0.722251 0.144558 -0.106606 345
8.57477 0.361097 -3.47791 0.347583 1.58102 -0.236859 346
-9.05521 -8.2639 4.15803 1.42913 -0.24701 -0.427109 347
-7.57854 -1.71201 3.36417 0.641211 -2.38132 0.0944589 348
61.0907 49.8794 17.1629 1.86814 1.64643 0.544153 349
8.68177 -10.6709 0.366436 1.29471 0.652042 -0.0544418 350
1.7537 4.46103 0.154455 -3.66437 2.38828 -0.0288231 351
844.575 -132.592 -64.8363 30.4718 -4.77911 -2.34038 352
-13.9884 -2.00818 -0.698455 0.331718 -2.41392 -0.0489231 353
8.9574 10.2139 -2.34116 -0.706091 1.31099 -0.197477 354
-4.0313 -3.68523 4.24757 1.49829 -3.70692 -0.919194 355
-1.14056 5.43955 -6.46357 -1.8389 -0.380139 -0.347448 356
-0.82265 6.10028 -0.770648 -3.23228 -0.107555 -0.27573 357
4.71976 2.85339 0.157319 2.04405 3.70548 0.0389594 358
9.18708 7.32832 -2.29137 -0.863954 2.21193 -0.752427 359
-0.539147 2.29873 -0.315732 -4.94743 -2.7722 -2.14736 360
7.6559 -5.56607 1.2435 0.956729 2.49712 -0.727811 361
286.698 -1295.3 -245.021 9.53495 -43.0657 -8.14784 362
-13.9205 -8.921 -0.00596461 0.196533 -0.846472 0.0377397 363
-4.08157 -0.964281 1.01878 2.82607 0.0611533 -4.59585 364
11.8644 9.03389 -1.65907 0.749034 1.6053 -0.212039 365
-23.0531 -15.2797 42.8332 0.161793 -0.0431883 1.19839 366
46.0665 -48.3312 12.2837 1.41648 -1.31654 0.357968 367
-4.19366 1.25789 -2.70744 -0.321363 -4.12362 -1.13244 368
2.01986 -7.97855 -6.09273 2.0755 0.760573 -1.17199 369
-13.8361 -16.5586 2.38769 -0.262674 -1.05865 0.133568 370
263.807 -241.282 212.209 8.16118 -7.45108 6.56568 371
19.4861 -1.61128 -0.0308618 0.131431 1.41657 -0.0289173 372
1.02066 -0.0815238 1.20206 -4.03991 7.25686 2.43339 373
4.67683 -45.7079 -12.6341 0.838254 -0.631753 -0.350147 374
3.89658 -3.52131 -2.62121 0.150661 2.28684 3.30922 375
9.47946 14.392 -0.503907 -1.06691 1.01809 1.50206 376
9.70373 2.36106 8.69787 -0.368681 1.49446 0.120633 377
33.0765 -13.2458 54.693 0.716339 -0.175659 1.17306 378
-8.79464 -0.715062 -3.7003 2.16823 -1.51688 1.42391 379
-3.31676 3.82396 -0.31231 -4.2507 1.25872 -0.396992 380
2283.07 -3626.93 3553.49 81.5943 -129.624 126.999 381
-2415.77 -575.329 876.028 -90.0113 -21.4367 32.6415 382
-1.57096 -3.34608 -0.113708 2.97054 -4.59868 1.40654 383
25.2946 -22.8316 19.3207 0.667128 0.501745 0.350242 384
2.47722 -7.02279 9.07502 1.09479 -0.187332 1.06281 385
-122.01 13.5476 -125.804 -4.44513 0.468036 -4.6026 386
12.5798 1.61808 1.94257 -0.870356 1.24461 -0.0993306 387
3.9522 -2.0979 -6.37908 1.78967 0.802972 1.84176 388
25.5009 -0.577704 -15.6471 0.675639 0.283486 -0.41635 389
9.44485 101.615 -270.013 0.304984 3.30312 -8.74015 390
49.7555 5.47435 40.5661 0.877588 0.48086 0.968699 391
-5.54609 5.98921 -0.37064 -2.62294 -2.06709 0.072392 392
2.73797 -0.639864 -0.209527 2.45236 4.7763 -0.613882 393
-4.82514 0.307421 1.50457 -0.475461 -2.45988 2.84747 394
9.91665 1.71164 4.71527 0.244072 2.62504 -0.922535 395
-0.386514 7.50146 -1.0665 -2.69651 -1.41131 0.994006 396
-5.56627 -3.30981 -1.10945 0.146304 -3.30599 -1.2595 397
-5.42969 19.5574 -30.462 -0.308297 0.350914 -0.659974 398
2.89042 -7.23484 -0.855228 1.41744 2.68808 0.61984 399
-3.38781 -2.69924 -2.71085 0.976716 -2.36983 -2.39013 400
32.4143 22.1905 -12.6771 -0.126932 1.17919 -0.364475 401
-3244.15 -163.825 30.611 -123.756 -6.25027 1.16705 402
-0.953344 -1.36711 -0.480238 7.87826 -2.21736 -1.74842 403
-0.0803438 -3.03931 -0.233087 4.1209 -3.68863 -2.44337 404
-10.4549 7.37859 -2.27527 -1.24281 -2.19818 -0.497604 405
-2787.87 413.719 -176.397 -114.737 17.0254 -7.2593 406
-3.17577 7.81314 -6.47816 -1.51845 -0.358088 -0.382995 407
4.35858 2.51394 -2.0298 -1.98806 2.38924 1.21862 408
0.95628 -3.82351 2.58415 3.37083 1.21312 1.0606 409
-0.166804 3.76057 3.19123 -4.82681 -0.952917 0.269266 410
17.1221 -14.2382 1.64697 2.05699 -1.18633 0.198088 411
1.20985 8.13109 -3.19641 -2.16363 1.17164 1.84001 412
28.9146 -22.2936 23.761 0.379285 -0.100189 0.237645 413
3.25839 3.92478 -1.82677 -2.66367 2.00442 0.530461 414
-11.4876 6.29056 -2.32339 -1.84758 0.0853965 -0.364831 415
-3.3382 -4.2759 -0.314285 3.36179 -1.38665 0.0984315 416
3.454 -19.011 30.1608 0.629199 0.616237 0.662182 417
-21.5441 49.8128 2.37984 -1.21249 0.713597 0.0566058 418
3.70982 38.416 5.09861 -0.911885 0.513377 0.0554985 419
-4.16074 -26.2608 -28.1372 0.859535 -0.185255 -0.480962 420
-8.78431 -0.851142 -20.9325 -0.0105696 -0.399734 -0.10438 421
209.679 653.993 -112.705 7.22918 22.5677 -3.89031 422
3.87504 -1.48644 1.25262 1.84167 3.54504 -1.2546 423
-5.15633 -5.36939 1.53321 1.25246 -2.07716 0.3572 424
5.44751 1.86789 9.7524 -0.120867 0.894985 0.693456 425
245.05 4005.36 355.067 9.10937 148.9 13.1997 426
5.55717 54.5682 7.38432 -0.733141 1.24173 0.293664 427
-10.5626 6.84888 -0.455062 -1.33824 -2.10223 -0.0367721 428
5.08045 0.710756 6.79322 -0.563461 1.2177 -0.854426 429
65.7959 -183.656 108.592 3.41334 -9.46675 5.6104 430
-14.1083 71.5254 -47.4215 -0.487473 2.06187 -1.38861 431
4.26612 -1.59834 -0.86895 4.5564 1.24095 -1.39318 432
14.1624 60.4988 17.7464 0.249033 1.60209 0.467225 433
12.1686 4.05171 -0.502198 -2.25166 0.31214 0.0730936 434
-1.48392 8.0309 -0.966276 -1.36865 -2.62604 0.299461 435
-1.65831 -6.47805 -4.73602 2.15869 -0.473663 0.530134 436
-15.9171 5.37442 7.74953 -0.307998 -0.788994 -0.0418748 437
5.79356 15.1392 6.15385 -1.25879 0.536678 -1.51175 438
5.58824 4.5085 1.78985 -2.50983 1.96313 1.42747 439
367.058 -121.51 -144.659 13.322 -4.39908 -5.25324 440
171.755 244.64 7.7883 5.66207 8.09602 0.258815 441
8.87417 -2.97704 2.73088 1.44209 2.77145 -0.485184 442
-2.74867 6.61583 -2.74149 -1.38357 -2.08488 1.07068 443
-15.4464 3.45236 -4.52152 -0.337291 -1.46646 1.53241 444
13.9702 7.31015 5.42229 -1.21498 1.00433 -0.410616 445
15.244 -2.33929 22.7908 0.0839742 1.13709 -0.326695 446
1.89004 -2.49227 2.08372 4.16534 2.29444 -0.85119 447
6.01225 -0.533173 -6.437 0.063422 1.90885 -0.791261 448
41.251 -23.1689 12.1017 1.04865 0.263274 0.284837 449
-8.54552 -3.71899 -0.466064 1.20252 -2.76632 -0.0177305 450
-4.27299 1.56002 -2.68359 -3.42529 -0.641376 -2.55794 451
-35.0499 -36.1236 -5.60392 -0.128101 -0.874913 -0.101224 452
-25.8854 -41.2453 -17.8479 -1.55225 -2.7382 -1.17782 453
86.2016 -25.6996 29.3916 2.45832 -0.65643 0.835588 454
4.93362 1.30878 3.41105 2.33203 2.09256 2.5294 455
-5.21296 13.2102 -2.90011 -1.62724 -1.44207 0.953535 456
-12.4513 -31.8762 -27.3269 0.597929 -0.508201 -0.601483 457
-36.7986 -41.9312 -18.9819 -0.255397 -1.3007 -0.580182 458
0.0248676 4.55945 -9.0555 -0.781793 -0.28445 2.16911 459
-182.656 -579.469 184.068 -5.85901 -18.6082 5.91292 460
3121.8 484.694 -155.01 102.673 15.9419 -5.09892 461
5.47367 3.0495 -0.869526 -0.698954 3.00119 1.9734 462
6.50049 -4.68542 -9.42632 -0.380306 1.49588 -1.76433 463
4.91262 11.3592 12.2889 -1.63994 0.627677 0.372739 464
-2.11108 -1.29127 1.51268 1.07199 -6.24725 -1.47092 465
-7.42006 -0.227828 -0.179266 -1.64157 -2.14345 -0.118042 466
4.26719 -8.63371 1.07126 -0.151851 2.49984 -0.285487 467
-3.07975 -2.59319 -8.90137 0.373703 -1.26913 1.29405 468
-0.707733 1.99658 0.0371936 -6.83587 4.69492 0.628764 469
33.4469 -259.608 146.359 1.15695 -8.8589 5.00164 470
-7.77427 1.17875 -4.94206 -2.09511 -0.895088 -1.57914 471
1.99807 -8.16012 0.224447 2.66129 2.34683 0.716716 472
1.70796 -6.67447 0.687417 2.82415 0.10365 0.188503 473
-4.86332 4.36461 -8.99415 -1.42078 -1.03031 1.03363 474
355.902 -1241.43 477.664 12.3172 -42.9582 16.531 475
2.63718 -3.44629 3.5582 2.48406 2.10056 0.148014 476
-3412.02 6189.5 -364 -126.186 228.905 -13.4617 477
4.21813 -0.770203 -0.577446 -1.12557 4.09017 -2.26309 478
283.25 91.3967 -30.0424 9.84433 3.1953 -1.04626 479
31.6861 -33.5111 -8.23223 1.26075 0.0341179 -0.331799 480
0.81219 -2.88733 -0.716499 4.47322 -3.23911 -2.77893 481
2.02805 -7.84984 -5.96591 1.93642 0.945089 -1.38775 482
-19.3293 11.8355 17.6717 -0.515808 -0.960313 -0.287117 483
7.40496 -4.03815 2.90228 1.26246 2.47405 0.892537 484
4.00418 7.3681 -3.99939 -2.243 0.663786 1.11958 485
-14.3737 25.3168 -45.4886 -0.480404 -0.0518915 -1.02432 486
21.462 12.7549 -4.09984 -0.9345 -0.195317 0.16104 487
54.6122 -8.53671 -19.3802 1.15881 0.462356 -0.715817 488
-5.45905 -4.29101 -0.982754 2.26177 -1.74992 -1.93298 489
39.1082 1.95255 36.7911 2.00304 0.226472 1.93922 490
6.32325 -5.86539 -3.1595 2.80632 1.60326 0.745936 491
5.98835 -0.675149 0.164829 0.379282 3.71345 0.0602015 492
-2.89761 -1.53586 -2.62448 1.38032 -2.51997 -0.266685 493
3.51417 1.67829 -6.73685 0.0147211 1.21107 -1.86617 494
5.66987 26.9381 -3.76708 -1.46934 0.447678 -0.194305 495
0.72971 -7.79132 5.70984 2.82345 0.616874 0.4494 496
4.713 -0.621919 -0.479705 -2.0739 3.72058 2.06132 497
-1.70768 4.63936 4.58684 -0.773254 -1.92626 -2.96906 498
4.06702 -2.21824 -6.85149 -0.0399853 2.3211 -1.20041 499
-104.804 212.719 116.149 -3.81657 7.77214 4.24724 500
802.432 -4.31673 130.771 26.1599 -0.135529 4.26429 501
-0.24142 1.85738 -0.528013 -3.20401 -6.41549 4.61499 502
9.11533 15.7872 -4.92255 -1.27272 0.773312 -0.0286876 503
3.05412 -3.02642 -8.20484 0.440924 -0.191706 2.50139 504
2.72183 5.15092 3.76764 -1.84043 -0.523249 2.65862 505
44.1336 18.6137 25.6499 0.458036 0.833169 0.86109 506
-20.9441 -10.372 3.66432 0.593341 -0.335846 -0.0644858 507
7.65929 -1.09471 -3.78824 1.04283 2.06035 -0.997346 508
5.7383 -8.8707 -0.321403 2.24801 1.45803 0.0845946 509
-3.33243 4.20573 1.68745 -3.67771 -1.4619 -1.64326 510
1.12407 -2.88908 -1.81693 4.78685 2.1933 -0.302775 511
7.03138 102.524 -199.949 0.21875 3.20758 -6.31069 512
8.97643 -23.1961 -24.6088 0.823973 0.561233 -0.743939 513
6.16821 -11.282 1.96659 1.5329 0.559685 0.090526 514
-26.9012 3.12629 -3.4672 0.0291225 -1.27559 0.0879735 515
4.37245 0.671281 4.53269 -0.296195 2.1534 1.05189 516
18.4637 -7.7997 22.8508 0.0205213 0.747255 -0.365642 517
374.808 109.078 64.357 12.8495 3.75257 2.20812 518
-51.9282 -14.6138 8.6123 -0.814315 -0.891032 0.173412 519
10.4347 -5.28971 -6.41387 0.90773 1.24167 -0.139183 520
-9865.37 -222.564 138.652 -331.57 -7.48028 4.65974 521
-7.34466 11.0374 -0.740166 0.252633 -1.79425 0.153103 522
36.6657 49.3698 -48.0138 0.952756 1.43289 -1.371 523
-1.77736 0.622328 -0.527389 4.06352 -2.57642 6.96057 524
12.4969 -3.32396 -1.484 0.870154 1.96132 -0.233487 525
-12.0232 -1.17084 6.85242 0.0466399 -2.03888 -0.829846 526
0.731634 -2.12637 -1.41943 4.64791 2.81541 -1.95334 527
-0.694034 -3.44475 1.23237 4.92072 -0.422268 0.85236 528
-1.82496 2.73175 0.147387 -2.24793 -4.95888 -0.753424 529
0.212331 -4.70011 -10.7477 0.965353 -0.490959 1.42125 530
3.13913 -0.718781 -4.78531 0.206918 2.76133 -0.443843 531
-447.141 214.11 -324.911 -14.6673 7.01884 -10.6609 532
-9.06558 -9.08785 22.2785 1.04911 -1.19197 0.0806408 533
5.06235 -1.23347 1.93364 -1.72956 2.42608 2.97156 534
9.63264 5.36343 1.03141 0.757516 1.75546 0.25149 535
55.3365 -26.1777 46.1973 1.23746 -0.515893 1.0103 536
27.2052 -4.72243 10.0992 0.182102 1.18671 -0.00501448 537
8.28704 7.74166 7.68524 -1.52583 -0.641541 1.81498 538
-3.64733 -11.1868 8.84319 1.09498 -1.00908 1.25432 539
5.03374 -7.73146 -3.1435 2.85954 1.28406 0.451052 540
-15.5358 -3.87486 -14.0373 0.851301 -0.163904 0.735846 541
7.69817 -0.161677 1.43564 1.07288 2.80512 0.959892 542
1.93264 11.4843 -2.46593 -2.00168 -0.560182 0.502778 543
21.9573 -46.9222 -22.9208 0.976059 -0.575178 -0.846939 544
10.347 -1.21375 -3.9428 0.671763 2.03622 -0.725391 545
369.015 -1185.35 411.877 12.1827 -39.1277 13.5987 546
3.22123 2.36227 6.43649 -0.343554 1.10316 2.5539 547
11.4205 -452.329 203.735 0.473756 -18.4701 8.32373 548
2.48533 -10.1096 -1.12841 1.71301 -0.69412 2.26025 549
-5.65203 41.6136 6.09862 -0.463259 2.036 0.322449 550
1.80183 6.45669 -2.31795 -2.09502 1.38178 -2.06834 551
-5.25817 -8.24917 9.38909 1.15656 -0.0703602 -2.18111 552
-38.8593 -10.1002 20.8684 -0.360046 -0.986667 0.510405 553
0.00797705 -4.09744 -0.130684 2.85274 -1.66667 -3.33498 554
330.551 -641.449 -341.594 11.7367 -22.7672 -12.129 555
4.29579 21.8303 -10.0937 -1.42648 0.116899 0.27563 556
1.76014 3.60681 -3.70353 -1.84146 1.49384 2.31541 557
-4.34107 4.54341 10.8294 -0.547173 -0.581294 1.91071 558
5.78859 -8.01103 -0.692292 0.67475 1.37355 -2.52214 559
-3.0008 -36.9281 7.86711 0.936108 -0.432382 0.117743 560
-1036.35 770.239 -311.061 -33.2619 24.7179 -9.98491 561
184.06 33.9776 -6187.72 6.21009 1.14649 -208.759 562
5.46455 8.38283 -8.14327 -1.27671 0.998107 -0.132547 563
-5.43846 0.558013 -3.98195 -0.80441 -2.46837 1.89953 564
-295.698 -75.5038 87.2271 -9.56018 -2.45777 2.82398 565
15.108 -11.1552 -14.5895 -0.421969 0.664981 0.605202 566
-1.02523 1.54203 -0.340867 -0.512121 -5.97881 5.46025 567
-4.66921 11.4554 -4.07147 -2.22496 -1.04162 0.183851 568
22.9963 -9.05452 13.8796 1.66744 -0.331489 1.00303 569
-6.61206 4.91305 -5.78254 -1.13668 -1.48624 -1.83645 570
4.25929 23.9558 -13.3581 -1.29564 0.269064 0.147395 571
-0.977993 -243.839 153.993 -0.0188388 -8.55831 5.41255 572
-10.1136 -10.1253 -18.4547 0.5461 -0.094887 0.468574 573
-21.6612 16.268 -21.791 -0.652944 -0.819453 -0.377764 574
2.94201 1.39441 -9.21603 -0.36627 1.25121 0.49398 575
3.80767 1.75212 -10.7127 -0.929286 1.79895 -0.0954752 576
265.693 111.89 -165.06 9.56675 4.04326 -5.95335 577
2059.17 154.575 903.951 66.0423 4.9574 28.9901 578
37.3509 44.1746 10.6433 0.270064 1.36969 0.342707 579
16.1888 1.80804 -21.4878 0.27444 0.338624 -0.439978 580
-33.5568 35.0009 -30.5579 -0.699705 0.255753 -1.31977 581
7.30356 1.82315 11.62 -0.191836 0.792774 -0.012568 582
-11.9239 3.57735 -10.023 -0.272527 -0.808249 -0.0594848 583
-6.54185 -1.70888 -8.96175 0.0883444 -1.42416 1.32865 584
7.6121 6.54738 8.00749 -0.96762 1.33266 0.469837 585
-2.31334 7.17265 1.22036 -3.06018 -0.757953 -0.842281 586
-10.0971 35.4413 -33.1231 -0.689339 0.27122 -0.620314 587
-3.25593 -2.44308 3.68827 -0.261389 -1.32381 4.04733 588
26.729 13.0122 0.538116 -0.430528 1.31212 -0.00793228 589
-1.48519 26.276 1.00795 -1.08203 -0.524735 0.0516677 590
4.54224 -6.92697 -0.981378 0.465443 1.21208 -2.87673 591
-8.78061 -2.55259 2.93834 -0.442676 -1.39415 0.292218 592
-21.8608 27.6346 -15.0776 -0.979327 -0.353023 -0.308766 593
4.32165 3.5061 0.340595 -3.25239 2.07538 -0.244712 594
0.683597 2.35156 0.407786 -5.66207 1.85019 -0.710545 595
1.20504 -1.29055 -4.09752 0.478553 5.16327 -0.95198 596
-6.50814 1.59998 -9.46753 -0.435457 -1.36831 1.16117 597
-3.86717 6.96897 5.46154 -1.76286 -1.76328 0.933905 598
0.174909 2.55222 -2.79471 -3.27438 0.945598 1.67294 599
-3379.59 3327.11 -3241.52 -129.063 127.055 -123.793 600
1.02809 5.18399 1.36818 -3.04847 -1.52221 -1.32431 601
-4.0313 7.50315 1.30229 -2.68838 -0.499685 -1.5698 602
-5.71423 3.61661 7.62745 -1.77213 -2.09616 -0.220252 603
-7.47761 -8.55768 3.36238 1.73458 -1.79052 -0.735311 604
6.53474 -20.9043 8.37724 0.0758907 0.875881 -0.304794 605
807.48 692.161 -1.81431 25.3814 21.7616 -0.0569753 606
-12.4058 0.843964 5.27296 -0.0630576 -2.21361 -0.594201 607
-0.300494 7.80696 2.72228 -3.09734 -1.67142 0.98144 608
991.63 -576.07 -146.872 34.7311 -20.1729 -5.14469 609
2209.96 480.913 196.081 73.4442 15.9836 6.51578 610
-10.3962 4.74741 -15.3728 -1.49823 -0.201915 1.21831 611
-261.895 -237.773 59.5478 -9.1815 -8.35459 2.09229 612
-47.9664 229.924 3.52086 -1.71846 8.11736 0.124148 613
-5.71406 11.1198 2.43775 -1.8543 0.30021 0.285462 614
0.309524 -4.54059 -9.45451 0.498322 -0.778023 1.96418 615
13.0115 -9.13589 -10.1082 0.871444 0.492021 1.59181 616
15.4158 101.902 -15.0713 0.489637 3.69521 -0.547463 617
-1.1551 0.0175862 -0.83961 -5.38577 -8.13693 2.44158 618
-36.1547 -14.1331 -12.9481 -0.0821441 -1.06937 -0.330341 619
8.97235 0.104985 -2.06898 0.155237 2.76889 -0.101253 620
-11.5934 3.76718 8.52931 -0.599924 -0.959795 0.146802 621
-3.26139 -7.49555 0.323706 2.00411 -1.98408 -1.70191 622
-33.1126 33.3042 -44.2767 -0.720001 0.59202 -0.888779 623
-3.27694 5.11661 -0.72938 -3.08505 -1.49445 -0.826685 624
-428.169 -1363.2 -42.7159 -13.9853 -44.5368 -1.39568 625
8.30259 -1.44945 -2.21492 0.4713 3.15829 -0.0510954 626
-5.88145 -14.0069 -5.87347 1.80387 0.479157 0.929999 627
-6.14793 4.13767 1.30951 -2.32556 -1.53847 1.26614 628
21.5736 8.01089 -9.32541 1.3268 0.860264 -0.672124 629
-9.50585 6.41667 -0.486225 -1.6996 -1.61153 -1.21615 630
4.14322 4.35831 -3.84209 -0.174883 2.53968 -2.17815 631
282.593 -106.593 -151.151 9.17815 -3.45121 -4.9081 632
-13.9245 9.39668 -5.08946 -0.597954 -1.4314 0.263921 633
690.46 161.429 8.99655 23.0938 5.40561 0.300988 634
5.8948 8.91648 -2.2584 -2.10369 1.13965 -1.22042 635
0.74799 0.349945 -0.356358 -8.35953 9.43718 -1.71473 636
2.11378 4.60074 -1.17774 -1.41072 3.35862 -1.18638 637
-2.90955 6.35465 6.70327 -3.07239 -0.88588 -0.196843 638
-3.2525 145.755 -8.11884 -0.173901 5.81823 -0.324247 639
-2.59497 -2.36565 2.67699 3.29576 -2.15093 1.71735 640
-11.7733 -0.522847 -6.0458 0.0178238 -1.98161 1.10594 641
-1.90637 48.3791 -0.926736 -0.833246 0.823495 -0.044346 642
-3.48236 -7.71763 -4.16537 2.19578 -1.49803 1.1536 643
22.7211 -6.31913 4.12547 -0.977675 0.5714 -0.186956 644
-22.5106 -6.34969 34.025 0.185797 -0.620916 0.39326 645
-7.15692 1.0112 4.4045 -0.611184 -1.83717 0.423783 646
8.92494 2.15565 4.7952 -1.39122 1.36619 2.03427 647
-24.0217 -10.6282 21.9215 0.641944 -0.747293 0.935345 648
-92.0681 -57.3058 18.3288 -3.20945 -2.07275 0.646637 649
-37.3046 16.3754 -32.5948 -0.669713 -0.293876 -0.800952 650
6.19247 6.97129 2.83077 -2.30076 -0.368206 2.26479 651
-49.6238 -17.1427 15.8894 -0.723452 -0.891676 0.341012 652
351.528 -1103.67 104.91 12.2068 -38.3132 3.64266 653
-0.644816 0.345107 0.0701698 -6.46235 -12.8919 -0.442446 654
-1.42413 -14.3253 -2.98607 2.07871 0.164924 -1.04717 655
2.45225 -0.00785254 0.441311 -4.57771 4.44182 -3.22222 656
-1.84218 -0.285013 -15.7601 0.332342 -0.278817 -0.856654 657
9.49155 -7.35141 7.25102 -0.189319 1.77239 1.6112 658
73.8256 -22.8929 7.76193 2.64621 -0.715826 0.275692 659
-1.34162 4.11549 1.18578 -3.63434 2.65802 1.79452 660
-0.714665 7.62333 2.17684 -2.11549 -1.36253 -0.691649 661
4.16296 -1.24991 0.693027 -0.461666 3.47619 -0.633753 662
6.58213 6.1959 0.0764298 0.685871 2.61896 -0.044177 663
65.1055 50.1097 -97.5655 2.16533 1.72265 -3.31091 664
-0.196644 -5.92091 -0.325264 3.46312 0.385384 -1.5659 665
-1.8226 1.48357 -0.0480784 0.431874 -7.12153 2.49733 666
-5.1491 3.2969 1.30004 -2.12117 -3.04186 -0.399452 667
8.44174 -10.6993 -1.22711 1.61169 1.79868 -0.587233 668
-39.3635 -33.7639 7.85453 -0.78293 -0.858978 0.180548 669
-9.31058 4.97966 0.368611 -0.470783 -0.9599 -0.0500179 670
20.9783 7.82095 -10.0476 2.92673 1.41554 -1.49387 671
-4.92808 1.70591 11.5913 -0.184577 -0.834217 -1.27345 672
0.704195 -7.35596 8.37185 0.82889 1.12469 -1.64289 673
10.6172 39.2189 -9.45647 -0.878041 0.885149 -0.463411 674
33.2807 -27.9002 19.3127 1.03975 0.191523 0.564984 675
-559.633 -577.535 135.273 -20.4775 -21.1395 4.95194 676
2.34091 -7.62244 0.150471 3.68317 0.242625 0.104331 677
233.799 243.679 -77.1006 7.32157 7.65185 -2.42014 678
74.2069 -39.9798 -71.5932 3.06438 -1.58618 -2.95784 679
56.8071 -2.33217 140.901 1.90355 -0.057901 4.77671 680
0.647988 -8.04141 -0.817119 2.64899 0.54299 1.31694 681
-5.92729 -10.4867 0.131162 2.06089 -1.21474 -0.686746 682
-7.93119 -2.16558 0.616437 0.555269 -1.28878 0.00977389 683
3.38996 7.35813 -25.6487 -0.244276 0.205299 -0.424823 684
4.85644 3.34104 -1.4287 0.939334 3.64662 -2.0206 685
-125.188 175.439 10.5673 -4.21542 5.86057 0.353258 686
-857.815 -478.8 131.706 -26.6872 -14.8995 4.09847 687
-2.2077 -6.24164 -0.173341 2.58069 -1.52992 -0.0191044 688
6.72236 -105.726 -2.05973 0.273166 -3.25022 -0.0655643 689
6.00819 -1.68885 -2.91421 1.10972 1.87682 2.5273 690
2.88407 6.97536 1.39763 -2.39789 -2.37396 -0.657325 691
-4.27207 9.16341 4.04182 -1.46838 0.495209 -2.33463 692
114.728 -1057.44 -518.436 3.58966 -33.0753 -16.219 693
4.61427 -5.17218 2.53049 0.898393 2.54719 -1.86252 694
-7.37696 -3.21094 -0.534132 0.115418 -3.04158 -0.107069 695
-529.474 -1680.85 44.5711 -18.5773 -58.9838 1.56449 696
-4.6849 2.11714 1.65426 -2.51866 -1.89658 2.26723 697
-6.30125 -2.92521 -8.64192 0.802825 -0.825876 0.95436 698
11.7642 -9.67858 12.4402 0.176892 0.960943 -0.579983 699
150.077 77.4616 -57.1948 4.91449 2.55657 -1.90119 700
283.435 919.603 32.229 10.8309 35.1555 1.23224 701
3.615 -2.08444 -1.43158 0.679999 4.13579 -2.19065 702
-4.86738 0.185957 -0.150192 -0.372389 -4.16254 0.008883 703
597.666 37.5577 -6.80359 19.8551 1.25417 -0.225511 704
3.02259 1.23665 -0.0849647 0.530894 3.15698 -3.92852 705
-5.90954 0.45658 -6.97979 -0.560599 -1.33745 -1.18843 706
-4.15506 0.974595 7.10396 1.53441 -2.81837 0.995993 707
-3.68747 1.3665 -4.40639 -0.40529 -2.5798 -1.6564 708
-11.5615 -8.39603 -14.1651 0.153492 -1.44649 1.10752 709
-1.4291 -2.39387 0.0783505 2.13232 -5.07502 2.92 710
5.79626 -13.3814 2.51826 1.79333 1.05962 1.01082 711
-5.61697 0.562666 2.93149 0.915066 -2.50071 2.36916 712
9.83957 -33.0884 -6.13538 0.945804 0.133251 -0.033583 713
127.436 -7.60205 136.945 3.97267 -0.212087 4.28539 714
32.7026 -40.2916 16.1992 1.18136 -0.322689 0.486762 715
-9.03714 9.91441 -1.19582 -1.01247 -1.80653 -1.43315 716
3.57397 -0.95017 0.185883 1.25898 3.80089 0.160825 717
-39.0034 -44.9134 -12.3188 -0.311155 -1.41495 -0.688187 718
-972.419 3670.93 -530.575 -30.6171 115.58 -16.7053 719
-3.04517 1.53251 1.66535 -2.71944 -2.38707 -2.91737 720
-5.52366 -3.99417 -8.5748 0.167054 -1.22529 -1.31468 721
10.2054 -27.297 -1195.89 0.330665 -0.884145 -38.728 722
-3871.57 -177.77 124.217 -125.874 -5.78088 4.04033 723
-31.878 -49.6219 11.2206 -0.0961162 -1.46614 0.421253 724
-0.756381 -2.16365 -0.0287844 5.6431 0.261174 2.35688 725
6.64083 0.876528 4.04644 -1.22486 1.76556 -2.23022 726
103.608 -76.7896 58.8318 3.30398 -2.39363 1.86814 727
-7.11952 55.4338 -9.82194 -0.737654 1.00453 -0.24654 728
379.744 -594.022 -277.713 12.899 -20.1715 -9.43545 729
3.7501 6.13019 -0.0723098 -3.53057 -0.599208 -0.00381317 730
3.71553 -9.97275 2.03866 2.76575 0.971246 -0.0392124 731
0.632461 13.1692 23.5782 -1.15111 0.451257 -0.408484 732
-84.364 119.622 -36.8938 -3.18751 4.44785 -1.38624 733
-19.3931 27.7614 -26.0764 -0.664712 -0.32495 -1.00257 734
16.0567 -35.5163 1.08629 0.274707 -0.0851039 0.00250113 735
-782.317 140.599 11.9119 -25.5431 4.58727 0.389353 736
30.3106 22.1605 -6.30446 -0.300979 0.784885 -0.0542245 737
18.1968 18.8344 -0.296715 -1.1003 0.753313 0.0704365 738
5.2397 -3.35294 -0.721006 2.99839 1.88325 -1.09649 739
8.52603 -29.6309 -19.4963 1.01757 -2.86585 -1.97179 740
-0.148219 0.58405 -0.315025 -7.68933 -12.0925 -4.60826 741
-2127.87 1388.21 2619.39 -65.8 42.9287 81.0002 742
-170.217 -1784.9 -57.6419 -5.77606 -60.5416 -1.95642 743
-14.905 -21.7125 -50.7635 0.0932523 -0.141398 -1.13874 744
8.91906 -2.04198 -5.82024 -0.397625 2.78134 -0.956769 745
7.18276 4.93249 9.47727 -0.87132 0.523446 2.0914 746
-205.173 279.548 93.1867 -6.40796 8.70768 2.90733 747
-45.4957 -13.6369 -0.557588 -0.608571 -1.24097 -0.0185373 748
-1.62527 -11.0906 0.411936 2.57662 -0.847435 -0.0209842 749
4.20035 0.874557 0.155567 0.89053 4.99569 0.204905 750
-225.579 60.6483 -303.865 -7.3026 1.96109 -9.82082 751
4.86969 -2.24126 3.04886 1.27264 0.817173 3.45577 752
-102.088 40.5885 14.5751 -2.96987 1.11627 0.422363 753
-8.26815 1.34261 2.52705 0.944575 -1.98402 -0.51919 754
1.37118 4.82146 4.66742 -0.247918 2.91375 -2.16335 755
139.749 -62.6113 -150.554 4.49176 -1.9869 -4.84473 756
3.87414 0.994853 6.7438 0.798982 0.455828 3.9625 757
-2.26454 4.22089 1.95351 -2.517 -1.13758 0.0908934 758
-53.989 -14.6807 7.96434 -0.970334 -1.1308 0.433708 759
10.6099 7.46571 -0.0622158 0.919759 1.61541 -0.0233236 760
19.3471 -561.912 143.712 0.681683 -19.588 5.01234 761
12.4555 2.36428 1.54579 -0.974171 2.10367 -0.298392 762
9.35768 -0.754873 3.55894 2.3236 1.16284 1.16987 763
-2.22253 3.20257 -3.35299 -1.84212 -1.02978 -0.468859 764
-0.805672 0.72288 -1.0281 -4.0737 -8.31754 -1.02534 765
-9.52101 3.48042 17.1262 -0.253251 -1.36681 0.431379 766
-4.89521 3.97215 0.115497 2.22551 -3.68153 0.0249058 767
4.35651 1.485 1.12278 0.150651 3.60878 1.15339 768
-2.94166 3.07946 2.09699 -2.06418 -3.62071 1.53342 769
0.952505 16.5798 8.24839 -0.601034 0.384381 0.23113 770
-6.07377 15.7782 -8.69158 -1.32004 -0.569919 0.11842 771
0.862751 -17.3536 2.66116 0.654079 0.263957 -0.035919 772
-1.77506 2.54909 1.54723 -2.38984 -2.57948 -0.475237 773
-19.4022 -33.8086 -9.11308 0.549379 -0.789692 -0.104852 774
-652.598 -524.975 252.492 -21.6987 -17.4598 8.39707 775
-14.9144 0.523336 -2.96628 -0.0582284 -1.12193 2.00934 776
5.82997 -14.8536 -0.0354926 2.10216 0.610611 0.126598 777
-4.0241 6.69662 4.54219 -1.88638 -1.15025 0.207436 778
5.06904 -5.06376 -4.8446 2.88846 -1.53232 -2.55727 779
5.1318 17.9793 -0.034985 -0.840952 -1.40817 0.00574819 780
2.57804 -2.32832 -3.79286 1.75901 1.15017 -1.31708 781
19.1343 -3.95413 11.1703 0.0889681 1.44854 -0.556925 782
-4.35461 -2.3026 -2.68158 -1.12675 -2.83307 2.74225 783
2.76113 -19.6899 -2.99008 1.37414 0.106224 0.0270241 784
-98.5325 348.364 48.8772 -3.44677 12.1351 1.70389 785
-26.0064 -1.21711 -10.1456 0.0260803 -1.47226 -0.269571 786
-17.283 19.6506 -3.89182 -0.837539 -1.00815 0.11755 787
-4.01524 -192.5 -30.7982 -0.0997998 -6.25226 -1.0032 788
-10.9688 -9.77286 -23.9836 0.640633 -0.783922 0.445225 789
735.591 -654.223 468.213 24.754 -22.0129 15.7578 790
-1337.72 165.886 -242.57 -43.7426 5.42143 -7.93318 791
-598.362 493.3 -226.015 -19.2593 15.8717 -7.27568 792
3.92951 9.84019 -3.97477 -2.2672 0.978509 0.0558474 793
0.470392 5.50808 1.94118 -1.35922 -1.09261 -3.63707 794
-740.178 -162.532 -211.859 -24.4601 -5.37632 -7.0033 795
7.61923 5.36557 -7.08357 -1.26884 0.888027 0.946332 796
11.2454 1.13372 -4.58619 0.213383 1.8745 -0.38018 797
-1.96895 -12.758 -4.76571 0.631693 0.853754 -2.23777 798
5567.94 270.87 -147.613 177.789 8.6481 -4.71348 799
-44.8149 104.85 -80.3239 -1.75688 4.00592 -3.09328 800
951.783 -404.098 -67.2831 30.4718 -12.933 -2.15481 801
-11.7552 5.25808 -3.16671 -1.33437 -1.02739 -0.320101 802
-11.1201 11.594 -1.81247 -1.78878 -1.12558 -0.191509 803
63.7954 -8.30643 -20.2073 1.40824 0.209743 -0.495097 804
14.0815 4.93377 -6.57041 0.263846 1.71864 1.466 805
0.554585 -6.41912 2.09891 1.41713 -0.106718 3.09984 806
-3.80187 4.61868 -0.116614 -2.10109 -2.40584 1.67445 807
-2.98308 37.3707 35.7949 -0.243347 0.174938 1.37066 808
11.4613 12.3394 -10.2413 0.0486461 0.83165 -0.4273 809
3.27611 -8.73561 6.53061 2.34603 -0.34892 -1.34326 810
16.5495 -9.6666 -44.5998 0.367534 -0.0304924 -0.838387 811
-1.45649 -9.3278 4.72783 1.90201 -0.919413 1.28606 812
1.01872 -6.85909 3.16879 1.64095 0.985808 -0.495986 813
2.08419 12.9757 -6.94782 -1.83756 -0.0822813 0.670799 814
-37.2305 35.1676 20.4252 -1.24125 0.121876 0.807945 815
-13.7564 -8.0515 -1.16781 1.09808 -1.81881 0.726331 816
-11.4347 -11.1964 -4.74008 1.27418 -1.186 0.180746 817
5.39497 -0.779322 -0.945233 -0.709233 3.41722 0.798991 818
-37.7355 -16.8203 -7.50681 -0.169521 -1.33837 -0.346852 819
13.0746 -27.6153 17.0426 0.966258 0.304022 0.18281 820
5.15484 5.47172 -0.347796 -2.44931 1.98548 -0.736356 821
516.559 4431.51 -143.182 20.0702 172.187 -5.56332 822
-10.0148 -24.0716 8.4925 -0.512946 -2.01032 0.685161 823
5.19167 9.91933 11.5667 -1.40043 0.939758 -0.672198 824
7.27086 -10.859 -20.5225 1.24835 0.044551 0.749463 825
38.4201 -1.235 18.774 0.414509 0.787469 0.402664 826
3.59803 1.87014 0.29762 -1.42141 3.98557 -1.75241 827
5.44341 -11.9156 3.39073 1.54729 1.3711 -0.730617 828
-1115.45 -213.371 -517.591 -36.7458 -7.03179 -17.0513 829
-0.386176 11.4211 2.23883 -1.50609 -1.8896 -0.608258 830
-819.551 3484.9 29.5059 -27.8156 118.27 1.00127 831
-8.33423 -50.1187 15.2878 0.639961 -1.10223 0.699432 832
-2.23523 0.430381 0.686438 -4.57795 -1.31306 5.91823 833
0.534607 6.15219 0.806325 -3.71576 0.43138 -0.305604 834
44.8669 -25.647 31.8925 1.117 -0.00062546 0.953744 835
-8.83836 -4.08884 -8.49023 0.461194 -1.25095 1.84055 836
-3.15191 -2.98357 -0.0778849 2.49054 -2.40747 -2.7205 837
-46.383 -6.39077 113.324 -1.68542 -0.256034 4.23819 838
85.8644 -57.9325 51.3147 2.90811 -1.89214 1.72787 839
6.07251 6.47209 -5.43681 -1.65233 1.21857 0.927578 840
-317.54 75.8778 56.1981 -10.3241 2.45093 1.82857 841
1.82608 7.69672 -6.33157 -1.86112 1.17526 1.50849 842
1.0675 0.70774 -0.0805554 -9.35052 4.907 -0.794288 843
14.9602 -4.02131 -1.87633 0.112993 2.06817 0.878801 844
0.431488 11.2658 -2.01714 -1.28882 0.510146 -0.112591 845
-21.7039 -47.3124 20.4961 0.190446 -1.13013 0.677641 846
-10.912 -1.28077 0.767155 -0.0447389 -1.94125 1.92237 847
8.26178 3.92513 0.0200882 -0.861541 2.75049 0.149229 848
2.44201 -4.7679 1.4895 3.53296 0.967623 -1.45444 849
832.289 153.972 -211.587 30.633 5.67153 -7.78974 850
22.4632 16.9579 54.8794 0.567591 0.558276 1.60127 851
-10.7256 12.3052 -0.567772 -0.489631 -1.59128 0.081761 852
-6.52338 15.4163 -0.331264 -1.97969 -0.379834 -0.0754422 853
-0.583048 15.7835 -5.78557 -0.788701 0.618328 -0.307338 854
-10.1407 -4.18559 -0.4673 0.949394 -1.0676 0.0581949 855
-0.862771 4.22855 0.584846 -1.42944 -4.97241 -0.722976 856
-1.24878 -2.91972 -6.14378 1.85315 -0.468578 -0.824716 857
-1.06996 4.4364 -0.584734 -3.50631 -0.641066 -0.0836104 858
-4.79949 0.409273 0.18244 -0.225954 -4.0725 0.429418 859
25.2829 -0.422491 27.0807 -0.171109 0.850356 0.645696 860
-12.1883 38.3852 12.364 -0.350567 0.532138 0.189129 861
-18.6849 -18.5633 -17.0695 0.954623 -0.819645 -0.703392 862
-36.2404 -45.4177 -21.0262 -0.240354 -1.34831 -0.840022 863
7.16668 -2.97268 -6.33636 1.00584 2.26607 -0.0803357 864
5.65344 3.74224 5.94855 -2.10769 0.285418 1.96002 865
-21.2054 24.5441 7.21163 -0.998971 -0.600263 0.16867 866
8.97166 3.27642 -10.9928 -0.608591 0.786613 0.511818 867
10.1901 6.09374 0.471356 -1.07128 2.25341 -0.478331 868
8.18874 -5.86732 -9.10511 0.219798 1.12416 0.634639 869
-3.6761 12.2299 6.74203 -1.58778 3.62763 2.21161 870
6.21306 -5.36775 4.00818 0.952129 2.01012 1.82793 871
29.4337 35.9147 32.0771 0.61434 0.96669 0.809748 872
3.04377 3.16309 9.99433 -0.529392 0.119377 -2.69095 873
-1.16896 4.1494 -5.46048 -0.610901 -3.42508 -1.7211 874
-1035.14 -434.965 -553.716 -42.4688 -17.8484 -22.7187 875
-10.4977 0.464622 -7.47294 -0.329773 -1.54947 -0.799995 876
5.73267 -56.8942 13.804 0.638025 -1.05861 0.335314 877
-972.58 227.504 -95.2162 -34.234 8.00365 -3.35227 878
-459.79 -63.4686 -384.193 -15.2633 -2.11146 -12.7609 879
-1.51149 0.639879 4.24038 -4.22025 -0.0188434 -1.31898 880
-11.094 10.5722 -0.492503 -1.34835 -1.79654 -0.315661 881
-6.38869 3.07995 -1.30939 -1.25721 -2.52994 0.0277813 882
7.97148 -4.84983 0.249733 0.726184 2.96656 0.311488 883
7.3826 3.67577 6.31514 -0.907301 2.01221 -0.628807 884
3.72369 -2.28571 -0.675155 1.46585 3.61421 0.666286 885
5.06163 14.4917 0.854155 -1.39821 0.446583 -1.75432 886
6.49703 2.60057 4.23059 0.616042 1.93265 1.2746 887
-4.95763 -1.34225 -4.69267 0.43852 -1.93165 -2.07174 888
3.66025 4.81737 2.58152 -3.20681 -1.34012 -2.1409 889
11.9293 5.6363 2.08385 0.432245 1.68558 0.272919 890
-0.608923 6.09126 1.15563 -4.17354 -0.00556833 -0.259945 891
-7.566 8.41955 3.18457 -1.85884 -1.45163 0.658686 892
-1526.02 -49.7874 392.632 -50.7866 -1.65776 13.0696 893
-2.05788 0.762051 -0.0147613 -5.45955 -4.10966 1.36607 894
430.017 -16511.4 197.913 15.1669 -582.318 6.98034 895
-0.89076 2.00004 -12.7806 -0.920302 -1.31492 -0.292859 896
2490.93 658.527 322.21 94.2342 24.9138 12.19 897
-0.197142 4.05735 -1.46175 -3.11761 2.07144 -2.14261 898
-8.03271 1.64648 0.810382 -0.57237 -2.78354 0.092788 899
265.827 -0.512415 125.607 8.87714 -0.000696849 4.20037 900
6.56183 -1.01541 4.62986 1.32883 0.392695 -2.71695 901
-1.31928 -22.4129 27.616 0.938771 -0.0771606 0.224084 902
-1.14421 0.501433 0.37111 3.00411 -8.57684 4.53381 903
-6.70616 -52.9628 -9.94202 0.766394 -1.18834 -0.600254 904
38.464 -77.3169 53.7586 1.47772 -2.82647 1.99806 905
2.32761 -5.60853 -0.670232 3.52179 1.97189 -0.47359 906
-4.61603 3.68472 -3.71403 -1.05386 -3.5499 -1.1174 907
0.988305 5.20791 -1.34053 -3.2843 0.740275 -0.119907 908
-0.941535 52.1315 40.2833 -0.142757 1.45383 1.1434 909
-9.42049 -3.78332 0.150898 -0.331282 -1.9102 0.0714194 910
4.48603 -4.80055 -5.70516 0.880453 1.55516 1.38798 911
-41.9325 23.509 -42.3804 -0.931944 0.0652345 -1.09644 912
-521.994 -362.693 -1321.8 -18.0171 -12.5185 -45.6267 913
182.031 292.036 126.348 5.98784 9.63152 4.16731 914
6.60522 -4.74835 -4.58509 0.648651 1.05797 -2.59306 915
-2.91884 -2.11198 6.25791 2.99602 -2.20517 0.591387 916
2.15834 1.38075 0.896934 0.916628 5.11526 -3.5793 917
-825.709 -398.548 30.0649 -29.5053 -14.2464 1.07423 918
42.2999 7.41836 12.3942 0.455386 0.918784 0.378438 919
96.6143 135.233 -92.819 3.76875 5.32523 -3.65391 920
-0.791047 -4.5339 6.3428 1.07686 1.22729 -2.67464 921
5.47553 7.1799 4.25376 -0.94476 1.56179 0.705362 922
5664.57 -6166.12 -939.893 212.793 -231.639 -35.3059 923
-5.20343 -18.7231 11.5604 0.704255 0.200389 -0.263347 924
43.2508 -110.028 79.7978 1.41457 -3.48765 2.55056 925
220.926 138.717 15.325 8.21492 5.18292 0.571705 926
-5.91783 -8.74615 2.27433 2.15555 -1.29558 -0.230105 927
10.2952 1.11185 4.72355 -0.839353 1.60639 -0.63848 928
205.311 -45.0607 -36.9827 6.94431 -1.49591 -1.25131 929
566.655 -781.809 51.3365 17.8342 -24.5984 1.61558 930
-234.057 2485.9 89.4541 -7.82763 83.124 2.99177 931
-1.54885 -36.1228 -10.4846 1.02704 -0.417322 -0.22358 932
8.74811 22.5003 1.4088 -1.46616 0.305119 -0.0763019 933
-1.05087 1.40088 9.75236 0.467451 -2.42278 0.594009 934
-46.4357 25.4321 11.6441 -1.09641 -0.0603921 0.278278 935
-1.95902 -9.72608 3.03477 1.25198 1.60588 2.33598 936
-4.1075 15.1234 -0.569646 -1.98105 -0.78941 0.673458 937
-6.5133 -26.8257 23.334 -0.217439 -1.81543 1.59695 938
44.7007 -36.5523 -2.7464 1.42962 -0.203475 -0.141146 939
-5.23795 1.24715 0.134339 -1.09676 -3.62251 0.788207 940
31.7525 390.882 148.061 1.30567 16.1926 6.13776 941
-1100.04 491.371 31.3378 -41.3915 18.4852 1.1797 942
2.09226 -14.3499 -17.6797 1.23985 1.14888 -0.809712 943
-8.92109 0.722709 2.22443 -0.20896 -2.47624 1.43447 944
3.06295 -8.571 -0.976982 2.83322 0.979806 0.0277729 945
-5.9192 -5.89376 0.331276 3.10572 -1.33584 0.132163 946
-5.54889 -15.0617 5.40342 0.707617 -0.210691 -0.00920097 947
1.99622 1.2465 -1.2923 -0.0109885 6.61831 2.11298 948
-11.302 -12.7482 3.97992 1.80622 -0.434977 -0.6349 949
168.002 2.86209 -50.8971 5.67677 0.130958 -1.7257 950
1.71822 -0.42023 -1.56122 0.519691 6.57782 -1.12017 951
16.8131 8.18492 1.20338 -0.963334 1.72421 -0.121773 952
0.575771 -8.72423 -1.24067 2.86521 0.0672809 -0.133494 953
5.6209 2.41506 -11.9333 -0.511001 1.29429 0.287509 954
-8.1985 -2.63942 0.128055 1.02301 -3.08527 -0.0231567 955
-3.74313 -19.4188 -8.74386 1.67956 -0.346109 0.363522 956
-5.84358 -11.5428 -3.45492 1.75376 -0.719928 0.160611 957
-385.098 -17.0488 -37.9082 -12.1626 -0.551231 -1.19937 958
1.64574 -4.43287 -1.03789 3.74355 1.31293 0.560549 959
-6.62085 -9.44792 -1.07384 0.743506 -2.05412 -0.340892 960
3.22473 -4.58973 -1.52048 2.4093 -0.0147797 -0.582861 961
2.52521 -21.4057 -2.67737 0.522572 -0.326799 -0.0597516 962
-22.0259 1.6463 41.0321 -0.261416 -0.145035 0.510084 963
2.04513 26.2176 -7.96453 -0.419152 -0.120998 0.0621061 964
-2.54537 -8.58461 -4.77405 2.00602 -0.4053 0.196396 965
-6.80661 -7.89059 -1.18516 0.447858 -1.77994 -0.147968 966
727.758 490.648 317.009 23.1871 15.6369 10.1036 967
-237.204 550.922 39.9423 -10.2148 23.7274 1.71616 968
-20.5075 12.2769 8.28368 -0.405251 -1.25507 -0.245384 969
-18.4747 21.2704 13.4798 -0.949597 -0.87209 0.660613 970
-43.9256 -23.4805 -25.7708 -0.434963 -0.895059 -1.05888 971
-25.5951 46.4539 -2.41443 -0.707368 0.955058 -0.0614448 972
6.75707 -0.558694 -13.6239 -0.725731 1.12375 -1.06974 973
10.0786 -4.80046 -5.42469 0.827482 1.55559 -0.087834 974
-3800.27 873.895 -144.087 -133.796 30.765 -5.0731 975
5.97524 -1.64492 -6.39541 1.17022 0.892109 -1.52816 976
-830.536 1655.09 -279.025 -33.3417 66.4378 -11.2017 977
-0.693733 -7.54882 2.09738 1.98539 -0.427024 -2.36682 978
-17.8958 -20.2494 25.754 0.776179 -0.484204 0.933952 979
-8.16387 8.64183 2.12496 -1.07893 -0.224997 0.0924578 980
-16.2054 -0.224286 1.79477 -0.793752 -0.835324 0.133842 981
22.3836 -9.38021 28.7866 0.830563 -0.11419 1.021 982
-4.62735 -5.2237 -2.16686 2.27763 -2.16522 0.585912 983
-1.77598 6.33571 0.994517 -2.63057 -2.54728 1.65334 984
32.2673 4.32163 3.05932 -0.407795 0.173862 -0.0426343 985
-2054.38 41.4042 -36.8658 -69.2715 1.39563 -1.24158 986
-4844.26 -15588 17380.6 -178.102 -573.113 639.023 987
0.472621 4.02246 0.034444 -4.47377 0.736048 0.000686991 988
40.8293 -36.3727 10.3761 1.34656 -0.198664 0.2643 989
-260.432 144.977 -2.877 -9.57622 5.31047 -0.105302 990
0.18956 -8.95807 -5.10241 1.23272 -0.517416 -0.353696 991
-3.4006 0.940135 -11.1404 -2.10408 -1.69094 0.316255 992
11.782 22.1852 -7.84643 -1.18543 0.180546 0.207747 993
7.06414 3.77646 -5.69806 -0.11336 2.27102 1.58512 994
-0.97242 -6.20257 0.889923 1.80442 -1.57899 0.257079 995
-7.31479 4.04611 -8.84207 -0.669947 -1.19995 -1.50829 996
24.5322 20.2002 25.5278 0.273317 0.452203 0.404589 997
-183.627 -15.3234 -173.295 -5.80381 -0.500637 -5.4905 998
47.8687 7.33695 -33.7259 0.667139 0.557083 -1.12264 999
-141.743 161.237 0 -4.28906 4.77891 0 1000
