-28.7177 9.97641 9.09871 -85.7443 33.7693 -1.44252
-25.1137 14.1132 -7.21142 -88.5745 -103.438 42.6394
-24.5188 4.71114 -7.3903 -53.8136 -98.5352 -16.6295
-23.2822 -11.7761 -4.67033 -60.3732 -86.2709 34.7985
-20.8329 -16.1479 7.71373 2.72183 -38.0855 8.99801
-20.5515 -0.813103 0.940787 -24.2509 -60.4028 -76.0908
-20.4753 -1.31654 -2.51283 -40.577 -6.66876 22.5219
-20.243 -0.627642 0.565459 -36.1938 -90.247 -27.003
-19.9516 -8.91228 -2.70896 -33.1774 -193.536 -34.285
-19.906 -0.571671 0.868716 -30.0261 -93.2003 -59.979
-19.7443 -7.08354 -0.275491 -18.9216 -49.5428 24.7967
-19.9047 2.86525 0.83602 -39.0163 -6.43662 -65.4909
-19.6422 -4.6846 -0.251504 -26.1975 -51.9927 40.0711
-19.8381 7.69618 0.866228 -56.732 -36.3852 -16.9385
-19.7561 4.2821 -0.354892 -50.6293 -63.2341 25.7944
-19.6783 2.37138 0.134436 -43.1687 -112.951 -21.6367
-19.3415 -4.46054 0.959143 -19.8664 -65.8993 -89.2643
-19.4295 -0.696949 0.111243 -32.4076 -76.6227 -27.9878
-19.137 -6.6263 0.238228 -14.1547 -73.0011 -31.9229
-19.4148 1.80415 0.262966 -42.1418 -54.3678 -35.2431
-19.3566 5.52721 -0.37482 -50.9408 -39.0429 -77.4765
-18.8237 -2.30263 -1.54396 -13.1651 -111.127 66.5109
-19.0205 -0.79731 -0.0595348 -37.4657 -62.9101 37.684
-18.8261 -4.00086 0.827635 -18.955 -105.657 -86.5955
-18.777 -4.23085 -0.416696 -19.5593 -48.005 45.2271
-18.6382 -3.28167 1.47801 -12.3973 -138.208 -113.236
-19.0942 5.70292 -3.98488 -57.7994 -31.3734 17.6331
-18.5715 -7.40395 0.703322 -8.50755 -69.2242 -87.6571
-18.6415 7.49801 2.791 -16.2484 21.1117 37.5324
-18.6654 9.49083 -2.1405 -21.5852 -137.308 -19.9128
-19.0347 -0.983435 2.66103 -63.3426 -46.292 -32.7873
-19.0698 -2.06198 1.2912 -67.2761 -178.902 110.895
-18.1816 -5.57793 -0.169201 17.6743 -134.064 11.9469
-18.6557 -0.740587 -0.362356 -34.494 -65.9602 69.3398
-18.5212 -22.0766 5.52044 -22.1328 -133.708 92.1387
-18.5921 -5.082 -0.00421914 -29.3427 1.69208 56.6799
-18.5994 -1.05161 0.384434 -32.2893 -32.446 -56.4399
-18.792 5.53404 -0.475327 -53.4212 -54.792 -63.5537
-18.5564 -4.65154 0.226657 -31.2766 -26.7283 -11.6086
-18.5502 0.405206 0.296579 -32.5154 -104.9 -87.5292
-17.6228 -5.92187 -1.42596 53.3477 -29.3305 -76.4066
-18.4447 1.50147 -0.363458 -37.8097 -54.7785 25.0113
-18.2936 -6.89487 0.0205948 -32.896 -146.186 104.926
-18.3648 3.9309 -0.953879 -45.9843 -53.6836 90.521
-17.9407 -9.52959 -0.624017 -13.7384 -53.1717 104.901
-17.8352 -4.92407 0.102664 -3.73881 -95.1912 -21.8407
-17.6275 0.585057 0.142656 13.6455 -203.651 21.3968
-17.8901 -5.78932 2.31136 -15.1002 -73.0653 44.3537
-18.0418 0.907688 -1.74846 -31.2424 -40.9288 -5.28273
-18.1214 5.66056 0.787622 -39.3791 -6.75279 -7.48607
-18.2525 3.8649 -0.494238 -55.2649 -135.163 74.6087
-17.8792 -7.31433 -0.687275 -19.2988 -51.5633 61.0283
-18.2468 10.3243 0.326569 -55.8886 -16.8595 -22.5423
-18.2793 13.2417 -0.108507 -59.5996 -43.5482 -28.3739
-18.1598 4.14698 0.825988 -47.9031 -80.362 -99.161
-17.9026 6.09292 -1.13548 -24.9713 -8.69961 -126.882
-18.3138 7.99971 -0.770452 -67.7254 -76.7442 46.6051
-18.0531 5.24893 2.3359 -43.8405 -31.5964 -47.5709
-17.9816 3.49003 0.71817 -37.2813 -15.7105 -87.4986
-17.8818 -0.618056 0.340746 -28.2362 -72.8975 -51.1639
-17.5929 -5.84854 -0.329604 -1.79619 -88.7767 29.1887
-17.3115 1.62357 -2.08803 25.4747 19.5681 -67.1079
-18.0331 10.0137 -0.0447338 -47.4043 -6.85379 -7.57553
-17.7124 -3.93294 0.541106 -17.1257 -76.2679 -45.7902
-17.7443 -0.54411 0.229101 -27.7097 -79.4656 4.69343
-18.0226 7.18662 -0.898317 -57.7856 -56.04 -23.407
-17.6448 -11.0526 -0.563908 -20.4169 -42.1664 0.90395
-17.6731 -5.65155 -0.765354 -23.8192 -46.4872 44.8251
-17.992 9.00327 0.20061 -56.4122 -31.2039 1.33162
-16.8212 -10.5259 -0.290925 58.6128 -77.3197 9.26105
-17.4673 -8.68792 -1.84631 -6.95753 -177.073 18.7536
-17.0527 -9.58364 -0.724096 29.7839 -126.061 21.5147
-17.4448 -5.08162 -2.58733 -9.23301 -66.3136 -11.09
-17.1881 -6.33251 -1.11001 14.4002 -109.89 106.789
-17.7607 8.81422 0.896617 -52.9884 -24.2533 -73.2092
-17.8991 9.48539 3.51209 -68.2685 -50.7219 4.07025
-17.6233 7.16075 -1.25734 -44.964 -31.5362 -72.5875
-17.4428 -3.91907 0.106145 -27.2721 -75.9369 -12.9962
-17.097 -0.554337 0.529438 -7.35124 -76.9262 -40.3542
-17.589 1.81422 1.23793 -59.0447 -62.5993 -26.4277
-16.8916 -8.44089 0.378175 9.49675 -94.2837 -4.65596
-17.6083 10.8144 -0.518572 -62.7229 -27.2617 2.45103
-17.404 4.9507 -1.65184 -44.4771 -33.4273 70.6172
-16.9106 -5.60877 0.148561 0.775894 -85.7675 -21.5607
-17.5407 5.79906 -2.33185 -74.6631 -39.6422 -16.0766
-16.7737 -10.4186 -0.669041 1.51081 -69.5041 33.4034
-17.3068 4.36977 -0.26796 -54.3206 -165.244 -8.72302
-16.9487 -10.6327 -0.466368 -18.8055 -38.2623 -7.13527
-16.7246 -10.1434 0.0104903 2.58965 -70.4508 -19.0653
-16.6717 -2.76803 0.180977 7.13983 -165.314 -8.23349
-17.423 6.52089 0.316217 -70.6426 -88.0196 38.7739
-17.2139 -1.68767 -2.83541 -51.5887 26.7622 0.155289
-17.3198 7.49897 0.0167274 -62.1177 -66.2246 -35.371
-16.9933 -0.304783 0.99659 -33.9169 -99.6958 -78.2672
-16.9883 5.66177 0.801268 -39.2641 -41.2736 23.4162
-17.0751 3.81813 0.603635 -48.0514 -148.547 -43.9143
-16.9321 1.4779 1.07678 -34.2485 -37.3915 -121.093
-16.3528 -5.7744 -0.147665 20.3593 -128.371 4.77622
-17.0499 9.05021 -0.133028 -52.8336 -26.2144 -66.0237
-16.847 1.93006 -0.617962 -34.853 -86.1596 59.6517
-16.6566 -1.75215 1.36841 -21.789 -80.0219 -171.888
-16.898 3.37465 0.60712 -46.7199 -104.055 -44.5072
-16.6025 0.188847 -0.0538641 -19.7131 -148.331 32.8987
-16.1528 -3.0537 0.432059 23.0277 -105.539 -80.6713
-16.6009 -5.2969 -1.65792 -22.5118 -44.9687 142.231
-16.605 5.03226 0.174603 -23.8667 -75.3517 116.437
-16.7211 -9.20697 0.150521 -38.658 -25.7921 5.1203
-16.7919 3.96407 0.00866074 -47.1295 -87.5965 -11.1876
-15.9732 -5.5651 0.793515 30.9787 -128.625 -95.2597
-16.9648 5.65313 0.873444 -69.2185 -37.3254 -115.097
-16.4501 14.9257 -2.59743 -18.8771 -2.32989 -89.9617
-16.558 0.879675 1.34738 -33.9473 -77.3826 -82.6707
-16.8079 6.82831 0.796143 -58.8877 -59.729 -20.6109
-17.0771 8.37251 -0.923343 -86.4363 -118.132 44.4727
-15.8924 -5.45495 -0.754308 30.4046 -136.9 69.8412
-16.0809 -13.8569 -0.453479 11.258 -69.9866 39.6923
-16.874 7.47629 -0.112484 -67.8627 -133.9 -5.17531
-16.7602 7.97443 0.34802 -58.7742 -49.2657 -47.0763
-15.9927 -9.23915 0.237119 17.0514 -98.4138 -77.8594
-16.3516 0.327886 -0.0242194 -19.0355 -161.193 29.3215
-15.917 -12.8226 0.484523 20.3961 -89.1495 -17.476
-16.3073 -2.42486 -2.29754 -20.7519 -52.0637 159.531
-15.7969 -4.52738 0.0690195 28.7517 -145.406 -12.6133
-16.4367 3.32461 -1.11981 -36.5929 -28.2365 109.416
-16.5737 -0.0660926 -0.446967 -51.8414 -118.493 45.248
-16.3572 1.70888 0.89363 -33.0919 -66.1021 -101.351
-16.6214 6.13776 1.19063 -63.0749 -98.8866 -55.7475
-16.7658 15.5492 -0.00791115 -78.8328 -157.282 -15.222
-16.6309 5.52922 -0.341805 -67.1322 -130.798 42.8593
-15.9113 -5.05609 0.915696 3.94848 -103.067 -103.015
-16.0882 -8.67194 0.821141 -18.2444 -37.4978 -53.0441
-16.7217 -1.57583 0.429003 -83.7502 20.2373 -1.97319
-16.6762 10.0642 -0.710575 -79.3589 -67.1135 87.1684
-16.6626 8.97063 0.241552 -78.5931 -90.5504 14.8792
-16.2517 1.71617 -1.75929 -38.4579 -89.9257 175.453
-16.0736 -3.48939 0.979134 -24.2797 -84.2897 -90.672
-15.7101 -26.534 16.2875 9.73204 -152.178 4.65496
-15.8297 -3.21579 -0.703635 -2.84696 -96.8159 85.5971
-15.9071 -0.113709 -1.096 -12.3094 -110.228 142.788
-16.1743 2.14347 -0.245239 -41.6683 -135.756 14.0388
-15.4121 -4.08257 0.209948 31.6232 -176.181 -27.5017
-15.372 -7.21187 0.186679 34.745 -121.398 12.0354
-15.3052 -12.312 0.531663 39.5272 -102.264 -26.6742
-16.2103 3.82615 0.863612 -52.5249 -161.542 -72.5968
-16.2074 -0.779489 3.34056 -58.7767 -101.806 -9.09668
-15.6626 -2.87104 -0.919346 -4.67808 -129.421 108.499
-16.394 8.36338 0.837743 -81.4903 -94.3605 -38.7864
-16.2064 10.2168 0.0671299 -70.0657 -46.0208 -56.1329
-15.3555 -7.58438 0.511684 13.0613 -92.7292 -22.2245
-16.5449 12.7647 -0.450344 -105.43 -228.888 4.04496
-16.1365 5.72265 -1.46555 -64.8741 -145.607 57.1255
-15.4056 -14.9011 4.64098 7.29897 -252.344 4.91061
-14.8229 -8.60732 -1.35736 64.3477 -49.5788 99.8015
-15.5093 -8.026 1.83243 -3.86465 -64.1367 -162.397
-15.6465 -6.48816 1.39513 -18.6644 -36.5915 -159.507
-14.9523 -21.5541 -6.72992 48.5681 32.0077 128.865
-15.9964 4.19164 0.697282 -55.6334 -125.781 -84.1914
-14.9568 -6.45967 0.948577 47.425 -229.329 69.7458
-15.0858 -4.91464 -0.7489 33.4192 -156.076 69.8311
-15.6587 0.358228 0.334947 -29.0466 -159.854 -9.94664
-15.2143 -10.9949 -0.0748546 14.9245 -78.5926 22.9993
-15.0473 -8.35039 -1.2506 30.6585 -119.747 84.3443
-15.7265 9.35422 -0.962602 -40.57 -0.848878 55.8679
-15.7711 5.0717 -0.395101 -60.3275 -106.562 48.1993
-15.1678 0.577082 0.0341945 -4.35248 -177.674 20.9549
-15.5506 10.6843 0.492092 -48.2585 -9.9432 -11.3661
-15.4423 16.073 4.57846 -38.2763 -86.6675 -75.6624
-14.2099 -11.0049 0.285964 83.033 -127.654 -37.7774
-15.1567 -13.7957 -0.186809 -11.6208 -46.3592 38.1111
-15.7285 11.2162 1.5359 -72.3331 -38.1751 -121.634
-15.2814 2.27414 0.605216 -36.9201 -133.623 -70.2178
-14.8654 -1.34243 -2.27411 -1.06394 -136.867 165.457
-15.3458 13.7924 -0.117085 -51.6449 -0.42963 -3.58862
-14.4166 -6.53234 -0.197381 36.2251 -136.497 50.9313
-14.959 -1.87301 -8.78274 -18.1889 -88.2415 67.3789
-15.508 6.20573 -0.166532 -73.2332 -138.996 84.7597
-14.3111 -11.7317 0.469004 45.4602 -94.086 -57.5415
-14.5943 -8.52695 -0.296095 17.2118 -86.4006 16.0635
-14.1153 -7.88575 2.12188 55.2761 -127.336 112.175
-13.9847 -13.1596 -0.310884 66.7509 -110.862 58.8142
-14.3314 -14.2024 -0.0776596 29.1356 -78.9483 35.2883
-15.3361 8.15529 -0.785783 -72.8523 -72.3107 121.204
-14.0494 -13.4444 0.544687 54.3017 -101.059 -32.0697
-14.9827 8.53693 -0.488946 -45.083 -88.9981 -68.761
-14.5051 -15.6985 -0.0305812 -3.48376 -41.9977 -10.7591
-14.6578 0.918851 0.383773 -18.7191 -211.44 -53.0445
-14.4236 2.13828 -6.05153 3.67004 22.915 17.4785
-15.096 13.9085 -0.91839 -68.8813 -20.9881 81.9468
-15.1612 7.17303 0.231557 -77.4059 -114.027 -54.4982
-13.4034 -10.0384 -0.983971 95.4493 -141.303 98.1407
-13.6941 -8.41854 -0.0190878 64.3941 -147.498 36.3665
-14.0634 -13.8984 -0.451342 19.6568 -66.8815 25.1791
-15.2749 10.3356 -0.541399 -101.786 -97.9101 10.5977
-14.3846 -13.1871 -0.254944 -15.627 -38.2485 44.5014
-14.6803 3.79294 1.59252 -47.0593 -110.421 -178.822
-14.7458 -3.92276 -1.79354 -61.0281 54.964 -61.7965
-14.9245 6.82657 -0.797246 -79.4123 -124.647 143.036
-14.443 9.73537 0.859888 -34.1775 7.77075 -116.06
-13.5761 -7.96419 -3.81772 51.4041 -126.191 151.7
-14.6011 11.4557 2.2435 -51.6033 -10.5014 -80.2446
-14.5254 3.93367 2.34502 -45.5666 18.6512 -84.0766
-14.6587 4.95501 0.0575209 -59.2671 -106.214 -96.2231
-14.979 9.59743 0.94368 -95.1348 -106.813 -90.2442
-13.6205 -9.37527 0.353922 39.0877 -100.229 -24.5362
-13.441 -8.94142 -0.217037 54.3996 -119.68 36.0253
-13.4882 -10.8051 -0.779234 49.204 -109.776 76.0277
-14.0099 0.727099 0.641846 -2.74924 -184.715 -45.7382
-14.486 9.50893 3.80442 -58.2314 -31.3847 15.1079
-13.2475 -7.99298 1.29846 62.38 -141.858 -58.7873
-13.9143 -10.0195 -1.38698 -5.52305 -46.3145 137.579
-14.6524 7.06277 -0.997335 -79.5263 -122.299 77.46
-14.5462 9.27891 -1.47761 -72.1964 -65.754 130.319
-13.1592 -7.35649 -1.42855 61.6496 -135.458 -139.502
-13.8333 0.296967 2.05254 -6.1084 -137.74 -196.4
-13.7143 -0.37437 -0.00447171 3.69825 -196.331 28.5448
-14.4451 8.84022 0.832823 -74.4759 -68.0948 -78.8991
-13.0902 -12.1962 -0.173993 58.7133 -98.9125 -2.18086
-14.1739 -0.837641 -6.48597 -54.2838 -72.4575 -51.5854
-14.2391 10.3912 -0.670459 -61.9492 -34.5025 -16.8147
-12.8925 -14.564 1.07163 71.2424 -104.238 -18.6379
-12.7921 -13.7661 0.555826 79.1451 -104.827 -92.0043
-14.5344 8.39197 -0.633377 -100.019 -66.2882 -9.41384
-14.2695 7.52821 -0.355401 -80.9376 -107.324 29.2461
-12.464 -9.18291 -0.837073 89.1966 -147.199 82.9541
-12.7358 -2.64529 -0.985322 53.6614 -212.81 100.929
-12.1423 -35.3337 14.4009 110.86 -39.6768 -37.2527
-12.7523 -9.23739 -1.75713 38.0795 -99.855 161.676
-12.658 -11.9262 -0.986373 46.3182 -92.4425 84.9686
-14.0479 10.5328 1.09107 -91.7783 -71.0292 -78.0485
-12.1236 -11.9597 1.16411 95.3498 -119.17 -8.76747
-14.1373 10.9776 -1.10199 -104.819 -99.4143 92.5532
-13.3077 1.03909 1.84006 -26.1776 -16.3778 -201.139
-13.5804 -7.52411 -2.58418 -63.8535 -148.945 53.1529
-13.6424 13.9797 0.456696 -70.3709 -18.1435 86.417
-13.734 8.67233 0.901681 -83.0262 -86.6266 -86.6544
-11.891 -8.4195 -0.422611 99.3227 -163.897 39.1209
-13.4871 4.59086 -1.21547 -65.4882 -114.711 134.848
-12.0854 -9.15654 -1.31496 71.6286 -129.301 134.029
-13.2668 9.06677 2.30829 -45.8169 -196.459 -270.689
-13.8685 9.15924 0.103761 -106.077 -118.294 -1.3401
-12.6899 -13.9764 1.88739 3.38945 -47.7405 -18.6397
-12.3514 -0.832613 -0.0983936 35.3875 -244.54 18.5014
-13.3924 11.0448 0.907705 -75.1894 -45.9692 51.7871
-12.1278 -11.4274 0.264571 46.4876 -86.2838 -47.5445
-11.546 -8.18864 0.601751 102.378 -152.317 -69.9078
-12.2262 -12.254 1.6661 17.6413 -60.3232 -154.492
-12.6619 1.27679 0.439436 -27.8784 -234.836 -25.9539
-13.4615 8.91763 -3.88716 -111.257 -291.549 306.455
-12.2053 -12.1991 0.268763 7.48127 -53.4585 -48.7245
-13.0277 14.1312 -1.245 -77.1349 -26.7943 99.0755
-12.3815 -2.93294 -2.23131 -15.5939 -34.6691 246.28
-11.8727 -3.38523 1.49235 33.5421 -171.173 -166.979
-12.1559 -6.23139 -1.62639 2.35028 -53.601 199.186
-13.2491 10.5565 -1.57187 -106.273 -93.731 82.7286
-10.4804 -13.0713 0.136235 167.081 -73.9575 58.6297
-11.3889 -8.66371 -1.28045 73.8146 -112.388 130.738
-10.8643 -12.5882 1.16046 124.298 -115.865 -76.3111
-11.4721 -6.78345 -0.826982 61.8657 -131.815 156.715
-11.5668 -14.9252 -0.0855533 49.9019 -79.7142 -84.3752
-11.2451 -2.62975 -1.17989 76.9878 -204.081 118.673
-12.9926 11.8824 0.486852 -97.9312 -76.3464 -18.6414
-13.2153 9.14499 -0.166528 -120.453 -146.714 27.1426
-12.6651 15.767 1.9995 -69.3963 -5.68884 -86.1073
-11.2464 -14.218 0.260307 63.635 -87.4908 -117.472
-11.278 -11.0079 -1.95511 40.6225 -71.702 168.795
-12.6382 11.7846 -0.182064 -100.655 -73.4162 -22.6967
-12.374 8.16684 1.10789 -76.74 -76.3856 -141.57
-12.5898 15.1794 1.64993 -104.022 -45.7359 -33.4547
-12.3273 16.0403 0.586742 -85.1451 -24.7851 35.0956
-10.5054 -22.1862 -3.56401 92.8139 4.16771 29.7098
-12.1754 16.9934 -1.90819 -73.5566 -2.98423 6.33732
-11.8477 12.513 -1.11452 -52.3682 -6.24248 88.6213
-11.0052 -13.0991 0.0176504 25.8911 -62.2447 82.3141
-12.2857 19.3186 -0.894068 -108.3 -160.161 16.7471
-10.3509 -16.8307 0.7496 80.748 -84.2063 -69.4046
-9.61304 -13.9004 0.16581 152.818 -119.809 -8.70443
-12.2847 12.8593 0.172848 -116.545 -78.321 45.9294
-10.9265 -10.9341 -1.70761 16.3089 -55.165 202.786
-11.8865 13.0601 -0.212024 -79.2142 -33.3058 -8.32642
-10.395 -12.9742 -0.0666206 66.9577 -85.4496 54.3651
-11.6271 15.1983 -3.04451 -61.4219 38.9639 60.351
-10.5637 -13.9389 -0.583125 29.489 -62.6754 -24.4803
-10.5212 -13.9039 0.692617 28.8165 -58.8682 -24.0151
-10.8278 -6.38565 4.02863 -5.64352 -169.391 -13.6379
-9.7308 -12.149 0.456036 93.8099 -161.088 22.5161
-11.5208 7.73574 -1.26883 -84.38 -113.839 143.355
-11.3704 15.0068 -1.82118 -75.1532 -12.5556 119.838
-10.4468 -14.244 -1.06608 6.51277 -44.9829 26.1884
-8.88871 -12.6813 -0.554354 153.262 -107.125 67.2897
-10.941 16.6697 -0.294137 -54.581 -137.788 8.27413
-9.30445 -16.3178 -1.72138 98.3911 -91.8533 49.1367
-10.7709 18.6124 0.657856 -53.2705 15.7949 -19.4935
-11.1748 17.4101 0.088914 -93.8913 -114.994 -161.268
-9.06962 -28.6385 6.75554 107.774 18.4021 -87.361
-8.786 -6.93651 1.48632 125.184 -130.377 -186.212
-10.6169 11.9743 2.22184 -67.0912 26.2999 -78.3582
-11.0878 -2.72885 3.60967 -114.854 11.9797 -90.4126
-11.0132 11.9213 1.76602 -126.331 -92.3095 -129.632
-10.5829 13.7586 2.18185 -86.6551 -33.1717 -123.882
-11.0144 14.9268 0.67028 -133.867 -15.4936 13.8725
-10.2593 4.03353 1.18317 -60.1783 -219.648 -132.611
-9.5801 -8.21168 2.16668 6.86569 -46.1861 -236.201
-8.74668 -17.282 -8.07314 68.014 -71.1985 49.8727
-8.63438 -20.8289 -7.21921 78.3858 -46.7185 10.3298
-10.4304 6.32992 -0.152408 -105.777 -207.033 -5.17823
-8.67942 -10.7781 2.30865 64.391 -172.711 -61.2298
-8.38446 -17.4746 -0.351176 91.693 -74.8648 30.2879
-7.57904 -7.29984 1.1007 162.143 -133.869 -168.409
-7.76115 -14.7103 -0.324317 140.393 -91.4394 28.4514
-10.6195 14.3425 1.07061 -144.205 27.5715 -10.7846
-8.87614 -15.5319 0.895587 26.911 -56.3815 -125.103
-7.90685 -12.9976 -1.65009 119.819 -96.5223 67.1711
-8.83205 -15.2815 0.252377 26.0141 -52.4706 -17.4874
-7.57547 -10.3627 -1.29431 150.418 -102.393 144.782
-8.6497 -18.2861 -0.191328 37.1433 -58.688 -29.9249
-10.0541 7.50269 5.95197 -102.569 42.1108 64.0432
-8.35263 -20.928 -1.35502 66.3234 -18.4856 12.0716
-10.1407 12.2968 0.634119 -113.255 -67.2322 -63.278
-8.31081 -15.1174 -1.49788 65.2061 -70.7062 36.248
-8.45414 -14.2304 -0.751538 50.9225 -38.4482 91.0835
-9.54102 12.3611 6.96724 -62.9202 26.9877 99.5393
-7.54712 -16.0814 -0.0213851 124.921 -83.3112 43.5246
-10.3652 15.0224 -0.714661 -155.868 -81.5501 158.453
-9.93325 12.5933 0.7001 -115.707 -65.2914 41.077
-7.58769 -35.7507 3.28572 109.414 92.975 -128.508
-7.50313 -12.5612 -2.05344 106.192 -82.7566 114.607
-9.30959 12.2659 2.61419 -74.0315 -23.2358 -204.327
-7.56832 -4.35477 -6.28738 95.083 -192.43 25.7441
-8.11318 -13.9794 0.790001 34.0585 -57.1006 -110.995
-9.70011 13.803 0.688101 -127.473 -71.7775 3.74253
-9.14816 17.3386 1.1908 -79.6685 -22.0641 -32.5606
-5.90253 -5.42386 -0.579839 232.487 -160.844 49.0523
-8.0935 -14.088 -0.93466 11.9177 -67.6139 106.138
-7.28567 -24.98 10.2819 92.0103 -51.2355 29.052
-7.38125 -15.5569 0.429751 73.0443 -65.9922 -52.1969
-9.09289 9.68778 -2.95028 -99.9893 -72.0489 197.059
-8.51327 15.3786 0.0926738 -48.5775 0.866774 44.9326
-8.6901 12.1402 9.25434 -68.9286 5.68054 47.0258
-8.54587 17.0561 1.69844 -59.0419 9.60331 -12.9393
-7.07176 -15.8995 0.826875 86.7243 -69.6755 -47.6862
-9.44806 12.4802 0.346081 -161.945 -112.995 -32.655
-9.16517 13.4652 0.525023 -148.639 -79.8182 22.5793
-9.17532 10.5748 0.916133 -156.739 -138.891 -108.499
-6.65984 -17.8338 0.270006 88.6075 -60.8232 -26.2905
-6.25432 -14.0316 -1.59224 122.218 -153.078 115.101
-6.36557 -18.1711 -2.07367 110.654 32.5943 158.854
-7.42188 -16.7081 1.37398 2.36225 -38.3485 -85.0063
-8.38031 8.88532 1.69821 -101.27 -80.8962 -190.56
-6.6951 -18.4417 0.255354 53.9791 -59.6797 -99.3978
-7.67359 17.4781 0.611186 -48.0947 15.6452 -5.38777
-6.06116 -15.626 -0.548008 107.985 -34.8785 55.9993
-6.70467 -17.6365 2.299 25.167 -96.8569 -76.1381
-8.16072 15.8592 0.284072 -121.567 -12.5027 44.0306
-8.12798 14.9095 0.706143 -127.665 87.7818 -73.4301
-5.17543 -16.0369 -0.490427 147.902 -65.9525 -15.8483
-8.26026 12.6906 -0.117634 -163.761 -95.2201 85.4302
-5.01846 -13.6386 -1.6625 155.089 -67.5905 149.189
-6.86919 16.8176 0.86669 -34.8673 19.0044 -51.6946
-7.90446 16.7235 -0.0275669 -139.303 -160.852 37.9369
-5.82891 -15.9789 0.896116 64.8291 -52.9068 -96.6848
-5.60172 -12.6409 -0.373966 84.1469 -158.774 100.164
-7.1167 15.1098 0.965594 -66.5442 -1.05178 -119.75
-5.11815 -15.0362 0.00844459 130.368 -60.1263 -31.6026
-7.5218 14.6105 0.0170971 -114.935 -31.5363 36.8288
-7.13284 18.4274 -7.45834 -87.0839 -26.8562 143.034
-5.29202 -17.2284 2.13246 86.7691 -38.1799 -91.8541
-5.37254 -15.4517 -2.69795 72.8291 -22.7124 -72.6495
-6.62503 -9.96252 11.075 -52.8075 -13.8913 12.2271
-7.71219 12.9248 -0.687932 -162.489 -79.4716 -68.1703
-5.5693 -10.9939 -4.06821 46.0933 96.4113 -151.079
-5.86583 -15.918 -0.238261 15.3924 -89.634 244.241
-7.0359 13.6755 -1.40654 -107.4 -30.6223 186.135
-4.6781 -1.2795 5.69587 126.471 19.6827 139.069
-4.20874 -25.7829 6.73109 172.889 60.5679 -69.9167
-5.63284 -16.4266 -0.391627 31.2335 -45.2025 40.606
-5.37396 -19.4088 -0.0183603 43.8187 -49.6842 -37.1572
-5.91136 7.3079 9.24856 -12.7697 101.127 -63.6036
-7.05006 11.3761 -2.56507 -126.86 -54.4239 147.262
-4.91367 -16.0538 -0.000733159 83.3742 -52.48 -32.4856
-4.68188 -8.87081 -10.6944 90.4219 -61.6865 42.8941
-6.48134 15.9455 -0.194852 -89.2353 -7.47172 74.6288
-6.83 17.6252 0.709951 -127.751 -22.3821 -16.6301
-6.19872 20.1662 -1.0112 -73.3523 17.9631 46.5189
-6.01486 15.7098 -0.56814 -60.0448 7.22417 70.9253
-5.98875 12.3067 5.42376 -58.9804 67.9118 -126.479
-6.52985 13.1965 1.56811 -124.731 -40.5179 -132.607
-3.32798 -15.3228 -0.0231313 183.145 -47.3434 -45.9525
-4.06629 -17.8362 0.511699 88.0422 -51.4824 -13.544
-6.09814 18.0863 -0.656273 -128.317 -9.49817 1.52748
-5.60911 19.9015 -0.39496 -93.5911 11.0029 -9.57508
-3.75287 3.12817 -1.54834 77.0177 -192.496 25.5878
-3.65328 -2.84151 -7.17153 86.51 -1.68173 -144.194
-3.80195 -20.0822 -1.86761 65.7917 -49.7529 64.5085
-6.09429 9.55274 -6.21647 -162.922 -0.213728 67.7303
-2.58206 -14.8452 -0.427053 182.884 -46.7478 103.969
-3.78805 -18.312 0.714093 53.3853 -35.3724 -33.7283
-3.86754 -9.07846 7.85362 40.4401 -136.614 -106.275
-5.6064 19.4049 4.99809 -132.844 -28.1286 8.64039
-5.56056 16.8026 -0.574325 -128.397 -13.707 -2.178
-2.24116 -14.296 0.355686 198.946 -21.3617 -77.2895
-5.53313 15.7903 -0.838167 -134.427 53.1981 101.724
-3.7113 -21.0727 -1.18761 40.168 -47.0856 -14.3286
-2.84016 -15.8548 -0.766757 125.504 -45.6514 31.7577
-5.15251 18.9671 -0.883507 -108.132 5.33812 45.0721
-5.66971 17.4954 0.482206 -161.14 -28.9741 -40.1287
-5.5161 16.9191 -2.0369 -150.809 9.69555 198.861
-4.7436 16.7004 0.503859 -75.2097 11.0393 -97.1487
-3.2907 -16.7293 -1.9055 67.9307 -41.7591 91.0092
-3.55222 -17.5599 0.647655 40.5753 -39.3963 -28.914
-5.33329 16.5116 -1.38899 -137.213 -20.6813 86.0481
-2.6012 -12.8344 1.20248 134.022 -34.8782 -168.643
-3.59996 -18.1726 0.807409 31.5259 -48.4653 -44.9622
-2.08075 -16.5565 0.432061 175.306 -32.601 -91.8577
-2.05914 -16.0742 -0.809411 174.201 -38.1836 41.681
-1.9584 -13.1842 0.724319 171.67 -28.868 -113.77
-1.52141 -12.1507 1.44967 212.689 -16.2697 -140.471
-5.11565 16.2245 -0.195985 -148.583 -19.2514 -40.1253
-2.30819 -18.7624 0.674186 129.93 -47.7075 1.55022
-5.398 17.5773 0.570354 -181.376 -68.7417 -54.5102
-4.55156 23.286 4.22322 -104.228 -194.729 -133.306
-3.1327 -17.7488 -0.852015 34.3522 -40.9864 -27.9601
-2.61057 -17.2486 0.471353 84.9452 -54.2366 -104.842
-1.73189 -33.8412 6.39932 160.69 -144.94 111.047
-1.45317 -18.838 -1.6689 186.037 49.9949 -20.1825
-3.67655 19.4702 0.8954 -39.5609 27.9889 -57.3376
-4.0516 4.56192 -1.50765 -81.2593 -174.93 -44.153
-2.64184 -20.2419 -1.20747 56.6543 -44.8607 65.3023
-4.21559 16.0683 -0.554755 -105.491 -0.745743 20.0994
-3.27676 16.9122 -1.20276 -21.8652 5.13696 160.806
-1.1399 -16.4064 0.540844 183.256 -108.668 -1.37894
-1.27503 0.136232 -7.63258 163.858 105.165 7.67077
-4.08849 16.1763 0.591916 -119.805 -12.1828 -107.415
-1.59418 -19.9432 -0.468852 113.879 -39.9122 -5.17235
-4.2896 17.8815 -0.596332 -155.209 -17.4898 17.8079
-3.50591 20.4193 -0.0354098 -77.6263 23.658 43.6738
-4.38116 13.4349 -0.716475 -167.953 -54.8143 120.229
-3.77047 15.9817 -3.373 -115.435 -59.0007 -67.3876
-4.00839 16.5416 -1.28534 -141.281 -10.0394 94.5614
-1.42768 -20.7002 -0.314565 93.9853 -36.1015 -23.6198
-2.09046 -18.3719 0.437517 19.2028 -35.2939 -104.09
-1.32964 -17.7781 0.351917 91.8484 -32.2165 -86.6188
-3.59508 14.5086 0.683939 -135.106 -16.1972 -116.216
-1.32614 -18.7045 0.312303 88.7468 -38.7903 -85.0773
-1.24242 -17.5553 0.958553 83.1504 -32.7158 -150.714
-0.888171 -14.8872 -1.49092 117.088 -137.403 33.9049
-1.53763 -18.0702 0.849905 52.3966 -39.8254 -20.1161
-1.20775 -16.3113 -1.60685 82.9637 -29.4157 126.316
0.284803 -19.1436 0.363237 225.322 -66.731 -59.5548
-0.326359 -13.0916 2.13651 160.898 -7.86752 -177.142
-3.23091 8.32967 -3.68004 -134.895 138.286 42.4978
-0.0855916 -17.0475 1.21517 173.558 -12.826 -63.4899
-3.02115 34.4041 7.23741 -129.548 95.5587 94.8599
-0.535628 -18.3858 -0.00428246 116.316 -30.0238 -54.3774
-1.89574 19.1418 -0.674544 -20.4831 35.0493 64.9145
-1.95622 20.3054 -0.981522 -27.5065 36.6137 97.2241
-3.24814 14.8561 -0.665523 -160.7 -20.4209 33.0746
-2.44967 15.3829 -1.84874 -93.7248 8.16956 155.014
-0.981224 -20.9714 -0.938201 45.6315 -41.6618 42.0396
-2.61548 13.5057 3.9373 -144.71 11.652 -150.585
-0.634164 -18.3964 0.941089 49.2085 -34.8252 -57.7483
-0.163107 -18.8183 0.218177 95.7298 -30.2641 -1.3537
-2.35538 18.0834 -0.126542 -127.056 16.8975 4.79797
-0.0949338 -18.0312 0.451274 85.187 -29.0881 -27.1252
-1.39958 32.353 2.12746 -44.4718 215.792 6.86448
1.08074 -4.3284 0.854911 199.074 223.85 -58.7683
0.511373 -13.8491 2.06305 140.234 -12.2572 -143.034
-0.528386 -19.6787 -0.286856 36.6446 -37.3487 76.1631
-0.684028 -19.3388 -0.583798 18.5966 -35.988 8.82602
-2.24583 16.3743 0.0580085 -136.73 1.23653 -50.8336
-2.63733 13.595 0.600825 -175.905 -44.9503 -91.8971
-1.42283 17.8566 -1.35487 -55.6986 30.2301 137.94
0.786246 -14.9379 0.413466 159.679 0.217689 -139.661
-2.20931 16.8119 -0.429765 -138.602 33.0174 79.146
-0.794863 18.3202 0.45366 -12.4134 33.8777 19.3327
-1.70018 17.8343 -0.945266 -102.666 20.4709 8.06343
0.512442 -17.203 0.555095 111.842 -19.0263 7.59646
-1.22149 20.6899 1.66575 -70.3627 33.0668 -43.9613
0.158544 -19.8966 -0.618827 66.0176 -34.5416 89.1818
-1.96956 12.4816 7.03726 -152.876 47.2856 -37.1213
1.69245 -14.7534 0.394897 188.06 11.4446 30.1564
-0.898337 17.2601 1.55211 -71.4229 25.9963 -54.0958
0.948535 -15.0799 1.85301 111.325 -16.3919 -113.64
-1.22214 17.893 0.403346 -107.141 67.3658 -17.4325
-0.922378 18.2875 1.68049 -78.8052 27.4534 -61.1586
-0.129171 -19.0085 0.600307 -2.61403 6.22399 66.1579
0.457152 -20.4514 0.792832 36.536 -36.7418 -60.6882
-1.52179 14.2593 -1.13778 -162.353 -12.8104 82.7994
0.129796 0.0978532 0 -13.8406 0.183532 0
1.33215 -17.3137 1.54026 101.994 -19.5994 -67.8143
-0.865487 16.2421 0.590472 -118.181 11.2495 -34.1771
1.65596 -16.7002 -0.549976 117.802 -11.3164 65.1287
2.30888 -14.789 0.238747 174.715 14.7808 -88.7667
-1.32642 14.6056 -0.201674 -189.961 -18.2766 -17.825
1.52138 -15.4315 0.24014 91.3504 -12.9433 -125.127
-1.15736 10.4351 2.90812 -191.214 -82.3384 96.7314
1.79943 -16.1304 0.825871 93.3216 -16.1854 -81.7847
2.8639 -14.9319 -0.603764 191.727 27.5316 70.5063
2.01284 -18.1347 -1.02398 106.19 -19.3228 116.256
1.12854 -18.1415 1.10418 14.5439 -32.393 -13.6519
1.53269 -20.9707 1.10165 40.7326 -36.8785 -35.4145
0.210684 18.8572 -0.0891065 -90.9924 31.9106 40.5064
2.85582 -17.8473 1.02801 151.749 1.13725 -71.1834
0.311707 19.6084 1.14387 -104.519 33.9092 -89.7241
-0.195641 16.5903 -0.0120015 -171.241 22.4072 -4.7728
2.01008 -23.2844 0.172038 46.6976 69.8271 -7.11838
2.17298 -15.283 6.38618 60.1937 -27.3959 37.8665
-0.158026 14.7179 -0.895094 -172.724 0.708475 121.376
1.63888 -18.205 0.205425 2.4298 16.7058 25.4436
1.6446 15.8696 0.477675 -6.48046 -60.2809 0.123998
2.81744 -14.0973 -2.49863 103.648 3.52621 205.662
0.564549 16.1264 -0.266237 -120.539 88.7202 56.9952
1.24603 18.4783 -1.31746 -52.9037 38.4707 63.1147
1.19873 15.1655 0.83909 -62.1615 32.4235 -153.007
4.19991 -19.535 4.51983 231.312 -68.8034 13.5596
1.47511 17.922 -0.778284 -45.6177 32.9679 38.9922
4.00749 -15.1135 -0.235927 186.654 48.4244 27.1443
3.28001 -17.9891 0.803667 105.89 -12.7073 3.65057
1.3649 18.7693 0.0862411 -91.3711 37.2478 -43.854
0.821627 17.5521 0.845116 -149.279 -44.4265 -63.7016
1.76011 20.2894 -0.0385295 -60.9396 42.8542 -45.8275
1.4033 18.2934 0.683141 -96.9059 33.8313 -106.583
1.74187 17.3888 0.449528 -77.4221 31.3634 -90.6105
3.40479 -4.55448 -10.0012 87.1792 -59.7455 -78.8637
2.40468 19.4039 0.524294 -12.7638 37.2449 9.1708
1.69023 20.3442 -1.10173 -89.9354 -27.7567 49.4958
1.64289 16.3585 -1.02587 -104.359 34.9975 40.8619
3.72778 -9.13301 -8.89358 100.8 115.108 -5.08958
3.38534 -16.7581 -0.294015 64.9311 -18.0006 114.871
2.34304 15.6912 1.49744 -51.2308 76.379 -99.0273
1.90718 21.6394 -11.2681 -94.546 65.6257 -193.068
1.99035 18.6412 -0.62893 -92.4373 91.4391 19.9524
4.32399 -14.2843 -1.69971 135.171 20.4714 167.77
1.70951 16.9663 0.515126 -133.468 28.2058 -86.1652
3.03867 18.645 0.194014 -7.70441 37.7194 -76.1542
3.69972 -17.4545 -0.381092 49.9925 -22.491 127.801
4.13335 -16.2136 -1.06619 87.5399 46.4275 -47.1918
2.6576 17.4482 -0.647583 -63.8969 36.9077 127.678
4.34948 -16.6634 -0.9918 101.901 -3.71683 112.729
2.10913 14.1325 -6.06176 -124.147 74.4175 64.5503
2.21992 18.3834 -0.88184 -125.252 88.1055 32.8022
4.90848 -17.2715 0.251729 138.626 182.286 -8.50109
4.12337 -3.18479 -2.13804 58.6267 150.388 253.256
4.91272 -14.8235 1.6621 133.514 -128.033 -177.615
5.38859 -16.432 -1.09878 178.696 43.2547 25.8241
4.27816 -20.4168 -0.242212 60.8605 -27.9381 -2.93581
2.09731 14.8245 -1.90497 -159.333 34.8218 140.91
2.36248 1.69522 -2.79711 -138.499 -150.773 -11.0875
2.10881 13.3338 0.688795 -167.063 30.4034 -129.38
4.19123 -18.1741 2.16369 17.7954 -31.4236 -139.594
3.70224 21.0385 -0.888432 -37.1228 47.2628 32.0218
3.0892 -2.38513 -6.58901 -99.5216 -86.7239 26.2277
5.28074 -14.4487 -2.45204 108.684 16.6966 180.011
4.54166 1.53159 11.8048 30.9444 109.928 4.12873
5.97803 -13.1891 -0.481552 171.637 68.2517 62.6166
3.85646 18.1725 0.593502 -49.217 45.3518 -26.5119
4.12257 20.4426 0.459536 -24.9005 -16.5563 8.43634
5.97862 -14.0746 6.2869 156.428 -4.8889 366.548
4.02605 15.0521 1.21648 -40.0821 40.3241 -146.55
6.12181 -15.2581 0.447571 161.944 50.1225 -18.46
4.59656 -5.53032 -5.53389 1.91774 119.544 -31.1515
3.66219 17.4479 0.0822135 -92.0004 51.3181 -61.11
6.26521 -19.2383 -4.29206 164.875 134.731 227.294
5.26449 -18.2328 3.24779 46.2758 -27.0594 -23.8575
5.89079 -17.5882 1.17875 107.484 2.57887 -123.314
4.60499 18.5862 -8.96036 -20.8334 46.073 50.1419
4.28585 20.6301 0.448255 -54.0568 5.02104 2.08808
3.86403 15.697 -0.585434 -98.441 44.093 94.2837
3.68468 16.1399 -0.971542 -117.522 42.7036 55.3103
4.30365 19.5246 -0.209121 -70.2606 47.1178 61.7811
5.571 -20.6443 -6.58292 55.5327 -19.123 58.6115
4.00299 19.1033 -1.12522 -100.356 54.0348 62.7362
3.59351 22.5253 6.86297 -142.992 -34.1305 -101.322
5.48428 -18.355 -1.23199 44.7913 -24.4602 139.129
2.85255 -1.20925 -0.171187 -219.866 216.337 19.4237
4.33865 19.6429 0.840884 -72.8022 146.084 -71.6385
5.69366 -15.6096 -0.52806 57.7925 -29.3285 60.554
5.7023 -17.5817 -0.94476 55.6139 -62.0454 153.897
2.6833 6.55643 1.281 -245.484 8.40083 -152.61
3.90638 17.1603 -0.501238 -126.797 12.8289 -1.14307
5.89981 -16.4735 -0.487949 69.8863 -5.0426 36.2332
5.81465 -19.6788 0.25351 54.1663 -23.6955 -18.7261
6.15292 -17.7108 0.15083 86.4323 -1.91123 -13.6811
4.98361 12.897 11.3682 -32.5897 28.8715 -72.9617
6.67906 -17.0406 -0.320816 132.771 34.3802 24.0884
4.29384 33.2886 -3.97098 -108.747 13.7655 -72.8322
4.76697 19.2541 -2.85897 -68.0373 105.111 -27.2801
3.79027 15.2181 0.677298 -175.311 49.1131 -54.9573
4.86062 18.0417 -0.489747 -80.6082 -80.4451 35.7081
6.02905 -19.1145 -2.06405 24.9018 48.1778 47.9573
7.59599 -13.1187 -0.737006 174.047 78.7755 -0.885983
3.84877 13.644 -0.51148 -206.734 141.771 91.7575
4.40388 14.3699 1.51281 -152.902 63.3708 -28.6803
3.34638 15.2915 -0.546847 -258.795 189.064 120.68
5.12953 17.7694 -0.66101 -85.1504 57.4624 50.5138
3.4743 7.23359 -1.76667 -254.82 -34.8735 39.1981
6.34497 2.91126 -1.45873 29.6394 -130.328 -101.131
5.33884 19.1814 -0.507097 -71.9015 57.2531 32.5633
6.50575 -14.2267 1.00903 27.036 -112.469 -54.6277
4.33947 13.2465 -0.38062 -192.379 68.5205 68.0511
7.02214 -12.5491 7.10342 69.7385 -15.3745 -5.38153
6.97153 -15.9769 0.414299 62.6314 -7.42158 -87.4966
5.03214 15.419 0.289886 -132.989 61.9678 -48.3657
5.94051 15.5133 -1.71673 -45.2749 49.4534 135.054
4.65097 20.7615 -4.8587 -180.448 -29.5582 -8.25168
5.5533 16.3338 -0.376371 -94.2969 1.78955 15.0547
7.36645 -14.747 -1.74459 81.0177 9.87828 85.8636
7.4442 -15.0288 -0.561534 87.4257 13.42 -41.989
5.66955 19.8147 -0.353927 -90.3386 60.8544 15.5025
7.19936 -18.8614 -0.645707 39.8627 -23.992 50.6021
7.97327 -16.1723 0.987737 109.649 34.7776 -22.627
6.61774 12.6666 -2.17625 -31.1487 44.1767 183.644
6.87393 -0.163501 2.14766 -6.99712 130.428 -255.038
7.73356 -14.8974 -0.922413 73.9419 6.69055 175.78
7.94134 -14.6617 -0.52359 88.7467 16.1231 68.8603
6.19389 17.4623 -0.709766 -85.9639 69.356 -0.540487
7.95108 -6.73195 -2.31413 86.5339 93.9591 229.574
6.4045 17.4173 1.11767 -82.9146 62.0109 -36.9502
6.79303 -2.39047 5.00893 -44.7912 -109.784 9.74618
7.83323 -3.20675 0.601591 53.6833 263.356 -55.9317
8.37972 -16.8791 -1.53373 97.5658 12.5469 48.976
8.38375 -17.9048 0.808356 89.111 6.48197 -50.8839
6.67021 11.5704 1.58614 -81.7753 67.9379 -214.32
9.15858 -15.0435 -0.528939 159.642 79.8239 -35.3668
6.56382 17.7988 1.6468 -100.042 59.3019 -85.9679
7.43222 8.08411 2.08746 -14.5692 183.396 33.2494
6.53938 10.7513 -2.04757 -105.379 77.6265 175.85
8.98627 -16.3462 0.153203 136.48 46.0034 48.3013
8.6164 -17.0914 -0.180161 87.2104 8.3388 -97.0802
9.27676 -11.4499 1.57082 147.918 108.565 -70.8626
8.98021 -13.8522 -0.323403 113.897 39.669 -52.0532
6.30316 7.44084 2.15135 -153.074 108.948 -188.415
9.09184 -18.0174 0.66505 107.255 25.7702 21.8524
8.5408 -16.0457 -0.246589 45.5256 -13.4545 -84.2463
6.96791 15.1681 -2.141 -111.781 74.9263 99.141
8.41446 -15.4559 -1.55359 29.0723 -22.3825 58.5828
6.38695 9.05311 -1.03754 -173.363 -41.3424 2.06801
6.48477 16.1771 -0.339381 -164.025 80.0739 -28.9427
7.25919 28.594 -10.1351 -90.7185 -25.503 51.541
7.83544 36.0264 -4.66606 -35.8582 208.502 -70.3764
6.16765 15.0146 -0.340061 -206.386 265.134 -0.920264
8.34568 20.3734 3.54221 7.22977 45.4211 43.3546
9.16477 -17.9946 -0.476442 87.0338 -0.477839 -72.2259
9.07878 -16.2009 0.562272 74.1659 3.77342 -45.443
6.97322 15.3615 0.0310672 -147.777 87.71 -51.9412
8.15143 17.5094 -0.559751 -35.9421 53.7065 -49.7246
8.40031 14.4743 5.25768 -13.2179 53.5935 14.1656
8.5226 17.1702 -1.25873 -3.43284 41.2854 69.2365
10.0404 -12.0774 -1.3447 146.915 102.365 -115.782
9.4086 -15.7751 -1.55085 84.1201 137.627 60.3777
7.60987 13.1581 -1.82377 -96.9177 74.5256 143.185
7.13187 11.0498 -1.55834 -146.776 90.8451 122.119
9.66121 -13.9071 -1.4636 97.7404 18.1516 -92.3472
8.71155 15.3741 -0.505814 3.27845 -14.7264 50.4145
10.0671 -14.5599 0.272667 135.681 80.5222 -31.4536
8.20124 15.389 -1.07087 -51.9121 60.1068 55.1438
8.10218 14.9334 -1.54732 -64.0653 61.7217 107.58
8.07554 11.4831 -0.7528 -80.0935 139.228 140.287
10.4046 -12.4362 1.97437 144.298 99.6323 -103.983
8.59608 10.8905 -4.56264 -35.9135 105.064 69.0674
10.1756 -12.0794 2.22121 114.029 75.1593 18.3452
8.79595 16.3026 -0.62235 -24.7977 99.5937 54.9076
8.17686 12.9053 -0.413485 -87.4234 257.955 101.24
10.0399 -13.6588 1.36061 85.8233 32.4142 -138.212
9.84654 2.14403 1.8421 61.9835 -122.762 89.7178
10.4275 -15.7046 -0.942761 109.417 36.1768 1.88893
8.84348 16.4882 -0.975875 -61.3409 65.0172 40.7751
9.17965 17.6714 -1.58748 -38.959 59.2627 101.813
9.11159 18.278 -0.327664 -55.9456 62.0874 77.4284
8.98741 15.8899 0.74418 -68.7743 -59.4966 -86.6186
9.39847 19.1875 -0.0767676 -28.5529 54.8234 -27.44
7.85222 12.9967 -1.21801 -188.717 109.202 44.7168
9.83852 36.3795 -10.3606 8.24552 -36.6649 97.4877
10.9208 -3.75891 -4.72608 103.612 -92.3833 31.3723
11.1618 -9.54409 -1.06793 123.786 140.35 89.703
9.76983 11.9918 5.34513 -15.1282 147.007 31.133
9.41394 18.1635 -1.31614 -51.4768 30.4449 71.5833
9.23994 7.30918 -2.16877 -68.9153 110.841 214.358
10.9875 -16.2404 -0.305899 101.189 24.2416 -70.1804
11.1319 -12.9314 0.272154 112.955 70.0707 42.7089
10.2866 -18.2423 2.73703 28.4942 -44.726 125.881
8.79151 12.43 -0.0862669 -120.431 94.9873 73.7223
8.52802 8.34524 -1.75905 -147.524 141.133 115.431
8.60454 12.075 -0.61791 -146.081 47.4828 128.549
11.0765 -13.6057 -0.0993845 93.9609 38.5561 54.2647
10.8879 -14.2495 -0.0244897 71.1864 19.3929 0.187912
9.73739 34.687 2.05396 -43.8652 270.36 50.6764
9.92364 11.8849 -7.12141 -27.3428 58.6703 13.3883
8.53397 6.07644 -0.679509 -165.511 184.086 -90.5756
11.2322 -5.68358 1.01647 96.903 193.366 -34.1932
9.63064 5.4682 2.05823 -62.4984 125.463 -199.157
9.03101 -3.44902 3.01538 -124.185 128.777 -94.7502
9.84092 12.5761 -1.60434 -45.7826 70.5256 117.267
11.5621 -9.71765 -0.467122 124.343 129.984 24.8412
10.1312 16.8104 0.428521 -18.6343 53.2366 38.1498
11.1334 -14.748 1.3477 74.5558 18.839 -136.209
11.4621 -16.6874 -1.0524 91.6293 16.8254 6.10647
9.61252 17.267 -0.72461 -95.6781 80.5476 10.5603
9.36301 16.3542 1.0502 -122.226 77.2446 41.7398
9.78131 14.3174 0.250253 -87.3493 128.12 45.2586
9.6215 14.0874 0.847756 -108.237 93.3256 -17.9233
10.0755 15.661 0.63467 -69.5166 77.0122 11.6797
10.7555 1.04359 2.21251 -3.08953 130.288 -220.637
11.5134 4.7343 -6.27075 70.0932 -13.0513 -86.6121
10.081 11.9936 1.18151 -72.2361 86.5281 -165.004
11.6854 -11.8865 -1.59069 84.1197 46.7724 115.859
12.1076 -13.7521 0.391424 121.022 80.1739 -26.1497
9.73617 17.0743 -0.2579 -115.703 42.1208 13.9186
11.5938 -17.0639 0.379959 66.9766 4.39829 -52.8355
10.3894 12.6239 -0.256991 -54.3982 79.5208 -72.3535
9.79246 15.4093 1.89731 -114.406 107.391 -35.62
11.7375 -16.7585 -1.4577 76.3087 5.57291 48.1907
10.555 12.6074 -0.417196 -56.5337 120.043 8.83945
10.6385 17.003 1.37058 -51.9084 68.8886 -60.6613
12.1497 -8.6939 0.994292 97.7406 115.944 -74.8925
11.4984 -2.43277 -3.10637 19.36 246.619 -39.4755
11.3733 11.223 0.541816 5.45288 63.6111 69.6972
11.3586 10.9998 1.71834 3.70043 110.858 -243.703
12.2936 -12.5522 0.21976 93.0068 50.0802 -80.176
10.6529 9.04939 1.66066 -82.6089 126.842 -162.471
10.892 8.93891 -0.920647 -59.8763 173.235 46.0265
12.8311 -8.61368 0.605728 120.551 175.423 -62.7185
12.5123 -10.39 0.605466 86.1342 64.686 -66.4909
12.6892 -6.97034 0.519206 100.205 191.434 18.33
11.5092 16.4787 -1.27985 -20.9487 80.7261 -60.8857
12.7748 -7.61993 1.88906 103.117 -6.39605 -158.013
12.5427 -21.3017 6.71866 79.7979 170.212 -139.836
12.7703 -6.67177 2.09694 99.2289 181.93 -117.885
11.5255 -0.454632 1.02123 -24.6608 242.832 -92.2315
11.8503 -0.661481 -5.88093 2.17626 205.658 -29.5683
12.5264 -5.1842 -0.776383 69.1577 230.292 -2.68578
11.8638 4.01729 -12.1685 -2.32132 94.9995 -17.5984
11.9014 -0.382016 1.58447 -4.54322 209.48 -124.529
12.549 -7.07532 2.64347 52.1956 46.5613 -215.393
12.7068 -4.39761 -1.17184 63.0212 176.335 104.165
11.2146 11.0556 -0.407544 -86.6932 103.926 87.8991
12.1449 16.1273 -0.11506 1.42263 45.7285 -38.1747
11.4681 13.2176 5.67394 -66.9905 202.598 268.654
13.2094 -10.1271 0.630669 89.7052 79.4881 -94.8143
11.5533 14.8289 0.940973 -80.5784 40.6637 28.5815
11.4973 11.2509 1.04842 -87.431 117.115 -66.1772
13.1302 -3.16034 5.30921 72.9917 -45.9441 22.1317
12.4144 -0.211801 -0.792748 1.03792 228.29 29.8838
13.6381 -9.83735 -0.469265 120.307 132.348 85.222
12.9449 -18.1604 -8.08101 51.212 3.39974 45.1116
13.3378 -10.1246 -0.951548 89.4578 70.2494 73.6555
11.325 11.1452 1.02808 -112.689 35.0749 -168.428
13.02 -3.752 0.59391 55.2168 197.08 -3.79071
12.3591 49.544 -37.4037 -11.8641 115.783 -91.1648
11.6407 9.17005 -2.44718 -83.4578 187.479 115.335
13.3438 -12.6425 0.512479 79.8728 38.9416 -114.856
11.3834 10.5888 0.824213 -121.428 134.361 -44.1178
13.0996 -13.5609 0.0398837 44.7296 -5.36815 75.2898
12.6666 12.4232 -0.802467 -0.0465314 47.5394 33.4467
13.3629 -13.8475 0.765326 68.3987 15.7821 45.3015
13.8742 -12.4041 1.35205 117.921 114.67 20.4537
12.1441 15.5823 -0.699179 -54.1861 83.577 8.02843
11.4453 9.58834 -1.05869 -127.606 80.4446 80.6955
12.7679 -0.804448 1.33661 1.65463 205.323 -138.939
12.2882 12.2511 0.725875 -46.1156 85.6254 -124.081
12.2177 8.78413 1.29072 -53.7114 38.2098 163.794
12.5403 11.9221 0.318685 -21.7027 65.289 -84.7502
12.4492 12.3928 -0.356845 -38.6925 10.6439 36.185
12.0202 12.0601 1.03926 -82.4754 211.544 -92.514
13.1322 -1.71646 1.11591 26.2104 197.576 -76.2326
12.6119 -0.152463 -0.38326 -27.3478 221.787 0.532594
13.013 10.1222 -6.54709 1.72737 92.6426 -13.5466
12.2114 12.2381 0.0684169 -78.1027 110.707 41.7487
13.5812 -4.96154 2.31341 54.4907 96.1784 -182.052
13.1949 9.88887 2.28963 10.7611 90.7161 -31.7156
13.7121 -4.71676 0.321811 59.2354 189.027 -56.6254
13.8595 -9.03017 1.27198 72.8248 60.1693 -100.987
12.2826 10.6701 -0.100923 -84.0176 132.687 27.7628
13.8525 -6.23506 -0.507772 70.8991 119.949 77.4693
12.7947 -2.52419 -7.71499 -34.3357 -67.8498 13.1932
13.766 -12.9807 2.69393 61.7211 15.3628 -39.9335
12.6486 12.5546 -0.596747 -50.6819 90.5418 15.7049
12.9239 3.69358 -1.51874 -24.2199 138.953 143.439
12.4696 16.492 -5.26847 -71.453 169.187 -119.587
14.0913 -9.45373 -0.532895 86.4774 83.0014 92.331
14.0774 -8.57274 0.208972 83.8681 107.129 53.5142
13.125 12.2682 1.22271 -11.361 113.599 -120.483
11.9348 10.2589 -0.592127 -134.21 159.568 21.1066
13.6002 -1.53513 -0.153634 21.872 198.258 -27.1489
12.9767 3.26984 -1.32502 -40.1757 180.074 122.923
13.6301 9.89566 -0.623578 19.6004 26.9838 97.5281
13.9413 -3.01234 0.55516 47.8934 185.555 -45.013
12.8545 9.96618 0.349254 -68.9049 310.464 -25.1196
13.8472 -1.55946 1.14082 26.2464 181.613 -76.6028
13.099 9.30832 -0.2781 -50.2517 111.275 103.009
14.5468 -7.52886 2.11122 91.6403 200.08 -146.501
14.4444 -9.55213 0.428944 79.9568 75.3684 -9.53753
13.9585 -1.88342 -1.75219 31.0058 66.5052 200.889
14.3447 -5.69479 -1.28498 69.1201 119.266 68.8188
12.7421 11.0333 -0.00937444 -94.0339 134.362 18.5413
13.3649 13.2183 0.130824 -32.4589 47.2577 -21.1094
14.3551 -5.17189 -6.26001 64.7438 38.6733 64.3435
14.1429 -11.1439 -1.20427 38.7079 -4.74791 96.4534
14.1637 -2.44307 1.35455 39.5066 123.496 -130.113
14.1997 -2.81905 0.564534 40.4027 191.625 -14.8674
13.9222 -0.284888 1.26435 10.8905 161.525 -130.885
13.9014 9.72999 -2.45813 6.68486 -21.0358 -28.963
13.4201 9.76496 1.29 -41.6343 97.7108 -61.8691
13.7863 8.93091 -2.16172 -6.33966 67.1147 138.237
13.2213 11.9797 1.10202 -63.109 118.463 -98.8333
14.4761 -12.3027 -0.120909 60.849 17.3792 -82.8329
14.5946 -6.06756 -0.925238 65.2052 146.184 -54.4784
14.8659 -12.5802 -0.0781485 85.3517 52.9633 -26.1858
13.8851 10.6778 -0.60075 -12.3491 65.0263 144.045
13.6177 7.06291 0.550113 -41.4598 134.086 -71.6711
14.4101 -2.34471 1.6103 35.7615 139.798 -125.862
13.0945 9.88614 -0.699041 -97.9182 159.091 13.7734
14.5107 -9.82696 -1.40183 42.6945 16.5926 -39.4763
15.0351 -11.2855 0.446425 94.0432 70.131 -78.8292
13.5335 6.26803 -4.40761 -62.5103 209.594 -57.6461
13.187 8.48823 -0.136989 -99.0751 166.396 85.8133
14.0279 0.881558 0.323931 -19.4642 217.805 -14.8059
15.0998 -7.30593 -0.0333594 83.5614 135.931 89.4429
14.7407 -3.36993 1.46617 47.4929 114.514 -141.21
13.9024 18.7957 -1.76237 -36.313 205.738 39.5488
14.1636 2.04721 -1.50109 -10.6471 154.833 149.609
14.9007 -4.73846 -0.215334 61.656 164.689 -1.24177
14.3103 8.97711 -1.10172 1.27268 60.5797 121.633
13.2617 11.3215 6.02044 -103.927 97.1494 -86.7045
15.3034 -9.09457 0.170702 94.6728 108.038 -16.0312
13.8103 5.13052 -0.252564 -54.2302 166.219 18.9434
14.7796 -11.3957 2.27229 41.4553 -2.95916 13.33
14.5644 -0.555843 -0.0114226 18.3955 175.06 -77.9552
14.0854 9.34345 -0.377609 -30.3972 93.7443 0.804823
15.1425 -6.15752 -1.36211 73.4885 141.31 73.2277
14.3641 11.1528 0.614927 -5.86569 61.5738 17.5492
14.8812 -2.97411 0.894754 45.4935 107.734 -157.228
15.3471 -12.3587 2.23306 90.7698 62.2009 58.7602
14.0899 12.4787 -0.484892 -36.452 93.5645 24.6605
14.642 0.860419 -0.95337 16.0868 111.12 138.055
14.4498 4.34944 -0.871927 -6.93152 117.574 112.336
14.1088 14.1736 0.173595 -46.4667 93.9888 -72.344
14.152 13.311 0.678925 -44.2368 98.9309 -52.0785
15.3846 -6.76151 0.435966 77.4714 41.7669 5.58139
14.9685 -13.1702 -1.35673 34.9411 -16.5709 79.3229
15.5628 -10.1384 0.536178 90.6556 96.0526 12.765
13.3693 12.7275 0.327507 -129.758 -40.6219 -9.11911
15.0743 -7.57504 0.523845 34.7673 114.03 -50.9229
13.4179 18.2821 -2.69715 -131.989 -14.9486 126.681
14.4944 5.049 -1.15537 -26.9175 122.363 127.047
15.536 -10.3716 0.147918 76.2677 108.428 30.0737
15.2997 -5.33355 -0.0972474 52.007 83.7723 82.779
14.6222 11.1548 1.13577 -16.0865 75.5351 -37.0477
15.4614 -5.85123 -0.628539 67.1781 129.639 140.827
15.5346 -9.43729 0.736846 73.046 -17.1498 -50.4107
14.5273 5.79721 0.250847 -30.3059 190.716 -59.4157
15.5155 -6.07547 -1.72211 67.0017 122.4 110.197
14.6351 1.19783 -0.431186 -23.4158 196.921 66.5276
14.7228 15.1284 2.68218 -15.4157 51.5836 -109.768
15.5739 -18.0568 9.77658 65.7272 24.2989 81.9396
15.6145 -9.66265 -0.541967 69.3351 54.2216 127.1
14.6709 2.14617 -0.773817 -25.2667 187.479 68.3301
14.8041 11.3313 1.40157 -15.4241 73.1586 -64.2977
15.0597 0.199123 0.896126 6.48631 186.131 -58.3567
15.1654 -5.3815 1.61299 13.4273 -71.1587 -83.5662
14.6513 12.6058 0.590907 -38.2623 98.1921 -68.5414
15.0169 0.813092 1.04921 -2.45991 171.314 -89.7562
15.6931 -8.45577 1.87728 59.0947 131.634 -73.8029
15.7244 -5.28525 -3.15401 61.3667 74.4138 30.2482
14.9244 13.6225 -2.14201 -20.1489 88.2935 7.38738
14.962 14.3485 -0.00128312 -16.6548 74.0517 -60.7915
15.0523 5.13602 0.747315 -8.48001 157.745 -61.5915
14.903 2.26181 -0.361231 -25.2139 181.856 24.1061
15.6464 -8.37235 -0.0428524 45.6631 20.0266 86.5412
14.6972 10.5062 -0.0679378 -54.4515 119.807 89.6536
15.4641 -0.0286552 -0.647158 20.8473 149.494 73.4045
15.3131 5.00548 1.24765 2.79888 86.1969 -112.397
16.1385 -10.5396 0.306481 83.4961 73.44 7.63663
15.7865 -3.04315 -0.343556 47.6017 147.726 27.9088
15.8512 -14.252 -0.21062 53.6057 0.533652 -47.4098
16.0764 -9.04381 -0.432498 75.8687 70.8709 48.3701
16.0213 -5.78527 1.12601 65.5761 105.866 -43.7678
15.3008 4.98198 0.738953 -6.87722 108.135 -101.009
15.0607 4.24462 0.582036 -31.7069 144.051 -42.1955
16.0809 -5.99216 -0.164154 69.0022 125.11 94.2274
16.1461 -13.6805 -0.145514 74.3547 28.3414 -31.1255
14.9897 0.589827 6.44682 -42.0556 158.512 70.468
14.7901 6.47062 -0.817777 -62.6212 104.871 78.0507
15.4104 9.46288 -1.27292 -3.10976 67.8161 97.9825
15.7427 -0.828698 -1.58721 26.9111 128.41 118.814
16.3008 -4.4991 17.1417 80.5451 126.47 118.668
15.7257 -0.344354 -0.96679 19.3607 161.704 17.631
15.6804 3.24267 0.918603 13.1541 73.5207 -109.705
15.5537 12.1955 0.936063 -0.290795 58.9418 -9.48064
15.6306 5.55712 -1.9894 5.5488 65.5378 189.274
15.9487 -8.20598 1.91287 33.6668 -8.0221 -121.036
16.2647 -9.03355 1.22886 63.0169 48.1246 -45.0831
16.3308 -11.6717 0.592705 68.1023 36.3793 -96.4922
15.9151 6.38951 -0.916571 7.69676 60.392 102.054
15.4432 4.60008 -10.0095 -40.0007 130.613 113.462
16.3444 8.15616 -0.730295 44.4184 78.1463 64.2221
15.5532 10.147 0.936936 -34.8913 110.811 -65.7025
16.2731 -0.834902 -0.626634 28.6549 132.562 99.349
15.5464 3.24696 -2.15907 -43.7672 -76.4384 -4.00953
15.662 2.31489 4.97485 -33.9819 18.7946 7.0192
16.5096 -12.3592 0.296545 43.0128 -6.72807 -34.0696
16.3343 6.24031 -0.362575 23.5313 29.2907 14.5286
15.3017 9.21612 0.411529 -79.1708 157.836 -11.1745
16.1754 20.4755 5.14475 6.99281 214.866 171.145
16.2089 1.63945 -1.15041 8.95131 105.551 146.714
16.8128 -7.16685 0.425147 63.7617 68.4377 40.6566
16.1161 12.7556 -5.82379 -22.781 38.5316 100.928
16.6113 7.65016 -0.137967 25.077 74.6476 -29.8998
17.1333 -9.14144 1.17323 75.6103 78.0973 -46.9723
16.2901 3.72657 -1.3722 -9.78049 142.122 83.5175
16.2432 12.6544 0.487356 -15.606 296.359 101.086
16.2757 6.35516 0.490554 -12.8724 111.315 -106.21
16.4496 6.74985 -0.367822 0.0634844 83.6489 -15.6631
16.68 0.710409 -1.45242 19.8458 91.7635 93.4758
17.0776 -4.78256 -0.294704 57.4948 122.351 3.87884
16.7381 0.341421 0.864941 22.8737 109.261 -102.445
16.9955 -5.50435 1.79927 46.8852 51.3673 -111.896
17.0325 -4.96195 -0.472213 49.8998 77.4481 37.0976
17.1512 -10.6108 0.494263 61.0294 31.2538 -10.4764
16.6479 3.91739 -0.358012 8.81149 85.5208 93.2213
16.6133 7.85046 1.63085 3.62079 69.9818 -93.8191
16.5832 5.15936 -0.750399 -4.87867 118.21 102.274
16.9205 1.87202 -0.395076 28.4991 36.0945 84.4145
16.8926 8.5181 -0.0841431 25.1397 38.936 -2.56211
17.1302 2.168 -0.0815194 43.5774 148.695 -4.07064
16.8183 -0.464474 -8.94178 12.0214 1.97304 54.6316
17.1142 -2.2964 0.172552 34.6502 114.51 35.8256
16.9762 1.01107 0.0536608 15.0326 135.754 58.4068
16.9311 8.95492 0.221948 10.1145 28.3822 -45.6868
17.5741 -9.67204 -0.792464 70.9554 60.5998 86.9492
17.2178 -0.804679 -0.0186514 34.1896 103.235 -0.621877
16.3623 11.1787 8.64199 -54.2947 56.9588 -210.492
17.4244 -6.03674 0.769152 49.9824 35.5005 27.3313
17.8658 -7.99653 0.823744 91.5634 81.1233 17.7614
17.5052 -5.82436 -0.109229 53.4241 67.9519 94.2332
17.376 -2.05883 -0.0962293 39.4838 52.2429 27.7549
16.8453 11.4015 -0.322133 -15.3024 84.9183 -80.564
17.7635 -7.45695 -0.274403 74.528 102.164 58.9225
17.1049 10.8883 1.44746 7.55542 89.2034 -29.8463
17.5291 -4.35653 -0.0345617 45.9146 69.377 -24.3972
16.7914 32.0896 -2.39118 -29.1547 60.3768 -15.6342
17.2778 6.33799 -0.780736 15.6888 55.383 57.8503
17.809 -9.2284 0.327459 67.3137 57.3238 45.8337
17.3821 6.29596 0.658142 10.9606 62.3802 -95.6696
17.5292 1.18119 1.51809 21.6016 117.22 -118.255
17.7371 -1.66338 2.02884 39.4062 108.745 -80.2687
17.9519 -9.33502 -0.546782 49.8993 15.0633 60.7755
17.7441 0.596016 0.84022 26.0719 91.0143 -100.433
18.0642 -4.60537 -1.23048 51.6014 82.9646 102.208
18.2504 -5.86817 -0.779399 66.9764 126.198 33.6644
17.9793 -0.506972 0.44305 31.5536 102.156 -11.3064
17.9467 0.204023 3.91731 27.7265 -11.6977 -37.0338
18.2737 -6.18061 0.623361 59.6406 80.5445 19.9065
17.4524 7.90785 -0.0499549 -23.0266 115.506 17.7891
18.5314 -3.46975 -4.70582 83.8892 53.2999 77.5689
17.5817 6.26353 0.885677 -14.3626 -49.4259 31.764
18.1984 0.711322 -2.57786 46.1451 73.0984 58.6373
18.1095 -3.49018 -1.39295 36.3678 57.9301 -131.738
17.8028 6.17849 0.621343 5.66957 90.4793 -92.2866
18.3998 -11.1389 0.241021 54.0427 14.1248 19.3466
18.1505 0.383847 -0.812263 28.6078 103.786 -12.3396
18.4346 -4.6684 -0.306293 54.8558 80.8648 3.03148
18.1756 0.839276 -0.0126113 28.8859 69.0092 -9.76826
18.342 1.79886 0.415083 43.2222 73.3592 19.857
18.5849 -7.83755 1.12655 63.2537 59.221 -16.4275
17.9452 3.63932 -0.765439 -2.23448 128.932 64.0068
18.1655 6.73224 0.357107 18.2653 51.61 -64.8112
18.4203 -7.50175 0.980844 42.7357 37.7681 -23.737
18.6738 -6.26446 1.02694 58.8179 77.4314 -21.3284
18.4664 -0.4247 1.81765 33.4561 104.847 37.595
18.3323 6.36341 0.12535 15.8325 68.3614 11.5058
17.8829 40.0004 -6.99209 -32.7077 3.45529 85.5524
18.743 -2.86746 0.268498 48.6946 96.6837 -38.9514
18.6855 -2.38224 -0.499003 38.8464 74.4412 71.989
17.7331 10.1934 4.39921 -58.1972 215.492 -49.8217
18.8516 -6.04057 1.70604 52.4279 49.9359 -93.2029
18.8247 0.538804 0.415044 35.3765 34.9977 -98.2747
18.6267 2.09201 1.40958 14.5244 45.2585 -74.8012
18.8012 7.09519 0.788005 23.4767 41.6333 -111.757
18.6047 4.76637 2.62287 -1.68813 129.536 -50.6187
18.8463 2.22838 -0.308825 18.5601 89.6872 60.9973
18.9059 4.32818 0.0121844 11.483 86.8991 -19.9845
19.2291 -2.31273 1.26167 40.3813 61.7686 -115.208
19.1003 -1.42742 2.5089 25.3478 121.983 -57.9524
19.3543 -2.41023 -0.823021 44.8299 70.5909 107.255
19.0056 -7.14145 0.447648 -1.16958 5.50371 50.898
19.4916 -3.53509 -2.30046 46.4344 66.6422 -9.71971
19.4611 -2.55099 0.116805 43.3174 84.7277 7.12924
20.0359 -6.48985 0.930026 58.4502 59.7297 -4.76297
19.8508 -0.580154 -5.38278 39.5022 78.5124 -24.0949
19.8074 0.257013 -0.571427 34.8725 69.7662 4.15843
19.5005 4.03303 -0.097709 -0.867244 132.181 -8.73667
19.8644 -15.7698 9.51062 28.9567 89.5628 -165.164
20.0196 3.01944 -0.534215 36.0096 15.883 -20.8536
20.2957 -0.4173 0.516057 36.3042 98.807 -14.4486
19.7484 7.74885 -0.153033 -70.2329 101.684 31.7265
21.5343 -2.14589 0.00239074 42.4887 22.0605 21.3656
22.5959 12.9805 14.9212 5.80811 101.114 2.34355
nan nan nan nan nan nan
19.6018 -2.34621 1.05798 36.0241 -60.2568 -62.5167
19.837 -2.69776 0.0978716 42.3611 96.9195 9.50991
