-17.19 3.29698 7.48669 95.1972 -281.216 -56.4889
-17.0196 -5.85809 3.2615 91.5952 -68.1178 0.616036
-16.0495 -2.92226 -9.77535 96.1605 -82.6328 64.4002
-15.5359 7.98081 0.122655 34.1617 -317.632 4.53891
-14.6092 13.5406 1.24842 80.7635 -98.5325 -8.0994
-15.3611 -0.270223 3.30432 4.83091 -212.128 -8.81361
-14.3458 1.33525 5.74237 62.0173 -236.859 -41.8085
-13.7454 -2.82815 4.25944 48.6655 -193.866 -30.9916
-14.3324 7.81174 -5.04995 -15.4224 -168.641 55.405
-14.8824 -10.4383 8.96759 -91.2124 -210.378 -33.9601
-13.6798 -7.19419 0.665167 14.3007 -86.4546 11.3024
-14.7239 -9.06981 -0.715163 -91.7978 -130.682 0.853138
-13.1961 -12.6048 2.04466 38.7178 -232.339 62.2938
-14.2404 4.16478 1.56865 -72.353 -205.753 -3.95457
-13.1737 -3.66901 -1.54984 8.2575 -234.873 19.1632
-13.256 4.06402 7.80642 -24.7435 -173.289 -39.281
-13.2098 -3.4718 7.99332 -26.4105 -168.9 -59.7495
-12.4402 -5.01576 -3.63304 46.3073 -207.262 20.6138
-13.5908 -0.206475 5.36802 -69.9597 -156.435 -29.5018
-14.5028 2.02146 1.97307 -199.009 -145.573 -14.7401
-12.4254 2.61573 -12.3664 4.70652 -145.69 72.7093
-13.1898 2.48838 -3.06295 -72.4475 -196.528 13.2005
-12.4592 -2.78749 -3.11562 -6.05612 -229.127 26.7512
-12.4824 -0.348962 8.1007 -8.47201 -179.307 -45.1686
-13.1263 -0.114653 -8.31745 -104.002 -185.841 -26.5754
-10.8057 -10.3621 4.25357 113.658 -81.5411 -85.2161
-12.6378 -3.72668 -10.5872 -76.3125 -151.325 75.6782
-10.6426 -8.71715 -0.958332 115.021 -164.764 11.7144
-12.7978 5.49677 5.19213 -105.644 -188.187 -43.174
-12.1824 -3.93034 1.94229 -47.9186 -235.51 -34.3284
-11.4234 -3.72208 -2.50133 27.2829 -204.585 -3.07836
-11.07 -5.14823 -8.07995 62.0674 -175.004 59.3377
-12.126 9.48524 -7.2284 -42.9332 -26.0814 13.4891
-12.6804 4.33099 1.18689 -105.143 -201.056 1.15055
-11.9881 -6.4022 0.965206 -55.7776 -225.763 -4.18996
-11.94 -1.63808 -3.1162 -57.127 -239.975 -4.04351
-11.7769 -0.822531 4.44416 -42.035 -197.943 -37.4658
-12.7143 4.60594 -0.881686 -141.274 -192.404 0.923666
-12.2646 2.2563 1.11128 -102.966 -201.834 -9.56977
-10.6027 -5.663 9.40299 58.1683 -195.102 -50.8439
-10.2242 -7.64294 7.71005 92.0766 -176.018 -52.6962
-10.116 -7.32586 -0.278532 91.7509 -209.694 2.63542
-12.7323 7.53603 -5.27005 -181.243 -234.173 -26.4861
-11.4827 -1.7871 -1.51218 -58.3077 -216.854 -0.758383
-10.409 -13.7985 -9.62963 31.78 -251.001 -28.9975
-10.5632 -4.3536 -3.03741 9.38728 -216.372 21.7953
-11.427 2.34608 1.70934 -102.712 -196.624 -13.2923
-9.11936 -9.7811 -5.79735 123.326 -138.775 40.8152
-11.2206 1.11357 -4.49633 -91.5586 -195.425 22.0434
-11.1979 6.32571 -6.0631 -100.386 -254.39 35.9049
-11.029 0.428526 5.45786 -88.5698 -186.208 -41.0342
-11.7837 -2.43832 -17.0729 -166.921 -163.151 6.77625
-11.0584 6.39883 8.16003 -95.3449 -207.333 -31.0188
-10.7286 -4.20988 1.00851 -64.7585 -248.128 3.13347
-10.3085 -3.44933 7.03383 -24.7885 -220.144 -26.2169
-9.33668 -11.8161 -4.24245 68.1428 -186.273 23.177
-11.4596 2.87903 5.08441 -143.811 -131.982 -30.9959
-11.0369 0.215722 2.45547 -104.951 -203.86 -22.6163
-9.49804 -9.88203 0.79895 44.1251 58.4975 39.1709
-8.89317 -8.21013 5.53486 102.937 -163.485 -29.6565
-10.841 -5.31669 1.21415 -95.8048 -198.205 -26.1541
-9.60592 -8.19502 0.193521 19.5892 -211.494 6.57877
-10.7749 1.48404 -4.38487 -111.505 -285.164 125.319
-10.492 2.84355 -10.562 -83.9987 -174.23 65.0184
-10.8238 13.3218 -1.68129 -117.43 -281.053 8.94854
-8.00428 -13.2802 -3.55052 159.129 -173.878 21.6567
-10.3197 0.16903 2.56997 -71.1219 -237.767 -26.6191
-10.7968 9.23382 -1.13832 -128.872 -184.247 82.7024
-9.70272 -0.98189 11.5624 -23.0175 -168.843 -67.3869
-10.9236 1.66305 5.38522 -146.968 -187.943 -46.0033
-10.6695 0.813421 -6.47296 -124.833 -204.827 38.4556
-8.85685 -7.17615 -5.41057 49.2906 -217.208 38.8449
-9.75683 -2.4237 9.49635 -40.211 -195.948 -53.001
-11.2896 -20.6807 8.75606 -196.341 -479.179 38.7729
-7.73428 -10.2861 7.54834 139.985 -131.714 -54.229
-9.39706 -5.75533 -5.98972 -26.0957 -243.381 25.2362
-8.09386 -3.69589 -5.8897 103.332 -173.65 -64.6011
-9.89561 -9.85563 14.0825 -75.9525 -221.754 -67.1717
-7.89313 -8.97588 2.32112 122.677 -166.633 -9.32793
-8.93674 -5.87951 3.80774 17.3923 -214.916 -17.2865
-10.7295 -6.25664 0.888139 -162.681 1.16345 27.8605
-10.4473 7.23953 1.26226 -136.499 -148.023 -6.87745
-8.63311 -4.34182 2.41782 38.9092 -265.398 -6.60408
-9.48635 8.65375 6.25705 -51.9353 -288.711 -47.9296
-9.98565 5.18753 13.0682 -101.883 -263.532 -207.996
-8.50933 -2.93891 7.01705 39.6545 -207.519 38.6366
-9.2038 -16.4526 8.3677 -39.2629 -327.931 94.0415
-10.4508 5.39183 11.9971 -163.417 -123.1 60.2102
-8.73119 -16.5608 -2.27248 5.5403 -404.462 85.4212
-10.3366 9.15064 0.838608 -156.931 -89.8088 -113.734
-9.5744 -1.09943 -10.4629 -82.5906 -188.317 72.0589
-11.4522 -0.744353 -7.6515 -272.698 -207.711 -179.297
-10.1398 -1.79254 -4.40751 -144.114 -218.229 35.7039
-10.5076 -13.1534 0.315678 -185.17 -414.493 36.7006
-9.40923 -3.5822 0.36554 -83.9444 -227.115 -13.6731
-10.0294 -1.04723 -3.4621 -145.795 -210.516 19.0911
-9.83844 1.77941 6.29188 -130.087 -169.192 -50.4687
-10.2034 1.31382 -4.40979 -167.397 -178.959 23.126
-10.4871 2.76316 1.08758 -196.258 -154.687 -8.6927
-10.2059 -0.0872588 -2.17885 -169.171 -37.4405 -63.0363
-8.99606 2.31184 8.76421 -54.5535 -209.742 -64.2691
-9.57458 -3.14939 0.844155 -116.636 -229.604 4.15201
-9.58468 -2.30675 9.09981 -117.763 -124.784 -100.931
-9.62891 -1.15285 1.24873 -124.487 -197.108 -1.07883
-9.93359 -0.72306 -4.39851 -154.873 -201.713 28.738
-7.25837 -3.24156 5.46355 110.115 -504.778 -77.7345
-8.52656 -8.42215 1.09486 -17.0359 -195.866 -3.36932
-7.02166 -10.3808 1.374 132.238 -204.27 -2.18189
-7.26932 -6.35692 -11.0415 106.776 -167.265 31.6415
-9.26034 5.66955 3.2272 -98.7228 -197.137 -13.0463
-8.93705 2.79742 13.9235 -74.2866 -145.107 -86.0479
-6.65491 -10.8644 -2.64632 151.806 -193.665 15.1991
-9.58465 4.3131 -4.56396 -140.868 -154.306 30.859
-8.35107 -6.71533 1.10987 -20.4901 -268.251 -3.87105
-6.53953 -5.00087 7.28759 157.803 -113.893 38.8225
-8.0786 -6.75075 4.3311 4.62981 -256.198 -19.33
-9.75617 6.37932 -2.82178 -163.182 -125.875 15.0869
-9.49188 0.731599 -4.36541 -138.418 -167.559 16.9107
-8.79678 -11.8474 -5.55723 -71.3466 -158.567 36.3481
-8.36382 -4.97966 0.338364 -29.0321 -244.615 8.75276
-7.48754 -3.12662 3.54 56.2042 -238.784 -26.5837
-9.53242 -0.932817 1.72472 -149.119 -197.78 -7.09005
-10.0376 -6.21991 1.43293 -202.325 -48.9421 -27.156
-8.3626 -1.98775 -13.617 -36.9038 -173.56 92.9814
-6.98615 -8.4763 -3.0636 98.1979 -196.06 25.8513
-8.29183 -5.39443 -2.78848 -33.1378 -240.242 5.95554
-9.77465 -4.36129 9.06348 -180.438 -172.348 16.8015
-9.42619 2.46219 3.28018 -146.953 -331.742 0.381567
-7.89177 -5.56533 5.93173 5.28821 -210.355 -42.245
-9.16825 -1.28771 -7.78308 -122.57 -190.918 56.1279
-8.75815 4.63126 -12.9587 -82.3 -130.772 79.4296
-8.88491 0.579986 0.745307 -96.4463 -213.143 0.363262
-10.2343 5.78153 -0.470308 -232.272 -117.152 5.72808
-9.17334 9.03787 8.02688 -133.889 -133.052 -48.3733
-9.39404 8.35316 -3.6764 -157.548 -168.771 28.0312
-9.70915 -0.886284 -4.63916 -193.046 -180.41 45.9122
-9.99389 4.05744 2.80341 -226.208 82.3542 -31.9196
-8.67099 -1.84666 -4.18324 -95.5847 -192.18 40.8475
-7.55166 -3.92949 5.0056 15.0994 73.7491 64.9397
-8.65252 -4.76774 -4.33541 -99.858 -238.89 15.3184
-9.16875 0.715008 0.245199 -152.226 -160.457 4.08623
-9.28639 9.67055 1.62707 -164.69 -121.952 -8.27637
-7.7595 -5.84973 3.35938 -16.7545 -242.07 -18.4879
-6.1949 -9.62066 -2.29199 138.636 -183.575 23.291
-9.8155 5.24075 -4.39006 -221.152 -124.522 -4.8706
-9.1747 4.66517 8.18434 -158.925 -124.15 -52.5509
-6.11866 -8.25601 12.9299 144.578 -206.979 -79.5298
-6.33737 -9.23654 6.31377 121.609 -192.17 -34.0371
-9.41287 11.0765 5.77748 -185.702 -305.769 -58.6002
-9.16836 10.0665 4.48141 -161.893 -123.508 -26.4447
-8.27806 -4.72994 2.94267 -73.5103 -230.725 -9.64503
-8.8094 -5.83597 2.34554 -128.368 -153.457 -14.6359
-8.91556 -4.08222 -1.32794 -142.551 -182.427 9.46132
-6.36231 3.90221 4.45749 108.996 -171.617 21.7276
-5.66886 -11.4911 -3.7086 176.885 -112.751 43.8062
-7.40206 -6.04849 -3.68944 4.33399 -235.024 30.9284
-7.08508 -6.4535 2.97396 34.8858 -213.501 -9.09367
-8.05355 -4.11469 7.22741 -63.2408 -210.448 -37.7086
-9.03921 11.1251 4.19494 -162.432 -117.121 -29.5926
-9.26672 3.32389 -6.59382 -187.517 -133.969 49.6047
-8.72984 -2.73064 4.81576 -134.767 65.5532 85.1837
-9.50369 5.79319 4.21906 -212.996 -110.756 -24.2872
-6.18475 -8.54243 -7.29189 113.453 -164.692 52.5217
-6.60007 -7.8098 -2.34772 72.0389 -199.711 10.7993
-5.45861 -12.3085 5.15916 184.091 -101.733 -43.2049
-8.99535 -1.84462 1.5593 -167.591 -208.679 21.7059
-6.35167 -8.43425 0.352377 94.4539 -224.635 -0.995151
-8.09611 -5.8393 4.79135 -79.5273 -250.554 -36.5201
-6.15277 -12.2626 1.88128 103.701 -460.486 -135.906
-7.34805 -14.2211 2.38648 -15.917 -173.309 -12.8008
-9.08973 6.53469 5.70011 -189.303 -118.685 -27.2338
-8.80649 -3.07353 -3.62684 -169.864 -209.906 31.7586
-8.95029 4.3597 6.49468 -195.361 -123.298 -44.4488
-8.65059 -1.55137 -4.56858 -168.622 -173.432 16.8474
-7.8705 -2.35847 7.83519 -93.5381 -186.913 -42.0861
-8.59514 -1.31741 -2.80375 -166.106 -172.567 5.79047
-8.60762 -4.82148 -7.95052 -167.656 -207.481 25.3071
-6.39955 -8.21542 -5.95125 50.8563 -251.718 33.1997
-6.63755 -7.38339 -5.63681 26.6079 -292.518 235.29
-8.48633 12.5364 -1.05264 -157.249 -124.251 3.86529
-6.51526 -7.53341 -6.71664 33.8536 -235.983 47.501
-9.18684 2.92535 -1.19886 -231.625 -97.0294 10.2898
-8.21741 13.3139 0.231906 -136.234 -113.99 4.29582
-7.07822 -6.59953 2.20788 -26.1706 -258.812 -10.9516
-6.55515 -4.27752 1.51899 24.5142 -270.215 -2.91264
-8.95771 2.17282 -5.83131 -215.424 -120.981 40.7737
-8.19367 6.36287 9.3522 -141.591 -116.637 -56.7738
-5.40283 -9.85588 5.85989 135.297 -186.255 -28.3548
-7.70203 -1.97965 1.95142 -93.3037 -555.137 -50.974
-4.73 -13.2593 -2.12928 197.318 -89.9394 12.9211
-7.38008 -4.44899 3.84968 -70.769 -215.043 -16.0142
-8.58566 1.46689 -0.742575 -196.347 -124.233 12.5684
-8.3658 6.73098 -4.06547 -175.21 -143.664 23.2424
-8.39993 3.85112 -6.41319 -179.013 -115.921 43.9245
-8.85955 1.60826 -5.19952 -229.88 -48.599 22.2364
-6.24915 -12.2793 3.52876 26.7896 -228.299 -12.6967
-5.1322 -5.07078 6.50768 136.227 -216.224 -43.114
-4.56175 -13.8096 -6.95268 191.344 -53.6777 45.7214
-6.16494 -7.57809 -2.66186 31.4218 -243.448 21.8698
-6.6097 -1.53988 -4.71385 -13.7637 -310.704 27.3719
-5.75508 -5.32332 -1.25083 70.5307 -248.716 4.28901
-7.84315 -2.32941 -5.22356 -138.327 -176.373 40.4504
-8.45882 0.0766585 -6.44989 -200.158 -130.232 29.5262
-8.23233 -0.894516 6.51142 -182.287 -148.344 -35.9718
-8.48076 -0.362617 -2.53678 -208.08 -176.523 -1.68965
-8.03109 8.17008 9.71116 -163.473 -105.28 -60.2062
-7.98722 -1.6954 8.90906 -159.26 -161.387 -68.046
-8.73341 4.18817 3.80105 -234.608 -73.4257 -28.1651
-4.99948 -11.8111 -2.09425 136.275 -216.896 -64.1602
-8.62779 0.756455 0.62111 -227.05 -111.639 -7.50387
-6.54903 -3.7817 -0.134982 -21.3635 -284.669 48.3645
-6.43976 -7.38352 3.79576 -14.6733 -257.616 -29.7643
-8.4223 0.434773 -6.05239 -213.166 -107.71 42.101
-8.13898 -2.85094 -1.0545 -185.47 -176.322 -6.22075
-7.95881 4.74468 7.15854 -168.828 -113.301 -48.2524
-7.48975 14.7275 -6.03683 -124.671 -121.373 35.9726
-7.98809 9.79796 -5.90373 -177.931 -99.158 34.3461
-7.85047 -2.1494 0.72609 -168.362 -165.252 -16.5023
-8.2373 -2.98235 -2.84209 -207.342 -121.691 21.2073
-5.01404 -9.17366 -6.71865 111.351 -186.69 49.0242
-8.1672 3.05761 5.74958 -203.282 -91.4072 -44.4044
-8.39551 -0.43571 -4.05384 -226.33 -107.293 29.5804
-8.64462 13.5788 -14.8217 -252.187 141.434 -27.259
-4.75806 -9.59165 0.169929 133.406 -193.369 7.99142
-8.02897 2.12974 7.52606 -196.693 -356.556 -150.765
-8.41647 -1.22056 -7.08017 -236.637 -106.415 48.9516
-8.46099 8.02426 -4.76816 -241.184 -46.6604 0.318882
-7.53134 0.372573 -7.82781 -150.705 -205.73 48.3198
-5.53965 -7.94244 2.4636 44.9988 -241.709 -20.0877
-7.25977 -3.78758 -2.96483 -126.416 -238.814 47.0665
-5.23845 -8.09097 0.974742 73.8993 -223.529 7.0706
-8.06459 0.360267 7.92904 -206.991 4.5129 78.1868
-4.91935 -11.8657 -2.25984 105.274 -159.921 75.4418
-7.82896 2.52979 -7.35836 -184.212 -104.746 43.8002
-4.08376 -11.7939 1.07319 186.994 -119.019 -18.0559
-7.57704 -0.658597 9.37754 -161.219 -141.629 -46.384
-3.88852 -12.7104 9.82827 205.09 -136.698 -74.2099
-7.92959 5.44229 9.35531 -198.115 -74.6806 -62.8797
-8.08571 -0.00470632 3.85968 -214.39 -104.558 -20.89
-7.83068 1.00899 12.333 -189.438 -100.542 -75.0905
-8.7091 2.43689 1.27367 -279.182 14.0904 -11.1849
-7.85104 0.267285 6.56828 -193.954 -107.789 -42.3504
-4.47257 -10.0108 0.433831 139.779 -210.888 7.03454
-4.18497 -18.3307 2.27814 167.073 -115.591 -19.4804
-7.96738 7.57266 3.45719 -210.448 -82.9524 -31.1385
-8.43143 6.11384 -1.13163 -261.172 -46.6135 1.38582
-6.63159 0.582653 6.5038 -83.835 -184.832 18.3871
-6.81337 -2.70497 4.51746 -104.154 -172.473 77.9979
-7.16143 -18.9613 14.091 -141.301 -651.729 493.989
-5.52942 -7.20835 -5.64157 19.6393 -223.899 41.9489
-8.3048 -0.62889 -0.965411 -257.722 -44.3284 17.2645
-8.26189 4.02884 0.546519 -254.596 -39.4968 4.64818
-7.39639 -1.07267 7.83326 -171.447 -138.768 -50.3643
-7.86415 6.37789 -7.84911 -220.477 -75.3048 43.6313
-6.21984 -5.30274 -2.03392 -57.6813 85.8541 -64.867
-7.47663 11.0027 -3.95015 -183.114 -99.5675 19.7773
-6.61135 -6.74766 -1.5973 -97.2544 -257.615 15.2444
-6.40111 -5.93809 -2.67485 -78.5136 -237.006 32.6447
-4.05665 -10.5389 -1.36305 148.218 -198.657 0.210947
-8.08579 -2.37049 -4.2829 -252.744 59.4643 20.0178
-6.23111 -6.37016 -1.763 -74.7863 -538.821 92.4342
-4.03318 -9.30852 -8.73164 143.059 -136.333 50.5285
-7.40285 2.69387 -7.02592 -194.002 -77.089 46.3216
-7.70964 5.11972 -6.43169 -225.377 -54.6376 42.4152
-7.77052 5.99262 -0.312183 -231.551 -58.7745 16.1371
-7.76704 3.67963 -0.5763 -231.996 -46.0504 5.25116
-7.52549 5.1047 6.33623 -209.426 -56.394 -31.4763
-8.00826 4.98788 1.37293 -257.531 -34.0728 76.821
-7.71668 -0.804551 -4.25534 -228.658 3.67328 -27.4124
-3.88859 -9.18778 10.1267 150.379 -107.348 -46.2828
-5.80355 -5.14958 8.95526 -47.2546 -210.963 -50.0327
-6.40212 -5.60112 2.05269 -111.179 -228.418 -25.0346
-7.71866 1.80701 -6.0809 -243.131 -24.7049 46.3625
-7.64616 6.47811 1.29423 -237.853 -49.679 -41.3231
-7.37518 6.34145 -6.56465 -211.701 -61.1268 43.1707
-5.46356 -10.4727 -0.109465 -22.9218 -248.826 -6.43991
-7.11766 -1.43609 -5.82876 -188 101.381 24.3856
-7.83049 7.192 0.516364 -258.86 -18.4123 -6.13378
-5.20052 -6.90851 7.95687 1.64833 -227.503 -58.9408
-7.50537 6.36049 -0.906011 -231.047 -47.2919 0.616321
-7.32063 -2.1245 -0.108948 -214.728 -121.988 2.34203
-6.85994 -6.33591 -0.444705 -169.393 -105.136 44.4595
-4.09357 -8.43485 1.48903 105.394 -191.374 -3.87463
-6.07266 -2.56977 3.60138 -92.0247 -246.564 -21.2436
-6.69187 0.24265 2.61033 -156.202 -169.176 85.2082
-7.63119 4.89345 -7.53339 -250.571 -4.6527 45.1004
-4.31355 -7.54493 10.2152 78.1749 -187.849 -58.8796
-6.61685 -3.65022 2.41483 -151.142 -173.085 -7.88789
-3.05972 -5.84394 -1.20257 202.035 -185.564 -7.14563
-6.48563 12.6994 -8.25816 -139.663 -104.824 46.1153
-7.05617 9.82889 1.55689 -197.784 -80.3267 2.33159
-7.1775 0.459665 -1.71212 -211.338 -130.278 17.2592
-7.12507 -1.51067 1.05627 -207.225 -89.7682 -3.25928
-6.56823 12.672 -8.98858 -153.239 -97.6124 56.5976
-3.37379 -2.54719 -4.75039 163.664 -223.771 29.9154
-7.57712 6.38785 0.36442 -254.873 -13.7978 -5.11663
-7.43891 5.68593 4.55624 -243.282 -10.4403 -31.635
-7.13475 1.1763 5.24342 -216.815 -41.1885 -39.3635
-3.76192 -9.58545 3.15085 117.954 -229.146 -12.9911
-3.84272 -23.7789 -10.1598 108.744 -176.22 19.2069
-6.42047 13.733 2.19715 -148.699 -116.678 -6.14345
-6.33339 3.57105 5.30384 -140.374 -97.549 154.411
-7.28607 5.27922 -7.13364 -235.114 11.4035 85.413
-6.0042 2.51038 -0.933297 -108.696 -219.875 -80.0468
-6.61986 9.78716 -8.4703 -171.838 -80.9429 53.2548
-7.43112 5.47079 6.82979 -254.389 -8.09586 -46.1827
-6.83082 8.93544 4.71807 -195.438 -77.7185 -30.606
-6.68563 6.18141 8.73575 -183.141 -68.2917 -60.71
-7.40704 5.82254 0.621237 -256.864 7.39044 32.5297
-6.25676 -5.69243 -2.21786 -145.683 -216.345 21.3067
-4.95056 -6.78286 -1.8919 -20.3246 -240.556 6.76059
-4.22078 -7.91095 -4.52691 52.1573 -232.584 11.8796
-6.9504 6.58034 -0.0273691 -223.334 -44.3025 0.547314
-5.31424 -3.97797 12.0946 -62.7131 -174.234 -69.9207
-6.78738 8.34611 6.25549 -209.17 -59.2555 -44.3983
-4.55542 -8.03727 -2.71447 10.8149 -264.516 24.3894
-6.50734 10.7363 -4.64573 -183.421 -84.7767 40.8419
-7.06835 6.17083 -1.92858 -242.148 69.8067 0.688988
-6.86884 8.03207 2.04766 -222.339 -32.3875 -20.7662
-6.05797 12.6173 1.30644 -142.561 -99.4932 85.6241
-2.9928 -9.02722 2.47903 160.87 -182.74 -26.3815
-6.2478 0.24952 -3.08808 -163.091 -165.385 -10.7643
-6.61448 8.09512 7.91856 -201.93 -57.1615 -43.0983
-6.91032 7.35753 -5.84913 -232.256 -36.9318 17.7009
-6.99844 3.43814 0.96815 -241.467 -59.7738 -15.3223
-5.8005 7.22954 -14.321 -126.745 -80.4866 88.8046
-4.33519 -5.98417 -9.56829 18.1527 -197.92 69.8813
-2.93071 -9.51094 2.1887 149.782 -157.899 -19.4348
-6.7171 4.19245 1.70642 -227.987 -2.70887 -13.3443
-2.54141 -11.4905 -0.135981 182.326 -127.249 -10.1662
-6.88131 7.26654 -2.46448 -249.111 -16.264 17.1348
-5.71029 0.871302 -15.4393 -137.489 -189.161 106.746
-6.74902 3.99045 4.84504 -241.279 -46.6586 0.146518
-3.79282 -7.4614 -4.03843 48.0156 -219.561 9.72374
-4.28047 -3.63578 -6.691 -1.21146 -227.146 33.8379
-2.23667 -8.71877 0.477793 201.35 -170.05 -15.2431
-6.97427 6.95293 -0.769841 -269.634 46.2628 -8.61212
-5.17509 -4.36 -1.9001 -93.3496 -200.725 -70.1433
-6.31894 3.8062 -8.22122 -207.916 102.121 40.3723
-4.49402 -5.4535 -9.38005 -27.1184 -200.691 62.0057
-5.61336 -2.06453 3.876 -138.579 -167.154 -42.8597
-5.94759 -3.55702 6.14524 -172.9 -132.187 -43.484
-6.71522 6.13392 -6.45237 -252.356 46.015 28.3071
-2.73479 -8.96817 11.8414 140.049 -147.217 -80.4074
-5.12032 -3.40064 -2.64718 -99.1719 -253.263 13.415
-4.54694 -5.01158 -10.2898 -42.4585 -168.992 -97.5726
-3.56081 -8.83043 -3.49303 51.3186 -264.185 3.07562
-6.41333 6.41466 -1.43777 -233.172 15.7657 13.1519
-6.3445 7.74079 -0.200334 -227.191 -103.517 3.09842
-5.79644 12.6319 -1.53979 -173.729 -85.2028 16.0097
-6.39632 5.77328 3.91206 -240.298 103.541 -25.2095
-3.80747 -7.35316 4.45407 12.7541 -240.613 -17.2335
-4.75022 6.72225 0.894035 -81.0906 -192.241 -42.274
-6.35339 7.35538 6.7414 -242.527 11.6405 -38.6846
-4.14835 -8.16536 2.37469 -24.7992 -275.758 -6.11791
-6.38295 6.65923 1.02859 -247.807 125.56 -12.9786
-5.6644 11.6514 -5.16669 -178.961 -76.2211 26.3845
-6.35258 7.26299 0.340828 -248.647 13.4891 2.07244
-6.05411 6.05208 -2.18783 -219.489 151.011 14.251
-2.65582 -9.73535 -0.365123 115.811 -243.255 9.71334
-5.79667 10.7598 -3.31217 -198.055 30.8598 20.3385
-6.0768 5.93934 -7.61648 -227.311 38.868 36.9552
-1.7876 -11.7331 -8.65748 197.401 -94.0705 46.6133
-6.11591 5.27054 1.22927 -234.046 53.5069 -23.4508
-5.73107 5.88823 5.44174 -196.883 165.829 -25.2281
-6.24108 7.89152 -1.80893 -253.571 34.3297 -1.11875
-5.88398 0.40422 4.21355 -218.252 -138.143 -24.8191
-2.73324 -12.8204 -1.84742 90.7837 36.8992 41.0479
-2.80139 -9.25056 2.62457 82.3743 -256.043 -22.3824
-5.91622 7.21239 2.46024 -229.327 18.7765 -13.7356
-5.43851 4.95191 12.9022 -182.775 -12.2495 -83.9862
-5.2932 12.6859 -5.13159 -170.41 -82.6828 26.4885
-5.95274 7.09606 5.68006 -236.808 34.0273 -47.9018
-3.49232 -7.39105 2.73311 6.21573 -231.101 -11.0721
-1.71757 -10.4718 2.08555 178.964 -116.199 -29.8042
-5.98305 8.0335 0.862348 -249.225 31.7035 -17.8338
-5.39054 9.56626 -8.35119 -190.647 -45.0153 46.5031
-4.64532 -21.184 11.2272 -121.721 -415.018 72.7417
-4.51538 -10.025 4.27867 -111.153 56.8907 19.893
-4.84884 15.9864 -0.733515 -147.334 -99.743 57.6851
-5.92997 7.6263 -1.56849 -254.826 62.6122 -4.86668
-5.44522 5.56677 5.1864 -210.572 89.4607 -44.6775
-4.35325 -8.90658 3.27242 -105.678 -175.789 -20.2882
-1.46291 -10.4328 -4.107 180.16 -111.647 25.4739
-3.63851 -11.6624 0.263453 -36.1977 -235.323 -9.8894
-5.40271 10.4041 1.84475 -213.256 -40.82 -10.473
-5.2437 5.77387 -0.391092 -198.03 137.544 -34.0785
-4.00686 7.86819 -16.3399 -78.3816 -66.1539 107.541
-1.66701 -9.4668 -12.2577 152.893 -63.7985 79.2371
-3.64773 -6.95584 7.67083 -44.0787 -245.87 80.7529
-1.94045 -8.77206 4.55494 123.946 -186.397 -36.6432
-5.07519 5.53566 6.38433 -188.997 135.474 -35.9926
-5.48655 9.79815 0.38534 -233.83 -6.81135 1.49168
-5.03841 8.64488 -8.47134 -189.663 -35.3294 51.7752
-5.00373 12.9065 -1.18194 -190.56 -66.4169 1.02596
-5.02935 6.12141 -1.62362 -195.468 108.613 37.343
-2.58066 -7.52023 8.9385 46.0643 -228.89 -55.858
-5.05579 7.98161 -9.84921 -201.351 -20.7612 71.4209
-1.0638 2.13976 -7.27989 192.298 26.3114 4.13162
-5.53315 10.5946 2.41578 -252.777 4.13568 -8.27688
-2.01091 -8.06168 -6.06009 95.8834 -205.072 44.7146
-5.31405 7.40558 -0.883227 -236.554 110.313 -0.42825
-5.07822 7.47378 -2.71903 -217.163 169.809 27.2694
-3.92643 -7.92796 0.737402 -103.375 -266.859 -64.912
-4.86314 8.59284 -9.19177 -200.719 -19.5775 56.2373
-1.21849 -9.35788 13.2993 160.728 -77.995 -67.6879
-5.28255 8.23935 2.56397 -247.686 80.2016 -27.8408
-1.47189 -11.2247 12.4295 130.597 -205.894 14.3223
-4.88566 7.7838 4.99031 -209.747 19.9089 -42.0638
-0.865424 -15.6592 -0.22941 179.713 32.5629 4.52277
-0.539698 -11.3882 2.65041 207.465 -112.57 -26.0456
-4.97432 7.82606 2.20404 -233.942 49.7952 -26.3033
-0.870506 -1.40484 0.713622 173.546 -111.528 -104.474
-0.286996 -13.5299 1.70659 220.612 -32.5294 -12.1856
-4.42182 12.6452 -2.97587 -191.388 -60.9403 16.8788
-4.66813 12.2701 -5.38417 -218.142 32.1783 16.1334
-4.94259 8.66649 5.60217 -246.784 83.7855 -35.9445
-4.73258 7.58867 -3.33184 -227.013 82.6797 8.8753
-4.17111 6.7607 4.47181 -179.691 164.642 -39.7898
-4.54891 7.20015 3.45187 -219.702 24.2192 21.8461
-1.92288 -4.017 -0.701275 39.9246 -498.788 -28.9741
-4.82834 9.99005 3.65926 -250.911 35.6465 -27.4925
-3.67103 6.85664 6.08229 -137.642 241.062 -98.3951
-1.14027 -9.45824 3.30385 112.279 -250.049 -12.2227
-4.45277 9.33803 -3.19965 -225.444 13.7633 9.416
-4.46363 8.26538 -6.06731 -230.457 120.297 43.3115
-0.0472579 -19.6445 1.46618 203.171 -146.923 1.92525
-4.67069 4.99227 7.08586 -264.963 13.5775 15.6567
-4.21012 10.8786 -0.215554 -220.183 202.806 -159.462
-4.10155 12.3015 0.0383419 -210.024 -29.4452 3.21826
-4.27945 10.5944 5.70839 -227.944 6.18391 -47.2433
-4.43467 9.43352 -3.41552 -243.955 68.3166 10.5257
-3.8401 8.32984 -12.0713 -190.535 8.99121 67.4529
-4.10358 10.4762 7.4748 -220.152 8.59282 -36.9888
-3.70353 9.68559 6.9115 -181.23 214.955 72.8851
-3.92799 7.46109 -4.87962 -204.535 137.749 44.6955
-4.06479 10.791 8.73151 -219.598 2.13716 -66.0337
0.390323 -22.0536 20.3163 218.748 45.8118 -113.63
-2.01728 -7.90963 0.273465 -22.0332 -251.02 -11.0457
-4.01604 8.28098 7.8672 -222.552 87.004 -59.8992
-2.28573 10.0211 1.03076 -55.858 3.57829 82.3092
-2.04642 -7.48502 -4.64553 -32.2413 -242.21 37.4497
0.366814 -10.6553 -2.85783 204.567 -157.274 -2.22177
-3.62536 13.7424 -3.54695 -194.575 -42.4126 25.7273
-3.99413 8.83467 -1.78132 -231.518 148.468 17.9893
-3.43808 6.47287 -14.2331 -177.018 60.126 80.9233
-3.50377 13.7192 -0.536317 -184.217 -58.1311 -5.1085
-3.72994 11.8912 -2.76767 -208.224 -3.92029 39.4888
0.232476 -15.9528 -9.66952 182.39 -147.732 83.1477
0.576763 -11.1053 5.7573 213.611 -77.041 -24.4389
-3.6324 5.00827 7.10823 -205.125 41.5288 41.1106
-3.86735 8.95133 3.11214 -231.476 70.9249 -20.0957
-3.50517 7.6948 -3.78956 -196.516 146.893 -11.2981
-3.75292 3.90448 -3.39283 -223.537 121.582 17.5291
-2.65897 6.73496 4.30695 -115.601 196.142 -12.049
0.0229372 -10.3702 -2.56473 150.777 -195.403 2.79068
-0.442194 -7.77206 4.52887 103.136 -191.257 -30.2545
-0.254678 -7.95257 -7.64981 119.68 -179.775 51.0055
0.593016 -10.5343 -1.25928 203.387 -102.305 14.0243
-0.392315 -2.37375 -10.3793 102.269 -182.333 1.31476
0.355225 -9.16368 -8.5315 171.548 -146.878 38.6483
-3.70552 9.89589 -1.86976 -236.597 -12.3448 -266.538
-3.52176 11.6474 5.08084 -219.088 -0.301555 -21.9813
0.911961 -11.8414 -0.134146 220.901 -47.5397 -0.538558
-3.56139 11.8857 1.7173 -225.235 67.1596 -17.4688
-3.36586 10.0904 4.77748 -207.286 5.68658 -20.5996
-3.86519 9.01625 0.629716 -261.026 53.0728 -19.1052
-3.4105 6.02292 0.105402 -224.057 58.8844 -8.11734
0.940637 -10.7603 -1.36657 206.194 -101.942 3.92368
1.12735 -11.6643 6.09819 223.452 -79.0989 -35.1767
-0.440882 -8.49656 -3.88896 64.5342 -246.978 19.2538
-1.24545 -11.8836 -0.242027 -16.2432 -157.916 -5.76545
-3.44465 9.88567 0.295654 -236.2 87.4342 -7.64521
0.443593 -7.79134 -13.5575 149.76 -134.251 75.4944
-2.8745 12.8184 6.82754 -184.554 -39.5937 -40.4062
-0.619877 -8.418 6.31401 37.709 -261.448 -39.0534
0.424617 -6.00021 -2.02621 139.702 -147.85 -134.999
-3.00268 10.4132 4.88784 -202.341 11.7778 -34.392
-0.893663 -0.040144 0 5.67808 -1.26364 0
-2.89623 8.17244 2.30357 -195.192 157.019 -32.7885
-1.78381 0.717521 -3.78659 -91.7586 228.513 16.4827
0.980707 -10.8323 9.21673 181.553 -32.8775 -59.7126
-2.89142 8.30563 -6.69019 -203.43 76.3501 37.5516
-1.66224 12.8558 3.93946 -84.9552 202.96 -0.408755
0.308273 4.37318 -5.05337 106.639 126.149 -138.556
1.62115 -8.33751 -0.231008 225.684 -65.5385 12.4745
-2.89841 11.9261 5.35459 -223.838 16.2121 -46.3059
-1.54451 -9.29702 -5.2729 -91.1993 33.3093 70.216
-2.77126 9.48514 -0.793098 -214.134 74.6428 -0.138959
1.35621 -9.85468 1.78782 191.578 -178.488 -25.3281
-0.232361 -7.90377 4.22576 33.3198 -246.745 -25.846
-2.41415 16.4488 0.245137 -185.606 -58.3811 10.668
-2.50066 -1.09132 -1.45166 -194.813 61.7068 -74.918
-1.12664 7.61484 -9.45956 -59.3114 233.303 47.0692
-0.710781 10.5029 1.41099 -20.8276 208.54 -15.7374
-0.325674 -7.54466 0.916723 15.968 -236.328 -15.509
-1.74314 7.57568 -4.89833 -125.7 198.519 46.9334
1.90237 -11.2393 0.915079 235.444 -72.2219 0.927429
-2.66941 9.72932 -1.52173 -221.981 122.479 14.606
0.939259 -8.33306 -1.65897 132.818 -208.566 -13.5132
-2.71681 11.0255 0.481731 -233.068 70.8386 -13.0643
1.47991 -8.80694 -0.386137 183.22 -138.471 6.87813
-2.0573 9.17264 -3.35117 -173.336 201.348 23.0544
1.8588 -9.73826 -5.22697 215.575 -88.6116 27.7332
1.45277 -8.58525 8.10185 174.94 -172.539 -40.8409
-1.3806 8.41714 3.35666 -106.734 237.624 -18.7166
-2.59739 10.1649 2.34027 -230.553 115.013 -57.3326
1.22747 -4.84415 2.30158 146.72 -161.613 -135.125
-2.3462 10.8689 3.08415 -211.796 46.3701 -30.4373
2.34808 -20.3233 0.476522 252.504 -32.8193 3.26238
-2.20157 8.92517 -7.12123 -200.955 130.545 53.8581
2.14473 -11.3851 -5.87775 228.44 -58.7642 35.8603
-0.0885342 10.297 3.63427 2.90652 223.602 -41.7096
0.406286 -8.52443 10.2236 50.523 -204.517 -69.6136
1.54034 -4.68322 -5.8359 161.737 -156.637 14.4
-1.82934 -3.25088 -1.89388 -174.004 -49.6854 120.063
-2.19776 9.88922 5.78778 -213.325 69.4828 -41.8524
1.13702 -8.19293 -0.640636 116.692 -216.758 -4.48075
1.88212 -8.82247 -9.02617 187.746 -57.5792 60.7013
-2.34166 11.1957 -1.04574 -232.069 52.123 6.33374
-2.23913 10.0777 -4.93695 -228.539 98.0644 35.8342
-1.44289 -8.4449 4.3917 -149.877 38.5146 -68.8317
-2.12753 15.8703 -9.84434 -221.457 -14.6234 51.3022
1.96837 -9.05145 1.37455 183.713 -201.245 19.4637
2.21716 -9.69752 -5.64161 207.259 -58.2644 34.4871
-1.78771 21.2798 -11.8525 -191.355 165.341 -7.16464
-0.525007 5.75982 -5.9177 -70.3594 -75.6793 -143.037
1.76613 -15.2129 -8.5309 153.86 66.5557 55.1249
2.19987 -8.97771 6.56206 195.753 -154.655 -36.8757
-1.57547 9.08326 3.63677 -179.924 197.09 -7.76696
-1.43751 8.59781 0.0240006 -167.11 159.931 0.194145
1.54666 -7.97848 2.6328 126.965 -183.985 -24.5683
-0.886893 17.3892 -3.65165 -121.515 -99.2453 22.0261
-1.36462 8.82505 -8.83152 -171.799 166.169 55.0401
-1.62648 9.47861 4.89199 -205.889 84.1482 -27.1044
2.62138 -10.3351 1.93074 212.558 -33.8027 -11.0299
0.278566 7.53996 -1.39119 -21.0627 233.42 -6.04899
1.50628 -7.64755 -3.53724 100.185 -210.629 16.6499
2.50641 -8.51025 2.61623 199.09 -107.808 -37.8743
-1.54466 10.0312 -5.98701 -204.485 79.3533 41.9823
-1.39378 9.28522 -4.28375 -194.302 90.2204 27.4935
2.47232 -8.57244 -6.18221 187.385 -185.197 21.0998
2.40616 -5.61102 5.19097 170.834 -201.726 4.82077
-0.190953 8.12479 8.9453 -88.8394 231.826 -57.9454
2.90557 -10.9857 5.14292 216.392 -20.4285 -28.5446
-1.08219 8.99771 7.74407 -183.381 117.434 -41.514
3.05445 -11.0024 8.95146 219.58 -16.3838 -65.1742
2.45609 -16.9264 0.647316 159.073 -126.992 -0.810161
2.44546 -8.77626 -1.50671 156.358 -230.373 2.3278
0.0123948 7.90589 -3.11949 -86.9915 231.725 -26.3024
2.9245 -8.38239 4.91814 199.558 -157.364 -50.5744
3.09866 -8.67937 -5.14289 211.28 -69.9447 31.2593
3.29777 -10.5497 -3.37289 221.357 -26.0638 25.6936
-0.869474 9.54269 -4.89896 -195.28 123.651 39.2425
3.28749 -8.76876 8.54788 211.297 -76.4025 -50.4141
-0.315056 8.68474 -3.00524 -147.076 191.376 17.0185
3.13476 -9.24216 8.68124 195.155 5.10965 -55.9073
0.19596 8.86164 -1.24978 -97.6773 247.225 6.75266
3.75934 -11.4209 3.13588 248.937 -38.2353 -12.2027
0.0970035 7.89977 -5.43737 -115.904 194.548 40.7434
3.734 2.03043 -0.341754 243.292 8.23922 -4.08951
3.69773 -9.99769 -2.75188 238.201 -50.5389 10.2551
-0.747106 14.3398 -8.12932 -204.218 -15.3749 36.5303
3.28099 -4.9589 4.52108 195.414 167.569 3.08559
0.341004 5.47823 9.67656 -97.0925 242.223 -69.0848
-0.517489 9.71757 0.913911 -184.638 190.366 9.37108
3.06159 -6.90637 5.87011 168.738 -146.074 -32.9741
0.404718 9.63867 6.9348 -95.4831 256.36 47.9574
-0.646528 15.0628 0.822663 -203.76 -16.7747 -15.7676
3.66081 -8.5733 7.64269 221.066 -59.5691 -53.9107
-0.51187 11.4582 -4.98812 -196.035 43.2129 27.2402
0.475517 6.40074 3.88907 -98.127 201.603 -25.3172
3.72783 -11.5345 5.14468 223.316 -1.4816 -42.2712
1.46686 7.95059 0.8315 -1.54714 249.586 2.35855
-0.1213 9.06639 -8.95777 -164.633 146.083 55.9319
2.32473 2.21842 -8.62459 77.2156 -140.019 -77.1631
3.97232 -9.25994 5.57249 240.457 -85.0644 -37.0362
-0.517447 3.59721 -10.4152 -206.303 94.2781 59.9642
4.0109 -10.0874 0.761731 239.895 -59.7755 -10.6522
3.7724 -8.51495 5.36943 216.128 -155.029 -31.8295
4.05046 -17.5045 -0.904184 241.251 -103.441 8.04281
3.89666 -8.13468 -8.06003 225.478 -113.923 45.1832
-0.176985 9.40514 3.28994 -181.253 142.242 -27.1491
0.106702 16.4496 4.41262 -156.209 116.4 -13.019
0.374008 8.17818 10.9707 -130.904 174.296 -80.7782
3.73859 -7.48476 -0.653265 202.281 -105.996 16.7815
0.494668 5.63531 -4.03029 -120.219 157.792 -81.964
1.05125 7.7721 7.82503 -70.2578 220.051 -62.1851
-0.0827686 14.5062 -2.57112 -184.648 -33.1401 5.72377
4.05811 5.32811 -2.75095 207.847 18.115 53.6726
4.2815 -8.081 -3.38458 229.997 -97.8995 28.5096
0.407889 9.36767 -4.06104 -154.821 215.002 43.3999
1.63025 8.74963 -2.68848 -39.5607 269.527 5.34481
4.08933 -6.83801 -1.08503 203.286 -97.0941 -53.2918
4.11773 -8.92528 -5.7718 205.888 -3.67296 49.558
-0.208137 13.3195 0.514507 -227.153 88.1565 -26.8159
2.23742 7.48717 -6.43964 14.9211 237.685 49.1308
1.34525 10.6368 16.2285 -79.8223 -40.5194 -106.726
0.300813 9.92674 -4.02803 -183.965 181.16 40.2965
1.08953 8.30099 2.41688 -106.902 199.232 -13.0965
4.16196 -3.88625 0.308587 197.501 47.8315 104.342
1.94144 8.48661 -4.03533 -24.5336 263.258 22.2274
0.704767 9.42213 -5.69883 -148.369 199.619 52.8421
4.70393 -5.39358 0.258303 248.322 -48.5077 36.2235
1.73691 16.325 -0.514596 -48.3728 241.421 1.66384
1.39772 8.99388 -0.048709 -82.836 258.248 4.4236
4.55479 -11.6767 4.17402 226.452 7.73546 -12.3388
0.987926 8.28983 6.03456 -130.218 170.836 -24.0147
4.72808 -5.17913 -7.32406 238.606 -47.9759 49.6757
4.67821 -10.692 2.73595 233.531 2.31097 -18.3005
0.0575721 13.0341 5.33035 -225.581 48.2937 -38.8997
0.48017 -3.54986 4.33983 -184.434 93.0992 40.0207
4.1935 -16.4573 -17.3577 182.253 -5.62111 113.797
4.76156 -11.8939 -0.250082 236.814 -19.3057 4.04479
0.939659 9.73608 -3.45841 -146.585 210.296 16.9227
4.88238 -8.65724 2.14857 244.818 -31.8612 -24.0203
1.01181 9.12186 14.9073 -140.075 31.2786 -92.2582
4.63529 -9.00698 3.08243 219.717 -4.88386 -20.4528
0.787539 8.34494 -4.74623 -166.336 156.493 65.6876
4.54499 -6.6084 -5.95978 201.199 -131.232 15.1266
1.14893 8.61792 4.38239 -141.115 166.558 -29.7079
4.91535 -9.10563 -3.94824 231.299 -21.6144 14.9001
2.46254 8.04689 4.69454 -12.8287 254.353 -36.3464
0.493474 14.9655 -4.05879 -216.078 11.1977 25.5206
1.32969 8.64832 -2.21232 -134.492 172.35 28.6267
4.95565 -5.66788 -2.28714 224.114 62.4623 -35.1172
5.27264 -7.97959 -1.59102 249.26 -86.7158 -44.0396
4.93132 -7.22758 -0.153 210.108 -164.378 3.27118
5.03306 -9.69428 -5.38791 219.955 15.6547 35.6403
4.85744 -8.56953 -11.5021 199.771 12.3924 74.3692
2.10682 7.67638 7.00803 -74.3063 209.394 -56.4729
0.927479 10.9335 2.40638 -191.832 117.738 -25.5491
4.86564 -0.941086 -6.24145 197.143 -56.6845 15.9158
1.08421 10.3591 0.604993 -181.578 168.532 10.2648
5.24447 -7.10373 -2.99083 230.711 -69.444 20.4283
5.33718 -7.86742 -2.11937 239.135 -54.9145 18.2699
5.26262 -7.12962 -1.6456 231.339 -50.3023 1.26092
5.52159 -8.75661 3.18329 253.926 -55.3975 -15.1409
1.44627 9.56241 3.72333 -150.951 194.889 -7.26968
0.899351 11.965 -1.76477 -207.69 122.257 8.98312
5.4517 -7.27366 0.417037 242.894 -114.827 4.90893
2.45718 6.34554 -1.0751 -57.3641 196.697 -95.9869
5.13331 -9.76833 -3.84775 202.348 -55.4101 41.7399
5.33026 -11.6373 -4.7829 220.885 38.6895 27.601
5.24033 -6.17229 -0.935184 210.783 -122.317 0.0622286
4.01641 6.43612 -5.78989 87.3412 219.424 27.99
1.94468 9.13393 -0.895128 -118.563 212.363 5.34376
5.6611 -4.68271 -2.22338 240.743 11.0358 -0.974158
4.94807 -14.6797 -1.77816 165.668 107.386 8.30792
5.56076 -7.03611 2.9334 224.864 62.6617 -18.2928
5.94314 -9.59865 5.94302 262.713 118.025 -73.315
1.65259 10.9458 0.956693 -164.509 201.568 -19.3475
1.49088 10.7923 -0.0651583 -180.98 104.913 -36.0877
3.23525 8.46456 2.99846 -12.117 272.033 -10.7549
3.98142 2.96329 14.6986 61.967 236.774 -124.691
5.75023 -6.28996 -3.87026 231.066 -94.3193 36.0629
1.38237 12.8306 1.72622 -202.914 48.0997 -7.39646
5.79565 -12.1421 -0.380594 234.908 34.135 7.75278
3.26748 7.52794 -3.93732 -18.1267 237.733 18.923
5.98843 -9.51294 -1.63645 249.271 -135.29 16.1108
3.68563 6.8221 -1.22352 19.4489 233.22 24.768
5.96263 -7.09659 -0.927655 245.26 -56.5048 22.9431
3.76096 6.59714 -3.10456 26.5011 242.184 13.8419
6.15957 -2.24879 -3.34596 260.241 35.9087 -14.6371
1.55815 13.3585 5.91034 -197.845 40.6156 -34.0949
6.02863 -6.56318 -0.0252924 244.178 -91.1538 -3.08946
5.91016 2.47818 1.48982 232.373 6.16671 33.7575
5.50221 -4.61979 -7.37445 190.213 -120.242 50.3404
5.38681 -1.51986 -12.963 172.487 -3.84888 83.0682
5.79097 -4.93511 3.83635 208.868 -111.192 -17.6844
5.95591 -7.2969 -0.672101 225.009 -1.56837 5.73842
6.11217 -6.04971 -4.83667 239.63 -92.527 27.5269
6.19293 -6.39705 -1.51565 246.946 -114.41 7.87346
5.77945 -13.5643 -6.9056 204.279 -146.564 -15.1322
6.04873 -10.8577 -2.93562 228.869 31.9995 15.7266
5.77636 -9.16093 -4.50601 201.651 42.6332 29.4425
6.2331 -10.0835 4.71008 246.688 24.4529 -33.0598
6.03571 -7.97121 -2.97282 226.06 14.0598 15.9946
2.10721 9.60024 -2.93721 -166.645 144.602 31.04
5.95927 -9.21997 0.965772 214.786 45.3062 -4.40386
2.37954 10.5199 -1.86595 -152.41 174.845 0.0271447
6.5214 -4.84996 3.13296 258.057 -51.678 38.3492
5.53472 -0.53727 15.861 155.907 53.1055 -101.97
5.31713 -6.7734 -2.91741 132.168 164.658 -40.9575
3.92947 7.0592 -1.64415 -9.00925 236.45 0.360979
3.06533 11.2366 -2.25927 -95.0389 169.254 37.3661
4.9373 3.32167 6.82146 90.367 203.436 -44.2673
6.19125 -6.26211 11.3882 214.033 26.475 -70.6199
4.27603 6.81837 -2.06352 21.2061 230.136 7.36861
6.62483 -6.1592 -3.54413 252.163 -37.4341 38.8583
4.3348 8.19381 -0.234879 23.3173 276.074 21.6552
6.43379 -4.57974 5.07636 230.929 -41.6283 -17.1604
6.51923 -5.62091 -3.67485 233.8 -68.9912 52.9082
6.58762 -5.63779 -0.428683 239.965 -115.927 4.48955
4.43261 -3.41149 -10.4424 25.0398 179.68 -38.2341
6.62399 -6.96072 -6.34837 241.737 -7.52879 41.921
6.4244 3.26852 0.226938 219.74 123.346 -4.47001
3.85657 8.32819 5.64472 -36.3643 255.488 -39.1825
6.39915 -3.42091 7.11372 215.268 -24.9326 -43.7692
6.52776 -5.41924 0.978884 223.245 -46.0173 -21.7897
3.42423 -1.1869 0.516396 -86.1558 85.5514 160.537
6.97349 -6.18984 -1.46306 266.376 -72.8491 -1.49306
4.80502 5.88014 2.62751 50.9148 219.643 -16.5293
5.41209 1.53188 -15.2258 110.746 122.117 97.4785
5.0027 3.42961 -5.74372 66.874 261.054 12.3199
7.82817 -13.5417 6.30991 345.964 -114.418 63.7981
6.84555 -5.25595 5.89959 243.182 -18.8806 -35.8832
6.44319 -9.72577 -0.768427 202.042 79.1953 1.19645
6.8107 -4.62621 -4.05835 238.343 -46.1435 -3.03735
6.56655 -4.83672 -6.51434 212.491 14.1221 42.257
6.62034 -5.07686 -5.63663 215.333 29.9083 27.0878
7.06767 -5.21587 -4.42741 257.607 -45.5763 44.9288
6.71724 -6.14907 3.88217 219.256 21.9558 -23.7732
6.79774 -3.00291 -7.78803 219.956 1.8869 50.3801
3.33774 9.33782 -7.97381 -126.427 208.555 50.3229
5.84359 4.75353 2.11936 121.274 193.48 -0.951841
6.84948 -5.78983 -5.19069 220.513 55.6952 28.9749
7.29484 -6.00923 1.7245 262.211 -18.085 -9.23359
6.5368 -13.0967 -3.36563 184.704 99.4411 23.118
7.1126 -3.3587 -0.857973 236.828 -64.0285 -5.49071
4.76012 7.89273 4.52717 1.94553 264.997 -19.6884
2.83954 12.4075 -2.01926 -190.992 131.716 13.1699
6.57868 4.6035 2.78858 179.83 177.35 -20.1945
7.16476 -2.75984 -5.59616 234.064 -33.4474 37.118
6.72575 -4.28746 8.60664 188.023 68.4297 69.6326
3.80942 8.47928 7.24457 -105.117 200.806 -47.0268
6.94431 -3.20763 -5.92179 204.505 85.6566 35.6606
3.72789 8.54095 12.0219 -119.773 163.717 -64.7326
7.37507 -4.05272 1.68224 239.867 10.6845 -8.72244
5.16356 7.4512 -2.38549 17.3316 237.011 9.08959
5.42082 7.16989 -2.20763 41.2536 257.573 19.6214
6.48766 0.0553809 12.7349 143.845 102.356 -84.5986
4.06832 11.6376 4.34022 -97.1225 48.89 108.796
7.6231 -4.18626 -2.24031 253.706 6.85786 15.2644
7.05636 1.20444 -10.2465 196.476 96.5383 66.6391
7.6994 -7.97818 -1.36129 257.387 30.6785 9.69357
7.24643 -7.12401 6.85679 210.631 -20.7102 -62.8833
6.85877 -8.37418 -12.7912 168.279 68.3789 78.0578
3.17756 12.4389 -7.23573 -199.518 96.3919 30.7335
7.27685 -1.84053 10.7192 205.452 56.1248 -55.8825
7.32511 0.0825211 9.35283 209.874 86.6957 -54.4823
7.69622 -3.3376 2.27974 246.559 42.3648 -18.9668
7.58937 -5.12282 6.25031 235.498 158.618 -55.0345
7.55653 -2.91624 0.597759 231.629 10.539 23.625
5.65855 11.4936 -6.89082 42.3971 80.8609 127.44
6.93599 2.4682 8.93374 168.94 143.759 -55.2864
6.16409 4.84851 -1.17528 91.8203 209.772 6.11939
7.4807 -2.48485 -0.830926 222.408 86.4229 5.51942
3.45162 11.2805 2.80221 -178.51 171.059 -27.0497
7.68307 -3.54922 4.32681 240.654 43.2805 -31.8824
7.39735 -3.8601 -10.9713 210.162 62.6954 73.423
7.31206 2.29065 -3.59399 201.528 123.073 17.8981
6.24064 4.74585 -7.93273 91.8782 214.802 54.6366
4.65658 7.28548 -7.59189 -65.8566 190.922 62.4713
6.82848 4.44926 -2.09779 149.675 191.726 -12.7916
7.612 -4.4577 0.160434 226.234 47.9878 -5.18491
4.62902 7.45692 -5.31145 -70.2043 200.955 32.8491
7.4024 -9.78984 1.7623 205.084 80.2567 -15.0217
7.22087 4.43731 2.37168 186.952 188.848 -17.6709
7.74604 -6.47109 -5.37785 238.361 49.9393 42.1653
7.65238 -4.02716 -3.23094 228.15 45.4407 22.6495
7.78525 -1.38698 -3.56858 238.831 29.4924 24.8831
7.46328 -7.93275 -4.01185 206.177 -176.911 77.9734
6.81959 3.18003 -3.0478 141.754 173.502 22.2348
7.49295 -8.94974 1.99124 208.432 75.1999 -16.5358
7.82322 0.833964 -0.811052 237.789 69.4693 3.35662
8.55464 1.00118 4.51516 309.381 185.587 37.5663
6.67861 2.41765 12.9922 121.884 159.296 -85.5088
7.15147 -11.4018 -3.06441 168.634 87.7744 16.223
8.06539 -1.88022 -4.34447 257.921 -30.8336 24.2199
6.26875 3.89229 -7.03575 79.0406 196.649 48.5299
3.52383 12.4147 -6.20671 -196.539 90.6832 76.5054
4.60588 8.63505 -0.201813 -94.4366 221.322 -11.4974
7.80698 0.177095 3.07441 223.353 91.7211 -14.2722
5.13279 7.67954 -1.85424 -43.3488 230.378 8.77824
7.95724 2.75462 3.38437 237.205 59.7663 -29.546
7.85804 -3.70063 -6.97829 226.693 -68.1718 79.8045
7.72787 3.26886 -0.182249 212.09 146.872 9.29156
7.57162 -6.51809 9.09265 196.267 58.9145 -61.4792
8.27025 0.28952 2.65602 265.546 19.1942 18.2286
4.71363 7.57156 13.5768 -87.7454 166.4 -77.5703
7.36619 5.69115 -0.626039 174.927 209.279 5.98298
8.21164 -4.20826 -1.72816 248.799 48.3274 13.2867
5.77181 6.24364 6.42563 3.80098 221.457 -24.7812
7.38183 -11.5198 1.70564 161.739 106.985 -14.8518
7.99522 3.25515 0.348394 221.239 153.922 6.25782
8.41049 -5.05743 -1.90657 260.485 54.6144 7.35169
5.91113 7.51745 4.82451 11.0193 265.646 -11.3956
7.66038 -10.9034 1.23255 183.289 85.8884 -11.35
8.4383 -6.89486 -0.631304 255.431 207.419 50.2319
5.5812 6.76194 8.3765 -28.9072 210.023 -46.7814
3.98247 12.457 -5.04869 -187.949 79.957 18.2555
6.73297 6.04641 -1.68576 83.8328 248.876 17.9092
5.61044 7.21461 -9.49385 -28.5909 226.593 67.2583
7.6987 -7.46608 11.0605 177.963 87.4883 -59.2562
8.18432 0.74245 4.00051 223.452 114.216 -23.6648
4.43504 10.9496 1.60491 -149.038 185.415 -8.74945
9.87892 -3.19429 -4.83712 387.497 -136.694 -107.833
7.86784 0.363783 -10.6473 187.11 129.274 62.9295
7.89935 -6.22357 6.95434 189.365 101.843 -45.6829
8.2269 -2.49736 -3.01491 220.327 86.7612 17.4524
8.35047 3.54911 2.61545 232.594 333.285 -113.994
7.75053 0.25083 4.20287 170.219 -37.4842 63.0939
8.60255 -5.26288 -4.03264 253.242 55.4885 20.9515
7.4368 2.79905 -10.0887 136.699 177.741 60.7869
5.28545 8.31633 7.47181 -79.4705 226.514 -48.4843
5.3905 7.87111 -4.85085 -69.1559 216.86 17.0284
7.21334 3.74743 -1.79467 110.516 196.672 4.27398
8.45841 -13.1491 -0.0705294 234.029 -41.5687 35.9431
7.2915 3.12567 4.90258 117.82 188.83 -43.1923
7.27568 3.53851 -1.15629 110.672 199.078 19.742
8.09586 -4.09795 5.4751 190.402 88.9321 -36.2985
8.69326 -0.656332 2.52242 248.095 83.0561 -17.9223
6.71696 6.06846 -6.06453 51.7151 251.251 48.8547
8.44057 -1.33691 1.43973 221.39 107.244 -50.7444
8.63757 -0.655315 2.91634 234.303 75.5588 -18.6431
5.79749 8.02039 -0.194702 -48.0403 240.386 -1.89692
5.98811 7.45217 -5.23975 -30.5141 243.479 40.6974
8.54825 1.80321 6.58542 221.283 141.493 -47.3286
8.69928 -4.21558 -5.59943 234.573 102.918 35.34
9.59176 -8.33973 2.86666 320.713 -4.77216 96.8812
8.48883 -4.30083 -2.68444 207.879 46.7839 14.7532
8.55813 -1.30357 0.689263 213.012 95.2721 36.6687
8.7644 -2.65545 0.782238 230.957 -100.507 -52.9067
8.91403 -1.60315 -5.82735 241.2 87.6437 35.1641
6.17501 7.36072 -5.35242 -32.0919 228.991 41.0296
6.55538 -13.1199 2.33535 4.57173 63.1828 5.11722
6.9121 5.18662 -6.23723 35.7122 218.323 39.7911
6.43195 5.77028 -6.50219 -13.2003 234.17 49.1197
8.70566 -6.02963 2.08313 212.092 196.145 12.2419
8.54394 -3.51005 -6.62518 187.827 114.159 42.8627
8.47984 -7.27684 -2.13034 180.044 309.599 -57.9508
6.35371 8.65471 -1.24517 -32.0377 265.892 16.0876
4.74374 12.6184 -1.83419 -192.661 137.852 24.7799
9.28424 -3.17974 -5.03169 257.93 41.2441 28.5044
8.99246 -6.5335 -7.52869 228.906 111.332 41.4889
5.40169 0.100453 -11.4664 -128.346 243.762 72.9088
7.45308 5.13636 5.8275 74.304 189.905 -38.5917
9.18071 0.7425 1.6235 245.513 110.406 -9.66022
9.04354 -5.42874 4.775 231.522 85.5069 -16.3037
9.14807 -0.896046 -2.02928 235.777 117.199 13.826
8.84882 1.29285 2.34257 199.393 160.631 -9.4576
6.1476 6.89611 -7.74861 -69.4501 188.527 37.2245
8.87646 -2.18915 -1.36413 201.411 111.721 9.48531
7.15117 6.71308 -2.92631 26.0884 196.264 70.1332
8.88754 1.09264 -1.14313 198.243 157.841 9.83008
9.18977 -0.264611 -5.59787 226.08 124.507 37.378
9.08986 -3.109 -1.35687 214.803 108.471 10.1793
8.51637 3.26638 1.73815 157.572 200.791 -7.76125
8.78402 4.77453 -8.22702 182.407 396.126 -196.81
8.201 -8.44646 -10.7431 124.177 129.781 69.3809
9.07922 -2.24352 1.91383 210.896 116.154 -11.3078
6.16471 8.04499 4.17349 -81.2748 205.213 -27.4444
8.64772 -0.703154 1.11314 165.185 146.878 -4.85416
8.79749 -1.57297 -1.59335 176.436 138.934 5.49831
5.70895 19.8959 -0.638716 -130.965 110.939 1.43479
5.80798 8.68032 10.8986 -122.185 159.783 -67.3189
6.40619 7.84752 0.163439 -64.5158 215.241 -10.5913
8.83497 1.05146 1.41148 173.779 172.255 -11.1161
7.06978 1.38339 -4.85953 -1.57336 34.7894 160.88
9.13143 -8.41915 -0.585803 195.236 119.356 2.13943
8.31301 1.46942 11.0931 113.383 168.812 -64.8064
9.0687 3.05942 2.60528 186.035 201.917 -15.314
8.56112 -14.1573 1.15538 128.927 137.627 -8.48653
7.37688 6.24145 -1.07538 2.55554 239.745 0.965477
7.5408 5.25122 -1.93808 15.1058 218.994 16.9717
9.38691 -1.21849 -0.475298 196.63 149.968 -2.08206
9.3683 -1.04811 -4.76979 181.957 161.651 37.8257
8.23056 3.67467 2.94511 65.1349 217.336 -1.05142
8.93106 -1.13503 10.5649 132.305 162.382 -63.4515
9.22192 2.70504 2.14625 155.821 210.719 -17.4996
8.31907 9.82483 1.42787 65.0506 259.413 9.86777
8.3744 -4.67793 -4.85917 69.9597 218.813 4.42006
8.21289 4.18544 -3.33906 49.9486 220.119 22.1267
7.94619 -2.87362 6.1722 22.9138 233.767 -47.8393
9.5284 1.37587 -1.29582 179.308 199.579 3.34296
6.21245 7.05753 18.5896 -153.032 170.522 -266.429
7.84032 0.951128 8.14381 8.65951 138.077 105.232
7.94094 6.71786 -6.59456 17.8485 225.545 22.5138
7.2204 7.8089 -3.24253 -54.3438 235.099 28.4451
9.83434 -3.25068 6.95186 197.608 132.955 -42.5146
9.01748 3.03678 -4.99011 111.984 219.745 45.0789
9.1067 0.818316 -2.9752 120.462 181.432 21.6687
9.75374 -4.64484 0.362109 184.528 135.944 -0.731714
8.62571 4.77556 7.19149 68.8705 243.425 70.3051
7.45058 -0.425466 2.80166 -50.5398 249.415 0.0890249
10.0188 -12.4576 1.20228 203.247 99.3574 -12.8752
9.80852 -4.70313 -5.03937 180.747 91.5526 36.9675
9.44459 -1.08533 -1.64891 142.141 164.223 8.58818
7.62771 8.03207 -0.0638226 -40.4381 258.849 8.29623
9.68661 -2.78519 5.68596 163.569 162.184 -29.1168
6.46679 10.9581 -1.33524 -157.621 155.922 4.29776
9.37344 0.711275 5.58524 126.878 190.6 -32.5961
9.68947 -4.73397 3.1422 153.136 149.233 -24.239
6.56682 18.0852 15.8041 -160.863 159.243 -67.4624
9.96423 -6.31254 -0.788694 173.511 129.957 5.76256
9.87145 -6.74698 4.55796 162.587 140.15 -27.5259
6.41924 11.5508 0.331972 -181.534 115.428 9.25826
9.93465 -8.38118 -1.75069 167.419 140.718 11.8549
10.1127 -5.32062 4.56139 173.788 136.585 -27.4666
8.76487 5.68282 -1.70978 33.2124 244.593 10.5057
10.1892 -4.76933 -6.09862 174.452 133.579 40.2714
10.1 -3.47817 0.620691 165.311 149.458 -8.51236
10.5485 -5.08718 0.80124 207.755 136.572 -4.21899
8.86759 4.14453 -3.27726 39.1118 226.131 15.032
9.42338 1.67577 3.27883 89.0937 199.456 -27.5926
11.0407 6.15927 -3.49092 247.204 212.6 -96.7561
9.18597 8.0884 4.38602 62.1146 272.973 80.7621
9.85224 -11.3174 6.5371 123.972 142.692 -40.9429
10.5596 0.319878 -2.91411 193.298 -29.5939 59.9606
9.97916 -0.908464 4.94356 135.279 186.272 -30.3995
9.68193 -4.32346 9.78321 104.606 149.785 -71.9618
9.66968 2.20349 -7.14563 100.99 215.367 58.2333
7.56386 9.3871 -4.7844 -113.32 212.4 24.901
10.1854 0.51165 -3.67848 147.055 189.138 24.449
10.3505 0.32667 -1.8693 162.017 200.333 7.58338
7.12025 10.9596 3.98786 -160.966 121.763 -26.9493
10.6816 -2.51796 1.66191 187.96 180.198 -2.59269
10.1564 -3.37133 11.0456 135.18 160.939 -33.651
8.10091 6.50015 -9.61229 -79.3281 171.68 50.0665
9.29471 9.98642 -3.63528 38.9044 324.871 -137.877
10.2646 -2.47254 2.26301 132.003 169.202 -16.221
10.3388 0.466223 -0.0392819 125.564 197.202 3.21525
10.6398 -10.3114 3.66651 153.734 196.84 -47.7395
10.7057 13.1648 11.2037 153.084 240.519 13.0276
10.5764 0.989911 -2.19806 139.315 213.219 10.2453
9.62565 -9.20864 4.81925 40.6732 152.452 61.5926
10.669 -3.48065 5.58563 139.593 160.601 -83.8969
8.97203 5.55478 2.2954 -31.6388 213.053 -7.4321
10.55 -4.24163 -7.57834 124.854 158.526 89.892
9.84952 4.65737 1.99069 52.1834 247.639 -11.6243
8.95837 6.95031 -0.259533 -40.2986 248.826 -8.85539
10.3515 -2.18244 8.4699 97.3744 162.08 -52.9856
10.6397 -4.29117 -4.18592 125.527 169.464 15.2006
10.2232 3.76374 -4.53288 81.3659 244.832 27.2948
7.84929 11.1613 2.1147 -157.618 173.517 -0.371373
9.60854 6.07812 3.6277 15.9494 204.697 -22.7009
10.5848 -2.93434 8.68429 106.829 176.793 -54.2922
10.4658 -10.8046 7.69749 94.002 137.949 -47.886
10.9931 -4.40552 2.18 129.804 177.488 -18.7616
9.92676 11.4333 10.5618 18.1886 199.839 -58.2003
9.35552 4.62046 -10.6911 -38.9382 171.381 73.7091
10.9832 1.38482 -1.67172 116.663 228.24 -3.05705
10.2545 1.62084 7.91099 34.0945 193.122 -35.3375
11.2855 0.256251 3.67185 132.042 214.939 -27.0006
10.6789 -3.26852 1.10544 67.1455 229.105 -17.1996
9.11773 7.81305 -8.54966 -92.7625 178.159 67.9919
9.98941 1.8426 5.32423 -10.209 4.99228 -140.593
10.7296 3.03961 3.8309 59.6653 242.704 -5.11409
11.5797 1.53602 6.66406 143.3 128.61 -35.9138
10.4909 24.2157 -9.38391 33.4211 378.11 27.8897
11.0239 11.8336 3.63383 76.9094 262.6 27.0203
11.4023 0.933059 -5.78025 111.338 219.025 41.4082
9.21988 8.60429 -5.42149 -118.785 168.777 43.5017
10.5587 -1.80754 7.69963 10.8225 247.389 -41.0995
9.0453 10.7813 1.74293 -145.291 155.083 -11.3582
10.4517 4.26357 -1.89018 -6.99216 210.842 16.401
12.3854 1.34201 -3.8147 182.459 85.9886 56.9147
12.281 0.882489 0.70453 170.143 165.992 -1.36384
9.77143 6.36655 -11.6859 -80.1208 160.347 67.0001
11.1669 16.0521 -8.74046 51.9634 332.17 -35.0054
11.8308 -3.98854 5.38707 102.173 186.453 -33.326
11.2785 1.02732 4.86981 31.7968 205.518 -15.3818
12.0202 -0.866099 -1.13103 94.8978 204.956 -9.31477
12.3746 -1.87088 -2.40355 126.228 197.992 16.3133
10.4929 9.02197 3.2848 -63.2379 479.553 -134.356
11.395 3.42589 2.60834 24.8398 235.422 -22.4718
10.4434 6.20421 4.4432 -70.3447 -56.5395 87.0839
12.1358 -5.38359 2.55507 90.0474 186.062 -15.384
12.138 -4.81313 -4.48571 84.3344 177.26 29.322
9.9452 9.4398 4.52247 -134.292 163.826 -29.6105
10.4012 8.13627 -4.42304 -89.6049 210.146 18.6501
10.3381 8.38667 1.59327 -118.397 170.096 -20.4595
12.6944 -3.19005 6.36998 110.12 193.585 -39.5028
12.0576 -4.15777 -11.8877 39.4876 150.861 79.4958
11.5279 4.43848 -0.689605 -15.4642 225.827 14.1283
11.2664 5.16175 -7.16704 -66.268 172.418 50.7628
12.9554 16.0825 -9.7426 87.0217 442.399 -152.412
11.8748 3.08838 9.77043 -21.0906 198.06 -58.0609
11.47 6.11493 2.90981 -66.3875 211.772 -12.1047
11.5472 6.6999 -5.70688 -66.7065 214.613 42.8087
12.43 2.22489 1.86708 19.3153 223.303 -10.9859
11.5304 2.08246 -0.364694 -82.0863 252.541 -5.73454
13.09 -0.340688 -5.15954 64.753 210.732 25.9979
11.3147 15.6176 -3.95319 -116.848 -65.2304 20.4841
11.8599 12.8198 -0.332872 -79.7996 198.712 30.4557
12.9313 -0.698922 9.31517 11.8645 177.137 -60.1536
12.2612 4.96216 6.42696 -64.6806 201.577 -49.1926
12.6663 5.17599 -2.72997 -55.915 207.587 24.2709
11.6096 6.09491 -1.55099 -170.906 269.062 -61.0212
13.6328 -4.17643 -10.624 5.7845 157.02 74.8016
14.1385 0.109167 -0.605985 34.9282 228.451 2.56633
13.0416 6.19021 -4.79769 -77.1361 181.767 36.1131
13.4858 5.37383 -9.13906 -92.9019 153.505 56.0485
13.2966 6.01419 -3.74338 -121.055 263.309 26.7625
15.4425 2.41228 3.42737 37.8314 194.615 -32.2403
16.9549 -6.76563 3.22979 -50.9545 148.717 -18.6935
nan nan nan nan nan nan
12.5142 17.0772 -7.68677 -40.0486 276.074 -43.8224
13.7868 0.22944 4.30473 26.0518 207.279 -28.5206
