-21.8536 -10.9622 -14.4553 -79.2147 -140.481 -50.8604
-20.3257 -5.87127 0.665159 3.9181 -124 -30.3187
-20.2252 2.44353 0.345514 -111.387 -14.441 -20.7609
-18.9556 -1.76548 -0.0473266 -62.6521 -141.524 8.80436
-18.1722 -6.39295 -5.08421 -1.2108 -242.505 34.0695
-19.1229 2.01393 -0.73649 -101.347 -94.6158 12.3541
-18.8235 16.7758 -11.9269 -92.8058 -35.6483 129.463
-18.4798 7.02634 0.393815 -60.747 17.9069 -50.8965
-18.8594 -2.67431 0.1794 -100.162 -25.2592 21.9952
-18.6719 0.886162 0.622747 -98.3667 -68.6031 -2.17863
-17.9028 -38.7974 8.18446 -26.4574 -133.599 -60.3333
-18.6386 1.84172 4.8362 -103.005 -74.3727 40.9307
-18.5787 4.1983 0.0597573 -105.737 -85.3572 -9.55597
-18.0989 -2.52086 -3.37176 -58.938 -141.342 40.6275
-18.4534 1.29796 -2.04544 -98.8157 66.1688 57.2797
-18.177 -2.78937 -0.337187 -72.7124 -98.5007 19.3719
-18.51 7.27622 -0.980908 -122.012 -36.8862 1.59823
-18.1401 3.37241 -3.38046 -86.8125 -113.839 48.122
-18.0039 -0.704372 1.29302 -79.3924 -94.3718 -58.2432
-18.198 3.85724 0.00260913 -105.442 -73.9927 -7.3052
-17.8563 -1.29522 -2.58695 -74.7574 -50.7728 68.0673
-18.1769 4.5187 2.07628 -108.569 -53.2214 16.9315
-17.88 -6.214 -2.58485 -84.0212 -63.542 105.988
-18.0697 3.49037 2.54556 -106.563 -60.7195 -101.5
-18.0205 3.25204 -3.10111 -101.834 -52.4676 107.797
-17.327 -5.80071 0.338133 -34.4593 -137.943 -17.1165
-17.4671 -1.43596 1.78554 -56.2597 -137.085 -59.6797
-17.3115 -6.88864 -0.343163 -43.2959 27.6148 -33.7372
-17.5491 -5.06806 0.0655597 -75.0695 -87.1213 -11.5841
-16.7771 -9.93092 -11.8211 -0.537934 -91.7242 176.32
-17.7091 0.0464112 -2.00308 -95.6563 -35.7488 94.1061
-17.3474 -5.69903 -1.40201 -76.8894 -72.051 61.7905
-17.2001 -4.52835 -2.10598 -63.4736 -108.003 87.6179
-17.5174 3.52587 1.65669 -98.5735 -64.5505 -68.3006
-16.7847 -30.1868 2.0681 -26.3546 -163.131 22.9718
-17.3924 2.11945 -1.15349 -92.6244 -100.458 -42.4356
-16.152 -6.38233 -0.581656 27.0783 -183.32 9.51425
-17.4576 6.68038 -3.1745 -112.307 -28.836 84.9761
-17.413 4.35929 -0.894937 -108.327 -84.5756 36.9605
-17.1843 0.308267 -0.146779 -87.2384 -69.7636 9.5293
-17.1645 1.31681 0.588088 -86.8865 -102.061 14.6306
-16.6115 -9.69216 -0.9987 -39.9852 -119.608 79.3034
-17.1965 7.90157 -1.33917 -101.488 -12.2594 19.8628
-16.9808 -0.388615 -4.40793 -85.3668 10.6981 23.2173
-17.1125 -0.552991 -0.0799081 -101.705 -77.1134 -20.6393
-16.9502 2.15556 -0.614419 -89.1905 -97.5766 9.53966
-16.9983 4.33324 -0.791706 -94.2906 -44.9053 132.497
-15.1821 -18.0014 4.68223 84.5164 -45.0072 -114.268
-16.7053 -5.09991 -2.1968 -67.2432 -81.0919 90.7841
-17.1809 7.34548 -1.34473 -117.934 -54.8144 17.3733
-16.811 0.902801 -2.4512 -83.1001 -90.3459 94.818
-15.0986 -13.0239 -0.466579 82.5076 -1.98373 7.79132
-16.675 0.761036 -3.39978 -78.058 -117.706 109.922
-16.9254 0.499126 3.45859 -104.077 -73.319 -48.5627
-17.013 5.85107 0.346866 -113.307 -63.3462 -1.94728
-16.9925 11.0496 0.0808557 -112.404 22.549 -19.5768
-16.4916 -9.12392 -1.89187 -63.0331 -122.099 24.2777
-16.5271 -5.25466 1.70017 -71.4963 -74.4321 -53.6499
-17.0223 8.57701 -1.3617 -121.954 -32.004 12.2884
-15.8133 -4.39832 2.0319 -8.10721 63.675 10.9246
-16.025 -11.7626 7.29996 -30.3466 -78.9596 -79.072
-16.1872 -3.08698 2.39394 -49.2567 -131.62 -96.8992
-16.0316 -7.46684 1.17232 -37.7298 -329.067 -99.7755
-16.2811 -8.23614 -0.959376 -64.9529 -56.7262 43.6545
-16.5871 3.38609 -3.27747 -96.0294 -100.212 71.3617
-16.0187 -4.36074 -2.20561 -40.4909 -128.817 101.568
-16.7063 5.82403 2.85917 -108.94 -65.591 -95.2714
-16.7788 7.31472 -0.28141 -117.431 -58.1112 -21.3655
-15.7663 -1.94255 -4.71796 -17.9885 -25.7933 -23.0163
-16.6249 9.31265 1.52054 -106.921 15.7637 -57.2529
-15.9823 -1.30597 2.69255 -43.541 -150.181 -76.6554
-16.2448 1.22802 0.898752 -69.8768 -135.154 -56.9072
-15.6517 -2.34181 11.5698 -11.4297 -141.847 -77.618
-15.3856 -4.57782 2.06502 12.6688 -122.933 -73.1506
-15.6754 -8.05208 -1.97973 -16.7508 -140.673 60.7684
-16.0781 -6.4861 -3.1115 -57.6104 -93.5371 85.8196
-16.1404 0.483281 9.57486 -66.4377 -0.404136 -23.9507
-15.977 -5.19453 0.102279 -53.6223 -103.229 16.4118
-16.0272 -2.4128 1.86541 -62.7652 -95.8244 -89.3833
-16.6368 7.75449 1.30512 -124.48 -103.474 -30.1616
-16.2351 2.85033 0.545327 -94.9288 -44.0416 -26.646
-16.1676 2.4623 0.00799249 -89.2712 -97.6555 0.66478
-16.2791 5.36112 -0.363621 -101.674 -53.2032 23.8104
-15.1624 -8.25454 1.52557 5.03588 -150.581 -86.8623
-16.6344 4.23802 5.83376 -141.823 -40.4744 -60.0229
-15.9991 -7.64003 0.0400194 -79.422 -65.5551 2.76264
-15.2447 2.00769 -5.11478 -7.95693 -155.889 -89.4391
-16.0595 4.09482 0.415643 -89.3815 -103.75 -35.3605
-14.5735 -9.4153 -7.25943 57.7674 -131.228 64.6162
-15.9715 -1.23073 1.75804 -82.7761 -41.1551 -80.7083
-15.8787 0.803884 2.93259 -73.5875 -91.446 -86.067
-15.8859 1.44715 -2.50797 -76.7179 -107.24 96.6916
-16.1112 6.44164 -0.302143 -105.284 -14.8269 -29.0522
-16.1336 6.76367 1.64023 -108.89 -47.0396 -91.1762
-15.5979 -16.3905 -2.21099 -59.4601 -275.376 -182.991
-15.5985 0.125939 3.50596 -61.4715 -107.863 -138.762
-15.1451 -1.77776 -1.2523 -18.2402 -153.742 39.0907
-16.2026 9.8971 0.428109 -123.371 -25.6325 -45.586
-14.422 -5.53595 1.53012 53.2974 -189.264 -82.9073
-15.9297 0.314937 0.0129117 -98.1049 -151.492 4.21938
-15.7269 -6.21558 -0.352763 -78.4453 -97.4169 29.4919
-14.3132 -7.0127 0.903235 52.4751 -186.72 -11.1024
-14.8542 -10.6458 -1.68984 -10.5398 -136.422 64.6525
-15.3335 -5.22315 2.55175 -59.2962 -79.4652 -96.1437
-16.041 8.90645 1.22581 -130.23 -74.9555 -56.3399
-15.745 6.18283 -3.56938 -100.879 -31.9724 102.83
-15.4829 -5.58457 0.588709 -76.0418 -48.7698 -12.9316
-13.7776 -7.36699 0.918774 91.5023 -188.397 -18.5736
-15.7319 6.08058 1.06263 -103.928 -59.0716 -34.4966
-15.9151 10.3814 2.1853 -126.143 -27.3701 -81.8764
-14.8863 0.76368 0.743328 -24.0337 -184.007 -22.2389
-15.1126 -10.8863 -1.06358 -50.3611 -96.9612 6.16101
-15.0192 -8.08755 2.8316 -47.1561 -96.6836 -91.029
-14.9741 -3.07871 -2.36221 -43.1399 -121.256 95.7072
-14.8246 -11.7946 2.20087 -29.0232 -130.118 -0.201143
-15.652 6.63736 0.349404 -111.452 -103.272 -2.80808
-15.3401 2.9691 2.22609 -80.8192 -126.043 -94.4606
-15.0922 -4.33084 5.01379 -56.2837 -81.7533 -177.371
-15.6659 10.8155 -0.650651 -115.125 4.19137 8.56672
-14.8043 -12.7316 -0.988451 -32.5396 -118.648 59.053
-14.4608 -12.2371 -1.34639 -0.80396 -137.444 69.7049
-14.4665 -11.3188 -1.50731 -3.11084 -139.436 48.375
-14.6617 0.967554 1.86406 -23.2267 -189.093 -63.8518
-14.6042 -2.52613 -1.21096 -17.8643 -204.125 56.8957
-13.9077 -8.5296 0.310962 49.8495 -166.435 -17.9793
-15.8629 9.088 -0.51097 -147.11 -52.7608 -19.9344
-14.2973 -2.27736 0.553727 7.70873 -178.159 -17.578
-15.336 11.8954 -0.842705 -95.5356 46.7772 32.1274
-15.0167 -1.95278 -2.67829 -63.833 -81.9714 103.569
-14.7588 -2.42067 -1.72861 -40.7739 -169.946 57.3926
-14.5968 2.04242 1.50191 -24.9079 -195.176 -63.2165
-14.1632 -2.67611 3.34276 16.6527 -223.995 70.345
-14.5171 -2.91217 3.1906 -21.0486 -135.295 -119.643
-14.8285 -3.45869 -3.04173 -52.5787 -100.024 105.113
-14.6308 -9.81546 -2.40817 -33.2208 -107.957 57.8909
-14.9597 2.96705 1.22611 -70.0093 -155.947 -13.9777
-14.5517 -13.8549 -4.39233 -32.9643 -99.3635 97.8877
-15.1527 -6.65012 1.75491 -96.363 -102.463 -60.0032
-14.2795 -10.5977 0.872469 -10.4703 -131.513 -22.3747
-14.6264 1.99924 -2.48038 -46.5062 -169.05 83.767
-14.465 -9.60535 -1.70636 -31.9853 -109.69 32.2876
-15.2928 8.07558 0.248939 -116.677 -43.1403 -40.8754
-15.4112 10.1508 -1.90432 -129.23 -46.0937 41.8056
-14.9434 7.84014 -3.82853 -84.6314 34.5111 111.338
-14.8533 2.89548 3.47602 -77.3986 -122.031 -110.24
-13.1947 -8.00382 2.34208 86.6817 -109.359 -74.9351
-13.8697 -9.70772 -2.67946 18.2507 -154.073 92.4119
-14.1765 -7.54944 0.379887 -16.3368 -121.48 0.447758
-14.095 -14.9074 2.35572 -9.99461 -261.039 -32.6767
-14.6814 2.46162 1.82365 -70.6013 -145.115 -69.1931
-14.5224 2.83683 -1.8205 -55.3354 -181.443 53.766
-14.5121 4.06876 -2.92722 -62.4217 86.6412 75.9187
-13.9023 -4.67749 -1.70116 -4.06831 -153.24 67.8253
-13.6078 -4.62607 -0.748195 25.0748 -334.014 23.2624
-13.034 -8.0978 -1.51883 80.882 -164.986 40.1695
-14.1484 -2.31063 2.67579 -40.3163 -128.366 -106.277
-13.2983 -8.20402 0.550014 41.6166 -163.626 -26.6383
-13.7132 -7.89428 -2.26026 -3.25541 -126.705 55.8952
-13.9426 2.68962 -0.555689 -26.769 -214.432 13.3268
-14.0478 -9.83061 -0.311594 -41.0726 -96.1225 -19.0484
-14.7725 9.55807 -1.9276 -114.169 -17.3314 39.7895
-13.5416 -7.22991 1.94713 6.16031 -138.393 -99.1503
-14.559 5.36093 0.788069 -97.6385 -133.583 -25.9901
-13.9309 0.532179 3.89372 -35.7754 -157.06 -140.432
-12.8349 -10.2547 -3.74065 72.5844 -70.3586 160.253
-13.2754 -13.2649 3.17055 28.8031 -218.036 133.313
-14.7539 11.9294 -2.14663 -119.324 2.66715 91.7962
-13.1329 -10.0849 0.613221 36.103 -147.381 -40.7747
-14.4544 8.45838 1.45053 -95.2993 7.80822 -83.9208
-14.5241 13.8522 -0.567259 -103.681 45.8868 46.7365
-13.0183 -8.27042 -2.51561 40.973 -244.748 86.4781
-13.8793 -7.73352 3.05034 -47.8309 -88.0729 -114.559
-13.5102 -12.07 -0.470738 -11.9882 -88.9422 20.0783
-13.6881 -9.3131 2.92861 -33.2153 -97.9297 -137.96
-14.4944 7.34294 -1.80628 -115.862 -83.9941 38.8468
-13.9604 0.973305 3.17361 -63.3006 -110.736 -130.993
-14.4965 7.8572 1.69349 -119.384 -102.013 -90.9918
-14.0761 9.21433 -1.33786 -82.8531 -86.0969 47.7575
-13.2588 -0.244459 3.28826 -3.22872 -185.559 -115.085
-14.4728 13.7497 -0.365387 -124.796 17.0153 30.7071
-14.5223 6.42908 -14.7184 -131.312 -108.195 -171.08
-13.1111 -10.7207 0.83532 8.04476 -128.825 -13.3117
-13.8474 3.38992 -1.25803 -65.2904 -168.232 75.7577
-14.2811 10.3564 -3.02499 -108.498 -100.329 65.5747
-14.2745 6.34522 3.55604 -110.807 -55.0717 -19.1116
-13.9706 12.5229 2.60923 -82.6775 58.9785 -72.6314
-14.3803 9.93835 1.20757 -126.039 -39.3922 -45.5753
-13.4943 -7.58225 4.35027 -38.7308 -94.2701 -127.235
-12.6658 -5.85498 4.2547 43.1626 -211.963 -104.061
-12.5911 -9.02175 -2.09575 47.4889 -150.392 60.8664
-14.0144 6.54448 1.44212 -100.333 -64.0046 -80.0894
-14.3165 11.4331 -0.173369 -133.65 -37.0175 -8.41563
-12.5339 -13.7418 -0.448685 40.6505 -87.7815 -30.826
-14.0574 17.9348 -8.16232 -114.552 35.1913 -111.424
-12.987 1.34723 7.70862 -8.30874 74.1236 12.3053
-13.3941 -9.79353 1.91614 -51.7567 -11.2484 36.1365
-12.7419 -7.91026 1.41287 12.3904 -65.7159 -163.301
-14.0381 10.2684 2.59564 -118.189 -21.2053 -121.691
-13.9799 7.89401 3.46677 -115.6 -99.1097 -101.43
-12.6781 -13.7749 0.80984 13.0912 -131.918 -5.52173
-13.681 11.0208 -1.99013 -88.3898 39.9792 -20.3465
-12.3045 -9.04678 1.82688 47.6928 -136.945 -84.0523
-13.3458 2.90638 -3.35894 -55.9095 -155.967 123.016
-13.7139 4.64279 -3.42881 -92.643 -94.9618 149.807
-12.9478 -1.32551 3.81041 -18.5552 -146.996 -134.382
-13.9245 7.79404 2.90321 -115.595 -106.871 -134.743
-12.6867 -10.5059 -2.72512 4.78291 -123.061 118.16
-12.7223 -11.8643 0.935714 -2.9518 -50.6903 -33.9858
-13.9001 8.88755 -1.53642 -121.533 47.3864 46.5664
-12.9337 -10.0671 -3.14914 -31.7001 -150.289 113.048
-13.545 5.13763 -3.72307 -94.1279 -100.258 132.388
-13.849 11.8395 0.345928 -124.667 -71.5497 -29.6932
-13.4148 4.55344 -3.61319 -81.6562 -128.156 117.011
-12.6956 3.75883 0.380944 -14.5011 -214.933 0.730582
-12.2299 -9.54035 -1.13754 27.7297 -239.828 -279.427
-13.3996 9.81539 0.71896 -88.718 15.88 42.9091
-13.6823 7.24765 -0.332602 -125.344 -18.5538 -6.84091
-13.4698 7.2838 0.188945 -108.406 -144.54 1.90731
-12.5341 -10.5174 -1.6893 -19.7512 -102.236 81.283
-10.9839 -2.90529 -0.814559 132.979 -198.594 90.1916
-13.023 4.47146 -2.35523 -70.5811 -171.329 70.6923
-13.512 8.28156 2.51522 -120.686 -117.21 -66.6935
-13.0536 2.91215 4.97247 -75.5664 -58.4662 -189.425
-10.6995 -10.8463 1.91109 157.74 -148.389 -39.4691
-12.9203 -9.17269 2.19348 -63.4186 -58.4309 -92.702
-13.1349 5.85793 -0.790395 -85.4793 -176.953 12.6031
-13.1073 10.7472 2.74003 -83.6481 40.8968 -89.7672
-13.1145 4.38358 -3.43399 -84.4917 -112.001 121.973
-13.6408 11.4115 -0.312991 -138.73 -60.2882 -14.1449
-12.8543 4.7188 -0.292759 -65.5278 -187.576 26.8708
-11.3743 -13.2193 -2.42282 79.2413 -154.486 28.4211
-12.6118 -8.32377 6.13886 -44.0487 -122.945 34.4758
-11.3407 -15.8991 0.477104 80.6853 -96.5078 -12.6798
-11.6924 -6.72496 -4.25812 45.5546 -152.671 152.407
-12.6415 -8.12851 -2.74034 -53.4158 -120.314 23.3513
-13.4294 13.0171 -1.21242 -138.138 -20.1773 -64.3467
-13.0705 12.233 -1.23109 -106.239 23.1771 80.8521
-13.1147 8.27353 0.0117955 -110.857 -122.237 55.9293
-13.3066 9.30949 1.48855 -130.332 -108.246 -86.7703
-11.0845 -14.6279 -0.340558 88.2355 -128.28 -43.9627
-12.375 4.12409 -3.56024 -43.18 -196.818 130.604
-12.1979 -46.2388 34.8473 -28.7176 -273.781 210.339
-13.3234 10.5927 -0.426799 -141.787 -75.3291 15.0158
-12.3042 -11.2931 1.32398 -41.1977 -86.6269 -29.875
-10.7361 -10.9558 2.69299 113.876 -85.4383 -122.852
-11.1078 -12.1642 -1.11525 73.8064 -136.519 14.6492
-10.6853 -5.80833 3.58786 115.528 -164.26 -106.394
-12.762 5.94685 -1.27207 -91.914 -170.427 41.915
-12.8895 5.65324 7.12808 -109.629 -20.7248 -42.1161
-11.5546 -5.86237 1.64358 22.695 -197.374 -41.7095
-13.0502 13.0818 -0.350402 -131.309 -10.4835 25.6896
-10.7939 5.44666 -4.47149 91.2197 -113.855 82.2159
-12.8082 7.47321 2.36853 -113.846 -97.3044 -62.6621
-13.073 12.1037 -1.71698 -140.302 -31.3744 75.1158
-12.3291 4.88382 -2.325 -68.2182 -186.323 70.4138
-12.0417 3.92234 1.25654 -41.4301 -221.056 -26.4459
-10.8946 -15.4607 0.875762 61.6366 -134.461 -7.8982
-12.7286 10.5053 -0.571921 -124.696 -42.1058 7.86747
-11.5966 4.39495 -2.4935 -13.5735 -234.391 86.2624
-10.923 -11.8211 0.493739 52.997 -171.065 -44.776
-10.5001 -10.5273 1.28401 88.3536 -132.737 -71.3281
-11.1728 -10.2917 0.549144 20.5455 -157.652 -7.22765
-11.7736 -14.9205 -0.509731 -40.9261 -96.9286 37.455
-11.5204 -14.6921 0.251931 -17.1264 -132.067 63.3075
-10.9681 -10.2411 -3.83393 37.341 -123.099 156.426
-11.1786 -15.3941 -2.31887 15.781 -122.276 54.4597
-12.3047 6.38511 -5.21094 -97.1495 -77.2663 169.301
-12.3547 7.65894 -1.23446 -102.185 -168.25 53.9543
-12.3666 12.8587 -3.26683 -104.774 27.3433 30.0172
-11.6342 3.78144 -3.5664 -34.3386 -202.231 115.8
-10.9184 -13.9582 -0.426329 34.7176 -125.797 -13.4114
-12.6378 10.5704 -4.43577 -136.378 -169.83 135.427
-11.5615 -2.35552 11.5331 -36.3742 -105.357 56.7149
-10.9772 -10.9674 -0.928305 19.0106 -118.345 71.1161
-9.35085 -10.2677 0.315331 180.388 -306.422 2.00114
-12.3012 8.00911 1.75443 -113.971 -96.2084 -73.5952
-11.9959 13.0847 1.18699 -86.1002 49.369 -73.2614
-12.2766 9.75088 -2.8796 -115.864 -29.0418 93.95
-11.4752 3.99067 5.23096 -40.6989 -197.608 47.8692
-12.3084 10.0711 0.668241 -127.3 -76.145 -52.6606
-12.2795 10.534 2.02079 -129.88 -49.8403 -87.9491
-11.7401 17.6951 8.58378 -91.8932 55.8286 -17.5063
-11.7479 6.85294 -0.638599 -96.0277 -179.214 1.74825
-11.8663 13.7075 -0.00586923 -109.948 29.7583 -46.4948
-10.372 -3.26888 -5.24154 29.349 -139.671 186.746
-10.9728 -8.87968 -5.63662 -40.5786 -143.496 231.122
-10.9585 -9.86571 0.6084 -42.3284 -98.3302 -69.4634
-9.31698 -9.25402 3.50179 119.347 -124.219 -113.544
-9.02624 -9.46665 1.04146 147.597 10.68 1.36954
-10.097 -5.29514 5.59639 36.8541 -131.462 -201.152
-11.6609 12.914 -2.36767 -121.031 3.33916 109.895
-10.3042 -11.0674 3.46748 12.4277 -109.452 -108.681
-11.5655 2.32177 -4.79671 -113.652 54.9172 -38.7843
-11.3395 7.63052 -6.07434 -91.5593 -22.189 200.612
-9.17916 -13.4932 -0.87579 120.836 -135.213 50.3511
-8.96924 -14.4097 -0.141542 138.209 -130.452 29.2181
-10.8536 6.37804 2.37465 -56.2442 -231.628 48.4584
-11.3165 7.1423 2.83407 -102.588 -156.961 -97.363
-10.1724 -29.2911 -1.17005 10.9024 -375.552 -55.9115
-9.84944 -16.403 -2.13302 37.5394 6.05308 81.7125
-11.4991 10.9781 2.1234 -130.322 -35.2694 -68.4458
-9.98213 -17.1472 2.4438 19.349 -88.7133 -65.2459
-10.4974 1.10744 -5.7411 -32.0193 -129.951 207.108
-11.3703 11.1309 -2.15619 -130.144 -44.2353 90.0429
-10.0843 -10.5891 7.13523 -5.75275 -95.6862 10.1831
-9.7612 -16.7432 1.57882 24.6741 -119.821 -74.1419
-10.1442 -15.4618 0.20485 -14.8876 -106.446 -38.4514
-11.0414 8.78479 0.710402 -107.962 -206.81 5.13672
-9.36573 -8.33584 2.04984 58.2931 -292.58 -96.9917
-11.5567 13.9153 -0.980298 -159.716 -70.9949 -24.2697
-8.61455 -5.45384 -5.15712 128.163 -130.053 176.009
-7.52322 -7.59398 2.35418 236.203 10.3209 -32.322
-9.58861 -14.9571 1.61173 30.7878 -116.84 -36.4287
-7.46368 -11.7752 2.49587 240.48 -233.434 -115.44
-10.884 23.4622 -8.80262 -118.35 -95.9735 113.951
-8.96956 -11.5677 4.10257 69.3614 -115.233 -133.142
-9.14798 -8.88724 3.01512 51.5032 -172.626 -133.814
-11.2885 11.71 1.84324 -161.265 -96.5237 -81.2511
-9.55076 -16.2 3.19951 7.95283 -115.103 -93.7257
-9.59389 -17.7449 -0.372162 -2.86738 -115.727 26.9034
-9.73605 -9.25473 -4.68505 -17.1164 -181.838 -47.6445
-10.7514 11.1453 -1.67059 -124.406 -29.0014 62.6134
-8.58799 -13.5135 3.69366 85.889 -122.166 -89.3278
-10.7888 9.44236 -3.95602 -137.965 -154.991 107.678
-10.7299 7.29737 -4.40739 -141.757 31.0235 147.332
-10.6941 9.88712 -0.205906 -138.649 -163.251 -19.4951
-8.91292 -13.5004 3.25439 35.8478 -108.576 -99.4581
-8.52801 -28.1895 10.6836 64.4818 -68.3311 -17.0633
-10.171 16.6463 -1.22924 -102.806 51.2885 50.0837
-10.427 13.0077 -1.51874 -130.369 -7.7741 77.1621
-7.34704 -11.7512 1.47759 172.735 -109.687 -64.861
-7.45536 -20.6476 4.58508 160.131 -38.8896 23.8353
-8.81128 -13.9693 1.93793 23.7204 -108.491 -50.0762
-10.1587 16.3688 2.20047 -112.339 49.1531 -42.0629
-9.42224 -35.9336 11.6507 -40.0437 -82.8394 -60.9584
-8.93434 -8.86788 5.55628 6.89483 -137.512 -52.2313
-7.10411 -10.9448 1.99065 188.276 -182.132 -87.4617
-10.0422 -4.81106 4.68093 -105.572 -2.73788 104.547
-6.60291 -6.23172 -3.7288 229.71 -29.508 144.065
-9.52783 16.9912 -0.609205 -61.1709 102.841 -131.184
-8.94751 -14.2138 1.49842 -4.55309 -149.821 -51.3072
-10.5007 11.2227 -1.60943 -158.874 -142.348 58.9483
-8.0675 -9.17933 4.85175 81.0653 -110.408 -164.142
-10.2102 10.3323 -2.18506 -134.499 -84.3131 69.5082
-9.98093 12.3072 3.4313 -119.756 -6.72862 -107.358
-8.00437 -16.3232 -2.99917 75.8023 -115.556 78.1414
-8.5029 -16.1331 -0.265821 8.37039 -109.178 50.1217
-9.60042 14.6319 -3.52658 -108.669 29.721 127.917
-8.79893 -4.28382 4.0469 -33.8212 141.223 -28.8078
-6.35024 4.69661 0.482501 204.275 -206.198 -18.3095
-7.81032 -10.1327 -5.02985 57.7126 -103.664 203.012
-9.64179 16.4829 1.12165 -126.324 37.9916 -2.50474
-9.41685 14.1567 0.0268469 -104.597 27.5599 -0.102786
-8.19461 -31.5992 3.38656 9.31777 -319.828 83.5519
-8.37469 -13.1869 -4.87634 -14.5127 -99.1861 -30.8787
-9.79029 14.6631 -0.805926 -156.976 -33.0981 24.1256
-7.05297 -13.9682 -1.06898 112.791 -110.396 46.0353
-7.57077 -15.9084 -1.68719 59.6844 -116.945 32.2518
-6.53571 -13.9823 -1.5526 157.944 -97.256 51.1766
-6.76691 -12.9263 -1.93636 134.179 -108.343 22.9324
-8.40844 -15.1731 1.31207 -31.5496 -35.7544 -47.3223
-7.41584 -15.8326 0.680621 63.332 -124.226 2.83602
-9.33265 8.6687 -1.544 -130.698 -169.317 29.9034
-9.22924 13.8434 0.979976 -127.333 6.8499 -52.3855
-9.02512 16.1695 -0.845421 -134.064 29.3329 69.1646
-6.97775 -18.256 0.596166 69.2887 -123.628 -13.9057
-6.92928 -15.8364 0.610675 73.512 -54.9216 -13.3976
-7.98874 -19.0499 -2.73485 -34.1964 -110.456 -53.6454
-8.55517 -4.08115 -0.328666 -92.2674 112.262 -93.1438
-9.20636 11.5553 0.858151 -158.426 -94.6169 -22.6081
-8.92092 2.14714 5.10135 -136.2 101.974 -15.0847
-7.3275 0.534636 -4.70667 21.3889 114.42 -25.7761
-8.97384 13.7014 0.430957 -145.963 -25.957 -42.3707
-7.45636 -4.86664 -1.48631 -10.048 -204.461 -39.0931
-8.8266 11.5554 2.4977 -156.581 -105.251 -83.6543
-8.35485 13.795 -3.57173 -116.053 12.9887 129.82
-7.69995 14.6484 2.46279 -55.6367 72.0659 -51.8449
-5.81844 -22.4352 -8.31577 127.193 -40.191 76.0715
-6.36875 -16.3245 1.46444 66.0075 -113.673 -46.9135
-6.93514 -11.5843 5.10362 8.70809 -84.1531 -171.294
-5.85868 -16.4595 0.46826 110.443 -68.3358 2.74235
-8.3472 15.8434 0.946487 -140.233 15.9951 1.23489
-6.35637 -17.6995 1.0227 52.4569 -118.067 -29.9787
-5.94118 -32.1102 2.67142 91.6489 -121.76 83.674
-7.5548 15.3667 -1.13203 -72.0298 65.3143 82.6342
-6.5073 -14.2635 3.86622 24.6345 -98.5477 -125.593
-6.0336 -18.8342 1.05704 62.4711 19.3945 -33.0898
-7.7694 17.5635 2.48935 -112.343 -82.3176 -53.5973
-6.79079 2.28221 -6.23816 -15.5852 -126.157 240.734
-7.61109 15.7979 -1.28597 -101.601 49.0856 42.3095
-8.02749 12.9567 -1.85887 -143.892 -33.6737 -25.0516
-5.49235 -14.982 1.84415 102.156 -94.0315 -50.5613
-7.79302 13.8039 -0.0817865 -126.396 27.6508 94.4654
-5.52205 -17.6759 2.11433 84.4453 -114.687 -57.274
-7.48512 17.471 -0.713069 -114.38 59.0553 71.7068
-4.76818 -12.4566 -2.77538 155.407 -72.9472 123.428
-5.73798 -16.9909 2.33289 50.5655 -164.79 35.807
-5.3559 -14.5291 2.10361 83.0376 -93.939 -89.6747
-4.63115 -13.8326 4.14441 147.936 -82.0928 -130.668
-7.75709 13.7017 -3.61063 -174.039 -56.2836 94.5731
-5.39951 -16.7016 -1.98307 56.5884 -205.854 66.8469
-6.7347 7.40231 -1.49492 -77.6497 -245.365 52.3695
-7.56964 15.4534 -0.776921 -164.57 -30.8063 29.6641
-5.32414 -18.1978 1.20893 54.2336 -109.34 -59.3291
-5.05499 -16.1123 -1.07474 77.4389 -106.658 59.0905
-4.54956 -4.10125 2.53642 126.837 140.931 19.8771
-6.9496 16.7372 -1.40549 -112.766 47.5505 94.8839
-7.08508 17.9205 -0.290225 -133.784 33.6339 -23.3914
-6.34401 17.9301 1.45101 -62.1614 84.7176 -47.049
-7.36078 13.3977 -0.578805 -175.395 -60.1061 116.841
-6.69267 17.4971 -1.61358 -113.854 52.0026 46.7932
-5.37131 -12.0573 -12.2301 15.4286 -70.037 33.8549
-4.62088 0.904876 6.82712 86.6101 92.0039 -4.02181
-6.86852 14.1009 -0.533304 -139.872 6.5714 51.614
-5.04304 -19.9569 -0.401411 38.5523 -72.0494 -3.48775
-5.8791 11.9879 -1.86945 -47.4439 155.568 49.7763
-4.19541 -16.422 1.39059 114.433 -145.437 -28.9906
-6.30808 14.5793 3.75771 -97.003 42.0079 -167.738
-6.55111 16.5995 2.2871 -122.054 42.7719 -42.5782
-4.0698 -12.5158 6.93888 113.721 -118.3 -42.9626
-6.31436 8.06864 5.9853 -109.942 -69.3461 -215.458
-5.68055 -4.94957 -0.22951 -49.4492 117.113 102.981
-6.26888 14.5039 1.62964 -112.06 32.0782 -65.1815
-3.83339 -16.0207 -1.90315 124.076 -82.6401 82.0179
-5.45081 19.3509 2.78564 -43.8188 15.4408 -39.8619
-5.75203 15.3981 -1.82688 -83.5356 59.2304 83.6394
-4.54717 -16.9132 -1.00811 35.2493 -103.222 23.8194
-6.50674 16.6266 0.637544 -161.827 8.53932 -47.4155
-4.81215 -17.3033 9.51981 5.2421 -105.27 -19.5292
-6.60269 12.8891 -2.67945 -173.884 -68.1719 63.7166
-4.56318 -13.9641 -3.56748 25.8241 -88.1783 138.388
-5.83629 14.4851 3.09245 -102.681 38.4217 -77.7217
-5.68548 11.9391 -6.9874 -90.6037 55.7941 -17.9017
-5.8075 14.8165 -0.138152 -109.158 35.8991 42.6137
-3.22836 -17.7722 -1.85796 142.324 -13.9973 59.1238
-5.9596 16.2749 -1.32779 -132.467 18.8771 18.7623
-4.40978 -20.1262 -0.309018 10.7634 -50.4803 -9.69076
-4.20048 -19.666 1.38429 24.004 -114.41 -28.2111
-6.29704 15.9119 -0.0620028 -184.886 -28.5533 36.0753
-2.65848 -14.2845 2.84546 168.287 -48.6104 -114.982
-2.5978 -15.75 -0.0660446 166.969 -75.7837 4.67505
-3.4382 -16.6182 0.93573 83.3068 -149.514 -17.3326
-4.43357 7.31798 4.8681 -16.8294 -98.1104 48.2771
-3.29477 -15.3198 1.66171 96.0176 -87.258 -36.3503
-3.39174 -19.9507 7.80188 85.6259 -134.203 224.223
-3.62167 -16.3471 2.70765 53.4119 -92.6616 -121.91
-4.76612 18.7289 -0.551107 -71.5462 87.0911 17.3638
-4.59786 17.4306 3.46172 -61.3643 83.5237 -131.129
-3.10594 -20.2128 1.87595 81.8538 -39.2804 -44.4896
-4.63343 16.0676 3.42315 -72.5866 117.513 -146.409
-1.98882 -11.4765 -1.24994 189.501 46.0009 -103.427
-2.94072 -17.2182 -2.39874 89.5588 -92.4254 101.303
-4.58957 14.6847 1.49875 -74.6746 79.3133 -57.0987
-4.50722 19.7412 7.34842 -72.0802 85.7935 -35.4971
-4.3602 17.2696 -3.54309 -62.0906 85.6506 12.5986
-4.59292 15.9191 1.06385 -87.0929 58.5363 -33.6058
-1.80421 -14.4845 -0.0943013 188.834 -29.8039 17.9707
-2.51077 -14.2197 1.1865 115.246 -138.685 -54.4945
-2.81331 -17.6249 -0.79772 84.3076 -97.2938 42.316
-2.95238 -16.3797 -1.9118 69.5311 -87.0829 86.5493
-3.10992 -13.9979 -3.0667 42.1332 -125.281 91.3128
-4.56941 17.172 -0.369238 -103.989 59.5235 12.7978
-3.78137 17.1416 -4.37428 -30.9321 89.6985 128.547
-3.90768 0.301967 -11.3992 -44.8451 -111.764 -42.4473
-2.70177 -19.0101 -0.708656 53.4617 -107.689 44.6393
-3.07699 -17.4964 -1.42826 -2.41047 -97.3469 73.3394
-2.00436 -18.4942 -2.57181 100.508 -96.7827 83.4276
-4.32606 17.1119 0.703783 -150.712 22.0904 -22.3533
-1.16497 -14.0591 2.45316 162.654 -33.9856 -76.7212
-2.17636 -14.2029 -3.30602 56.4765 -80.8736 145.889
-3.97206 17.1259 -3.15253 -123.584 54.7628 115.941
-4.54472 14.0251 0.701455 -193.79 -33.8024 3.26031
-2.54354 -18.2413 -0.359962 4.56821 -99.3573 -10.615
-2.17549 -16.8716 1.39077 39.507 -90.3777 -35.3403
-1.68602 -17.7971 0.746005 87.698 -92.3956 -39.0551
-2.0716 -17.3223 2.30721 47.33 -97.5341 -57.0157
-3.1647 19.3767 0.187473 -73.0457 93.6152 3.64031
-3.05071 5.54184 6.1998 -70.3719 -135.707 -239.034
-1.08333 -15.5933 -1.12996 117.611 -63.8119 31.2748
-2.77977 16.588 2.45079 -60.6058 78.679 -122.896
-0.575746 -11.354 -7.43987 154.906 -86.5708 13.1435
-3.35997 14.3064 5.31237 -122.763 30.8277 -166.867
-0.302044 -13.9371 -2.07971 179.45 -0.604106 87.3065
-1.70296 -16.3961 -0.461963 0.939809 6.88067 -1.67577
-0.557172 -16.2833 -0.675588 108.049 -123.695 15.6194
-2.58969 16.5046 0.267334 -98.4888 7.69544 49.3105
-3.40141 20.8802 7.86941 -180.548 -68.2282 -206.803
-3.26055 13.5915 -0.139205 -171.411 50.5761 -376.511
-3.30984 15.6367 -0.735273 -177.234 0.995333 16.4735
-2.2312 15.9846 2.15571 -74.0925 72.0495 -110.621
-1.55235 17.9551 0.21469 -7.69642 43.0494 -25.3831
-0.0445412 -15.8847 -0.883927 140.123 -54.5163 49.1875
-2.56583 16.1252 2.79862 -113.142 57.867 -106.268
0.184592 -12.9288 -6.27598 149.078 -55.293 133.448
-0.387028 -17.3163 -2.62799 79.5494 -86.2114 53.9337
0.360059 -27.6608 -0.012292 151.346 -327.004 -110.252
0.538797 -14.7626 1.18491 166.67 -28.5364 -29.9595
-3.01239 13.9222 1.48716 -186.181 -23.3509 -59.2536
-2.59826 12.3142 -4.50607 -145.682 172.629 167.112
0.219374 -17.2899 0.201027 131.083 -75.2934 -4.24841
-0.0199804 -16.9898 1.04944 105.259 -77.9534 -4.75446
-0.290194 -16.3421 -2.38831 72.3005 -81.4506 47.4914
-2.51091 19.7441 -0.382912 -150.634 -120.824 7.43776
-1.8879 3.45125 8.4306 -95.7662 72.8624 109.167
-1.97988 10.7452 8.55577 -110.048 -82.0711 33.9015
0.0409561 -19.5585 -2.3337 72.3228 -99.486 37.2774
-0.859415 17.0941 -1.29478 -17.8016 90.534 9.66529
-1.19222 23.7537 -0.282995 -51.9038 7.9895 6.35416
0.825469 -31.8622 -5.4856 135.672 -204.841 -115.706
-1.99943 14.2081 4.38231 -145.375 26.6256 -157.426
0.942172 -5.83957 4.26642 141.548 -161.443 -29.2972
-0.351403 -0.0920601 0 13.0212 -0.496884 0
-1.13073 14.3989 -5.58663 -65.5435 76.3727 -57.5746
-2.32491 16.6651 1.4877 -191.119 11.4884 -21.5061
-0.825619 19.7692 -1.64663 -44.5554 104.103 30.8122
-1.46207 17.2665 -0.721196 -113.534 70.9163 -6.1627
1.52126 -13.9422 2.65329 177.404 9.49827 -114.45
1.29246 -14.3564 -2.55635 142.939 -31.5079 110.657
0.853584 -14.8089 4.3194 99.0142 -58.0226 -144.551
0.475256 -16.8525 3.56172 58.7347 -87.5051 -129.574
1.6398 -17.6537 0.869153 164.727 -41.2346 -15.3557
0.0829109 18.5649 0.493965 2.95968 55.8467 -66.216
-1.04926 13.7506 5.77521 -109.85 42.4763 -191.63
1.59341 -16.2309 2.78798 150.282 -44.1086 -87.6656
0.635448 -27.9124 -1.95472 47.754 -314.949 -13.5948
2.29042 -18.1926 -1.44144 193.752 9.53858 51.0905
0.569984 -17.2435 -0.125914 14.6457 -92.5578 -20.2556
0.150766 19.267 -1.75812 -36.9771 102.279 56.367
1.78308 -16.4841 2.17922 124.403 5.2724 76.4384
2.02084 -15.9109 -2.32368 129.683 -40.8369 102.408
-0.228556 15.4045 -2.13367 -96.5054 68.2426 76.7512
-0.226347 17.3003 2.88729 -109.7 77.8162 -109.589
2.55005 -16.0729 -0.462882 160.98 -34.1282 39.6132
0.00943662 14.7784 -2.27035 -93.6853 62.8179 120.758
-0.853847 15.4686 0.671079 -194.352 2.174 -25.598
1.45233 -19.1272 2.53621 33.0875 -101.679 -91.2412
2.88378 -17.4656 -1.12169 174.981 -28.8221 37.4082
0.967175 18.1985 0.710752 -15.8363 97.9242 -6.67214
2.37732 -15.6199 0.866074 116.193 -51.5948 -17.7169
1.50793 -18.0225 1.71203 26.0685 -96.3711 -60.8573
2.90277 -16.2762 5.21601 164.447 -64.5067 -186.529
2.14164 -19.4488 0.745414 86.8164 -89.4658 -42.3066
-0.303446 17.3542 -2.15742 -156.698 57.0068 65.7956
0.366517 16.4983 -2.60014 -103.407 75.4116 60.8552
2.94655 -16.375 2.75005 150.645 -33.674 -79.0588
1.10982 18.5065 1.51858 -33.8737 100.353 -73.0458
3.26719 -9.28238 7.14093 178.095 -30.8965 -45.5477
0.309351 16.0372 1.59452 -119.817 65.3684 -61.4709
2.72424 -25.7887 -6.2724 116.06 113.327 115.734
0.92078 18.7639 2.05298 -64.6413 98.3356 -84.6103
2.61253 -7.27903 0.74561 92.1221 155.061 47.7962
3.18602 -14.4716 2.47023 148.589 -103.087 -96.079
3.28297 -19.3066 -4.71414 147.29 -35.861 -24.6667
3.31083 -16.5441 0.522403 142.821 -41.3957 3.98558
1.41711 17.3021 -1.85427 -45.733 93.7264 53.0287
0.891046 14.3808 -3.64997 -111.222 65.0228 104.349
3.2444 -18.3365 1.59196 121.809 -66.9427 -40.9033
-0.313709 17.8548 -4.16951 -238.356 130.438 -27.8876
1.69598 19.692 1.59572 -41.1285 108.751 -37.7797
0.339559 14.9521 1.73431 -195.556 21.8767 -66.5192
1.47907 17.0407 -0.879942 -82.4359 86.9645 24.8783
3.83431 -17.7225 0.662328 144.494 -49.664 0.65316
0.601706 14.6056 -1.67704 -177.225 33.7963 85.4447
2.92709 -18.4564 -1.8032 50.3978 -90.5824 52.7785
1.32306 16.4001 -0.41551 -110.305 74.4947 -9.18611
2.34316 17.2707 -2.11958 -11.8457 94.1019 99.6814
3.38319 -16.042 -2.07102 88.499 -65.1002 92.7232
2.82686 -16.3437 3.78624 31.9077 -60.0564 -152.28
1.71693 17.7861 -0.233961 -92.4545 90.6697 0.604504
2.34658 16.9038 -1.15304 -45.888 97.521 16.7721
3.92463 -19.1519 0.227754 109.172 -75.4876 10.5866
4.31202 -13.4778 -3.68202 142.417 -3.61194 123.7
4.84576 -13.8481 -0.441615 182.942 35.1098 68.4561
4.5544 -17.4844 -0.960341 146.327 -35.648 13.8418
1.78632 13.2526 -4.33254 -137.879 56.9992 132.216
2.5238 15.3648 3.61724 -76.653 81.6827 -117.463
4.78265 -11.9361 4.88899 146.179 15.8225 -134.688
1.41773 14.5168 0.107376 -188.18 36.9213 -30.5777
2.56051 16.5195 -3.38473 -76.7214 88.9388 143.273
1.83591 14.5132 -2.67532 -157.662 48.4269 134.311
5.3574 -13.877 1.50508 185.962 51.1693 -82.5982
2.41392 17.37 -0.881115 -111.237 89.0281 52.8325
2.73294 17.5368 -1.68843 -81.8848 98.5808 81.6216
2.78683 16.744 -1.752 -84.8861 89.1792 82.9899
4.84278 -15.6101 1.40424 107.781 -44.6617 -71.855
5.40998 -18.8628 0.644397 161.047 101.789 -36.7596
2.91685 19.519 -0.0789869 -86.6425 102.467 23.9669
5.08571 -13.782 4.39654 127.23 -14.7835 -176.219
3.60216 16.5727 0.372395 -23.1673 97.6023 29.9327
2.76893 12.2234 2.00016 -110.84 181.938 -28.0785
4.82683 -19.2957 1.73954 91.4328 -83.1102 -41.8928
3.48845 18.9313 2.23599 -46.4282 109.483 -59.4987
5.435 -14.7051 0.582974 136.132 -16.9402 -35.8287
4.8649 -15.1419 1.70653 77.9082 -58.1689 -67.0423
4.85686 -10.8483 -7.32739 76.7892 -106.036 105.194
2.19121 7.84864 -1.78716 -196.886 -203.339 54.3
4.01 16.8626 -1.51626 -18.9005 106.247 41.0444
5.81657 -13.053 -1.88136 150.47 -133.811 69.0259
4.11097 16.4152 -1.09981 -27.8459 95.4428 25.9763
5.51062 -18.3364 9.57316 107.812 -33.9139 -114.649
3.40245 18.7218 0.371204 -105.423 103.704 6.55068
5.94765 -15.6082 0.440898 144.654 -39.4941 -43.6933
2.93646 12.5883 -4.95917 -155.223 50.2689 165.108
6.36056 -12.5328 -2.65626 182.121 100.478 102.406
4.25886 19.7021 0.920291 -26.9324 114.349 17.7848
2.9087 16.35 -2.21396 -168.304 67.9656 57.7132
6.54072 -13.962 -0.86779 188.066 69.1199 30.592
3.91866 15.8712 -2.16469 -74.0101 108.844 100.302
4.41504 6.59411 -9.35866 -26.6879 162.258 77.6565
6.48256 -14.3787 -0.142378 174.221 33.6868 -23.6415
5.5754 9.45078 -10.5584 72.8651 45.9315 -47.9371
4.30229 15.5699 3.33252 -55.2687 95.0331 -82.1959
5.82934 -14.6937 -2.88746 87.8088 -48.1764 113.173
4.54858 17.2112 -1.24273 -39.5209 93.9831 30.4363
5.53401 -5.45204 -10.0189 31.6512 -122.023 31.6666
6.49138 -9.94762 -4.75189 125.654 49.6462 179.568
4.76407 18.6966 2.86428 -51.5264 113.715 -56.5782
3.90613 1.57978 7.53867 -155.01 -102.594 17.4011
4.89916 -6.17237 1.92053 -62.5904 176.793 -19.8128
6.10462 -16.0261 -1.68344 56.2341 -73.2182 47.3907
4.35732 17.4478 -0.629621 -118.69 107.431 -3.70096
3.39165 17.5084 -1.32239 -219.79 127.15 56.6648
7.53047 -15.9194 3.27382 185.149 30.2989 -151.584
4.95695 2.73267 4.61844 -72.1348 10.8856 163.411
7.34675 -14.5759 -0.607446 155.403 24.7767 -5.87573
4.2983 30.5115 -4.40801 -150.444 250.974 -128.7
4.09067 14.1669 -0.54779 -174.291 158.973 -0.4216
5.94827 14.0025 4.20772 4.14822 138.894 -236.463
7.20438 -10.583 6.07385 126.73 38.4397 -181.803
4.70854 11.8987 -3.91356 -121.71 75.6677 159.894
4.80197 14.6571 1.2618 -112.659 95.9667 -28.3507
6.67062 -16.7224 -0.68138 71.7015 -72.1062 3.24327
5.97986 15.2198 1.04147 -11.9974 97.3925 -38.1668
5.38307 16.4868 -0.71753 -72.2784 108.082 11.4897
5.93328 18.0435 -0.587093 -25.0647 111.456 36.1519
7.96741 -13.4825 -1.2155 174.648 -73.4809 6.98946
4.44023 19.1119 1.29248 -175.972 12.7754 25.0379
7.76477 -13.2953 -0.0112897 144.733 22.4153 -42.179
4.69707 12.3363 -2.55576 -160.372 70.9687 108.151
7.31882 -11.6997 -8.22346 95.248 -45.0465 -75.8102
6.16005 12.2483 1.49199 -26.6381 -57.8511 159.995
4.83613 14.9918 1.46478 -162.502 89.4272 -37.8507
7.33968 -16.4108 -1.86041 85.1751 -64.8632 7.03816
7.5889 -17.2008 -1.68676 107.171 -35.0237 27.7499
4.87511 15.5511 -1.91514 -163.505 85.5751 87.8177
8.00621 -13.0389 -1.64612 143.026 25.266 59.3994
7.47837 -14.9237 0.641495 74.9045 -50.9154 -43.9463
6.01975 7.61225 11.0862 -72.5855 88.8018 -6.84302
8.09605 -6.60204 -4.73871 132.365 -65.3327 -81.5871
6.13016 14.7392 -0.528161 -64.9851 103.247 31.5568
7.83747 -12.2925 -5.86574 102.222 -17.3685 189.958
8.51932 -14.7511 -0.425218 165.893 -33.5527 -15.6573
6.4042 14.639 1.43787 -53.2482 72.3727 79.3515
6.9222 15.5541 -3.47264 -2.61487 151.506 66.4698
4.94041 11.5375 -3.69501 -201.638 55.3663 131.724
7.24758 15.6048 -2.71851 21.8714 91.6515 78.0957
8.40935 -9.51901 0.0637362 136.706 180.488 5.52604
8.64083 -13.0823 -3.82584 158.569 50.8472 120.166
6.71725 14.6595 -2.44448 -43.9915 103.418 90.9954
5.48543 13.6586 2.10745 -169.234 93.7443 -99.5981
6.55293 16.113 -3.56673 -67.0507 93.1819 82.2776
5.41579 13.5384 -1.60378 -185.945 67.2976 73.9158
8.24316 -11.5674 -5.147 92.1825 -66.4622 -119.371
8.90011 2.84565 -4.97813 147.664 -2.75103 76.0676
6.81107 9.69366 1.99394 -63.4953 195.382 -96.0751
8.8688 -13.9042 -4.13613 118.63 -12.5778 113.227
6.60296 1.56326 -3.26852 -107.613 -14.9523 -153.628
7.38197 16.9414 -1.86625 -30.6322 118.016 95.7169
6.21422 14.1128 -0.725647 -167.059 95.8778 44.7105
8.05551 12.5834 2.63582 14.7767 111.547 -100.052
9.32587 -18.7832 -2.71184 127.585 55.0089 156.356
8.98547 -7.49382 -3.30819 91.8579 200.218 124.957
7.09384 13.6263 -0.5227 -109.965 107.361 30.6692
9.22024 -11.2029 -3.43383 99.7369 -64.5348 68.8775
6.90276 26.0299 -7.67639 -154.229 25.1186 45.9957
10.0352 -13.7657 0.579846 153.203 34.2054 -45.1755
8.43508 12.649 -2.57438 -6.66535 100.981 105.241
7.64543 14.6102 1.44398 -85.154 84.7576 -52.6097
7.91147 16.3324 -0.690281 -64.3828 117.147 24.6577
9.81682 -9.3673 3.56631 119.473 85.3877 -135.114
10.1703 -21.3723 1.14108 145.198 92.6674 -13.3559
7.43493 14.5035 0.218354 -126.81 116.279 16.9908
9.82097 -14.781 3.71996 110.021 -36.6669 -110.473
9.59485 -17.8217 -0.956356 86.8138 -75.9448 16.7927
7.39948 12.1472 4.04368 -134.303 110.061 -139.499
8.35884 14.0366 -1.26721 -46.9167 114.754 49.3013
9.73876 -18.4351 0.42041 88.6406 79.5613 -7.07921
7.98456 18.1808 4.60039 -86.7555 27.5058 -147.548
8.28093 14.3093 -1.57951 -61.2123 119.447 43.6269
9.00238 13.9892 -0.52984 3.48914 100.724 16.1643
9.05981 14.1687 -2.90662 2.7615 105.338 118.601
8.06476 11.1372 3.42046 -98.3502 194.377 -106.617
9.00644 16.8065 -0.30134 -7.91476 116.546 29.6901
10.2561 -13.2279 0.0703907 115.646 -10.1731 8.77809
10.5354 -15.4889 -2.14728 142.033 -5.00009 27.1235
9.41725 7.22437 -5.94997 24.5243 71.5996 222.375
8.57476 23.4298 -9.51417 -65.6503 131.103 -61.6974
10.6372 -12.642 -0.192662 138.921 32.9406 22.6389
9.04082 13.1965 2.21285 -21.9357 83.6806 -86.0254
10.8755 -11.2714 0.603641 160.03 112.732 -25.8223
10.2938 -14.1283 3.93976 97.5195 -87.3333 -48.7079
10.5878 -15.984 0.00144025 122.843 -28.1534 -36
9.13413 13.5329 2.04506 -36.2766 117.902 -30.3318
10.6289 -16.5548 1.95666 111.092 -52.4325 0.0574744
9.19295 20.0271 1.5127 -37.2257 86.0981 -7.31357
8.89933 1.09714 6.52627 -67.7146 201.093 -4.53416
10.77 -9.1763 -3.38092 114.83 47.6043 133.904
11.0259 -12.7847 -0.776381 137.428 35.4683 16.5218
11.1391 -11.7798 2.87365 146.366 56.6716 -75.2389
11.2644 -13.4085 8.76487 151.899 254.155 -285.013
10.6555 -12.2559 2.52534 89.4436 -34.6793 -82.4519
9.01687 10.8538 3.8604 -78.7172 121.284 -104.635
9.47891 7.65737 -3.23931 -34.2846 202.854 51.9575
9.15146 36.2395 -5.28366 -81.5718 26.096 114.125
10.2534 13.1033 1.46187 27.6891 90.0723 -21.9664
9.60322 15.6274 8.65365 -37.5848 125.428 -22.1566
10.4255 3.44488 -4.13517 40.7374 185.327 0.129559
11.1722 -15.4076 -3.34403 108.645 -45.8121 77.1285
9.663 19.4712 7.18043 -48.0248 113.199 13.4724
11.3985 -14.1624 2.82228 117.342 -19.9856 -92.1815
11.744 -10.8225 -0.122604 148.192 85.0799 0.963836
9.63689 15.7549 0.834203 -61.7643 129.617 -28.2762
9.36451 14.2641 0.729361 -96.7661 133.285 -42.2072
12.0256 -12.2814 2.57718 147.846 60.8209 -86.3119
9.63087 11.0536 2.69635 -90.6395 136.076 -59.8728
11.7844 -11.4766 -0.0385804 116.64 8.68916 -53.258
10.6887 12.547 -1.06373 6.26698 102.452 21.0715
10.8788 9.72257 4.96005 19.7357 89.1855 -191.413
10.741 12.519 0.167865 5.75225 106.264 25.6772
11.9886 -9.83402 -2.28658 125.365 55.9058 81.2344
12.151 -11.3872 -2.33044 134.888 34.698 72.2585
9.82429 12.7999 0.778214 -111.098 136.715 -26.5798
12.0344 -6.32678 3.37598 107.526 96.4747 -127.025
12.1057 -13.8744 0.963281 112.774 -27.8952 -85.4267
11.1112 11.7102 1.32295 10.6845 103.111 -80.012
9.80714 8.39861 3.61428 -121.44 133.199 -136.417
12.4895 -9.23058 0.461962 144.476 37.0634 11.2063
12.1515 4.88357 3.37544 106.241 169.174 -43.215
11.8451 -5.06337 -0.849373 68.3069 223.947 23.7791
11.7727 2.28444 6.17684 55.4617 43.225 -231.955
12.1405 -12.0052 -6.649 87.7006 161.305 255.414
12.5427 -9.05966 0.821346 125.079 79.7352 -27.2506
10.6396 14.3547 2.47199 -65.2749 142.352 -42.1233
10.5642 28.1171 -7.98414 -75.1534 75.3734 62.8604
10.0015 4.91116 -3.81089 -132.818 153.8 159.998
11.8457 5.18013 4.82255 37.2973 72.3541 -188.181
11.1871 11.2111 0.949786 -31.1917 125.244 -52.5897
10.5722 4.6151 -4.47529 -92.9878 149.225 176.035
10.9791 9.17822 -0.076396 -59.4369 196.028 -23.3555
13.0008 -11.0612 -2.38582 141.18 72.5013 84.5845
9.51825 2.6498 1.3618 -206.603 173.894 -45.7581
12.8185 -9.6954 -2.09344 119.375 37.3586 73.9257
11.6161 9.52506 4.64708 -2.73629 105.489 -157.591
11.9772 10.9791 -1.0543 32.474 91.6468 46.4527
12.9377 -8.85136 2.22981 124.955 95.7965 -71.9922
13.18 -11.6333 0.698412 148.604 61.4504 -8.53109
12.8224 -10.6551 0.377492 106.536 -0.320791 18.5157
12.9539 -10.0834 3.55688 117.49 33.6565 -121.772
12.5001 -1.27594 -5.06189 68.7577 12.5249 189.382
11.3687 14.9774 -1.85803 -44.7305 136.594 64.9743
12.8839 -0.365994 5.46022 98.8786 73.1078 71.2252
12.1629 10.9206 -4.1335 22.6735 98.4934 144.638
13.2038 -8.66015 3.10305 125.731 98.8459 -136.34
12.3813 12.7985 -2.13675 38.0265 91.8796 11.9599
12.0784 0.501454 -4.16803 6.07727 177.288 157.334
13.1227 -9.74729 -3.4494 103.729 -0.476473 -27.0621
12.0476 13.1996 -1.29054 -10.8095 126.026 82.235
13.4664 -8.82379 -1.11216 124.552 87.4026 52.1819
13.2736 -6.54216 -1.6224 105.297 87.0357 93.2774
11.96 12.3861 -2.16531 -25.192 131.277 113.257
13.3295 4.70514 0.736062 107.291 -40.6157 65.8648
11.7152 21.618 3.94552 -55.9474 68.1909 -17.2536
11.129 10.5738 1.63395 -119.927 145.345 -63.5558
13.3425 -11.2982 -3.48558 97.6659 -27.0998 70.6394
13.5419 -13.8515 2.22617 116.06 -24.9003 -76.6073
12.1504 4.44302 3.35463 -22.7387 150.123 -149.53
13.3671 -3.51726 -3.64658 91.5556 -30.9248 74.0309
13.7104 -9.09874 2.73648 120.699 43.6839 -115.171
12.5735 -3.17242 0.396779 5.84365 240.241 -17.6506
13.4933 -5.48189 -4.45812 93.5097 94.906 168.51
12.1762 -0.768119 3.07809 -38.1662 206.794 -111.429
12.537 9.69507 -1.03102 -5.66642 121.018 45.3202
12.2641 6.58565 3.37218 -34.6159 137.375 -122.821
13.8712 -8.29072 1.54166 121.629 114.806 -81.7877
13.4725 -9.32978 -2.72471 80.2247 -39.2467 109.933
14.3542 -16.1251 0.503287 156.278 180.764 -2.46267
13.3373 -2.53088 -5.19113 50.975 132.824 184.087
14.1 -11.5162 -3.47209 121.472 0.560398 113.146
13.8192 -9.74111 -0.644514 92.5749 58.6503 68.3819
13.4255 8.97827 3.58703 50.6701 77.6108 -129.119
13.0067 7.34692 4.33887 4.534 127.07 -151.32
13.3814 -2.83266 0.469059 41.0621 191.921 -27.712
11.8254 11.5514 -0.302767 -117.137 161.634 7.91502
14.0651 -13.4041 0.0553051 100.131 -44.4914 3.86698
13.5636 -3.71345 -1.36807 48.2874 177.052 42.3372
13.0492 10.0793 2.3414 -3.77549 128.625 -79.3211
13.7179 12.1863 0.972127 62.016 80.0896 -42.3955
12.9051 6.789 3.45927 -30.2245 155.409 -125.905
14.3368 -6.66117 1.16847 109.949 86.9938 -45.5312
14.5973 -9.65983 -1.44518 132.534 64.424 34.9468
13.9328 -4.3348 -1.23635 65.9088 202.387 50.2743
14.3191 -10.5399 -0.663028 97.5084 -25.1303 9.43799
13.2443 -0.895136 2.60023 -10.6549 215.323 -94.8279
14.2423 -4.38435 -1.73103 85.6185 122.388 66.2343
14.6011 -10.6732 -0.979061 120.826 11.4352 54.3052
12.5764 10.3411 -2.36955 -85.36 153.532 70.345
14.6177 -7.92911 2.35355 115.555 122.8 -50.7161
14.3765 -17.0232 -5.67902 87.4599 31.8488 58.5858
12.8818 5.47415 -1.72261 -61.8493 174.613 65.9445
14.8788 1.86013 -0.448829 135.796 -14.5261 0.519774
14.0326 14.5647 -0.145455 50.6131 91.9086 10.5502
14.6321 -6.11923 -2.04795 106.123 108.528 79.5075
14.2341 0.382731 9.62791 66.3747 91.8105 -36.8504
14.9062 -10.8683 2.10932 131.382 32.4202 -82.356
14.9054 -10.1876 0.00760899 130.594 58.7459 -15.2392
14.0699 -1.70392 6.16261 43.3991 -29.2204 2.72657
14.7859 -0.900279 -3.39289 109.864 101.426 -2.04109
15.0017 -17.6641 -0.240132 131.163 102.144 14.8114
14.6152 -9.09989 1.84455 90.6131 -29.6332 -51.1321
13.9802 12.4112 0.848324 26.6976 110.218 -22.9877
13.1671 5.50986 1.04739 -57.7579 186.613 -36.6234
15.1804 -10.0557 1.6209 139.562 87.4841 -40.1914
13.8664 7.47477 -0.743231 6.38183 127.882 22.6805
13.6709 10.2363 0.1335 -14.4079 135.788 2.68487
14.8905 -6.3464 -2.02075 103.801 144.453 67.7038
15.0612 -7.50013 1.02977 119.358 109.045 -40.5178
13.3284 9.6767 -1.27348 -53.1415 154.695 4.72574
14.533 12.6454 0.80191 60.6384 89.9495 -36.4103
14.4219 -0.924283 4.90259 49.4356 137.315 -153.309
14.7369 -2.95042 -0.487279 79.1992 154.105 8.5709
13.9026 8.70814 1.99464 -3.87533 141.811 -71.311
15.118 -7.57171 -2.06408 115.387 76.0671 50.2727
13.6828 12.4495 -1.34434 -27.2215 148.671 14.6144
13.7856 4.94033 -0.883527 -17.0355 155.528 140.155
13.5588 6.52324 2.16359 -46.0565 172.879 -77.8506
13.9414 6.73669 0.797314 -9.07558 145.362 -34.2859
13.8833 5.45438 -2.2183 -17.4573 163.817 52.8742
13.7139 11.6649 -2.03774 -35.2246 146.645 87.5571
15.2854 -9.44189 0.0250046 120.86 105.719 5.39321
14.0238 5.68148 6.17799 -5.72611 148.505 -134.921
15.0323 -4.29216 0.466764 93.1381 124.885 -12.8379
15.3516 -6.09874 -2.7222 122.472 17.8486 108.953
14.6621 -3.45311 0.307936 53.6146 170.702 -20.4656
14.4562 6.87589 0.549125 30.8013 111.688 -14.639
12.9001 11.4926 0.822173 -128.167 114.398 -57.3926
14.8941 5.70645 -3.95194 69.075 56.6683 150.392
15.3229 -8.54788 -1.10446 111.661 21.8884 44.5937
15.2546 -1.86489 1.1708 104.32 115.311 -42.4956
14.3949 12.5099 0.649934 18.3632 122.929 -34.0239
15.3674 -7.60497 -1.10887 111.927 35.7836 17.4277
15.1597 -3.13098 4.56528 90.2715 81.76 -164.695
13.599 33.6748 -14.5946 -68.1461 153.587 -10.7052
15.2176 2.01711 -2.42722 75.92 93.235 84.8846
15.0018 6.75176 -4.42376 54.2528 88.4311 151.775
15.3698 -3.689 2.86903 89.0625 16.602 -102.633
14.5931 4.12289 1.02089 11.7545 153.853 -48.8286
15.3496 -2.73605 -2.51802 85.4031 58.643 95.5355
15.7735 -7.76694 0.324094 125.348 64.2641 -38.692
15.8224 -6.27821 2.00327 129.636 19.6239 23.2083
14.3499 5.77592 0.610594 -17.9597 170.681 -35.2618
15.5433 -5.27653 -0.190549 100.454 72.1782 10.8387
15.1375 0.681736 2.65938 55.5421 135.059 -102.395
14.5307 11.4138 -1.05117 -6.99974 141.937 29.3769
15.2507 -1.68409 3.3892 63.7505 107.439 -135.126
14.641 9.86364 -1.39235 2.44055 129.588 54.3649
15.33 7.81288 -1.66117 70.1054 64.6591 48.8499
15.701 -9.21754 -0.945664 106.834 -4.00495 64.5642
15.812 -8.36215 -0.592095 116.731 39.9092 34.3026
15.6529 -4.97194 -1.3143 100.401 90.0837 41.2546
15.0828 10.3657 -4.42799 43.0716 293.629 -19.881
15.5307 -2.11426 -2.65465 86.8876 72.3001 75.9137
15.0212 9.40025 0.447141 35.0418 112.14 -22.0962
15.6124 8.52314 -0.0628468 91.9943 55.031 -5.46362
14.6106 5.58663 -0.234832 -7.73139 149.362 -115.868
15.1279 5.85731 -0.858835 37.3111 114.766 19.9213
15.502 1.50774 4.82888 73.2544 58.4667 -147.477
15.8033 -6.12704 -1.30126 102.271 131.856 40.69
15.3296 1.54743 2.077 54.3075 104.511 -80.8522
15.8806 2.07498 2.75666 106.159 -20.4999 9.08139
15.9263 -6.93472 0.118266 109.115 146.279 9.34545
15.573 -2.94275 0.500886 71.7313 155.505 -28.4021
14.6705 10.9775 1.25948 -19.3026 150.532 -56.116
16.0824 -10.9482 0.54361 118.258 -8.73197 -0.692275
15.7967 -3.27743 1.57139 88.7086 77.4054 -55.9296
15.8621 -6.17141 -0.397077 93.4531 21.6555 -25.3539
15.115 6.16151 2.58789 19.2149 143.504 -77.8545
15.6712 -14.5358 1.05837 71.8982 -46.3357 95.8402
15.7405 -6.11474 1.72602 77.2492 56.8064 -113.668
16.1235 -2.78134 -1.63269 114.623 54.8976 21.6394
15.7585 4.41296 3.92594 75.9196 60.9265 -132.756
15.4182 23.2959 -15.7448 41.6997 234.211 -57.5543
15.8892 -2.04428 -3.01733 88.3985 31.5075 114.116
16.2746 -10.0392 -3.34515 124.592 18.3831 -15.3891
15.1974 2.23282 1.8643 16.6587 167.604 -65.3908
15.5194 3.23319 -2.56655 47.9724 116.576 97.0802
15.954 -1.32702 -2.24223 88.2756 97.8303 72.7786
15.8244 0.399153 -4.12755 75.3991 83.4331 162.505
14.5731 7.45018 2.55352 -49.071 169.938 -92.1235
15.8056 -2.5983 0.587918 73.2063 143.464 -31.7802
16.181 -5.35298 2.75415 99.8704 16.3494 -63.2144
15.3001 2.54097 0.214091 2.63434 243.788 -70.8351
16.3889 -8.95639 -2.06277 109.299 -5.14142 68.1911
15.4851 1.09727 -0.651663 19.4656 184.424 26.0298
15.3144 21.4573 8.63494 1.50943 39.0907 -103.258
15.497 5.02875 0.014611 16.303 141.4 -12.2982
16.3861 -7.4689 0.0395561 101.057 7.31647 74.6006
15.8032 12.3203 1.08668 41.4248 113.099 -37.0779
15.51 10.2942 -0.950683 11.4404 139.421 24.1785
16.5651 -7.89295 0.491495 114.811 31.0336 25.6609
16.5578 -9.25319 -0.17318 113.378 0.994357 -1.94664
16.1567 9.70496 0.336836 73.452 71.7859 8.44924
16.6862 -9.0198 1.50711 125.414 48.4968 -42.7605
15.8118 7.3721 -1.49789 35.5102 125.676 74.8554
15.7928 11.0037 -0.755146 32.0151 128.345 15.3974
15.1544 8.61118 -0.892791 -34.3846 159.827 35.7634
15.8121 2.03036 -0.272389 23.5077 155.979 12.027
15.4456 7.55343 2.94324 -14.239 76.1833 -92.5209
16.785 -13.5711 -0.356536 117.409 -0.815644 27.9138
16.4988 2.57045 -0.314683 83.2849 86.5207 12.278
16.8139 -10.3029 -0.6842 113.699 -17.2402 20.8328
16.7444 -9.83823 -0.0798796 104.762 -25.9477 7.50402
16.8295 -5.95459 1.69471 113.112 118.704 -70.8607
15.9318 3.06981 1.86971 22.2132 150.737 -65.383
16.0646 1.24796 -1.73302 30.2264 112.457 76.9519
16.2873 8.70565 -0.320577 51.9405 101.458 18.4846
16.3175 8.98842 1.19368 53.1484 101.435 -30.2674
16.8593 -5.33641 -2.41667 105.659 64.5556 93.6289
16.0196 3.31153 -2.32161 21.9186 143.058 89.9452
16.8219 -5.61285 -3.04341 101.365 13.5999 38.6014
16.31 -0.00266546 -0.309831 47.3485 169.588 7.4082
16.4872 -0.713928 -1.17124 62.8091 76.5259 37.4735
16.2155 3.51897 0.221189 33.4697 143.492 -4.1585
16.4385 4.05168 -0.495315 54.308 101.571 20.4589
16.8592 -3.64575 -2.12208 94.7614 3.89648 82.6519
16.7845 -0.765204 -0.146124 84.6916 78.9593 -5.30485
16.7787 4.73272 1.47318 80.6807 63.5562 -41.0481
16.9609 -5.60822 -0.886918 97.2543 -11.8718 4.70694
16.8066 10.0493 0.562459 77.2838 76.9453 0.958071
17.0897 -4.69219 2.40023 104.463 39.3455 -84.8202
16.9095 -0.586448 -1.16394 85.6506 72.8202 48.5877
16.562 6.66396 -0.443135 45.7753 119.065 3.29114
17.0159 -1.548 1.61233 89.0915 36.8 10.8243
16.7944 3.85635 2.33261 65.7693 80.9585 19.1965
17.4278 -0.909699 0.551208 127.439 180.488 -111.92
16.9828 -6.05988 -0.962729 82.5469 -11.3886 126.942
16.9258 2.57854 -1.27107 74.307 86.8874 42.7157
16.8533 5.55609 2.0987 63.6323 200.285 -12.2043
17.4579 0.201599 -3.11854 123.505 48.1671 23.183
17.3836 -6.26742 -0.572966 113.077 35.2022 63.2795
17.0525 6.2652 1.66113 76.9609 73.9009 -57.041
17.2337 4.31729 1.68821 91.5178 164.445 -101.985
17.3004 -2.35023 0.760227 96.7826 48.3193 -23.1109
17.1314 4.43385 -1.52301 72.9183 89.821 -50.6081
17.6059 -6.0502 4.15771 118.314 11.9051 -4.15272
17.0593 4.23558 0.795353 59.0277 105.275 -27.2787
17.2028 8.39077 2.31394 71.7602 82.6762 -99.862
16.9298 4.36195 2.81674 41.9779 127.359 -100.114
17.489 -2.10138 -1.71307 91.9834 100.573 84.0544
17.5153 4.08305 -0.409149 90.8005 41.1076 10.5378
17.5593 -0.354487 1.48083 94.2489 66.4807 -66.1722
17.5406 0.493238 -1.29227 91.9241 34.9399 53.5702
17.2631 3.23318 -0.455291 61.7039 108.495 20.8803
17.5814 4.96386 0.926859 89.0381 14.9036 -55.0414
17.0488 7.25661 1.0536 26.5942 153.652 -18.5403
17.63 19.2669 -3.86215 81.8042 201.757 -107.472
17.9724 -6.00439 -0.897258 112.506 19.9269 76.476
17.8653 -0.249735 0.671332 98.3232 63.7028 -36.4099
17.3444 -3.88376 0.209777 44.1417 195.908 -21.2479
17.2299 -1.25846 0.935647 31.6224 -24.2935 71.9828
17.7789 -11.4542 1.75495 81.7416 102.469 26.3115
17.8426 -6.93937 -2.09996 76.4801 -44.9203 -45.5441
17.9203 3.32804 1.14106 80.1372 60.4047 -42.5738
18.1722 -2.63755 -0.829192 104.149 46.9349 33.3765
18.3458 -8.06791 -1.11716 119.699 10.2831 13.6325
17.902 0.937533 -3.27914 72.7285 144.932 105.177
17.9778 2.16606 -2.2137 79.7101 115.655 81.4183
17.9006 6.06472 -2.11024 68.7333 91.3474 82.8542
18.3655 -5.18881 0.764657 113.504 47.4787 -23.8994
18.0698 0.427449 2.58252 74.0785 115.439 -59.5771
18.4114 -4.14226 -0.482832 106.004 101.992 20.5787
18.3449 -0.570464 -0.563701 94.7419 76.6955 26.8233
17.9482 3.23544 0.358849 42.0324 148.383 -11.0535
18.358 5.24787 -0.75111 76.0598 92.4839 30.2321
18.4636 3.25982 -2.38489 82.2736 78.5339 83.5824
18.6989 -2.8879 -1.87826 102.708 -3.07726 60.8914
18.6526 3.70386 0.89666 89.4023 65.7555 -38.1035
18.8395 5.50599 2.07313 97.1894 217.007 42.1226
18.8466 -0.962037 -1.82028 93.9802 92.39 55.431
18.8702 6.07391 0.671289 82.6673 71.1869 -23.1889
19.0735 -0.85959 -0.988863 101.068 89.7036 24.3877
19.2278 1.17023 2.80746 106.082 10.7643 -13.6944
19.5676 -0.193576 -2.15259 90.4723 61.3188 70.8463
20.28 15.0649 -7.34611 65.189 89.572 -33.8563
21.6319 10.034 5.10297 134.45 122.141 -18.5942
22.9518 -15.3926 7.69887 167.807 54.5198 -17.9365
22.9398 -6.18026 6.90772 132.105 80.3709 40.2159
26.4985 -9.14065 -8.86137 176.792 -65.2848 -28.2246
nan nan nan nan nan nan
17.2932 8.96536 0.433357 -2.16208 109.376 -8.04831
17.9861 5.27461 0.141167 5.56218 47.7716 78.8593
