-19.4907 -3.07185 1.25506 -79.3668 -142.424 -26.234
-19.2502 -7.59669 -12.7647 -165.004 -178.979 -107.676
-17.3293 -1.14731 -5.55183 -75.4597 -257.727 11.7471
-16.2264 -16.2708 6.80754 18.6342 -116.586 -89.9782
-16.1056 -12.397 -0.604861 17.0572 -55.1473 5.53278
-15.9784 -2.34716 -0.749981 -40.1837 -201.163 6.7076
-16.5559 -34.3194 9.04946 -98.4679 -286.221 -24.1521
-16.8214 1.20736 -0.225194 -137.338 -142.371 8.21447
-15.028 -3.1837 1.25713 31.0482 -210.038 -13.9807
-16.0108 -7.60859 -14.8936 -69.1129 -128.201 120.047
-17.0374 2.62875 0.7544 -189.07 -3.79963 -18.4135
-16.4059 6.34391 1.41663 -133.573 45.8303 -46.9949
-15.0984 -6.30857 -8.25363 -4.42228 -163.817 32.0244
-15.8424 -2.71942 0.672844 -103.755 -155.451 -14.9633
-14.8623 -1.41737 3.15621 -8.0713 -203.378 -72.9183
-16.0791 0.482264 -4.05056 -130.288 -145.286 25.0118
-14.3728 -5.40773 3.76862 28.8283 -137.162 -61.9851
-14.7416 -2.87962 1.08955 -8.41196 -206.988 -6.9094
-15.4903 -25.4927 1.50535 -93.7983 -279.216 30.3938
-13.4426 -7.3243 2.63197 106.889 -186.058 -29.878
-15.647 -7.14307 0.362018 -112.131 -1.79507 -33.6215
-14.952 -1.85845 3.46755 -50.811 -136.116 -61.4137
-16.19 3.85761 -0.955902 -174.975 -82.1214 8.78653
-15.8721 -0.650019 -0.71805 -143.762 -105.471 17.1211
-16.0787 16.7494 -14.0367 -165.594 34.5505 74.8668
-14.1008 -4.36021 -2.27169 23.9466 -190.669 32.1507
-15.5305 1.43129 2.92526 -125.147 -136.785 -49.692
-15.9626 -2.0375 -0.278351 -172.766 -35.0568 21.7385
-14.3007 -4.74296 0.664535 -9.26131 -193.818 -15.8984
-14.9356 -5.50209 1.71708 -72.4003 42.8242 18.7409
-15.8202 2.2488 0.63925 -170.285 -61.8911 0.465772
-15.524 -0.198894 -3.86206 -144.403 -53.7829 54.4252
-15.5702 1.2567 2.42554 -149.433 -93.0032 -50.3341
-12.0441 -6.47265 4.74358 199.135 -271.071 -100.038
-13.208 1.28561 -2.62179 82.0811 -201.532 82.8005
-14.5827 -4.8044 3.23272 -57.1875 -177.553 -76.7139
-15.0462 -6.81052 -2.57504 -106.107 -153.853 71.6496
-12.0135 -7.46309 2.90899 194.807 -21.1943 -21.241
-15.5486 5.54793 -4.21209 -157.076 -94.9243 32.1334
-12.6178 -3.5409 0.260223 134.032 -334.61 3.20038
-14.7134 0.663567 12.6357 -74.9127 -145.036 -26.8166
-15.6937 3.2793 3.78167 -174.578 -63.4939 58.8625
-13.741 -8.35457 -6.84848 16.8366 -109.121 137.743
-15.6024 -0.113247 -3.12439 -169.82 68.4969 46.3374
-14.6887 -1.32778 -4.035 -81.6446 -32.5748 -41.2711
-14.6272 -4.81361 -3.13296 -80.091 -167.264 49.9377
-15.3573 -4.63517 -4.63531 -153.347 -86.0894 90.6471
-15.1281 -2.11644 -3.80244 -130.945 -121.656 75.0623
-15.5806 5.75435 0.252431 -176.942 -64.3481 -8.88141
-15.2243 -3.05876 0.299436 -143.445 -103.921 -10.7945
-14.6831 -9.61876 8.58788 -94.5041 -123.5 -45.6637
-14.3956 5.10433 -3.05599 -69.9317 -140.661 -106.326
-14.9945 -3.96943 -2.60215 -144.359 -92.1097 53.276
-14.5385 -0.403153 3.15938 -101.582 -344.783 -90.4901
-15.223 5.19631 0.151841 -175.103 -54.8898 -6.96564
-13.866 2.02378 1.75412 -42.0084 -224.853 80.846
-14.4697 -1.53085 -4.18278 -104.166 -140.848 87.9766
-15.1272 4.17829 -5.16532 -170.933 -36.8083 90.2639
-13.5504 -4.48946 1.06985 -14.6317 -189.804 -23.1901
-15.1389 5.40334 1.63665 -178.003 -32.349 24.6588
-14.4514 -0.257123 4.26719 -113.226 -138.317 -82.7483
-15.0776 4.57459 4.50605 -175.65 -43.7142 -86.5224
-14.9562 0.775179 -3.83682 -163.76 -33.9496 81.6791
-13.8112 1.4675 0.888167 -51.0978 -179.45 -14.5225
-14.3726 1.82316 4.13848 -106.93 -148.76 -62.1949
-14.0904 1.44542 -1.9951 -79.3452 -154.09 32.2104
-13.97 -7.37749 -2.93553 -70.802 -173.809 54.8323
-15.1822 7.70275 -0.969421 -192.204 -5.47421 -2.48451
-14.5785 -3.21245 -3.95391 -132.521 -98.2938 77.7146
-12.5661 -2.18866 5.60148 66.636 -180.614 -86.934
-12.5809 -8.71586 5.08336 64.8511 -126.388 -106.31
-13.6184 -6.12075 -4.44812 -39.2822 -186.83 77.2955
-13.7933 -8.87627 -2.71084 -59.8957 -181.292 61.0615
-13.5078 2.41087 -1.19009 -31.6944 -337.892 19.1558
-14.4604 -6.21693 -2.30304 -127.627 -153.908 15.4491
-13.2699 -2.8944 -4.17034 -14.1015 -267.545 72.2988
-13.7516 -7.95858 -2.42844 -62.1221 -179.44 40.0339
-14.7157 4.07783 -0.233993 -159.569 -87.2696 -45.2415
-13.2797 -6.6178 1.41922 -19.2207 -181.982 -36.4316
-14.6271 1.72065 -0.334991 -153.575 -65.3624 8.50013
-14.6154 3.34408 0.2625 -153.158 -92.0816 16.3765
-14.7135 4.68682 2.97846 -165.762 -47.2276 -58.4517
-13.2666 -8.21009 0.30233 -26.7748 -262.458 140.275
-14.1615 -2.85024 -0.237852 -116.536 -119.821 16.0911
-14.1764 -4.28179 -4.72593 -120.757 -115.847 69.2334
-14.3213 -3.49638 2.72046 -135.854 -92.5666 -44.2828
-14.4711 -0.589833 -4.68414 -150.956 8.62743 4.14868
-11.0019 -5.34789 -6.50621 192.37 -53.6601 122.332
-12.9951 -5.54094 -3.24576 -6.13232 -180.509 49.557
-14.2202 -6.70562 -1.80867 -128.599 -87.8486 37.7664
-14.3284 3.13317 -5.49399 -142.725 -109.295 91.0718
-13.7247 4.49119 1.16452 -83.8193 -172.601 -18.1983
-12.978 -1.25797 6.1906 -10.5689 -226.36 -81.979
-14.3552 2.70921 -4.27933 -148.096 -82.587 80.5266
-13.5815 1.76077 -2.31963 -76.7744 -205.264 49.3828
-14.3637 4.05339 -0.781789 -154.482 -84.3699 6.5979
-12.4797 -13.2102 0.714854 30.6822 -157.172 -10.1582
-12.3893 -11.3467 0.573558 38.9404 -182.316 -43.3759
-12.4822 -9.46577 -2.89479 29.1661 -201.582 17.235
-14.0225 -0.345114 3.6088 -125.472 -101.376 -77.7318
-14.0555 0.469785 9.63345 -129.442 1.59012 16.2777
-14.0849 3.93585 2.02171 -133.153 -124.048 -50.6703
-13.4225 -7.43188 1.29062 -68.3854 -168.925 -17.8
-13.5268 4.78985 3.08554 -82.1305 -176.623 -53.3552
-14.3053 5.05621 -3.46487 -159.549 -25.1657 123.295
-11.6374 -9.2588 0.966575 104.045 -28.5085 5.56626
-12.7256 -5.83976 3.46301 -4.76559 -167.77 -72.7984
-12.8007 -11.3285 0.201729 -12.429 -140.018 -31.2728
-13.5638 -8.6034 2.1059 -88.3321 -172.486 8.80694
-14.3474 7.79647 -1.68496 -167.232 20.6008 13.4929
-14.4144 5.89211 -1.61028 -174.649 -62.9434 31.6373
-13.4332 -0.0150473 5.49296 -79.4593 -141.112 -101.21
-12.1728 7.52913 -5.95102 42.9784 -86.4587 60.2312
-13.4304 5.94069 2.7267 -83.4705 -178.038 -54.2294
-13.1932 -1.33403 -3.01121 -60.7294 -165.466 57.816
-14.2628 1.04843 0.345643 -167.097 -75.9028 -20.0368
-13.2561 -8.8995 2.91771 -67.177 -310.241 -21.5734
-14.3757 6.96915 -4.76885 -178.632 -0.22276 68.1704
-13.0579 -4.07508 3.88652 -49.4866 -161.724 -86.7249
-13.4725 -9.73273 -2.15124 -91.6071 -165.364 52.3527
-13.68 -10.0227 1.62966 -120.56 -329.996 -183.793
-13.2042 -4.72599 0.35363 -73.5667 -146.879 1.9809
-13.0292 -4.94849 -3.30124 -59.1799 -153.279 44.1369
-13.6395 2.32545 6.18501 -122.484 -102.492 -118.18
-13.418 -0.461114 -4.21252 -102.425 -128.386 81.7396
-13.293 -7.16646 -3.48328 -91.5485 -143.23 45.438
-12.1166 -8.82551 -1.36453 25.0655 -180.111 9.4296
-11.391 -11.094 -0.732511 95.3124 -183.498 27.3239
-14.0356 1.97561 4.29571 -168.597 -67.9773 -32.2347
-13.379 -5.74682 4.56514 -106.444 -125.4 -75.3528
-13.2227 -11.1998 -6.19582 -90.98 -151.541 75.5211
-13.6594 2.63724 4.56014 -135.2 -84.0421 -70.2013
-13.4026 -8.4139 -1.14165 -109.887 -137.108 1.53483
-13.8771 5.2824 -4.58885 -159.528 -81.8549 54.7478
-13.2608 1.16272 -2.82414 -99.2848 -172.192 47.7407
-13.1598 -6.93037 -2.28963 -89.6903 -144.027 23.8569
-11.8337 -7.33965 2.68445 41.4424 -169.806 -62.8667
-13.6551 -5.95585 -0.0182623 -141.264 -93.8427 2.80189
-13.4309 -3.36339 4.40245 -119.323 -97.2443 -81.3815
-12.6853 -7.60431 1.06986 -45.9266 -166.86 -9.29687
-13.6023 3.57444 -4.37184 -138.219 -96.495 82.0838
-13.9963 8.13542 -1.63937 -182.875 -22.312 11.0927
-10.6334 -6.72848 3.68911 150.752 -218.684 -75.3847
-13.9295 10.0911 0.477448 -176.823 66.7139 -18.3648
-13.9306 6.88271 0.37106 -177.769 -36.5702 -0.441332
-13.5602 -0.333935 3.32891 -144.355 -44.3345 -69.8864
-11.3375 -6.29783 5.66545 75.8783 -156.465 -94.1139
-13.2621 -2.46448 8.41426 -115.46 -95.7808 -148.885
-13.6146 4.34793 -0.00595825 -151.359 -83.191 0.667531
-12.0973 -3.30095 -7.18225 -4.30469 -173.295 128.134
-11.2363 -10.1214 -1.86575 77.8633 -184.298 44.5032
-12.5959 3.56016 5.49305 -57.2965 -178.204 -96.4589
-12.4215 -6.21062 4.68783 -40.2669 -95.1012 -150.172
-13.4151 -3.94413 -0.939822 -139.218 -118.446 26.7218
-12.2462 -4.20774 4.62635 -23.5251 -268.039 -271.499
-13.727 6.90279 4.6782 -172.345 -38.8244 -79.2915
-13.5091 6.03156 1.11985 -151.022 -82.3363 -32.069
-12.6569 -9.70824 -0.86003 -66.6897 -134.29 17.2495
-13.5634 3.62241 1.06553 -157.038 -30.4043 -23.2166
-12.375 -10.4578 0.886268 -39.337 -182.302 -1.96182
-13.6905 8.57111 2.62258 -170.084 53.132 -48.458
-13.086 -1.25806 -5.05374 -110.843 -109.663 87.9432
-13.0172 5.36534 -4.08126 -104.218 -153.265 69.8538
-10.2406 8.70073 0.835102 169.113 -177.711 -15.5123
-12.7676 6.95243 -0.803127 -82.573 -193.78 10.4547
-10.5477 -8.97969 2.7371 134.917 -152.798 -55.8992
-13.7627 8.84516 -1.55162 -186.065 4.50695 6.16744
-13.2313 -4.33608 0.826581 -135.926 -69.4085 -9.94223
-13.4676 6.20746 -0.834036 -163.659 -28.8871 21.2516
-11.6642 -12.0157 0.997807 14.3152 -191.624 -3.96176
-13.0356 -0.189025 -4.67511 -122.36 -86.2656 87.9555
-13.6227 8.17344 0.168062 -180.75 -25.5863 -21.5543
-12.2133 -7.51699 -5.01813 -47.3063 -160.477 101.698
-10.8469 -2.54947 -8.52332 87.1691 -146.498 146.999
-12.6872 0.41774 4.72807 -96.3519 -132.034 -90.5513
-12.5723 3.71919 6.58945 -91.1262 -147.813 -118.189
-10.3935 -18.923 3.89136 122.438 -121.564 41.5099
-12.2324 -0.228828 7.11 -61.0364 76.2951 43.2707
-13.2069 3.39789 -0.0739315 -158.822 -143.384 4.08221
-12.7373 6.41858 -2.83774 -112.224 -161.675 43.9017
-12.5757 -7.42287 0.091863 -96.663 -131.991 -19.4648
-12.9972 5.41229 4.05705 -139.904 -108.229 -81.1058
-11.5147 -7.79164 1.38692 5.94862 -211.698 -40.7413
-12.8549 6.02169 1.45668 -128.025 -136.794 -8.33504
-13.2334 6.45476 0.30541 -166.42 12.1795 -28.9797
-12.0892 -10.2938 1.5884 -54.8383 -96.9193 -28.6297
-12.3928 -6.89172 5.61725 -87.6884 -131.601 -119.774
-13.1811 7.42085 3.43042 -169.956 -17.2662 -80.3647
-13.3429 9.52081 1.86299 -186.901 -67.1084 -23.4673
-12.5826 2.11427 -4.34754 -118.949 99.3771 60.5318
-12.9738 6.55812 -5.51095 -160.717 -5.25237 83.6054
-12.577 5.31756 3.15614 -127.453 -128.516 -58.6214
-11.3004 -16.1348 10.2281 -1.16246 -130.553 -153.558
-11.9855 1.7394 6.38619 -70.6612 -145.798 -112.751
-12.8989 7.0145 1.72005 -163.574 -31.5496 -28.5986
-12.6022 5.25995 5.5733 -134.647 -104.698 -91.0637
-12.2766 -5.58476 5.25508 -102.428 -115.729 -96.9287
-11.4984 -1.56327 2.4223 -25.5717 -212.459 -33.1113
-12.095 -5.31361 6.75565 -92.1633 -121.029 -103.719
-11.8276 7.98374 0.348857 -65.7587 -189.887 2.25531
-11.2377 -7.26339 -6.85934 -9.18688 -159.432 133.708
-12.6924 10.4035 -1.46159 -153.941 93.3096 27.2353
-12.5404 6.78162 -5.93239 -141.923 65.0146 90.6713
-12.9509 9.97556 1.34081 -184.066 15.9892 -41.7832
-11.1366 -10.758 -0.132949 -11.4891 -177.207 -14.5508
-12.6688 8.44985 0.391082 -170.433 -71.4831 -1.25299
-12.5004 -4.25595 2.90262 -153.982 -125.041 -50.1262
-12.9861 4.87469 6.79824 -203.454 -21.3236 -33.4673
-11.7033 -6.54135 -5.31853 -83.1568 -184.685 95.0818
-11.566 -7.95373 -3.27501 -70.1122 -140.637 70.7163
-12.607 10.2429 -0.796498 -173.997 48.2255 5.52062
-12.0377 3.19341 5.70879 -117.532 -101.771 -112.12
-11.0898 -6.60524 0.672185 -26.0634 -192.636 -4.65689
-12.6197 10.4735 3.76081 -185.539 16.3099 -69.2549
-12.6563 10.0379 2.32244 -189.956 -35.1638 -48.7913
-9.47051 -11.3645 -2.52897 124.11 -150.049 42.5242
-11.8892 6.67666 -2.7502 -118.971 -146.797 67.2031
-10.998 -12.2012 -3.32786 -30.6372 -179.716 42.5263
-11.7329 -9.12265 1.09109 -104.193 -50.7862 42.3444
-10.8716 -8.05416 -2.34043 -26.7293 -157.861 64.1187
-11.6019 5.96416 -5.7227 -107.961 -137.061 103.744
-12.2189 8.59398 1.0734 -173.954 -8.17828 -38.0173
-9.95728 -10.4075 5.3536 46.9072 -171.921 -70.2034
-11.7486 10.5597 -2.254 -136.678 -44.5447 40.137
-11.9074 7.85058 1.28394 -152.772 -105.649 -21.5977
-10.5051 -0.266232 -8.82344 -14.382 -146.749 156.907
-11.8554 7.91794 3.10092 -150.111 42.0417 -74.2116
-10.3959 -2.3691 9.45683 -6.09025 -147.195 -169.213
-10.1358 -1.97897 3.94048 17.3737 -313.492 -84.2435
-11.0616 -38.5598 28.9782 -77.3001 -450.519 343.355
-9.98378 -8.69102 6.63986 29.5635 -157.343 -110.373
-11.6513 10.7533 3.97665 -136.079 107.527 -58.6927
-9.20545 -10.1294 -2.31802 100.469 -156.319 13.9825
-11.1435 -5.4355 5.15766 -93.6334 -151.445 58.0246
-12.0754 10.6362 -2.67327 -186.426 -2.5133 32.137
-10.797 8.98902 -4.14481 -60.379 -205.868 72.1832
-11.7505 12.2904 -1.49721 -158.4 100.46 42.3129
-10.1735 -15.7882 -3.70753 -4.42349 -61.2887 69.3121
-12.1412 9.7575 -0.0804222 -205.348 -13.226 -21.1262
-11.7734 9.48208 -2.65428 -169.432 22.5303 30.1165
-10.6516 -11.3306 -1.05369 -63.4603 -186.195 61.4875
-10.935 7.96221 -6.07005 -91.8353 -171.094 110.167
-10.908 -9.01363 1.87515 -89.6532 -128.903 -23.1165
-10.9803 -5.30283 -3.09436 -102.7 -148.134 11.0952
-9.78908 -4.95792 5.61511 11.7798 -201.193 -115.462
-11.042 -7.56515 3.98995 -113.392 -93.306 -79.5596
-11.6502 11.3378 -3.92669 -174.278 51.3245 78.8862
-11.258 9.70733 -1.48457 -140.35 83.2418 -27.5679
-9.04137 -11.0823 -1.96201 78.875 -162.54 39.5919
-9.36161 -6.50886 7.98908 44.4288 -142.97 -136.914
-11.1415 6.96849 -5.84272 -132.831 -103.768 96.969
-11.3323 7.55837 3.01456 -153.118 -34.3637 -70.5871
-10.0943 -8.3315 5.53327 -30.264 -149.778 -89.6103
-11.42 11.9413 -4.22943 -162.007 -53.466 50.2537
-10.9937 7.77284 -3.69445 -120.652 -145.333 57.8795
-10.9359 8.3412 -0.828932 -115.137 -159.837 24.464
-11.4732 8.72955 -2.51915 -169.912 -50.1884 29.7123
-10.6525 8.26508 1.74063 -88.8014 -195.066 -20.1175
-11.2025 6.37519 -6.33714 -144.546 -71.7029 129.043
-9.46235 -25.5234 10.5515 26.709 -180.517 27.3885
-11.3665 7.18545 3.78666 -164.185 -26.6477 -3.71104
-9.78636 -11.895 2.28392 -9.80469 -172.737 -28.1986
-9.82618 -13.5397 3.02352 -16.3488 -182.887 -64.3484
-11.4032 9.58903 3.4775 -173.284 -65.293 -79.9708
-10.921 3.97634 8.62125 -125.538 -43.9267 -160.565
-9.93731 -20.2946 0.0256898 -31.1818 -478.411 -58.1785
-10.4084 7.74566 -5.77328 -80.3633 -177.665 96.0041
-9.19372 -13.2258 -4.46168 39.6609 -177.096 62.3603
-10.9826 9.04883 -0.190652 -139.513 55.2987 43.917
-11.0108 6.95603 -6.26202 -145.273 -74.7375 111.205
-10.4068 -12.2671 -1.25252 -87.2239 -153.572 33.6845
-11.2698 12.7829 -0.97672 -178.354 72.4699 27.8306
-10.2973 -0.095536 9.8544 -82.0098 -110.245 101.319
-10.8071 9.42721 4.45189 -133.476 82.9991 -74.5223
-10.7967 6.47601 -5.77304 -134.311 -89.0351 102.441
-10.796 9.21187 -1.01247 -135.338 -145.034 8.80385
-11.0826 16.4079 -5.51688 -166.873 106.939 -139.782
-11.1562 10.2963 2.08496 -179.164 3.01763 -38.5858
-11.1839 8.3516 -10.5581 -184.78 -77.0365 -223.559
-10.9872 9.56483 5.38436 -167.557 -62.3703 -82.6888
-10.9898 10.2396 4.96667 -170.267 21.7353 -105.6
-10.1265 7.85095 4.01681 -85.7868 -172.395 67.1027
-10.9343 9.62804 5.52722 -167.326 -70.1906 -116.806
-9.24453 -10.6729 5.14122 -2.2097 -158.889 -81.6737
-10.3793 8.47318 -3.65989 -115.559 -157.965 57.7371
-8.15685 -20.6035 -9.49661 97.6757 -130.116 38.6447
-10.9396 11.6751 0.00648694 -186.171 11.3971 -8.74563
-10.6471 9.91088 0.141445 -158.601 -108.25 2.59401
-10.7897 7.51865 -2.41926 -172.897 81.5928 38.1878
-9.5127 -8.1561 6.60581 -46.727 -134.675 38.8995
-7.73069 -10.4044 -5.17383 128.914 -120.596 106.523
-10.6768 12.7692 0.93741 -175.681 -19.9186 -26.942
-10.3083 9.16337 -2.07172 -139.958 -138.439 34.8267
-8.63858 -7.5572 -8.95383 23.1791 -140.428 173.306
-9.38311 -12.5895 0.981738 -55.6953 -164.874 -35.8827
-9.64919 -5.54626 -10.108 -83.6178 -173.343 197.669
-8.89953 -11.1224 2.87445 -13.3755 -160.725 -39.8979
-10.3101 11.2084 -2.82863 -154.9 72.1523 72.1783
-9.59973 -7.41126 2.00113 -85.2302 -134.243 -63.8484
-10.5038 7.30068 -0.177771 -175.645 11.916 -7.89288
-10.4364 10.305 3.76548 -170.502 -78.0706 -53.4065
-8.45013 -12.8014 -2.2706 26.0416 -176.727 23.9011
-9.10334 -14.58 -0.905426 -41.9662 -183.073 24.1704
-8.37675 -12.5801 0.591998 30.1585 -183.37 5.49129
-7.44709 -11.5316 6.62922 122.34 -134.956 -107.839
-7.85283 -14.3214 0.391113 81.5152 -132.56 4.53353
-10.2579 10.4001 -1.13217 -159.49 -82.9045 53.4596
-9.37023 3.71434 -9.7168 -73.5002 -119.573 174.31
-8.12021 -14.0006 0.857085 41.8696 -117.202 -10.2975
-10.068 5.82242 7.6682 -157.396 3.32348 -11.0744
-8.08016 -14.9066 0.853618 37.6382 -192.708 -10.8421
-8.94779 -5.12053 -3.50007 -56.155 -211.493 -64.656
-9.69557 11.4863 2.63133 -131.273 100.648 -65.1096
-8.67307 -5.6573 6.37396 -29.9467 -167.581 -27.161
-9.76462 7.6773 -8.43757 -143.088 -47.68 140.372
-10.1904 12.1303 -0.00971811 -188.259 -10.9141 -14.7878
-9.90412 9.12607 3.54297 -161.091 -62.3668 -50.1564
-10.043 11.1034 3.19549 -178.873 -65.308 -76.7773
-9.21508 10.8264 1.27705 -98.0907 -195.121 55.9863
-9.70938 10.7539 -2.28193 -148.101 -129.359 46.4777
-7.54739 -28.1753 0.840499 63.2302 -247.572 90.8299
-9.66778 11.7208 -3.73343 -150.622 78.6895 15.3083
-10.0007 12.8435 0.157682 -186.83 33.9559 -66.4071
-7.33358 -12.3851 2.79482 75.0995 -151.057 -40.7445
-8.4516 -10.511 2.47989 -40.9331 -201.194 -42.8705
-8.29122 -13.1747 -1.27855 -26.7735 -170.229 46.7783
-9.77814 12.7071 -0.85983 -178.757 43.4778 23.1003
-6.93781 -6.79784 2.01585 102.524 117.817 29.3532
-9.33288 15.7571 8.55523 -135.76 125.668 18.3796
-9.82483 11.6559 -0.714571 -189.881 -28.6256 12.5947
-9.60625 10.8932 -0.707017 -171.128 2.74454 5.17477
-9.25576 10.2083 -0.64559 -139.74 -143.125 -0.94159
-9.41731 9.61544 3.18004 -159.138 -59.129 -63.1083
-7.43149 -13.2656 2.35762 36.995 -175.304 -38.8135
-8.01617 -23.6379 1.52594 -24.6082 -434.634 93.6374
-9.35516 9.90562 -4.6707 -160.845 12.1355 77.9461
-9.61611 12.2003 -3.17537 -187.439 19.5284 64.7136
-8.95712 7.74063 -9.90222 -133.803 10.01 166.743
-6.99986 -14.5355 3.19006 58.0646 -181.798 -46.0503
-9.08427 12.482 0.944946 -153.518 84.4663 -44.4256
-5.77348 -11.9002 0.920825 172.837 -2.99559 -103.882
-5.9793 -12.6476 5.06808 149.841 -104.829 -98.1708
-9.28073 13.5665 -7.00478 -181.913 -118.963 111.193
-9.15173 11.1744 1.71476 -171.896 -31.5378 -47.5574
-8.17938 -32.6222 12.3725 -76.767 -226.037 -10.5759
-5.89439 -13.4916 -0.158649 148.83 -136.771 4.19453
-7.03913 -18.3828 1.68595 34.9881 -58.4889 -27.278
-6.81242 -11.9545 3.84223 57.3997 -149.117 -77.0361
-7.14264 -14.4888 1.58955 24.105 -185.122 -24.4474
-7.43489 -1.82867 -3.9678 -9.53511 111.455 -43.8604
-5.58355 -13.2231 -0.457452 172.956 -87.6869 16.776
-9.07132 11.0787 3.72786 -174.242 -4.5245 -75.7269
-7.84692 -11.4705 -1.89632 -53.6244 -201.577 29.5635
-6.34602 -12.7093 1.92067 92.1269 -206.036 -21.9995
-8.70971 10.0297 4.69699 -144.241 -120.691 -81.3915
-6.19744 -13.6099 -3.49426 102.815 -144.426 70.5437
-5.99273 -16.6859 -2.98306 122.716 -86.0349 48.865
-7.70095 -10.5654 -4.02551 -48.1022 -148.64 -49.4271
-8.7213 1.0945 -3.78784 -155.825 61.9382 -56.6512
-6.21151 -9.53379 7.50482 91.9601 -164.149 -12.6563
-7.71134 -6.97816 4.45366 -68.276 117.35 -10.9637
-8.66156 12.2644 -4.5078 -163.262 55.9923 95.2666
-6.41059 -13.2063 -2.23441 53.2834 -167.737 52.0357
-7.84829 14.1237 2.10018 -97.3748 167.686 -127.769
-8.33715 12.6174 0.573402 -148.248 -161.58 7.81018
-6.18352 -1.01681 6.60198 63.8167 91.5617 24.0743
-6.51342 -12.8569 1.49581 24.8273 -226.844 43.7338
-7.38488 -13.759 2.22047 -64.5101 -96.1852 -39.827
-6.71797 -11.6066 6.2598 -3.08198 -152.432 -104.13
-6.31332 -11.7411 -3.26042 31.963 -264.877 55.7289
-6.80095 -9.34228 8.37582 -20.0407 -127.731 -142.714
-8.31703 11.2049 3.42712 -171.472 11.2061 -56.682
-6.91524 -0.467485 -0.620168 -40.0836 -215.155 -43.4104
-6.19321 -15.1432 2.36745 30.0223 -178.826 -51.7149
-8.1977 11.5341 -3.89997 -170.776 3.26861 77.1727
-7.97441 24.368 -10.736 -157.525 4.28053 72.8284
-6.92996 -15.9341 -1.51499 -65.3216 -183.375 -62.4126
-7.61133 14.8484 -2.19782 -139.766 117.044 42.8027
-7.72395 11.2364 -2.87547 -162.765 17.8756 52.9637
-7.43174 -4.53849 2.3328 -141.88 -22.2863 118.98
-4.43785 -12.7313 3.91122 150.567 -89.9409 -63.2365
-7.40464 14.627 2.96134 -148.818 113.87 -31.1718
-5.10945 -12.8461 2.33005 78.223 -145.97 -27.9193
-5.60417 -17.5854 -0.312034 16.1964 -150.406 -4.97204
-7.77114 14.7403 -0.439989 -199.779 -10.9009 -27.1853
-4.75385 -10.7442 2.24718 99.7912 -190.584 -47.1897
-6.16643 4.75864 -10.8789 -42.6501 -111.145 204.389
-7.48245 12.1859 -5.97931 -175.867 -109.405 86.6548
-4.9896 -16.3088 2.86657 67.9026 -209.737 246.029
-3.95715 -13.2973 -3.77099 170.136 -57.5635 74.8722
-4.98655 -12.8133 1.24795 65.498 -210.732 -12.7262
-7.2923 12.581 -3.02789 -167.134 45.7623 67.4783
-7.37807 12.7795 0.201926 -176.133 -115.474 -19.4593
-7.34869 6.33458 -7.22105 -179.247 59.4646 122.678
-7.08325 11.8907 5.47168 -155.175 43.8967 -88.495
-6.94654 13.3655 -5.98297 -143.031 88.2106 107.738
-7.48332 13.1562 3.42138 -200.161 -44.2976 -70.0563
-6.85448 12.9559 0.0277396 -138.392 84.2039 0.0116147
-4.63929 -14.5534 -4.36181 73.5026 -158.667 86.934
-5.44492 -10.0826 -12.3716 -7.22848 -116.184 -17.6764
-6.21584 12.5156 3.41185 -84.6158 128.717 -39.4408
-4.63955 -18.4998 2.70105 65.469 -120.159 -34.8162
-7.00081 11.5908 -3.50772 -170.192 -38.2702 57.4445
-5.0631 -14.0415 -1.44969 15.0697 -167.73 18.625
-3.71677 -9.07297 -7.37363 145.578 -129.098 -17.8687
-4.41026 -14.8423 -1.62692 69.0088 -164.979 37.1492
-6.28367 -6.19252 1.59039 -123.094 90.5202 -90.2943
-6.62512 14.9641 1.12236 -160.06 103.677 2.19428
-4.8857 -11.5327 -6.23611 6.00336 -141.306 117.571
-4.55058 -13.7168 5.07809 36.1988 -155.331 -105.35
-3.96893 -15.6829 -4.16163 87.7874 -168.045 69.1558
-6.77989 13.6276 -2.74213 -194.657 -90.0517 49.7137
-4.24097 -13.8619 -3.59516 54.3289 -150.137 74.8357
-5.74208 13.3396 -2.77045 -99.6773 125.206 74.2852
-6.21051 13.0801 2.00684 -159.337 63.145 -46.0201
-6.24047 11.74 -2.08584 -162.973 -126.25 22.2439
-4.50211 -16.4415 1.89872 5.74819 -189.67 -21.2808
-4.70268 -14.3721 9.49048 -14.6701 -171.281 20.2751
-3.43902 -13.5867 -1.71847 107.886 -124.698 25.2465
-2.89289 -13.5146 1.74406 161.369 -87.6139 -23.7658
-4.4313 -18.188 -0.096985 -7.75208 -130.5 -10.518
-2.8715 -11.2163 -8.72167 143.121 -105.668 101.778
-2.90724 -14.055 -1.84973 133.632 -117.012 43.3588
-6.14027 14.6797 -1.26287 -189.94 28.3474 19.7441
-2.7503 -19.7301 2.24228 146.004 -425.383 -105.339
-5.87796 14.8419 -2.22138 -164.931 94.1271 62.594
-3.40303 -15.1069 1.51087 76.8559 -161.005 -34.2465
-5.60609 12.9084 -6.065 -144.99 68.8096 109.371
-3.83129 -10.8065 -4.79545 27.5203 -176.876 74.6626
-3.67311 -15.9526 -1.58937 40.0077 -180.57 39.732
-5.73479 -0.0343128 5.18008 -166.544 106.162 6.45305
-4.64447 8.26769 -2.80293 -69.3467 197.581 39.8914
-2.17411 -13.5087 4.87367 175.637 -47.9369 -98.4481
-4.78755 15.3909 2.34756 -85.3025 154.217 -38.9979
-5.19128 14.0832 -2.09306 -128.147 111.471 35.1465
-4.84401 12.0854 -2.49828 -101.691 -204.052 43.8993
-5.58573 13.6152 1.27779 -176.084 31.2346 -38.701
-2.74106 -13.0214 -0.964499 100.906 -184.706 12.1539
-2.47038 -14.9722 0.278832 126.078 -142.599 -3.23517
-1.77382 -17.5686 -2.42105 194.395 -65.2776 42.8965
-5.12284 18.4557 3.47303 -139.054 -6.7972 -41.0057
-4.41385 -7.12102 -2.32455 -70.4499 91.6024 97.4066
-3.233 -11.9101 -6.13977 45.035 -135.306 125.803
-4.30957 18.164 3.47517 -64.1336 93.8684 -26.6773
-5.55299 12.9694 1.28172 -188.937 -43.1095 -18.0814
-3.88991 8.99431 3.66195 -34.1999 -63.7712 66.0085
-1.80175 -16.0159 1.14396 164.016 -111.561 -11.1105
-5.10445 14.8031 0.878629 -168.05 80.0561 5.04934
-4.80973 15.4771 -2.14696 -139.836 127.833 65.5629
-1.99409 -2.27608 4.6733 139.028 -178.052 -10.5335
-5.22803 13.187 4.0955 -185.622 -53.264 -69.6754
-1.98539 -26.2399 -2.87312 132.939 -325.898 -132.927
-4.85811 12.6172 -2.00938 -152.57 82.8482 89.8781
-2.94596 -14.5484 3.36898 36.7288 -163.971 -45.015
-2.17102 -14.6312 1.0994 100.438 -143.913 -0.249395
-2.88523 -14.2643 2.05067 28.8331 -155.294 -28.0626
-1.68801 -13.0659 -4.70357 141.789 -88.7906 95.223
-1.55074 -14.5984 4.45472 150.032 -108.488 -72.3191
-4.72433 13.0618 -1.26302 -170.237 20.8204 -31.5244
-4.33131 15.0115 -3.28204 -136.105 113.845 84.8653
-4.04093 13.0641 7.0178 -118.429 99.7292 -144.821
-3.78524 13.494 -3.45458 -103.294 119.524 72.404
-1.99593 -14.7742 -3.6123 74.3855 -153.134 40.7601
-2.88918 -14.7185 -2.86332 -14.8833 -164.504 64.1977
-4.0637 15.6462 -2.49759 -136.094 121.204 38.0888
-0.823408 -16.09 -1.83597 178.895 -98.9386 31.1377
-2.97874 14.536 -6.80539 -45.001 155.749 104.874
-0.855868 -14.6515 -1.2519 164.159 -98.3112 35.9371
-3.57719 10.2609 -6.30683 -109.772 102.099 -45.6662
-3.7824 9.12311 10.1207 -130.811 -33.2327 -181.285
-2.52242 -15.3888 -0.12674 -6.03761 -169.47 -11.609
-4.03099 16.426 0.20106 -156.73 105.394 -23.5249
-1.75526 -13.9411 -3.25171 67.8589 -144.604 35.5878
-0.520914 -8.23282 7.75062 183.436 -67.4598 -14.2989
-3.69567 13.1951 2.88886 -132.647 89.9381 -55.5836
-3.13631 14.9383 5.9867 -77.4015 151.035 -111.071
-3.76088 14.9778 3.05461 -143.345 108.719 -31.3096
-0.5899 -14.2246 8.79462 168.912 -128.153 -156.803
-3.47431 13.0474 4.54219 -121.922 95.9191 -61.578
-2.81493 2.5733 -10.0182 -58.8041 -105.498 -87.1457
-3.08884 16.1052 -0.881285 -87.8131 159.75 14.3287
-1.20911 -12.956 7.08016 98.0467 -115.962 -120.381
-1.43947 -16.644 -2.99074 69.2343 -174.979 26.057
-2.89451 14.7411 -3.64114 -77.1234 152.407 -2.45571
-0.840519 -15.8497 0.518387 126.093 -62.3658 81.9076
-3.69972 13.3317 -1.5645 -161.659 63.932 47.1097
-2.94085 12.9417 6.26226 -88.264 177.921 -125.821
-0.721402 -14.3597 -4.31272 132.107 -104.056 88.2964
-3.31439 13.4155 -1.00314 -127.99 94.8651 40.1303
-3.86433 15.3875 -1.3484 -188.112 33.7673 25.1519
-2.83068 17.0984 7.74329 -87.2644 162.65 -3.85239
-2.85628 12.402 2.59862 -90.0787 135.786 -48.3999
-3.84976 14.2355 -5.38155 -197.922 2.27453 75.552
-0.265935 -14.9493 4.24254 155.911 -99.1126 -64.2549
-1.6455 -15.7986 -0.406905 -6.06563 -60.4702 -3.48922
-2.60559 14.0057 1.70299 -101.952 120.992 -27.7429
0.00479309 -11.7125 4.32328 154.927 -157.618 -81.653
-2.9831 15.1563 -1.6516 -150.871 84.5727 12.4884
-3.44358 14.0233 -2.94148 -197.596 -2.61889 109.214
0.123933 -17.7042 -3.99762 154.083 -113.188 -42.8316
-0.746927 -14.3048 6.0504 58.0337 -152.473 -109.177
-0.105193 -13.8618 1.18929 120.683 -113.139 -13.378
0.241902 -14.9529 0.417401 149.929 -107.178 5.94217
-1.32511 16.2667 0.723962 -13.6972 114.527 -23.3625
-2.90537 15.7034 1.57822 -181.147 76.1384 -42.674
0.887497 -13.9425 -1.82127 194.519 -23.0937 63.5684
-2.23772 15.182 -0.614255 -117.991 127.057 10.7119
0.228838 -26.9445 -8.35609 121.974 2.77846 84.8762
-0.369454 -20.2168 -1.58878 48.2023 -414.899 -20.9753
0.707619 -15.9093 0.619156 153.667 -119.893 3.33191
-2.75051 13.7026 -3.86145 -193.053 -12.401 49.8922
-1.41558 14.2327 4.85297 -69.2433 142.963 -107.342
-0.601792 -0.0777571 0 10.9982 -0.850934 0
0.608035 -16.1424 2.35653 129.591 -138.904 -32.5525
-1.52886 16.5905 0.104609 -82.6971 168.629 4.24296
1.31435 -14.2984 3.12598 199.496 -7.87542 -72.7255
-1.47467 8.06677 10.8076 -79.6776 -106.938 -202.923
0.270324 -16.7441 1.57678 91.6646 -164.961 -37.354
0.61155 -10.1214 -0.265115 98.6569 118.317 48.6931
1.20629 -12.7972 -6.0452 153.636 -58.5581 103.075
-0.456784 14.4736 -1.43409 -20.5141 156.353 3.93599
1.35781 -15.9684 -1.20009 158.362 -105.534 9.29191
-2.23368 15.7792 -0.796742 -202.31 37.7933 34.1976
1.57883 -11.7222 7.42248 159.153 -33.6946 -108.634
0.0186697 16.5873 1.82546 3.16545 129.241 -61.2151
0.244904 -14.5749 0.293866 16.3169 -158.897 -19.8586
-1.26667 15.2353 -5.38093 -134.261 122.323 97.8309
1.87393 -20.0946 1.36691 175.917 20.0787 -32.4698
-0.615984 13.792 4.32021 -79.8798 134.164 -96.8261
1.51601 -16.7464 0.0010651 120.304 -150.398 11.0412
2.40139 -14.7465 -1.45415 206.343 8.91962 25.6665
0.710496 -16.1873 4.28739 37.5362 -175.31 -76.7632
2.35088 -14.0227 -4.63029 199.929 44.7095 86.9347
1.42158 -13.9888 -3.87343 98.3481 -127.763 80.0807
-0.0774072 22.5209 -0.40016 -54.4419 104.755 4.91097
-1.0501 15.8898 1.12909 -161.615 91.0636 -18.4693
0.122452 16.7509 -2.20243 -45.9253 180.249 22.6922
-0.459575 15.6043 -0.752817 -104.644 74.8339 48.1836
0.907088 -15.2408 2.87913 31.0606 -165.723 -51.1172
-0.698911 13.032 8.48468 -130.974 87.9364 -137.633
2.6289 -14.42 0.347365 192.883 -26.622 -23.1593
2.47845 -9.72968 -3.20784 167.479 -181.159 58.2257
2.25562 -12.8593 7.80127 142.297 -70.4706 -150.309
2.4072 -13.6967 1.28922 152.226 -76.3045 -31.832
0.260167 12.1893 -4.15805 -67.216 131.809 -77.8254
-0.137207 14.2162 4.84519 -118.54 121.195 -90.0406
2.72255 -14.098 1.31432 162.46 -101.535 -39.9234
0.154966 1.80625 5.8192 -99.1741 83.6937 138.724
1.76497 -15.7736 -2.80103 60.0973 -161.97 43.0293
2.42126 -13.9942 2.81004 122.73 -106.478 -62.8783
0.899947 16.3086 -2.83135 -34.6959 176.454 46.6406
3.4062 -15.8221 6.22545 207.605 -36.1571 -131.373
1.24739 15.3772 0.81516 -11.1687 167.926 -3.4656
0.359095 11.9393 7.47749 -113.189 -34.4408 67.3585
2.04726 -14.3801 6.72904 42.0298 -124.18 -129.943
2.74025 -16.7278 2.5177 107.053 -158.266 -32.8941
-0.378219 14.0847 0.60322 -203.648 25.0659 5.98166
3.05839 -16.8175 11.4861 125.491 -107.362 -70.3443
0.497087 8.23053 -7.71968 -149.748 215.208 141.164
4.03816 -11.3732 -1.30367 199.363 -125.3 1.70481
1.75238 15.6217 2.94358 -27.8108 171.505 -63.5479
3.83891 -14.4262 -0.459974 178.446 -35.9374 -8.09495
0.924871 15.0394 -0.562736 -114.401 138.324 -8.83411
3.0531 -13.2709 3.00033 94.2925 -117.463 -57.0462
3.0683 -8.19206 -9.14811 93.191 -145.619 70.4973
3.63024 -10.5147 -8.20908 146.539 6.73681 152.054
0.3906 11.9456 7.56454 -177.026 103.873 -360.129
0.681733 21.3253 -0.517732 -154.119 -34.6538 5.53723
0.462587 14.9124 -1.03896 -182.788 64.8866 12.7254
0.442894 21.3351 11.743 -186.328 20.2196 -165.315
1.24378 12.2632 9.43294 -109.195 96.7882 -159.389
2.47984 14.5693 -4.06206 -1.73155 160.483 86.527
1.06267 13.0241 7.40347 -147.006 83.5215 -132.42
2.28829 14.607 -2.85492 -37.8797 160.253 43.0595
3.77171 -13.0473 -5.07119 107.691 -106.088 96.2712
1.75471 13.3158 -3.60673 -93.0952 128.157 64.5715
4.45624 -13.155 0.851536 169.966 -32.9562 -40.3262
4.28914 -10.8924 9.51723 150.482 -6.5633 -148.783
2.20087 15.9087 3.69035 -57.9662 170.631 -72.4067
2.46047 16.5821 2.29625 -32.3422 184.373 -29.5541
4.74421 -13.401 -0.085973 193.259 -92.3571 -16.691
1.92434 12.8288 -4.63695 -89.4289 120.417 106.038
0.929564 13.7728 2.6316 -190.116 34.6259 -50.5052
3.83472 8.08626 -9.10305 92.3816 82.5064 -88.9508
4.72169 -12.9684 -2.78639 169.323 -29.1854 49.9944
2.02657 14.9305 4.99776 -105.686 145.051 -92.8493
5.00999 -13.5329 -6.11029 186.761 -4.93359 99.1126
5.02545 -4.96913 -2.85739 159.51 -89.3861 -97.2899
2.4641 14.2138 -3.72722 -97.2533 139.476 47.4838
3.17908 14.149 -1.44402 -34.2273 162.248 11.3025
5.2359 -12.7804 -0.0521088 164.936 133.44 5.53786
1.68704 15.68 1.8604 -192.021 79.1122 -14.4549
5.48055 2.77378 -6.30916 177.407 9.00827 52.2881
5.0562 -15.7104 -2.17815 133.376 -103.778 19.6037
5.04204 -10.252 -6.30335 120.885 -90.8566 -106.022
3.09782 14.4956 -1.34894 -72.6768 152.726 20.1603
2.74498 13.9788 2.77946 -113.158 127.999 -52.1837
4.68012 -13.8077 -2.57652 78.6633 -135.45 38.3738
4.90442 -14.4954 -0.717009 95.7486 -137.235 0.311202
3.91362 13.8312 -0.256322 -7.39558 160.971 30.1078
5.39477 -11.384 -9.48521 129.666 -66.8489 157.422
4.63778 -2.71193 -10.2153 52.854 -138.822 -10.7248
5.2679 -14.3459 -1.92054 111.351 -129.044 -0.885635
3.12478 12.404 -5.61897 -102.571 120.896 84.7265
4.21588 13.9313 -2.28711 -1.65331 170.412 32.9968
3.5298 15.1317 -0.235787 -81.2718 159.312 -0.379343
2.91378 15.4074 -3.40543 -150.884 125.399 54.012
3.51859 14.1388 -0.209001 -99.9287 138.199 -10.4715
6.04423 -13.0211 -6.26475 149.552 -68.8639 91.2171
6.45128 -13.8453 1.47732 187.338 -23.6206 -40.7708
5.61032 -13.2109 1.51106 102.11 -109.644 -39.3448
4.28059 15.8407 3.35173 -30.0742 181.961 -47.6774
4.49518 13.7249 -1.58137 -9.78316 158.265 20.3099
3.97729 13.0031 5.85584 -62.8825 140.83 -97.3845
4.01374 13.9575 -6.16145 -62.7978 152.48 122.983
6.29763 -19.0622 -5.78633 159.973 -24.2692 138.228
4.61773 16.4773 0.515263 -8.30607 189.76 20.747
5.98744 -9.68783 -2.47481 121.737 -110.767 -135.043
4.76189 2.97999 -10.5249 -7.43398 181.915 35.8942
6.74399 -22.3046 1.36276 180.246 1.1075 -8.08892
4.28397 14.7318 -3.2811 -67.0237 165.848 71.0432
3.15796 14.7278 1.1642 -189.093 65.3249 -21.7016
4.3968 14.1669 -3.36979 -69.6695 153.628 72.09
7.11417 -13.0687 1.10438 197.293 61.57 -22.1915
4.55687 16.5454 -0.565416 -70.8152 177.664 22.5649
5.59567 10.5325 8.8526 28.283 189.895 -208.613
5.15177 14.5149 -1.80902 -19.1432 160.126 23.9847
7.1573 -14.6893 -2.60513 178.716 -68.1067 17.1224
6.93231 -10.6913 6.16806 154.234 43.242 -114.449
6.7661 -9.37913 -4.68739 132.947 -107.436 51.7362
6.70297 -11.2498 -5.71391 124.463 160.563 105.805
7.31822 -12.7463 -0.646823 176.16 -20.2335 20.8319
4.5794 14.7679 -1.92157 -96.3591 156.043 46.8512
5.23853 12.926 4.86292 -35.189 154.417 -64.8692
7.12952 -13.3659 5.81101 145.225 -95.4534 -90.2889
7.65177 -18.0008 14.1971 191.118 187.888 -236.343
4.52472 11.4906 -6.84054 -124.367 108.621 108.549
7.6453 -12.4081 4.28248 185.323 5.95421 -60.1017
5.25531 12.9314 -4.11783 -54.6553 168.839 86.9351
5.95592 12.5435 1.77488 12.9935 155.239 -32.19
4.9103 7.95356 2.48415 -94.5279 223.726 -18.636
4.19784 13.2571 -3.34839 -166.786 91.995 74.7407
7.43009 -12.4244 -0.11224 152.376 -63.8021 8.67071
5.603 15.53 3.89203 -29.7271 185.043 -42.3194
7.71984 -12.9342 -1.0792 176.324 -18.4032 12.6035
6.47414 13.0286 -4.19273 50.521 151.331 63.4642
7.59969 -14.6888 0.737367 160.604 -92.2421 -34.3733
7.38804 -15.4667 -1.25661 122.137 -145.396 12.1262
6.17859 14.9526 -1.29976 0.323994 180.215 32.1237
4.32227 13.8317 3.01617 -185.364 82.0287 -56.4331
7.48812 -19.2317 0.546211 124.47 0.601214 -5.04151
8.18563 -12.0747 -0.136789 189.54 36.9979 0.419135
5.40457 15.7587 0.220569 -86.765 175.586 7.77356
5.95821 -9.50888 2.23912 -39.7406 143.596 -11.0681
7.87917 -14.7376 1.86739 149.55 -117.762 8.05536
7.93746 -9.7364 -5.96628 153.697 7.94064 114.052
6.66401 11.7564 -4.67522 25.8067 208.283 49.2782
4.97653 12.8698 -5.30077 -143.057 105.589 117.325
6.42732 12.8796 -1.84615 -0.251329 -5.16515 158.892
7.83669 -11.7068 4.75819 135.219 -141.17 -30.4059
8.46159 -12.9719 4.22574 190.361 7.86588 -71.8883
6.20853 2.3871 1.06969 -48.619 21.569 174.939
4.57342 14.3843 -3.41165 -228.908 197.571 -43.6806
8.48631 -13.1162 4.5798 158.666 -76.9936 -76.4916
7.39075 9.73638 4.56264 47.0492 157.976 -84.7704
8.4481 -13.7773 -4.77031 149.435 -106.749 59.9829
5.20109 13.1084 0.72768 -173.911 94.6162 -28.7621
8.34718 -10.9952 4.09731 128.985 -83.2307 -68.4141
8.84628 -11.5839 -3.70279 178.499 -13.4246 59.4766
8.97348 -9.57275 0.21206 189.039 -2.34771 12.5907
6.6184 13.5349 -0.920124 -47.0138 170.628 8.03851
8.88591 -10.5342 -3.84442 168.74 13.1791 68.2277
8.86922 -11.1375 1.05198 159.573 -38.6279 -51.0181
5.97768 10.9938 -8.1114 -136.228 99.4773 137.397
7.2045 12.5003 -0.24915 -24.6651 128.971 81.6582
7.3142 11.8852 -4.19475 -14.5452 158.703 76.9036
6.58767 14.466 -0.525612 -95.5301 173.936 -6.10876
7.18274 11.9648 -1.14954 -36.9941 158.866 27.9765
9.54851 -12.3658 0.84138 195.804 11.1172 -5.29132
9.5292 -12.0455 -4.00767 187.982 24.0095 71.0212
7.67588 13.766 -3.73909 0.930616 181.973 83.7769
9.25512 -12.6794 2.6664 157.195 -83.3695 -77.642
7.23269 5.45406 10.727 -44.7037 115.929 38.7947
9.42088 -10.2819 1.34149 170.733 39.1019 -22.6654
6.21861 14.2244 -3.29419 -148.834 131.758 46.0623
9.29428 -8.01429 5.82092 151.891 66.262 -107.502
6.889 12.0353 1.7846 -87.9521 151.577 -21.915
8.49189 5.43532 -10.2284 61.9259 97.9155 188.035
8.1916 10.0151 -4.61005 28.1245 148.155 89.9769
9.43242 1.20507 4.10697 151.144 181.526 -27.4678
6.11775 11.6524 -2.81683 -179.063 -162.093 44.5479
6.98483 9.816 -7.00627 -96.9782 120.913 136.693
7.62871 13.4825 -5.08826 -37.238 154.87 63.9896
9.80061 -10.4113 3.60125 172.23 55.2918 -59.6337
8.52575 11.3002 -0.836454 40.1414 153.389 13.2702
9.80088 -10.0227 -3.51055 166.413 -3.96629 62.0377
7.80254 5.2628 3.86835 -32.7872 226.222 -83.5968
8.59547 11.3773 -5.20047 39.6814 158.529 101.377
6.89933 3.60612 6.84352 -132.059 -91.5157 47.4422
10.0389 -10.2911 5.75072 174.059 58.9857 -117.514
9.12328 -0.499077 -3.95165 81.5315 191.069 -16.7844
9.96868 -10.3175 5.88628 165.167 -9.08823 -101.746
10.513 -19.0947 0.530976 207.935 106.693 -0.293932
7.1805 24.0068 -1.57838 -126.096 364.431 -140.929
9.80099 -14.7625 -11.5714 133.393 104.955 216.728
8.76277 13.6671 -0.894765 29.2675 180.018 27.1213
10.067 -10.1688 -0.0180426 154.169 -43.8732 19.2256
9.22565 10.6719 1.84514 68.3669 139.595 -15.0001
10.3138 -10.2134 -2.12891 174.007 47.3885 45.2852
9.9153 -9.41383 -1.29728 113.664 193.161 19.2356
10.2823 -1.84415 3.75825 147.107 68.3199 90.3446
10.4112 -9.29872 -2.74084 152.716 -40.3102 -39.9479
10.5595 -12.7188 3.69213 166.206 -80.4159 -64.0559
10.6256 -9.58219 4.96785 171.325 4.51386 -98.7965
9.08225 10.8916 3.87195 16.0184 133.872 -73.1044
10.5359 5.32366 -0.643632 156.963 -19.5485 65.9092
10.5233 -8.027 -3.45635 154.83 56.3674 82.4442
7.46976 10.279 -0.514508 -149.718 209.742 -2.64245
10.7601 -10.2646 3.14434 172.87 75.7376 -71.8019
8.94169 11.0586 -2.21808 -10.6265 166.981 41.9003
10.1088 1.29789 10.6409 101.102 50.6197 -196.256
7.76428 10.33 -4.65175 -133.946 118.215 92.8314
8.87155 13.2021 -1.16331 -29.1354 178.654 20.7251
10.9818 -11.0092 -5.62895 173.656 -46.5527 93.8551
10.7451 -10.2356 -4.77282 147.824 -72.0765 53.2071
8.50575 1.79857 0.0194435 -75.7697 -7.88724 -160.076
7.94064 12.4885 2.17267 -135.412 146.7 -30.1573
7.83795 17.9903 0.722413 -149.894 90.3458 29.1954
9.98551 7.46152 8.65003 63.3288 124.924 -162.514
11.2306 -10.542 -2.09458 186.253 22.026 27.4644
10.5316 -1.47456 -8.70576 116.773 6.74394 160.158
7.99837 13.1015 -3.62428 -136.21 145.309 76.0333
9.15955 11.2231 -2.40032 -24.597 172.579 35.2044
9.46455 10.5133 2.5731 2.70469 167.928 -20.6043
10.8936 -2.72668 -4.99592 142.09 -43.914 55.7876
11.4327 2.07336 -0.439249 190.519 -6.26638 -1.33882
9.54012 17.3653 1.59412 2.0388 164.11 -0.799087
10.9741 -7.17537 -7.70248 144.472 68.2186 142.695
9.04213 12.2197 2.45453 -50.0593 140.681 -44.3369
10.0794 9.88754 -1.44663 49.6894 149.143 15.7734
10.1398 9.78286 -0.364644 49.4116 152.668 25.2076
11.5491 -11.0418 3.69807 186.417 -13.4783 -70.0235
11.6437 -11.3915 2.36961 195.349 42.4292 -31.7543
9.75308 3.16543 -4.1557 6.01678 225.031 36.3733
11.5645 -10.93 0.318819 185.661 14.4454 -14.522
10.5499 3.46769 8.45265 84.0535 90.2774 -159.99
7.73241 14.1206 -2.42132 -196.027 193.015 48.7067
11.4736 -10.4264 -2.04521 175.088 -32.7205 47.8571
11.6448 -18.9571 -0.532128 186.598 25.3199 13.1627
9.02263 10.8179 -1.12618 -76.0091 158.243 27.1512
11.4435 -8.1398 2.04671 163.62 55.8407 -38.7036
9.53089 19.6947 -7.82448 -27.6337 221.001 -97.8217
10.3926 9.07497 2.89917 55.6356 146.351 -71.0004
11.3847 -11.891 -0.0262421 153.133 -97.2955 3.91902
11.3045 -10.5016 -2.01351 144.912 16.1799 62.668
11.5972 -10.0827 3.28445 170.123 84.8503 -38.8095
11.2258 -8.10737 -4.84954 131.7 -75.6278 93.8427
9.39874 16.8 7.40978 -50.202 100.606 -122.095
9.93927 12.3596 8.71703 3.37343 183.68 14.2244
10.774 8.61115 -1.95653 79.9848 132.413 40.0504
8.69832 11.1271 4.04878 -139.185 145.372 -86.4971
11.681 -9.55159 -0.82613 151.667 -67.0948 6.30206
9.88304 -3.06345 6.32514 -28.278 196.526 22.3549
11.0465 10.3439 -2.28506 86.9397 140.074 2.68465
11.9429 -9.39181 1.81176 175.568 73.4687 -34.4831
11.8037 -8.0625 -3.58122 161.174 78.621 67.5543
11.8741 -2.93332 -3.19841 165.375 93.1783 -15.8222
10.2098 16.2804 6.58173 -6.35215 187.718 42.2255
9.71237 6.66192 5.44617 -60.9468 231.165 -87.8311
12.1264 -11.1781 -0.0863812 177.918 62.3528 5.25264
12.0784 -8.78596 -2.99894 172.007 41.6829 39.5696
12.1566 -6.18907 -4.82712 179.729 -7.89174 92.9175
11.1518 8.41535 -6.90443 71.3852 138.712 121.225
11.8507 -6.68909 -3.0072 139.998 98.9507 56.1744
12.098 -9.01391 -3.31392 160.013 112 56.3932
11.9412 -16.9079 -6.62108 142.306 -39.1902 32.7276
8.97348 11.553 -3.04273 -155.43 119.624 64.0304
12.4597 -6.39675 1.43861 188.495 -6.93027 30.3545
8.84032 9.88612 -6.22166 -172.359 100.049 110.685
9.69275 11.4733 -0.138841 -90.7008 170.346 17.1187
10.2202 7.88562 5.8258 -38.3047 160.203 -84.1401
12.1047 -8.08437 2.80686 146.293 -65.5071 -41.288
12.3502 -8.61054 -1.96642 169.287 -14.048 38.0701
12.5007 -8.7311 1.10053 184.2 29.6131 -35.6249
11.6947 -5.13243 -8.72092 103.214 116.496 154.573
10.4658 12.3957 1.37473 -19.5799 188.201 -23.5923
11.8324 10.0003 1.79511 115.314 126.312 -36.512
12.3873 -7.99415 -1.41524 169.723 3.07702 12.1091
11.1491 6.93959 7.65969 44.8833 139.686 -131.495
9.34983 11.5172 -1.60705 -134.128 149.266 39.7305
11.7851 6.98736 6.06528 103.284 110.827 -108.639
11.9581 -8.27729 -2.2085 119.911 175.551 42.9556
9.81206 9.35022 6.71359 -98.001 154.774 -116.685
12.4351 -4.13838 1.98688 161.997 102.494 -35.7952
10.4071 34.0744 -7.37899 -40.4804 173.099 87.3832
11.4103 -3.14565 -7.19695 55.1903 171.357 133.208
12.4514 -6.65209 0.708211 150.41 101.712 -10.3514
12.7137 -8.80159 -1.26673 176.129 3.92087 30.3373
11.9657 -7.16596 -2.17203 101.573 153.897 34.8373
9.74509 24.3445 -8.27114 -119.061 130.42 12.5374
11.9394 -6.62882 1.01449 93.9278 171.699 -24.5465
12.2363 -1.5115 9.94784 121.587 89.242 4.17568
12.4543 -5.96816 -0.640566 135.891 135.104 6.19263
12.9947 -9.96309 -2.87993 185.527 -23.4934 -28.3741
12.81 -8.72068 -2.22305 166.223 -41.5138 57.7907
12.6317 -4.66154 7.72681 148.193 65.277 -138.614
12.9406 -10.2768 0.533289 178.692 -53.1045 1.56163
11.3211 8.14583 1.98218 15.9549 165.446 -46.3386
12.7898 -6.5146 -0.403559 159.485 47.3538 9.57159
12.9785 -9.61307 -0.0781189 169.323 111.339 9.40829
12.8956 -6.58979 -2.09855 159.883 65.6986 34.0232
13.0542 -3.77846 -2.00159 175.389 41.0536 13.9893
12.3661 12.03 -0.354598 105.711 147.324 9.48048
11.8879 -7.94114 0.739769 56.9916 216.454 -15.2336
12.9953 2.40067 2.44689 166.313 -11.0927 19.9441
11.7262 10.0288 -2.91367 38.9379 174.323 73.2559
13.001 -8.5469 -2.07456 162.284 100.868 33.5374
12.857 -3.86233 4.83812 147.898 0.770817 -86.2816
12.639 10.2372 1.51019 117.332 137.605 -31.4922
12.9125 -3.81178 -4.35781 144.32 44.8156 80.9386
10.9212 10.897 1.55942 -54.1196 185.608 -37.3248
13.371 -9.6052 2.31346 187.996 9.43284 -34.6731
13.0287 7.01435 0.0516822 151.689 87.4032 -5.47461
11.0503 7.77402 3.79901 -47.1797 175.147 -46.1523
12.8114 4.291 -6.84866 126.865 77.4499 127.462
12.5492 -1.02982 5.82942 98.9749 -34.8719 27.8018
13.0551 -3.4972 -4.08713 146.478 60.4001 61.6415
12.9803 0.0201829 -4.05335 134.724 97.2851 71.1385
12.0884 6.78446 -1.91114 45.8504 155.212 39.0641
11.495 10.7981 3.22188 -18.8326 194.637 -30.1192
13.2374 -6.33629 0.139142 154.103 -4.55336 -25.8361
11.9366 9.14459 -4.38328 24.8448 176.012 99.3043
13.4721 -8.17206 -0.055251 177.375 -2.6366 26.5153
13.4166 -8.44805 -3.36402 171.39 -41.5313 56.6867
12.7619 -3.68997 7.81616 106.179 127.353 -126.361
13.4945 -8.85693 -0.125586 175.976 -36.8853 -2.5671
11.7714 11.5105 -3.10273 3.76829 191.684 54.4519
12.3284 4.41831 7.23714 57.5121 151.389 -126.766
13.2719 -4.71237 2.64408 149.305 60.5196 -46.9864
13.4108 -5.44623 3.92253 161.536 -6.2742 -49.1071
12.0682 1.17384 6.26062 27.9661 161.531 -129.081
12.9059 -6.78752 0.712476 111.152 148.898 -18.2851
13.629 -12.9434 -0.91116 180.754 -56.269 25.1993
11.6999 4.75737 0.404529 -11.8691 224.731 -22.6164
13.3666 -2.59639 -5.21449 149.387 21.7303 96.6406
13.2066 6.13923 -2.58508 129.631 93.6937 39.8583
11.6251 25.3103 -8.90982 -28.5745 186.947 27.3844
13.431 -3.26734 -3.62918 149.535 87.9999 60.3339
13.5823 -7.28222 -1.48738 163.508 -23.5521 71.4038
13.7324 -9.48655 -1.07931 177.329 -58.5908 17.0973
13.3065 0.244549 7.62654 133.342 61.9993 -121.093
12.805 9.59907 1.2801 82.6587 156.003 -18.4841
13.7594 -8.11333 3.06711 176.833 89.0127 -60.741
13.2607 -3.80477 5.99917 123.238 95.7157 -115.185
12.5389 6.99589 3.85765 49.7506 164.046 -66.1764
13.4525 -7.00081 3.97217 138.132 29.2467 -101.493
13.4054 -5.98945 1.059 132.177 136.472 -25.0754
13.2173 4.63989 -7.32752 113.15 112.057 126.854
14.0378 -4.55868 2.81451 192.962 168.642 -104.628
13.4969 2.96869 6.46328 136.936 76.2274 -110.726
13.8488 -8.86482 -0.229697 168.511 -65.0065 6.83956
13.4958 -12.9341 -0.948655 132.739 -103.684 95.8529
13.3205 -2.11014 4.63305 114.936 131.766 -86.9117
13.5705 -1.32454 -7.264 136.708 81.3089 138.312
13.9402 -6.41595 -4.22204 169.837 39.8295 79.5323
14.1469 -0.792217 -3.45209 189.327 46.8229 9.38805
13.5974 -5.41434 1.21117 134.537 126.381 -27.9456
12.4197 3.48062 5.73133 17.0886 158.118 -103.503
12.4083 -4.96127 5.2176 13.3385 194.343 -93.827
13.1756 4.28296 0.823685 88.5237 134.774 -11.7346
11.6533 9.42861 1.28658 -65.9258 182.897 -22.2011
13.9922 -5.6382 -3.69557 165.584 -9.96248 24.4196
13.5291 -0.658892 3.63645 114.543 106.133 -68.7196
12.3316 19.2507 4.12063 -5.52684 153.514 -0.344215
12.8659 -5.25695 4.42185 43.9788 201.969 -79.9267
11.9973 1.35652 -7.87271 -45.5735 161.378 149.811
14.1847 -5.28533 4.02626 169.637 18.3885 -71.1873
13.1117 4.5238 -1.17345 62.7922 152.688 18.6204
14.2892 -6.70494 -1.84087 179.065 7.99088 58.0878
13.5232 3.89605 -3.82219 102.804 322.793 -37.0914
14.3944 -6.02121 4.05543 184.975 -13.3692 13.0345
13.9276 7.80042 0.148933 136.207 108.236 9.44612
14.1628 -3.56127 -3.71629 159.43 -11.1859 70.254
14.0533 0.685878 -0.55153 146.996 93.1357 10.4386
14.209 -5.11303 -0.943218 162.226 -34.2685 0.86856
13.3714 9.43354 1.31627 76.3949 168.545 -29.8346
11.8484 5.29734 6.24051 -75.8726 161.543 -115.497
13.6285 6.68443 0.878751 94.8834 145.527 -19.2731
12.942 3.30615 5.87756 23.9033 176.171 -106.092
13.684 3.2473 -1.22745 97.487 133.549 15.5128
13.84 0.704332 -4.43573 109.269 124.547 82.2153
14.2974 -2.34502 -0.0310916 149.508 72.2757 -5.6635
13.3559 5.41687 3.36274 53.1448 171.033 -59.9448
13.8715 17.4588 -13.8593 102.865 318.92 -119.341
14.4285 -2.23065 1.31845 154.656 28.8137 16.9296
14.3972 -2.0488 -2.10487 150.935 67.1439 41.6411
14.5429 -3.23227 1.19849 163.164 36.5342 -18.9619
14.3739 3.22029 2.24605 145.654 80.0462 -33.1765
13.3499 6.99936 0.0725996 42.1388 171.53 3.10986
13.6958 0.791859 1.9732 70.8942 163.785 -42.456
13.5095 2.38962 8.6582 51.8729 165.05 -103.586
14.5868 0.760966 3.69721 157.863 174.694 -90.4907
13.4993 3.46157 1.46237 48.3372 166.363 -29.4822
14.4699 8.02374 0.51755 142.524 114.571 3.21475
14.5306 -5.55423 -3.51461 148.271 -35.6538 117.29
14.8632 -6.14146 -2.42036 180.928 -5.52127 69.3642
13.5133 1.53826 -3.7091 40.0988 168.726 130.232
12.2666 1.54573 -6.91034 -85.9434 166.957 137.212
15.0727 -7.91492 -1.34557 189.323 -23.1684 8.45086
14.4609 -2.2463 -1.88462 127.395 70.1615 30.9974
14.2448 9.4534 1.79578 104.177 158.383 -30.9654
13.6152 1.85971 -3.19941 40.0955 178.744 41.4234
14.8419 -1.69767 2.767 161.803 62.0382 -57.1381
14.8211 -4.06292 -3.35437 159.352 87.4531 73.2657
14.6447 0.686104 -2.08713 140.169 93.5189 35.5954
14.0417 2.95028 4.06306 80.1529 162.237 -63.7679
14.8716 -0.243288 -2.32929 159.506 35.3837 45.8746
14.7113 4.47228 2.7525 143.221 96.1912 -47.6809
14.8704 3.05881 -0.606166 158.33 55.9519 8.39042
13.9319 6.77024 -2.44111 62.1953 164.084 46.2242
14.4963 6.50999 1.75873 117.475 133.621 -24.024
13.6233 8.84955 -1.5826 29.9509 192.882 8.45961
14.4921 6.23947 -0.684048 116.198 132.487 16.3416
14.6937 2.0276 1.83514 131.478 93.0817 27.87
15.0508 -1.54085 1.38548 166.945 59.8137 -32.0257
15.2181 -5.92587 1.21884 183.488 24.1249 -19.6969
14.374 4.47086 -2.96081 98.5635 150.161 65.3607
14.1726 -1.29424 3.11723 78.0485 169.188 -54.8241
14.5881 1.79272 -0.891283 119.078 113.565 17.5126
14.9696 4.43569 2.01041 156.917 34.5291 -48.7736
14.8694 2.39791 -0.419799 139.683 103.907 -54.5571
14.4273 7.88436 -1.03594 95.1481 167.559 11.6165
15.2248 -3.47835 -1.47422 173.763 34.0373 28.4834
14.6077 -3.46965 -0.447337 111.906 161.942 5.80782
14.7936 1.21127 2.25372 129.678 213.986 -3.07358
14.0196 7.9981 -1.60444 52.7291 182.216 23.7562
14.9612 6.32276 4.25136 138.869 113.263 -85.9048
14.39 -2.72253 -1.15448 81.9053 180.607 22.1933
14.1109 2.28152 2.14457 52.3572 165.481 -111.612
13.8167 8.14168 -3.73604 22.4354 187.738 75.2832
13.5663 1.65786 -2.99324 -6.39329 189.135 55.9321
15.4153 -6.04092 -0.881811 176.513 80.4629 17.678
15.1638 14.2747 -1.49108 150.208 271.453 -118.425
14.071 2.02644 1.30401 41.5232 186.613 -31.1777
14.466 1.91154 0.265381 78.934 155.596 -11.6848
14.6196 -1.24993 -0.506009 87.1026 157.259 10.3718
14.8805 3.92975 -0.490469 111.434 140.952 1.33106
13.7551 1.44664 1.74897 -1.31922 200.741 -30.6919
14.7234 -1.10732 -3.22822 94.5513 112.497 66.4014
13.89 2.69518 3.65778 11.457 191.768 -65.4991
13.0798 7.12624 2.85974 -69.0227 182.036 -54.0134
13.8148 6.07843 -1.31276 3.74865 187.297 -0.694085
15.3073 -13.0334 1.13802 150.757 51.0215 32.3027
14.8012 0.426956 0.296249 98.2654 151.421 -3.06687
15.0845 1.89262 1.31724 126.123 117.854 -22.7985
14.5778 6.98035 -1.40219 74.3433 175.235 19.2027
14.7604 -0.150103 3.12224 86.3558 156.503 -54.7944
14.5574 -2.55749 1.65262 65.0756 243.202 -66.7706
15.5821 -2.11276 -1.0867 165.486 70.9101 23.3108
15.2244 0.869514 -0.861676 129.512 116.831 18.0786
14.594 19.6921 10.3572 64.0595 125.066 -63.3023
15.4751 1.94328 1.96007 149.803 71.2931 -35.9915
14.8503 0.237724 -4.05595 86.4335 150.158 76.4031
14.4047 7.40581 2.35002 41.552 188.64 -48.4397
15.7572 -2.69497 -3.03858 174.541 -14.7469 50.4701
15.4757 -5.70859 -1.07431 145.992 -71.272 -52.0801
15.5388 -0.295942 -3.77857 149.63 119.305 68.7012
13.7553 6.73667 -3.70102 -30.094 188.903 57.4893
15.6092 -2.06769 -5.28178 142.653 142.24 87.0342
15.3094 1.56181 4.73667 109.312 139.461 -84.0893
15.7418 -1.95185 3.68426 144.628 111.989 -46.3354
15.6895 3.92415 -3.70912 138.832 112.033 70.4956
16.0044 0.821567 1.11864 169.846 229.75 48.7029
13.6878 7.72685 -0.450953 -63.5109 201.589 6.32071
15.9851 2.19279 1.63529 161.645 77.9396 -32.7217
16.1934 0.89748 2.96103 179.926 15.0646 -1.59857
16.1485 -2.65481 -1.44293 174.507 82.1503 19.2464
16.0767 -2.80757 -2.87158 166.81 84.2968 45.4926
15.9504 1.50749 -3.9863 154.064 88.3271 70.068
14.38 29.0188 -13.7187 -9.47386 284.364 -69.8983
15.9765 3.12084 -1.33537 147.698 109.778 25.7998
15.6611 -7.7141 0.634729 113.073 171.208 -19.4335
15.0413 5.65586 4.70225 49.5567 103.638 -76.3211
16.3306 4.3451 1.11515 156.103 92.8173 -19.4001
15.7375 3.78862 1.38521 95.1068 176.405 -13.3975
14.9203 3.64051 4.32195 12.7256 192.75 -77.5351
15.8077 -0.705137 -0.57811 100.649 -28.3454 72.5678
15.1751 4.95596 -1.58375 29.1274 187.841 30.5028
13.3136 -1.02462 2.23598 -158.383 176.899 -38.1299
16.2808 0.0561987 0.568674 113.527 154.932 -9.0886
16.837 -1.43848 -3.50408 166.408 57.7666 58.8551
14.9396 8.6364 1.95851 -69.6507 156.239 -51.447
17.9093 7.08517 5.25338 216.847 157.67 3.10821
18.4878 -15.8142 7.71896 254.098 -10.8726 14.3506
17.0627 4.06048 -1.47741 78.8543 67.1879 75.8862
18.0343 12.5555 -6.32322 145.176 147.138 -62.3692
21.6911 -7.39443 -7.88539 277.181 -99.7203 -63.1867
nan nan nan nan nan nan
16.5589 6.32562 0.578388 68.6446 141.11 -5.91404
19.2063 -7.54514 5.77454 219.955 51.4824 66.6499
