-18.1449 7.0957 8.10922 45.9658 -266.358 -34.7378
-17.9285 -4.80086 3.18587 42.9065 -82.8244 9.57221
-17.0412 -1.72591 -10.4595 50.0455 -88.9672 36.1926
-15.4188 14.6165 1.33408 38.9262 -59.268 -4.49955
-15.6857 12.1838 0.0577212 -9.26427 -289.145 4.78274
-14.9031 4.56447 6.19897 21.2905 -228.31 -25.1565
-15.1112 2.65202 3.35746 -37.5105 -208.503 0.454487
-14.1315 -0.104334 4.59785 9.86446 -197.651 -18.6402
-13.4567 -9.15062 1.14604 1.63221 -262.217 66.6337
-13.5948 -5.85733 0.496067 -23.6123 -104.458 12.8988
-13.8252 9.96963 -5.70776 -54.5178 -143.687 40.3771
-12.1459 -9.02757 5.33767 81.6026 -108.357 -71.7643
-12.8207 -2.06269 -3.84166 11.1442 -216.787 10.1988
-12.0049 -6.27221 -1.09967 83.3862 -185.343 8.83787
-13.016 -0.364035 -1.78141 -28.1393 -240.126 14.5066
-12.6428 6.36299 8.18577 -60.687 -158.545 -17.0051
-13.3218 -7.33075 9.24987 -130.259 -234.75 -8.60059
-11.6955 -2.63597 -8.72943 30.3477 -185.558 35.8965
-12.5747 -1.078 8.65025 -62.1926 -174.969 -36.5381
-12.2343 4.56505 -13.1114 -29.5594 -135.497 37.2056
-11.2796 -5.06538 8.27584 62.0649 -193.411 -30.409
-13.1585 -7.08623 -0.712166 -130.397 -152.932 -1.13107
-12.9523 6.90804 1.59072 -110.023 -190.063 0.440528
-11.1692 -4.29179 -0.309033 62.0434 -225.521 1.81521
-12.1194 0.420322 -3.41928 -40.1933 -232.075 17.6326
-12.1088 2.12362 8.55494 -42.6231 -176.574 -21.9622
-10.6273 -7.67158 -6.23917 95.7091 -162.814 24.0324
-11.5633 -0.832471 -2.4075 -4.69236 -210.607 -9.89343
-11.1842 -2.8638 9.90845 27.8138 -206.658 -23.9395
-10.0274 -10.616 -3.77517 133.841 -206.817 11.447
-12.349 1.9487 5.66311 -105.893 -153.782 -14.1327
-10.1254 -5.79321 5.82865 76.3613 -182.696 -13.8254
-11.9221 5.13932 -3.18137 -107.227 -185.638 4.50578
-9.49976 -8.26329 8.13853 115.834 -157.288 -32.3549
-10.6316 -10.0632 -9.03264 2.50176 -283.777 -54.8811
-11.286 9.64853 -7.26502 -75.3946 0.539353 -6.66623
-10.0814 -9.01159 -4.47376 41.0644 -214.931 11.0333
-11.2727 -0.611232 2.3743 -80.4325 -241.469 -28.2804
-9.41735 -6.4999 2.40158 98.4448 -187.885 -2.75295
-10.4748 -1.28891 -3.27454 -19.8541 -223.889 12.9939
-11.3283 -1.56929 -11.4097 -109.494 -158.457 45.006
-10.9565 1.91604 4.86778 -73.5551 -196.128 -24.4732
-9.34797 -1.23217 -4.88018 78.9466 -180.238 -79.467
-10.9743 -3.16621 1.00294 -87.5953 -238.719 -1.44944
-9.90916 -10.4829 0.243914 17.0976 30.1181 40.5613
-11.426 2.44295 -7.78077 -137.956 -182.33 -48.9005
-10.9087 1.69522 -2.99644 -88.7848 -239.538 -12.5296
-8.5746 -3.33191 6.60373 136.57 -125.3 58.0633
-8.60514 -7.97788 -2.80081 130.379 -219.554 7.6089
-8.69529 -7.35837 1.37571 110.206 -228.61 1.64144
-11.0817 7.97108 5.67883 -138.661 -169.196 -28.007
-9.67746 -5.1183 0.0990805 -7.22969 -229.675 6.97547
-9.3522 -4.04185 -5.83326 23.92 -232.469 23.1664
-10.9736 7.00624 1.14663 -137.848 -185.006 4.39072
-7.98423 -9.70417 -4.23455 157.654 -142.028 32.7058
-10.4445 1.23136 -1.47061 -88.6835 -217.303 -4.90114
-7.87738 -10.6563 5.64697 165.289 -133.485 -28.1279
-8.62294 3.76569 6.41986 87.8874 -503.297 -61.1094
-8.58777 -3.9262 -11.2492 84.5876 -181.301 0.626629
-10.5963 4.98497 1.21998 -134.573 -191.473 -6.31678
-7.98055 -5.24012 13.7572 124.775 -225.42 -42.3358
-9.75543 -0.351405 7.24946 -52.6258 -225.097 -6.33453
-7.97352 -6.89846 -2.56504 118.746 -206.251 16.5086
-7.34565 -11.7496 -2.26309 180.247 -124.549 6.79969
-8.99032 -0.603292 2.45883 14.3676 -271.872 0.18072
-11.4679 3.9814 2.13511 -234.793 -137.016 -9.01083
-8.87934 -0.02509 6.34131 15.4379 -211.328 57.1373
-8.19247 -5.606 -3.35596 76.9645 -215.332 16.8943
-8.99185 -2.80343 3.96702 -7.54121 -226.658 -6.45954
-7.87895 -6.40408 6.65175 101.678 -213.612 -15.9739
-7.09873 -12.7872 -7.43816 174.86 -90.5476 25.6606
-10.51 7.15657 -0.87623 -173.328 -175.776 -1.51992
-9.18644 1.35985 12.2508 -49.2253 -168.066 -34.2036
-9.61724 -0.711517 0.944662 -92.9277 -254.596 5.84227
-7.72996 6.18152 4.06696 89.2561 -157.352 33.538
-7.61732 -6.10206 -7.86388 94.1089 -184.792 31.3881
-6.62835 -10.5691 10.6462 190.173 -168.836 -45.6547
-9.73068 3.77766 -4.70683 -120.529 -188.339 9.22488
-8.10614 0.220943 3.83262 34.4567 -242.465 -16.3015
-9.77942 5.00127 1.8569 -132.02 -186.124 -8.31806
-8.62757 -10.6585 -3.4002 -18.5839 -441.674 77.413
-9.58408 2.97998 5.90968 -117.075 -181.195 -25.1805
-9.00303 0.320413 10.0295 -66.2135 -198.578 -25.7954
-7.15185 -7.092 6.12909 117.654 -209.522 -11.6567
-8.84474 -2.29041 -6.21337 -51.3995 -254.196 8.24523
-7.45192 -5.67856 3.7112 84.6458 -484.724 -127.934
-6.57076 -9.91461 1.29935 171.913 -149.001 -14.7329
-9.58708 9.6932 -6.43192 -129.112 -231.756 18.4925
-7.51958 -5.17192 0.358804 75.0423 -243.203 -0.00564847
-9.51977 9.11782 8.4185 -123.791 -185.467 -7.94065
-9.12932 3.43476 2.88305 -98.0358 -232.406 -19.0037
-6.89958 -1.99336 6.96647 119.309 -225.716 -24.3306
-9.30045 -2.48196 1.54876 -123.644 -208.744 -22.2767
-9.36655 3.01427 2.71588 -133.141 -199.069 -15.3982
-9.12096 5.18059 -11.2385 -111.121 -162.823 34.6348
-7.45466 -4.90302 -2.44786 52.4058 -217.075 4.12086
-6.77025 -8.58562 -1.16895 119.72 -244.909 -68.598
-6.39598 -16.3639 2.49908 152.125 -163.619 -12.8145
-9.97812 10.6006 -4.79735 -212.524 -208.628 -40.4329
-8.47442 -11.6049 6.90236 -63.7641 -366.422 115.115
-8.57692 12.4452 6.78721 -76.9525 -258.969 -29.7362
-7.9759 -3.08911 4.5077 -17.6811 -269.487 -7.02174
-8.11675 -5.55565 1.11864 -40.1325 -214.993 -0.289161
-5.77462 -3.17217 -1.07955 189.46 -197.813 -10.3055
-6.49436 -6.73539 0.056551 117.574 -215.763 8.29415
-7.80198 -2.55842 6.39043 -16.5224 -221.328 -25.0633
-8.64752 -6.60365 14.7161 -101.601 -244.29 -27.0626
-9.01987 5.37438 -6.01767 -138.839 -275.211 110.681
-7.41884 -3.38505 3.03776 14.684 -226.851 -0.728244
-6.30239 -6.90508 0.328175 124.602 -234.074 8.08268
-7.60377 -4.8626 4.00963 -5.97799 61.4246 77.3675
-9.0354 2.05719 11.9991 -148.787 -70.9448 -39.2007
-8.98635 16.9118 -1.76971 -144.776 -238.631 4.14085
-9.24628 4.63444 5.40589 -172.362 -121.347 -16.3759
-7.89737 -2.88871 1.14024 -43.033 -281.193 -0.73929
-6.44183 -6.41784 -7.25436 95.27 -208.073 29.5389
-6.01106 -7.5904 -1.33789 134.01 -223.547 -3.54169
-6.96703 -4.58522 -6.28518 32.2108 -269.126 16.1505
-7.79241 -1.51376 0.21105 -51.4341 -253.272 9.503
-9.24591 -0.144846 -16.8145 -195.888 -166.497 -40.3125
-8.06072 5.1481 9.46741 -78.1686 -199.066 -38.8448
-5.87618 -7.5226 10.5545 136.589 -130.403 -17.4821
-8.80255 11.577 -2.252 -155.908 -155.061 77.8691
-5.91713 -7.2423 -9.24658 129.022 -159.124 25.4767
-8.7334 3.61296 -6.86841 -151.603 -198.372 19.8636
-6.26553 -9.42254 -3.2506 89.5784 -189.258 67.6739
-8.24166 1.5125 -11.2383 -107.219 -187.463 41.8028
-7.30922 -2.69244 -4.03872 -16.1103 -246.818 20.1459
-6.60634 -1.79395 -1.28405 53.2523 -258.233 0.761
-7.66545 -1.98011 -2.81295 -55.2573 -250.129 -1.83521
-8.37918 8.70417 15.659 -127.245 -243.84 -167.777
-7.68298 0.439556 -14.6151 -59.1404 -175.452 53.621
-5.55463 0.582023 -5.0639 151.016 -226.167 16.2362
-6.84657 -4.13361 -7.23145 15.24 -251.84 28.0527
-7.36935 -2.4009 3.54441 -37.7475 -253.171 -8.86919
-8.06127 -0.385694 0.546012 -108.09 -232.289 -12.3863
-6.86672 -3.20934 -8.75588 7.80725 -306.798 214.944
-8.6779 4.21295 5.90686 -173.98 -179.499 -30.247
-4.9591 -6.20112 0.677541 191.053 -190.524 -13.6153
-6.75723 -0.474079 1.52776 5.98327 -276.414 1.32444
-7.7316 4.73498 14.8199 -97.3331 -134.426 -45.9875
-6.14666 -4.85092 0.857452 57.9722 -241.176 9.60547
-4.99598 -9.50429 0.00660004 171.583 -156.227 -10.3308
-8.35533 9.12571 1.33083 -162.417 -125.067 -3.26472
-7.63465 -9.4232 -5.94257 -94.0678 -187.881 20.3176
-5.14308 -6.32872 2.79072 149.328 -203.801 -19.0211
-6.97788 -11.5453 2.51334 -35.7958 -208.847 -5.97457
-6.47002 -4.07473 -2.90774 13.8217 -259.274 14.0996
-6.48881 -8.88743 3.63067 9.0533 -257.365 -2.73138
-7.71225 8.26336 3.34012 -122.155 -177.486 -3.90308
-7.44621 6.33395 -13.784 -104.69 -115.343 42.1586
-5.4584 -5.62983 1.51164 91.9666 -210.629 0.299876
-8.27171 -6.1438 0.486779 -188.836 -16.0658 29.7291
-5.30628 -6.2374 3.26459 105.181 -250.786 -4.05903
-4.46497 -10.1981 -9.12012 188.42 -124.398 21.8461
-7.77371 0.0724277 0.769683 -140.564 -233.537 6.38787
-7.76812 -0.543516 10.3002 -141.695 -128.558 -73.8291
-6.04429 -4.45548 2.68907 28.8386 -258.573 -12.8993
-4.92982 -7.14404 2.41085 138.639 -180.802 -13.0159
-7.8472 4.06909 6.85624 -154.463 -160.815 -32.1273
-7.94953 1.24494 -4.80766 -169.03 -218.665 22.8483
-7.71898 1.58105 1.23785 -148.402 -196.219 2.3773
-5.25878 -20.8663 -10.2146 95.9372 -237.982 -9.12719
-7.37585 3.49867 0.724965 -118.893 -207.159 2.40532
-7.01817 -1.13638 7.59706 -84.0852 -217.429 -17.0573
-7.09686 -1.46017 3.01469 -94.7606 -238.981 -1.3543
-7.96603 10.197 2.38514 -182.124 -62.7959 -109.086
-6.57263 -2.90507 2.313 -45.0963 -271.631 -4.6546
-8.35749 -13.6663 8.04264 -223.343 -526.182 62.053
-7.81822 1.86884 -3.65331 -170.373 -209.06 9.17751
-7.98871 6.97338 10.9221 -188.79 -105.738 91.9613
-7.17819 0.833767 -4.65873 -117.461 -193.301 28.5028
-6.28435 2.76389 -4.99313 -31.6564 -308.541 13.8455
-5.2996 -4.80671 10.8144 64.7032 -204.729 -29.5761
-4.6041 -6.75931 12.7031 129.645 -168.847 -46.1888
-7.10133 -1.38491 -4.45676 -121.595 -247.082 3.08091
-4.14289 -8.65851 2.4524 170.556 -142.603 -23.4554
-7.29416 1.36386 -8.39454 -145.258 -190.528 33.5692
-6.83593 -2.27403 5.19482 -100.153 -261.452 -22.5922
-7.59959 2.06531 -4.70307 -179.001 -199.548 16.0506
-7.4504 6.34593 -4.89428 -164.324 -139.268 17.6731
-6.1054 -3.68937 4.12684 -32.0799 -272.615 -18.7134
-7.39322 3.0204 -4.50803 -161.67 -162.097 4.55796
-7.69162 3.74738 -4.63696 -192.009 -171.661 10.5232
-6.12043 0.210256 -0.797195 -38.9329 -289.206 46.9973
-5.68559 -3.98139 -6.10218 4.02939 -239.111 25.5712
-7.66974 0.42933 -1.26726 -193.753 -36.9095 -67.7299
-3.90991 -8.68288 -4.37268 172.427 -138.037 13.6554
-7.74524 -7.18339 -0.195441 -210.252 -442.128 36.813
-3.68591 1.73392 -7.18679 185.412 31.6538 -15.9726
-7.2858 1.80579 1.78669 -172.262 -196.272 -2.20121
-7.21154 6.97281 3.20739 -169.848 -318.14 9.39396
-3.31441 -12.804 1.83899 215.279 -69.0656 -7.24164
-7.31159 7.97869 -2.97111 -186.65 -105.74 7.01653
-3.38114 -9.60591 2.95395 201.708 -141.568 -18.2208
-6.86298 -3.60582 2.49848 -149.95 -166.345 -7.88447
-6.25506 -1.40062 3.99059 -89.6064 -222.849 -5.09811
-7.57267 4.83315 1.18471 -221.055 -143.904 -5.52292
-6.42232 0.260075 8.25251 -113.255 -189.55 -19.6732
-4.19348 -6.19021 -0.491159 106.123 -265.018 8.50927
-4.851 -4.55012 -4.59703 39.4765 -249.549 -0.813684
-7.03438 10.5017 -3.98611 -180.136 -142.325 17.3442
-3.7349 -8.39465 -13.0948 145.16 -88.5177 43.8977
-6.88689 2.90651 0.183966 -174.305 -155.187 4.67636
-6.26054 5.69403 2.61211 -112.562 -549.149 -44.5581
-6.69709 -3.57574 3.54535 -155.998 56.6943 96.6726
-6.77194 -1.48986 -1.43068 -164.133 -189.896 5.61477
-3.31858 -15.7845 -0.286872 173.632 -11.1693 3.79878
-7.09242 -1.90176 8.64583 -203.602 -180.792 41.3794
-5.11609 -3.63817 8.60344 -12.6866 -241.816 -35.8463
-6.80062 6.27612 8.73836 -180.882 -108.765 -28.9625
-3.40335 -8.09278 13.9561 154.067 -102.122 -29.7221
-6.83073 11.1482 1.70736 -186.836 -92.8476 -3.63164
-3.23878 0.157552 2.1354 167.579 -113.095 -100.36
-6.75359 11.5574 4.75273 -183.772 -93.2829 -13.5767
-2.83981 -17.2199 1.40951 198.858 -197.918 5.91747
-2.62541 -22.2294 21.4603 215.317 -15.7773 -55.4217
-7.04903 -5.4189 1.77681 -225.762 -65.0385 -22.6563
-3.60469 -6.02854 4.96498 116.057 -206.681 -23.3629
-6.61969 12.5063 4.51544 -183.944 -84.1158 -17.4474
-3.9252 -13.0637 -2.37377 81.3981 0.884399 35.1223
-4.37491 -4.28887 -4.08897 36.5969 -235.558 -1.58185
-6.85492 1.61253 -5.1749 -215.77 -179.132 32.2095
-5.03589 -6.83579 -0.0186649 -37.4742 -272.502 -6.60832
-3.87632 -5.53958 2.87827 72.9744 -276.208 -14.7042
-6.5058 1.06261 1.22874 -188.876 -209.454 25.5468
-6.17503 14.6071 0.168065 -156.026 -75.0306 4.84508
-4.1931 -5.01615 -3.46339 40.4699 -283.028 -6.59327
-4.61031 -4.23477 -2.99392 -1.93481 -281.171 16.4226
-6.66572 15.0526 6.46424 -207.762 -269.014 -41.5059
-5.29867 -6.37401 -1.10015 -73.5976 69.504 -69.1244
-4.49552 -3.13963 -10.3321 5.85749 -210.3 42.1302
-2.37218 -9.81734 5.97477 210.798 -105.993 -8.10352
-3.23724 -8.1626 11.9767 123.861 -232.521 48.2075
-2.45345 -8.27345 -2.76843 201.363 -183.336 -10.0348
-7.46691 2.12693 -5.02868 -298.575 -205.481 -196.646
-5.03431 -2.14288 9.45878 -62.2409 -220.78 -24.3762
-6.49762 5.09747 -7.14008 -209.138 -122.07 30.4507
-6.28958 -0.124117 -3.98882 -190.584 -214.036 21.1311
-6.14947 13.9867 -1.08411 -177.347 -87.2185 0.891026
-2.14411 -10.9439 -0.123979 218.86 -79.1237 -0.89636
-5.34233 3.11202 6.11705 -100.345 -179.423 35.8934
-6.13426 1.08245 -2.82563 -186.321 -172.636 -2.03886
-6.82988 7.27327 -0.539382 -255.632 -98.8407 4.31681
-6.15396 0.865201 -4.70614 -188.938 -174.127 3.93726
-5.18977 -2.55708 -3.06862 -94.4994 -248.455 24.6169
-2.21568 -8.91076 -1.42617 200.829 -129.166 10.2726
-6.12517 -1.8694 -8.13477 -187.874 -216.468 2.92261
-4.56916 -3.33563 -1.9459 -33.5197 -254.255 1.41878
-1.96824 -10.3365 6.45628 221.951 -109.546 -17.6828
-5.77971 0.143612 -5.67217 -157.047 -179.146 25.2531
-5.62135 16.0931 -6.40712 -142.7 -78.3742 18.631
-6.29972 8.032 5.95719 -210.401 -98.2711 -10.9981
-3.28786 -5.07602 -6.55011 88.3791 -223.018 27.1291
-6.67783 2.84155 3.18456 -249.032 91.8159 -23.5531
-5.07452 1.16959 -2.99763 -90.3814 -545.243 85.6827
-6.57262 6.84496 -4.23269 -243.59 -107.547 -16.8426
-2.2801 -13.5931 -10.6136 179.273 -188.558 54.8451
-4.17566 -0.437753 -7.01848 -12.9575 -232.466 14.7414
-5.241 -0.277828 3.35199 -120.745 -176.36 88.8144
-6.37939 7.19675 4.46612 -234.744 -92.5448 -12.185
-5.138 -3.0666 -1.77401 -113.432 -270.866 10.5381
-1.91382 -9.13704 -1.39238 204.535 -129.433 0.0849131
-3.90443 -3.8934 4.5993 2.02118 -255.879 -4.63025
-5.37211 -0.425997 -3.55093 -143.776 -244.311 37.9443
-6.07986 5.96523 6.9721 -215.95 -108.771 -25.6736
-5.63298 0.558515 9.66121 -177.945 -162.726 -42.1456
-5.78447 8.56769 -4.30133 -194.607 -122.196 11.584
-1.5153 -7.26469 -0.39777 225.495 -87.1164 11.5824
-5.61802 9.4494 10.339 -182.191 -80.6453 -32.2615
-5.76561 5.36568 -6.88507 -198.426 -102.943 25.3843
-1.37407 -10.0148 0.883484 235.827 -101.642 3.42473
-2.66058 -5.8254 3.40388 106.831 -270.909 -2.88568
-1.1721 -19.4536 0.421853 253.761 -88.031 4.5056
-2.01081 -6.95547 -8.88721 168.992 -169.053 14.3915
-4.02861 -2.58177 -10.0394 -38.9182 -211.556 34.9345
-5.30413 3.19361 -8.331 -168.312 -200.469 25.799
-4.68231 0.873301 3.81931 -106.829 -248.553 -10.9027
-5.4736 6.20482 7.67458 -187.238 -97.9201 -27.5733
-4.34253 -1.50041 12.807 -76.0355 -181.585 -35.2216
-3.16088 -4.21822 9.52247 38.0192 -244.857 -30.1276
-2.05066 -7.46999 -2.55029 147.735 -219.896 -4.3196
-5.70916 3.14484 -0.900095 -215.914 -117.641 10.2676
-5.55643 1.16357 6.87193 -201.172 -147.749 -17.3252
-5.3739 0.167005 0.938038 -186.484 -167.759 -14.1658
-5.07112 -9.60978 7.00872 -158.085 -690.451 522.566
-3.50587 -4.0613 2.82907 -3.51587 -246.667 -3.32831
-4.74162 -2.34512 2.35464 -126.494 -239.117 -18.8744
-5.81126 3.79152 -6.27185 -235.621 -112.515 23.8984
-5.20431 1.30231 9.8222 -178.735 -140.523 -19.6414
-5.37712 10.9596 -6.25441 -196.234 -70.1725 17.404
-5.42124 -0.367878 -0.947256 -204.033 -180.531 -8.99246
-3.72195 -4.20566 2.40991 -35.6962 -292.534 0.53829
-1.53577 -10.1571 9.84796 180.511 -61.9883 -33.1377
-1.04039 -10.3427 -6.24978 229.634 -88.8623 18.9585
-3.86952 -2.58481 -8.73632 -54.0879 -179.294 -123.86
-5.53255 1.86571 -6.72304 -219.297 -127.339 11.1815
-1.14355 -8.31935 -5.50066 216.247 -113.566 12.7883
-5.81291 4.19923 -1.31566 -252.118 -86.9869 6.78114
-1.30584 -7.19761 2.09926 191.362 -201.912 -19.8901
-5.44511 2.07197 -2.46131 -227.116 -173.885 -8.63082
-4.38603 5.48188 0.186533 -122.969 -208.444 -80.965
-1.62468 -5.785 -14.3164 147.896 -152.912 36.6577
-5.13491 3.91791 -7.80907 -201.948 -95.6322 22.6633
-1.89498 -5.31698 -8.19359 116.515 -197.942 28.9188
-5.51635 2.24336 -5.39819 -249.51 -43.1757 7.48025
-5.15919 6.98839 9.44405 -214.722 -343.357 -126.965
-4.88675 0.857421 8.36445 -188.256 -138.86 -27.7863
-5.31792 1.9068 -6.50663 -231.937 -104.297 24.5904
-5.06474 2.37062 13.1115 -207.07 -95.6967 -39.6293
-5.20397 4.25146 6.24173 -221.555 -81.1168 -27.6791
-5.21681 -1.24774 -3.07516 -225.724 -127.386 12.9551
-1.06976 -6.72166 -0.472757 183.516 -159.838 5.67465
-1.50498 -3.84378 -0.128305 137.993 -161.306 -137.791
-5.02258 1.74383 7.01532 -211.549 -104.834 -23.416
-4.43177 13.8792 -8.72217 -154.622 -67.7433 22.4564
-5.0423 6.35705 10.0272 -215.841 -58.1769 -35.8585
-1.85117 -4.98231 4.8516 99.7965 -208.692 -17.1774
-5.32827 2.27587 0.711495 -246.101 -107.26 -5.64134
-4.80493 12.1451 -4.14074 -199.903 -67.2607 8.50746
-5.05248 0.290797 6.69072 -224.905 5.41068 98.381
-1.79039 0.182127 -10.1836 99.0841 -185.106 -27.2546
-0.678225 -8.69671 -5.99962 209.088 -83.732 18.263
-5.3278 5.1115 4.11004 -253.794 -60.3965 -17.1326
-2.43223 2.92386 -0.288452 33.8147 -499.564 -30.3059
-0.982508 -6.03612 8.49656 175.333 -192.595 -17.7205
-4.40244 -1.1952 2.47356 -166.226 -179.558 -1.08487
-3.785 -1.51033 -0.896533 -105.658 -208.581 -73.924
-4.27289 4.83878 3.07153 -154.899 -85.7201 165.816
-4.40635 2.56375 1.38499 -171.388 -165.025 90.6318
-5.11068 1.0485 -4.37708 -244.756 -106.282 17.8235
-0.738072 -7.84911 -9.67492 189.055 -80.6547 34.63
-4.97143 1.43303 4.06743 -232.21 -102.418 -9.846
-4.32599 13.7532 -9.58168 -168.146 -60.7554 30.7143
-4.90974 8.55729 3.81414 -228.024 -60.42 -20.9902
-3.06588 -8.18665 0.394003 -45.4579 -262.548 -8.96128
-3.53744 9.22707 1.45688 -92.4835 -169.797 -38.9449
-4.2437 15.0545 2.23638 -163.293 -76.5105 0.0250554
-4.26428 16.1038 6.61105 -168.466 -129.828 -16.5632
-3.65131 0.15166 -2.77712 -111.21 -257.399 5.85925
-4.38959 -4.75986 -1.04685 -184.77 -120.394 42.3211
-3.93835 8.18733 -15.2471 -140.086 -58.9485 47.5943
-0.536955 -6.66639 6.93396 197.772 -176.158 -18.0712
-0.355199 -9.65754 2.04263 215.39 -61.5274 -5.4934
-4.12483 -2.60056 -2.46514 -159.889 -227.544 14.769
-4.58295 3.69834 -7.51815 -210.365 -68.0936 26.047
-0.598149 -6.09801 1.07862 185.343 -221.992 22.8428
-2.96655 -3.43199 6.40255 -53.202 -259.935 100.184
-4.98949 0.267746 -7.60744 -254.909 -107.581 28.4737
-3.97306 13.7254 0.10224 -156.284 -62.7479 87.4535
-4.97058 8.50058 -4.67436 -259.484 -23.6334 -12.7998
-0.715202 -2.43308 -5.91373 162.642 -166.29 -1.94481
-0.129569 -10.4786 5.42949 219.926 -50.2176 -13.8141
-4.38617 -2.80047 -6.04402 -203.701 95.3442 7.85488
-0.282611 -6.85269 3.08311 201.882 -128.99 -29.8999
0.259133 -10.66 3.23909 254.149 -68.8546 -3.32801
-0.815152 -2.52229 4.1121 147.074 -171.606 -126.013
-4.67073 7.28196 -8.28739 -237.563 -56.2154 21.1484
-0.0275842 -10.5506 9.66325 223.458 -46.3023 -39.2163
-4.99913 11.3545 -14.1417 -270.766 175.862 -67.4562
-4.12084 10.6986 -9.02811 -186.503 -52.3622 28.8655
-0.906283 -5.29376 -1.43901 132.666 -227.186 -17.797
-1.16432 2.54863 -3.04422 105.291 135.577 -149.599
-4.491 5.77497 6.63854 -225.808 -41.1952 -13.404
0.311934 1.87533 -0.278487 248.55 13.6531 -4.94509
-3.70228 3.45424 -16.5891 -150.361 -182.869 62.0912
0.346415 -9.09692 -2.83621 243.465 -76.991 2.47649
-3.87671 2.51836 -2.87649 -176.913 -161.293 -19.0346
0.186289 -9.97405 -3.65671 225.867 -54.5378 15.8894
-0.155063 -5.84953 -6.34502 190.325 -204.957 3.66469
-3.59236 0.276286 4.38549 -151.162 -169.389 -31.3184
-4.19141 10.731 1.49277 -213.116 -51.6439 6.56491
0.129829 -7.53893 -5.46679 215.451 -92.372 16.4731
-4.02984 6.9931 9.3906 -197.755 -49.887 -35.4372
-4.3125 7.05134 -7.02305 -227.623 -42.4296 24.2295
-4.45204 5.76554 -6.88244 -241.937 -39.4337 23.8551
-2.84663 8.61575 -17.4821 -87.7861 -43.1547 60.3936
-0.385754 -15.8147 -9.11318 155.548 23.351 30.5305
-4.41381 -0.838489 -3.79081 -245.17 1.38519 -38.5497
-1.31912 -4.92575 -4.07361 61.9929 -265.257 8.16301
-4.42677 6.67735 -0.527633 -248.151 -41.085 14.9463
0.120432 -6.04609 5.51224 203.491 -177.174 -36.0084
-4.41725 4.23703 -0.636634 -248.577 -34.9834 3.55825
-4.21746 -0.403464 -0.138906 -230.437 -125.319 1.99421
0.58433 -7.89965 5.96698 246.429 -108.777 -20.9496
-4.12908 -0.24528 1.07933 -222.551 -92.0739 -0.287522
-4.00297 9.82004 5.04173 -210.198 -51.5464 -17.0014
-3.85138 11.6808 -5.11162 -197.538 -53.507 27.2255
0.314543 -7.53769 9.06504 215.986 -98.9426 -25.87
-4.6668 6.62886 -1.12739 -278.979 -28.8411 -1.75463
-4.59115 4.48894 0.471354 -272.073 -27.6045 6.05534
0.629848 -9.05781 0.892508 245.985 -86.2842 -8.3381
-4.12388 2.24146 -1.91417 -226.724 -126.331 12.1956
0.649946 -15.7218 -0.996151 247.421 -149.447 5.39076
-4.59021 -0.00644141 -1.18291 -275.252 -45.145 14.2542
0.00771551 -2.72182 5.01779 173.932 -213.002 18.9962
0.54585 -7.5777 8.22656 226.581 -81.9184 -31.7838
-4.44416 -3.13929 -4.46994 -269.775 51.7211 7.82799
0.580553 -11.2766 5.61995 228.969 -33.1701 -27.2533
-4.69113 2.19297 1.40123 -297.382 20.5015 -7.45213
-4.17401 6.87976 -0.895829 -246.928 -28.8272 -1.88783
-2.89409 -10.6008 3.91704 -121.281 28.1511 31.2494
-0.490866 -5.04388 -0.565836 117.416 -234.824 -6.15018
-4.00671 1.7184 5.67668 -231.971 -37.1056 -24.1339
-4.21833 7.02778 1.83575 -253.981 -30.8417 -36.9131
-2.81058 -6.30615 3.48399 -115.473 -196.661 -10.8716
0.386907 -9.1221 9.27118 199.757 -20.4108 -30.8833
0.716194 -6.40077 -8.51531 231.55 -133.947 22.0883
-4.21676 2.10949 -6.59315 -259.35 -19.227 28.6858
-3.44781 -1.66625 6.61659 -185.695 -139.247 -25.6896
-2.87605 -15.0415 9.99583 -131.989 -464.726 102.118
-4.3024 5.35365 0.2884 -274.25 -19.6549 79.0146
-3.70182 8.71437 8.34808 -215.961 -33.7235 -20.4354
-0.23091 -5.28446 2.91639 128.604 -202.137 -16.8224
-3.77161 8.98898 6.73714 -223.527 -35.0841 -26.2819
0.72305 -6.20802 5.6965 222.051 -175.252 -16.4086
0.526562 -7.16079 4.38555 200.412 150.482 15.4547
-1.1256 -4.64984 6.72096 35.2279 -279.213 -20.8862
0.218327 -14.8317 0.645126 162.551 -170.923 0.986591
-3.28837 13.5433 -1.72821 -186.092 -48.7116 11.4458
-1.67279 -4.29533 0.419708 -27.1269 -267.602 -10.0663
1.19273 -4.61555 -0.245076 256.144 -62.3408 36.1879
-3.90331 5.01371 -8.16114 -250.309 25.6862 64.0372
0.245239 -5.428 -1.50769 159.863 -249.763 -1.86347
1.03097 -6.56851 -3.70688 237.035 -118.106 18.6152
-4.02879 4.85665 -7.99838 -266.396 8.8997 23.4555
-3.73652 7.05398 -0.0343308 -237.848 -25.2948 0.460781
-4.11002 7.29706 0.590068 -275.063 1.74429 -4.58751
-3.9407 5.71239 4.89739 -258.728 5.41051 -18.4543
-2.42421 -4.0955 1.61473 -112.043 -283.165 -61.5476
-3.67032 8.31199 2.29102 -236.649 -9.63299 -14.7077
0.880317 -5.87323 -0.870552 208.396 -124.395 14.6395
-3.91669 6.44603 0.427267 -270.461 4.05242 -4.00914
-1.56098 -4.0006 -5.06479 -37.2049 -257.806 23.9037
-3.0871 12.4595 -5.42308 -190.853 -42.6111 11.6332
-2.7232 17.0286 -1.51156 -157.634 -53.7277 54.4801
1.34998 -4.41283 -7.85626 246.694 -61.2301 28.5122
1.41569 -8.04089 2.4346 253.203 -55.0118 -17.6172
-3.33006 2.32369 -8.60703 -221.011 110.485 16.9332
-3.57458 7.71382 -5.97206 -246.476 -15.9387 1.2517
0.678456 -4.75569 6.20261 173.683 -162.058 -16.1527
-3.78036 5.46945 7.32415 -269.585 7.1151 -26.4503
1.37091 -10.5036 2.93124 241.587 -27.1389 -10.4
1.40741 -11.3835 -0.300547 245.031 -51.6154 3.27379
1.11673 4.96932 -3.43228 214.726 32.3938 45.0024
-2.84114 13.5615 -5.39013 -181.457 -46.095 11.8316
1.34737 -11.5426 4.25772 234.314 -24.5339 -0.606463
-3.44405 4.14337 1.85476 -241.763 8.87583 -8.37695
-3.59336 5.08395 -1.89834 -256.599 85.3385 -4.62864
-0.685711 -4.34836 4.49411 31.9947 -263.399 -13.6933
-3.72273 5.60102 0.161175 -271.944 23.2498 33.5682
-0.953332 -0.0219428 0 3.10365 -1.34801 0
-3.53424 4.1892 1.15889 -255.74 -49.0883 -12.3445
1.20206 -8.69099 -6.33435 212.972 -28.1411 32.6655
0.097753 -4.59401 -3.69333 102.264 -227.321 6.57987
1.21002 -5.36219 -0.329947 210.345 -113.899 -55.1781
1.73683 -6.62297 -0.95273 258.627 -106.873 -47.5079
-2.81344 5.01837 13.7913 -193.966 1.62009 -46.7766
-1.47064 9.76555 -0.122184 -60.9933 31.0619 83.4488
-2.95413 10.1139 -3.52361 -209.917 59.8128 10.8115
-0.296752 -5.53687 10.9702 50.5999 -223.747 -40.0661
-2.90599 3.48689 5.67656 -208.589 178.607 -9.74427
-0.996467 -9.46764 -0.15777 -19.3336 -187.343 -6.31228
1.63386 -8.62093 -4.0718 240.053 -46.2091 3.73596
1.51882 -8.75436 3.30017 227.939 -29.5518 -11.5552
1.91651 -7.8146 3.32592 263.881 -78.3367 -6.07526
-3.29255 4.54981 4.74325 -254.87 -34.7244 13.467
2.9101 -11.6896 5.30278 360.367 -149.301 79.8361
1.3607 -4.46389 -1.13242 204.879 36.1597 103.041
-0.53852 -4.13988 1.11109 14.7436 -252.208 -12.6687
-3.09006 9.00471 -0.23881 -239.96 -80.099 2.48372
-3.31443 7.34053 -2.64933 -262.904 4.05335 10.0048
-2.65821 9.98821 -8.81862 -201.545 -17.7819 22.5804
-3.07524 6.06579 -1.589 -246.007 33.0808 8.92731
-2.91155 3.85111 -2.33872 -231.618 164.544 7.94116
1.77213 -6.41 -1.75719 233.127 45.5898 -40.6835
1.93926 -6.95036 -2.32693 248.888 -75.4185 12.0656
2.20855 -11.0238 6.8287 273.646 89.1991 -55.4625
1.99974 -5.54506 0.340953 252.884 -132.464 5.95467
1.9643 -6.00262 -3.21013 240.382 -87.5487 11.7831
1.97342 -6.29117 -1.62905 241.047 -68.8724 -3.29031
-2.76194 2.29531 4.46804 -229.938 -134.187 -12.7211
-3.10714 5.37492 -6.70872 -265.626 61.9352 9.98063
1.68498 -4.66793 -6.04504 209.555 -146.702 -1.57385
-2.82623 5.28262 -7.96776 -239.341 54.4004 15.2494
-2.9606 4.23075 4.17813 -252.94 117.285 -13.9325
1.90512 -9.7099 -5.767 229.266 -11.3262 20.0901
-2.37205 3.55896 6.74775 -199.062 147.907 -17.695
-2.8879 7.04386 7.13447 -255.005 31.6275 -19.3497
-2.32687 8.95262 -9.00878 -199.612 -10.8291 27.4135
-2.41289 3.76379 0.0855277 -208.372 150.59 -34.4523
1.60124 -16.0411 -18.5649 190.032 -50.7617 63.7214
2.2344 -4.73802 -2.1642 251.353 -2.0685 -7.06823
-2.77192 4.42631 1.5264 -246.045 66.8986 -19.5875
2.45452 -2.69621 -3.07581 271.82 28.9853 -23.5368
-3.12329 6.17366 -0.635575 -283.261 64.4302 -10.5518
1.94087 -4.81862 -0.194826 219.342 -180.869 2.78308
-2.28057 13.554 -1.17171 -200.396 -29.5573 -2.24541
-1.70292 3.40093 7.30993 -144.902 254.954 -79.6431
-2.84426 4.7957 1.18586 -260.257 141.286 -9.88277
-2.64124 6.8057 2.59843 -240.873 38.2233 -6.68729
-2.43782 4.22209 5.6939 -221.209 102.927 -29.4953
2.43774 -7.45686 -1.82427 260.605 -158.664 11.279
-0.409773 7.41928 1.59831 -22.3533 233.128 -11.5332
-2.80297 6.92796 0.305315 -260.996 33.184 2.96702
-2.23818 4.50196 -2.10363 -205.273 123.21 32.1092
-0.126675 7.01049 4.13292 2.6032 247.313 -30.8568
2.18341 -11.9296 -5.06391 230.994 5.8911 13.8801
2.46762 -6.17354 -1.22401 256.606 -74.8563 19.9197
-2.35927 10.7511 1.95076 -223.722 -11.3691 -5.18438
2.01065 -8.56346 -12.2878 209.015 -11.4283 41.2079
-2.57415 6.48208 6.22172 -248.301 52.8402 -31.2957
-2.18318 8.10271 -10.6284 -211.108 1.6151 42.8656
2.4464 -12.3614 -0.479355 246.009 0.0422792 6.54653
2.54714 -5.1747 0.0177073 255.728 -107.325 -3.09539
2.05481 -0.142317 -6.33176 206.463 -58.1052 -1.57545
2.35446 -7.75279 3.12451 235.526 42.0226 -9.84946
2.23423 -4.36338 -0.916782 220.853 -136.772 -2.51073
2.45475 -4.86358 -4.28641 242.12 -109.674 24.6774
-2.62606 7.257 -1.7563 -265.511 55.3239 -6.07012
2.67 -4.69223 -1.5927 258.891 -129.645 3.54341
2.71289 -10.2121 5.06764 258.748 -3.77944 -19.4267
2.24539 -8.80531 -4.34243 212.298 -81.1313 30.2994
-2.00319 8.68508 -9.77573 -209.959 4.45533 29.8026
2.83893 -4.03954 2.54116 270.676 -63.9509 46.1749
2.59341 2.34236 0.994993 243.841 12.8545 37.1593
2.69148 -4.65293 -5.11556 251.504 -107.258 13.6596
-2.4331 7.43217 1.0898 -260.546 53.1421 -15.0952
-1.01474 3.89939 4.38393 -120.532 210.624 0.0428389
4.34756 -1.24902 -3.25485 406.684 -142.663 -118.914
-1.61454 4.35772 4.92682 -187.461 179.843 -26.6733
-1.98774 4.98507 -3.03798 -226.656 186.864 19.2307
-2.1585 9.69004 0.356895 -244.103 20.2731 2.52061
-1.90112 7.34978 5.46591 -218.863 40.9038 -27.4747
-1.69926 13.2227 -3.14667 -199.606 -24.912 8.34786
-0.287932 4.2502 -9.91195 -61.1882 249.439 20.0869
3.16732 -5.06073 -1.4124 280.067 -88.3706 -5.48562
3.02126 -5.51766 -4.00544 265.189 -53.6006 28.312
2.77731 -11.0741 -3.09141 240.79 1.48285 7.33006
2.73948 -7.12508 -0.737162 236.754 -21.602 3.77203
-2.30411 6.60837 -1.46928 -265.886 82.2946 -9.0797
1.21517 4.09795 -7.38603 82.0184 -131.036 -99.2911
2.80318 -8.00038 -3.13153 238.003 -8.14987 7.49025
-0.459912 9.80041 3.86395 -87.7768 234.133 10.4329
-0.485435 -2.43922 -3.93524 -94.7745 225.781 5.73048
-1.9521 5.73632 -0.859151 -246.296 128.406 -2.84824
2.79986 -3.30463 4.00051 220.492 -122.474 -6.77058
3.16379 -6.71387 -6.79404 254.975 -26.5152 23.6002
2.88333 -9.65305 1.00644 226.751 19.0191 -1.65737
3.15254 -3.92774 -0.481585 253.139 -129.044 3.21826
3.38014 -4.4818 -4.95399 271.737 -58.981 31.8286
3.12612 -3.91306 5.20777 243.866 -53.365 -2.84748
2.85168 -11.2698 -6.55533 215.966 -180.847 -33.8105
-0.258748 -9.56356 -6.12976 -93.5686 7.05733 54.27
3.17033 -4.55656 -4.32665 246.913 -83.0276 41.7131
-1.94362 10.3196 2.47983 -262.788 33.1848 -1.46324
-1.57263 11.575 -5.49513 -226.487 65.2575 0.995105
2.8848 -9.55848 -4.81804 213.383 16.5634 16.4451
2.77356 -2.87138 -7.91475 201.426 -130.47 29.0246
3.53933 -5.63683 1.81595 276.872 -34.2375 -4.30121
-1.13543 6.53059 5.76703 -187.682 237.163 90.3903
0.562433 4.17526 -1.27937 -19.8629 249.348 -9.7501
3.36093 -4.88812 6.27149 256.999 -32.9453 -18.9208
-1.65527 6.98024 2.52031 -242.804 70.2908 -19.7008
2.56831 -15.8539 -1.85578 175.863 64.8066 3.24703
-1.76819 6.96694 2.89397 -257.112 101.208 -20.2168
4.12461 -1.57119 3.90566 326.535 184.518 49.2091
3.12089 -6.49718 12.1247 226.651 8.70948 -37.8491
-1.14125 8.03468 -12.7502 -197.171 31.7125 32.8687
3.39333 -3.89649 -3.93302 252.163 -57.915 -14.1349
-1.51379 6.29559 -3.38526 -235.352 101.845 -0.469759
-1.43441 6.71888 3.08041 -227.687 43.5204 30.8886
-0.933359 5.51287 -15.0527 -182.827 76.6878 40.1169
3.27077 1.50525 0.283726 232.881 129.794 -3.7539
3.32381 -4.67492 1.25833 236.599 -59.9722 -18.6492
3.30753 -3.00765 7.56904 228.432 -33.8264 -23.3057
-0.89871 14.236 -0.455033 -190.059 -19.2074 -6.47814
2.90425 -1.43564 -13.8383 183.749 -7.94913 45.7103
-1.12935 12.453 -0.00669754 -216.978 4.98932 3.25743
-1.26131 8.9565 -3.26323 -233.046 39.1587 0.423315
-1.03483 5.41346 -5.39368 -211.125 155.43 30.3566
-1.44762 7.33601 5.98103 -255.294 105.892 -19.7988
-0.875374 14.0426 -3.82765 -200.538 -3.74858 15.4437
0.453219 6.68177 -3.82913 -70.3543 -58.2818 -156.365
3.70984 -2.40917 -0.76481 251.511 -71.9462 -7.737
-1.09599 7.86607 1.98143 -227.227 228.545 -156.771
-1.20303 6.44113 -6.53788 -237.986 140.549 25.735
0.115379 4.97657 3.54488 -108.333 255.878 -9.10068
3.56423 -6.32433 4.1291 233.213 4.59427 -12.608
3.52326 -5.38354 -5.893 229.105 15.3315 11.0298
3.50967 -4.93129 -6.96122 226.173 0.530683 23.4729
4.00188 -8.23571 -1.46654 273.26 8.1074 5.75052
3.97776 -4.19435 -2.40406 269.445 -4.79524 8.78942
3.63345 -2.96702 -8.32037 234.12 -6.40973 27.9262
-0.992075 10.1423 7.82946 -226.903 37.2246 -15.672
3.79893 -2.24312 -5.99128 248.947 -40.348 20.9646
-0.730975 5.51663 -3.55618 -202.108 165.028 -21.4865
0.0210803 4.69012 -5.44278 -127.905 215.264 32.497
-1.05718 10.2912 6.24042 -235.019 35.1903 -30.5729
3.67647 -6.43639 -5.4822 234.808 38.6267 14.1042
-0.961701 10.5394 9.45964 -226.254 31.7676 -40.663
-1.27898 9.29421 3.96192 -259.022 62.3843 -16.8637
3.92512 -4.11617 1.76753 255.209 -0.680144 -3.9168
3.53251 -10.6144 -0.769054 215.6 50.8194 -0.941299
-0.790135 11.7003 -3.25363 -214.193 28.8604 31.0648
-0.737218 4.33413 6.3966 -210.889 54.446 59.8111
-0.873339 6.91419 8.52879 -229.013 107.984 -37.0315
1.45793 4.35517 0.781948 2.51846 266.31 4.59654
4.14765 -3.85137 2.49359 262.646 32.3143 -12.3071
-0.989069 8.29994 -3.48991 -251.126 92.8512 0.916499
4.98456 -8.10238 1.47555 340.486 -27.6075 102.769
3.27708 -1.25639 16.9364 167.917 50.5345 -56.254
4.353 -1.41755 -4.58802 274.789 -35.3691 11.7742
4.44879 0.0196462 2.35069 282.82 19.5951 25.1571
-0.277767 13.0988 7.24251 -188.658 -3.52884 -20.7989
4.21597 -4.07122 4.67608 256.826 32.6292 -19.3275
4.19508 -7.19828 6.8783 251.519 141.265 -36.7133
-0.728601 6.61137 -1.99198 -237.734 169.705 12.7204
-0.446443 9.8044 4.96234 -212.274 33.3172 -7.03769
-0.602095 2.15237 -3.56398 -229.254 129.816 7.83809
4.21612 -3.00109 0.260615 247.639 2.30259 24.7823
4.30916 -7.02448 -5.84686 254.754 31.1159 26.5084
2.7328 3.2866 -6.05551 96.5875 232.604 11.4919
4.3411 -1.76393 -3.83723 255.322 25.071 14.5574
1.98619 4.06492 -6.98256 20.7665 253.379 30.4106
3.98944 -4.31932 -6.29016 219.39 75.072 18.6418
-0.605011 7.79181 3.32436 -237.344 94.0798 -11.1237
-0.93138 4.70278 6.72468 -272.351 27.0263 34.8198
-0.436862 11.4117 5.27845 -224.261 31.734 -7.55675
4.39262 -0.138384 -0.840502 254.405 70.3321 1.05717
-0.152771 5.8452 2.70697 -199.137 176.259 -25.7787
4.65574 -5.70421 -1.96839 278.249 39.5823 1.9574
3.86258 -14.1943 -3.61418 198.877 61.3785 13.3867
4.26863 -3.62196 -0.889705 238.399 77.8101 3.12078
4.35783 -4.56903 -3.47583 244.495 33.4306 13.2982
4.34462 -5.02572 0.228421 242.508 34.7413 -4.63696
1.03449 4.76997 9.55783 -87.5351 249.395 -32.1533
-0.158744 10.0369 5.26006 -206.431 40.1708 -20.2426
4.20111 -6.69255 7.58021 226.221 -39.8742 -42.7328
-0.391152 10.7176 1.92213 -230.391 98.4615 -12.3866
3.39038 -8.8979 -2.29418 144.068 142.641 -48.1367
4.62165 -4.78608 -1.87526 266.257 35.7598 8.2608
4.00201 -5.14006 7.47199 202.646 55.2304 91.8663
4.53191 1.87613 3.72092 254.202 66.1106 -19.6308
4.75245 -9.60481 -1.30897 273.376 184.188 47.4614
3.97062 2.07021 3.00882 194.218 186.357 -12.1103
4.28858 -1.11121 9.90935 225.696 85.1374 -27.6409
0.802159 18.3957 -3.8793 -121.452 -49.3825 11.5308
-0.259577 5.08925 0.214842 -228.822 74.2344 -7.66034
-0.0348011 7.08482 -7.06875 -207.192 97.6177 18.3808
-0.376106 9.86185 1.83353 -241.914 15.1223 -266.191
1.20824 4.55697 -2.69361 -85.1661 248.694 -34.3391
4.30212 -2.57433 11.2668 221.232 49.9077 -25.2549
4.20959 -0.147731 -10.9517 211.834 97.8625 37.0899
4.35538 -4.64265 -11.7549 226.177 50.7894 41.7409
0.187569 16.9128 0.0934087 -188.422 -11.9458 11.1224
4.57928 -2.68709 -7.93187 243.634 -76.9445 58.9714
0.368368 6.2153 -3.59915 -175.424 222.426 13.3642
4.5752 -1.08768 3.20734 240.222 90.3194 -5.52391
0.647567 -8.80056 5.24767 -150.758 14.4987 -55.3374
4.39056 0.55127 -3.76607 217.486 126.838 7.6464
4.43014 -10.6917 1.93255 221.217 51.6828 -9.86616
4.94342 -5.91745 -4.23767 271.684 39.8734 9.43063
4.47279 -9.79941 2.17759 224.745 49.0403 -10.7195
0.229446 -1.91729 -0.391678 -197.678 57.4351 -77.3672
4.47474 -5.33694 -5.00134 222.455 -195.083 65.3355
-0.126061 8.47992 0.394684 -240.808 112.819 -6.67476
3.04742 -0.353282 16.1104 71.6396 240.047 -81.7032
4.65259 1.18211 -0.306252 228.973 152.837 8.59906
0.600817 -2.50078 -3.5057 -175.451 -57.602 112.382
4.78863 1.07175 0.255177 238.669 159.704 7.08701
5.10304 -1.78481 2.71691 266.892 79.5409 -10.6167
0.230067 8.26351 -0.774855 -217.345 99.1892 -2.31705
2.23879 4.69216 -4.25786 -18.6896 281.175 10.6729
4.98043 -1.10652 4.12897 250.768 336.182 -104.454
4.50166 1.74935 2.56581 202.959 197.162 -10.7851
-0.196588 8.10086 0.879438 -266.28 76.7739 -16.9801
2.14062 4.86356 -2.7066 -34.263 288.038 -2.15835
1.53495 5.27992 -1.31689 -95.1271 266.503 3.1768
4.94341 -0.843261 4.24351 241.357 113.905 -12.1764
5.06643 -12.3068 -0.56328 252.469 -76.8717 35.009
0.238967 11.4576 5.88102 -227.2 48.6741 -30.6277
3.77792 -0.178727 -16.2525 123.349 123.815 53.6014
4.40376 -9.14192 -13.6011 183.675 43.9425 41.2757
3.59312 0.456113 7.28965 102.083 208.381 -24.5973
4.71711 -7.19392 9.75072 213.047 39.7771 -35.2091
0.889795 6.22177 0.020837 -167.622 180.281 0.256147
4.4703 0.440736 9.50995 184.535 147.586 -29.5809
1.66897 2.03496 10.4272 -94.1554 252.299 -41.0524
5.02808 -3.63887 -3.19279 238.413 78.1071 8.80225
1.70924 5.91534 6.13261 -92.404 277.587 66.04
2.58822 4.38393 5.09762 -5.79273 271.243 -22.6883
0.606824 6.94644 -7.71512 -202.871 152.4 33.1662
1.99562 4.58644 8.51891 -65.9202 236.893 -39.3864
5.23814 -1.68072 3.11263 253.231 72.2008 -10.2395
4.05579 1.99537 2.08881 134.846 202.567 4.89584
0.437712 7.84493 -1.69122 -224.751 146.712 10.1206
5.29485 -5.54385 -5.97004 253.665 89.2061 19.2143
5.54661 -3.68135 -5.32 278.15 31.6508 14.0807
0.930857 6.1863 3.66867 -180.551 218.01 2.3938
1.02565 6.35856 -9.40644 -172.014 187.016 29.6208
0.614221 10.0076 3.43914 -213.887 75.304 -21.3293
1.81493 3.49696 4.15709 -94.7987 215.054 -14.1013
4.37626 -1.35311 13.6359 158.723 100.4 -47.8364
5.41406 -2.77521 -6.19085 260.746 81.4303 18.4153
2.36625 12.6694 -0.526876 -42.6003 281.342 0.214477
5.22273 -2.78394 2.1078 240.042 101.359 -45.7403
0.880161 18.5682 -11.5099 -192.331 220.454 -39.6104
4.68555 -12.3739 -3.22437 184.827 54.6128 7.46204
1.68864 5.06213 -5.88561 -113.251 212.266 24.9521
4.80933 2.69645 -0.695411 191.581 220.62 4.13822
5.40835 -1.21883 1.49358 250.302 -105.74 -49.6662
5.32967 -0.1794 7.10056 240.233 143.538 -28.2446
0.543719 9.82446 0.65144 -235.739 99.6991 -11.4706
5.61595 -0.790835 1.7229 265.704 110.175 -4.99679
0.780621 8.73022 6.24405 -214.975 95.2466 -25.0747
3.31914 3.13135 -3.23095 36.2977 255.338 5.01961
4.98248 -11.8598 1.36323 200.58 54.1363 -7.7269
4.6299 1.72148 -1.87871 165.37 200.013 -18.297
0.626117 8.37421 3.08038 -232.948 140.597 -49.7164
5.13299 -7.49571 7.43926 207.188 82.6316 -25.6183
3.34232 3.47493 -1.53887 29.1836 247.178 20.8934
5.13313 -1.42118 -11.2933 204.893 127.613 32.3544
5.45307 -2.58668 0.170889 232.16 89.7255 37.809
5.09325 -8.51527 11.6475 195.469 65.1556 -27.6205
5.71785 -2.48903 -2.17759 256.078 112.321 7.96092
5.67398 -6.49264 4.90084 251.623 68.8175 -2.83708
4.73009 0.728963 -3.29076 157.589 178.674 13.3958
5.65991 -7.92973 -7.94412 248.921 91.0728 19.9313
2.41507 10.9749 17.3618 -74.4792 -10.4345 -59.9008
5.45577 -4.85553 -2.83201 226.942 33.9935 7.06735
1.71366 5.87456 -3.17735 -144.913 211.317 8.40385
3.98019 -0.230402 -5.79484 79.2539 265.11 -3.72859
0.961217 15.7446 -10.347 -222.747 29.3199 23.1747
5.00597 -12.7536 1.87473 178.708 73.1034 -9.85557
5.31119 -5.23635 5.86145 208.745 75.8318 -20.495
0.897427 10.2485 -1.11129 -233.73 81.8369 3.32762
1.3065 7.85352 -4.57357 -194.134 113.896 15.1474
0.949297 8.52186 -5.32799 -229.99 123.758 21.5201
5.61021 -8.60239 1.87192 231.665 175.525 17.7183
2.5079 5.25787 -0.108529 -77.2866 277.663 4.19857
1.46152 7.19776 8.1554 -182.581 139.759 -19.3635
2.13745 3.34968 -2.82032 -116.383 170.04 -91.3591
1.2379 8.12642 5.16393 -206.122 108.481 -13.0937
5.25048 0.761058 3.24881 188.027 -36.0226 73.3522
1.29874 8.73354 -6.44096 -204.522 105.304 24.654
3.33523 4.54991 3.08459 -2.97082 289.708 -2.28795
4.00602 2.73905 2.80067 63.0798 231.29 -8.96347
5.89202 -1.97109 -5.99653 246.695 121.216 21.2146
2.16619 5.61326 11.8554 -127.18 193.197 -48.9462
4.86523 0.177614 13.9003 137.739 162.664 -48.0206
3.44943 4.10419 -4.11643 -8.76816 253.538 7.70603
2.53696 5.3907 2.54718 -101.705 217.956 -6.18055
3.8964 3.51368 -2.12234 32.5282 244.147 1.54236
3.92493 4.22917 -0.527793 34.7575 292.921 20.5633
5.94922 -4.53641 -1.46889 235.376 97.6876 6.23836
3.99705 -5.81177 -9.70171 36.7135 166.599 -66.1627
5.99252 -3.79439 2.0299 231.52 107.593 -5.81201
5.92435 -3.6802 -1.46646 221.673 103.401 5.53874
3.19531 3.51037 0.266818 -49.4258 210.096 -96.9668
5.78544 -5.00741 -7.07809 207.455 102.156 23.7613
4.77467 1.86439 -1.23522 106.88 218.786 2.76146
5.92503 -0.942387 2.42437 219.621 160.879 -2.82095
3.08511 4.63921 7.64019 -66.9826 226.192 -36.0385
4.84884 1.69468 -8.52061 107.147 223.429 31.6971
2.14483 6.87111 -9.54235 -161.576 168.006 30.147
5.97876 -1.10011 -1.25475 218.601 157.595 6.48413
1.83346 7.64603 -5.33765 -193.65 147.346 24.9627
2.25232 14.5104 4.50076 -152.699 159.238 -0.616564
5.82969 -11.3839 -1.28967 199.655 283.213 -62.6157
5.4041 0.297542 -10.7168 154.335 181.778 31.7919
2.03186 6.90001 0.766243 -182.259 213.168 11.6913
3.97243 3.66275 -1.61525 1.98202 250.993 -4.16773
2.75803 5.77019 6.24049 -124.82 190.115 -6.92559
2.52822 6.21857 -4.57414 -150.511 236.335 31.3387
6.09511 -0.770366 -5.35154 202.806 401.099 -215.381
6.25898 -9.88688 -0.603156 216.326 93.7462 0.484461
5.05288 1.10828 -7.55813 94.6516 203.303 28.1828
2.0762 14.2559 -8.46419 -202.067 24.3749 13.4231
2.31881 7.25571 3.59548 -178.007 165.176 -17.543
2.19408 10.6281 -5.25995 -193.406 73.8323 12.9623
5.52138 0.464967 5.3955 135.444 193.537 -28.8212
2.73027 6.48343 -6.30804 -143.375 221.418 36.0826
4.74197 3.48072 -2.43196 55.3109 271.986 13.1465
2.1684 14.9833 1.02252 -201.342 24.9923 -13.1807
6.1904 -3.45087 -1.63614 196.995 131.748 1.0035
6.32404 0.220146 2.7622 207.143 206.172 -7.83436
5.54525 0.966092 -1.81648 128.076 202.928 -0.749237
2.91695 8.50395 15.8689 -134.409 55.7189 -49.3644
2.45777 14.6632 -2.59688 -181.073 7.43323 -1.46448
6.49003 -3.25539 -0.436883 218.394 143.529 -3.34622
6.26365 -1.33863 1.53526 194.496 171.599 -7.00573
5.60416 0.728403 -1.40392 128.401 204.709 16.1558
6.19841 -2.70819 1.15696 185.564 141.92 -1.69314
2.93579 6.6441 -3.61987 -140.982 232.739 7.0639
2.32979 2.22685 -11.0252 -203.477 102.229 30.0884
4.95908 10.1451 -8.50117 57.0846 110.802 105.866
6.17444 0.438324 1.80907 177.746 205.638 -2.82166
3.06554 6.15036 4.70062 -135.049 186.826 -17.0449
5.44165 2.49995 -1.89729 100.622 260.379 12.9047
3.15152 6.10048 -2.56037 -128.066 192.583 21.9535
4.63534 4.0866 4.70466 14.9954 281.244 -6.83364
4.81893 4.03896 -2.46134 31.1741 252.62 2.34252
4.27715 4.64384 6.06723 -25.0102 273.129 -22.8531
6.67355 -3.24916 -5.19166 203.972 155.44 23.9302
2.82407 7.23145 -4.49914 -179.35 204.727 28.39
3.53483 6.02593 -0.95017 -110.773 233.108 2.77219
7.41435 3.10927 -2.08868 272.475 225.16 -104.363
3.05838 6.02139 -5.55168 -160.745 176.218 51.2831
6.91479 -5.01182 7.39327 220.583 121.278 -22.5221
7.01789 -13.5672 1.35455 226.612 63.054 -9.30385
3.00618 -4.75683 3.70019 -179.316 81.4203 51.1308
6.86678 -1.3966 -1.3151 201.818 199.253 -0.289275
6.32474 -10.057 -11.4759 144.172 103.881 38.4094
7.01571 -6.41837 0.364713 207.55 120.372 0.279125
3.49201 6.68586 3.74661 -143.866 217.171 3.11888
7.12134 -5.86509 -5.44388 203.998 76.7341 22.3484
6.88955 -0.247962 2.34267 177.972 213.818 -11.2372
6.61213 -15.7581 1.24827 149.815 95.8618 -5.13458
7.47471 -6.86025 0.84275 232.485 119.771 -1.92877
4.30895 8.67801 -2.72651 -84.6524 196.669 30.3839
2.91941 11.8331 0.872621 -223.048 122.969 -24.8489
5.86759 2.4889 -6.61138 69.1213 262.765 31.1717
6.58285 -0.881933 11.7558 133.909 169.377 -32.9667
4.53833 -2.33876 -1.70156 -74.9653 80.5259 158.651
3.55851 7.82855 0.451397 -174.857 193.549 11.7171
6.27795 2.41947 6.23812 93.2693 200.119 -21.7718
7.23813 -4.9578 5.96922 186.838 151.185 -12.8812
5.6379 3.71012 4.88185 27.0475 280.848 2.1061
6.92801 -3.34435 11.2198 154.14 155.917 -33.0922
3.15803 12.1017 5.75544 -220.777 83.1421 -23.4407
7.37335 -7.96941 -0.851686 197.339 109.922 3.47505
5.60069 3.07013 6.63404 19.5947 234.066 -6.60096
3.546 9.08953 2.70812 -185.331 145.379 -18.4056
3.8805 7.94895 1.20301 -156.577 227.518 -16.3182
7.68436 0.720195 -3.67854 218.355 -28.1049 50.7123
7.42813 -10.1434 -1.87764 191.291 114.773 6.79651
7.51499 -7.08906 4.84511 198.018 119.142 -14.3575
7.43266 -8.53505 4.84258 186.385 118.71 -14.425
3.4543 14.5034 -4.32611 -210.271 52.1211 13.8337
7.58072 -6.50778 -6.52675 198.879 117.713 22.6714
7.38438 -6.68837 3.41078 176.628 133.142 -15.0991
7.29573 -3.32099 -1.73304 165.186 157.857 3.87694
3.94858 9.12756 0.432376 -173.154 132.431 -35.5238
7.61909 -5.46154 0.724951 189.681 136.816 -6.63022
7.87728 -4.94377 1.66334 213.463 169.563 2.03082
6.27874 2.07797 -6.6559 53.9845 228.09 21.8198
3.73648 10.0376 -1.85195 -200.94 152.643 3.94515
7.26287 -1.69315 -3.21187 143.024 179.946 13.0409
4.42612 7.89918 -1.8279 -142.728 200.173 -5.10462
5.62312 4.3538 -1.93675 -28.3414 246.752 3.49847
7.4359 -1.92405 5.91841 150.041 188.631 -16.5659
7.29206 -0.0471661 -5.50717 134.475 223.571 30.4282
4.35513 7.41434 -3.30351 -157.419 168.024 22.3237
5.4662 4.51034 -8.29451 -51.6952 207.025 40.3077
5.86374 3.73496 8.84723 -12.9641 224.293 -22.7834
5.88803 3.95048 -10.2231 -12.5739 241.767 39.766
7.90971 -2.43456 -1.93508 187.144 197.106 2.28678
5.49898 4.54031 -5.65373 -56.0292 217.323 17.5666
4.14388 11.905 1.79237 -194.934 82.3923 -2.49718
5.1763 5.54367 7.74199 -92.477 219.989 -26.1364
6.35753 -13.7185 2.2169 22.5044 25.8029 11.4339
4.24636 12.5249 6.25742 -189.486 76.514 -17.1399
5.00733 6.27799 -8.50153 -114.645 229.939 27.3593
5.31994 10.7258 2.75495 -83.935 79.8858 118.491
6.64521 3.87629 -3.83035 45.2163 210.683 60.6419
7.95376 -2.09945 -3.93889 172.036 186.65 13.83
7.16549 0.610725 2.89892 86.427 222.965 7.06905
7.91363 -3.45092 5.25975 159.935 179.938 -16.1791
7.24003 -7.59019 -4.81988 91.548 201.443 -9.03329
5.29795 6.11403 12.6644 -107.055 183.832 -30.3403
7.25334 6.05569 1.26279 86.5879 281.088 13.5911
6.28435 3.95097 -5.69143 -13.4189 258.958 25.4505
6.481 2.43171 -7.04367 4.75884 245.216 30.2277
7.9448 -13.0463 6.96543 148.512 108.632 -22.1233
8.08854 -5.51476 11.2809 160.325 148.354 -2.58339
8.30696 -12.8055 4.24741 179.827 164.431 -36.6738
5.82303 5.12771 14.3638 -72.9765 183.795 -38.6378
8.3804 9.58662 10.7938 179.371 271.768 43.5686
7.50114 1.33022 6.07673 91.1724 251.545 88.6334
5.8095 5.41414 -0.0395728 -79.8261 240.51 -11.8156
6.4891 4.06061 -5.80634 -14.4502 244.517 25.4659
7.357 1.07271 -3.57453 71.5048 227.096 12.4889
6.33865 4.55002 -0.164611 -31.1084 257.491 -2.39328
8.23819 -4.74808 2.43944 157.512 158.918 -9.6639
8.04426 -6.29391 10.5712 129.077 134.811 -43.5769
6.23036 4.72728 -4.98509 -52.9084 234.04 3.33835
6.94584 0.87656 -6.9715 17.9004 37.8773 144.204
8.44306 -1.96215 -2.29367 165.53 211.55 3.98984
6.66338 4.82057 -1.44073 -13.9058 284.217 12.3322
8.08199 -0.803094 -7.79917 125.501 216.991 37.3842
7.17782 2.132 -2.13152 35.5313 228.925 11.2926
8.52991 -5.61718 6.62415 166.057 147.723 -66.8092
8.00433 -1.10117 3.59069 113.173 199.957 -18.0079
8.39943 -2.25483 -0.0826814 151.41 194.423 3.04102
6.2693 5.03059 7.98459 -63.2994 244.719 -26.939
7.18983 2.81653 -1.06651 22.7888 251.971 -2.01162
7.4675 -6.02865 6.70287 44.2933 221.051 -29.8811
8.61606 -6.33395 -8.65826 151.295 143.597 67.2011
7.53201 3.47837 -6.76832 39.3179 239.374 3.91572
8.69468 -6.53287 -4.30873 152.2 154.174 3.37661
5.40713 10.341 -2.15876 -179.25 163.123 7.34594
7.5598 -0.966966 6.52921 30.0414 137.849 125.46
8.14276 4.16858 3.18526 86.0962 289.594 91.1603
8.98193 -6.75518 2.39308 157.361 161.718 -12.3804
9.62158 0.132065 -4.5187 212.76 87.9083 45.2526
6.97592 4.16193 -8.10087 -51.1146 203.609 15.1499
5.83499 8.69624 3.11643 -165.342 198.557 -18.7868
8.14722 0.949979 -3.41646 62.6916 232.871 5.71021
8.89796 -5.30475 9.25196 133.736 165.083 -29.293
8.79948 -4.36603 9.02401 123.835 152.741 -28.6029
8.12773 2.20273 -1.81902 56.6312 255.184 5.5876
7.16134 4.72645 0.305699 -45.5708 232.388 -9.92372
9.23753 -2.70435 3.96749 160.357 211.217 -16.3473
9.37096 -0.263952 7.02063 172.193 130.186 -16.8487
9.68868 -1.41801 0.708775 200.411 165.001 0.601651
9.15294 -1.78191 -1.59526 144.463 227.349 -7.5912
5.85543 10.8574 -7.5093 -186.672 128.613 10.2029
6.39292 8.17469 1.69216 -133.773 211.708 -4.15592
8.95779 -12.4789 8.19739 120.846 105.396 -25.7325
7.15526 5.05773 4.4649 -62.6487 223.11 -15.4025
8.89394 0.319889 -4.81483 107.803 250.14 14.2677
8.56839 5.31393 -1.66468 63.663 345.643 -145.034
6.1536 10.9122 -7.13082 -182.801 122.955 57.862
8.9292 1.15653 2.10953 78.1942 255.347 -5.91069
7.81892 4.41559 -3.56687 -33.3692 251.731 18.9427
7.05517 -3.25325 -12.2328 -110.849 239.019 39.8756
8.86819 -11.1152 3.87313 66.3054 123.989 73.5768
8.02665 4.30761 -0.176578 -18.6298 275.606 7.94988
9.63667 -2.09767 -6.23057 140.401 217.081 24.6603
6.4847 11.1011 -5.19574 -173.128 112.566 3.99608
7.99206 -3.84606 2.74274 -29.0106 243.109 7.79153
7.36838 6.30462 11.5998 -103.698 180.363 -35.9625
7.39211 17.9608 -0.645291 -112.569 163.367 -0.351177
9.53573 -6.35131 1.31916 95.1289 215.399 -13.8056
9.73939 7.97925 3.18748 105.64 289.734 36.4567
9.19138 3.13846 3.86513 42.0437 217.196 -12.2575
10.3842 -4.55466 -2.57836 157.658 188.77 9.36783
9.68828 -0.360066 3.82233 87.9422 246.065 5.52591
10.1823 -6.47006 5.73436 132.603 171.646 -17.8257
9.57454 -1.06788 8.23396 61.5915 193.602 -12.8553
9.47226 8.45013 11.1445 45.1119 227.164 -27.9577
7.29506 10.4632 -2.13714 -175.648 169.713 19.2257
9.81537 18.5182 -9.57415 61.5821 436.915 1.51037
10.4679 -3.66633 -0.979663 125.998 198.354 -12.2332
9.2223 2.51099 2.35032 -6.31487 223.941 -0.966899
10.2224 11.1544 -8.07917 81.6013 369.472 -58.3202
10.6478 -7.83101 2.71398 121.566 167.426 -8.04102
9.32799 3.38592 -0.132431 -14.834 262.815 -9.38673
10.9189 -5.78607 6.78196 142.761 180.826 -21.1724
8.18865 4.56759 21.8701 -132.797 186.418 -209.822
10.7285 -7.15128 -4.7965 115.976 160.374 16.3829
9.02482 4.00577 -10.1027 -55.4177 186.019 22.6025
9.92407 1.73602 7.1477 17.4713 9.95649 -123.057
10.1925 -5.17182 8.10618 39.6353 237.324 -19.0798
9.69825 2.16889 -11.4844 -12.4094 180.558 42.7917
8.96622 6.27338 -5.02826 -90.1869 233.84 11.2315
8.50085 8.58862 -1.36684 -136.592 182.845 0.537457
10.609 -1.81963 4.98102 62.1569 204.111 -1.6735
8.6434 15.5232 16.4062 -139.492 205.696 -22.6133
10.3326 1.27678 -2.07676 21.8933 218.225 10.8655
10.8189 0.118381 2.8636 55.6638 239.996 -14.8364
11.4921 9.66849 -7.44637 120.856 477.515 -176.065
8.78307 9.72583 0.197839 -160.143 144.815 9.9805
11.2664 -6.14643 -12.7359 71.832 136.321 45.1687
9.18686 9.05968 4.27629 -138.071 149.394 -15.428
10.2054 5.20255 -9.30846 -65.7793 195.976 43.0809
11.9301 -3.23116 -5.41075 99.416 205.456 11.2742
10.6718 4.03074 -12.3665 -51.6003 174.553 33.485
9.85485 8.54565 2.07626 -132.787 200.637 5.45154
11.5032 1.24204 -0.869664 16.5551 233.383 11.941
11.9085 -0.891249 1.97968 53.0992 224.823 -5.62533
11.1463 2.24252 5.0645 -33.081 494.488 -122.556
10.6633 6.10648 -5.90798 -90.9854 188.963 27.6972
11.1956 6.85385 3.15434 -40.1776 -38.3142 97.5091
11.9203 0.301545 10.3675 11.9986 202.474 -29.9974
11.419 5.0793 -4.5884 -59.1574 228.193 6.10305
12.5019 -3.1201 9.95044 47.1802 171.568 -33.2989
10.8567 8.42697 1.86321 -117.425 181.537 -6.33141
11.9455 2.68478 -7.71743 -33.9218 183.061 30.0087
12.1466 3.07723 3.01632 -33.4789 224.227 -3.85368
13.1447 -2.62529 4.60824 63.4278 203.642 -16.0956
12.2266 3.61109 -6.17796 -33.5789 228.618 26.2337
13.3671 -3.03419 -0.628793 73.0886 224.047 0.847075
11.7531 5.87522 1.84177 -87.53 189.656 -15.6568
11.5869 6.99288 4.83647 -104.178 186.411 -16.5643
13.2726 -6.24939 -11.4337 43.1546 142.302 44.0462
12.8071 12.9296 -6.92594 -4.8109 317.35 -64.058
12.4216 -1.43276 -0.278336 -48.6884 253.067 -6.61934
12.7129 9.82362 -0.744771 -45.5427 229.873 28.9132
12.898 2.08838 6.971 -29.6314 211.071 -30.5059
13.1742 2.21516 -3.00747 -19.9324 217.546 16.2639
12.6883 16.1928 -4.15343 -83.3269 -20.9402 9.19132
13.8336 3.56352 -5.19544 -39.6843 195.046 22.1762
14.4855 3.15254 -9.72151 -53.9038 165.121 29.7626
13.7205 2.2699 -0.680029 -135.461 280.282 -64.0298
17.3064 -8.67111 3.42031 -3.28056 127.05 -9.42689
nan nan nan nan nan nan
14.6043 -0.313278 3.80009 79.5179 197.241 -22.1514
14.6872 2.26995 -4.03427 -81.9973 274.425 15.9174
