6.07495 -11.901 0.195626 1.53338 2.13495 -0.512722 1
-3.12226 -0.928255 2.97162 0.679566 -2.11419 2.88741 2
-23.6134 7.73813 -32.2737 -0.292193 -0.952547 -0.317092 3
0.0665591 -14.0157 -1.59997 2.17797 -0.0661912 -0.178234 4
10.62 8.89085 4.79965 -1.35841 0.616717 -0.325889 5
-1525.33 -930.259 529.617 -38.8397 -23.6893 13.4873 6
-832.096 -830.442 447.522 -20.6356 -20.5979 11.0972 7
-3.88026 -11.7066 -0.774274 1.9647 0.878055 1.85632 8
-1.29314 -4.51789 -0.371021 3.85015 -1.50161 0.753394 9
4.50537 -4.01903 4.60574 0.230823 1.87819 -1.43376 10
-16.1337 25.8983 -10.9643 -0.92152 -0.724403 0.142428 11
-2.2276 1.01761 -0.561327 -2.29021 -5.0989 -0.425002 12
31.5085 22.6421 21.8206 -0.360076 0.788466 0.25899 13
-1.41685 6.06183 -0.937453 -3.28818 -0.231899 -0.970976 14
-312.52 -79.0887 -43.1262 -7.38494 -1.88625 -1.02076 15
4.74647 6.49067 -0.857896 -2.5184 1.89546 0.168652 16
-157.283 -184.139 -20.3025 -3.87304 -4.57288 -0.505269 17
5.41105 -2.89017 1.54074 1.93755 2.99628 -0.676481 18
2.92492 0.917355 -0.156359 -0.427774 5.4167 -0.134072 19
13.2075 -8.14935 8.41515 0.0210308 1.57028 1.40199 20
35.0561 54.9503 31.2278 0.0996673 1.0589 0.72711 21
-54.8623 -167.769 -54.1795 -1.48381 -4.65107 -1.50285 22
-5.46383 -15.4133 1.20692 2.17269 -0.480035 0.453794 23
127.646 -26.8375 22.8867 2.94792 -0.565352 0.530121 24
33.2089 -11.7794 12.2637 0.147611 0.889268 0.00174067 25
268.785 4.66466 -230.833 6.61653 0.126652 -5.69054 26
564.522 227.048 -461.283 14.0639 5.65993 -11.4991 27
-4.42731 6.51759 -3.39391 -1.03072 -1.5619 -2.20817 28
-46.2332 -29.3779 30.6757 -0.454956 -0.422502 0.350375 29
0.488043 3.74026 2.67826 -4.27527 0.0244168 0.594122 30
5.33693 -8.41435 3.8581 1.46312 0.547997 0.170115 31
7.10163 -6.72861 -1.4647 1.71842 0.838501 -2.27654 32
-13.7087 -0.522755 13.6724 -1.23095 -0.561293 1.40123 33
99.6838 -86.433 -141.309 2.63653 -2.24696 -3.73106 34
-1.57155 -2.4032 -7.78095 1.46714 0.00513352 -1.27051 35
6.48924 0.17442 -0.112285 0.654734 2.28013 -0.0106122 36
-1.98984 -0.306974 -0.232902 5.26684 -1.14488 6.26517 37
3.9629 -0.965815 -6.8509 0.208631 1.48551 -0.0748187 38
6.17695 10.3547 -0.866089 -1.91791 1.13567 0.0477099 39
-65.4594 868.454 -500.431 -1.72985 22.9117 -13.2057 40
-34.0034 -51.6176 31.9417 -0.0111795 -1.02558 0.827717 41
35.1905 -4.98773 105.962 1.00281 -0.0891385 2.9658 42
14.1203 -4.88932 -1.74409 1.33581 0.430935 -0.117388 43
-3.03152 -6.86997 2.46943 1.95819 0.0159031 -0.50133 44
2.26108 -9.40186 1.58041 2.52933 -0.164769 1.02417 45
2.97303 1.21104 -0.337215 -4.46011 4.10667 -1.04761 46
5.4969 -9.00443 2.92728 1.41341 -0.386269 0.34646 47
-6.76723 19.5926 -7.86627 -0.573176 -0.002496 -0.050826 48
-138.088 5114.21 -101.024 -4.09907 151.843 -2.99898 49
16.226 16.9055 -15.8157 -0.926734 0.978791 0.416654 50
1.56812 -12.5561 -3.15282 0.948865 0.253649 0.0547544 51
53.5612 26.8687 -30.5261 0.494356 0.970503 -0.737682 52
-23.0121 -39.4453 15.4883 0.535401 -0.742189 0.28413 53
119.313 -55.6239 -40.8939 2.58005 -1.15172 -0.88061 54
14.0484 21.9394 33.0458 -0.715198 0.292342 0.170988 55
-5.20052 7.51707 -3.84714 -2.31102 -1.9776 -0.345509 56
54.224 986.953 383.854 1.335 24.361 9.47645 57
2.90737 6.56895 -5.63688 -1.31463 0.556979 0.0810116 58
-8.29717 7.96391 -2.05869 -0.0553841 -1.50417 -2.24827 59
-6.53289 4.76929 -3.07537 -2.17427 -1.85839 1.3344 60
27.2634 32.16 -50.3264 -0.039783 0.622037 -0.736493 61
-35.2204 -10.1315 2.39189 0.494565 -0.6503 -0.0224521 62
3.81151 -1.20525 -5.59228 -0.572801 0.72617 -2.86401 63
2.95143 77.4571 -10.1931 -0.0452797 1.221 -0.156593 64
1.24069 -4.89169 0.481241 4.20606 0.910654 -0.0215949 65
127.456 158.141 -94.2674 3.69506 4.62673 -2.75491 66
21.3339 17.3596 -25.3764 -0.728822 0.827098 -0.243338 67
2.58116 -6.20447 -3.5423 3.14999 -0.752612 1.86947 68
-28.3389 -42.7531 -3.81187 0.506284 -1.14353 -0.225305 69
-2.01959 -4.73799 4.83594 1.29315 -1.21872 2.36241 70
5.72612 -4.45495 -2.42254 1.4142 3.16774 -0.933576 71
846.101 1144.01 2025.07 21.4226 28.9641 51.2731 72
8.45424 -1.27128 0.96209 1.53782 1.21406 0.211922 73
-13.1593 -5.18655 -3.20093 1.6477 -0.035096 0.358535 74
-0.792033 2.26127 -2.37066 -5.50391 -1.76037 0.138881 75
0.799807 -2.22279 4.59918 0.49938 2.67685 1.90221 76
58.9788 -25.8203 -13.1135 1.12882 0.20072 -0.322691 77
3.43875 -3.9906 2.70398 1.95499 1.03062 0.435229 78
9.53722 -5.75194 -3.29014 1.1752 1.10794 1.94899 79
-1.96482 -4.36565 -0.207261 1.96854 -4.45659 -0.513408 80
-2.06677 6.22703 -5.75133 -2.16987 -0.801344 0.0198974 81
-12.1735 -3.92918 1.82374 0.687099 -2.23408 -0.137942 82
-10.3946 6.54488 -23.7263 -1.27901 -0.232012 0.753715 83
-41.4306 45.8396 5.52818 -1.22921 0.169339 0.145022 84
-1897.24 -1033.12 229.613 -47.4674 -25.8501 5.74552 85
1.53431 -65.5393 -14.157 0.445089 -0.842032 -0.254845 86
-15.5448 -5.31146 5.87536 1.01194 -0.213506 -0.324809 87
-2.67052 4.76002 -0.824457 -2.76389 -1.41617 -2.18272 88
19.9996 -63.8748 -29.6797 0.80758 -0.827643 -0.64338 89
7.12523 6.30096 1.35099 -1.99044 2.14968 0.265813 90
6.05777 -0.830953 -9.02132 0.450155 1.59119 0.966975 91
7.93071 -10.7626 -1.22149 2.12132 1.41982 0.208207 92
-2.33011 -8.49216 3.03832 2.00216 1.77566 -1.09063 93
978.049 -1608.99 87.1134 24.4475 -40.2156 2.17787 94
-1.58734 3.40663 7.7123 -1.23975 -1.7459 1.14465 95
12.3364 4.76123 10.1724 -0.102211 0.709832 0.167923 96
-31.2379 -37.2844 -2.94641 0.361824 -0.987666 -0.0620782 97
-16.1992 -30.4562 21.5937 0.816843 -0.558152 0.19066 98
-16.4007 2.77148 -18.5645 -0.602155 -0.414918 -0.646096 99
-4.07716 2.03438 1.17394 1.1885 -3.73745 -1.04913 100
-1416.74 -4487.24 17.1931 -36.6109 -115.963 0.44434 101
-6.43318 -8.33594 2.58205 1.40136 -1.84451 0.591276 102
-1.65662 9.39859 -3.15702 -1.72977 0.68428 -0.554027 103
175.155 569.248 29.4286 4.24772 13.8327 0.715595 104
92.3985 -184.477 -192.615 2.29619 -4.54701 -4.76666 105
87.6862 -1913.04 419.461 2.42283 -52.8403 11.5882 106
-2.01142 1.22364 -2.7179 3.14512 -2.95959 -2.84948 107
-3.14798 -2.97702 -13.1484 0.205 -0.349826 -2.08954 108
2.92088 8.65109 -6.18379 -2.09767 0.947799 0.841554 109
-1.8517 0.0499472 -4.08048 0.198072 -4.10472 -0.344189 110
8.79076 6.26005 -3.50752 -1.45231 1.88893 0.184312 111
-25.8129 8.35886 -6.80813 -1.48819 0.110741 -0.385001 112
5.07859 -16.0425 -20.2931 1.16684 -0.295418 0.893681 113
-57.5639 -26.0205 16.8311 -0.603055 -1.03986 0.519439 114
-18.6486 -3.65865 -4.50536 -1.47161 -0.81808 -0.38776 115
-11.7166 9.68043 -11.3705 -1.13177 0.104591 -0.81656 116
-370.245 -501.857 -154.144 -10.0452 -13.6273 -4.18684 117
-3.67482 0.928303 -2.2476 -1.06744 -3.62405 -0.505089 118
-5.69802 2.57514 2.91339 -2.44525 -0.800578 1.31974 119
48.3513 45.5199 -9.03218 0.329339 1.04905 -0.129311 120
10.5212 -2.46084 -5.36371 1.11611 1.24702 -0.571067 121
5.85244 1.21734 5.4687 -0.960028 1.9031 1.6097 122
-8.92103 -8.74218 -12.9657 1.00397 -1.42221 0.61553 123
2.02148 6.93512 2.8831 -3.87308 0.352357 0.577052 124
-6.67514 9.18447 -2.12389 -2.05246 -0.708667 -0.224634 125
7.05008 -11.4597 6.26941 0.483211 0.829654 -0.259666 126
-76.116 -19.1255 3.49213 -1.17887 -0.799191 0.06807 127
18.3598 -3.53054 -1.76037 1.46942 0.296852 -0.131296 128
29.9338 2.83084 -15.5838 -0.226442 1.02203 0.193342 129
14.058 3.83702 0.458888 -0.767731 1.38814 0.0103452 130
402.486 -358.3 240.307 11.4142 -10.1517 6.81575 131
1.75617 -2.34799 0.0583689 2.85406 4.55198 0.113014 132
-12.1075 9.56773 15.9025 0.27747 -0.692281 -0.731774 133
-2.93366 1.16905 -4.22777 2.70975 -3.254 -1.69554 134
-6.13083 10.0814 -2.12787 -1.81503 -1.69282 -0.892502 135
5.13074 -1.84078 -1.94154 0.852508 3.99386 -0.582166 136
27.7085 8.25241 -57.0937 0.261787 0.180052 -0.617655 137
3.39381 -8.23206 -7.09695 1.70819 0.418449 -0.784843 138
-9.08539 -14.699 4.37125 0.910793 -0.185486 1.92823 139
3.41993 9.36891 -0.515389 -2.41596 1.72764 0.292087 140
-6.23342 0.667411 0.359915 -3.51978 -1.33047 0.165416 141
-10.5133 -4.24032 -16.1071 -0.550257 -0.675765 -1.27171 142
16.6444 9.64825 -0.0967908 -1.64583 1.04544 0.17581 143
-96.7549 -149.141 -84.7435 -2.19267 -3.43479 -1.94662 144
6.40401 -2.84106 2.6031 1.77728 1.91156 1.4915 145
-4.16823 0.438133 3.93865 0.488684 -3.74445 0.785301 146
43.634 67.4611 0.956868 0.822019 1.45973 0.0157397 147
-6.3404 -7.5323 -1.72083 1.72606 -0.352136 0.290698 148
69.7025 4.33533 1.33559 1.11942 0.749267 0.00380593 149
10.0563 -373.886 -411.149 0.268343 -9.88055 -10.8773 150
-7.20622 -4.8585 -2.23552 2.30956 -0.78453 0.781302 151
3.78968 -2.73969 -2.06786 1.84642 1.03176 -3.54162 152
-11.784 -3.56171 7.72515 0.597875 -1.92238 -0.197126 153
-6.01418 1.52989 1.53689 -0.440181 -1.83286 3.0033 154
3.76091 -0.915319 3.11023 0.762681 2.87316 0.805671 155
-3.93978 -5.1172 5.99611 2.03327 -1.75315 -0.313503 156
-8.05764 2.67293 1.06617 -1.62048 -1.88123 1.97168 157
4.43529 -3.58072 -0.838251 2.09326 3.03405 -0.67406 158
-7.9308 6.71065 0.189398 -2.21251 -2.27768 0.163983 159
4.61075 1.76813 1.33692 -4.28768 0.760542 -1.47096 160
-6.77351 -4.41464 7.1415 -0.110526 -1.30517 0.937554 161
-1.5038 -5.11671 -6.65511 3.11379 -0.883539 -0.232869 162
-1.4803 4.66909 -8.40846 0.30524 -1.81036 -1.63822 163
-5.59379 1.29414 -0.443922 -0.612233 -3.94476 -0.0736313 164
14.275 11.3897 23.9992 0.867184 1.00751 1.80563 165
-4.46342 -12.5181 2.36798 1.67325 -0.980967 -1.50335 166
-3.86781 13.5876 -1.40885 -0.624632 -1.5346 0.207584 167
-1.21903 1.21947 -0.177136 -4.76709 -7.75306 -0.576873 168
12.1293 5.16854 3.92701 -0.240335 1.90871 0.413784 169
6.1896 1.23456 7.80813 -0.417861 2.22436 -0.144182 170
8.96224 -13.9237 -2.94494 -0.547693 1.90089 0.381366 171
19.8593 -17.8261 -2.02164 0.769465 -0.200325 -0.0458042 172
14.3508 4.77396 9.74622 -0.628569 0.973036 -1.72299 173
-9.00406 5.04609 29.6337 -0.911331 -0.852089 -0.254849 174
-4.8154 9.46862 0.98188 -1.09353 -1.64409 -0.161374 175
5.14379 -5.05889 -4.66274 1.61066 0.469447 2.39291 176
272.074 -87.3641 -137.14 7.78244 -2.48226 -3.92673 177
-166.701 -276.7 10456.5 -4.47707 -7.43116 280.822 178
13.7175 13.6106 31.5352 -1.04507 0.0285468 0.665487 179
-6.26977 18.1756 4.83463 -0.61992 0.124183 0.130219 180
0.460311 5.94613 9.67434 -2.654 0.558405 -0.0414222 181
-238.874 705.839 234.432 -5.75663 16.9932 5.64659 182
13.6015 -12.0359 -29.8376 0.160953 0.132573 -0.0427815 183
-1201.74 432.593 18.4485 -33.2139 11.953 0.509698 184
-7.73964 -1.37636 -0.614842 0.857013 -2.53036 -1.69581 185
-5.79101 -5.23002 1.15843 2.18523 -2.14032 -0.254354 186
-2.13824 -2.96589 0.930477 4.81703 3.28804 -1.72712 187
5.87742 8.51616 -0.652207 -1.64925 1.65612 -1.59104 188
-537.65 -68.4556 -486.579 -13.4684 -1.7167 -12.1973 189
4.48905 1.42745 2.51691 -0.840095 3.55137 -0.692447 190
-3.74661 13.0278 -5.26689 -1.7312 -0.122597 -0.383282 191
3.7139 10.4705 -11.0216 -0.324611 1.16206 -1.21004 192
2.37187 -2.07593 -0.44953 4.85468 0.642413 -3.0455 193
3.97884 6.89629 -6.38626 -1.12344 1.34793 -1.61567 194
-8.32061 11.4448 1.51683 -1.87679 -1.12423 0.065037 195
-178.267 -336.779 355.71 -5.29246 -10.0082 10.5763 196
8.34679 -15.787 5.01257 1.22743 0.607792 0.0584587 197
2.9185 -7.16483 -3.40006 2.38693 0.434625 1.75164 198
1.52304 -9.31941 -0.0334399 2.72577 1.19462 0.49014 199
-3.15322 39.0433 -9.75786 -0.708528 -0.160926 0.0309959 200
-9.45126 -2.25619 3.11053 0.685628 -1.52042 -0.221201 201
-10.5075 -3.05691 -0.0991467 0.347163 -2.56919 0.754278 202
-6.55538 3.00739 23.8108 -0.0692661 -0.297276 -0.451473 203
1.64983 -5.71772 0.0040479 2.77884 1.15432 0.153555 204
2.94642 -2.04113 -0.216388 4.6189 1.43994 -0.647497 205
12.2211 3.97219 9.23802 -0.399162 0.677556 -0.159269 206
17.3486 -10.0388 51.0502 0.197571 0.447223 0.535608 207
-793.721 -6761.71 -403.973 -19.1835 -163.431 -9.76378 208
12.18 12.2254 29.3735 -1.06248 0.604327 0.244517 209
89.2158 239.578 -24.0814 2.52023 6.83467 -0.687106 210
-24.118 -25.2221 -32.1825 -0.942075 -1.2166 -1.44287 211
-28.3089 -1.0178 25.9097 0.00346184 -1.0369 0.133813 212
-58.4986 32.0277 5.35294 -1.05797 0.00937758 0.105877 213
-6.25296 -18.0102 2.74117 0.193117 -1.4292 0.21882 214
47.0603 -9.66163 59.0254 0.492686 0.133292 1.28973 215
10.6229 -4.37503 -21.1691 0.377674 0.331474 -0.563177 216
1.55019 10.4603 -1.04341 -1.99685 1.79542 1.53725 217
23.2271 37.7722 -113.493 0.553947 0.971444 -2.97735 218
14.055 1.80054 -0.29955 0.121887 2.26359 0.287392 219
-1.95968 16.6722 -2.19568 -1.22177 0.21169 -0.0575614 220
-7.07755 -4.14311 1.41196 1.94891 -0.894718 -0.256035 221
8.95985 -3.77969 0.157152 -0.18232 3.38142 -0.0481784 222
-7.26436 4.07936 17.6177 -0.109879 -0.426169 -0.39631 223
488.955 78.1317 435.184 13.0306 2.08617 11.6053 224
45.3182 -35.2961 -6.5586 0.998372 0.117164 -0.151348 225
9.28026 8.37708 3.77398 -1.09163 1.25585 -0.0145091 226
-10.0717 1.5163 1.39709 -0.261239 -1.66543 -0.00808786 227
-24.179 -0.771193 9.80859 -1.17655 -0.388863 0.518369 228
-104.586 85.9912 9.7121 -2.87802 2.32408 0.259835 229
1237.37 -352.72 -79.3476 32.0957 -9.1462 -2.05866 230
267.378 -4316.42 1008.57 6.45466 -104.198 24.3477 231
-9.51169 60.2374 88.6187 -0.255579 1.26459 1.90594 232
6.26972 -1.65456 -0.332784 2.23609 1.61291 2.93272 233
22.6375 -26.3021 27.7883 0.507392 0.439126 0.128973 234
-6.57359 -8.74408 -12.102 0.592585 -1.43875 1.29932 235
2.48074 -2.15464 7.59963 -0.21099 1.54601 1.57973 236
-13.6299 -4.2753 -16.1943 -2.09504 -0.963265 -2.75669 237
-6.1305 7.07808 6.78911 -0.486824 -1.45273 -0.757073 238
2.80701 -5.04235 0.766065 4.08968 1.05473 -0.166145 239
-6.91575 2.32311 1.37302 -0.505614 -2.77037 1.81069 240
-3.53976 -7.55548 3.72509 2.68061 -1.34646 -0.426587 241
-3.25559 4.09508 15.9305 -0.6638 -0.336205 -0.891224 242
14.1933 20.8779 -21.6634 0.507331 1.20665 -1.18279 243
1.85925 3.67017 -3.30136 -2.9631 1.63387 0.343561 244
-10.3476 -3.58952 -1.21886 2.15163 -0.950354 0.238347 245
-142.663 -702.19 -107.08 -3.80022 -18.7357 -2.85821 246
-12.5786 1.01477 -5.79431 0.200886 -1.92102 0.69168 247
7.82141 6.37394 -0.544433 -1.68643 1.55836 -1.6993 248
-0.798865 7.73793 7.82728 -2.57968 1.19479 -1.03502 249
-3.06771 -1.49612 -4.71108 1.14985 -2.17897 -0.330933 250
-47.0612 5.35401 8.93755 -0.56932 -0.835859 0.195804 251
2.37626 5.69893 1.3096 -3.07636 -1.16559 -1.09627 252
95.7797 139.249 232.001 2.30663 3.37791 5.63717 253
5.82486 11.9205 10.8586 -1.24477 -0.873884 1.52126 254
-5.62205 3.82187 5.81891 -1.41009 -0.87707 1.20825 255
-0.214747 -1.7746 0.861166 5.05928 -4.10037 -3.28868 256
-8.90949 -5.52694 7.10538 0.860536 -0.573345 -0.412126 257
-376.819 131.968 222.319 -8.88257 3.10071 5.24297 258
-5.20604 7.61664 -7.50223 -1.43408 -0.934232 1.32828 259
-5.09694 1.12292 -0.258703 -2.44453 -3.42756 0.905003 260
-3.93471 1.10352 -4.92094 -1.08076 -1.13005 -2.8261 261
-6.78681 -4.09808 6.58105 1.19084 -1.82292 -0.136599 262
-0.958019 -31.0658 21.5095 1.01203 -0.0598517 0.0392302 263
-3481.07 -708.974 71.789 -82.0508 -16.7122 1.69171 264
4.61816 -2.25019 -1.20633 0.338528 4.41554 -1.16019 265
-3859.18 -313.33 -342.381 -97.3277 -7.90094 -8.63493 266
-58.1167 27.9122 -24.0518 -1.05749 -0.0637622 -0.46985 267
-77.769 -2.02676 -48.2639 -1.3397 -0.10278 -0.840163 268
-14.9797 -6.40457 6.70502 1.79442 0.247694 -0.779756 269
111.377 993.318 -63.5019 3.13031 27.9449 -1.7872 270
-5.00629 -6.19079 7.40559 0.486744 -0.920877 0.520074 271
9.22276 -43.6051 49.307 0.378743 -0.232588 1.00971 272
238.605 64.7328 -86.0389 6.06222 1.6677 -2.19094 273
6.13187 0.731458 -1.70765 -1.56986 3.41841 -1.20814 274
-6.30568 -4.14633 1.86305 0.30946 -2.08745 2.49958 275
-11.7458 -1.67711 -3.26836 -1.25296 -1.34952 -0.558787 276
1.05752 3.50747 0.00701132 -5.14494 0.546652 0.400895 277
-3.80067 5.74358 -7.74902 -1.3147 -1.14457 -1.44371 278
1.10356 -4.58942 5.4236 2.25142 -2.3912 -1.75584 279
-4.89493 -17.1796 -0.317048 2.00318 -0.517873 -0.463952 280
1.24651 -1.4987 0.861466 2.99759 7.343 1.69565 281
-6.9621 10.924 5.4054 -1.78252 -1.14966 -0.102437 282
-0.726581 -2.38216 8.60238 2.12725 -0.61244 -0.12184 283
1.71617 4.13603 -0.157003 -3.90797 1.80204 0.262483 284
-14.4776 13.3509 -5.45631 -0.792019 -0.154918 -0.171501 285
-0.0138537 3.4232 0.0436758 -2.91358 1.15507 3.94477 286
8.71329 -10.7279 -4.28052 0.0024849 1.26531 0.353566 287
-36.0856 -53.7335 18.0273 0.0144732 -1.2284 0.545604 288
517.952 -103.621 -324.479 12.9621 -2.5889 -8.12279 289
-2.35144 1.32923 0.169241 -6.07235 -2.81076 -1.04122 290
41.7086 321.434 -79.0123 1.02345 8.01652 -1.97227 291
45.1406 7.22712 0.539485 2.64786 0.605859 0.0359763 292
-3.24092 -19.218 6.18759 0.482575 -0.913676 0.302864 293
8.21803 0.502835 -7.39838 0.253965 1.5949 -1.75308 294
407.996 696.559 148.126 9.74548 16.6485 3.54101 295
-12.9769 -8.89311 7.83099 0.503441 -0.420727 -0.100569 296
-7.68957 -8.87646 5.01131 1.13798 -0.725836 -0.150242 297
-3.55364 -6.49648 0.742935 2.94503 -1.37663 0.734964 298
6.6482 9.15186 -6.54505 -1.59885 1.87542 0.862631 299
-4.45511 -2.30156 4.81028 0.0259968 -2.64254 -1.65461 300
-2.74098 2.37999 1.35468 -1.407 -3.24895 -1.2994 301
-18.1876 25.224 5.58176 -0.219107 -0.173047 -0.0143095 302
3.42985 14.6881 4.44439 -1.32226 -0.111697 -0.198842 303
-52.7631 -30.4847 38.2995 -0.514708 -0.77448 0.690563 304
-39.6879 -15.1249 17.3267 0.0296912 -0.934371 0.227671 305
68.2524 -31.3058 -4.31283 1.329 -0.0623923 -0.110736 306
-4.31641 -2.6916 -5.23187 1.42107 -3.39298 0.358402 307
-6.26577 9.78578 -0.539679 -2.75741 -0.663231 0.328827 308
-1.39393 1.32213 -1.81036 -6.58848 -0.41967 2.28566 309
2.20763 -2.01953 -3.40419 2.05272 0.692382 2.76125 310
4.2429 -3.76184 3.47965 2.24373 0.931989 2.01247 311
4.15089 5.7817 -5.68047 -2.1036 1.54597 -0.00787537 312
-31.1408 -7.82754 -15.8864 0.418085 -0.805419 0.138962 313
-3.45297 3.94877 -1.78042 -3.58314 0.845802 -1.55455 314
-2.41668 -7.79006 14.6765 0.474333 -0.432229 0.653471 315
2720.23 -96.1548 447.336 68.6897 -2.42781 11.2947 316
-16.3993 -1.94691 0.811859 0.695284 -1.33613 1.6848 317
4.41385 3.85506 -1.6234 -0.126671 2.42682 2.86213 318
-2.13289 -6.26851 0.0884065 2.44943 0.107227 -0.121222 319
5.80754 -28.5237 -0.00885978 0.15117 0.855781 0.00339814 320
-3.60765 -9.31894 -0.549592 2.53425 -1.03062 0.0777965 321
-7.67367 -1.27929 0.831082 -0.178455 -2.06539 0.116852 322
-15.3349 -36.99 44.7235 -0.516589 -1.56638 1.89704 323
27.4963 -18.4165 -5.14204 0.145162 0.227795 0.0175513 324
8.53173 -2.66262 6.03654 0.619295 1.92842 0.100825 325
-10.8254 8.19235 -4.90216 -0.484515 -1.4855 0.278016 326
-0.484772 -8.69151 -25.1343 0.460282 -1.16242 0.778339 327
-49.4766 -33.7196 -48.8236 -0.446838 -0.728257 -1.13353 328
-15.905 2.73439 0.907757 0.123225 -0.788872 -0.0577666 329
0.300691 -3.77441 1.91779 3.04993 -0.972015 1.58699 330
6.51278 -0.568288 -7.13252 0.195892 1.72157 -0.985052 331
-6.98122 -0.539675 7.16038 0.359426 -2.22808 0.558328 332
-44.7938 26.579 40.1205 -1.67757 0.864625 1.46693 333
52.6047 24.0048 -13.6946 0.405629 1.0061 -0.417696 334
-52.5973 -35.8495 -0.962335 -0.391208 -0.948656 -0.0216865 335
7.36703 -1.03715 3.96232 -0.192776 2.27586 -0.698033 336
-13.3341 -7.46656 0.817043 0.972114 -1.62193 0.0218247 337
7.44315 -3.94725 4.94413 -0.30498 1.69016 -0.905143 338
-6.97793 0.393733 9.83705 -0.255572 -0.889446 0.546801 339
-4.24727 12.8773 -4.77616 -1.96398 -0.18817 -1.1258 340
-16.0953 -21.4551 43.1799 0.550116 -0.0225906 0.876902 341
-5.15809 -3.7841 11.009 2.23949 -0.0320131 0.940057 342
-2.85922 -7.1033 1.55404 1.87207 -1.27646 -2.29381 343
2.86913 -29.6282 14.8462 0.929795 0.343064 -0.257528 344
-41.5242 18.3916 -6.0933 -0.343851 -0.0324384 -0.0511113 345
8.87364 1.6336 -3.66973 -0.30416 1.46455 0.0329091 346
-12.2401 -3.12388 4.42402 -0.622999 -1.31144 0.395048 347
-7.74687 0.711233 3.06779 -0.383451 -2.43982 0.523001 348
79.3869 66.0272 22.4959 1.79753 1.58824 0.524231 349
-3.14953 0.258508 0.0425618 -2.22764 -6.01028 0.331099 350
-0.645146 5.35832 0.118755 -3.89972 0.502266 -0.0818096 351
1149.29 -180.382 -88.2398 30.471 -4.77899 -2.34032 352
3.1886 -14.683 -0.243609 2.2647 0.371314 0.114307 353
-3.99234 1.78799 -0.101492 0.75349 -5.08747 0.876353 354
12.345 -4.98857 -10.8937 0.662278 1.3905 -0.799772 355
-3.4426 4.3719 -6.24695 -1.40879 -1.25027 0.790204 356
-4.92051 3.8243 -0.874862 -1.74768 -2.67533 0.149924 357
0.400023 9.84206 -0.100082 -1.26137 -1.88642 -0.0287672 358
-7.31781 11.8151 -4.06396 -1.4952 -1.22844 0.38485 359
-1.17132 -1.86046 -0.467852 4.22478 -4.46052 2.03612 360
-7.82122 -6.11184 1.99289 1.07222 -2.28937 0.591667 361
382.047 -1725.95 -326.499 9.53488 -43.0654 -8.14778 362
0.535749 -3.80894 0.161053 2.8585 4.9449 -0.11921 363
1.25729 3.1247 17.8544 -0.853271 -0.149148 0.548367 364
10.6155 16.5946 -2.36679 -0.761419 -0.0334606 0.0498425 365
-20.8591 -15.318 53.6291 0.267103 0.0299005 0.969955 366
59.732 -60.9777 15.7308 1.32397 -1.2208 0.333453 367
-2.47257 5.00712 -0.661266 -2.45787 -2.18613 -2.22738 368
0.654526 6.06219 2.93706 -3.12634 -1.30072 1.67718 369
-12.2823 -21.487 2.92427 0.50525 0.0454163 -0.0208921 370
345.407 -315.782 277.856 8.15893 -7.44903 6.56388 371
9.70433 10.3442 -0.239556 -2.2028 0.518415 -0.00327425 372
-1.08954 -2.24551 -3.70633 2.38756 -1.63625 1.31823 373
12.8269 -50.5049 -15.6979 0.787009 -0.342068 -0.265173 374
-0.490361 -6.75153 -9.8012 1.39577 -0.0699137 0.737721 375
-4.91051 13.3241 11.6462 -1.45729 -1.13828 0.666081 376
2.39374 -5.26648 0.480254 3.31137 -0.856011 2.49491 377
39.8202 -14.8383 65.73 0.637118 -0.145039 1.04219 378
-9.19164 12.4175 -7.83796 -1.19894 -0.00472419 -0.531963 379
-6.75243 -2.70646 -0.626003 3.13086 -0.535086 0.29189 380
3099.02 -4923.17 4823.48 81.5943 -129.624 126.999 381
-3315.89 -789.696 1202.44 -90.0112 -21.4367 32.6415 382
7.47413 3.17434 1.92983 -2.32909 1.30819 -0.85187 383
30.2564 -16.4958 21.5498 0.321304 0.747711 0.0956433 384
-1.46508 -3.13859 2.00471 0.682699 -3.49867 4.08118 385
-166.388 18.22 -171.755 -4.43196 0.466584 -4.58901 386
10.653 -5.07214 1.47644 1.65809 0.817007 0.271289 387
3.16502 -2.41542 -7.09749 2.01906 0.65036 1.38945 388
28.8925 2.21999 -17.7453 0.0301627 0.266035 -0.0200968 389
12.4934 134.632 -357.377 0.304747 3.30057 -8.73336 390
57.8796 10.1967 49.7121 0.755034 0.463377 0.866145 391
4.34127 -10.0445 0.560803 2.23456 1.09109 -0.0278105 392
-0.412456 -2.18134 0.211927 6.50843 -1.53419 -0.494203 393
1.0483 -3.98729 3.92406 2.92097 0.373996 -1.51763 394
-5.01477 10.4363 -6.92819 -1.8899 -1.17534 -0.557179 395
8.42153 5.62773 -3.29397 -1.1829 1.6793 0.0753491 396
1.86059 2.94938 1.07042 -5.35499 1.67168 0.776268 397
-8.07543 21.6533 -34.8364 -0.220878 0.0815573 -0.233641 398
-4.2087 -11.3936 -2.40664 1.45009 -0.366937 0.114607 399
3.38393 -1.37714 -1.39616 -0.347726 3.30496 3.33075 400
29.5676 32.7073 -15.6411 -0.419671 0.923754 -0.231985 401
-4481.71 -226.328 42.2815 -123.756 -6.25027 1.16705 402
-0.363375 -1.48383 -0.588124 8.66081 -0.455467 -1.07821 403
6.01186 -3.80299 -3.4165 1.73785 1.04319 -0.794488 404
-1.97794 -13.2873 -1.51495 2.32468 -0.640722 0.579742 405
-3935.24 583.973 -248.99 -114.737 17.0254 -7.2593 406
-0.76115 7.82074 -5.49332 -1.7198 0.543492 -1.06221 407
1.7725 -4.25044 -1.25973 3.48813 0.370995 -1.7577 408
-2.97492 -2.53415 -0.133997 1.60063 -3.37812 2.66753 409
2.19088 -10.8814 -9.6125 1.63922 0.219605 -0.178624 410
33.7321 -23.0333 3.24683 1.39015 -0.683136 0.133918 411
-1.88442 -8.51562 3.95487 1.98865 -1.10414 -1.68449 412
31.3627 -22.2864 25.0431 0.113695 0.0964473 0.0225269 413
0.219976 -3.66224 0.601273 4.71115 -0.920186 -1.42107 414
-16.0967 1.77507 -3.18818 0.794871 -0.748801 0.163769 415
3.44451 0.940631 0.190939 -1.05183 5.24639 0.153282 416
9.2995 -11.4725 34.1648 0.526026 0.866214 0.137818 417
-33.1476 55.8746 2.89317 -1.1101 0.512944 0.0466307 418
-5.45669 41.0869 5.32921 -0.903271 0.0324475 -0.00760789 419
4.52164 -26.4159 -31.0703 0.858855 0.144964 -0.110309 420
-5.66656 -3.9668 -14.1817 0.711307 -0.120146 1.65753 421
281.969 879.663 -151.607 7.22881 22.5665 -3.89011 422
-2.80772 -2.77768 0.768699 3.04568 -2.87704 1.72535 423
-2.86427 -7.29096 1.77914 2.13319 -0.67362 -0.00966732 424
5.82761 0.686181 9.1742 0.367984 0.926129 1.4369 425
336.144 5494.36 487.064 9.10937 148.9 13.1997 426
-1.83909 65.8514 10.1601 -0.741023 1.02808 0.262723 427
-1.15143 -12.0619 0.040429 2.58154 -0.205811 0.100887 428
4.2816 2.18117 5.61128 -1.47788 0.797099 -2.05749 429
99.9115 -278.274 164.666 3.41022 -9.45804 5.60525 430
-18.9098 91.7785 -61.0648 -0.473868 1.9944 -1.3438 431
8.67684 8.61121 -3.63623 -1.46279 -0.00193553 0.384663 432
16.4769 75.7498 22.1929 0.216633 1.4586 0.425159 433
17.391 -5.45817 -0.505972 1.53659 0.265808 -0.058625 434
5.41717 12.9528 -1.48597 -1.00903 0.347792 -0.0501086 435
-0.0854993 -6.60781 -4.21151 2.24292 0.253339 1.02187 436
-5.27171 -3.54922 1.42217 3.75216 -0.170631 -1.591 437
-7.05139 4.67937 -8.54487 -0.603616 -2.74324 -0.587955 438
-1.50786 -8.59506 -4.61075 2.55264 -0.236989 -0.46713 439
500.262 -165.496 -197.185 13.319 -4.39807 -5.25203 440
228.355 325.57 10.3755 5.65821 8.09052 0.25864 441
-1.97961 14.0825 -4.43809 -2.03841 -0.0937595 -0.405302 442
-2.22222 7.44331 -3.16089 -1.50962 -1.66206 0.889928 443
-2.51778 -8.5866 8.94221 2.71256 -0.209017 0.373761 444
-2.19646 -5.27077 -1.00557 2.97651 -3.29693 0.974467 445
12.6091 8.59017 14.7121 -0.68726 0.922094 -1.34867 446
-4.22291 0.336245 -0.996985 -0.436554 -3.46234 2.34025 447
6.06464 -0.134119 -6.6465 -0.0784846 1.90335 -0.632142 448
50.4259 -19.8774 14.5673 0.795478 0.383619 0.211149 449
10.4055 1.58713 0.492938 -0.361788 2.64732 0.0512909 450
-4.96056 -4.72403 -4.51909 2.21105 0.475506 1.66413 451
-35.37 -43.8191 -6.45564 0.054102 -0.669141 -0.0701374 452
-40.8862 -67.7842 -29.2616 -1.46275 -2.59277 -1.11496 453
110.441 -32.1621 37.6302 2.3947 -0.637683 0.813904 454
5.9119 9.46287 8.99965 -0.920215 -0.242896 -0.635461 455
1.45579 -9.85819 2.87009 3.03374 -0.608736 -0.676482 456
-6.0251 -35.5402 -32.1039 0.67483 -0.233007 -0.359195 457
-38.7473 -54.1993 -24.4496 -0.143735 -1.15996 -0.516585 458
3.88614 3.31892 -14.5728 -0.424686 0.558825 -0.230925 459
-241.243 -765.544 243.194 -5.85857 -18.6069 5.91249 460
4148.54 644.112 -205.999 102.673 15.9419 -5.09892 461
2.13481 -4.07357 -3.22859 3.40807 2.19744 -0.377414 462
-3.80647 9.38393 -7.06724 -1.00705 0.396174 2.0855 463
-10.7858 8.64335 7.02315 -1.01381 -1.20065 -1.37817 464
-0.029613 3.95904 0.425573 -3.66478 -2.70427 2.57821 465
-8.32858 -1.48531 -0.246771 -0.906788 -2.03388 -0.0968349 466
-0.261749 -21.2606 2.37254 0.431302 -1.33761 0.159364 467
-3.41638 -1.24097 -10.1119 0.122597 -1.38639 0.556035 468
-22.0582 3.3937 2.24385 -0.76285 -0.351089 0.0861738 469
45.0123 -348.165 196.358 1.15621 -8.85316 4.9984 470
-9.79929 -6.1093 -7.77763 1.1663 -0.235059 0.729538 471
-12.4822 9.74053 -2.70524 -1.83174 -0.6873 -0.46387 472
5.03166 -5.20859 0.794052 1.78425 1.94302 -0.0406573 473
4.19398 5.72608 -7.31793 -1.46156 0.680297 -1.7004 474
479.074 -1671.01 642.973 12.3171 -42.9579 16.5309 475
-1.72472 1.91716 -2.12368 -4.0929 -3.65031 -0.131203 476
-4673.88 8478.55 -498.618 -126.186 228.905 -13.4617 477
3.90297 0.0852248 -1.03015 -2.05243 4.16043 -2.07402 478
381.659 123.338 -40.5013 9.83805 3.19327 -1.04559 479
43.1282 -32.0752 -11.247 1.03405 0.235641 -0.272783 480
1.1002 -3.15107 -0.898082 4.30051 -2.89385 -2.64469 481
0.151466 6.28755 3.06312 -2.76063 -1.55753 1.87115 482
-20.5164 0.678837 11.692 0.373965 -1.21469 -0.927925 483
-7.01267 1.96157 -2.98235 -0.44525 -3.21623 -0.609389 484
9.10058 -0.656433 -5.01745 0.312725 2.08767 -0.66575 485
-18.8349 24.2538 -54.6797 -0.413801 -0.152477 -0.822782 486
3.65817 4.68941 -0.82105 -3.70833 -2.64073 0.729506 487
65.2449 -3.79588 -26.1841 0.978936 0.481674 -0.647818 488
-4.48704 4.99185 4.84251 -2.26231 -1.77801 -0.407028 489
58.381 4.17367 55.4681 1.8696 0.218375 1.81306 490
7.1099 12.8284 6.36656 -1.5325 0.976512 0.538423 491
3.95615 -4.73253 0.0520576 2.70387 2.45755 0.110973 492
-2.73986 -2.1941 -2.81399 1.9204 -1.97045 0.345275 493
3.50284 3.40065 -9.36971 -0.458584 0.776711 -0.643757 494
-9.16059 26.4725 -4.94289 -1.40885 -0.526591 -0.0356946 495
2.08651 8.60804 -5.40311 -2.579 0.121916 -0.892574 496
3.1858 -9.4161 -5.15004 1.36327 1.07981 0.537276 497
3.54386 7.82839 12.3597 -0.757353 0.278359 -0.194331 498
3.56101 -4.93863 -4.35035 0.820413 1.49042 -2.45108 499
-142.952 290.403 158.601 -3.81324 7.76537 4.24354 500
1064.03 -5.672 173.413 26.159 -0.135524 4.26414 501
16.2684 6.44989 -13.6269 0.384499 0.619859 -0.496152 502
-6.06994 12.1512 -2.17189 -1.33481 -1.79954 0.597626 503
-0.154651 -0.773365 -13.5301 0.836448 -0.671822 0.108091 504
4.48012 4.2417 -1.25205 -0.107435 1.69724 3.19566 505
47.7618 26.5028 33.6693 0.280031 0.746761 0.747102 506
-7.26793 -8.67931 1.5889 2.48661 1.15471 -0.430235 507
4.15221 -4.0666 -1.29587 3.19812 0.949816 -1.88767 508
-1.97139 9.37039 0.380171 -2.88509 -0.65021 -0.0564621 509
6.23153 -6.75021 -2.51488 1.40475 1.74383 1.30819 510
1.08058 5.06351 2.27314 -3.06237 0.773419 1.30841 511
9.21683 134.57 -262.997 0.218374 3.2021 -6.29998 512
16.2297 -15.7714 -29.7587 0.613389 0.892002 -0.286797 513
-4.15206 -0.141187 -0.407923 -1.7211 -5.06132 0.422889 514
-20.8852 -9.30259 -1.91533 1.22843 -1.09152 0.221131 515
1.24975 -2.24637 -0.210152 5.07499 -1.38091 3.9283 516
15.3999 0.534843 15.4171 -0.735419 0.88077 -1.20509 517
503.283 146.598 86.4348 12.8459 3.75152 2.2075 518
-58.9457 -23.1653 10.1573 -0.601736 -0.819549 0.13748 519
-2.92831 -2.16756 0.901405 0.915017 -5.39312 -1.77512 520
-13181.1 -297.367 185.249 -331.57 -7.48028 4.65974 521
-2.43931 18.1568 -1.54355 -0.776018 1.46172 -0.104203 522
45.9335 63.346 -61.3813 0.904808 1.36755 -1.30758 523
1.24887 3.22191 -17.9274 -0.567294 0.189957 -0.130519 524
0.854353 10.3553 -0.729675 -2.69313 -0.564252 0.395802 525
4.87134 -6.30335 -5.4402 2.15015 2.26213 -0.41864 526
-2.61276 -0.518934 1.5559 0.267549 -4.55801 -2.15106 527
0.278351 4.94081 -1.86588 -3.49278 0.152841 -0.547553 528
5.56526 4.0798 0.941598 -0.992176 2.02294 0.139912 529
-4.01849 -0.54605 -12.162 0.602945 -1.02315 -0.838268 530
1.47995 -3.72939 -2.10478 2.12587 0.62659 -3.2958 531
-593.807 284.295 -431.514 -14.666 7.01822 -10.66 532
2.64859 -18.1112 18.0998 1.20246 -0.542847 -0.883305 533
1.88958 -4.97561 -7.46213 2.12184 -0.213393 1.36038 534
-0.219931 5.06864 0.639684 -2.36884 -3.82315 -0.573361 535
67.2804 -31.1344 55.9413 1.15643 -0.477979 0.942788 536
24.5607 7.23743 8.43199 -0.735282 1.13284 -0.332862 537
-9.82872 -5.4805 6.13672 -0.907684 -1.16704 -2.15701 538
7.58201 -11.2613 12.5109 0.880751 0.792881 -0.427222 539
7.17252 12.2181 4.67663 -1.6531 1.16832 0.492137 540
-7.57185 3.80746 -6.32642 -3.30346 0.870712 -2.82969 541
-5.91474 2.22353 -0.538736 0.0796628 -3.71176 -0.981788 542
10.6812 1.64522 -2.43827 0.771438 2.17197 -0.547462 543
31.2644 -51.7883 -30.9263 0.888169 -0.410283 -0.757802 544
-3.82571 5.68037 0.296466 -1.88445 -2.92359 1.41586 545
490.841 -1576.63 547.863 12.1826 -39.1274 13.5986 546
3.54332 1.86891 5.35074 0.171309 1.32946 3.23187 547
16.1577 -637.018 286.967 0.473703 -18.468 8.32278 548
8.16042 1.43136 13.0615 -0.493711 1.82435 0.135143 549
-10.0407 60.3105 9.07705 -0.418597 1.74047 0.278553 550
3.20634 -0.386559 2.23955 2.31018 4.72119 -1.06497 551
-5.58771 9.53847 11.107 -1.00445 -0.0606434 1.88748 552
-40.9781 -19.4788 25.1402 -0.0803107 -0.885085 0.349929 553
4.33411 0.138079 -4.9888 -0.087854 2.69688 0.181007 554
447.916 -869.117 -462.881 11.7363 -22.7665 -12.1286 555
-9.62987 16.1343 -4.54771 -1.15177 -1.35621 0.828321 556
2.63797 -3.25611 -2.99164 1.57789 1.58015 -2.83261 557
-4.14742 -3.94817 14.2671 0.473657 -0.756967 -1.05803 558
-7.02383 8.31273 2.33031 -0.955958 -0.770597 2.32971 559
6.35803 -38.665 8.48781 0.915368 0.0744681 0.00812975 560
-1368.97 1017.42 -410.91 -33.2617 24.7177 -9.98483 561
246.161 45.4425 -8275.31 6.21009 1.14649 -208.759 562
4.07941 -2.90184 0.226024 3.77055 1.2825 -2.52003 563
-5.05428 1.47594 -4.6339 -1.28738 -2.37191 1.50014 564
-391.269 -100.074 115.458 -9.55459 -2.45634 2.82233 565
-0.35484 -1.33123 -0.542654 1.79784 -8.86905 -5.90279 566
3.92727 3.41154 -6.46912 -0.846494 1.0515 -0.0958338 567
-7.24889 -9.20409 2.49734 2.08553 -1.53972 0.649753 568
36.7672 -11.3164 22.1583 1.16018 -0.15378 0.69709 569
-0.479764 -9.03685 -3.81451 1.71947 0.26145 2.06012 570
-8.643 21.9053 -9.439 -1.1896 -0.708728 0.630661 571
-1.16625 -329.389 208.098 -0.0188161 -8.55229 5.40875 572
-0.806175 -5.45477 -5.29472 1.46478 1.86194 2.99844 573
-26.0684 6.86383 -23.5156 -0.221403 -1.03009 0.0321909 574
2.94748 1.92208 -9.49606 -0.442858 1.13863 0.772379 575
2.4166 -5.54662 1.30323 2.11318 -1.34023 -3.13236 576
361.337 152.313 -224.579 9.56249 4.04146 -5.9507 577
2719.59 204.149 1193.85 66.0422 4.9574 28.99 578
39.4325 57.0877 13.881 0.155765 1.22035 0.306555 579
15.8806 4.67235 -21.7912 -0.329662 0.216959 0.375181 580
-39.9327 36.9355 -43.154 -0.583249 0.141099 -1.20391 581
6.41049 -2.00004 8.96556 1.06062 0.633286 1.81845 582
-1.32217 4.47745 -1.88676 -3.07319 2.34323 -2.85166 583
-3.57806 5.00723 -9.86118 -1.15968 -1.02643 -0.985738 584
-1.9141 -2.09203 -2.31962 4.63397 -3.54984 -0.30509 585
7.02218 -3.03761 0.787091 1.0616 2.9185 0.928487 586
-16.6385 37.1113 -38.3192 -0.617323 0.0731498 -0.425859 587
4.40696 -0.875385 8.92388 0.334874 0.766707 -2.09445 588
18.8106 23.6524 0.385706 -1.10876 0.768169 -0.0216896 589
-10.689 14.3313 1.18778 -0.545797 -2.00112 -0.0342058 590
-5.16759 3.67511 7.19278 0.505373 -2.04934 1.73769 591
-9.85941 -3.30124 3.33585 -0.239589 -1.21732 0.209981 592
-30.046 22.4005 -17.132 -0.652326 -0.671256 -0.105155 593
4.02323 3.70663 0.317889 -3.43496 1.90809 -0.258912 594
1.35816 2.09426 0.484743 -4.97861 3.19726 -0.425674 595
-4.34991 2.31437 14.5147 -0.182589 -1.4758 0.422167 596
-1.44662 6.62432 -9.73072 -1.36045 -0.417074 -1.06499 597
5.5823 -0.831355 -4.97743 1.05121 3.26722 0.140798 598
1.66203 1.79925 -3.21709 -2.64703 2.31749 -0.265251 599
-4670.22 4597.65 -4479.45 -129.063 127.055 -123.793 600
2.00225 -2.49323 0.179799 5.55594 0.242306 1.90921 601
-1.06731 -9.27787 -4.64526 2.35334 -0.335246 1.03171 602
2.66699 -6.02377 -7.04395 2.27812 1.75023 -0.475778 603
10.7573 -1.55082 -4.67287 0.30911 2.58042 -0.165276 604
0.68675 0.208009 0.0168843 -12.3285 6.92235 -4.10936 605
1061.29 909.776 -2.38406 25.381 21.7613 -0.0569743 606
5.52914 -7.1746 -4.25314 2.29399 2.00053 -0.371259 607
3.91193 -13.6192 -6.4246 1.8432 -0.104942 -0.946422 608
1338.94 -777.799 -198.318 34.7307 -20.1727 -5.14463 609
2944.4 640.748 261.239 73.4441 15.9836 6.51577 610
-15.9616 0.392469 3.12276 0.700735 -0.594374 2.0995 611
-353.691 -321.302 80.4666 -9.17814 -8.35154 2.09153 612
-65.139 311.04 4.76146 -1.71627 8.10687 0.123988 613
-10.8268 0.901671 1.53663 1.39502 -1.86239 -0.46486 614
-1.91045 0.967301 -12.8513 0.3393 -1.23168 -0.506407 615
9.25669 0.974045 8.16905 -2.09812 1.33092 1.33775 616
20.2685 138.562 -20.5027 0.481741 3.64213 -0.539612 617
7.41138 -3.69253 8.14885 -0.0747987 1.32008 -1.07447 618
-35.0935 -23.9208 -15.5279 0.274819 -0.8813 -0.188424 619
-6.18012 -3.28479 1.50083 1.62271 -3.15663 -0.298961 620
1.57434 1.55139 -0.632368 -1.41087 7.12882 2.73938 621
9.47097 2.88314 -5.24653 -0.72825 2.04797 0.921081 622
-39.873 38.7873 -52.5795 -0.636603 0.509526 -0.77804 623
-3.53477 5.00524 -0.797637 -2.98562 -1.63229 -0.803613 624
-568.021 -1808.57 -56.6726 -13.9852 -44.5365 -1.39567 625
-10.0681 2.99521 2.714 -0.791936 -2.4376 0.151925 626
-7.04702 7.65457 -1.45771 -2.83518 -0.108109 -1.3142 627
1.80419 3.40949 -1.53191 -3.73484 3.53027 0.542395 628
30.8084 14.9575 -14.2607 0.619248 0.558041 -0.355678 629
-4.96623 -11.1385 -6.18513 1.98888 -0.820465 0.315415 630
-4.74615 4.24149 -3.53302 0.124878 -2.48989 2.1364 631
374.351 -141.096 -200.219 9.17372 -3.44954 -4.90573 632
-2.94624 -6.64214 1.1921 3.8135 -0.0767124 0.737204 633
921.392 215.483 12.0064 23.0926 5.40534 0.300973 634
-9.90426 -3.9591 -1.37366 0.787568 -2.25774 1.31548 635
-5.06888 -1.70512 2.12203 -2.06536 -2.69603 1.71261 636
-1.7102 7.94115 -2.61931 -1.73992 0.0928748 -0.220114 637
-9.06423 -9.51765 -7.19361 1.38038 -0.989251 -1.24021 638
-4.98808 203.788 -11.353 -0.173275 5.79145 -0.322755 639
3.70925 1.73319 -2.19006 -2.60925 2.39592 -2.04768 640
7.03657 -2.17372 4.9887 1.66743 2.80261 -0.653172 641
-10.1041 55.0843 -1.33824 -0.800983 0.532445 -0.0380287 642
2.57381 8.13512 3.64086 -2.2854 1.39021 -1.23973 643
2.71496 -4.13919 0.587609 4.90889 -4.86973 0.982156 644
-19.4848 -12.1119 36.0747 0.410076 -0.522981 0.0195521 645
-7.33548 -1.27771 4.56809 0.503205 -1.79479 -0.266795 646
-10.9263 0.97391 0.0339315 -0.149814 -1.37732 -2.27228 647
-15.6337 -16.9334 29.0407 0.996817 -0.504975 0.485682 648
-123.937 -77.8926 24.7503 -3.16851 -2.04714 0.638475 649
-43.0497 13.0628 -39.7564 -0.48773 -0.361411 -0.637412 650
-7.57227 -10.3781 -6.22918 0.808587 -0.709136 -2.04782 651
-55.797 -25.6524 18.9528 -0.523119 -0.811257 0.274954 652
473.596 -1486.8 141.336 12.2067 -38.3128 3.64262 653
15.9451 -6.86402 -1.60612 0.162988 0.594632 0.0301266 654
12.2707 2.18109 -5.86692 -0.0878874 2.39219 0.669486 655
4.63258 -5.73331 3.9239 0.0323367 2.31915 -1.24861 656
1.85956 -1.94102 -9.06087 0.182179 0.136991 2.778 657
-3.24182 10.7592 6.43204 -1.65135 0.720531 -1.86491 658
99.7744 -29.8939 10.4649 2.55275 -0.687333 0.265877 659
-5.20249 -1.57925 1.66922 3.53148 -1.11815 -1.49851 660
0.318567 8.23027 2.49455 -2.11466 -0.820569 -0.529366 661
1.35917 1.83823 -0.147557 -6.65194 1.34161 -0.99195 662
-0.116511 10.2041 -0.273827 -1.25105 -1.93391 0.00544979 663
86.6561 67.2569 -130.52 2.1466 1.70817 -3.28277 664
-4.87359 -4.12829 1.95119 2.15986 -2.36646 -1.15932 665
5.81386 10.7388 -5.5235 -1.20246 -0.0892158 0.360552 666
3.27269 5.72485 0.835242 -3.17261 1.37906 0.662015 667
4.11307 11.8541 -2.16598 -2.32864 1.17414 0.501761 668
-46.2407 -41.524 9.46833 -0.603888 -0.701838 0.144359 669
-10.356 6.26854 0.449031 -0.729809 -0.65884 -0.0303997 670
47.2189 20.7725 -23.5151 2.45241 1.22299 -1.26221 671
-1.96355 5.18663 13.2053 -0.760494 -0.255991 0.802178 672
-5.79726 -9.40558 13.3044 0.300913 -0.709579 0.718265 673
1.46546 46.0957 -13.5779 -0.934813 0.506877 -0.361993 674
42.5201 -25.1184 24.2943 0.815434 0.350445 0.435863 675
-764.405 -788.927 184.792 -20.4769 -21.1389 4.95179 676
13.0047 10.7474 0.261233 -0.760397 1.57453 -0.0391276 677
306.996 320.178 -101.296 7.31814 7.64828 -2.41902 678
104.677 -55.7485 -101.004 3.03322 -1.56948 -2.92778 679
75.7896 -2.90906 188.537 1.89388 -0.0575168 4.75268 680
-7.58201 -1.41708 -3.74904 0.322983 -2.7978 -0.238417 681
10.524 1.48545 -2.4927 -0.439025 2.67619 0.465156 682
-4.21044 -3.92917 0.427335 3.40423 0.43574 -0.245185 683
0.467481 7.90734 -24.838 -0.321474 -0.104035 0.597396 684
-2.10922 15.0935 -8.99564 -0.935734 -0.213941 0.025537 685
-167.301 233.987 14.0964 -4.20795 5.85011 0.352627 686
-1124.68 -627.793 172.69 -26.6866 -14.8992 4.09839 687
1.78439 -6.72592 -0.15544 2.66769 0.887143 0.0422295 688
9.43469 -137.932 -2.70958 0.269574 -3.19579 -0.0644994 689
1.73914 -4.27879 -6.15267 2.82256 0.622689 0.614343 690
18.1438 11.5732 4.0055 0.692959 0.994301 0.23378 691
-2.2535 -4.82378 -11.4161 1.47749 -1.87017 0.424304 692
150.624 -1388.19 -680.625 3.58962 -33.0749 -16.2189 693
-1.8277 -9.27966 6.50251 1.73326 -0.186088 -0.213527 694
5.68767 1.20441 0.364301 -2.01113 3.58599 0.0209429 695
-715.247 -2270.69 60.2159 -18.5772 -58.9836 1.56448 696
-6.20496 0.121571 3.40662 -0.838468 -2.28042 1.5022 697
-7.85145 -0.592964 -10.4048 -0.0359136 -0.969646 -0.165781 698
-3.08528 -3.09188 0.640049 -0.299436 -4.52744 2.99223 699
199.134 102.982 -76.1734 4.89855 2.54833 -1.8951 700
391.743 1271.15 44.5513 10.8307 35.1549 1.23222 701
3.67571 -0.883924 -1.97932 -0.316919 4.53576 -1.72088 702
-1.76292 -5.07495 -0.0293179 3.48579 -1.52277 0.1142 703
796.209 50.0988 -9.05859 19.8535 1.25406 -0.225492 704
1.48155 2.94765 -3.16291 -2.85174 0.359287 -1.94987 705
-6.26283 0.212664 -7.50496 -0.453765 -1.29336 -1.0421 706
5.64131 -1.05875 -10.0358 -0.934712 1.98649 -1.0036 707
0.104202 -4.52629 -1.80143 2.21783 0.466703 3.20527 708
-4.18634 -15.4193 2.17665 1.27824 0.405218 1.87476 709
5.51828 -1.4456 3.44489 -0.0364359 2.25952 -0.811556 710
10.6882 7.00419 6.05497 -1.10829 2.09381 -0.502216 711
-5.04608 3.63595 -1.06653 -1.67896 -1.47381 2.81685 712
18.1237 -28.8123 -5.90775 0.683252 0.7129 0.079231 713
167.098 -9.71911 179.73 3.96083 -0.21139 4.27266 714
43.7618 -42.6609 20.6993 1.03588 -0.16328 0.416422 715
1.00791 -11.2294 -4.37517 2.40968 -0.686526 1.19044 716
0.650876 -2.98929 -0.03096 5.07691 -0.315456 0.286127 717
-41.534 -58.3478 -18.9914 -0.204434 -1.27946 -0.647446 718
-1278.59 4826.73 -697.628 -30.617 115.579 -16.7053 719
0.271206 2.52569 2.97503 -4.5206 0.219529 0.0621385 720
-2.0506 0.976249 -0.306576 -5.6581 -0.948115 -5.10949 721
13.512 -36.1384 -1583.17 0.330662 -0.884135 -38.7275 722
-5130.31 -235.579 164.621 -125.874 -5.78088 4.04033 723
-32.3524 -63.4654 15.2441 -0.00711924 -1.31119 0.385096 724
-2.26714 2.0904 -1.23304 -3.29093 -2.38233 -1.06548 725
6.16168 -5.71557 8.77884 0.974209 1.17697 -0.213454 726
136.527 -100.637 77.4447 3.28184 -2.37726 1.85558 727
-14.324 64.4056 -12.0933 -0.702157 0.801709 -0.209538 728
508.73 -795.733 -372.066 12.8985 -20.1707 -9.43507 729
14.202 -1.02674 0.0630602 0.285179 1.34761 -0.0177337 730
8.35834 11.2477 -1.65986 -1.62174 1.55007 -0.370046 731
-10.1029 14.4476 14.6683 -0.883816 -0.264835 -1.37771 732
-116.16 163.989 -50.7217 -3.1732 4.42761 -1.37999 733
-25.0939 23.3327 -34.8148 -0.479889 -0.540294 -0.749859 734
17.689 -34.0168 1.03943 0.0461917 0.385485 -0.0118853 735
-1037.74 186.471 15.8054 -25.5422 4.5871 0.389338 736
25.272 28.2955 -6.39792 -0.692851 0.429564 0.0352834 737
3.71566 21.0383 0.416379 -1.71731 -0.456739 0.064643 738
-3.92809 -0.0325822 0.99795 1.3008 -5.06438 0.581803 739
18.2488 -56.7799 -38.2127 0.942216 -2.61837 -1.8071 740
16.0989 -6.67022 18.4551 0.885527 0.0286073 0.905894 741
-2785.87 1817.49 3429.39 -65.7999 42.9287 81.0001 742
-227.978 -2390.32 -77.206 -5.77604 -60.5414 -1.95641 743
-13.707 -22.7242 -61.1651 0.141953 -0.0661343 -0.950186 744
-9.28472 9.60454 2.67792 -1.45244 -1.08222 1.58743 745
-5.89649 4.12298 15.8317 -1.23386 -0.503786 -0.635439 746
-269.238 366.605 122.253 -6.40525 8.704 2.9061 747
-50.1046 -25.5029 -0.723804 -0.332059 -1.1302 -0.0148565 748
13.4255 1.47591 -0.311355 -0.356405 2.19219 -0.0682546 749
-6.91004 -0.389065 -0.218485 1.92274 -2.81743 -0.0437344 750
-298.592 80.2557 -402.055 -7.30018 1.96044 -9.81756 751
-3.2853 3.11114 0.974411 0.418436 -2.47651 -4.0674 752
-131.534 51.6511 18.7626 -2.92321 1.09784 0.415704 753
-8.89893 2.77782 2.88307 0.31918 -1.80664 -0.317988 754
-1.44432 -6.83854 -4.30402 0.514651 -1.15818 2.78678 755
184.62 -82.4594 -198.951 4.48321 -1.98307 -4.83552 756
4.54799 3.12659 28.0183 -0.143461 0.114888 1.30757 757
-3.87174 2.68424 1.7155 -0.940491 -2.79093 -0.807304 758
-62.6633 -25.6616 12.1338 -0.778595 -1.06578 0.401106 759
7.95269 12.6826 -0.177862 -1.19628 -0.615918 0.00283314 760
26.1636 -757.783 193.833 0.681624 -19.5863 5.0119 761
-8.53402 -2.6677 -0.977721 0.293967 -3.24952 0.292796 762
15.151 8.58755 7.84055 -0.501533 0.549702 -0.0828704 763
-1.47863 -0.977499 -0.280601 6.36097 -1.44038 4.72741 764
3.80327 1.81027 3.02915 -1.71999 1.73541 -2.25924 765
-7.22027 -9.52753 12.7861 0.732264 -0.958185 -1.32864 766
-3.95686 28.0354 -0.922612 -0.607551 1.94079 -0.0449979 767
-2.79315 -0.170448 -0.473782 2.44888 -5.42284 -1.32707 768
-3.53954 1.63222 2.54475 -1.14013 -4.28631 0.871115 769
-4.15849 9.52975 5.04249 -0.146416 -2.149 -1.06758 770
-11.6843 1.39212 -2.18298 0.89151 -2.18515 1.21009 771
-3.782 -4.66952 0.685394 -0.944136 -4.25406 0.641759 772
1.44831 2.49544 0.677853 -2.23952 3.73457 2.14848 773
-12.907 -39.6409 -9.62484 0.731492 -0.379537 -3.2231e-05 774
-869.582 -699.571 336.461 -21.6981 -17.4593 8.39684 775
1.38563 -6.14293 11.2334 2.67006 0.261748 -0.107982 776
16.7517 1.15092 0.921989 -0.191129 2.06349 0.0379894 777
-1.90212 7.50409 4.08863 -2.22391 -0.31558 0.710258 778
23.4676 -12.1411 -20.7303 1.38565 -0.424555 -1.1801 779
14.3753 13.5439 -0.0969105 2.41644 2.84204 -0.0162852 780
4.05158 -0.516222 -4.5038 -0.0716164 1.78173 0.898898 781
11.4 9.63221 1.67944 -1.87087 0.881506 -1.29753 782
2.74212 4.27879 -2.65545 -2.84897 -0.890027 -2.70039 783
12.5489 -9.10388 -1.29417 0.219245 2.02056 0.310764 784
-132.994 469.691 65.9128 -3.44557 12.1308 1.70329 785
-21.2609 -14.8767 -10.9298 0.891215 -1.17878 0.11596 786
-20.7952 5.77052 -1.89153 0.279408 -1.70689 0.279859 787
-5.01148 -254.937 -40.8165 -0.0994821 -6.23658 -1.00069 788
-2.74728 -14.8888 -14.7821 0.98001 -0.0977174 1.45806 789
983.129 -874.35 625.79 24.7537 -22.0126 15.7576 790
-1775.14 220.1 -321.901 -43.7423 5.42139 -7.93313 791
-790.952 652.014 -298.771 -19.2587 15.8712 -7.27542 792
-6.35193 -5.30129 2.85971 2.29413 -2.20393 0.351543 793
3.84863 2.68349 10.25 -0.416141 1.52367 -0.866681 794
-984.774 -216.294 -281.891 -24.4592 -5.37612 -7.00304 795
9.55506 -1.07947 -7.8591 0.589202 1.35701 -0.67088 796
-4.12224 2.21088 1.26519 -0.643479 -4.71225 0.997377 797
3.8892 7.36095 -11.3323 0.228638 2.07271 1.24083 798
7345.83 357.351 -194.748 177.789 8.64809 -4.71348 799
-62.3307 144.786 -111.162 -1.7473 3.98359 -3.07616 800
1256.5 -533.427 -88.831 30.4712 -12.9328 -2.15477 801
-5.45854 -6.03546 -1.26512 3.10655 -0.0636813 0.80461 802
-17.2991 -5.14107 -2.04414 0.575687 -1.75141 0.132349 803
77.1458 -6.12649 -24.9248 1.27036 0.224189 -0.450984 804
5.83125 14.3548 9.30961 -1.59539 -9.66705e-05 1.29047 805
-1.84607 -1.28774 -3.84185 0.153992 -4.79055 1.00031 806
-4.01285 4.38389 0.0491499 -1.95179 -2.57203 1.67278 807
-5.32801 38.2187 48.5512 -0.225534 0.00890343 1.18772 808
7.15332 14.41 -9.69615 -0.860025 -0.483843 0.550735 809
8.16956 3.59591 -9.58007 -1.47934 1.71786 -0.679592 810
19.699 -9.6813 -51.5805 0.266678 0.0236755 -0.570508 811
9.31252 0.507752 3.44428 -0.89897 2.00009 -1.49937 812
1.07596 0.939963 -0.460388 -8.34337 4.18817 -1.75717 813
0.298085 -6.50831 3.0232 3.68875 -1.09542 -0.741016 814
-48.8406 35.6906 28.0569 -1.08838 -0.0055174 0.722022 815
5.60032 -13.6251 4.82265 2.09672 0.945672 0.250389 816
6.57445 -7.9871 0.665858 1.40543 2.5258 0.74667 817
-2.70088 1.58859 0.715991 -3.7228 -4.45557 -0.363174 818
-37.6792 -29.2446 -10.5826 0.156099 -1.14354 -0.269755 819
21.2889 -22.2087 17.3009 0.653042 0.75887 -0.130549 820
4.94621 -5.83026 1.84439 2.41982 1.92996 -0.0376808 821
717.261 6153.38 -198.815 20.0702 172.187 -5.56332 822
-13.8936 -40.9515 14.2136 -0.303868 -1.45605 0.491205 823
-6.29576 2.19195 -4.39792 0.794649 -3.2587 -1.46359 824
15.9618 -7.04262 -7.45623 0.254178 0.757438 1.82776 825
40.7459 6.5813 21.8824 0.0626812 0.765208 0.222354 826
-4.12597 -1.98273 -0.396548 1.8807 -3.22931 1.60903 827
-6.91236 5.1593 -0.754639 -2.73644 -1.70625 1.03606 828
-1482.91 -283.689 -688.103 -36.7455 -7.03173 -17.0512 829
12.5758 9.05068 3.72199 0.202978 1.57511 0.347217 830
-1097.71 4667.59 39.5185 -27.8156 118.269 1.00127 831
-1.79354 -59.9615 21.898 0.661783 -0.880255 0.625065 832
-0.611086 -6.46383 13.7235 0.76079 0.018401 -0.572324 833
6.65358 -0.669829 0.559447 -0.0167928 3.47505 0.424436 834
55.3281 -25.2765 40.919 0.983158 0.0681184 0.856664 835
3.55928 9.45443 -4.0317 -0.992116 1.00274 -2.34805 836
3.96981 2.65487 -0.545351 -1.39641 2.85882 2.40511 837
-63.1563 -8.93986 155.507 -1.67079 -0.253991 4.20231 838
114.763 -76.731 68.4842 2.87473 -1.86972 1.70793 839
8.18047 -3.00027 -5.15301 1.02325 1.83887 -1.05437 840
-420.753 100.38 74.4787 -10.3188 2.44967 1.82764 841
2.49754 -8.32916 1.67662 2.08976 -0.37234 -2.21335 842
3.91757 -9.95698 1.3957 0.497665 1.78292 -0.233226 843
-1.77834 10.7268 4.58393 -2.87119 -0.336922 -0.111707 844
3.07091 8.94701 -1.55437 -0.97112 1.99135 -0.372822 845
-19.3969 -57.6465 26.8426 0.26333 -0.946475 0.595064 846
6.17771 -7.9065 8.12243 1.96046 0.910957 -0.812774 847
-8.07347 -1.75875 0.0798282 1.09754 -2.99555 -0.165728 848
0.777028 -4.979 2.06167 3.87664 -0.0903061 -1.06676 849
1138.61 210.687 -289.484 30.6323 5.67139 -7.78956 850
27.8189 22.2939 70.1016 0.508613 0.512402 1.45496 851
6.71783 3.86048 -0.22275 0.399245 3.67029 -0.185257 852
-17.8761 2.47299 -0.710478 -0.0827096 -1.83459 0.00587197 853
-6.01827 9.62844 -4.12602 0.0350088 -2.06474 0.752449 854
-11.2968 -2.31185 -0.542603 -0.036062 -1.32349 0.0112675 855
12.5164 16.9888 2.5671 0.0460478 0.898835 0.126843 856
0.562944 0.576106 1.24058 -9.19954 1.28697 1.94974 857
-1.72746 4.33819 -0.601085 -3.26069 -1.27716 0.00443748 858
1.93799 -4.40226 0.361679 3.79641 1.53479 -0.335161 859
21.7825 7.91168 31.4262 -0.511644 0.797854 0.224035 860
-15.0683 41.8213 13.6454 -0.227151 0.167841 0.0710306 861
-7.30917 -24.2693 -21.8325 1.26626 -0.315376 -0.245238 862
-38.1336 -58.2178 -29.1012 -0.146797 -1.21923 -0.777818 863
-4.85705 -3.71052 2.56821 0.893077 -3.27876 -1.66642 864
-2.4974 -3.33768 -6.81653 3.02554 0.237973 -1.20345 865
-28.6834 16.2293 8.10208 -0.476114 -1.02921 0.0080159 866
8.0097 -2.82107 -8.48612 1.1599 0.725996 -1.49156 867
-9.60714 6.7626 -2.2973 -1.297 -2.15725 0.144687 868
3.50834 -9.06758 -8.38954 1.27406 -0.289761 -0.988425 869
-17.5434 42.654 25.5246 -1.29407 2.79966 1.73604 870
-5.50921 4.69174 -3.58328 -0.670896 -2.62426 -1.80539 871
35.0166 44.886 39.5561 0.509925 0.836118 0.69391 872
2.73642 -5.36722 20.7394 0.345183 0.0729321 1.54916 873
2.7804 -4.74776 11.9523 0.343717 1.76546 1.00138 874
-1459.83 -613.449 -780.902 -42.4685 -17.8483 -22.7185 875
1.58668 -5.86123 -0.963414 2.12506 2.49923 2.44988 876
11.9865 -66.491 16.9131 0.611802 -0.871651 0.28886 877
-1314.92 307.54 -128.739 -34.2334 8.00351 -3.35222 878
-612.416 -84.5823 -511.797 -15.262 -2.11129 -12.7599 879
-4.99055 -0.0493244 -1.75801 0.840733 -0.539232 -3.69847 880
-7.49892 -10.9872 -1.83817 2.12327 -1.44834 0.141985 881
-6.91236 1.53616 -1.25216 -0.428459 -2.80841 0.186474 882
-11.5709 -1.78303 -1.10971 -0.314332 -2.39767 -0.229118 883
3.83077 -6.93043 2.74829 2.21596 0.743167 1.87388 884
1.37852 -4.54329 -1.0107 3.39296 1.07629 0.0372191 885
-8.73971 3.28626 -11.1348 -0.760697 -2.29117 -0.08979 886
6.7926 2.9491 4.53457 0.524364 1.8491 1.18869 887
-3.90551 -3.29467 -6.41067 1.36402 -1.45739 -0.925351 888
17.1697 -0.200945 11.1379 0.714017 0.609504 0.488954 889
2.97431 11.0123 1.79983 -1.90379 -1.10679 -0.360175 890
-3.35238 -12.6709 -2.68974 1.8643 -0.540838 0.00966694 891
-3.72055 -10.009 1.06873 2.47415 -0.503987 -0.962242 892
-2033.88 -66.365 523.327 -50.7864 -1.65775 13.0695 893
-3.17352 -4.21195 1.20379 1.49067 -2.05238 0.351961 894
581.686 -22334.5 267.716 15.1669 -582.318 6.98034 895
2.88485 4.13424 0.875397 1.12355 2.6544 -3.64936 896
3433.28 907.665 444.11 94.2341 24.9138 12.19 897
-5.68318 0.879046 -2.92237 0.658274 -2.26632 1.06841 898
-1.24451 7.1924 0.0416153 -3.23991 -0.0165386 0.334939 899
354.564 -0.519322 167.595 8.87086 -0.000686209 4.19741 900
-4.89825 -1.00338 7.30419 2.14004 -0.363496 1.70851 901
7.91411 -21.2532 27.4406 0.880963 0.305667 -0.258604 902
3.13842 4.43649 -5.42675 -1.42897 0.657072 0.439996 903
1.04789 -63.6845 -15.7031 0.778461 -0.969937 -0.552843 904
53.1229 -105.345 73.5743 1.45624 -2.78358 1.96818 905
-9.1601 4.86171 1.74776 -0.930173 -2.16552 0.0400025 906
9.65835 -3.58625 8.02398 0.61525 1.87095 0.639956 907
-1.3267 -3.13785 0.821483 5.00231 -1.65911 0.317005 908
-2.35419 66.0523 51.2395 -0.139686 1.33943 1.05482 909
-6.70745 0.765597 -0.0212196 -2.65884 -2.20049 0.0845942 910
3.94866 -5.71046 -6.51224 1.12511 1.21773 1.0011 911
-50.6893 23.8634 -52.7703 -0.825774 0.010497 -0.987521 912
-702.165 -487.878 -1778.06 -18.017 -12.5185 -45.6265 913
241.897 388.332 168.013 5.98562 9.62796 4.16577 914
-2.33567 7.9153 -7.14645 -1.32834 0.190748 1.99658 915
6.59873 2.56639 -10.6051 -1.44561 1.37261 -0.780313 916
-4.0117 -0.555409 -3.42349 0.192887 -2.41861 2.30131 917
-1120.76 -541.011 40.8071 -29.5046 -14.2461 1.07421 918
45.149 16.2047 15.6491 0.130575 0.832847 0.274804 919
134.257 188.422 -129.315 3.76071 5.31396 -3.64617 920
-8.93609 -7.12469 18.5323 -0.19403 -0.602123 0.942915 921
6.24659 3.38298 2.37959 0.394204 2.67449 1.41396 922
7792.5 -8482.51 -1292.95 212.793 -231.639 -35.3059 923
2.73842 -7.17016 3.40892 0.54409 3.01005 -1.79541 924
57.347 -144.779 105.212 1.40549 -3.46465 2.53386 925
303.035 190.521 21.0393 8.2077 5.17839 0.571204 926
2.90569 7.53687 -1.54937 -2.94146 1.50109 0.349549 927
8.40422 -6.28372 4.92639 1.50904 0.954274 0.573916 928
274.685 -60.0046 -49.4834 6.93168 -1.49314 -1.24904 929
744.995 -1027.79 67.4921 17.8338 -24.5978 1.61555 930
-312.333 3317.14 119.372 -7.82762 83.1239 2.99176 931
8.60284 -37.7581 -11.9615 0.982434 0.0757012 -0.0740334 932
-6.93019 18.1021 0.29252 -1.46986 -1.30604 -0.139689 933
-0.163772 2.90894 -5.85111 -0.844517 3.44516 1.48301 934
-56.3346 24.2884 14.1596 -0.892079 -0.16014 0.226977 935
1.69762 12.173 -6.1016 -0.731989 0.0723298 -2.30378 936
-12.0307 -4.69243 4.07765 0.977466 -2.37885 -0.00756778 937
-8.3251 -43.3651 37.8964 -0.156748 -1.53619 1.35349 938
58.1596 -37.9523 -4.10365 1.26993 -0.086588 -0.130577 939
-4.8536 -2.76676 0.891435 1.7135 -3.22164 0.506323 940
44.8079 552.792 209.433 1.30542 16.1896 6.13662 941
-1513.96 676.222 43.1347 -41.3911 18.485 1.17969 942
12.5133 0.419058 -19.3653 0.730488 1.6384 0.485894 943
7.934 -2.00993 -1.21998 0.065317 2.7877 -1.56472 944
-2.4766 9.32457 1.04014 -2.72946 -0.744308 -0.00588508 945
-1.57799 13.0522 -0.921861 -2.06364 0.448602 -0.057462 946
-4.27828 -1.32109 0.880184 -3.23734 -3.78394 1.55178 947
-7.03706 -2.57611 5.13068 1.36816 -1.38047 -1.59502 948
6.00175 4.07712 -2.112 -1.42467 3.68912 0.499199 949
224.667 4.16989 -68.1232 5.6582 0.130628 -1.72007 950
-0.189371 3.31462 -0.143279 -3.58831 1.56275 3.1941 951
-0.678186 16.8319 -0.461836 -2.17834 -0.3108 -0.173961 952
-5.02594 5.18624 0.970844 -2.5685 -2.33363 -0.196042 953
4.51212 -5.05821 -5.90007 1.15829 0.589859 -2.50874 954
11.2432 1.17975 -0.180706 -0.148723 2.47519 0.00762646 955
12.0944 -14.5308 -2.11281 1.20606 1.35487 0.891073 956
0.916612 5.66326 1.34865 -4.10181 1.34599 -0.446241 957
-506.702 -22.5601 -49.8997 -12.1586 -0.551053 -1.19897 958
1.55046 4.16074 1.15783 -3.99278 1.41727 0.124297 959
5.85486 -9.62366 -1.71365 0.886627 2.06577 0.26237 960
1.06934 -4.2219 -0.933458 3.24504 -2.32081 -1.14809 961
6.12998 -16.4046 -2.21545 0.0974819 1.42938 0.168397 962
-23.8261 0.153829 44.6139 -0.103026 -0.151475 0.214264 963
-2.2437 19.3109 -5.63442 -0.394972 -1.38809 0.439405 964
-6.9472 -5.0511 -3.88787 0.844274 -2.01716 -0.835299 965
-6.04742 -2.18264 -0.577383 -1.67384 -3.20148 -0.414644 966
959.626 647.015 418.044 23.1866 15.6366 10.1034 967
-339.348 788.188 57.1034 -10.2141 23.726 1.71606 968
-18.0507 -2.44911 3.67073 1.09581 -1.55285 -0.687593 969
-25.3699 10.3285 18.201 -0.415438 -1.2621 0.27456 970
-47.4289 -31.9411 -35.8176 -0.278172 -0.800946 -0.954401 971
-32.0585 54.9189 -2.97166 -0.591479 0.750758 -0.0506095 972
-3.9496 7.61016 -9.3803 -0.977232 0.0630491 2.01279 973
-2.55832 -5.09848 0.218757 2.20311 -3.29888 -1.59772 974
-5138.23 1181.55 -194.818 -133.796 30.765 -5.07309 975
5.98561 -2.2069 -6.28518 1.47923 0.676235 -1.82997 976
-1163.95 2319.47 -391.043 -33.3416 66.4377 -11.2017 977
-5.30469 2.2684 6.13806 -0.395881 -2.71358 0.933762 978
-9.09521 -23.6268 33.1634 0.955057 -0.199823 0.553127 979
-5.01488 8.78078 1.77512 -1.94549 1.15856 0.380424 980
-10.6815 -6.23082 1.52196 2.07908 -0.0379704 -0.226523 981
29.2891 -9.97393 37.2038 0.571366 -0.0158368 0.689731 982
-6.42068 2.43233 -2.02353 -1.11734 -2.99349 -0.698615 983
11.4687 -5.076 -6.96281 0.923022 1.44044 -0.588248 984
23.997 5.38047 2.23756 -1.32952 0.00913425 -0.129303 985
-2747.09 55.3604 -49.2816 -69.2714 1.39562 -1.24158 986
-6625.28 -21319.1 23770.9 -178.102 -573.113 639.023 987
2.02854 -3.74262 -0.0289577 3.67765 2.29104 0.0237661 988
53.4315 -37.6486 12.8042 1.1813 -0.0675101 0.223551 989
-356.163 198.064 -3.92968 -9.57047 5.30727 -0.105239 990
-0.247511 -9.37327 -5.30724 1.15559 -0.747609 -0.479888 991
-8.28473 -8.49879 7.08646 1.18596 0.283695 1.94511 992
-2.00705 17.7089 -3.8443 -1.45903 -1.28973 0.620223 993
-6.21039 -4.81425 4.05257 0.354971 -2.3777 -1.93108 994
2.09678 0.288516 -0.0106074 -5.20171 5.40003 -0.861689 995
-2.27372 -7.48173 -6.6354 1.48709 -0.159505 2.09263 996
25.9503 23.6022 28.1856 0.0204292 0.233317 0.135801 997
-241.627 -20.3266 -228.165 -5.79692 -0.500059 -5.48399 998
53.7373 12.7625 -44.3547 0.517338 0.528025 -1.00835 999
-184.586 208.972 0 -4.28023 4.76888 0 1000
