-21.9995 -14.4003 -14.5005 75.8268 -51.1845 51.5178
-21.632 1.68169 -0.387415 36.4573 -29.1117 -20.6941
-20.3204 -1.37657 -0.239621 37.9852 -97.2457 15.8606
-20.4678 5.21192 -0.815322 15.5897 -81.2715 7.96779
-20.0475 -3.21204 0.893509 37.2751 -4.50561 18.2808
-19.9851 0.867162 -0.266244 30.4627 -103.638 -8.86204
-19.9469 -0.852973 5.65006 33.2825 -78.1679 3.94324
-19.77 13.6662 -6.23858 43.5497 -143.632 194.324
-19.8214 -1.50652 0.478746 37.6122 -66.6751 -6.08932
-19.6429 3.3595 0.101656 35.7551 49.9295 64.3909
-19.7238 2.22424 2.40428 25.2704 -77.318 1.12532
-19.638 0.944687 -0.24168 28.1808 -91.2948 -6.48699
-19.5619 1.0631 -1.1357 26.3304 -77.0892 -106.894
-19.3603 1.12765 0.854003 30.1896 -68.1892 116.181
-18.8799 -6.29037 0.252149 71.1368 -113.542 8.11338
-18.9646 -0.815523 -1.38651 44.2923 -123.344 65.1986
-19.2117 4.9531 0.026802 17.1558 -70.1619 96.4612
-19.4685 2.40141 3.1617 -14.4836 -64.1542 -92.126
-17.8698 -9.34121 -0.42356 139.244 -70.5962 -31.2938
-19.1546 4.67446 -0.610646 10.3231 -97.6114 24.3687
-19.0392 1.03584 0.441901 20.382 -104.021 38.7108
-18.8783 -1.15289 1.36916 33.5813 -31.9696 96.7218
-19.1484 6.52697 -0.795505 5.70455 -85.6368 19.9788
-18.8059 0.966587 -0.814027 29.7171 -80.7192 -71.5543
-18.5263 -5.76018 0.348399 57.0263 -68.6005 19.4084
-18.5961 -3.77578 -0.800187 49.9539 -78.8716 -60.2181
-18.3949 6.82068 -1.35116 69.6457 -31.0768 -47.7052
-18.641 -7.62547 1.25078 45.0272 -14.7645 111.13
-18.8513 3.06603 0.24215 13.2999 -95.1848 -4.04157
-18.803 10.5388 -0.582251 13.9625 -53.8407 -17.8775
-18.8913 3.41147 0.148441 0.891328 -143.437 -35.4296
-18.619 6.58826 -0.522572 24.9925 -63.639 26.5363
-18.7817 4.5371 -0.96282 8.08353 -100.326 -17.0417
-18.3106 -2.84285 -0.0176075 53.0727 -36.313 77.5617
-18.4965 -1.47826 -2.43887 34.1505 -103.125 -29.8762
-18.552 -3.06529 -0.760111 24.2388 -64.5985 -17.7446
-18.9618 6.28624 -1.11832 -24.3192 -107.433 -14.2409
-17.9971 -6.95327 -1.62913 68.703 -108.335 58.5033
-18.4655 -2.00679 1.44099 20.8889 -68.2662 -66.1108
-18.4338 2.96711 -0.649913 15.1183 -96.9922 -103.472
-18.0489 -7.39815 -0.328843 50.7441 -43.3013 -10.6969
-18.1324 -2.05707 0.188285 37.5307 -63.8426 9.41973
-18.2032 2.33774 3.72421 30.0427 -68.7143 122.629
-18.103 -2.2426 1.00947 37.7096 -99.1823 9.02865
-18.5557 5.38416 -0.796143 -8.18085 -125.876 -58.0835
-18.4697 7.90886 -1.14342 -1.02656 -88.8123 -43.2312
-18.2943 8.77389 -0.565614 16.3628 -48.2473 -60.8609
-17.9311 -7.4536 0.822145 47.7853 -25.7401 64.0876
-17.9902 -1.35004 -0.225516 34.2382 -100.814 12.5527
-17.8896 0.0131494 -3.12826 37.8288 12.0702 50.0061
-18.3077 8.27969 -0.799316 -5.4021 -93.5859 -87.1082
-17.8971 -0.348277 -0.519113 25.7561 -111.367 85.0919
-17.6635 -2.21799 0.996073 38.7019 -86.0419 100.346
-17.925 4.41887 -1.59264 11.3371 -86.8395 -91.7033
-17.3481 -5.8503 -0.411983 66.8547 -111.812 -64.7802
-17.8128 2.9709 0.473231 18.6998 -82.9292 23.5157
-17.3526 -7.61761 1.06133 58.6827 -65.3996 91.6631
-17.7847 5.20957 -1.23791 14.3806 -56.1606 -23.7107
-17.9645 7.45017 -0.290193 -11.5015 -108.628 49.7442
-17.3747 -3.25734 0.660462 42.2586 -109.325 120.058
-17.5485 1.05331 -0.407018 24.3789 -58.0437 -27.2407
-17.719 9.71829 -0.290099 2.6914 -68.5346 11.9331
-16.7385 -38.8216 5.23314 96.1581 140.847 -108.103
-17.584 2.42889 0.215647 5.8512 -135.796 -4.82085
-17.2998 -1.08102 0.0292816 28.9386 -102.933 0.535347
-17.3842 -4.78086 0.15236 19.5264 -136.267 3.65048
-17.0403 -7.22497 1.08665 52.0392 -37.7488 95.0738
-16.7773 -5.17833 -1.43072 77.2964 70.4715 -27.5857
-17.4035 3.41206 -0.211094 13.0481 -92.9322 -37.6489
-17.0245 -7.13958 -0.286195 47.0818 -30.8172 -58.8699
-17.2078 0.161193 -0.812928 28.1189 -119.236 -34.0921
-17.3133 4.40771 0.273387 15.8358 -69.6159 114.91
-17.4404 5.71095 -1.14476 -1.17598 -92.1498 -37.8626
-16.4959 -9.7444 -0.27223 85.2255 -83.4153 -17.4173
-16.1339 -13.7612 -3.36472 120.317 -172.06 64.1344
-16.7104 -12.1583 -0.864595 54.3395 -47.1851 34.1382
-16.9092 -2.46451 -1.13869 33.381 -28.2262 -83.2196
-16.7204 -3.42655 -1.10473 46.6304 -127.897 -56.4012
-16.8216 -8.95561 0.127713 36.5356 -7.02149 2.17929
-16.5881 -9.18865 0.608409 51.2333 4.77949 45.0694
-17.2469 2.07999 -18.7488 -19.284 -138.764 -53.1926
-16.6311 -2.30017 1.00838 38.1744 -104.64 102.384
-16.5131 0.414501 7.67966 48.9788 -3.58619 -85.1704
-17.0516 10.6539 1.16488 -7.11938 -77.3253 95.635
-16.7726 12.097 0.326735 17.8362 -38.0337 34.0816
-16.5202 -2.34233 -0.277472 40.8987 -86.3555 -95.8113
-17.1427 8.88888 -0.434616 -22.7288 -109.155 -6.29488
-16.5479 -8.75827 0.672608 35.5824 -44.7539 28.4748
-16.8959 7.88586 -0.378147 -2.42996 -79.196 48.1142
-16.9854 12.7452 0.702014 -13.8434 -76.7783 29.6353
-16.2902 -5.3373 -1.33334 51.4752 -68.7458 -91.6196
-16.0468 -12.5783 1.76424 75.5523 -41.183 76.9032
-16.6379 -9.31163 -0.449917 15.8787 -46.32 -64.8621
-16.945 7.48582 -0.452755 -15.562 -101.274 -48.4284
-16.8257 3.55124 -1.53932 -8.89217 -142.829 -91.8957
-16.1631 -8.86826 0.110765 56.3798 -39.5108 96.7873
-16.7062 3.69762 -0.302192 -5.78721 -123.436 46.469
-15.745 -32.1823 2.59878 88.7808 57.1747 6.52931
-15.9807 -7.12993 -1.1163 64.5071 -95.9437 -101.806
-16.2516 -6.57464 0.0894584 36.0814 -5.88656 -15.3849
-16.2847 -1.58033 -1.1835 30.8961 -131.459 -98.5255
-15.9404 -8.04813 0.638726 59.2369 -56.7214 13.8512
-16.7139 8.09254 -0.749622 -31.7415 -129.62 -10.4361
-16.3256 13.8002 1.05861 5.19852 -51.8935 45.1796
-15.8673 -3.49105 -1.52969 49.757 -96.3659 -146.309
-15.7996 -23.713 -8.0699 51.534 -134.389 -147.289
-16.3426 3.78002 2.51095 -2.77876 -91.1576 -40.6795
-16.0607 8.09598 0.328062 24.8704 -21.8081 124.176
-15.6084 -6.17258 -0.175712 68.2002 -124.278 -85.8728
-16.3797 8.38556 -1.76572 -10.8961 -87.3717 -125.11
-16.2713 5.82081 -0.488798 -0.690148 -158.032 78.2804
-16.1547 0.286075 -0.170138 10.7831 -154.113 -28.2814
-15.5387 -8.16436 1.43901 71.1443 -84.9524 104.683
-16.4287 8.09545 -0.685385 -17.8965 -142.452 -28.6074
-16.3693 9.4536 0.19463 -14.7796 -17.4023 51.5029
-15.4579 -17.6034 -2.29424 73.676 -241.547 -96.1933
-16.2754 17.0586 -10.9501 -7.54649 -88.6369 -44.1543
-16.507 10.8541 -3.22289 -32.6296 -104.822 -48.8872
-16.535 6.86509 0.123544 -36.5691 -137.471 16.1491
-16.2417 3.68079 -0.317526 -8.99197 -140.504 -112.986
-15.984 7.75163 -1.51832 12.1564 -49.5863 -84.0106
-16.3037 5.79891 -0.52304 -19.6086 -64.8452 -3.83663
-16.1925 3.33305 -1.92925 -9.35802 -146.709 -138.723
-15.56 -7.27978 -0.951306 49.9134 -35.4851 -102.191
-15.7393 -1.51151 -0.60356 30.6739 -127.413 -120.849
-15.2055 -13.0543 3.82395 80.1703 8.64575 -118.79
-14.876 -11.8585 -4.5799 111.594 -14.8942 235.115
-15.5868 -2.58092 0.619008 37.9289 -157.928 -20.5691
-16.2637 9.67132 0.988261 -36.9262 -108.638 77.9927
-15.431 -4.46722 1.08725 43.7794 -59.5503 109.613
-16.1375 4.62919 -1.57982 -26.5362 -158.051 -86.7881
-15.9973 3.41948 -2.80168e-05 -16.622 -159.122 -75.8659
-15.7624 3.65814 -1.3978 4.75966 -100.4 -80.5613
-15.2457 -6.56597 -1.48384 50.9694 -43.4719 -190.573
-15.36 -2.66674 -0.695981 35.5451 -144.959 -73.46
-15.9431 11.2352 0.547703 -29.1144 -96.6696 25.0916
-15.0659 -12.8795 -0.736139 56.3506 -13.1502 12.5609
-15.5497 1.62305 0.231035 -6.0283 -176.661 0.427
-14.8762 -10.3916 -0.532635 58.5653 -31.5998 -99.5312
-14.5636 -2.58183 -4.94701 89.3869 -9.86668 11.1321
-15.2332 5.28471 0.410254 20.6519 -137.799 51.2313
-14.8884 -6.40382 0.81693 52.4893 -65.4786 113.407
-15.7472 3.68899 0.594861 -36.3582 -221.012 149.567
-14.9369 6.49712 -0.0567251 41.6584 49.5514 86.7881
-14.4418 -11.8294 0.276371 89.8757 -70.7946 67.0416
-15.1339 13.0603 -0.115097 20.1022 -31.4198 -81.7526
-15.2395 0.940014 1.96692 9.56237 -115.113 155.575
-14.7021 -6.77646 1.10458 61.8209 -86.8204 100.539
-14.2752 -1.76848 2.16435 98.4517 85.7717 -3.89798
-15.1394 1.20136 1.12452 7.11864 -123.109 142.114
-15.3171 3.24446 1.87846 -10.5707 -163.521 49.4528
-15.0682 11.0955 -2.44205 13.109 -38.2124 -4.72518
-14.2431 -6.81155 7.65389 94.4302 -109.978 -146.024
-14.7094 -3.54781 0.183513 48.0029 -179.638 59.7766
-15.4374 7.89731 -0.243729 -25.4061 -107.464 10.7879
-14.5066 -3.87567 0.60113 56.5172 -163.068 90.7537
-14.4324 -7.8199 0.386012 62.4781 -134.336 62.3745
-15.1237 11.6077 1.61016 -6.77698 -61.1893 79.8271
-15.1455 3.36843 0.00470507 -15.2649 -136.094 -71.3158
-15.0767 4.31437 4.90605 -10.9871 -56.1173 -84.9136
-14.83 9.223 2.06986 10.9389 -51.5025 33.1981
-15.5692 9.95238 -1.67876 -64.248 -155.827 -14.9452
-14.1976 -15.238 1.09696 70.074 -20.0301 58.9007
-15.2128 7.66438 -1.14784 -32.9975 -114.505 -91.3874
-14.0219 -6.70934 0.196563 85.0146 -124.281 42.9845
-14.4777 -2.83658 -1.56455 37.1944 -104.571 -137.209
-15.1523 6.37584 -1.16704 -30.5192 -134.709 -51.1006
-14.0982 -14.7913 1.9424 73.3241 -36.447 -14.8798
-14.4441 -2.61672 1.41615 34.6776 -171.632 75.4954
-14.6076 -0.247786 0.708229 17.2943 -143.913 127.762
-13.9862 -5.46945 -0.0844706 78.1546 -168.06 -24.6604
-14.0668 -12.2984 -0.199165 68.3122 -30.041 67.3552
-13.3999 -11.7751 -0.197349 131.875 -119.716 12.3113
-13.7666 -3.42859 -7.51694 94.7863 -151.468 -45.0419
-15.3834 7.14666 -1.08136 -67.4117 -163.704 -84.2695
-13.9882 -15.5888 -0.620488 68.0108 4.55241 116.031
-14.4874 -0.722315 -0.279045 12.0387 -195.842 16.4412
-13.8786 -12.1702 -0.432776 68.2983 -32.98 39.9926
-14.4364 0.141345 1.03267 12.7772 -128.472 130.959
-13.7603 -5.45875 -0.48179 77.3692 -173.926 -68.9996
-14.4018 10.8837 -0.571591 13.476 -35.5715 -97.802
-14.7421 7.6655 0.587688 -20.6039 -90.8548 102.439
-13.759 -4.71002 -0.781301 75.4466 -186.493 -66.0178
-14.7006 3.87963 -0.904307 -18.7631 -138.703 -76.8962
-13.8765 -6.33369 -1.1799 58.8058 -98.2473 -111.994
-13.5071 -13.9845 0.662833 89.891 -49.7037 68.545
-14.372 -0.425603 0.273389 3.84884 -190.657 45.6177
-13.8892 -9.79049 -1.1248 50.3531 -26.3391 -121.83
-13.8127 -11.9165 -0.912159 57.4642 -19.4594 -14.788
-13.5303 -9.05485 0.827859 81.7342 -163.901 58.4765
-13.2025 -8.16008 -0.614401 113.994 -78.2913 -78.5771
-14.4514 12.3011 -1.89057 -10.1817 -61.6796 48.4057
-13.5596 -7.09786 -1.17039 78.3325 -100.366 -127.27
-13.2598 -12.3397 -1.55011 105.743 -78.2165 -87.1169
-14.0843 0.626281 -1.92304 20.2745 -71.2313 -200.972
-14.3544 1.16335 0.708803 -7.96742 -200.166 56.0286
-13.5323 -4.77443 -1.24206 61.3744 -142.649 -150.378
-14.5364 8.54431 -0.40556 -38.6015 -104.568 -74.8005
-13.8907 -1.76235 0.275279 24.485 -181.6 78.3387
-14.142 3.07406 1.03973 -3.84199 -111.08 184.744
-13.6865 -2.63531 1.13398 39.6348 -157.54 131.382
-14.3694 11.5483 1.57362 -29.2923 -83.3075 113.14
-13.5906 -9.04895 2.9039 43.6349 55.4583 19.2032
-14.4164 8.38016 1.09785 -39.3042 -113.528 94.1461
-14.1812 13.1334 -1.55811 -18.1053 -65.2106 -41.1371
-13.2418 -4.77998 -0.0470148 69.4286 -207.87 15.5143
-13.1005 -10.7432 0.351387 80.2297 -57.154 -2.14107
-14.6059 5.18456 0.543519 -70.5568 -201.032 62.9562
-13.5605 -10.075 -1.15364 30.1421 9.52577 -96.7501
-12.9957 -13.7779 0.0253609 86.113 -45.6779 -25.6433
-12.9156 -14.6812 0.280814 93.8801 -47.8773 52.9101
-13.2317 -11.5186 -2.01419 62.0196 -24.5168 -141.742
-13.5725 -2.08594 0.638205 27.8333 -197.641 25.7527
-13.2443 -9.86351 -0.396962 55.8405 -32.8378 -141.74
-14.0385 3.8904 -5.5434 -23.3945 33.1261 -2.30614
-12.8335 -15.4279 1.13574 95.885 -39.979 70.7252
-14.2371 7.4988 1.0176 -53.8666 -21.2711 159.92
-12.8165 -21.9208 0.994857 85.3023 -131.599 -44.6749
-14.1626 3.18562 0.0929155 -50.1152 -200.336 121.787
-14.1016 3.30362 -0.833481 -51.353 -210.622 -15.8896
-13.6113 0.0833726 -0.507159 -6.56832 -204.491 5.81406
-13.4994 13.2369 -1.39569 3.88032 -43.6832 -72.8101
-13.4664 17.5356 7.01718 -2.95851 -68.7596 -72.8428
-12.4044 -7.96731 -0.0967129 102.332 -142.567 -19.2661
-13.1972 -1.89795 0.292747 21.9425 -197.633 77.8901
-12.9795 -11.2171 -1.64695 37.1384 -52.2537 38.9854
-12.4479 -9.26058 0.758772 89.2631 -104.466 71.4305
-13.4485 1.08287 -0.742002 -15.2598 -186.716 -105.157
-13.6766 8.90174 0.611767 -38.3567 -100.134 66.6105
-13.5918 17.5729 -3.98977 -32.1077 -241.721 159.717
-13.9133 11.8804 0.0920481 -73.6211 -127.261 26.7494
-12.3652 -13.66 0.253716 79.6302 1.85846 20.926
-13.3843 0.872518 0.800704 -21.8562 -241.835 -0.196295
-12.2533 -11.2232 -0.134836 88.7198 -59.478 64.5998
-13.5886 11.2601 1.23217 -45.8045 -93.7752 78.4807
-12.513 -13.9351 0.986835 58.322 -65.8498 121.152
-12.6404 -11.4779 6.58812 45.2361 -53.2794 -10.475
-11.9869 -9.85134 5.30988 109.357 -180.496 39.9689
-13.1004 6.01657 1.32085 -5.33894 -70.6221 218.24
-13.5345 6.33435 0.386438 -50.9102 -143.687 76.1532
-12.4016 -2.92131 1.20913 44.423 -201.853 139.446
-12.0864 -6.08351 -1.11376 70.0572 -121.327 -144.463
-11.6736 -13.7433 0.713562 108.812 -71.6023 99.7395
-11.7868 -11.0252 -1.58718 95.9125 -74.267 -100.815
-12.2728 -12.8946 0.174718 45.7062 -1.28082 -35.3018
-11.85 -6.41409 -0.931688 85.7083 -162.7 -123.886
-13.4446 7.07329 0.00488603 -78.8056 -160.982 -25.7544
-11.7789 3.66882 7.23783 79.3935 56.6453 -40.5952
-12.048 -3.90953 0.22952 43.7465 -221.971 -31.8144
-10.9771 -12.7212 -4.27087 148.51 -53.3231 105.717
-11.7277 -3.84981 0.361769 71.9634 -215.456 -1.89766
-12.839 10.6747 -0.546934 -39.3858 -88.1704 -117.999
-10.9921 -11.224 -1.41398 143.538 -130.634 -83.6447
-12.7487 16.1381 0.543874 -31.6294 -65.8118 -51.9503
-11.7601 -12.7289 1.21876 66.2352 -20.2862 83.2695
-10.6226 -17.4455 0.33014 176.264 80.3891 -132.474
-10.6158 -11.6004 -0.152981 173.927 85.2421 10.0168
-10.9233 -12.4469 0.429098 142.084 -118.517 -15.866
-11.2137 -15.2528 0.114344 113.106 -264.905 25.5993
-11.7618 -50.0937 37.8864 56.0485 66.4075 -46.4984
-11.3426 -13.797 0.295164 94.7056 -42.4751 -17.3688
-12.758 15.8664 0.909688 -47.4672 -76.4588 -9.71076
-13.0467 6.71827 -0.582032 -79.7089 -170.401 -90.7696
-11.7937 -16.4511 0.79956 42.402 13.8266 36.5755
-12.4413 16.4552 0.58415 -23.1048 -65.7746 52.5659
-11.3656 -12.2002 -0.306433 82.3696 34.3605 -36.3487
-12.4195 -4.35217 7.63731 -26.4146 29.7128 61.3198
-12.8224 11.2672 -1.0335 -69.3217 -114.512 -40.4027
-12.6303 2.02196 -0.368623 -53.4059 -207.856 36.7966
-10.6519 -13.1128 -0.325109 137.05 -90.4194 -17.9998
-11.0757 -13.4143 1.5331 88.9818 -38.8056 122.847
-10.7948 -19.0298 7.26047 114.187 -104.487 96.8843
-11.5219 -3.06586 6.23141 40.6098 -201.661 7.45109
-11.4503 -3.40555 0.709227 47.3052 -204.358 126.377
-12.4264 12.4886 -0.881779 -51.1167 -86.4064 -52.9393
-11.4539 -5.60495 12.1081 45.0165 -77.5703 -26.813
-12.4704 15.2996 1.56136 -58.4417 -82.0338 66.9003
-10.8705 -9.2003 -4.20293 96.0878 -5.35884 -154.059
-12.4495 5.30742 4.01399 -61.0292 75.9667 -47.4358
-12.1317 13.9509 1.14918 -32.1085 -71.4188 136.842
-10.7906 -16.6052 0.53278 96.2824 -24.8122 -10.2998
-11.4906 -2.08784 3.72151 22.6906 -247.737 27.0528
-12.6826 10.2545 -0.0389113 -102.314 -141.372 107.874
-10.3871 -12.7306 -0.40261 125.688 -90.1065 -27.2652
-10.4248 -13.8538 -0.818783 119.7 -63.1558 -40.2068
-11.8332 13.4578 0.0203429 -29.7286 -70.1585 -0.270363
-10.1607 -15.4989 0.660478 123.247 -161.505 93.39
-10.7746 -17.4224 2.33756 61.7878 -18.8183 54.383
-12.0761 14.5653 0.879464 -68.4331 -91.667 -5.22883
-10.7234 -3.93634 0.672859 65.4432 -236.937 93.0513
-10.8307 -11.8455 0.96532 53.3645 -14.175 125.906
-10.8934 -11.5076 1.6719 44.6519 -3.97632 138.699
-12.3769 9.85763 3.38986 -106.162 -142.726 107.342
-12.2003 12.6568 0.30272 -95.1808 -130.51 31.4606
-11.9152 10.3499 -2.48295 -73.8092 -116.372 -9.76889
-9.77532 -12.2647 0.292424 122.832 -148.606 -120.578
-9.9048 -16.4592 -10.3402 106.253 -148.665 -239.865
-9.74248 -15.1017 -1.42694 119.726 14.0538 -24.3027
-9.14546 -12.8167 0.193325 173.069 -117.635 -22.5863
-9.56473 -13.0128 0.176901 126.164 -72.9238 67.9034
-11.2753 12.6508 1.17277 -46.9683 -80.6466 138.829
-10.3661 -3.35956 1.83295 41.7655 -122.484 221.767
-9.40118 -12.7231 0.197848 125.756 -62.112 69.5021
-10.481 18.4824 -4.92102 9.47154 -22.4223 -112.109
-9.30408 -12.5858 -1.18941 124.43 -60.8478 -86.6411
-11.6551 9.13785 -0.244837 -109.888 -146.472 74.3266
-11.7519 13.138 1.14999 -121.674 -131.577 32.3628
-11.1232 13.1484 3.08268 -59.8807 -67.7213 84.2059
-9.47486 -11.784 0.0624894 97.2826 -135.637 -47.9173
-8.7902 -10.7408 -0.428636 164.906 -43.3842 -82.0082
-8.84162 -12.682 -0.00345097 158.696 -92.021 45.7202
-10.6582 0.135178 -3.40204 -24.5651 126.682 -80.2937
-9.37283 -17.7172 -0.234685 88.6481 -5.45792 63.7199
-11.1674 15.0099 -1.01904 -99.8515 -103.502 -46.2505
-10.6329 12.805 0.414466 -47.5936 -190.224 -64.095
-9.20856 -14.3799 0.244927 92.8289 -70.8711 -10.0691
-9.48103 -17.2484 -1.10285 54.5777 9.01404 -35.4214
-10.7429 16.9939 -1.03829 -71.1525 -89.9207 -18.777
-8.8334 -11.0548 1.31929 118.448 -90.285 163.417
-9.08655 -13.6655 1.55313 90.1625 -31.5464 69.1822
-10.7545 12.7074 1.25159 -77.9908 -88.3733 49.2723
-9.68188 -34.59 8.28204 27.4767 166.67 -131.812
-10.4491 17.4449 1.76348 -51.2959 -64.4048 68.2676
-9.12292 -12.5737 6.65915 62.2677 -14.0066 -38.6445
-10.1339 15.6303 0.274248 -39.1372 -62.0582 46.06
-9.19403 -14.2694 -5.74044 49.8776 -99.2171 -10.8987
-8.50991 -16.5631 -0.825497 103.68 -18.1674 -9.02944
-8.46627 -13.1811 1.82921 106.335 -40.6083 164.143
-8.7104 -13.4571 -0.559076 79.8371 -23.0025 -119.412
-8.64464 -38.4838 -2.90363 77.6061 -136.93 -41.6999
-9.92097 16.4108 1.92437 -53.4438 -69.6919 93.4188
-9.87828 16.1293 0.60339 -64.3311 -73.0044 -52.9854
-8.59222 -19.5803 0.568971 61.5471 16.0454 26.3119
-9.7298 17.2325 0.133867 -56.1241 -70.825 52.2192
-8.20535 -7.55993 1.59528 95.2763 -101.859 200.397
-7.90343 -16.1824 -1.05824 119.899 -72.5329 -42.9522
-10.4974 11.2918 0.730109 -141.265 -123.622 -1.7983
-8.19404 -18.1487 -0.014931 83.8155 35.9763 -74.1068
-9.09638 15.7904 1.75741 -13.3249 -44.8053 80.7436
-9.70224 15.0437 -0.549257 -77.5048 -91.9973 25.4856
-8.19264 -18.1913 -0.296877 70.8415 6.27873 -104.377
-7.42656 -16.8669 -1.19643 146.156 -48.5108 41.3543
-7.58976 -18.1831 0.511787 127.361 -15.8035 -12.8447
-7.34863 -17.3037 -0.000973152 147.211 20.7362 -14.4164
-8.50035 -14.6317 -0.418562 28.2271 69.6908 -50.6737
-7.37209 -15.3324 -0.498399 139.563 -39.6472 20.4233
-7.71111 -9.08023 -1.76216 100.086 -81.0535 -215.525
-9.29455 13.9162 -0.73381 -57.3659 -68.476 -68.6113
-9.2641 4.82954 -1.89556 -55.1867 -115.312 -230.793
-8.6774 15.3798 0.449476 2.16255 -34.0281 -62.3657
-7.82052 -18.8299 -1.07809 87.0557 5.72821 -76.2073
-8.07609 -17.5919 -0.386628 55.7364 -37.7354 -55.4476
-8.1963 -17.3816 -0.0282579 34.049 21.8916 -71.6259
-7.46896 -14.3245 0.840142 99.0388 114.931 86.6138
-8.21706 -20.56 -4.21375 23.0795 29.4311 -29.2403
-6.86949 -17.2391 -1.76994 152.186 -15.8935 -36.6589
-8.82636 14.3146 -2.27451 -43.7695 -60.186 -173.652
-7.46348 -17.1486 0.210657 91.3172 -3.56235 -43.0279
-7.68206 -12.4463 3.17619 65.7868 -62.5458 -83.3721
-7.90144 -14.9912 -5.34987 43.0897 0.246931 5.22706
-8.55779 -1.63953 0.4252 -23.7801 -266.745 56.365
-8.78902 14.3206 1.30093 -57.878 -67.1801 38.662
-8.59818 14.1114 0.142836 -51.9492 -62.7325 -89.4885
-6.51247 1.02091 -1.21402 152.887 -137.215 102.68
-7.25069 -17.9342 1.43863 64.2116 11.0786 46.164
-6.34806 -13.7565 -1.2452 148.387 -47.2318 -71.746
-7.01111 -15.995 0.0437204 79.8657 -2.76674 -57.2933
-8.86493 15.8923 -0.123313 -104.575 -94.7424 -24.4975
-9.04257 16.213 0.0621029 -137.174 -199.902 -235.714
-8.06125 12.4369 -6.78603 -42.2611 -30.3402 30.8213
-6.69608 -15.5825 -0.439735 91.2848 -5.97421 -109.82
-6.94602 -38.6667 5.78977 62.9913 -72.1635 51.3725
-7.69449 18.7086 -0.28639 -12.6733 -44.7448 -51.3598
-7.88411 15.615 1.17562 -35.5569 -50.4031 86.2754
-6.34742 -17.1544 -1.42412 114.187 -203.429 -99.5897
-8.85079 13.8813 -0.100957 -134.851 -103.57 19.5007
-6.38137 -13.6363 -1.79912 106.72 -93.5135 -138.648
-5.70458 -12.5562 -1.71825 172.566 -2.48103 -126.788
-8.88618 11.5497 -0.662005 -144.761 -113.679 -62.4097
-5.60442 -10.6301 -0.376072 173.689 -106.671 -118.19
-6.93903 -11.1389 -2.62199 40.9092 -148.564 -24.6928
-8.61263 13.726 -12.6986 -130.023 -45.9994 -332.512
-5.28599 -9.20592 2.29098 191.139 -156.47 85.3159
-7.5199 17.1957 0.100441 -61.5703 -61.9928 13.8003
-8.44227 15.1425 0.599226 -153.727 -101.147 -28.9838
-6.53454 -2.19244 2.51584 31.5595 -126.971 254.867
-5.6269 -14.0932 -0.813615 121.343 -24.7803 -145.317
-7.64534 16.996 1.08046 -82.9138 -65.9015 123.737
-6.79121 15.8125 0.00689924 -2.74489 57.6947 56.5702
-6.68234 -0.471864 3.23628 -5.84717 136.779 92.7345
-5.39883 -27.2471 8.89162 114.072 127.789 -86.4772
-6.97641 16.0533 -0.180266 -46.4501 -54.4982 -36.868
-5.77494 4.29508 -5.02919 67.8894 97.7607 8.61262
-5.85099 -13.0698 -1.20131 54.0382 2.85502 -185.791
-4.20713 -14.5618 0.37423 211.167 -58.9627 -47.7202
-6.61055 19.4953 0.091878 -31.5248 -47.9786 19.0589
-6.29083 17.6531 1.13562 -2.39541 -115.588 -53.91
-7.07585 13.6995 -0.868604 -86.2756 -68.264 -183.266
-6.55868 15.6539 -0.579762 -35.4747 -27.8517 -60.5788
-6.52778 18.1545 -1.85843 -33.3325 -3.25889 -152.528
-8.23883 20.169 -4.624 -208.995 -3.75182 3.15442
-7.25481 13.4501 -0.0906929 -116.631 -238.892 9.14478
-4.73695 -16.048 0.287628 133.431 -17.9228 -103.783
-6.39909 20.3485 5.32225 -33.7271 -55.89 -80.5234
-7.16678 16.6713 1.59085 -111.662 70.624 178.096
-4.98933 -12.436 2.32603 103.283 -24.1204 213.389
-4.26507 -12.3443 -0.691106 167.932 -48.1939 -123.947
-6.12145 18.2264 -1.31392 -23.6316 -42.4657 -139.253
-4.0933 -16.4658 0.906097 168.329 -29.6128 50.4417
-4.55699 -18.3155 -0.0462023 120.6 6.70008 89.2371
-4.71132 -17.9946 -0.416998 103.429 2.69959 39.8329
-4.43712 -11.8169 -1.18553 125.683 -36.4613 -177.775
-5.93524 18.1549 -2.71701 -25.8623 -39.5067 34.825
-4.94016 -15.9234 -0.770781 65.2848 8.00406 -137.052
-7.24744 13.7718 -0.260648 -166.416 -101.404 -27.1526
-4.45228 -18.1706 0.697487 105.625 -4.25519 -2.03488
-6.62619 13.4721 -1.37695 -115.39 -71.3288 -168.692
-6.05122 16.2134 -1.07082 -83.0603 -56.4676 -112.807
-3.32714 -17.1184 0.850522 182.313 -19.2737 26.8213
-3.34856 -9.17369 1.31144 171.047 -78.745 190.325
-3.06405 -8.02706 0.968072 191.008 72.6948 -5.74401
-3.86536 -20.2968 0.0635245 107.974 12.4628 -16.2974
-5.58295 14.8737 1.88371 -69.9238 -103.435 41.8841
-4.95849 -3.46545 -11.513 -13.6123 -100.996 38.5539
-5.24239 20.2869 0.287613 -43.5501 -46.5283 1.97159
-3.68137 -15.8592 0.0933451 111.39 57.1467 -15.9443
-3.87723 -19.6183 -0.0955647 88.9164 13.6694 -33.381
-4.24158 -13.0172 -9.70038 49.5437 18.516 111.678
-4.48851 3.20404 5.92368 14.7117 -135.771 10.2362
-5.05214 0.375353 -2.49303 -41.9436 -157.203 -253.105
-5.42896 6.77491 8.70938 -84.2341 -144.46 -27.1283
-2.25633 -19.3276 0.346098 222.216 -202.783 -0.334158
-6.23079 13.9724 -0.68579 -175.455 -80.5048 -70.4952
-4.08661 -18.84 7.77858 36.7873 22.3568 -80.8869
-3.43561 -18.2538 -0.269971 101 8.37642 -51.3294
-4.38194 18.1767 0.419519 -2.13458 -35.0664 143.063
-3.39275 -20.5512 3.26197 83.1106 -32.442 16.1276
-3.25691 -16.032 -0.169059 95.629 142.987 -36.3657
-5.08683 17.66 -0.844531 -90.7806 -52.535 -0.640216
-4.8705 5.49004 11.1124 -72.2006 41.4737 40.364
-4.48601 17.3184 -1.93424 -35.1045 -41.1278 -125.209
-5.50238 17.273 0.28691 -136.746 -65.4386 72.6807
-2.479 -16.0576 0.590863 147.003 -4.46193 47.9101
-4.45064 16.5626 -1.78557 -50.7129 -42.9682 -112.367
-3.54585 -19.51 -0.597337 38.9892 89.7353 -6.51803
-3.17854 -20.0805 -0.471983 67.8294 69.503 -0.407401
-5.38636 14.0637 1.36861 -160.972 -67.6342 86.8732
-2.89183 -21.6665 0.476434 86.1836 -70.7414 72.4471
-2.90374 -19.7681 -0.910924 83.5947 24.7274 -60.6181
-3.17869 -15.3119 1.46272 53.3519 15.1875 146.389
-4.5982 13.5964 -1.28579 -90.2756 -54.2355 -208.288
-2.84971 -18.4261 -0.097232 61.5919 21.5644 27.8288
-2.20053 -32.5039 5.16052 120.852 106.662 56.2577
-2.91826 -21.2376 0.2837 49.317 30.0442 -34.2309
-5.02958 14.0894 -0.926191 -176.124 -64.2734 -27.7972
-2.06995 -19.4845 -0.0404585 111.673 16.506 -64.846
-1.25423 -19.5846 4.85669 191.615 103.483 -9.51922
-1.51132 -15.0663 -0.948931 164.033 -9.60324 33.2439
-1.96982 -16.0047 -1.13212 109.316 13.8601 -93.4688
-2.80552 -18.7464 1.18463 18.4193 30.6633 74.4908
-1.89033 -17.8315 1.0218 102.348 13.1712 59.5103
-3.86438 17.9204 -1.10321 -95.6391 -46.6497 -116.34
-1.49977 -16.8591 0.506289 136.945 49.4294 -0.699283
-0.737348 -14.0705 -0.857758 202.053 -18.643 -67.3118
-4.63537 0.15939 0.230867 -189.002 -232.508 60.0268
-1.45211 -16.4088 -0.0555259 127.159 16.8031 -57.0965
-3.19051 15.3027 -6.87055 -50.4928 -28.5472 -13.6704
-3.72787 16.386 -0.640983 -108.177 -49.2362 -65.0906
-3.42566 15.9216 0.67386 -83.9395 -42.4642 82.2244
-0.904683 -21.2112 -4.82378 151.51 114.272 122.918
-2.78941 21.3034 -0.0383966 -38.0027 -151.597 7.5177
-0.51283 -15.6312 0.33428 183.535 7.26979 55.6938
-2.10001 -19.4732 -0.673324 21.0363 33.8589 -6.99626
-3.1207 15.186 2.02263 -83.0318 -43.0866 122.111
-1.19956 3.87426 5.91184 107.57 75.4352 -49.1664
-3.12918 17.1298 -0.270174 -94.0271 -43.422 71.2627
-0.0031312 -15.776 -1.15825 214.194 -88.1881 -90.7544
-4.33723 19.7524 0.721462 -217.305 -4.34899 59.0164
-1.42345 -17.572 -1.67381 71.4946 27.1353 -126.051
-3.63995 14.4705 2.11665 -151.891 -54.0598 136.818
-1.34695 -16.581 0.333913 58.0876 -17.4448 101.353
-2.21931 20.9848 -0.429156 -33.9437 -39.862 38.287
-2.92565 14.9075 0.252751 -104.451 -38.4776 116.794
-3.02311 13.6404 0.579034 -134.039 -38.0471 146.033
-1.63183 17.3391 -0.657653 3.55352 -81.8138 -23.9136
-1.47677 -14.2907 -0.46509 12.2079 115.618 1.60179
-2.51241 17.0122 -0.674793 -106.525 -43.5783 -5.35974
1.22643 -6.38059 1.00534 259.438 59.8675 -44.3505
-3.04532 16.7497 -0.0331103 -168.482 -49.0255 65.9005
-0.607114 -20.4323 0.86334 65.3938 31.6156 44.2668
-1.35567 18.1625 -0.823855 -10.0244 -34.0095 17.2087
-0.26249 -19.711 0.24979 96.7443 -21.4034 -21.6005
0.207157 1.07494 2.91017 142.719 152.206 0.660327
1.42202 -18.2248 -1.64529 262.828 -128.074 -118.907
0.106524 -19.4011 0.263246 129.368 -19.1026 -34.9634
-0.143891 -22.1509 14.3984 98.4877 14.4171 146.458
-0.292351 -17.4146 1.1976 81.2991 32.2937 89.4197
-0.607114 -17.9602 0.051333 49.5199 32.6612 -40.588
0.193966 -15.0353 4.71021 127.898 -21.1632 -84.3993
1.19887 -2.72758 -0.184221 223.327 -213.984 -19.4381
-2.58383 12.8273 1.12264 -157.083 -39.57 179.348
-0.0167695 -19.2127 0.175426 93.2381 100.233 -51.9317
-0.253824 -18.5984 0.138989 55.7541 29.3344 -65.9057
0.839611 -14.9922 -0.693924 161.95 19.6987 -143.405
0.289063 -16.4817 0.25754 107.043 25.0582 -43.2923
-1.1015 20.4791 0.325624 -33.7544 -38.1224 61.6633
0.967796 -13.4681 1.66455 169.481 18.606 127.849
-1.34354 19.9019 -1.00781 -63.3978 -38.2543 -88.6456
-0.0411198 -15.2794 1.94478 64.5541 23.2519 151.285
1.82462 -6.50443 1.50943 247.541 15.4948 152.493
-1.56741 18.7799 -0.187008 -93.3477 -38.512 2.0982
0.324344 -18.8584 0.706869 93.4564 31.5685 42.8042
0.749183 -16.9483 1.05392 135.489 33.8302 85.3488
0.386891 -18.3356 1.25912 98.958 33.1631 105.738
-1.44344 17.996 0.0516383 -82.8862 -36.814 27.9104
-1.57749 18.3566 0.98426 -114.638 -37.1859 52.6748
-2.19852 17.856 -0.49921 -181.68 46.1544 3.28582
-2.35934 12.0669 1.12719 -211.574 -28.0364 141.339
-1.94509 17.3524 1.98089 -185.503 -116.352 13.5402
-1.24981 16.9019 0.833551 -116.657 79.4743 -38.2275
-1.71795 -2.02753 7.25752 -163.371 -101.411 -34.9471
0.123697 -0.0981252 0 13.8791 0.174908 0
0.172279 18.3065 -1.77413 2.06729 -74.5535 -61.9412
-0.148499 19.7413 -1.09483 -37.4124 -34.7486 -74.8341
-0.272457 18.4534 0.128979 -49.9678 -32.5717 59.3491
1.8945 -16.2068 0.329278 147.609 106.321 64.7717
-1.21815 35.4037 -8.20231 -161.947 18.4508 -84.5329
1.6256 -17.2252 -0.76932 118.835 -27.8342 -56.1867
-0.325076 16.3354 -0.719753 -84.7435 -30.2967 -128.19
0.327616 19.3874 0.406603 -20.4854 -34.8418 -10.6567
1.43592 -18.8473 -0.643755 88.9288 37.0568 -39.5709
-1.19658 13.2955 1.34878 -173.403 -19.5547 112.852
1.58184 -19.6112 0.508828 102.4 37.828 91.0638
-0.294849 17.6003 1.7877 -85.0493 -31.5836 149.494
-0.367112 17.8072 1.22024 -93.7918 -32.8703 85.2
-0.314596 18.8233 1.23084 -90.7739 -29.8399 83.5635
-1.41422 14.2375 1.04843 -200.852 -30.836 76.1737
0.128308 21.0717 0.15136 -47.7528 -35.2296 -44.1174
-1.14459 16.2637 0.0330301 -176.219 -20.9461 -43.3056
-1.14356 16.6304 1.23701 -177.367 -28.0941 90.5652
-0.310633 20.7086 0.730534 -96.2159 -39.6396 21.753
-0.507852 20.0439 0.547533 -116.092 -33.2184 3.32174
0.993943 -18.3624 -0.788042 9.1629 33.2149 -17.0975
-0.794382 15.2272 -1.46016 -186.517 -8.2173 -102.283
0.545515 18.2274 -0.460957 -56.3139 -26.5504 22.5558
-0.105314 19.0401 -0.68121 -134.22 -21.4082 0.928212
2.15781 -17.1931 -0.528917 65.9685 37.0302 58.0125
0.104857 13.0648 1.87449 -139.241 -12.4699 167.746
2.31416 -18.215 -0.526011 73.0352 39.3221 65.319
3.26634 -14.2741 -1.32039 166.795 52.3694 -120.837
3.27605 -16.4795 0.0976551 165.222 38.0937 4.58145
2.15772 -35.2387 -2.18518 38.0467 -92.4698 1.01766
2.45183 -20.644 -0.821699 63.7763 42.5431 48.6022
0.489927 16.1857 0.17056 -131.848 -12.9192 -33.5364
-0.0763147 15.7007 0.850672 -189.459 -9.36169 44.4434
2.96875 -15.9409 0.0438639 111.394 47.6498 35.2453
2.38261 -17.8474 -1.17342 48.8414 35.078 -138.544
0.998499 17.691 1.43297 -91.7204 -9.62479 103.288
1.67949 18.4381 1.4522 -26.1428 -32.0291 102.438
2.20611 -19.1796 -0.516419 13.0137 35.0414 -65.3321
3.11535 -18.5521 -0.0766247 99.4112 -0.77411 18.3456
1.53873 20.4224 -0.00702075 -64.4199 -29.5001 -67.6289
2.39131 -20.3353 -0.801322 19.6012 37.7201 -97.7459
3.49791 -17.65 0.770601 93.3519 44.4544 -11.2208
4.56794 -8.62727 -4.5614 181.109 117.401 -83.2469
1.9642 16.9629 0.206006 -77.6855 -19.843 -95.0546
0.961967 23.8913 -5.26205 -182.697 -151.632 92.012
2.41633 17.9369 1.32954 -44.5793 -24.2669 24.0212
4.40086 -13.586 -0.389916 151.83 63.8155 -84.332
4.70917 -13.823 0.516699 179.286 70.3606 16.5449
1.98066 2.78366 9.54802 -96.9954 -8.61365 113.868
2.24825 0.43849 1.0391 -88.1567 197.801 -30.3755
2.71067 17.7252 -0.106409 -52.1216 -25.1269 30.3516
4.06298 -15.0529 -1.00262 81.9862 47.5368 -156.869
4.66393 -12.9467 -6.14984 141.033 -0.824127 61.3378
2.49815 20.3559 0.646951 -77.456 -24.1842 -69.2395
2.92003 18.4823 0.0280521 -43.525 -18.5479 46.4778
2.35324 18.2108 -0.251703 -99.969 -14.4118 14.9684
2.70829 18.3814 -0.0840113 -65.3843 -31.7371 35.256
4.63896 -16.8854 -1.01012 126.338 28.6113 -78.2397
4.6406 -15.8885 0.860028 124.392 57.8286 49.4656
2.87216 21.2676 1.40902 -52.3005 -30.3393 9.60293
4.57239 -17.8269 0.0361363 114.623 48.8147 -5.10528
3.5692 -16.48 -1.73297 9.37463 55.9882 -160.153
3.01864 11.2592 -5.69443 -53.1273 99.6493 131.288
2.25342 0.885038 -8.02576 -139.41 -23.6844 -114.221
2.0674 14.4337 -1.0781 -168.368 16.3285 -150.554
5.14262 -13.2967 -1.10096 130.792 37.3955 160.106
2.90683 9.70744 9.58947 -104.494 27.7946 -80.1149
2.34904 16.7281 0.760865 -161.969 6.09552 13.5887
1.529 8.15467 -0.322281 -246.551 136.302 -49.6206
4.27553 -19.3706 0.165847 25.0801 43.0667 58.7864
2.60958 15.6534 0.561431 -144.773 4.05769 30.6526
5.72605 -12.363 1.07419 160.94 92.5636 91.2118
5.26242 -35.0591 -8.72264 114.638 31.4278 -65.827
4.79629 -20.2122 -0.752876 62.5795 50.6844 -42.4465
3.25846 16.5017 0.586239 -98.5005 -7.01988 31.4751
5.56206 -10.5637 2.79987 119.063 -103.968 -54.4453
6.04387 -14.0271 0.0487292 144.005 73.3412 -34.4476
3.56388 17.3821 -0.410694 -103.154 -25.1106 96.6915
5.91873 -13.7666 1.43198 117.955 67.996 115.076
5.39053 -1.26741 2.25669 64.1328 185.947 37.3482
5.73412 -14.4224 4.48296 98.2617 114.782 53.1376
3.89316 15.3817 3.9237 -89.9367 -33.6933 60.6697
3.91124 15.1105 -1.44302 -101.73 108.28 -98.4045
4.41743 19.7021 0.687521 -61.8314 -21.8231 35.9382
6.12104 -15.4548 1.36251 101.349 70.1178 106.216
5.98619 -15.5564 0.175267 87.0218 58.6465 -21.4756
6.43051 -15.8474 -0.458932 122.448 69.3579 -96.261
3.92676 15.7698 -0.478339 -126.484 -22.533 -56.2373
4.56571 8.91502 6.66508 -64.7397 -133.051 131.727
3.85738 16.3554 -0.53176 -140.972 97.7469 -117.269
4.47957 16.4367 0.874357 -83.8301 -6.33615 96.9154
5.95203 -16.3813 1.26281 55.7762 49.5058 95.9509
4.89512 16.7317 -0.352415 -50.57 -15.4154 -40.7579
6.28897 -19.0537 -1.68945 84.5861 272.63 144.394
4.17362 17.0198 -0.853883 -130.168 -97.087 -161.4
6.95404 -17.0115 0.256857 134.93 81.4073 -19.405
5.4064 17.0398 -4.17139 -36.0603 29.4709 -237.522
7.27246 -12.0301 -1.47279 146.949 101.545 -119.082
4.85613 18.3768 0.212237 -109.866 -5.3521 26.4481
5.95811 -8.90389 -7.8152 -8.93608 -71.6452 94.9699
6.94165 -18.4748 0.0437045 86.2032 63.201 -46.8586
4.42139 9.48625 1.9689 -184.434 103.401 167.152
5.51445 18.9452 1.54414 -76.4392 -8.65141 97.2344
7.63502 -15.3742 0.913133 125.531 77.1411 38.1739
4.62927 11.8867 -1.35543 -173.059 61.8608 -144.956
5.28921 16.662 0.0582869 -109.526 10.1987 49.1874
7.12199 -19.4824 0.55529 70.4673 61.0805 7.85423
7.64098 -15.6265 -0.205056 113.73 79.5614 -88.3854
6.86601 -13.1489 -2.97578 35.5619 -21.441 142.107
6.04304 18.8351 -0.855338 -48.5555 30.2749 82.0634
6.91051 -15.3526 -0.727863 36.4992 49.6315 -70.7729
5.06136 17.0841 -0.763776 -148.251 22.7553 -42.2513
5.40121 25.1284 -10.4865 -115.419 -40.4033 8.91403
4.98988 15.902 -0.19856 -164.015 35.5742 -28.7378
7.70228 -16.0342 0.595762 104.368 73.8525 0.0400679
5.35631 13.6631 -0.0759688 -129.945 34.9078 -118.454
7.7844 -16.2593 -1.02134 110.31 5.37413 -101.59
5.38017 32.9657 -0.867525 -133.372 -218.966 136.365
7.82686 -18.2959 -4.99875 108.512 97.2076 9.64503
8.06318 -16.5689 -1.61062 126.245 51.5959 -200.034
5.83568 16.2637 0.524392 -97.3863 7.8645 52.1266
5.6197 7.68807 5.62829 -119.416 170.761 -47.6104
7.32851 -19.8643 0.141355 48.731 55.2904 -48.7208
8.49968 -15.793 0.429847 156.289 129.973 54.875
5.50188 14.3341 0.388188 -144.605 46.6731 -71.0354
8.39822 -16.4303 0.256044 135.702 91.1434 40.6219
7.3713 9.90381 -10.9517 27.2869 -22.453 28.0759
8.22175 -17.354 0.60838 102.353 74.402 -3.84585
7.28452 -16.6383 0.0919553 9.02316 42.21 53.215
7.88865 -15.3161 -1.15632 63.1024 64.7211 -73.0157
7.14903 16.8809 0.200822 -29.0437 -23.0716 87.3219
8.84175 -9.25251 4.80281 135.898 34.6433 -88.0383
8.57543 -12.0568 0.870677 97.3217 86.8321 134.145
5.85049 14.2187 -0.675692 -180.55 58.0875 -67.2004
6.47163 18.2818 -0.205636 -119.073 9.54872 -30.6142
8.0953 -14.622 1.22276 38.8249 55.4875 119.515
6.25706 9.07125 1.91613 -152.972 101.327 185.793
6.87766 15.9228 0.798062 -93.1422 14.0165 -40.523
6.89805 20.6119 1.0954 -94.3756 -57.5301 -16.5817
7.24758 14.5748 1.23511 -62.2486 4.93548 110.399
8.48115 -17.3716 4.64886 58.6692 92.4509 -165.482
8.9207 -16.675 -0.388179 99.1659 85.2239 18.6734
8.7534 -12.6993 -1.99204 78.7045 78.9704 -185.43
6.95365 21.0247 6.80904 -107.079 -29.8161 -36.0335
7.62759 14.8696 -1.0074 -40.7238 14.7309 -106.215
7.274 14.4818 -0.91349 -79.8184 -14.043 -90.9667
8.30238 -17.2179 -0.495113 18.9404 47.8463 7.42384
9.11788 -10.0422 -0.168791 97.5095 93.7446 -151.939
7.24954 13.5567 -1.13341 -93.6812 128.499 67.6525
6.84569 27.4182 -4.97133 -137.125 -121.068 109.003
7.2494 18.0291 6.92374 -97.4343 6.69062 -77.4278
7.71185 18.7766 0.724767 -67.1717 -9.0516 28.3068
6.56036 15.6286 -0.00377526 -182.73 65.9827 9.03208
9.36005 -13.5888 -0.680378 84.2544 83.2266 -35.6245
7.24235 17.4671 0.782325 -128.88 30.1802 -53.8175
8.08914 15.7532 0.0706504 -57.0452 -4.24498 17.8546
8.1157 16.0662 1.38709 -58.0732 -1.35778 124.45
9.12471 -14.9171 -0.899674 16.3813 54.5977 -43.2044
7.73804 14.6756 -0.847722 -125.977 112.295 -20.1736
9.34491 -16.7 -1.41253 26.4035 52.1791 18.6605
10.4016 -11.0914 1.89531 129.646 123.598 63.5754
10.1701 -13.3054 -0.657072 106.487 216.147 -36.8593
7.1437 13.9988 -1.18876 -199.678 24.5427 -56.3195
10.0987 -15.1418 -1.06888 88.377 69.285 -41.6404
10.1769 -16.0291 0.639287 94.404 -31.3118 73.6974
9.94562 -7.15156 1.78917 67.9184 110.417 190.769
9.66287 -11.8659 -9.81481 35.4635 38.2591 -12.2063
9.15912 8.78938 2.15789 -41.1875 15.1512 236.683
10.9556 -10.5806 -1.42583 128.903 138.014 -83.2037
8.57428 17.8263 0.524622 -115.556 20.9215 69.9535
8.50651 21.4227 2.91793 -127.804 -84.0162 -41.6358
10.3003 -16.403 -0.566978 44.219 83.8827 35.8431
8.28682 14.2861 0.250995 -159.605 66.8919 78.1268
8.86563 14.1118 -0.915336 -102.353 36.0286 -52.9185
10.613 -8.08858 -0.693089 64.1085 104.736 -201.58
10.3551 -11.4665 1.14976 38.175 66.7315 207.412
10.3791 -12.464 -8.54519 26.5741 18.4095 -71.3351
9.67537 14.5336 -0.238275 -65.8498 6.92016 25.7668
9.70447 14.6361 1.00627 -66.6548 10.4831 21.6187
11.5599 -11.6088 -0.915708 110.989 125.882 -19.9861
10.0053 14.6128 0.560975 -43.9698 -7.76009 -29.2189
11.7157 -7.74325 1.06791 118.8 172.702 108.436
9.5086 6.22657 -0.995712 -115.136 188.27 -119.245
9.34248 10.68 0.676953 -140.824 118.073 69.9081
9.75051 15.3539 1.86511 -102.202 33.5225 114.766
11.6968 -12.081 -0.734208 88.5506 119.308 -1.14591
11.0256 0.050608 1.24376 21.3281 227.374 132.762
12.0739 -10.0563 0.253238 122.862 154.478 32.8894
9.70508 10.4206 -1.11573 -112.58 77.6695 -131.297
10.1971 13.8146 -1.50075 -64.7598 13.0934 -79.6966
10.2935 11.5892 -2.00043 -55.1912 14.0377 -202.65
10.5935 9.24067 -3.65783 -33.564 141.116 27.7374
11.7106 -11.0258 -1.41876 76.309 108.663 -37.2788
11.5909 -8.02893 -6.92163 63.1431 -13.7582 -40.6002
10.1959 11.9588 -1.14796 -80.0178 29.7954 -170.606
10.001 8.94884 -2.02334 -101.301 103.272 -154.834
11.8674 -10.7035 0.526094 73.185 109.474 63.6007
9.73185 11.1124 -0.295625 -139.106 128.461 -39.4306
10.3084 15.8989 1.6037 -90.05 23.438 81.449
11.4967 -12.0768 -0.740556 26.7375 17.6815 83.9364
11.3968 -18.3196 -0.286091 12.7904 51.7899 21.2601
9.76737 34.9525 -13.2827 -151.191 -88.9267 88.0101
11.8165 -12.7338 0.118725 45.8167 81.7402 127.904
12.0134 -2.40191 0.241013 64.8948 223.428 4.46816
10.0288 13.7365 -0.96997 -136.095 72.3598 12.6919
11.5853 -13.669 0.135876 13.447 193.605 -9.07773
10.4194 11.203 -1.1416 -112.972 92.2815 -134.61
10.8997 6.36546 1.56363 -75.3005 153.659 167.178
12.853 -13.0864 -2.16351 113.667 133.173 -156.113
10.4696 11.5511 -0.684083 -131.36 109.529 -83.3979
10.9136 12.628 0.600592 -88.7641 42.4129 47.0232
12.8892 -14.3945 -0.843012 101.449 24.9865 14.3094
12.5204 -14.7973 2.82058 50.6949 174.187 156.585
12.3722 -14.3149 -0.395313 31.8328 66.2632 -122.685
12.8139 2.42826 -1.86806 71.3205 -21.4451 100.62
12.9486 -9.88757 0.625289 82.7104 132.42 131.976
11.3304 5.21443 -0.238132 -78.8146 233.952 -18.282
11.5289 12.9611 1.17019 -61.1676 14.2779 155.705
13.0856 -14.1844 -0.899525 90.0086 68.8216 -11.0258
12.3735 -15.4291 1.86227 17.6023 17.0326 -69.4536
11.7364 7.00418 -2.01425 -46.0976 29.4748 -198.869
10.9687 15.2284 1.11973 -122.803 51.9495 91.1535
11.6917 12.7842 0.617798 -51.2472 7.82393 48.1816
12.6842 -5.44387 -1.3544 40.2313 138.193 -143.481
11.4304 13.2223 -0.575724 -90.5112 46.5824 -85.888
12.424 -12.0123 -0.517392 8.03427 51.1563 -89.8894
11.3734 6.39895 -0.864425 -97.907 196.672 -101.35
11.2084 15.991 -0.70245 -115.508 48.5028 21.9228
11.6703 10.7506 -1.21147 -82.8681 63.4575 -162.994
12.2785 3.46682 -2.27693 -29.5235 23.0207 -246.683
12.9455 -12.0546 0.355524 33.9075 79.3521 7.30377
11.6258 13.6007 0.207903 -104.08 51.8781 1.48598
11.2672 12.2738 -0.815469 -140.805 100.732 -98.6429
11.6397 9.56977 3.89865 -107.174 104.736 130.024
12.2351 14.4032 -1.49287 -49.0294 -4.12348 24.8651
11.7122 10.3019 -0.198576 -108.2 108.643 61.6441
13.1235 -16.4124 1.73476 27.3839 64.1502 -13.0194
12.7715 2.99556 0.0419978 -18.6307 232.153 26.7328
12.0435 10.8211 -0.439025 -101.165 83.734 -35.69
13.3733 -6.53666 1.47818 29.7526 103.456 141.171
13.4796 -15.0959 -1.20111 38.0652 81.839 -31.8916
12.1829 12.4485 -0.615284 -96.3003 67.4199 -76.4779
12.2284 9.99158 0.964995 -98.7491 93.5658 -160.756
12.1085 10.8159 -0.636983 -111.761 112.574 -35.307
13.8565 -15.8325 0.564474 60.6522 224.832 -19.4505
13.523 -15.1752 -0.385445 21.5874 62.3499 90.6436
14.0042 -11.0486 -0.995327 68.644 122.247 -43.8813
12.4934 10.8909 0.0993049 -86.9749 63.3227 25.0508
12.3477 14.7495 -0.758842 -115.093 59.9836 -58.1101
14.0741 -13.8841 -0.995743 55.4106 99.0365 38.3645
14.0604 -10.0957 0.585506 51.9736 113.62 21.3362
13.3667 -0.711656 1.84241 -22.607 19.6154 201.531
12.2725 12.9643 0.403817 -131.681 84.0221 37.6362
12.6347 14.8488 0.0502455 -103.263 49.4582 33.0383
13.681 -5.24444 2.64229 -3.42925 223.048 270.612
12.6811 9.93622 -4.07791 -104.445 94.9586 -101.045
14.0138 -13.2098 -0.57939 27.7789 76.9039 -100.49
13.2221 3.90146 -0.510166 -53.0215 188.89 -27.6753
14.3547 -10.1376 -0.13575 48.0563 116.812 19.818
13.5142 2.1949 1.5511 -43.9479 134.537 197.705
13.2727 14.6727 -0.016496 -69.7432 14.7047 -26.0249
13.0477 13.0635 0.582689 -95.639 48.876 57.4469
13.5821 10.5434 -1.13581 -44.8071 8.75881 -138.31
14.3321 -9.87354 -1.81297 24.579 84.3577 -46.9082
14.2491 -2.38085 -1.25277 14.8373 127.701 -135.046
13.6248 2.6248 0.202465 -47.8398 181.605 46.6329
13.3616 15.1847 -0.560795 -79.8941 25.3015 -34.4734
14.3099 9.97528 1.54596 12.9172 117.2 -60.8194
13.3164 8.78992 -0.726741 -87.0709 108.714 -50.0626
14.7535 -8.53955 0.0319857 55.2151 128.877 -85.8282
14.9764 -6.21684 -0.327863 69.0766 175.129 -26.9008
14.4876 -13.219 -2.00013 19.0087 67.9754 -82.0895
13.2032 9.23389 -0.483597 -115.786 17.0125 -101.598
15.0492 -3.386 -1.75705 59.2781 314.65 -310.959
13.91 -2.48496 5.54874 -55.5512 -14.4958 -38.7511
14.8044 -6.84188 0.688175 30.9412 115.201 87.2163
13.8313 9.8197 -0.00262452 -69.2881 52.9816 -16.6325
14.22 13.4673 -0.555069 -36.7122 -10.4755 -44.0397
14.1179 15.9684 0.223556 -48.913 -15.8959 10.315
13.613 20.3084 4.19842 -100.962 -108.714 -149.127
13.6379 10.3927 -2.17626 -99.8705 198.928 -64.1624
14.7126 2.11764 7.21453 1.50473 67.1899 26.604
14.6109 -9.57338 1.25868 -18.9476 27.5649 115.559
15.3502 -6.7429 -0.0763877 52.7914 147.641 1.67257
14.9139 -9.44694 0.952729 8.69737 70.8908 13.8761
14.0278 10.2497 -0.308443 -83.9504 85.9302 -86.2357
15.2663 -8.92572 0.349548 38.2903 106.794 79.5601
14.0154 7.5753 -0.532988 -86.7642 133.517 -70.3642
14.5404 2.9207 0.58422 -34.7007 208.192 52.7821
14.4233 3.7677 -0.778682 -52.5564 127.782 -168.521
14.896 -4.1478 -0.756852 -8.20889 -3.89228 89.9214
15.2856 -5.36021 -0.182765 26.9872 131.132 -29.6199
15.0861 -8.64822 -3.95869 4.20508 64.6892 -0.924803
14.1179 13.7732 -0.0343847 -93.4738 54.7083 27.7632
15.588 -8.84515 -0.6004 50.604 135.902 -93.6541
15.0782 -10.911 -0.72754 -2.63265 51.4715 85.8424
15.3393 -7.33858 0.615113 20.0929 97.8497 79.4534
15.073 -1.685 1.68002 -7.32087 120.668 179.015
14.2688 9.17622 -0.397816 -89.0808 91.6336 -10.989
14.4733 12.0704 -0.342012 -69.3068 36.5192 -22.5555
14.8228 3.40539 7.2958 -36.3005 78.7518 -96.9489
15.3962 -7.80586 -0.91714 17.5195 97.163 -131.603
15.2721 -2.88685 1.67861 4.58592 120.781 93.445
14.3639 7.13143 0.292264 -86.2002 155.998 27.4053
14.7756 2.64327 -0.41083 -50.4601 174.242 -20.1815
15.3882 2.81037 2.85172 5.97846 -67.3996 53.4138
14.6436 9.02044 -0.0952287 -68.0101 62.5117 23.3795
14.8959 14.2032 -0.50591 -43.3772 -4.81036 -37.6021
15.6312 -4.63929 -0.429767 24.2391 143.965 -78.652
14.7961 18.9871 -4.5855 -62.6074 190.799 11.9718
15.3304 -6.66794 1.71314 -10.3262 117.011 64.8651
15.8863 -6.9368 0.783404 44.521 94.4833 6.83854
15.0978 8.933 1.1515 -52.164 33.2143 163.964
14.7885 7.00775 0.160468 -84.8049 124.574 12.4708
15.8928 -4.36811 -1.80561 23.1478 145.388 -141.472
15.4727 0.20487 0.679184 -19.3125 137.675 70.2209
15.0473 28.4537 -15.8661 -66.0627 51.8051 54.2034
14.8513 7.75322 -0.527929 -86.7509 112.988 -70.3934
15.8692 -13.0987 -0.587132 12.3253 70.475 -82.715
15.261 5.11468 -1.06479 -51.9284 115.056 -108.447
14.9192 7.71081 0.948089 -87.5983 104.573 95.1647
15.0556 14.0316 -0.154498 -77.1418 40.1599 18.6804
15.6531 -14.0122 -3.07265 -18.5784 141.919 89.8196
16.229 -7.37444 0.712181 38.186 138.096 90.8461
15.8005 -13.3568 0.178134 -5.27653 50.1359 3.0552
16.086 -4.89523 0.757916 20.3504 136.347 53.642
15.4975 6.9464 1.52314 -38.318 12.0674 159.587
15.1891 10.7263 1.17359 -74.1734 62.0547 76.2985
15.3899 4.86105 -0.861018 -54.305 82.2196 -85.4778
15.3464 6.75693 0.969478 -61.1837 81.6432 103.12
15.6964 2.53414 -0.145274 -28.3018 156.186 10.8455
16.1734 -6.59892 -1.4232 15.3076 99.4658 -120.276
15.9379 -10.1736 -0.27196 -9.29612 48.1499 12.7874
15.2365 4.86122 1.03538 -80.5415 91.2566 79.7258
15.3791 14.6884 -0.276014 -68.878 17.8631 -40.0955
15.6354 2.09696 -1.51165 -45.4151 106.398 -142.309
15.9698 -9.04869 -0.0742411 -17.3802 34.5431 -57.6046
16.3468 -3.50789 -1.36636 15.0571 157.055 -82.7303
16.6356 -8.25013 0.333586 43.5638 132.13 -12.2206
15.4785 7.90903 0.0569954 -78.677 103.572 -5.16034
15.9179 9.07876 0.160416 -40.3173 5.0734 54.3585
16.3691 -2.99365 -0.485914 1.6035 121.539 -48.1282
16.0125 4.90039 0.685539 -34.4166 69.0957 91.3884
16.5442 -10.1801 0.70411 13.3902 77.4234 123.396
15.2429 11.5929 0.114975 -117.432 36.9766 -10.0225
16.5028 -1.79448 0.841837 -3.75724 136.989 84.0928
16.1754 3.28803 -0.649174 -38.6774 41.7072 -162.864
16.1874 2.58768 -0.505031 -40.5002 157.374 -28.4991
16.4235 0.369921 -0.0154088 -17.9304 139.271 -14.4873
16.4406 -0.0420798 -1.4577 -21.3202 93.3222 -176.352
16.28 -14.4207 4.13833 -41.0088 56.0626 77.8072
16.0257 5.66182 -0.0269591 -67.0172 150.207 8.63043
16.4462 -0.464418 0.960861 -26.9001 70.2114 101.427
16.6541 -0.795767 0.471685 -7.54051 170.323 73.4576
16.8051 -2.92064 0.390436 4.69185 161.719 -60.6363
16.7639 2.59028 -3.07296 -1.47198 95.8374 20.8567
16.159 11.0985 0.333473 -62.7988 31.6997 18.5116
16.5863 -2.71252 -0.887069 -23.7943 39.3451 -110.058
16.2261 11.3481 0.0462132 -61.9306 29.7901 -34.7788
16.4427 2.49057 -0.540781 -40.7479 144.41 -32.0722
16.9664 -9.07033 0.946706 9.4704 81.423 54.6333
16.4916 5.94308 -0.957132 -38.0303 24.479 -143.795
16.52 -3.51797 -2.26788 -36.7323 91.1543 -112.195
15.9868 11.5584 0.313844 -90.3324 87.602 -23.4574
16.1964 9.87839 -0.282522 -70.0938 60.9304 5.87477
16.5326 3.14013 1.77219 -38.9316 71.2229 171.488
16.6561 0.542381 0.184499 -26.7949 78.1528 84.9628
16.372 6.98065 0.244664 -61.7121 62.8877 21.4273
16.9939 2.19978 -0.382462 -9.51257 114.578 -45.4554
16.8991 9.3862 -0.238141 -22.8182 -8.19787 -4.41883
17.3541 -6.40312 -0.112656 19.8643 121.582 40.6029
16.3953 8.11673 -0.849226 -75.914 83.6532 -107.477
16.3152 -1.9259 3.23282 -87.0895 -13.1082 57.4987
16.7618 10.9924 0.580507 -42.8753 -1.25401 5.23271
16.9525 -0.317213 -0.476388 -26.9594 90.444 -60.0286
17.2425 -4.16498 -0.148887 1.20045 117.944 58.3099
16.6991 1.92367 0.214342 -54.509 72.5412 41.0107
17.1204 -2.26222 0.193256 -14.8651 99.1686 10.8717
17.3249 -3.00014 -0.441306 5.0976 146.672 -42.7617
16.1145 6.2668 2.75889 -115.22 7.07309 68.8956
17.0241 -0.758096 1.13924 -27.8519 41.559 121.218
17.2996 -6.83903 0.511293 -3.46725 76.4838 46.8703
17.0774 2.09227 0.445036 -28.3938 95.5039 79.4314
17.2158 -1.39444 0.213925 -15.6442 112.991 45.3149
17.3478 -5.53988 -0.399947 -3.52933 82.4909 22.8414
17.5622 -7.0602 -0.502243 16.0885 120.079 -13.5468
17.1689 -4.74218 -1.19847 -23.1942 60.4029 -19.8013
17.5892 -8.54228 -0.882616 16.7814 101.311 -87.0254
17.7124 1.16218 -0.380128 20.8728 -25.29 3.45846
17.9319 -8.2431 0.363464 42.5167 267.801 -5.54288
17.6665 -12.2319 0.28203 15.9489 208.455 14.7212
17.5736 -4.83087 0.202275 4.92909 156.697 4.60925
17.4114 -1.02222 0.206616 -14.9924 157.702 44.7278
17.4732 -8.29692 1.31893 -10.2679 58.0256 63.4957
16.8347 3.10375 -0.52389 -76.7668 199.442 -20.2186
17.07 6.11921 2.70694 -53.9393 45.9376 1.41897
17.0507 11.61 1.45101 -56.2252 140.26 -24.8274
17.686 -4.80497 1.22819 5.91548 56.546 114.674
17.0794 7.26721 -0.206726 -61.6791 64.9393 -29.4712
17.6097 1.15294 2.74464 -12.0654 -32.0157 -10.3717
17.3932 5.16618 0.131395 -36.4528 59.4533 12.9756
17.7489 -1.25579 0.416872 -9.75316 175.87 7.48643
17.6657 -4.19459 0.327768 -19.6417 50.2367 -74.3809
18.1053 -5.98351 0.0931087 22.1941 144.648 -46.4214
17.4654 11.4697 0.530119 -43.8234 1.01533 -2.90871
17.9021 -6.07266 0.621327 -2.24487 91.2025 34.3339
17.4715 5.18558 0.301016 -47.2561 59.724 46.3201
17.3493 6.48704 0.294183 -60.6705 74.4873 21.5331
17.5541 6.3141 -0.0663296 -40.6287 24.6719 -46.1933
17.6932 1.95954 -0.306589 -37.1155 75.0387 -3.72194
17.887 -6.37017 2.52666 -19.9603 56.3712 65.8029
18.1557 -4.73209 -1.00528 5.64346 108.796 -36.431
17.6072 6.92665 -3.03909 -49.8595 49.9287 -34.6455
17.2989 7.82128 -0.0513828 -82.6679 109.797 -12.1862
17.6723 8.01679 -0.434037 -45.7517 23.5964 -61.6124
17.6317 10.1923 -1.2861 -51.3614 17.1692 -103.896
18.1075 -0.629629 -0.723185 -6.19282 67.197 30.0703
17.7972 -5.74707 3.3872 -40.3394 30.3937 118.852
17.8359 1.9128 0.592015 -37.101 68.4078 50.8048
18.1925 -9.98751 0.458305 -2.69834 65.4002 -4.24436
18.3423 -4.90462 2.54927 9.11495 59.317 7.17182
18.1648 -8.1036 0.450741 -12.6803 55.2747 74.17
18.0957 -3.09857 0.881207 -28.6963 27.8041 87.3727
18.0451 -0.141816 1.78943 -34.7648 42.931 -1.1841
18.2832 -4.51657 -1.406 -22.5983 49.5376 54.5156
18.3281 -9.57949 0.179889 -19.0732 42.739 7.17923
18.269 -5.36322 -0.628254 -27.1677 26.9487 10.0931
18.4506 -8.16151 -0.218387 -10.1965 62.6912 -0.567134
18.5743 -8.27687 -3.47649 1.62685 83.3416 8.71659
18.5049 -5.95357 1.29234 -8.9758 80.208 19.4425
18.4598 -2.56985 0.98694 -19.0464 92.8179 99.062
18.319 9.31584 -1.91116 -34.0704 116.795 -101.596
18.1487 8.42195 0.898452 -58.7039 40.3864 87.4728
18.3455 23.8016 -7.00989 -45.3201 49.9768 -69.3796
18.6881 -9.70014 0.0898708 -11.6225 53.5541 23.0201
18.6823 -1.30878 -0.865862 -12.2472 144.902 -74.0756
18.2833 5.67095 0.608836 -55.1751 122.09 115.051
18.6239 -2.84133 -0.707288 -21.6448 66.1883 -91.1511
18.554 -0.467544 -0.098628 -29.8539 58.4915 -25.5455
18.7864 -12.0459 0.616558 -8.14348 89.9313 27.1024
18.356 -7.6459 -3.3809 -51.4555 6.57255 -26.3067
18.5444 4.98897 -0.0103889 -36.5868 9.13092 12.0655
18.5607 1.4981 1.29027 -35.364 103.106 85.8826
18.5441 4.89382 -1.01752 -38.5893 -19.9594 -54.9366
18.4753 -6.7215 2.433 -46.3703 167.261 11.5788
18.6043 1.6038 0.64478 -35.7606 27.6484 56.0746
18.9663 -6.36826 -0.0934739 -0.394385 103.201 -47.9365
18.477 4.23416 0.297252 -55.1001 99.3785 -70.0131
18.5469 4.96484 -0.411416 -48.7357 31.2641 -45.326
18.6986 1.90649 -0.898683 -33.8271 61.244 -68.4947
18.5836 5.78112 0.758861 -49.4983 87.9563 86.8922
19.1718 -4.37475 1.60609 -15.9785 73.0414 59.8684
18.7984 7.7365 0.344549 -55.2705 46.8494 31.7912
19.1056 1.90648 -0.621538 -32.2626 58.0841 -36.7295
19.0995 5.50993 0.679536 -50.4732 47.7751 89.9523
19.5859 1.7873 -1.98751 -7.24006 41.3106 41.3627
19.5436 -4.9605 3.54342 -12.8257 50.9582 -31.4509
19.6907 5.22258 -3.24993 -3.55483 165.919 -102.8
19.4108 2.05639 0.396668 -38.6384 71.733 27.5205
19.572 -0.768233 0.380422 -29.1531 59.1846 35.0975
19.6742 -4.652 1.75965 -20.4174 57.7563 73.7216
19.505 5.47638 -0.478551 -45.4225 33.4923 -39.7345
19.4727 7.75674 -0.179998 -52.8405 22.4706 -25.0205
19.8458 -0.261949 0.25972 -29.1078 117.995 21.45
19.8296 2.2338 0.239312 -42.6636 88.2479 61.2497
20.0557 -3.0095 -0.121043 -22.1592 76.7085 -26.2734
19.9305 12.1241 3.24287 -39.7743 155.404 23.4559
19.9903 -2.66033 0.370343 -33.9475 16.5657 66.4727
20.2451 -6.80158 -0.534048 -16.5413 62.9998 19.5356
20.2673 2.2348 -0.0612076 -37.9022 85.1845 28.2035
20.351 1.87659 0.45988 -50.5867 55.5976 77.1214
20.5714 1.39589 2.02893 -34.4924 1.71592 -30.8815
23.648 12.9657 3.89821 -25.4288 41.1433 -50.5547
24.728 -2.78895 7.46074 -36.2425 112.461 -10.5274
29.3721 -10.2755 -8.79041 -20.4388 3.2419 34.1972
nan nan nan nan nan nan
20.1375 16.3333 -7.63658 -77.7369 -21.3068 19.088
25.931 -11.8109 6.21913 -4.70468 151.105 -67.3126
