-21.545 -10.4587 -14.2566 -94.2216 -147.851 -60.7893
-20.3073 -5.43278 0.769078 -10.1614 -127.871 -29.8106
-19.8079 2.48969 0.416846 -125.216 -12.7265 -20.4891
-18.1395 -5.54338 -5.19418 -13.7912 -246.551 30.4958
-18.709 -1.27276 -0.0777327 -75.6785 -142.524 8.75778
-18.742 2.33833 -0.778103 -114.429 -93.0729 11.8248
-18.2406 6.95332 0.569398 -73.447 22.7438 -50.544
-18.4727 16.8729 -12.3564 -105.693 -23.9769 121.001
-17.7831 -38.2741 8.38049 -38.8116 -160.252 -54.5718
-18.4831 -2.58267 0.102973 -113.063 -27.0712 22.0849
-18.3021 1.12227 0.629312 -111.141 -67.8819 -1.74403
-17.8664 -2.02758 -3.50712 -71.3771 -142.866 38.2292
-18.2528 2.09631 4.68691 -115.748 -72.9809 44.215
-17.8968 -2.44399 -0.403722 -85.1839 -100.278 19.1081
-18.1835 4.48721 0.0927459 -118.435 -82.3164 -9.4996
-18.0824 1.06685 -2.24053 -111.438 66.9636 55.7736
-17.8111 3.76123 -3.54175 -99.2364 -111.325 45.7059
-17.7008 -0.376556 1.49263 -91.7336 -94.7115 -57.2565
-17.1805 -5.31405 0.396859 -46.4023 -141.743 -16.8555
-18.0585 7.39251 -0.984902 -134.637 -31.7904 0.916547
-17.5695 -1.11741 -2.81853 -87.0037 -51.5899 66.1693
-16.749 -9.5978 -12.413 -12.1534 -98.4564 167.858
-17.8044 4.10735 0.0278953 -117.876 -71.2059 -7.29193
-17.5611 -5.98427 -2.94772 -96.2693 -67.7449 104.032
-17.1345 -6.97343 -0.225828 -55.2143 22.8018 -33.9219
-17.2449 -0.959122 1.98935 -68.2656 -137.864 -58.3497
-17.7725 4.69586 2.01441 -120.984 -50.0092 18.3425
-17.6396 3.42858 -3.46943 -114.152 -50.1336 105.481
-17.6724 3.6951 2.89295 -118.907 -58.2075 -99.5787
-17.2616 -4.7585 0.10556 -87.1025 -90.4937 -11.5205
-16.2204 -5.73767 -0.613681 15.8524 -187.451 9.09659
-16.6672 -29.5747 1.98533 -37.9349 -183.776 24.3677
-17.3502 0.170099 -2.32573 -107.768 -35.6606 92.5715
-16.9534 -4.14734 -2.406 -75.2833 -110.969 86.0223
-15.4508 -17.8173 5.07047 73.8719 -57.4006 -110.846
-17.054 -5.44065 -1.61372 -88.78 -75.8839 60.7228
-15.3605 -12.9966 -0.492821 71.9241 -10.9983 7.45604
-17.1487 3.74381 1.89055 -110.548 -62.008 -67.0463
-17.0444 2.46391 -1.00477 -104.521 -98.8333 -43.1677
-16.447 -9.26288 -1.27168 -51.4242 -126.131 78.4875
-16.8553 0.549302 -0.179539 -98.9998 -69.4407 9.41272
-16.8367 1.66808 0.536514 -98.6347 -100.989 15.0148
-17.0106 4.64525 -1.02149 -120.213 -81.4246 36.2829
-17.0415 6.76973 -3.4637 -124.218 -24.1654 82.6448
-16.6587 -0.425041 -4.48139 -96.9903 10.4122 20.1289
-16.8182 7.93162 -1.40583 -113.235 -6.7692 18.9045
-16.4463 -4.81117 -2.50764 -78.7043 -84.4958 89.1207
-16.6149 2.48998 -0.646481 -100.787 -95.931 9.09927
-16.7336 -0.28516 -0.00833052 -113.394 -77.3753 -20.6622
-16.6452 4.4819 -1.24916 -105.912 -41.8346 131.741
-15.7604 -4.61186 1.99089 -19.0435 60.5297 12.3143
-16.4969 1.21416 -2.77561 -94.6095 -89.5791 92.972
-16.2475 -8.6869 -1.97295 -74.3528 -128.225 22.9297
-15.8948 -11.4708 7.56225 -41.3946 -86.98 -73.8935
-16.3786 1.16733 -3.77499 -89.4811 -116.994 107.395
-16.7457 7.52372 -1.40277 -129.645 -49.6424 16.4149
-15.4054 -4.14505 2.31502 1.99609 -125.91 -71.606
-16.2536 -4.98873 1.88324 -82.8273 -77.9536 -52.3885
-15.6793 -1.85021 -4.63088 -28.8767 -27.0978 -26.2468
-15.8758 -6.31591 1.5159 -48.7708 -333.72 -98.8073
-15.9913 -2.62647 2.72564 -60.3873 -133.551 -95.0897
-16.5386 0.75217 3.62129 -115.633 -72.8584 -46.0918
-15.5876 -1.84707 11.8203 -22.2489 -143.245 -69.4854
-16.5941 6.06119 0.353063 -124.909 -59.1956 -1.70406
-15.8534 -3.90794 -2.55377 -51.5185 -131.634 99.8812
-16.5767 10.9542 0.148503 -123.993 30.1643 -19.4901
-15.5928 -7.55244 -2.187 -27.5781 -146.028 59.3023
-16.0307 -8.02684 -1.109 -76.1238 -62.3398 42.9217
-15.8065 -0.784003 2.9537 -54.5387 -150.85 -74.6708
-14.7507 -8.94623 -7.47174 47.5862 -137.541 59.4884
-16.5734 8.67435 -1.4021 -133.548 -26.0151 11.3263
-15.8534 -6.1521 -3.40372 -68.6523 -97.8812 83.5305
-15.9774 1.69399 1.09435 -81.0149 -134.092 -56.1956
-16.2287 3.72771 -3.51938 -107.364 -97.71 68.9804
-15.7663 -4.82901 0.0453017 -64.6006 -106.663 16.4568
-15.8851 0.483922 9.64276 -77.509 -0.0688829 -17.2836
-15.156 -7.72028 1.82389 -5.47032 -156.06 -85.6697
-16.3029 6.04197 3.18451 -120.336 -61.4556 -93.1423
-16.346 7.50442 -0.207002 -128.864 -52.9554 -21.5269
-15.7848 -2.07727 2.17193 -73.7639 -97.3446 -87.9515
-16.2287 9.24347 1.71637 -118.264 22.1869 -56.1103
-14.5839 -4.87204 1.81474 43.2282 -192.8 -81.7178
-15.1932 2.54422 -4.79712 -18.4997 -154.254 -92.8402
-14.4724 -6.35528 0.940255 42.4824 -191.283 -10.4596
-14.0728 -6.70321 0.981633 81.8192 -193.202 -17.9083
-15.8332 2.79651 0.00567851 -100.325 -95.7974 0.66927
-15.8809 2.99833 0.636718 -106.021 -41.999 -26.2266
-16.1797 8.10054 1.40749 -135.804 -97.9424 -29.2107
-15.699 -7.4011 0.0303925 -90.3751 -70.7422 2.78601
-15.0582 -1.24273 -1.38567 -28.698 -154.732 38.1623
-15.9016 5.5369 -0.445481 -112.786 -49.4077 23.5213
-15.599 1.1192 3.22595 -84.4663 -90.746 -83.9015
-15.6599 -1.08632 2.03469 -93.7048 -41.9427 -79.3644
-15.7249 4.44757 0.537407 -100.361 -100.752 -35.0172
-15.5954 1.81614 -2.83877 -87.5968 -106.07 94.8035
-15.3675 -15.4114 -1.57401 -70.1666 -286.292 -184.235
-15.3612 0.499158 3.98085 -72.1753 -107.607 -136.117
-14.7944 -10.1568 -1.91101 -20.8082 -143.579 63.3811
-16.1173 4.37149 6.03241 -153.118 -37.4765 -55.8895
-15.7214 6.48287 -0.201092 -116.274 -10.3435 -29.2158
-15.4306 -5.86858 -0.45431 -89.2114 -101.568 29.2014
-15.7314 6.9159 1.95331 -119.89 -42.2827 -89.8975
-15.5651 0.838901 -0.00171582 -108.981 -151.036 4.2217
-14.0585 -7.94003 0.372718 40.1417 -172.079 -17.7358
-14.7797 1.39951 0.819152 -34.3031 -183.19 -21.6893
-15.1042 -4.93985 2.88059 -69.82 -82.957 -94.2261
-15.7501 9.97031 0.585254 -134.396 -18.7397 -45.2181
-14.4353 -11.7421 -1.5856 -10.8152 -145.702 68.6633
-15.1954 -5.40697 0.632554 -86.6427 -52.56 -12.5037
-14.7009 -11.3256 2.19812 -39.2421 -138.08 1.32304
-14.9145 -10.5336 -1.08324 -60.7459 -104.347 5.41493
-14.433 -10.8183 -1.67242 -13.1224 -147.054 47.2554
-14.3015 -1.65701 0.613713 -2.20268 -179.457 -17.1671
-14.1987 -1.89645 3.09399 6.82003 -225.497 72.5491
-14.8013 -2.6541 -2.68984 -53.4402 -123.198 93.9214
-14.8324 -7.74015 3.1423 -57.4813 -102.132 -88.9256
-13.4741 -7.61267 2.59782 77.4099 -114.729 -73.1959
-15.3711 6.28381 -3.91977 -111.623 -27.6413 100.197
-14.6684 -12.3009 -1.19134 -42.7389 -127.277 58.2759
-14.5194 -1.8155 -1.40603 -27.9481 -205.553 55.968
-14.5583 1.62067 2.08219 -33.3419 -188.126 -62.4609
-14.8737 -4.04102 5.61997 -66.6451 -84.6236 -173.621
-15.3474 6.27554 1.18039 -114.657 -54.7688 -33.7067
-15.565 9.15196 1.41893 -141.133 -68.6711 -55.4028
-14.4876 2.71491 1.7184 -34.9755 -193.456 -62.0774
-15.0362 3.4008 2.54962 -91.3138 -123.79 -92.7711
-14.4215 -2.43921 3.59979 -31.0671 -137.1 -117.246
-14.5945 -1.82853 -1.92459 -50.9288 -171.355 56.1057
-15.4535 10.4598 2.46532 -136.965 -20.1392 -80.2348
-14.4929 -9.42632 -2.6048 -43.299 -114.583 56.1327
-14.7722 -1.66594 -3.03265 -74.1303 -83.1949 101.553
-14.2208 -10.1258 0.948561 -20.3408 -138.645 -21.7355
-13.2936 -7.51392 -1.65551 71.7305 -170.334 39.0548
-15.2416 6.98447 0.358577 -122.114 -98.514 -2.56175
-13.9112 -9.15909 -2.99518 8.61881 -160.553 90.4117
-14.6233 -3.10699 -3.40086 -62.7633 -102.262 102.842
-14.4148 -13.4892 -4.72432 -42.988 -108.801 94.6929
-15.2428 10.784 -0.679288 -125.791 11.6733 8.10277
-14.9812 11.7148 -0.952606 -106.004 54.9401 31.4935
-14.3315 -9.21053 -1.81546 -41.9505 -116.169 31.0554
-14.6939 3.50228 1.27258 -80.2574 -153.648 -13.1068
-14.4425 2.58135 -2.76649 -56.5604 -167.401 81.9181
-14.0383 -13.9803 2.46515 -19.7382 -270.952 -30.9944
-14.0977 -7.11703 0.37774 -26.1268 -126.516 0.710085
-13.6733 -3.46247 -0.827554 15.6135 -336.693 22.7078
-13.4215 -7.62468 0.641371 32.3437 -169.049 -26.2157
-15.3288 9.2564 -0.441157 -157.863 -46.3856 -20.2569
-13.8664 -4.13964 -1.9333 -13.6877 -156.238 66.5411
-14.7953 -6.28496 1.95988 -106.703 -106.907 -58.694
-13.0661 -9.99501 -4.28957 63.5837 -77.3484 157.411
-14.562 3.31341 3.85221 -87.5614 -119.835 -107.66
-14.627 7.70837 -4.20797 -94.8453 39.8854 108.513
-14.3081 3.46053 -2.00378 -65.3038 -179.194 52.4212
-14.4139 2.96014 2.06033 -80.6557 -143.183 -67.8219
-14.8648 8.21226 0.390057 -127.083 -37.4812 -40.6389
-13.6804 -7.44325 -2.45022 -12.7452 -131.972 54.2425
-13.3543 -12.4892 2.70405 19.5661 -226.878 135.299
-14.2732 3.76243 -3.18546 -72.3718 89.3224 73.7728
-14.9396 10.2945 -2.04606 -139.697 -38.993 40.4215
-13.5417 -6.73946 2.28733 -3.22544 -143.182 -97.6465
-13.2372 -9.55887 0.753419 26.9532 -154.133 -40.2861
-13.9866 -1.86261 3.03952 -50.0493 -129.764 -104.257
-13.8281 3.42776 -0.600954 -36.3808 -212.233 12.9211
-13.1397 -7.41014 -2.81105 31.8949 -250.09 84.6006
-13.8836 -9.48241 -0.245161 -50.7348 -102.778 -19.2342
-13.7852 1.07508 4.37378 -45.3649 -156.445 -137.516
-13.4475 -11.7432 -0.53951 -21.3238 -97.1599 19.7208
-12.7953 -5.11199 4.60828 34.3252 -215.684 -100.952
-12.7358 -8.48695 -2.30317 38.6964 -156.402 59.3199
-13.5516 -8.95946 3.40163 -42.6407 -104.224 -135.716
-14.1981 5.81498 0.876809 -107.566 -129.662 -25.4037
-13.6919 -7.41648 3.44215 -57.3658 -93.2894 -112.267
-13.1184 -10.2579 0.880094 -1.04586 -136.045 -12.7124
-14.3541 9.60307 -2.06232 -124.218 -10.6863 38.3924
-13.2268 0.398322 3.68152 -12.4039 -185.437 -112.628
-14.1018 8.41808 1.73879 -105.158 13.6525 -82.7848
-14.3177 11.9014 -2.46105 -129.352 10.9228 90.1659
-14.1423 13.6716 -0.728168 -113.575 55.406 46.2704
-13.7193 1.35514 3.62212 -72.8673 -109.889 -128.591
-12.655 -13.4163 -0.341263 31.9084 -97.1585 -31.0883
-13.339 -7.244 4.78393 -48.0134 -99.3721 -124.024
-13.5996 3.96701 -1.51833 -74.7758 -165.62 74.7678
-12.4503 -8.55849 2.115 39.0985 -142.994 -82.6556
-13.7672 9.49794 -1.5011 -92.4693 -79.5819 46.7562
-14.0706 7.62221 -1.93793 -125.716 -78.7781 37.5352
-12.7648 -7.67034 1.976 3.54865 -71.0898 -162.066
-12.9378 1.0885 7.65392 -17.2878 74.9401 17.6234
-14.0605 8.19803 2.00584 -129.234 -96.4123 -89.6765
-12.7035 -13.2966 0.827686 4.29244 -141.248 -4.95234
-11.2288 -10.3156 2.04473 150.084 -155.666 -38.0839
-13.6624 12.299 2.85658 -92.2208 67.5567 -70.7108
-13.8831 10.6875 -3.24726 -118.216 -93.0005 63.3773
-11.427 -2.21321 -1.12552 125.166 -200.294 89.4861
-14.018 13.6693 -0.47112 -134.621 26.5088 30.4059
-13.8685 6.52592 3.61662 -120.516 -50.5919 -16.6194
-12.6833 -10.0633 -3.12991 -4.00874 -130.142 116.088
-14.0449 6.79356 -14.103 -141.161 -103.574 -181.002
-12.8632 -0.814533 4.26965 -27.491 -147.684 -131.533
-13.1939 -9.73922 1.78804 -60.9494 -18.0117 37.4065
-12.6921 -11.6702 1.0519 -11.756 -58.8255 -33.2846
-13.9214 10.0591 1.36346 -135.798 -32.4492 -44.6676
-13.6451 6.7558 1.71712 -109.879 -59.3729 -78.9653
-12.3067 -8.69511 -0.168394 19.2183 -246.057 -279.777
-13.1313 3.44177 -3.77955 -65.0623 -153.71 120.498
-12.8036 -9.53103 -3.53556 -40.6056 -157.023 110.69
-12.6255 4.49702 0.377817 -23.2687 -211.993 0.993198
-13.6387 17.7848 -7.76378 -124.106 47.5539 -116.9
-13.8314 11.5433 -0.143963 -143.353 -29.0432 -8.52246
-13.3535 10.8652 -1.91657 -97.7237 47.5472 -21.6926
-11.6308 -12.6637 -2.51742 71.2415 -163.396 26.699
-13.3717 4.96426 -3.94206 -101.993 -91.5982 147.198
-11.6023 -15.54 0.520253 72.7065 -107.365 -12.3296
-13.6069 10.3257 3.01286 -127.723 -14.0622 -119.703
-13.5578 8.22474 3.81248 -125.098 -93.4885 -98.8708
-13.5024 8.1518 3.36512 -125.055 -101.306 -132.521
-11.8318 -6.18587 -4.77906 37.3874 -157.088 149.219
-13.1111 4.98996 -4.01261 -90.8164 -124.802 114.325
-11.1135 -10.6429 3.11408 106.264 -92.89 -120.794
-11.3725 -14.1608 -0.187827 80.4223 -138.207 -44.1295
-12.4461 -10.1469 -1.96805 -28.3987 -109.358 79.9858
-13.1978 5.47666 -4.17555 -103.359 -96.5437 129.602
-11.0685 -5.23055 3.95057 107.948 -168.024 -103.743
-13.4576 8.70956 -1.69522 -130.967 53.4657 45.4296
-13.0715 9.74501 0.569282 -97.8566 22.6512 43.3395
-13.3957 12.0686 0.448182 -134.061 -63.2399 -29.4071
-11.3459 -11.6725 -1.16421 65.9997 -144.728 13.854
-12.7582 5.05757 -2.59627 -79.4874 -167.964 68.9507
-12.6804 -8.95601 2.51097 -72.265 -64.6903 -91.0378
-11.0927 5.83228 -4.7491 83.603 -109.905 78.9909
-12.7715 3.10999 5.62045 -84.486 -56.3582 -185.685
-12.4395 -7.88508 6.00988 -52.7119 -128.516 38.6722
-13.0733 7.77276 0.182045 -117.562 -139.27 2.03514
-13.2269 7.30052 -0.308398 -134.62 -13.5065 -7.06047
-12.8184 6.46134 -0.832787 -94.4397 -172.619 12.036
-12.7971 10.5887 3.0465 -92.5923 48.2739 -87.7292
-12.8014 4.76445 -3.85087 -93.4396 -108.79 119.404
-12.6072 5.36078 -0.385325 -74.3252 -184.014 26.626
-12.4367 -7.69924 -2.81688 -62.0848 -125.754 21.4173
-13.073 8.67434 2.74217 -129.853 -111.292 -64.8473
-11.615 -5.16987 1.78539 14.6591 -201.124 -40.506
-9.96068 -9.1908 0.307908 173.63 -313.051 2.21633
-12.0794 -45.2184 34.0645 -37.1183 -305.367 234.137
-12.206 4.799 -4.0068 -51.6806 -193.654 127.934
-13.1391 11.6023 -0.263531 -147.957 -52.2924 -14.3394
-12.1423 -10.9755 1.42533 -49.6525 -94.3102 -28.9115
-11.0909 -14.971 0.901731 53.9965 -144.955 -7.27944
-10.7895 -10.0513 1.52893 80.9448 -139.818 -70.3272
-11.0893 -11.2104 0.647977 45.3509 -178.982 -44.3639
-12.6822 12.1335 -1.50907 -115.123 31.6107 79.8728
-12.7103 8.68372 -0.181848 -119.763 -116.317 55.8497
-12.9301 13.0665 -0.987754 -147.22 -11.1328 -65.0852
-12.8345 9.66962 1.78661 -139.341 -101.631 -85.6035
-12.4237 6.52753 -1.41518 -100.606 -166.042 40.9685
-11.0801 -9.7989 -4.36946 29.6882 -129.997 153.526
-11.8793 4.68147 1.34612 -49.7027 -217.994 -25.5344
-11.2264 -9.72972 0.573305 12.7773 -164.531 -6.83609
-11.5314 5.19951 -2.78823 -21.5816 -230.98 84.4006
-12.0736 5.5212 -2.56512 -76.6477 -182.649 68.6935
-12.4898 5.71611 7.2627 -118.381 -16.778 -37.1146
-11.2157 -14.9466 -2.50377 8.01623 -132.743 52.7687
-11.0215 -13.5008 -0.37923 27.1033 -135.264 -13.6855
-12.8116 10.8369 -0.478113 -150.79 -67.8766 14.6967
-11.443 -14.2118 0.0323678 -25.0761 -142.033 63.3826
-12.5751 13.0975 -0.438788 -140.139 -1.40937 25.4067
-12.394 7.79835 2.58175 -122.535 -91.9773 -60.9238
-11.0258 -10.5405 -1.17305 11.3802 -125.753 70.3618
-11.6134 -14.5615 -0.638599 -49.0138 -107.107 37.0433
-11.4971 4.47562 -3.9617 -42.3402 -199.296 113.149
-12.5668 12.1934 -1.97434 -149.134 -22.9447 73.8092
-11.4174 -1.98708 11.3187 -44.3222 -106.822 64.6113
-9.52305 -9.48877 1.03509 141.116 4.10863 2.08849
-12.277 10.6346 -0.598261 -133.314 -34.7659 7.45913
-11.9491 6.64259 -5.78888 -105.517 -72.7241 165.427
-11.9815 8.2294 -1.41931 -110.579 -162.683 53.0149
-9.71553 -8.80946 3.88938 112.709 -130.432 -110.941
-11.9844 12.7439 -3.36562 -113.173 36.2036 27.7082
-11.3163 4.66852 5.05703 -48.5804 -194.535 51.416
-9.43364 -13.9355 -0.242471 131.782 -140.224 29.0742
-9.58309 -13.0039 -1.04873 114.29 -144.344 49.6657
-11.679 12.8933 1.43876 -94.271 58.3513 -72.3245
-12.1459 11.1417 -4.89765 -144.915 -162.244 132.144
-10.4574 -2.78021 -5.87983 22.1215 -141.716 182.824
-11.8873 8.32961 2.00646 -122.309 -90.512 -72.265
-8.32914 -7.61779 2.46239 230.623 5.04675 -30.6413
-8.2845 -10.9485 2.8916 234.935 -241.221 -113.531
-11.8562 9.83612 -3.20034 -124.183 -22.2448 91.8088
-10.2088 -4.83172 6.28399 29.8052 -134.923 -196.961
-11.8484 10.3189 0.849501 -135.623 -69.0525 -52.1153
-11.8105 10.69 2.32209 -138.179 -42.4684 -86.4119
-11.4036 17.4741 8.63092 -99.8778 67.9929 -11.5355
-10.331 -10.6712 3.83829 5.27367 -116.944 -106.11
-11.397 7.46262 -0.643649 -104.011 -174.188 1.30335
-10.8151 -8.36898 -6.42791 -48.1124 -149.419 226.856
-10.7947 -9.50981 0.847925 -49.8495 -105.007 -68.9331
-11.4671 13.5829 0.155103 -117.992 39.2026 -46.4259
-9.04473 -4.99504 -5.75837 121.997 -133.625 172.162
-9.96394 -16.3982 -2.41255 30.6608 -5.31369 80.1074
-10.1942 -27.945 -0.974656 3.84204 -395.244 -56.6339
-10.0335 -16.8132 2.66584 12.4071 -100.447 -63.4514
-9.55284 -7.30986 2.38241 51.7169 -297.893 -95.4202
-9.83131 -16.3021 1.83302 17.8768 -131.226 -72.9324
-11.0047 7.69537 -6.75932 -99.267 -16.8709 196.091
-10.6418 7.16992 2.20317 -63.6709 -226.849 50.0265
-10.3701 1.55559 -6.44909 -39.2374 -128.981 202.808
-11.1539 2.128 -4.65491 -121.481 56.4387 -42.0446
-11.2236 12.8822 -2.74441 -128.915 12.2755 108.083
-9.68016 -14.5291 1.73531 24.1004 -127.013 -35.2556
-10.0486 -10.2412 7.08878 -12.726 -102.868 15.1075
-10.0767 -15.069 0.337646 -21.8879 -116.984 -38.2493
-10.9436 7.67449 3.16669 -110.263 -151.769 -95.248
-9.19561 -11.1506 4.55707 63.0421 -123.061 -130.093
-9.31193 -8.27567 3.47365 45.0884 -178.509 -131.517
-8.87186 -13.0694 3.99711 79.808 -131.331 -86.6302
-7.3878 -6.11978 -4.22169 224.778 -33.7765 141.257
-11.0298 11.0829 2.35702 -138.079 -27.6129 -66.8682
-7.93352 -11.353 1.69982 167.377 -117.652 -63.7361
-7.74476 -10.2971 2.29031 183.062 -189.425 -85.9462
-9.56331 -15.7761 3.51897 1.32749 -126.139 -91.3633
-7.99803 -20.4806 4.49537 154.718 -53.1248 26.9725
-10.9019 11.2665 -2.46453 -137.812 -36.459 88.4087
-10.6504 9.48697 0.691504 -115.437 -200.403 5.62054
-9.56891 -17.3164 -0.464717 -9.50561 -127.832 26.6035
-9.66152 -8.6107 -4.51276 -23.8307 -187.961 -50.8136
-8.73786 -27.9087 10.7259 58.4759 -87.742 -9.63933
-9.02304 -13.1034 3.59361 29.6203 -117.753 -97.0487
-10.9856 14.1393 -0.89474 -167.467 -61.2486 -24.9104
-10.4572 23.7576 -9.1833 -125.7 -79.5779 107.678
-8.33549 -8.7827 5.41239 75.3522 -116.59 -160.525
-8.87958 -13.5718 2.10825 17.5823 -117.993 -48.6559
-7.04747 5.40309 0.545131 199.558 -202.623 -17.9467
-10.7125 12.0258 2.12164 -168.828 -88.2643 -79.8473
-10.3038 11.2282 -1.88474 -131.655 -21.239 61.3585
-8.25423 -15.8975 -3.26499 70.1412 -126.676 75.9422
-8.94419 -8.3779 5.72838 0.697957 -143.437 -48.3022
-10.2942 9.96412 -4.32259 -145.219 -148.21 104.77
-8.91771 -13.6729 1.67369 -10.7411 -159.427 -50.1893
-9.26883 -35.5904 11.8435 -46.5048 -107.589 -52.7959
-10.1973 10.4368 -0.138092 -145.836 -156.149 -19.6071
-10.2223 7.17851 -4.91053 -148.964 36.0275 144.049
-9.79917 16.4427 -1.4007 -109.688 62.7338 49.154
-9.30112 16.6085 -0.154096 -67.672 114.445 -131.4
-7.07225 -13.6237 -1.72733 153.171 -106.785 50.0213
-9.95934 13.0142 -1.78349 -137.384 1.2445 75.9895
-9.75382 16.173 2.34264 -119.196 60.4096 -40.4733
-8.51854 -15.7299 -0.438923 2.46992 -120.177 49.859
-9.66095 -4.79404 4.31165 -112.359 -6.06472 107.624
-7.99786 -9.75794 -5.72478 52.2143 -110.517 199.211
-7.22081 -12.531 -2.01272 129.283 -117.123 21.5557
-7.43238 -13.5641 -1.22667 107.731 -119.895 45.2229
-7.76551 -15.4786 -1.7962 54.3488 -127.776 31.033
-9.72856 10.6079 -2.42226 -141.357 -77.0269 67.8862
-9.55068 12.3112 3.79759 -126.479 1.80336 -104.814
-8.66803 -4.76601 4.14028 -39.8605 138.036 -25.9606
-9.93422 11.6979 -1.81099 -165.896 -134.354 57.7415
-8.21401 -30.4424 3.09199 3.62927 -341.206 85.7656
-7.62346 -15.3777 0.669735 58.098 -134.993 3.30283
-8.31131 -12.8228 -4.76179 -20.2885 -108.161 -34.2066
-9.20915 14.5061 -3.96389 -115.146 39.8054 125.274
-9.03996 14.0391 0.0271606 -110.953 37.3187 -0.0840357
-8.28603 -15.0255 1.47384 -37.322 -46.204 -46.3396
-7.1729 -15.6214 0.656098 68.5988 -65.8004 -12.9538
-7.20668 -17.7994 0.643371 64.3486 -136.074 -13.4711
-9.18934 16.3255 1.12856 -132.801 49.3446 -1.72419
-9.23149 14.7547 -0.888183 -163.508 -22.8935 23.5297
-7.39006 0.137679 -4.61005 16.2818 114.611 -28.9945
-6.24965 -22.2608 -8.56608 122.965 -55.6619 70.1944
-8.86554 9.24127 -1.6451 -136.955 -163.05 28.7874
-7.85782 -18.6376 -2.54484 -39.6741 -123.472 -55.4548
-8.77394 13.798 1.15979 -133.523 16.4242 -51.6248
-6.23184 -16.1971 0.458031 106.213 -79.625 3.06227
-7.40987 -4.15117 -1.34864 -15.195 -207.51 -40.0609
-8.22232 -4.4634 -0.00569051 -98.0461 109.26 -93.2253
-6.58727 -15.9054 1.62455 61.4943 -124.798 -45.8259
-8.54684 16.0426 -1.08354 -140.103 40.4825 68.4707
-6.24914 -31.6383 2.37755 87.3915 -143.802 85.3924
-6.528 -17.263 1.12488 47.9735 -130.137 -29.2235
-8.43541 1.79074 5.14557 -142.163 103.301 -11.5289
-6.95441 -11.2747 5.68863 3.8926 -92.0419 -167.491
-8.64346 11.8647 0.935073 -164.551 -86.4677 -21.9785
-8.45444 13.7698 0.576966 -151.947 -16.4295 -42.0058
-7.49525 14.376 2.63841 -60.8808 82.0953 -50.0584
-5.29871 -12.1845 -3.19833 151.862 -81.4575 121.313
-6.2404 -18.8718 1.16994 58.1954 6.32339 -32.306
-5.83739 -14.6329 2.0163 98.1929 -104.257 -49.2051
-6.58238 -13.8999 4.29495 20.0902 -108.269 -122.719
-7.93998 13.7284 -4.01556 -121.656 22.5199 127.143
-8.27067 11.9017 2.78339 -162.447 -97.0848 -81.7937
-5.80573 -17.2512 2.30929 80.4894 -126.746 -55.7202
-5.13604 -13.5267 4.59027 144.497 -91.5416 -127.593
-6.72618 2.71538 -7.06178 -20.2627 -124.379 236.037
-7.29358 15.1165 -1.41633 -77.1476 75.8516 81.7207
-5.63497 -14.1811 2.41076 79.199 -103.851 -88.0775
-7.84862 15.7631 0.940727 -145.792 26.9398 1.88829
-5.90403 -16.3937 2.20527 46.5132 -176.296 37.3661
-4.98152 -4.58271 2.46362 123.488 137.871 21.6021
-7.36828 17.8209 2.67099 -117.547 -70.0276 -51.7896
-7.24741 15.6032 -1.43043 -106.711 59.9469 41.3527
-5.58694 -15.9627 -2.21138 52.7611 -217.095 65.369
-5.31515 -15.7177 -1.27762 73.8173 -117.647 58.2536
-7.34322 13.6866 -0.408693 -131.593 37.1652 94.2606
-7.51675 13.053 -1.76923 -149.224 -24.6498 -26.2994
-5.50354 -17.7908 1.41243 50.4621 -121.769 -58.399
-7.0774 17.2391 -0.960196 -119.383 71.0594 71.1006
-4.91347 0.584942 6.83033 83.2747 92.4861 0.711534
-4.58499 -15.8928 1.48877 111.349 -156.579 -27.9822
-6.45532 8.24014 -1.67388 -82.1909 -239.855 51.2523
-4.45712 -12.0866 7.07673 110.724 -126.78 -38.0907
-5.4163 -11.7959 -12.3281 11.6853 -78.2754 25.3337
-5.16859 -19.6762 -0.388706 35 -85.7544 -3.76021
-4.25692 -15.7095 -2.1841 121.227 -93.6031 80.5715
-6.11885 17.6087 1.61161 -66.4564 96.9993 -45.9706
-6.5483 16.5463 -1.73177 -117.401 59.0645 93.7619
-7.1424 13.8751 -3.93238 -179.137 -46.7083 91.9248
-6.98802 15.5358 -0.878398 -169.553 -20.0582 29.0797
-6.61081 17.7759 -0.20879 -138.479 45.9891 -23.5556
-5.70563 11.4305 -2.03884 -51.4401 163.624 48.4038
-3.71602 -17.6959 -2.05973 139.866 -26.2807 57.7446
-6.28802 17.2896 -1.77305 -118.31 64.0359 45.6026
-4.66207 -16.5293 -1.08899 32.0456 -114.771 23.084
-5.50045 -5.34724 -0.585667 -53.3048 113.502 102.661
-5.96236 14.411 4.33251 -101.219 52.0366 -164.873
-6.74203 13.5848 -0.982396 -180.217 -50.7353 116.257
-6.37351 14.056 -0.711152 -144.408 16.3244 51.1638
-3.23692 -14.0938 3.23906 166.182 -58.4246 -112.832
-4.64543 -13.6369 -4.04097 22.6241 -97.7086 135.701
-6.11829 16.4254 2.43092 -126.398 54.1982 -40.9278
-4.82275 -16.9117 9.57249 1.90199 -117.085 -12.9071
-3.17176 -15.4629 -0.0821258 164.908 -86.5699 4.62199
-5.29056 19.2671 2.91927 -47.5242 28.8149 -37.8706
-5.92384 8.29605 6.72181 -114.142 -63.6507 -210.975
-5.8711 14.3701 1.85274 -116.225 42.0702 -63.9509
-5.45381 15.1689 -2.11357 -87.3872 69.799 82.2433
-3.62201 -14.9936 1.78494 93.5857 -97.7284 -35.1427
-3.72121 -16.0745 0.994266 80.7955 -160.786 -16.6575
-2.64174 -11.6177 -0.889921 187.827 37.9825 -104.131
-3.68285 -19.4548 7.01339 83.1431 -147.806 229.273
-4.44012 -19.9198 -0.274984 7.69323 -64.3363 -9.88952
-4.27699 -19.239 1.47978 21.0579 -127.847 -27.2083
-5.36289 11.7272 -6.91446 -94.3982 63.9731 -22.7117
-5.47166 14.3293 3.35667 -106.561 48.3907 -75.4586
-2.45511 -14.3586 -0.156367 187.289 -39.786 17.8772
-3.80089 -16.0007 3.12544 50.8205 -103.835 -119.844
-5.42049 14.6689 -0.285462 -113.008 46.1016 42.4512
-5.9363 16.5709 0.800694 -166.079 20.038 -46.8997
-5.99035 13.1049 -2.89583 -178.182 -59.1406 61.7614
-3.38444 -20.0451 2.02703 79.5749 -53.2139 -43.1209
-4.36835 7.64616 4.69333 -19.8727 -92.8895 51.572
-3.24616 -16.8712 -2.74569 87.3821 -104.202 99.4831
-5.49165 16.184 -1.39067 -136.386 30.116 17.8135
-2.90581 -13.7173 1.37329 113.327 -148.313 -53.5875
-3.10077 -17.2604 -0.942965 82.2274 -109.345 41.6973
-3.18846 -16.0525 -2.20843 67.3778 -98.2875 85.0898
-4.51096 18.398 -0.610355 -74.734 99.9222 16.955
-5.64709 15.9857 -0.186796 -188.956 -17.4912 35.9757
-4.3782 17.1141 3.91025 -64.4515 95.4615 -128.526
-3.2509 -13.5422 -3.37801 39.9138 -134.776 89.0462
-4.37487 15.6355 3.92464 -75.6808 128.454 -143.809
-4.32385 14.387 1.69407 -77.7352 89.3564 -55.9714
-4.25061 19.4132 7.45978 -75.0878 99.3275 -30.3534
-4.13841 16.946 -3.58114 -65.0122 97.4735 10.1257
-2.88261 -18.6075 -0.862084 51.5071 -120.682 44.0786
-4.2842 15.6915 1.17852 -90.1364 69.4668 -32.8164
-1.72624 -13.9194 2.71491 161.592 -43.6666 -74.9023
-2.34917 -18.1301 -2.85659 98.9624 -109.436 81.516
-3.66835 16.8041 -4.81244 -33.5018 101.426 125.317
-3.7463 0.688415 -11.2343 -47.4804 -111.38 -50.2734
-4.20223 16.939 -0.412964 -106.989 71.3198 12.5221
-3.06382 -17.132 -1.67992 -4.53717 -109.309 72.2354
-2.36847 -13.9007 -3.8059 54.881 -90.5807 143.371
-1.98698 -17.4493 0.880041 86.393 -104.573 -38.4773
-0.922817 -13.9131 -2.37869 178.959 -10.2531 85.7295
-2.2322 -16.9575 2.50098 45.8214 -109.375 -55.3287
-2.30884 -16.5322 1.51094 37.9387 -101.918 -34.3219
-1.11112 -11.0365 -7.4737 154.265 -94.2964 7.97161
-1.48879 -15.348 -1.23645 116.676 -74.5085 30.4433
-2.55537 -17.8688 -0.322648 2.79991 -111.832 -10.8476
-3.53799 16.9095 -3.54897 -126.14 66.5347 113.576
-3.79751 17.0085 0.780065 -153.471 33.9038 -21.8309
-2.90685 19.0222 0.174576 -75.1223 106.885 3.7644
-2.8023 6.00296 7.0176 -72.3738 -131.657 -234.366
-0.930358 -15.8296 -0.728601 107.494 -134.775 15.1272
-0.52957 -15.6711 -1.05283 139.872 -65.4293 48.4983
-2.56559 16.2896 2.8724 -62.4354 90.0409 -121.006
-3.8667 14.1201 0.689067 -196.633 -24.0385 3.74087
-0.331799 -12.7171 -6.72812 148.972 -64.158 128.893
-0.0390516 -14.6407 1.28677 166.781 -38.7132 -29.0921
-1.70354 -16.3942 -0.455437 -0.240777 -4.48263 -1.993
-0.164459 -26.4853 0.369415 151.358 -345.644 -110.087
-2.9297 14.1772 5.88173 -124.896 40.685 -162.927
-0.234772 -17.0021 0.215419 131.029 -87.1466 -4.10255
-0.661817 -16.9907 -2.81058 79.1567 -98.0658 52.0294
-0.384351 -16.6933 1.06426 105.08 -89.5947 -4.02037
-1.52327 17.7779 0.302228 -8.75917 55.4138 -25.1946
-0.54004 -16.0345 -2.54897 71.9861 -92.638 45.7632
-2.24467 16.4521 0.0962039 -100.127 19.111 49.4182
-1.97119 15.7101 2.53529 -75.5212 83.0041 -108.955
-2.17011 15.8996 3.16212 -114.741 68.9412 -104.164
0.354485 -31.103 -5.07643 136.03 -226.58 -119.323
0.450659 -5.2715 4.36115 141.979 -165.233 -26.2972
-0.209487 -19.1834 -2.45909 72.2377 -112.872 35.6031
-2.77103 21.0837 8.573 -182.62 -53.6639 -201.03
-2.66202 13.3951 1.16448 -173.399 59.9073 -376.016
0.904712 -13.9532 3.04535 178.179 -0.170088 -112.433
-2.69107 15.6087 -0.79115 -179.248 11.8205 15.9386
0.795588 -14.2248 -2.93543 143.61 -41.3987 108.714
-0.796438 16.7539 -1.32621 -18.3687 102.228 8.75363
-2.08983 11.6972 -5.07754 -147.253 180.884 163.73
1.06695 -17.4832 0.92095 165.604 -53.3932 -14.7298
-1.5534 3.19359 8.03944 -96.9232 75.1377 114.833
-0.395931 -0.0901955 0 12.7575 -0.559846 0
0.509462 -14.5848 4.81305 99.4499 -68.1852 -141.333
-1.01066 23.6888 -0.304549 -52.6479 24.4238 6.14825
-1.5958 11.0125 8.42498 -111.246 -74.5025 39.7723
-2.36311 13.9811 1.68996 -187.975 -13.6747 -58.131
-1.98548 20.1314 -0.40806 -152.136 -106.964 7.16096
1.07064 -16.0527 3.0871 151.15 -55.2775 -85.5976
1.61607 -18.1971 -1.61605 195.034 -3.07277 50.0123
0.271173 -16.5231 4.00471 58.9716 -99.0364 -126.904
-0.902043 14.1119 -5.37855 -66.2235 86.2226 -61.3524
-0.670075 19.3778 -1.75072 -45.0572 117.628 29.6238
-1.49301 14.0936 4.92044 -146.531 36.4214 -154.145
0.469129 -26.7782 -1.90459 48.119 -333.781 -14.9269
0.0725345 18.3424 0.722427 3.01245 68.6133 -65.7701
-1.06673 16.9939 -0.69873 -114.368 82.7602 -6.65238
1.3496 -16.4765 1.91118 125.442 -6.14929 77.8274
1.56872 -15.7445 -2.67456 130.879 -51.7894 100.638
-1.65962 16.5992 1.55982 -192.429 23.0091 -20.4423
1.98874 -15.9295 -0.599295 162.493 -45.2034 39.2306
0.518387 -16.896 -0.0555928 15.0173 -104.352 -20.3111
-0.667321 13.582 6.42957 -110.404 51.9305 -187.331
2.27348 -17.3384 -1.24943 176.704 -40.8699 36.5729
0.278543 18.8827 -1.9505 -36.8147 115.459 55.0612
2.32891 -16.0273 5.85358 166.198 -75.675 -182.624
1.97133 -15.4167 0.92605 117.657 -62.3289 -17.0894
2.64551 -9.16085 7.28741 180.078 -37.2751 -40.5319
2.4204 -16.2327 3.01944 152.449 -44.959 -77.0306
1.83772 -19.1085 0.890708 88.163 -102.792 -41.7241
1.3355 -18.7452 2.84811 34.0412 -114.763 -89.342
0.1059 15.144 -2.39603 -96.5123 78.8014 75.1534
2.31817 -26.1406 -6.66322 117.764 95.2929 111.209
1.41531 -17.6606 1.92003 27.0717 -108.698 -59.5764
2.66662 -14.092 2.79898 150.562 -112.945 -94.2179
1.02048 17.8309 0.732735 -15.1418 110.371 -6.16955
0.153783 17.0037 3.26215 -109.684 89.6727 -107.418
2.76791 -19.1521 -4.62135 149.332 -49.1724 -27.892
0.333756 14.5378 -2.68485 -93.5318 72.9518 118.997
2.28951 -7.80443 0.578972 93.7864 149.778 48.2375
2.8112 -16.3748 0.507785 144.89 -52.7858 4.34104
1.22535 18.13 1.76908 -33.0521 113.009 -71.8797
2.81761 -18.076 1.73107 123.864 -79.5337 -39.7369
0.723934 16.2113 -2.80674 -102.991 86.7166 58.9594
-0.179671 15.4368 0.758645 -194.638 12.8809 -25.0932
1.14312 18.394 2.34268 -63.9024 111.173 -83.0561
0.239511 17.1296 -2.38182 -156.662 68.9332 64.1986
3.32806 -17.5228 0.659028 146.922 -61.8569 1.11073
0.723666 15.7857 1.80483 -119.415 76.3699 -60.2704
1.57321 16.9505 -2.03494 -44.6801 105.559 51.6616
3.07151 -15.7914 -2.38877 90.7027 -76.1054 91.1438
2.74803 -18.1139 -1.98309 52.3454 -103.219 51.4471
1.83571 19.2846 1.72401 -39.8896 122.215 -36.6155
4.20482 -13.9479 -0.677914 186.01 25.4664 68.0429
3.81222 -13.4442 -4.10449 145.179 -12.9382 120.956
2.71196 -16.1102 4.30749 33.8149 -71.2784 -149.42
1.27469 14.1331 -4.00549 -110.431 74.878 101.658
3.54053 -18.8605 0.190746 111.718 -88.6298 10.7277
2.38049 16.9178 -2.46135 -10.2047 105.912 98.0574
4.04068 -17.3335 -1.00675 149.251 -47.6981 13.1551
1.76214 16.7129 -0.964689 -81.2824 98.6269 24.23
4.26909 -11.9721 5.3476 149.261 7.53327 -131.092
4.70521 -14.0324 1.78867 189.38 41.4807 -81.4265
1.70285 16.1165 -0.383057 -109.215 85.7332 -9.45939
0.511962 17.3752 -4.06642 -238.199 142.596 -30.7308
2.50176 16.5397 -1.20929 -44.1913 109.072 15.9475
2.03431 17.4443 -0.235687 -91.1207 102.842 0.441563
1.01603 14.8529 1.96188 -195.014 32.1951 -65.214
1.21431 14.4657 -1.97022 -176.53 43.8561 84.1494
4.84396 -19.1856 0.770647 164.54 88.5684 -36.2558
4.63726 -13.7092 4.9997 130.552 -24.3029 -172.899
4.46205 -15.431 1.65079 110.965 -55.3999 -70.7699
2.78521 15.0579 4.01822 -74.7852 92.193 -114.774
4.95519 -14.6234 0.706096 139.681 -27.0954 -35.3689
4.50272 -18.9777 1.88185 94.6314 -96.34 -40.6227
2.8221 16.1856 -3.87543 -74.8281 100.237 140.704
2.26085 13.0345 -4.78346 -136.426 66.0857 129.009
5.28652 -12.5693 -2.11737 154.262 -142.639 67.6149
4.58755 -14.9167 1.93595 81.1543 -68.5617 -65.7555
4.5834 -10.4642 -7.68007 80.0316 -113.381 99.9553
3.01214 17.168 -1.96835 -79.864 110.568 80.3245
5.72009 -12.861 -3.00662 186.239 91.6425 100.406
3.67671 16.2088 0.268185 -20.6368 108.924 30.1436
2.79523 17.0345 -1.06264 -109.391 100.915 52.1395
3.07633 16.409 -2.03656 -82.8233 100.633 81.6466
5.43754 -15.447 0.59147 148.545 -50.2391 -43.3195
5.87938 -14.1794 -0.972337 192.299 59.3443 29.9432
2.06697 14.3662 0.213066 -186.903 46.9147 -30.4554
2.37884 14.3228 -3.13611 -156.144 58.3998 132.248
5.12873 -18.1902 9.95505 111.459 -46.5566 -107.841
3.21223 19.1337 -0.161835 -84.487 115.821 23.8746
5.86925 -14.4727 -0.0603084 178.436 23.6783 -23.703
3.64371 18.5226 2.43846 -43.94 122.419 -57.8572
4.06915 16.4684 -1.65597 -16.0944 117.756 39.9301
3.14831 11.5744 2.09423 -108.749 190.116 -26.6495
4.20092 16.059 -1.18802 -24.9558 106.659 25.1741
5.31439 9.27694 -10.3759 76.6111 52.4031 -55.1725
4.34541 19.2753 0.857277 -23.9414 127.812 18.3941
5.5162 -14.5039 -3.27473 91.7072 -58.2746 110.996
6.04619 -10.1039 -5.36609 129.951 42.6807 175.996
4.50051 6.02203 -9.61282 -23.5891 166.569 71.0548
3.76208 18.3334 0.347944 -102.902 116.504 6.79742
2.86938 8.54028 -1.97234 -195.06 -197.586 52.9774
4.16873 15.4695 -2.50854 -71.1807 119.662 98.6457
6.87768 -15.9993 3.79346 190.073 19.2289 -149.079
3.46923 12.3945 -5.52299 -152.947 58.9061 161.415
4.48688 15.2164 3.61185 -52.2031 105.664 -79.7596
4.67826 16.8588 -1.34615 -36.3095 105.753 29.5281
5.41575 -5.02105 -10.1128 35.4333 -125.606 24.6799
3.4868 16.089 -2.41029 -166.026 79.1796 56.0897
6.79723 -14.6388 -0.586152 160.246 14.6456 -6.2871
5.90037 -15.7474 -1.84487 60.3727 -84.1996 46.1507
4.93498 18.2736 3.05566 -48.147 126.482 -54.5063
6.75434 -10.6995 6.69372 131.519 31.0518 -177.313
7.35028 -13.2069 -1.23779 179.891 -82.7007 6.1369
6.41193 -16.4465 -0.691539 76.2077 -83.5715 2.7664
5.10816 -6.77474 1.98611 -59.1001 172.242 -18.452
7.25153 -13.352 0.13475 149.882 13.1746 -42.1206
5.92458 13.4997 5.01974 8.26024 148.372 -233.179
5.19891 2.6907 4.04547 -68.5895 12.7606 166.353
4.76138 17.0485 -0.615821 -115.487 119.343 -4.1311
4.43664 1.93248 7.4666 -152.062 -101.339 22.5935
6.97759 -11.5254 -7.9481 100.166 -53.0766 -81.3851
7.4985 -13.1059 -1.84918 148.346 16.1984 58.1664
7.20597 -17.0526 -1.78018 112.258 -46.8784 26.5385
6.01201 14.8588 1.17197 -7.83813 107.778 -37.3858
7.03329 -16.1605 -1.88186 90.1234 -76.1241 5.73899
7.93164 -14.6118 -0.370346 171.532 -43.7136 -15.9271
6.01075 17.6294 -0.711328 -20.9172 123.774 35.6886
7.62511 -6.3655 -4.44883 137.763 -69.8014 -84.7402
5.18446 14.3019 1.35797 -109.157 105.965 -27.4326
4.81239 29.5947 -3.95554 -147.232 271.706 -131.55
5.1225 11.618 -4.46096 -118.259 83.7875 156.933
5.62485 16.0867 -0.756181 -68.4378 119.328 10.9748
4.14724 17.0407 -1.51648 -217.097 139.073 55.6603
7.47128 -12.2131 -6.51417 107.488 -25.8525 185.599
7.20732 -14.724 0.792628 79.9649 -61.1685 -43.4332
4.68764 13.5943 -0.545471 -171.185 168.533 -0.800224
8.07831 -13.2378 -4.23584 164.303 41.7094 117.328
6.24261 12.4294 0.935751 -22.3312 -49.2797 160.777
7.92289 -10.1289 0.0445053 142.314 173.614 5.5615
5.04248 19.0377 1.20377 -172.622 25.9883 25.8935
5.2449 12.0712 -2.92616 -156.868 79.3989 106.211
8.37494 2.85071 -5.23367 153.594 -0.776405 72.5014
7.16049 15.2631 -2.98461 26.8553 102.312 76.0909
6.92039 15.0052 -3.6973 2.1821 162.037 63.9611
7.91109 -11.3191 -4.72566 97.7453 -74.3671 -122.748
6.2616 7.29288 11.0925 -68.3036 93.9332 0.843676
6.34552 14.3587 -0.63658 -60.6387 113.291 31.1416
5.39112 14.6586 1.59352 -158.899 99.6671 -36.7771
5.43351 15.2305 -2.21615 -159.873 96.2083 86.3539
6.5785 14.3655 1.1609 -48.7304 82.3951 80.2226
8.44419 -13.8389 -4.52162 124.584 -22.1852 110.185
6.85901 14.2785 -2.75566 -39.2716 113.406 89.1601
6.77478 15.7651 -3.84598 -62.4083 104.192 79.679
8.86955 -18.9441 -3.24889 133.842 41.9173 154.233
7.0202 9.00205 2.32342 -58.6797 201.788 -94.5438
5.63072 11.3277 -4.14524 -197.901 63.2679 128.959
8.65336 -8.17521 -3.73559 97.9352 194.716 122.471
6.0627 13.3126 2.44895 -165.17 103.054 -97.9827
7.47644 16.5063 -2.19469 -25.473 129.561 94.2746
7.99172 12.1775 2.97806 20.3311 120.084 -98.0704
8.86049 -10.9619 -3.6669 105.964 -72.1903 66.3919
9.48907 -13.8626 0.735331 159.911 24.6205 -44.7032
6.05103 13.2842 -1.85716 -181.904 76.5659 72.6893
6.96515 1.61257 -2.73154 -102.872 -13.8465 -155.65
9.3878 -9.64821 4.02847 126.083 78.7679 -132.433
9.65171 -21.6595 1.18553 152.012 77.7241 -12.5449
9.42467 -14.6309 4.09657 116.649 -46.8437 -107.724
9.27925 -17.5308 -1.01299 93.321 -88.1653 16.1041
6.78282 13.7587 -0.879295 -162.494 105.499 44.1379
8.44493 12.2796 -2.93468 -0.814516 109.581 103.294
9.41661 -18.6816 0.444258 95.2446 66.6722 -6.77702
7.46341 13.2332 -0.628055 -104.881 116.627 30.2592
10.0271 -15.4473 -2.23781 149.105 -15.7166 25.5941
9.83968 -13.172 0.0398909 122.566 -19.3161 8.81306
10.3044 -11.644 0.692089 167.309 104.751 -25.3638
10.1396 -12.7362 -0.270735 146.068 24.1357 22.47
8.12195 15.9012 -0.774562 -58.8039 128.272 24.1411
7.92823 14.2939 1.62384 -79.7268 94.7406 -51.5273
10.1459 -15.8615 0.126068 129.981 -39.1764 -35.9425
8.97618 13.6186 -0.584969 9.71683 110.252 15.7721
9.94008 -13.8038 4.10221 104.494 -96.9786 -45.9036
8.50815 13.6173 -1.4359 -41.0555 124.293 48.3466
7.42587 25.9021 -7.82358 -149.208 43.1021 40.6085
9.03604 13.7818 -3.31265 9.0301 114.983 116.402
9.31757 6.96516 -6.71048 31.0063 76.4894 217.907
9.01971 16.3766 -0.403653 -1.66636 128 29.4349
10.2276 -16.3473 1.95339 118.277 -63.8126 1.41216
8.47985 13.8734 -1.72807 -55.3826 129.168 42.4648
10.615 -11.9576 3.12962 153.849 48.4264 -73.1312
10.5328 -12.8874 -0.832361 144.847 26.5606 15.9583
7.86228 14.0782 0.15919 -121.463 126.139 17.1154
8.27238 18.0571 5.10398 -81.0909 40.0509 -144.131
10.7208 -14.2673 9.73782 159.46 244.473 -278.497
10.3555 -9.3267 -3.83918 122.107 41.176 131.353
7.85282 11.7471 4.52028 -128.969 118.299 -136.481
9.10257 12.8861 2.5072 -15.6415 92.6864 -84.3583
8.39259 10.4468 3.7842 -92.6119 201.784 -104.081
10.3291 -12.1166 2.80682 96.681 -43.1108 -80.574
8.78859 22.9392 -9.28565 -59.6102 147.119 -68.1881
9.24539 13.1035 2.14686 -29.8953 127.087 -28.8682
10.7786 -15.2248 -3.60579 116.21 -56.4083 74.6921
9.3074 19.6976 1.53565 -30.8022 99.8296 -6.25471
11.2126 -11.1001 -0.125748 156.091 77.453 0.877434
10.9743 -14.0709 3.13698 125.051 -29.7602 -90.0828
9.11979 0.399241 6.53172 -61.4465 201.537 -0.0083165
10.2681 2.79788 -4.12913 47.892 187.421 -2.7338
10.1414 12.7709 1.53562 34.745 99.0036 -20.9198
9.58273 6.94308 -3.4141 -27.6677 207.838 49.6331
11.4949 -12.4727 2.87195 155.941 52.2219 -84.392
9.27524 10.4169 4.21659 -72.3505 128.609 -101.798
9.71827 15.1687 8.71678 -30.8766 136.052 -16.1301
11.3621 -11.4886 0.145857 124.617 0.729265 -53.2012
9.4195 36.0923 -5.67047 -75.1075 51.147 110.288
11.5358 -10.0121 -2.56423 133.469 49.0091 79.5238
11.665 -11.4894 -2.57693 143.089 26.7592 70.5316
9.8141 19.0488 7.12253 -41.2589 126.503 18.4229
9.83559 15.2814 0.930785 -54.9949 140.322 -27.6543
11.9697 -9.34441 0.422441 152.897 30.614 11.5086
11.6963 -13.756 1.25751 120.979 -37.458 -84.6257
11.6432 -6.65085 3.81044 115.689 91.9427 -124.488
10.6503 12.1726 -1.13501 13.6579 110.979 20.3019
10.7934 9.39856 5.61493 27.2371 95.7774 -187.678
10.7042 12.1314 0.0787078 13.1802 114.766 25.7532
9.68481 13.7803 0.874336 -90.1304 142.952 -41.636
11.7647 4.29023 3.51975 114.488 172.29 -40.8101
12.09 -9.32148 0.914398 133.568 73.3373 -26.6391
9.92955 10.5652 2.8994 -83.829 143.516 -57.9119
11.59 -5.83072 -0.930363 76.4011 220.09 23.1537
11.8179 -12.5448 -7.5228 95.969 152.74 250.409
11.0568 11.3349 1.59787 18.3611 111.058 -78.9704
11.5623 2.13121 6.97017 63.526 44.7389 -227.315
12.4917 -11.2949 -2.67491 149.96 64.7288 82.7999
12.6448 -11.8278 0.72685 157.496 53.2992 -8.03414
12.3851 -9.80952 -2.34609 128.063 30.587 72.3602
12.4848 -9.16911 2.47555 133.717 89.5176 -70.3353
11.698 4.92151 5.46646 45.4407 75.8273 -184.546
10.1935 12.3065 0.869011 -104.121 145.363 -25.9993
12.5268 -10.1841 3.97287 126.275 26.6221 -119.119
12.4334 -10.6372 0.312799 115.247 -7.69775 18.748
10.2122 7.92431 4.08088 -114.459 138.806 -133.701
12.7479 -8.98877 3.57018 134.676 92.6946 -133.978
10.8488 13.8393 2.61395 -57.8057 152.067 -40.3456
11.846 10.6446 -1.21347 40.7159 99.1049 45.6498
12.5213 -0.618516 5.20508 107.644 72.7397 74.8941
12.2424 -1.3173 -5.70958 77.3048 11.6218 185.58
10.8078 27.812 -8.18923 -67.7209 94.7232 57.2336
11.2775 10.7599 1.13036 -23.3969 132.81 -51.8496
11.6073 9.14492 5.18536 5.31088 111.918 -154.126
12.743 -9.73035 -3.3503 112.652 -7.22467 -29.408
13.0141 -9.11253 -1.29107 133.681 81.1559 51.33
11.1676 8.48518 0.00457961 -51.7418 202.075 -23.3718
10.4456 4.37101 -4.35881 -125.684 156.959 157.108
12.8882 -6.83321 -1.94278 114.323 82.3694 92.0078
10.8775 4.09125 -5.07769 -85.5219 152.187 172.66
12.0654 10.5625 -4.62775 31.0595 105.9 141.55
12.2302 12.4603 -2.1748 46.5395 100.597 10.4617
12.9371 4.83836 0.506886 116.352 -37.2941 66.2711
13.1188 -13.7436 2.48789 125.254 -34.4519 -74.9458
11.5057 14.481 -2.08006 -36.7887 146.75 63.5859
12.0384 -0.113098 -4.70617 14.4307 177.357 154.201
12.9834 -11.1867 -3.72466 106.751 -34.8801 68.1152
13.2711 -9.2357 3.1309 130.002 37.3155 -113.095
13.0292 -3.40468 -3.89715 100.667 -33.3116 71.3899
12.0661 12.7426 -1.57321 -2.4509 134.968 81.2124
13.4284 -8.67517 1.82239 131.042 108.885 -80.592
13.1484 -5.80185 -5.03451 102.706 90.9615 165.159
13.7907 -16.7256 0.511023 165.972 169.316 -2.11033
12.0285 11.9122 -2.554 -16.8715 139.647 111.58
10.2186 2.04363 1.51807 -199.689 175.456 -44.7435
13.1737 -9.17927 -3.10102 89.4271 -45.645 107.874
13.6573 -11.5 -3.85835 131.044 -7.41417 110.564
12.21 3.91633 3.86703 -14.2902 152.964 -146.972
11.8905 21.348 3.99906 -47.7481 83.052 -14.4947
12.5335 -3.99915 0.457262 14.5402 237.668 -17.3482
13.4771 -9.92887 -0.880238 101.998 51.8136 67.8284
12.5369 9.2609 -1.1863 3.02295 127.541 44.5352
13.1399 -2.98675 -5.82028 60.1296 130.864 180.203
12.2892 -1.48282 3.45902 -29.6757 205.937 -109.123
13.6963 -13.229 0.041831 109.712 -53.7025 3.8992
13.229 8.6955 4.02841 59.8863 83.7055 -126.433
12.3647 6.09973 3.79209 -26.0701 141.72 -120.293
11.5268 10.054 1.85142 -112.033 152.438 -62.3247
14.1156 -9.86771 -1.5639 142.433 57.6346 33.8914
13.2182 -3.49264 0.564261 50.2628 189.659 -27.3438
13.9337 -6.95189 1.32426 119.703 82.2452 -44.6507
13.4816 11.8899 1.11737 71.4168 88.4017 -41.6559
13.3751 -4.32057 -1.5125 57.6029 174.203 41.3235
12.9706 6.89549 4.85592 13.5326 131.957 -148.078
14.1599 -10.696 -1.16553 130.746 4.02731 53.5421
13.9591 -10.4363 -0.694662 107.27 -32.3886 8.96411
14.3854 1.9075 -0.449925 145.885 -13.2154 0.208193
13.6828 -5.02865 -1.40845 75.4524 199.068 49.3394
14.1947 -8.3418 2.52544 125.495 117.117 -49.0069
13.9235 -4.80118 -1.95761 95.3454 119.16 64.9318
13.0418 9.6182 2.61233 5.26558 135.402 -77.5755
14.428 -10.9635 2.39113 141.497 24.8442 -80.7663
14.43 -10.375 0.0603544 140.71 51.5999 -15.21
14.0511 -17.1067 -5.87293 97.2768 20.0121 54.5618
14.2418 -6.48535 -2.31998 116.088 104.12 77.9648
14.5241 -17.99 -0.291032 141.344 89.7535 14.6219
14.6734 -10.3428 1.7575 149.854 80.3844 -39.006
14.3823 -1.25 -3.38051 119.929 100.643 -4.3871
12.9895 6.24033 3.88972 -21.2417 159.865 -123.312
13.982 0.0642868 9.74038 76.1261 91.9315 -30.1263
13.8353 14.2237 -0.181751 60.2497 101.849 10.4329
14.2785 -8.98302 2.01867 100.59 -35.8874 -49.7748
13.2604 -1.63917 2.92444 -1.46789 214.365 -92.8788
12.2123 10.9737 -0.329693 -108.765 169.379 7.69297
14.6243 -7.86587 1.16842 129.599 103.681 -39.7412
14.5078 -6.83653 -2.25196 113.948 139.832 66.1984
13.8976 -1.60009 6.1435 53.0729 -30.3543 6.98923
14.6948 -7.82317 -2.23489 125.673 70.7052 48.7646
13.8659 12.0101 0.926576 36.3355 118.638 -22.3643
14.843 -9.79307 0.0062943 131.254 99.0155 5.40206
14.4396 -3.4793 -0.516186 89.2787 151.821 8.22007
14.9035 -6.15096 -3.09513 132.909 13.5979 106.898
14.3003 12.3142 0.926703 70.6058 98.5639 -35.7979
13.0757 4.86105 -1.94821 -52.8331 178.13 64.6483
12.8522 9.79333 -2.60937 -76.5183 160.451 68.594
14.2281 -1.39821 5.42565 59.3437 136.459 -149.674
14.6863 -4.71777 0.510476 103.4 121.717 -12.4946
13.8226 7.02032 -0.820584 15.9728 132.857 22.1303
14.9123 -8.61025 -1.2571 122.096 15.9356 43.759
14.8695 -2.26116 1.31608 114.718 113.839 -41.6183
14.9558 -7.71692 -1.16746 122.391 30.4618 16.6326
13.6993 9.75014 0.123996 -4.9197 142.663 2.77309
14.8234 -3.40912 5.12828 100.626 79.4638 -161.276
14.4535 -4.03866 0.378304 63.6824 168.043 -20.2203
14.6316 5.50132 -4.46639 79.2792 60.5305 147.419
13.3464 4.85517 1.17254 -48.5505 190.135 -35.8407
13.8942 8.20353 2.23839 5.75679 147.618 -69.8181
13.823 4.39415 -1.36735 -7.46374 158.704 139.323
14.3269 6.47845 0.598943 40.7623 116.273 -14.2358
13.4914 9.12597 -1.28784 -43.8297 161.152 3.83658
13.7556 11.9153 -1.39283 -17.705 157.058 13.6606
15.3488 -6.3363 1.91978 140.388 15.2461 24.5589
15.3148 -7.97723 0.457536 136.072 58.7855 -38.4069
13.9509 6.22288 0.91476 0.59155 149.799 -33.6801
14.0216 5.15845 6.63539 3.99285 152.206 -130.431
13.922 4.8787 -2.39787 -7.81717 167.336 51.2553
14.3087 12.0647 0.766704 28.3013 131.397 -33.5205
15.0374 -3.74069 3.21984 99.5647 14.0217 -100.486
15.1711 -5.51812 -0.227773 111.058 68.4115 10.6897
14.9309 1.69117 -2.71728 86.3374 94.4853 83.0709
15.0298 -2.93477 -2.84481 95.897 56.6566 93.6421
13.697 5.91451 2.42971 -36.5962 177.124 -76.2304
13.8144 11.1389 -2.33766 -25.6739 154.491 86.0088
15.3831 -8.4872 -0.70992 127.496 34.0567 33.8388
15.3065 -9.18922 -1.1677 117.538 -10.3808 63.8081
14.7904 6.43503 -4.94226 64.5548 92.9673 148.474
15.2808 -5.27601 -1.45506 111.081 86.4999 40.2798
15.2055 -2.36124 -2.9133 97.5045 70.7227 73.9565
15.2694 8.31925 -0.0438333 102.66 60.846 -5.49856
15.0633 7.57677 -1.82768 80.6097 69.9672 47.6231
14.9214 0.213097 3.0097 65.936 135.319 -100.393
15.006 -2.05339 3.85168 74.21 106.104 -132.568
15.4244 -6.57391 -1.44009 113.053 127.407 39.7252
14.5295 3.58379 1.18833 21.8402 156.467 -48.0451
15.4881 2.1427 2.7209 116.988 -19.0311 10.9758
15.5236 -7.43025 0.0857272 119.971 141.248 9.41268
15.6477 -10.9008 0.545153 129.208 -16.2987 -0.314798
14.9101 9.33295 -4.35222 53.4472 300.345 -22.9158
15.2241 1.30296 5.33187 83.8729 59.4189 -143.903
13.8136 33.0903 -14.5346 -58.6233 176.662 -20.7936
14.8763 8.99728 0.522936 45.3874 118.472 -21.752
15.7014 -2.96703 -1.70505 125.606 52.8857 20.4749
15.8177 -10.0871 -3.28662 135.665 11.4032 -17.6811
15.4648 -3.54026 1.76255 99.5069 75.0147 -54.7538
15.5136 -6.23669 -0.30868 104.289 17.3485 -25.5891
15.1175 1.18319 2.35365 64.8364 105.419 -79.2873
14.3895 5.17597 0.731711 -7.99582 174.412 -34.7838
15.3002 -3.47648 0.598427 82.4014 153.224 -28.0108
14.6095 9.39953 -1.57837 12.574 136.214 53.3156
14.975 5.45081 -0.926454 47.727 118.642 19.2954
14.5321 10.9045 -1.15123 3.07217 149.617 28.603
13.3235 11.0785 1.01957 -119.034 122.176 -56.7333
15.5582 -2.15015 -3.40766 99.2613 30.0427 111.847
15.4483 -6.30181 2.11683 88.0266 52.4835 -112.294
15.3977 -14.3526 0.724918 82.6361 -56.3275 96.4226
14.6145 5.06078 0.166666 2.397 152.996 -115.849
15.4709 4.19511 4.37938 86.7116 63.8864 -129.829
15.6234 -1.66362 -2.49067 99.1835 96.758 71.1119
15.5386 0.109685 -4.68365 86.2375 83.5786 159.392
15.5274 -3.09089 0.697017 84.0351 141.44 -31.3233
15.8099 -5.40118 2.96868 110.917 12.6174 -61.2083
15.2497 22.4485 -15.5209 52.3098 249.973 -68.3656
15.0248 5.65503 2.85336 29.6503 147.545 -75.9405
15.329 2.82454 -2.89861 58.6427 118.631 95.1508
15.9848 -8.92454 -2.29561 120.475 -11.3347 66.6559
14.7143 10.4392 1.45177 -9.11459 157.897 -55.1559
15.1159 1.64908 2.08775 27.1551 168.887 -63.9974
16.2259 -9.17354 1.65278 136.771 42.1755 -41.6499
16.1417 -7.988 0.401887 126.101 25.5199 25.961
16.0105 -7.48251 -0.21877 112.244 2.1336 74.511
16.1394 -9.24211 -0.166169 124.664 -5.41403 -2.06349
15.877 9.44121 0.307056 84.5235 78.3929 8.66921
16.3522 -13.547 -0.452613 128.847 -10.2109 27.6231
15.3934 0.457086 -0.740755 30.1568 184.894 25.5377
15.635 11.9094 1.21334 52.3018 121.452 -36.2673
14.7202 6.85017 2.86844 -38.9037 174.83 -90.211
16.3939 -10.227 -0.755249 125.162 -24.3468 20.3263
15.267 1.693 0.458983 13.2239 245.165 -70.5757
15.4163 4.53134 0.057164 27.0074 144.66 -12.2688
16.4115 -6.3562 1.93737 124.587 114.395 -69.5761
15.2851 21.2883 8.97887 12.1106 53.8862 -97.1173
16.3555 -9.73297 -0.105733 116.191 -32.7189 7.43694
15.6641 6.92545 -1.75468 46.4024 130.583 73.7008
15.4461 9.79533 -1.0329 22.1614 146.33 23.4823
15.6572 10.5421 -0.807267 42.8997 135.762 14.8504
16.1846 2.26689 -0.356695 94.5779 88.1647 12.0409
16.4671 -5.55152 -2.73702 117.166 60.7594 91.8088
16.4445 -5.65113 -3.17227 112.854 9.69227 36.4337
15.7059 1.48718 -0.313598 34.419 157.14 11.8196
16.5047 -3.65352 -2.40489 106.286 1.36608 81.0529
16.0819 8.34074 -0.384067 63.1362 107.327 18.2337
16.1079 8.62315 1.29659 64.3631 107.499 -29.3934
15.2496 8.04436 -1.0152 -23.8379 165.538 35.0891
15.8299 2.54315 2.09313 33.2093 152.626 -63.9858
16.465 -1.03736 -0.127529 96.1801 78.3056 -5.39771
16.2439 -0.977737 -1.29913 74.1261 75.9115 36.6038
16.5976 -5.55833 -0.901822 108.845 -15.7362 4.08546
15.4707 7.27783 3.25893 -3.52229 81.2937 -90.3379
15.9348 0.856679 -1.9967 41.302 113.144 75.6312
16.1205 -0.589768 -0.334992 58.5671 169.32 7.18205
16.7013 -4.82104 2.69011 116.132 36.035 -83.0252
16.4731 4.50526 1.61297 92.1716 66.7334 -39.9637
16.9593 -1.53311 0.937806 139.306 179.575 -111.363
16.2247 3.69368 -0.565366 65.6047 104.217 20.0839
15.9186 2.81107 -2.62936 32.976 145.127 88.1967
16.5864 -0.837629 -1.33032 97.2242 72.2999 47.7056
16.5127 9.76711 0.55826 88.7993 83.7826 1.34601
16.0742 3.01669 0.235239 44.6446 145.704 -3.99883
17.0029 0.0345306 -3.1939 135.399 48.2311 20.9874
16.6808 -1.67297 1.57233 100.733 35.6705 11.9237
16.9648 -6.37946 -0.791138 124.936 30.8075 62.7835
16.6704 -6.01095 -1.40068 94.1761 -15.5665 126.076
16.5404 3.57003 2.2625 77.2944 83.5016 20.7815
16.642 2.27369 -1.41695 85.9097 88.5364 41.7686
16.3775 6.24131 -0.453833 57.1708 123.492 2.97915
16.9382 -2.51382 0.839044 108.609 46.6162 -22.5482
16.6066 4.85399 2.13766 75.2015 203.818 -10.732
16.8898 3.74121 2.03863 103.307 167.176 -100.656
17.1687 -6.08192 4.16557 130.319 7.69732 -1.26744
16.7593 5.99952 1.85599 88.6471 78.1229 -55.8014
16.8521 4.11593 -1.34542 84.6656 92.7501 -51.5833
16.9273 8.09138 2.65603 83.5587 88.3561 -98.1032
17.1432 -2.44626 -2.00137 103.948 98.9605 82.7364
16.8282 3.86448 0.888543 70.7468 108.042 -26.6852
17.2055 -0.584084 1.7076 106.259 66.1309 -65.0431
17.1735 3.93433 -0.444989 102.785 43.8702 10.238
17.1948 0.371504 -1.4757 103.925 35.2266 52.5914
16.758 3.91419 3.15891 53.6341 130.18 -98.0063
17.2456 4.90448 1.11596 101.072 18.3172 -54.3133
17.0224 2.8525 -0.526864 73.5599 110.564 20.5323
17.5547 -6.06396 -1.16061 124.774 15.7382 75.7347
17.3191 18.5382 -3.48402 93.8827 214.781 -109.978
17.4969 -0.469879 0.796328 110.539 63.4299 -35.888
17.468 -11.7909 1.66111 93.9234 94.3775 27.4854
16.93 6.71329 1.11614 38.3569 158.435 -17.7817
17.9026 -8.09086 -1.1626 132.214 4.68077 12.8376
17.1644 -4.5559 0.283007 56.0815 192.912 -21.0693
17.7831 -2.79589 -0.943439 116.568 45.035 32.75
17.0934 -1.17238 0.684978 43.5027 -25.1267 72.5177
17.5498 -6.77297 -1.939 88.7141 -49.6546 -46.9266
17.9437 -5.34504 0.846196 126.043 43.8116 -23.3325
17.6147 3.1137 1.28665 92.4194 62.6143 -41.7169
17.6737 1.76226 -2.49209 92.0327 116.973 79.7578
17.6222 0.434315 -3.63812 85.0096 145.353 102.742
17.6346 5.73896 -2.39376 81.0197 95.4032 81.2631
18.0155 -4.48885 -0.553317 118.586 98.9636 20.2121
17.9882 -0.835085 -0.655678 107.295 76.1802 26.3909
17.785 0.027134 2.78472 86.4736 115.554 -57.6955
18.0659 4.91946 -0.854594 88.6513 95.9724 29.6646
17.2736 8.57264 0.46054 9.81499 115.412 -7.73563
18.1498 2.98282 -2.67051 94.9286 80.6677 81.8
17.7745 2.71667 0.396553 54.3936 150.391 -10.7877
18.3139 3.4704 1.02717 102.177 68.2168 -37.4229
18.4735 4.74608 1.92406 110.081 220.479 43.492
18.4916 -1.28038 -2.00933 106.882 91.5789 54.0837
18.6937 -1.16879 -1.07174 114.116 88.9677 23.6648
18.5544 5.81794 0.750515 95.6031 75.2808 -22.6877
18.8304 1.13113 2.85046 119.229 11.5577 -11.729
17.9387 5.10095 -0.132062 18.0069 51.3487 78.8333
19.2237 -0.405555 -2.39448 103.879 61.0885 69.2447
21.1325 9.59541 5.15934 149.217 128.897 -15.0318
22.3348 -15.5572 7.74889 183.435 43.7766 -12.5777
22.4465 -6.4488 6.75765 147.781 75.9657 44.9356
25.8449 -8.9003 -8.74975 194.862 -71.5113 -34.3159
nan nan nan nan nan nan
18.314 -2.87272 -2.08612 115.494 -5.07198 59.4954
20.0225 14.7312 -7.21738 79.1284 99.8623 -38.8895
