-59.0297 77.112 -20.6672 -0.158913 0.132553 -0.0334111 5.93191e-05 258
-13.8257 -7.21712 0.372441 0.304933 -0.198286 0.148819 -2.83044e-05 424
-11.9232 2.50569 -2.11615 0.00178268 -0.409029 0.225688 -0.000290488 276
-11.5083 0.864989 1.314 -0.0917626 -0.60395 0.287596 -8.50828e-05 408
-10.9827 -1.59599 0.48756 0.0968259 -0.543091 -0.0315493 -0.000373824 244
-10.8436 -11.1892 -5.96439 0.20821 -0.0368075 -0.142889 -7.8991e-05 318
-10.6508 1.10126 0.738809 -0.0605175 -0.673274 0.274901 -0.000134306 190
-10.5369 2.03507 0.723528 -0.0228473 -0.447732 0.0764698 -0.000569807 99
-10.2491 -0.372191 1.13153 0.0170071 -0.560389 0.0432753 -0.000504249 234
-9.65525 2.62748 10.5075 0.173156 -0.320792 0.302627 -2.5831e-05 18
-9.47316 2.93654 5.67011 -0.132609 -0.585385 0.0535209 -0.000241843 155
-8.81056 2.61115 0.294618 -0.190583 -0.620909 -0.0127773 -0.000589729 32
-8.77471 1.43137 3.58354 -0.178845 -0.713055 0.13639 -0.00032253 252
-8.56169 3.57665 -1.85062 -0.19379 -0.501223 -0.0962772 -0.000700659 82
-8.33531 4.32133 -1.76186 -0.34134 -0.543752 0.0493552 -0.000524312 286
-8.31271 -1.83256 -1.29825 0.0896183 -0.679717 -0.00290186 -0.000651768 482
-8.26566 2.98775 -1.53833 -0.0796822 -0.538669 -0.112274 -0.000800567 493
-8.23599 13.5364 -1.89255 -0.333007 -0.227893 -0.0654442 1.40379e-05 105
-8.18008 -2.65179 -0.609111 0.192971 -0.605057 0.0286911 -0.000738525 475
-8.12031 -1.89753 -1.65728 0.0917746 -0.608794 -0.0147047 -0.000798457 356
-8.10394 -6.85359 1.05246 0.361554 -0.434305 0.113277 -0.000417211 241
-8.04782 1.71561 -1.24715 -0.125158 -0.577099 0.02418 -0.000879111 325
-8.04495 4.00993 0.440261 -0.274474 -0.611459 -0.0877501 -0.000584342 263
-8.00043 1.24264 -0.675172 -0.0388859 -0.576272 0.0130152 -0.000944811 260
-7.86461 3.05097 -0.666788 -0.202832 -0.623444 0.0164664 -0.000738802 232
-7.84637 -2.86959 -0.536762 0.21779 -0.575331 0.00469458 -0.000828676 310
-7.81859 -1.66956 -1.03182 0.0707341 -0.588227 -0.0358918 -0.000934163 403
-7.81295 3.61041 -1.98737 -0.225366 -0.562265 0.0103168 -0.000741861 428
-7.80615 -1.60372 -1.60792 0.072177 -0.584312 -0.035384 -0.000924555 353
-7.71485 2.87745 -0.167413 -0.198738 -0.542224 0.0435883 -0.000917443 27
-7.69393 -2.33363 -0.783899 0.166633 -0.541839 0.0437069 -0.000969498 11
-7.69261 5.19412 -0.00138433 -0.292842 -0.575629 -0.0441743 -0.000575039 301
-7.52187 -2.92644 -0.419131 0.232575 -0.553009 -0.0246896 -0.000918345 282
-7.36206 0.818903 -0.0587175 -0.0735921 -0.592798 -0.0128491 -0.00107779 269
-7.36118 2.49579 -0.121488 -0.180159 -0.526222 0.0336246 -0.00105625 367
-7.3535 -9.29653 -2.71351 0.36105 -0.355006 -0.0758842 -0.000261571 347
-7.33928 -2.90983 -0.245844 0.198286 -0.541073 0.0106279 -0.000998302 302
-7.11277 -0.458104 0.477739 0.0445075 -0.588368 0.0433591 -0.00114831 442
-7.10894 -2.8783 0.182829 0.206703 -0.552157 0.00692681 -0.00102952 427
-7.0128 1.09182 -0.463047 -0.0759276 -0.559637 0.00753136 -0.0011974 373
-6.99993 -8.57302 2.37678 0.122739 -0.451872 -0.283012 -0.000345493 154
-6.97208 1.29844 0.0299848 -0.112004 -0.573367 0.0162663 -0.00117168 139
-6.89272 0.643334 -0.0580033 -0.0538344 -0.540265 0.0228569 -0.00127327 274
-6.88684 -2.70827 -0.226452 0.177874 -0.497621 0.0368441 -0.00118181 462
-6.84407 -4.81444 -0.568309 0.333517 -0.504064 0.0922913 -0.000831515 194
-6.84026 -1.13503 0.836652 0.0942696 -0.553595 0.0565415 -0.00122773 56
-6.79807 4.77954 0.0374325 -0.327781 -0.45071 0.0659595 -0.000928298 474
-6.78784 -2.91141 0.347422 0.214325 -0.505306 0.00164371 -0.00115617 452
-6.63892 -0.726325 -0.183015 0.0434785 -0.569402 0.0032925 -0.00128761 401
-6.61545 0.315377 -0.116171 -0.0700976 -0.554721 0.0271303 -0.00131799 368
-6.60563 -8.21708 -1.29315 0.518834 -0.322504 -0.140217 -0.000343341 292
-6.55898 -2.88202 -1.67634 0.172662 -0.597748 -0.0113864 -0.0010485 421
-6.51006 5.74638 0.0233143 -0.381516 -0.420174 0.00172731 -0.000835428 321
-6.41497 -2.98747 0.235796 0.21528 -0.499609 0.000999955 -0.00123593 469
-6.38913 0.310494 0.0652901 -0.0618042 -0.530939 0.0174199 -0.00140713 266
-6.27559 4.29041 -0.310361 -0.330084 -0.496078 0.0161514 -0.00103377 119
-6.25667 0.767957 -0.211826 -0.0710021 -0.53078 0.0134004 -0.00142646 36
-6.18736 0.117027 0.0272076 -0.0410033 -0.507212 0.00686701 -0.00149129 168
-6.02407 5.31111 -0.364312 -0.381785 -0.432957 0.0544126 -0.000960915 340
-6.00174 -1.65509 -0.634104 0.111213 -0.517853 -0.024277 -0.00144556 246
-5.94206 3.96832 -0.385663 -0.326281 -0.487863 -0.00243243 -0.00115299 19
-5.86255 7.15957 -1.71412 -0.555578 -0.312314 -0.093515 -0.000553396 295
-5.84105 3.77974 -0.353573 -0.303174 -0.474309 0.00490351 -0.00123407 14
-5.75315 0.74196 -0.434097 -0.0698187 -0.521272 0.015168 -0.00155118 228
-5.74194 3.25719 -0.172434 -0.261544 -0.478251 -0.0111533 -0.00134442 61
-5.71744 1.57079 -0.540982 -0.138512 -0.537059 0.0168144 -0.00147847 497
-5.63027 -6.71237 2.97646 0.775823 -0.351452 -0.134532 -0.000143194 91
-5.6255 -6.16712 -0.789906 0.365311 -0.418218 0.0608556 -0.000915434 180
-5.54789 -4.4002 0.0634886 0.379823 -0.449153 0.00359014 -0.00116814 361
-5.53733 0.539503 -0.556889 -0.0650453 -0.520811 0.0228346 -0.00160251 394
-5.49391 3.528 -0.497463 -0.285434 -0.44578 -0.00233725 -0.00138026 184
-5.4847 0.287915 -0.228842 -0.0427778 -0.49977 0.0354495 -0.00165451 76
-5.43627 3.62524 -0.0380955 -0.286629 -0.465627 0.00199317 -0.0013581 12
-5.42219 3.06556 -0.515527 -0.250804 -0.439306 -0.0310669 -0.00148013 317
-5.37491 0.280505 0.174839 0.011314 -0.453846 0.0216815 -0.00174146 431
-5.36808 -3.73738 0.0134863 0.310711 -0.439231 0.0132241 -0.00136915 467
-5.35493 -7.92458 -1.05844 0.465392 -0.271931 -0.0679363 -0.00067117 148
-5.3551 -4.66004 0.357795 0.382739 -0.427346 0.0208958 -0.00118423 29
-5.33741 -2.57935 -0.685313 0.176365 -0.476831 0.00165945 -0.00154213 388
-5.30753 -4.25283 0.31629 0.344585 -0.422784 0.0217924 -0.00129616 477
-5.30383 6.9629 0.181076 -0.462258 -0.338675 -0.038199 -0.00080929 126
-5.24413 -5.25219 0.599925 0.431755 -0.412109 0.0375938 -0.00106799 351
-5.23992 5.6475 -0.321861 -0.388255 -0.392725 0.0319913 -0.0010768 238
-5.13483 6.33029 -0.0578599 -0.446637 -0.385977 0.00290296 -0.000918902 322
-5.08022 -10.1373 -1.86151 0.471273 -0.28659 -0.036386 -0.000308482 37
-5.08381 10.6314 1.36429 -0.496108 -0.197791 -0.0144931 -0.000275585 225
-5.06775 3.15749 -0.206965 -0.267924 -0.456915 -0.00616687 -0.00151069 253
-4.99267 8.6199 0.881899 -0.492489 -0.211667 -0.0661681 -0.000599374 221
-4.96281 -5.19094 0.450323 0.420455 -0.394354 0.0235185 -0.00115942 336
-4.93364 -4.5739 0.613596 0.371832 -0.380497 0.0231582 -0.00132783 291
-4.7867 -1.93624 0.47834 0.172679 -0.399726 0.0561405 -0.00180317 1
-4.75766 -6.21815 0.634066 0.460035 -0.324413 0.00980651 -0.00102886 245
-4.75392 -2.67924 0.340301 0.241875 -0.43706 0.0395368 -0.00166337 57
-4.72589 5.35696 -0.215565 -0.382571 -0.388826 0.0163595 -0.00121803 393
-4.69149 -5.06926 0.517115 0.410103 -0.356813 -0.00249706 -0.0012722 312
-4.64988 10.4699 -0.882262 -0.476888 -0.402981 -0.167099 -0.000157186 352
-4.5875 4.80279 -0.462868 -0.387886 -0.370465 -0.0272996 -0.00134384 398
-4.5736 -0.98073 -0.014983 0.0914878 -0.389154 0.0281177 -0.00195259 59
-4.57134 -2.98127 -0.0828293 0.273757 -0.392901 0.021734 -0.00169416 102
-4.5506 -2.38812 0.37111 0.179084 -0.3934 0.0437026 -0.00181564 491
-4.52148 3.85179 -0.0622848 -0.334628 -0.394011 -0.0270066 -0.00153553 383
-4.47388 -3.27299 0.0384384 0.293938 -0.39542 -0.000555127 -0.00165795 273
-4.40934 -7.04229 -0.269624 0.478975 -0.34934 0.0666843 -0.000872314 480
-4.24537 0.189231 0.244212 -0.0188603 -0.431847 0.0760724 -0.0019925 363
-4.21912 -2.09075 0.321387 0.175522 -0.387853 0.0532324 -0.00191234 179
-4.20644 -6.84704 0.167021 0.496211 -0.362082 0.092693 -0.000894124 204
-4.18104 -3.71923 0.382027 0.300341 -0.360628 0.014431 -0.0016736 464
-4.16791 7.82311 -4.67042 -0.383617 -0.443418 -0.135373 -0.00050061 471
-4.14805 2.61326 -0.160293 -0.229509 -0.36832 0.0159588 -0.001868 320
-4.11709 3.13315 -0.458039 -0.256009 -0.375554 0.000644616 -0.00178272 136
-4.06552 -5.14734 0.371051 0.427562 -0.342497 0.00873237 -0.00134829 337
-4.06578 -3.21122 0.511047 0.263788 -0.357717 0.0356578 -0.00179059 122
-4.06239 4.59617 -0.625026 -0.373881 -0.361048 0.00617003 -0.00148134 285
-4.02836 -0.253583 0.288541 0.0308661 -0.407253 0.078368 -0.00205869 270
-3.98143 -13.1443 1.2001 0.466535 -0.0750553 -0.059752 -9.73131e-05 444
-3.92724 7.01588 -0.22383 -0.478127 -0.25296 -0.046331 -0.00101592 83
-3.92214 3.21923 -0.106487 -0.262083 -0.361028 0.000423515 -0.00181819 212
-3.91089 3.6364 -0.331957 -0.31277 -0.359556 -0.000712498 -0.00172123 495
-3.82702 3.49893 -0.462417 -0.301159 -0.35106 -0.00219752 -0.00177019 385
-3.81041 -6.00637 -1.95036 0.467136 -0.201205 0.0883692 -0.00120736 203
-3.80643 -2.25942 0.0195451 0.172995 -0.338096 0.0219466 -0.00202419 271
-3.80055 -5.16561 -0.076924 0.394649 -0.312962 -0.0120171 -0.00144678 92
-3.7625 4.41546 -0.6819 -0.375177 -0.363273 0.00551932 -0.0015513 116
-3.74123 4.34082 -0.477527 -0.34856 -0.322565 0.0177862 -0.00163487 334
-3.73773 -9.10471 1.43007 0.546631 -0.272756 -0.0953913 -0.00048804 483
-3.73637 0.276989 0.165512 -0.0281438 -0.367208 0.0877575 -0.00215225 371
-3.72282 -0.600372 0.0975559 0.0361566 -0.388258 0.052427 -0.00213291 418
-3.69379 -3.68136 0.408238 0.295148 -0.312861 0.0441957 -0.00180127 498
-3.55274 -2.16141 0.544037 0.237628 -0.331809 -0.0104362 -0.00203949 267
-3.55073 -5.26263 -0.430572 0.429623 -0.256365 -0.00294795 -0.00146313 143
-3.5073 -5.29543 0.666376 0.442936 -0.286548 -0.0208432 -0.00141939 369
-3.51 1.15401 -0.481897 -0.0978713 -0.296519 -0.0322574 -0.00221696 16
-3.50542 7.9608 -0.522167 -0.528812 -0.224737 -0.0802674 -0.000809121 479
-3.47857 -8.84559 0.141606 0.605458 -0.228636 0.059603 -0.00052349 153
-3.41084 7.51335 -2.10221 -0.678532 -0.260332 0.0163621 -0.000594227 115
-3.39773 -8.31657 -0.140537 0.567425 -0.226537 0.0470924 -0.000697434 396
-3.39926 2.64778 -0.478222 -0.230313 -0.299855 0.0228066 -0.00204369 381
-3.38056 2.23335 -0.200503 -0.216031 -0.317981 -0.00520424 -0.00209077 199
-3.3191 -5.14517 -0.163218 0.414752 -0.290064 0.0248441 -0.00150874 249
-3.30663 -10.5095 1.81792 0.477615 -0.137921 0.199829 -0.000388439 297
-3.26138 -3.48379 0.377007 0.279731 -0.275481 0.065527 -0.00193317 284
-3.26173 1.74876 -0.0906685 -0.165804 -0.303289 0.00545166 -0.00219286 447
-3.25661 3.61727 -0.284135 -0.323582 -0.268321 0.0611095 -0.00188518 208
-3.20912 -0.93805 0.179656 0.0930053 -0.311983 0.0562115 -0.00226632 296
-3.2033 3.15847 -0.262117 -0.282107 -0.265904 0.0122697 -0.00200073 272
-3.16135 -4.27386 -0.0585643 0.33398 -0.28014 2.44502e-05 -0.00177872 69
-3.13928 -3.32315 0.484315 0.262284 -0.250579 0.0482194 -0.00200489 197
-3.14229 6.00925 -1.02508 -0.445628 -0.260557 -0.0359715 -0.00132541 123
-3.12791 4.03861 -0.157341 -0.329239 -0.258697 0.0347814 -0.00184105 166
-3.10801 -12.2141 -1.68902 0.515887 -0.0185953 0.0227633 -0.000175491 235
-3.09849 1.37944 -0.257084 -0.124224 -0.284047 0.00345977 -0.00227524 215
-3.05887 4.96203 -0.328647 -0.402123 -0.24331 -0.00433563 -0.00162188 499
-3.02755 -4.78667 -0.118555 0.388722 -0.26973 0.0327274 -0.00165514 333
-3.00447 -3.46088 0.255803 0.271042 -0.248442 0.0521825 -0.00200087 75
-3.00041 6.75245 0.0216422 -0.482562 -0.245064 -0.0112165 -0.00116842 277
-2.90767 -8.10117 -0.427397 0.571438 -0.193851 0.0749195 -0.000785644 457
-2.8975 5.46022 -0.0460944 -0.412755 -0.235466 -0.0121734 -0.00153748 84
-2.89035 5.64642 -0.441057 -0.452886 -0.241777 -0.0158803 -0.00144594 439
-2.88392 -0.961958 0.492974 0.0826574 -0.289296 0.0650343 -0.00232775 8
-2.87523 0.853651 -0.250766 -0.0812816 -0.265461 0.0332906 -0.00236062 40
-2.87205 -2.05522 0.681461 0.18575 -0.277998 0.032446 -0.00222002 222
-2.81232 3.0219 -0.387333 -0.279418 -0.265969 0.0208224 -0.00207206 20
-2.78053 5.65283 -0.706407 -0.449957 -0.245966 -0.0147459 -0.00145123 412
-2.7663 6.44673 -0.281397 -0.467879 -0.222003 -0.0231336 -0.00128648 86
-2.71732 -3.30577 0.558039 0.265562 -0.230466 0.0246544 -0.00207348 397
-2.64777 -4.65848 0.0196859 0.374942 -0.20011 0.00642258 -0.00178223 160
-2.59386 -7.62126 0.349169 0.53619 -0.190055 0.0455297 -0.000970774 28
-2.55824 6.02894 -0.657596 -0.476088 -0.230003 -0.0187615 -0.00137279 315
-2.5085 -7.94755 -0.202663 0.581167 -0.195964 0.0571453 -0.000835319 473
-2.50533 -7.04987 0.225839 0.557666 -0.195341 0.0229795 -0.00106976 405
-2.4572 2.79782 -0.0852225 -0.249055 -0.216515 0.0218698 -0.00220258 3
-2.42376 -7.21007 0.72904 0.562996 -0.183076 0.0259955 -0.00103176 89
-2.36559 -9.43935 1.25212 0.536878 -0.113847 -0.098637 -0.000611319 449
-2.2027 -6.26607 0.509357 0.489519 -0.159679 0.0398232 -0.00137233 459
-2.20062 3.20748 -0.237628 -0.27962 -0.200029 0.0148098 -0.0021597 233
-2.16573 -6.86387 -0.0962832 0.537619 -0.170745 0.0160583 -0.00117832 187
-2.12117 -9.73821 0.737655 0.508273 -0.0875051 -0.119147 -0.000616241 65
-1.90142 -7.81272 -0.203935 0.564457 -0.131879 0.0384387 -0.000958222 486
-1.80862 -6.80058 0.137456 0.528458 -0.132418 0.0197024 -0.00124401 460
-1.78554 5.64934 -0.237908 -0.446738 -0.170246 0.0168216 -0.00159068 382
-1.75531 -6.57061 0.6262 0.519589 -0.124328 0.0168317 -0.00130778 158
-1.75117 -6.1316 0.137848 0.449977 -0.0955177 0.0148452 -0.0015116 171
-1.75474 3.56041 -0.0432857 -0.341694 -0.158102 -0.0154514 -0.00211469 445
-1.74118 -6.50816 0.870832 0.517379 -0.130768 0.0185893 -0.00131705 314
-1.63533 -7.56795 -0.00178349 0.539018 -0.101619 0.0353829 -0.0010747 402
-1.59984 -4.44422 0.531527 0.420944 -0.110295 -0.00609216 -0.0018983 207
-1.59502 4.00207 -0.369382 -0.363386 -0.129741 0.0123402 -0.00203837 120
-1.58722 9.2715 -0.561803 -0.593252 -0.0476442 -0.0397065 -0.000630717 399
-1.53027 -8.27879 -0.133237 0.579031 -0.112894 0.0873345 -0.00084867 53
-1.47815 -9.55165 0.864437 0.526351 -0.104109 -0.132766 -0.000640504 78
-1.41073 -7.11085 -0.186936 0.576713 -0.11086 0.0582003 -0.0011256 490
-1.37748 -9.22593 0.199568 0.620463 -0.0549612 -0.0871281 -0.000596505 472
-1.26116 4.02478 -0.230008 -0.377138 -0.105086 0.0413821 -0.00204956 345
-1.16453 8.50331 -0.548277 -0.577606 -0.0169215 0.15063 -0.000807269 131
-1.08646 -7.8152 0.634307 0.546016 -0.0492256 0.0631244 -0.00103176 348
-1.05392 5.37635 -0.371843 -0.472763 -0.0882274 0.0448325 -0.00168218 423
-1.02607 8.20219 -0.222725 -0.546926 -0.0708163 0.0880585 -0.00094164 308
-1.01475 -4.54872 0.613378 0.423006 -0.0760155 0.0227839 -0.00191464 411
-0.959517 5.84361 -0.173676 -0.50683 -0.0553173 -0.0162763 -0.00154951 31
-0.878215 -6.16033 0.542733 0.504115 -0.0591197 0.0245722 -0.00147916 415
-0.877853 2.97003 0.95436 -0.335878 -0.082189 -0.0646868 -0.00226375 299
-0.85617 -8.37918 0.255031 0.54337 -0.0443106 0.10354 -0.000911611 196
-0.835291 -6.85604 0.619192 0.552653 -0.0557789 0.0168564 -0.00125237 429
-0.832074 -6.36807 0.591997 0.5326 -0.0559067 0.0116218 -0.00139388 360
-0.837765 4.94126 -0.348585 -0.429832 -0.0682418 0.0236887 -0.00184127 481
-0.810133 4.02604 -0.226264 -0.376655 -0.0886986 -0.0165626 -0.00207728 387
-0.76655 -4.22184 0.752035 0.405586 -0.0499052 -0.00738098 -0.00200779 214
-0.715519 8.69679 -0.848543 -0.632966 -0.0605406 0.0390785 -0.000703929 185
-0.658062 -0.893481 0.920699 0.168792 -0.297571 0.0242589 -0.00248565 437
-0.651959 4.05225 -0.0106412 -0.343705 -0.0666381 -0.0433394 -0.0021134 132
-0.618361 4.69775 -0.290833 -0.389196 -0.0370611 0.00137761 -0.00194888 38
-0.598647 -3.87179 0.756773 0.368419 -0.0321689 0.0048592 -0.00211792 52
-0.588675 6.36699 0.0714102 -0.511464 -0.0299385 -0.0148278 -0.00143916 178
-0.574927 -3.29409 0.696693 0.315781 -0.0251299 0.0512996 -0.00226365 54
-0.43689 8.29826 -0.271942 -0.558304 -0.018355 0.0532693 -0.000927465 35
-0.419013 -8.09429 0.583959 0.57171 -0.00984439 0.0413794 -0.000951329 231
-0.392521 5.93926 -0.344648 -0.485158 -0.0691377 0.0479213 -0.00156495 157
-0.370451 -7.62311 0.68704 0.547978 0.00942328 0.0402134 -0.00109318 343
-0.312836 7.22525 -0.159065 -0.556687 -0.0107653 -0.0161374 -0.00118108 309
-0.275583 7.74095 -0.491636 -0.574191 0.010028 -0.00421435 -0.00103299 332
-0.266236 8.53004 -1.19337 -0.593171 0.00194866 0.0605203 -0.000804956 288
-0.186981 -12.1196 -1.10828 0.461566 -0.0558327 0.0724532 -0.000314813 2
-0.15417 4.4994 -0.099034 -0.372991 -0.0221552 -0.0225386 -0.00201527 410
-0.140079 -5.90959 0.460304 0.471467 0.00323453 0.00255841 -0.00159961 237
-0.0919903 7.48983 -0.0664795 -0.575921 0.00241128 -0.0079514 -0.00109269 195
-0.0737691 -6.36496 0.421158 0.516608 0.0117276 -0.0200933 -0.0014363 176
8.6533e-05 -5.92371 0.42306 0.475616 0.0185033 0.0123191 -0.00159149 484
0.00803624 0.369789 -0.335336 -0.0979062 -0.355344 0.685957 -0.00187465 293
0.0762795 -2.0807 0.412293 0.104068 0.0391254 -0.0918801 -0.00255298 229
0.0975496 3.31015 1.4519 -0.350535 -0.00263192 0.0342019 -0.00220162 378
0.107263 8.04803 -0.299939 -0.556569 -0.00743344 -0.0114993 -0.000992883 485
0.114228 7.90772 -0.81469 -0.584843 0.005202 -0.0195028 -0.000972692 251
0.247021 -8.05158 1.11499 0.569218 0.0293304 0.119355 -0.00093585 7
0.271868 7.02963 -0.127318 -0.520059 0.052341 -0.0528333 -0.00127316 152
0.290615 7.02203 -0.269291 -0.540947 0.0454168 -0.0552457 -0.00124446 63
0.305541 8.502 -1.01558 -0.580896 0.0342608 0.0261704 -0.000837793 124
0.419706 -4.35013 0.0601415 0.419648 0.0848871 -0.0279273 -0.00198196 349
0.539813 8.81788 2.38049 -0.648224 0.172709 -0.101934 -0.000547409 100
0.576134 6.46021 -0.348889 -0.506445 0.0710322 -0.0647866 -0.00141196 354
0.702877 -2.85364 -0.00595059 0.150136 0.0450475 -0.0244614 -0.0024426 134
0.755745 4.61398 -0.0521995 -0.417485 0.0774354 -0.0242134 -0.0019256 26
0.859639 6.07823 -0.154275 -0.517105 0.0866176 -0.018737 -0.00148024 192
0.951634 -5.30386 0.484859 0.435879 0.0864017 0.0384089 -0.00174627 106
0.959818 4.89057 -0.109477 -0.430365 0.0850312 -0.00875375 -0.001846 487
0.981954 -4.79251 0.176599 0.403447 0.101682 0.0569551 -0.00188659 366
0.990404 -7.57198 0.38258 0.56773 0.0458662 0.0877938 -0.00105638 104
0.991981 -5.70863 0.42321 0.451252 0.0899223 0.0253039 -0.00163988 404
1.12359 2.94837 -0.604145 -0.292073 0.0868116 0.0289043 -0.00230878 338
1.15703 -2.72616 0.0751428 0.18175 0.0631542 -0.0248058 -0.00242233 446
1.15686 -9.16769 3.48285 0.613177 0.132456 0.0971848 -0.000474249 77
1.1552 6.47769 -0.214991 -0.519716 0.090001 -0.00927203 -0.0013747 496
1.18868 -7.19245 -9.57551 0.463128 -0.140744 0.420143 -7.97855e-05 42
1.20015 -6.58966 0.558856 0.515981 0.0865223 0.0373308 -0.00134716 268
1.21731 5.57558 -0.310655 -0.490898 0.127913 0.0160822 -0.00159984 147
1.26819 -5.15495 0.547116 0.414137 0.120688 0.0672367 -0.00177352 202
1.29842 6.07465 -0.633585 -0.49183 0.107154 -0.0162402 -0.00148584 181
1.3477 -0.891993 1.34665 0.0452563 0.151487 0.00521389 -0.00254934 209
1.47572 -6.56442 0.134095 0.471979 0.0974818 0.00940225 -0.00140298 307
1.48799 -5.72161 0.48329 0.453499 0.112969 0.0117795 -0.00160409 17
1.49554 -6.16805 0.459882 0.489507 0.113764 0.00784957 -0.00145993 205
1.51241 -1.43686 0.87346 0.144307 0.110728 -0.00660998 -0.00252065 265
1.56412 -5.46015 -0.0361657 0.437426 0.162057 0.0294661 -0.00166055 256
1.60353 -4.64647 0.0411045 0.391059 0.1831 0.0778761 -0.00186054 376
1.60417 -0.651337 1.35134 0.0894974 0.180777 -0.0399023 -0.00251577 74
1.68831 -3.67946 0.0958298 0.331101 0.174317 0.0455554 -0.00209983 169
1.72445 -7.25219 0.254561 0.535075 0.134447 0.0207213 -0.00113644 248
1.71851 6.44386 -0.0123099 -0.524289 0.194175 0.0214292 -0.00130802 492
1.75291 -6.90684 0.241576 0.512427 0.136698 0.0303536 -0.00124305 90
1.75115 5.69156 -0.723134 -0.458598 0.135009 0.0324437 -0.00157409 380
1.76935 3.9935 -0.369739 -0.355154 0.161946 -0.0540325 -0.00201836 159
1.7993 -4.24832 0.047916 0.386453 0.186168 0.0328946 -0.00193242 298
1.80323 -5.61973 0.731977 0.441235 0.172307 0.00315732 -0.00159273 146
1.80849 -4.01201 0.222685 0.343391 0.178696 0.045342 -0.00201844 137
1.86972 -10.2466 -0.35074 0.451262 0.161518 0.0237181 -0.000600432 417
1.90575 -7.63806 1.02073 0.556082 0.139545 0.0602504 -0.000989154 50
1.92327 5.90683 0.0146915 -0.49483 0.205909 0.0313456 -0.00144645 206
1.95842 8.46495 -1.09062 -0.570616 0.116072 -0.00207258 -0.000796382 70
2.00136 -5.72541 0.243983 0.463124 0.183972 0.010084 -0.00153249 68
2.07048 5.09129 -0.399443 -0.417031 0.190986 -0.0381925 -0.00170687 374
2.09144 2.55049 -0.900517 -0.21177 0.198703 -0.0070755 -0.00228821 239
2.10871 2.95968 -0.238184 -0.272371 0.196501 0.00096535 -0.00221235 219
2.1303 -5.54104 0.310244 0.453124 0.188997 0.0155374 -0.00157052 289
2.14311 4.43829 -0.226555 -0.395855 0.197176 -0.0328562 -0.00185114 489
2.16293 4.53706 -0.189425 -0.401958 0.196987 -0.0290966 -0.00182483 441
2.18652 4.28274 -0.253851 -0.386393 0.200807 -0.0384815 -0.00188324 172
2.23858 -7.28591 2.29005 0.543935 0.20977 -0.000423176 -0.000974293 109
2.43872 4.62734 -0.290851 -0.398097 0.232661 -0.0314108 -0.00176363 432
2.44855 2.88302 0.0483979 -0.28003 0.255747 0.0260048 -0.00214494 335
2.48173 -2.64689 0.182386 0.295701 0.263179 0.0142872 -0.00215434 81
2.48475 6.57157 -0.00634893 -0.521285 0.207686 -0.0551627 -0.00121897 230
2.5302 -9.28658 0.0714977 0.587092 0.175226 0.0372394 -0.000560419 279
2.58035 4.51025 -0.434696 -0.400124 0.227647 -0.0292616 -0.00176997 129
2.58872 6.81549 0.105632 -0.532862 0.203408 -0.0350458 -0.0011458 144
2.65142 6.68944 -0.18737 -0.518057 0.219295 -0.0446253 -0.00117827 400
2.66293 -2.31426 0.218189 0.248505 0.285692 0.0445595 -0.00218663 213
2.66286 7.38227 -0.0765815 -0.530375 0.206574 -0.0241846 -0.0010202 443
2.68217 -7.70575 2.44482 0.528782 0.183817 0.122501 -0.000863679 227
2.69846 5.12491 -0.0775898 -0.440523 0.251118 -0.019936 -0.00158275 375
2.78275 -8.89535 0.0323935 0.558571 0.191132 0.0115295 -0.000661919 188
2.79353 -4.85161 0.0811375 0.419734 0.270639 -0.00215774 -0.00163669 103
2.82749 -8.62876 0.273841 0.541226 0.194973 0.0105097 -0.000736017 494
2.82993 -9.6303 0.254527 0.614762 0.168268 -0.0209091 -0.00043618 175
2.84542 -7.13333 0.536454 0.494223 0.220231 0.0364369 -0.00109565 47
2.85326 3.25648 -0.063291 -0.288601 0.249118 -0.0274607 -0.00204114 71
2.8652 -1.62798 0.694156 0.191352 0.295376 0.00617559 -0.00224324 60
2.91245 4.18943 -0.286719 -0.37221 0.251567 -0.0400688 -0.0018048 287
2.91933 -2.53123 0.25259 0.276325 0.3185 0.0443396 -0.00208138 416
2.93822 -3.62457 -0.13059 0.359956 0.289772 0.025362 -0.00188226 88
2.9748 0.753868 0.799712 -0.0495582 0.285937 -0.0577671 -0.00232346 426
2.97907 3.48954 -0.142019 -0.311955 0.263277 -0.0229098 -0.00196134 39
2.9988 -3.44457 -0.288861 0.331234 0.294481 0.0196819 -0.00192415 216
3.01891 -10.6171 -1.56686 0.525039 0.0802727 -0.24842 -0.000314906 200
3.0412 -1.05354 0.527831 0.14198 0.311281 -0.0122923 -0.00226931 163
3.06851 -3.1137 0.243949 0.271259 0.312933 0.00222844 -0.00199745 135
3.0757 -9.15028 0.647322 0.565705 0.173605 0.00816049 -0.000586047 141
3.08708 -5.58211 0.214688 0.459674 0.28135 0.0524333 -0.00140076 365
3.09362 1.00701 -0.0367384 -0.0922542 0.297592 -0.0380755 -0.00229578 165
3.10035 -4.09427 -0.392949 0.37088 0.294544 0.0236319 -0.00176727 283
3.12308 -4.59191 -0.131882 0.409471 0.279018 -0.00772471 -0.00165162 49
3.11841 4.02481 -0.274449 -0.352246 0.27681 -0.0359571 -0.00180917 243
3.14057 6.82603 0.0232155 -0.522763 0.238261 -0.0460558 -0.00108678 186
3.15978 7.29814 0.509743 -0.55539 0.225186 -0.0134831 -0.000945606 440
3.16141 8.24777 0.325128 -0.565619 0.25646 -0.0126929 -0.00071523 344
3.17449 -3.39758 -0.363321 0.322073 0.317187 0.0123391 -0.0018961 25
3.18938 -3.23443 -0.129109 0.301736 0.31523 0.0113646 -0.00193901 162
3.20155 4.28106 -0.254201 -0.376997 0.285669 -0.0462976 -0.00172262 391
3.21316 16.4756 2.6133 -0.222688 0.0628049 -0.145318 -4.98813e-05 406
3.25575 3.14861 0.0353865 -0.279775 0.293752 -0.0145555 -0.00197677 96
3.27691 -8.73999 0.27902 0.543542 0.20533 0.0313462 -0.000671787 384
3.31036 -7.58632 0.663477 0.525949 0.28527 0.0293239 -0.000870458 358
3.31539 -4.97221 -0.00224938 0.424755 0.289917 0.00158022 -0.00153207 341
3.34592 -5.75527 0.350249 0.477415 0.287948 0.039156 -0.00130955 466
3.35383 -3.37612 -0.222598 0.316229 0.327536 0.0181925 -0.0018715 149
3.35304 4.28169 -0.150079 -0.376995 0.304505 -0.0464301 -0.00168831 73
3.49461 1.14294 -0.158913 -0.0830833 0.310179 0.00589933 -0.00221875 130
3.5062 -13.2237 4.4266 0.337822 0.172335 0.158213 -0.000113588 161
3.52152 8.74199 -3.15727 -0.644631 0.32846 0.0935746 -0.00028689 142
3.53865 5.87798 0.485963 -0.478809 0.288325 -0.107872 -0.00124487 316
3.57709 -6.47673 0.3756 0.492271 0.272991 0.0319631 -0.00113043 21
3.62146 9.00947 1.56487 -0.548539 0.291329 0.044892 -0.00050274 389
3.64995 3.10178 -0.257932 -0.281015 0.327635 -0.0216264 -0.00189288 331
3.71225 1.15923 0.0111894 -0.0922241 0.329586 0.0158216 -0.00216255 448
3.74445 4.37472 0.0210039 -0.382879 0.299685 -0.0304202 -0.0016176 425
3.74324 7.12771 -0.0714672 -0.516777 0.261493 -0.00379209 -0.000959186 211
3.81926 -1.23428 0.301135 0.117076 0.356423 -0.00990626 -0.00210603 121
3.86863 7.631 -0.411995 -0.529726 0.244584 0.0908592 -0.000825647 278
3.9049 9.42894 1.68954 -0.512903 0.219456 0.0717639 -0.000498937 488
3.9923 2.14827 0.351791 -0.166273 0.324105 0.0344731 -0.00201492 280
4.07138 -2.69597 0.309331 0.259451 0.383557 0.00408841 -0.00183566 303
4.07845 1.1437 0.00198246 -0.0908986 0.378737 -0.0189254 -0.00205126 420
4.14445 -6.83768 0.194782 0.524655 0.32427 -0.0292547 -0.000909427 461
4.14032 3.04533 -0.255838 -0.275536 0.375043 -0.0225263 -0.00177877 80
4.1442 5.14535 0.895696 -0.397132 0.341718 -0.0801002 -0.00135185 127
4.17456 -1.52082 0.0747535 0.140949 0.395822 -0.0223336 -0.0019772 422
4.21498 -2.75382 0.271576 0.262734 0.396428 -0.00323764 -0.00178852 294
4.26796 -1.74528 0.260247 0.151769 0.394023 -0.0299658 -0.00193948 10
4.26862 -2.53283 0.00119924 0.216989 0.408095 -0.00284895 -0.00182202 72
4.26509 4.24407 -0.136794 -0.353346 0.359552 -0.0377632 -0.00153455 407
4.27291 -3.93802 0.293323 0.338759 0.356783 -0.0125527 -0.00159765 101
4.29979 -3.09025 0.296252 0.285908 0.400241 -0.030673 -0.00171017 364
4.31597 3.81318 -0.120289 -0.340748 0.362544 -0.051037 -0.00159985 240
4.35643 2.05048 -0.234136 -0.198569 0.398424 -0.0340346 -0.00187105 435
4.41071 1.11138 -0.291762 -0.0952563 0.435962 -0.0302197 -0.00192345 226
4.42249 -1.17237 0.345255 0.107079 0.40464 -0.0207034 -0.00195034 30
4.42618 3.88158 -0.156873 -0.341908 0.365311 -0.0493491 -0.00156745 433
4.55569 -4.08674 0.45211 0.34566 0.373115 -0.00955077 -0.00150335 409
4.59634 -6.69506 -1.70113 0.446989 0.348567 0.0486068 -0.000919429 34
4.61964 4.57028 -0.176581 -0.363532 0.374063 -0.00974175 -0.00140199 430
4.64733 -3.91107 0.574928 0.331632 0.38259 -0.0126398 -0.0015145 164
4.7041 -0.701387 0.399432 0.0877781 0.412423 0.0115592 -0.00190976 257
4.73144 3.22832 -0.354206 -0.276436 0.400904 -0.0187263 -0.00162176 451
4.77079 2.25092 -0.0431689 -0.195601 0.39458 -0.0364709 -0.00178048 224
4.77647 -3.55946 0.0986213 0.295056 0.401196 -0.0229485 -0.00155775 5
4.77348 1.66543 -0.210986 -0.130826 0.427475 -0.0446892 -0.0018176 48
4.79785 -3.94093 -5.98377 0.519239 0.448322 -0.0510536 -0.000644801 436
4.81583 -1.41553 0.367046 0.124214 0.427711 -0.0714619 -0.00182113 306
4.87976 -3.57626 0.341937 0.310168 0.405804 -0.0290531 -0.00151691 167
4.89492 1.02941 -0.207513 -0.0955712 0.431681 -0.0327701 -0.00183609 97
4.91049 10.956 1.17603 -0.512823 0.140318 -0.231451 -0.000176063 51
4.96398 4.3559 0.616015 -0.385466 0.394713 -0.0368065 -0.00132625 191
5.00446 -3.80256 0.355931 0.316751 0.409778 -0.0234411 -0.00145368 470
5.02647 1.53549 0.0864432 -0.122619 0.445177 -0.043964 -0.00175771 93
5.05283 -3.80892 0.428896 0.30645 0.407617 -0.0167704 -0.00145437 290
5.06018 7.85088 1.38877 -0.575352 0.358671 0.00988306 -0.00048619 44
5.07392 2.07191 -0.209111 -0.170084 0.443805 -0.0431111 -0.00169112 323
5.12846 4.5158 0.367813 -0.370139 0.401605 -0.0222371 -0.00128704 300
5.22554 -3.81112 0.816947 0.283834 0.415705 -0.00667359 -0.00142309 264
5.24584 -1.74275 0.407497 0.180572 0.445654 -0.0249668 -0.00167284 46
5.28246 -0.464548 0.0784659 0.0358593 0.430538 -0.0609269 -0.00178105 198
5.31466 1.47254 -0.136284 -0.128146 0.442411 -0.0502974 -0.00170176 24
5.35367 7.37752 0.439081 -0.4859 0.325108 0.00275654 -0.000712582 500
5.37456 1.83634 -0.217524 -0.162861 0.45262 -0.0302347 -0.00164101 13
5.48742 1.70858 0.0605838 -0.154028 0.449027 -0.0354945 -0.0016345 55
5.49352 -4.64119 0.376755 0.377005 0.427355 0.029453 -0.00116783 250
5.50948 -3.80097 0.398054 0.307988 0.446655 0.0154644 -0.00132458 450
5.50774 -0.465477 0.134434 0.0326771 0.469599 -0.0470527 -0.00168671 151
5.53962 -1.96461 0.221243 0.196524 0.482491 -0.0437675 -0.00154136 414
5.54087 4.53248 0.364064 -0.37181 0.436566 -0.0585321 -0.00116668 217
5.56515 2.15586 0.078726 -0.178032 0.45241 -0.0163975 -0.00157134 189
5.6031 -4.34583 0.30504 0.354322 0.429136 0.00206394 -0.00121342 43
5.63413 1.27587 -0.109748 -0.113059 0.466717 -0.0363739 -0.00162056 463
5.63807 1.56941 -0.0264843 -0.139972 0.469015 -0.0431741 -0.00159102 201
5.66464 9.322 0.780727 -0.515935 0.319044 0.138977 -0.00029366 465
5.69739 -0.970561 0.14484 0.0694364 0.4839 -0.0214976 -0.00160965 419
5.7218 -0.422937 0.16781 0.0285222 0.488629 -0.0445887 -0.00161604 236
5.71934 3.80713 -0.23858 -0.309005 0.469832 -0.0553391 -0.00125205 453
5.7606 4.22449 0.190049 -0.327136 0.460353 -0.0443836 -0.00118702 140
5.86201 1.77536 0.0179698 -0.144684 0.473678 -0.0334153 -0.00152273 458
5.86731 0.808368 0.110025 -0.0479021 0.483376 -0.0292361 -0.00158125 79
5.86638 1.99717 -0.0491758 -0.172941 0.474681 -0.0320368 -0.00149301 326
5.9232 -4.44122 0.408942 0.365598 0.457694 -0.00637951 -0.00109484 281
5.94515 -1.35785 0.294905 0.109194 0.50083 -0.0433515 -0.0015026 111
6.00723 -2.06924 0.447122 0.183667 0.480424 -0.0180659 -0.00144203 112
6.01877 1.03299 -0.0169113 -0.0799621 0.487006 -0.0612051 -0.00152565 259
6.07522 4.19386 0.396696 -0.325462 0.464932 -0.046216 -0.00112546 177
6.08482 3.00153 0.893487 -0.202988 0.477468 0.0444144 -0.00132428 434
6.10632 -15.1813 1.19014 0.290221 0.169136 -0.0279915 -2.95719e-05 98
6.11414 1.79345 0.27862 -0.143924 0.489219 -0.0352198 -0.00144491 328
6.1238 -2.7125 -0.0338236 0.454311 0.458921 0.0730011 -0.00115386 478
6.12099 0.899242 -0.0251944 -0.0666417 0.496817 -0.0554342 -0.00149798 170
6.12437 2.53585 1.1029 -0.199215 0.463926 0.013504 -0.00137455 6
6.21061 2.94348 0.309904 -0.194409 0.504403 0.043604 -0.00128486 173
6.3031 -2.27168 0.514803 0.19449 0.498234 -0.0121162 -0.00133255 110
6.32215 -2.14781 -0.0208304 0.224998 0.542397 -0.000745084 -0.00126328 261
6.32152 2.59079 0.785006 -0.190506 0.490238 0.0234444 -0.00130843 255
6.39944 1.53272 0.626188 -0.120175 0.529746 -0.0242966 -0.00134508 223
6.41253 10.7871 0.403237 -0.448834 0.261711 0.0266867 -0.000192729 476
6.44006 -0.468943 0.66598 0.0391862 0.480264 -0.0884975 -0.00144756 62
6.4743 -9.19773 -2.07855 0.409679 0.0448576 0.532022 -0.000118306 362
6.48554 4.17825 0.41429 -0.323715 0.505377 -0.0493736 -0.000996808 372
6.49459 -2.03422 0.980643 0.199792 0.502098 -0.0163131 -0.00128821 85
6.60725 7.86496 -2.09829 -0.266287 0.396496 0.000654794 -0.000591546 108
6.67681 1.68676 0.100426 -0.131794 0.547462 -0.03195 -0.00125074 319
6.67934 -1.01014 0.576441 0.0531009 0.474595 -0.0174875 -0.00139675 64
6.69032 6.54332 -0.0557386 -0.419876 0.351638 -0.190503 -0.000670724 117
6.74874 0.58155 0.333317 -0.0806536 0.548798 0.0319925 -0.0012878 94
6.74634 4.84125 0.426808 -0.382037 0.429626 -0.0459435 -0.000903392 220
6.78081 3.90868 0.289954 -0.299109 0.516075 -0.0143703 -0.000981441 156
6.83359 -5.49172 2.08369 0.429122 0.587014 0.0639082 -0.000479433 193
6.8635 -1.21773 1.00763 0.074441 0.520968 -0.00428023 -0.0012702 262
7.09006 -1.15142 0.91032 0.0677403 0.536707 -0.00910048 -0.00120324 379
7.10138 3.65822 0.190955 -0.281632 0.545373 -0.0320708 -0.000915848 150
7.11782 -6.27153 0.400824 0.492783 0.426365 -0.0284242 -0.000521693 275
7.11812 -3.32188 1.02243 0.266266 0.478536 0.0195294 -0.00103626 386
7.17646 -2.93028 0.890149 0.218833 0.484559 0.0162904 -0.00108682 392
7.17713 -1.98189 0.962263 0.147739 0.516586 0.029944 -0.0011457 254
7.24829 2.84887 0.132233 -0.212229 0.549207 -0.0350545 -0.00100222 118
7.29413 8.35915 -0.849096 -0.383448 0.453185 -0.0832248 -0.000297793 438
7.30477 5.69776 0.564074 -0.362603 0.494268 -0.0502392 -0.000630199 330
7.35814 -1.22552 0.382616 0.0802345 0.520901 -0.000510751 -0.0011705 454
7.39644 0.270626 0.430803 -0.0406681 0.574976 -0.0325303 -0.00110832 311
7.40596 5.0328 0.43794 -0.417125 0.478617 -0.0213265 -0.000663964 357
7.43285 6.3837 -1.52895 -0.471202 0.360425 0.0690583 -0.000528381 23
7.4489 1.16236 0.493208 -0.0638357 0.564554 0.00153318 -0.00108991 107
7.50332 -2.98801 0.406487 0.205998 0.513562 0.0041553 -0.000990624 395
7.53316 8.4839 1.93956 -0.341215 0.169771 0.305293 -0.000395849 455
7.5373 4.13825 -0.00610296 -0.269044 0.501735 -0.0730646 -0.000844259 377
7.59668 -2.12947 0.668167 0.149548 0.509504 0.0360118 -0.00106006 133
7.62996 0.909665 0.736529 -0.0437562 0.557734 -0.0204936 -0.00106484 313
7.65538 3.72233 0.220786 -0.275705 0.507273 -0.0595296 -0.000852763 87
7.75972 5.0032 -0.355182 -0.341181 0.504834 -0.0494063 -0.000645242 125
7.83588 0.609964 0.656675 -0.0369224 0.562682 -0.0213575 -0.0010196 128
7.94413 -2.75391 0.793071 0.217657 0.536352 -0.0537995 -0.000866947 66
7.97631 3.23114 0.36584 -0.288903 0.541241 -0.069903 -0.000770943 22
8.05638 1.1821 0.274953 -0.0949553 0.587365 -0.0166536 -0.000911938 359
8.15784 4.65367 1.2125 -0.235281 0.485229 0.0368449 -0.000706871 339
8.17344 -1.96481 0.678619 0.137756 0.555567 -0.0322083 -0.000882064 9
8.18067 -5.29108 1.52402 0.348801 0.566911 -0.00738543 -0.000422864 305
8.19029 2.83857 -0.0339358 -0.260368 0.52597 -0.0396302 -0.000806503 33
8.20502 -3.21425 0.384993 0.22749 0.546398 -0.0509366 -0.000763739 174
8.21135 0.75166 0.507185 -0.0551695 0.586543 -0.0446725 -0.000893225 468
8.23436 -4.24962 -1.77216 0.334379 0.422189 0.0946421 -0.000705058 41
8.31194 1.95563 -0.137553 -0.129097 0.578869 -0.0717572 -0.000820223 218
8.32198 -0.426543 0.999476 0.0113804 0.592923 -0.00704187 -0.000860098 113
8.32312 3.64066 0.131223 -0.255259 0.513102 -0.0693457 -0.000732819 329
8.42359 -3.07752 -0.286872 0.207983 0.562001 -0.047886 -0.000719131 304
8.47822 -3.93271 1.65113 0.326302 0.571621 0.0221523 -0.000511425 413
8.50107 -1.53635 0.0702121 0.0932894 0.568259 -0.0251728 -0.000831528 370
8.70926 -4.85953 1.40092 0.34971 0.559626 0.0271641 -0.000390291 15
8.7398 -3.54032 1.56724 0.287848 0.586888 0.0112051 -0.000505741 242
8.97844 0.0341756 0.251223 -0.0391404 0.579409 0.000693676 -0.000749724 210
9.18639 -12.1114 0.185926 0.179761 0.0813196 -0.0792788 -0.000206673 247
9.42059 -0.681255 0.452199 0.0342923 0.568692 -0.00455006 -0.000665947 182
9.73605 -1.41829 0.464195 0.0867301 0.557713 -0.0241106 -0.000592494 324
9.82208 9.10721 0.88346 -0.359112 0.323279 0.00643719 -0.000130196 4
9.82954 -1.13173 2.02268 0.109419 0.59536 -0.000276782 -0.000479009 95
9.98379 6.2941 -1.71438 -0.285875 0.406831 0.0597285 -0.000312539 390
10.0654 -1.13409 -3.39852 0.0506106 0.609754 -0.0824195 -0.000347668 456
10.1642 -0.447853 -5.19316 0.0768145 0.642901 -0.00613936 -0.000166308 58
10.171 -9.29361 1.71488 0.216074 0.365017 0.208131 -9.14564e-05 355
10.5544 4.16645 1.68319 -0.260671 0.441421 0.15665 -0.000336329 138
11.9568 7.93539 0.908044 -0.268984 0.350009 0.0104316 -7.83116e-05 45
12.0273 -0.82778 1.29493 0.0578143 0.502298 -0.0550006 -0.000271488 346
12.1757 2.05265 0.207661 -0.175693 0.490642 -0.133916 -0.000196681 145
12.6218 -0.662096 1.57556 0.151334 0.464512 -0.106765 -0.000195503 327
13.8028 -3.88101 -2.06258 0.112691 0.347831 0.0495594 -0.000147387 114
15.8887 6.41399 4.58817 -0.0870339 0.274767 -0.0332959 -2.47367e-06 183
26.9641 -37.6436 -32.9158 0.175941 -0.0991857 -0.128705 7.7433e-05 342
47.5074 40.1685 17.1807 0.206181 0.253964 0.0599373 0.000149311 350
47.506 101.926 47.515 0.0813243 0.207808 0.0840715 7.6769e-05 67
