-20.1886 -4.75154 0.921275 -31.2048 -133.093 -28.9154
-20.986 -9.65744 -13.8947 -116.276 -158.225 -75.3882
-18.009 -4.24591 -5.33554 -32.5729 -251.502 25.0057
-19.0937 2.54764 0.521816 -145.367 -10.1011 -19.9899
-18.2554 -0.529004 -0.122927 -94.85 -143.382 8.64862
-17.5238 -37.318 8.63644 -57.142 -199.455 -45.6965
-17.8001 6.81268 0.829839 -92.1396 29.8865 -49.7887
-18.0873 2.81372 -0.836936 -133.509 -90.3434 10.9788
-17.8641 16.9425 -12.9441 -124.522 -6.38692 107.784
-17.4379 -1.27961 -3.6941 -89.6881 -144.506 34.4649
-17.8362 -2.43379 -0.0119691 -131.878 -29.6637 22.1199
-15.7839 -17.4615 5.62921 57.5956 -75.7061 -105.223
-17.6658 1.47089 0.636316 -129.774 -66.4964 -1.08521
-17.3965 -1.91566 -0.501569 -103.482 -102.488 18.6269
-16.6314 -9.05566 -13.2437 -29.4972 -108.098 154.429
-15.6838 -12.8973 -0.52991 55.7478 -24.4514 6.92031
-17.5928 2.46822 4.44222 -134.316 -70.5678 48.9357
-16.2499 -4.74626 -0.658891 -1.03389 -192.796 8.43008
-16.8838 -4.56122 0.483038 -64.0826 -146.797 -16.3888
-17.4453 0.715879 -2.52267 -129.843 67.8531 53.2668
-17.5098 4.89979 0.141741 -136.922 -77.3915 -9.37245
-17.1672 0.116163 1.7849 -109.806 -94.7943 -55.5212
-16.7922 -7.06908 -0.0490602 -72.8182 15.4901 -34.046
-17.2382 4.3267 -3.76742 -117.399 -107.059 41.8814
-17.0608 -0.846058 -3.15275 -104.956 -52.5819 63.0289
-16.8346 -0.240572 2.28568 -85.9417 -138.412 -56.0953
-16.4161 -28.5248 1.85242 -55.11 -213.873 26.349
-17.0044 -5.61326 -3.47799 -114.183 -73.7355 100.634
-17.1348 4.46351 0.0656452 -135.972 -66.7115 -7.23926
-17.3011 7.53344 -0.986455 -152.942 -24.0145 -0.108639
-16.7535 -4.27342 0.165001 -104.735 -95.1381 -11.3735
-17.0869 4.94011 1.91267 -139.036 -44.9728 20.3736
-16.9899 3.67759 -4.00553 -132.088 -46.4121 101.537
-16.9979 3.98515 3.4003 -136.863 -54.1832 -96.2523
-16.5076 -3.558 -2.84458 -92.634 -114.913 83.2454
-16.7345 0.354602 -2.79855 -125.425 -35.3681 89.8567
-16.5379 -5.02917 -1.92359 -106.191 -81.2839 58.8505
-16.1267 -8.57821 -1.67484 -68.3269 -135.334 76.9124
-14.9496 -8.20338 -7.75615 32.1221 -146.379 51.5403
-15.6103 -4.91097 1.92051 -35.3389 55.5463 14.3406
-16.5192 4.05342 2.23233 -127.986 -57.9207 -64.8662
-15.3656 -3.47817 2.67908 -13.9992 -129.802 -68.9705
-16.4466 2.96878 -0.777486 -121.871 -95.9547 -44.0701
-14.4516 -5.67882 1.07137 66.9474 -199.531 -16.8313
-16.2868 0.90787 -0.227802 -116.172 -68.6448 9.19577
-16.2701 2.18672 0.456852 -115.788 -98.9292 15.5229
-15.6283 -10.9821 7.92112 -57.7568 -98.6024 -65.8046
-14.7608 -3.85569 2.2329 27.9514 -197.229 -79.5686
-15.4215 -1.09771 12.1425 -38.3546 -144.697 -56.9915
-15.4784 -1.70357 -4.47961 -45.0559 -28.93 -30.9678
-15.9844 -4.35705 -2.96197 -95.5176 -89.2144 86.2282
-15.399 -6.77009 -2.48763 -43.6718 -153.392 56.8396
-16.1012 -0.477692 -4.57128 -113.964 9.9372 15.4123
-16.3315 5.05268 -1.20645 -137.477 -76.3386 35.1047
-14.6458 -5.34197 0.991476 27.3237 -197.257 -9.44974
-16.3414 6.87311 -3.88131 -141.501 -17.0606 78.7812
-15.5711 -4.56357 2.02372 -65.0894 -339.19 -96.9127
-15.8088 -7.99325 -2.08553 -90.9738 -136.824 20.8075
-15.0784 -6.88532 2.26253 -21.1826 -163.565 -83.4982
-16.1758 7.94095 -1.49936 -130.322 1.48485 17.3839
-15.6259 -1.92488 3.21023 -76.7879 -135.843 -91.9516
-16.0378 2.9797 -0.691599 -117.703 -93.0348 8.39871
-15.5345 -3.21213 -3.06378 -67.8048 -135.262 96.9059
-15.9523 1.67507 -3.24905 -111.424 -88.0276 89.7889
-16.0415 4.68442 -1.92876 -122.843 -37.0469 130.016
-15.861 1.77066 -4.32003 -106.189 -115.402 103.128
-16.0907 0.117297 0.0989206 -130.393 -77.4197 -20.6037
-15.771 -4.56798 2.14898 -99.4272 -82.8778 -50.2636
-15.4721 0.00136368 3.33159 -70.7665 -151.173 -71.3624
-15.0478 3.33643 -4.29974 -34.2082 -151.112 -97.5171
-15.5835 -7.67723 -1.32813 -92.5141 -70.4679 41.6311
-15.4456 -5.62415 -3.82612 -84.8829 -103.948 79.7263
-15.3798 -4.25979 -0.0402463 -80.754 -111.328 16.4503
-15.8847 1.12781 3.8487 -132.422 -71.8408 -42.1835
-16.0184 7.75687 -1.48339 -146.604 -41.6723 14.9057
-15.505 2.38433 1.38241 -97.334 -131.898 -54.8771
-15.4312 0.482705 9.70109 -93.7437 0.433592 -7.21941
-14.2211 -7.02122 0.463543 25.4202 -179.761 -17.2912
-13.8319 -6.99255 2.96922 63.1738 -122.257 -70.2617
-15.8919 6.34867 0.360758 -141.725 -52.7123 -1.33208
-15.8794 10.762 0.249161 -140.794 41.4352 -19.2726
-15.3507 -1.56536 2.62128 -89.9067 -99.184 -85.4113
-14.8603 -0.435722 -1.5792 -44.2332 -155.519 36.6001
-15.6187 4.22264 -3.8659 -123.858 -93.5234 65.1034
-15.8265 8.78114 -1.45632 -150.315 -16.9276 9.8343
-14.6384 -9.37872 -2.2337 -36.0954 -153.654 61.1916
-15.6254 6.34124 3.65751 -136.865 -54.9849 -89.5343
-15.5622 9.09828 2.00196 -134.723 31.7084 -54.1464
-13.6226 -6.60556 -1.8528 57.7002 -177.579 37.2096
-15.6241 7.75482 -0.0946174 -145.41 -44.9946 -21.6717
-15.179 -7.00992 0.015836 -106.375 -78.1935 2.80849
-14.1879 -0.720094 2.70744 -7.9386 -226.732 75.5244
-15.11 1.58648 3.65085 -100.381 -89.2893 -80.2805
-15.261 3.28455 0.00218695 -116.432 -92.5834 0.672988
-14.9534 -13.8756 -0.61283 -85.888 -301.356 -185.269
-14.3323 -10.9478 -1.93676 -25.7621 -157.415 66.7944
-14.2436 -0.720354 0.700803 -17.0388 -180.593 -16.4743
-14.5536 2.3456 0.929042 -49.531 -181.142 -20.7686
-14.9367 1.05595 4.67427 -87.8836 -106.739 -131.543
-15.2791 3.20653 0.770747 -122.159 -38.7505 -25.4805
-15.0901 2.36067 -3.32151 -103.498 -103.84 91.5489
-14.318 -10.02 -1.91221 -28.0595 -157.804 45.366
-15.1227 -0.865131 2.43992 -109.653 -42.9338 -76.9945
-15.1529 4.95595 0.717377 -116.355 -95.8087 -34.3456
-15.2646 5.77529 -0.566093 -128.923 -43.5005 22.9824
-14.4494 -10.5722 2.1841 -54.3722 -149.386 3.60011
-14.3272 -0.742898 -1.69189 -42.9266 -206.769 54.3267
-15.4224 8.58246 1.5545 -152.155 -89.2165 -27.6549
-14.9175 -5.32242 -0.60437 -104.936 -107.328 28.6349
-13.3535 -9.56111 -5.09249 49.816 -87.4705 152.447
-13.9106 -8.29614 -3.45462 -5.84727 -169.537 87.009
-14.3379 2.59166 2.39955 -48.3432 -185.832 -60.0967
-14.6928 -4.49329 3.3602 -85.2692 -87.8142 -90.93
-14.3989 -11.6004 -1.48988 -57.8239 -139.63 56.85
-14.5508 -9.9578 -1.10781 -76.0278 -114.94 4.27306
-14.4758 -2.00615 -3.16849 -68.6284 -125.552 90.8243
-14.259 3.70999 2.03496 -49.8981 -190.009 -60.0921
-14.4859 -7.18498 3.59355 -72.6886 -109.833 -85.3751
-14.2134 -1.71982 4.19652 -45.9338 -139.185 -113.128
-15.0669 6.51546 -0.0488259 -132.213 -3.5815 -29.3295
-13.5457 -6.72262 0.775329 18.3087 -176.413 -25.4648
-13.7098 -1.70398 -0.942703 1.37158 -339.192 21.7751
-14.069 -9.37336 1.05827 -35.0341 -148.703 -20.6804
-14.9489 1.61996 -0.0236182 -124.781 -149.674 4.20619
-15.058 7.11283 2.41347 -135.828 -34.9673 -87.5779
-14.6964 -5.11663 0.695383 -102.132 -58.0008 -11.8065
-14.4795 -3.58874 6.50268 -81.8654 -88.5425 -167.223
-14.2211 -8.80105 -2.88763 -58.2 -123.994 53.2467
-14.2828 -0.933355 -2.20949 -65.9105 -172.696 53.9258
-15.2703 4.55176 6.30282 -169.348 -32.8176 -49.4469
-14.1448 -12.8807 -5.20036 -57.809 -122.447 89.4817
-13.8902 -12.5288 2.61797 -34.244 -284.58 -28.3351
-13.9162 -6.43735 0.372827 -40.6735 -133.491 1.09982
-14.0672 -8.57774 -1.97071 -56.6884 -125.351 29.0702
-15.0014 10.0351 0.818005 -150.305 -8.33077 -44.4636
-13.4124 -11.2713 1.99314 5.64239 -239.103 137.665
-13.7502 -3.3154 -2.27232 -28.0348 -160.026 64.3182
-14.25 -2.56621 -3.92348 -77.7363 -105.154 98.9776
-13.3341 -8.72794 0.960029 13.127 -163.552 -39.3732
-14.7419 6.40682 -4.42698 -127.213 -21.0296 95.8027
-13.2625 -6.08823 -3.24093 18.1538 -256.968 81.408
-14.3395 -1.22879 -3.54978 -89.2209 -84.6534 98.0748
-14.5135 4.03214 3.02275 -106.623 -119.858 -89.8232
-14.7025 6.53935 1.35147 -130.213 -48.0774 -32.372
-14.102 3.44166 -3.1826 -71.366 -164.177 78.7805
-11.9711 -9.47423 2.23571 137.942 -165.867 -35.8379
-13.4809 -5.97452 2.78661 -17.2695 -149.711 -94.955
-13.5698 -6.73419 -2.72374 -26.9023 -139.268 51.5231
-14.2296 4.28823 1.33646 -95.2469 -149.513 -11.7434
-14.782 9.47856 1.70182 -156.828 -58.9492 -53.7499
-12.0394 -1.16661 -1.58624 112.899 -201.94 88.027
-14.5584 7.47299 0.370705 -137.536 -90.9446 -2.18126
-14.3824 11.3916 -1.11294 -121.208 66.9199 30.4024
-14.6924 10.5303 2.87367 -152.558 -9.21773 -77.4152
-12.8952 -7.64772 -2.60352 25.3524 -164.702 56.7366
-12.9318 -3.9761 5.11717 20.9337 -220.288 -95.8405
-14.5404 10.6883 -0.719127 -141.202 22.8278 7.37141
-13.9226 4.37918 -2.26929 -79.9414 -175.02 50.1711
-13.5943 4.51797 -0.666052 -50.6143 -207.985 12.2554
-13.6814 -1.18315 3.57066 -64.4029 -131.275 -100.764
-14.0603 3.9245 4.39838 -102.39 -116.006 -103.312
-13.9485 3.69354 2.40558 -95.3533 -139.645 -65.463
-14.0872 7.47632 -4.7574 -109.718 47.7561 103.792
-13.8513 3.28666 -3.55793 -86.9503 92.9369 70.2268
-14.1935 -5.70974 2.25809 -121.712 -113.082 -56.469
-12.7794 -12.8685 -0.178824 18.6703 -110.767 -31.3414
-13.2931 -11.2008 -0.640094 -35.2113 -109.032 19.0968
-13.0703 -9.51853 0.943201 -14.6577 -146.249 -11.7577
-13.5752 -8.91822 -0.14455 -64.9793 -112.286 -19.4261
-13.505 1.88343 5.07318 -59.5248 -154.82 -132.529
-12.6127 -7.78861 2.53705 26.0495 -151.411 -80.1917
-13.1194 1.35933 4.25402 -26.0914 -184.421 -108.441
-14.157 8.38006 0.59968 -142.097 -28.836 -40.102
-13.2863 -8.38946 4.09485 -56.5669 -113.184 -131.744
-14.4597 9.46701 -0.334601 -173.259 -36.6277 -20.6489
-12.7417 -7.27649 2.8106 -9.71113 -78.8195 -159.489
-13.3497 -6.90825 4.01356 -71.3898 -100.683 -108.329
-14.1661 10.4633 -2.24917 -154.749 -28.1818 38.1665
-12.6845 -12.5204 0.850694 -8.9062 -154.589 -4.0772
-11.6288 -10.1262 3.7308 94.384 -103.634 -117.169
-11.5927 -4.3416 4.47608 96.1092 -172.906 -99.3055
-11.9626 -11.7746 -2.64778 58.9386 -176.008 23.9994
-11.9419 -14.9323 0.582544 60.4283 -123.144 -11.7496
-12.806 0.696068 7.53758 -30.6594 75.8262 25.5099
-10.8293 -7.53637 0.295406 162.728 -321.572 2.52869
-12.6213 -9.35527 -3.72216 -17.1594 -140.163 112.462
-11.7529 -13.3975 0.0417886 68.3575 -152.455 -44.181
-12.3665 -7.38995 1.28402 6.38289 -254.281 -279.042
-13.0465 -6.70476 5.41198 -61.7015 -106.567 -118.655
-13.2966 1.92099 4.27765 -86.8693 -108.125 -124.413
-13.5937 6.46893 1.00579 -121.952 -123.205 -24.4111
-12.5898 -11.3269 1.22121 -24.8906 -70.7464 -32.0846
-13.5103 8.31986 2.16273 -119.452 22.345 -80.711
-13.1674 4.81357 -1.90139 -88.6474 -160.965 72.9488
-12.6787 -0.045498 4.93834 -40.752 -148.049 -126.673
-13.6628 9.6273 -2.25485 -138.712 -0.684761 36.1271
-11.9873 -5.35056 -5.53788 24.986 -162.997 143.774
-13.507 13.3396 -0.965915 -127.883 69.4152 45.3642
-11.4905 6.38365 -5.14357 71.8183 -103.495 73.805
-11.6515 -10.8835 -1.23232 54.0094 -156.372 12.6007
-13.2426 9.88003 -1.73885 -106.457 -69.4654 45.0462
-13.5999 11.8061 -2.92096 -143.791 23.2395 87.3184
-12.4637 5.58251 0.371434 -36.2967 -206.636 1.3821
-12.8347 -9.61408 1.5881 -74.4448 -28.0613 39.1406
-13.1394 11.9085 3.21424 -106.101 80.1019 -67.5161
-12.5513 -8.68518 -4.09848 -53.7621 -166.405 106.66
-13.3724 8.00623 -2.12641 -139.911 -70.6111 35.4018
-12.751 4.22824 -4.39257 -78.4794 -149.638 116.183
-13.3441 8.6717 2.46468 -143.407 -87.5902 -87.303
-13.2245 11.1353 -3.56559 -132.24 -81.6058 59.801
-11.1745 -9.293 1.88891 69.4834 -149.795 -68.5116
-13.198 6.76724 3.69111 -134.518 -43.6543 -12.8118
-12.2583 -9.54644 -2.37672 -41.2239 -119.533 77.6831
-13.0305 7.04194 2.12132 -123.683 -52.1681 -76.9263
-13.2738 13.4873 -0.627376 -148.732 40.6096 29.8181
-11.3351 -14.17 0.936574 42.3099 -160.021 -6.31988
-9.47673 -9.66116 3.47135 225.573 -251.799 -110.161
-9.49884 -7.61921 2.61339 221.228 -2.87598 -27.986
-13.2667 7.30895 -13.1179 -155.279 -96.1862 -195.051
-12.803 10.5831 -1.79777 -111.265 58.6692 -23.6112
-11.6533 -4.10935 1.98979 2.55647 -205.835 -38.5213
-13.1715 10.1948 1.59082 -149.805 -21.9036 -43.1073
-12.7989 5.42345 -4.6931 -115.54 -86.1481 142.628
-11.2886 -10.2451 0.876091 33.6941 -190.035 -43.5471
-12.9504 17.4802 -7.13189 -137.857 65.8577 -124.578
-12.5972 5.62138 -4.59284 -104.129 -119.217 109.789
-10.2244 -9.47924 1.02088 130.773 -5.7529 3.15599
-12.8998 10.3651 3.62425 -141.43 -3.29972 -116.187
-12.8645 8.68314 4.31316 -138.763 -84.6482 -94.5924
-12.1256 -7.19252 5.78965 -65.4512 -136.281 44.784
-13.0425 11.6565 -0.0992684 -157.242 -16.9683 -8.64416
-12.6186 5.95985 -4.83453 -116.72 -90.5456 124.847
-12.8096 8.65101 4.04189 -138.662 -92.5165 -128.598
-12.2642 -8.59118 2.97523 -85.1907 -73.7752 -88.1356
-12.5212 9.59578 0.342526 -111.105 32.6916 43.7895
-11.1982 -9.09243 -5.15196 18.0919 -139.744 148.492
-12.3042 5.91276 -2.94564 -92.4703 -162.169 66.0319
-11.8475 -43.4867 32.7387 -49.5344 -351.305 268.731
-12.0741 -7.02162 -2.91886 -74.7907 -133.335 18.4241
-10.0868 -13.1625 -0.39256 121.562 -154.231 28.728
-12.2915 3.39234 6.56576 -97.4665 -52.9471 -179.247
-12.1805 6.29827 -0.522245 -87.1682 -177.852 26.1395
-10.2688 -8.10395 4.45244 102.259 -139.151 -106.544
-11.1263 -12.755 -0.306977 15.5763 -148.837 -14.0346
-12.7342 8.40378 -1.92546 -144.508 62.3313 43.5224
-11.2562 -8.84427 0.606915 1.08416 -174.094 -6.21884
-11.8982 5.78833 -4.65767 -64.1809 -188.043 123.359
-11.8452 -10.4504 1.57073 -62.0932 -105.395 -27.3381
-12.275 10.3038 3.49185 -105.573 59.1067 -84.282
-12.2866 7.33612 -0.892538 -107.436 -165.352 11.1326
-12.2749 5.31351 -4.45798 -106.422 -103.492 115.019
-10.145 -12.2126 -1.30305 103.973 -157.371 48.4157
-11.2208 -14.2092 -2.76946 -3.65036 -147.824 49.9985
-12.6564 12.3576 0.599329 -147.528 -50.5085 -28.8464
-12.4208 8.47021 0.170892 -130.748 -130.75 2.21747
-11.049 -9.85363 -1.53437 -0.100132 -136.284 68.9155
-11.3819 6.38124 -3.21715 -33.4795 -224.832 81.2323
-12.4853 7.34687 -0.270755 -147.911 -5.88555 -7.35759
-11.5828 5.7975 1.47425 -61.8703 -212.426 -24.0543
-12.3566 9.22366 3.06977 -142.999 -101.927 -61.7904
-11.2756 -13.4285 -0.296654 -36.8709 -156.321 63.2101
-9.6484 -4.28537 -6.63306 112.213 -138.375 165.626
-12.0435 11.93 -1.91865 -127.911 44.101 78.0469
-11.6365 6.45109 -2.91326 -88.9293 -176.325 65.8079
-11.8612 7.36796 -1.62318 -113.173 -158.727 39.3665
-12.0475 9.2591 -0.471082 -132.566 -106.926 55.4794
-8.53024 -5.9246 -4.941 216.38 -40.0182 136.416
-11.3213 -13.9583 -0.828754 -60.9077 -121.872 36.2601
-12.3285 11.8359 -0.188261 -161.113 -40.0806 -14.5663
-11.24 5.49529 -4.53599 -54.1351 -194.002 108.669
-10.5382 -2.03575 -6.80945 11.1961 -144.14 176.127
-11.1503 -1.42628 10.9466 -56.0279 -108.537 76.1486
-12.0697 10.1656 2.22503 -152.208 -91.2644 -83.4708
-10.3302 -4.11584 7.28566 19.1128 -139.498 -189.799
-11.8349 5.78459 7.43169 -130.959 -10.7908 -29.4562
-12.1241 13.0818 -0.64679 -160.161 2.46484 -65.8987
-8.66956 -9.28059 2.72887 174.428 -199.496 -83.2896
-11.0274 5.66285 4.77377 -60.1673 -189.057 56.4974
-8.7763 -10.7056 2.02505 158.598 -129.052 -61.7647
-11.7178 8.2503 2.88951 -135 -83.5845 -58.0462
-11.9875 11.1539 -0.552826 -163.596 -56.4085 14.1527
-10.0907 -16.3173 -2.82042 20.2198 -22.3157 77.3429
-10.3248 -10.0296 4.37645 -5.4658 -127.639 -101.781
-11.807 13.0623 -0.569206 -152.734 12.1888 24.8686
-8.77491 -20.1383 4.34078 145.914 -74.2083 31.5505
-9.79016 -5.74021 2.86983 41.634 -304.511 -92.6373
-11.3627 6.99838 -6.62852 -117.575 -65.5934 158.881
-11.3687 9.04687 -1.68981 -122.654 -153.613 51.3694
-11.752 12.2728 -2.35094 -161.692 -10.2149 71.52
-10.181 -25.8031 -0.677592 -6.75074 -422.962 -57.4613
-11.3582 12.5145 -3.49846 -125.243 49.3124 24.125
-10.0652 -16.2372 2.98645 1.95324 -117.57 -60.4783
-11.1518 12.5486 1.8094 -106.086 71.5432 -70.5961
-11.5452 10.7804 -0.635023 -145.622 -23.6154 6.81395
-9.49286 -10.4757 5.21735 53.2932 -134.234 -124.94
-8.06013 6.437 0.63649 191.594 -196.356 -17.3225
-9.89211 -15.5681 2.20553 7.615 -147.719 -70.7928
-9.25716 -12.3453 4.43367 70.3406 -144.469 -82.2
-10.5303 -7.56637 -7.58425 -59.1806 -157.619 219.447
-9.77374 -13.8228 1.91262 13.9752 -141.679 -33.3399
-10.5009 -8.93397 1.20289 -60.891 -114.535 -67.8289
-9.51563 -7.32241 4.14485 35.2772 -186.517 -127.484
-11.2139 8.77223 2.37495 -134.249 -81.5726 -69.9475
-11.1733 9.91957 -3.66636 -136.084 -11.9638 88.1887
-11.3544 11.9474 -5.56747 -157.049 -150.153 126.631
-10.8482 17.0644 8.66271 -111.388 85.9077 -2.54021
-9.94986 -9.67406 6.98733 -23.1138 -113.162 22.4156
-10.8202 8.34228 -0.64832 -115.502 -165.876 0.631081
-10.1328 2.21986 -7.48057 -49.8727 -126.947 195.455
-11.1061 10.6437 1.11718 -147.479 -58.1182 -51.0641
-9.93036 -14.4129 0.535038 -32.2751 -132.244 -37.7745
-11.0551 10.8756 2.76297 -149.987 -31.2354 -83.7209
-10.2768 8.32381 1.9364 -74.5088 -218.67 52.1505
-10.8175 13.3353 0.39552 -129.509 53.1725 -46.114
-9.0129 -27.3626 10.7411 49.2169 -116.422 1.5242
-9.5391 -15.0703 3.98164 -8.60235 -142.102 -87.4139
-8.69941 -8.1491 6.22782 66.456 -125.327 -154.386
-9.14741 -12.4497 4.08554 20.1592 -130.97 -93.0034
-10.4538 7.75789 -7.75493 -110.366 -8.82916 188.438
-7.84412 -13.0252 -1.9813 145.333 -120.577 48.0659
-9.48847 -16.5967 -0.601261 -19.406 -145.388 26.0347
-8.59138 -15.1884 -3.64846 61.3462 -142.764 72.3066
-9.50644 -7.60729 -4.23439 -33.7807 -196.287 -55.3321
-10.4872 1.8282 -4.42159 -132.663 58.4637 -46.7391
-10.3358 8.43712 3.65067 -121.262 -143.311 -91.6516
-10.5181 12.7766 -3.29637 -140.145 25.6057 104.884
-7.86823 -11.8824 -2.11803 121.369 -129.748 19.3966
-8.94194 -12.9154 2.35388 8.30928 -131.695 -46.3096
-7.96727 -12.8978 -1.45736 99.6669 -133.583 43.8027
-8.91873 -7.60631 5.96041 -8.58727 -151.666 -42.1998
-10.2774 11.1902 2.69636 -149.078 -16.0204 -64.2044
-10.0167 10.4961 0.660088 -126.116 -189.905 6.31995
-8.24282 -9.1527 -6.73994 43.7437 -120.286 192.621
-10.1513 11.4191 -2.9153 -148.679 -24.6471 85.5633
-8.83297 -12.8011 1.9287 -19.9617 -173.099 -48.289
-8.0223 -14.7652 -1.9514 46.1124 -143.425 29.0679
-8.50366 -15.0551 -0.696233 -6.37929 -136.112 49.2414
-8.99736 -34.9164 12.079 -55.9735 -144.178 -40.3321
-7.90016 -14.6271 0.650417 49.9969 -150.514 3.98719
-9.77088 24.0933 -9.71222 -136.145 -54.6617 97.7962
-10.0809 14.4112 -0.762561 -178.324 -46.3746 -25.758
-9.5871 11.3019 -2.19702 -141.921 -9.51645 59.2028
-8.20613 -28.5727 2.63687 -4.90765 -371.691 88.6958
-8.91969 15.9606 0.52829 -77.1053 131.31 -131.133
-7.50556 -15.2292 0.721187 60.9312 -81.7996 -12.2307
-7.51717 -17.0354 0.711186 56.6597 -154.105 -12.7596
-6.86743 -21.8996 -8.90249 116.078 -78.5849 61.0756
-9.80152 12.4447 2.5291 -179.397 -75.496 -77.3857
-9.1981 16.0636 -1.65122 -119.501 79.5953 47.5405
-8.43299 -5.46683 4.26154 -48.7272 132.64 -21.5791
-9.50714 10.7008 -4.85222 -155.43 -137.386 99.9431
-8.179 -12.2198 -4.56879 -28.8486 -121.118 -39.0375
-9.40736 11.2131 -0.0358944 -155.945 -144.809 -19.6866
-9.04646 -4.74698 3.73912 -122.021 -11.0206 111.749
-9.416 6.96821 -5.64209 -159.089 43.3607 138.484
-9.10355 15.8069 2.54505 -128.932 76.9987 -37.9103
-6.76275 -15.7313 0.44065 99.3997 -96.1767 3.52769
-9.21401 12.9654 -2.17203 -147.274 14.7476 73.8914
-8.0654 -14.7369 1.70952 -45.8005 -61.6484 -44.6593
-6.06955 -11.7221 -3.81747 145.869 -93.8386 117.599
-7.45052 -0.45753 -4.44459 8.55892 114.381 -33.6848
-8.86328 12.2618 4.32916 -135.98 14.575 -100.532
-6.68233 -30.7892 1.92669 80.6215 -176.171 87.5823
-8.96337 10.9732 -2.76667 -150.995 -65.7666 65.1514
-6.88497 -15.206 1.85708 54.4575 -140.9 -43.9908
-8.58166 14.2523 -4.6011 -124.329 54.7315 120.753
-9.04102 12.3571 -2.10474 -175.667 -121.777 55.6742
-5.86919 -13.0077 5.23747 138.697 -105.283 -122.414
-6.32797 -14.0443 2.26509 91.8151 -119.105 -46.9524
-8.43479 13.7998 0.0275084 -119.975 51.7682 -0.0555732
-6.75572 -16.5315 1.27287 41.0422 -147.631 -27.961
-7.62638 -17.9363 -2.24879 -47.7005 -142.414 -57.9157
-7.30693 -3.06082 -1.13636 -22.8361 -211.144 -41.3303
-8.4703 16.0164 1.13384 -141.907 66.1281 -0.547281
-6.52211 -18.8432 1.33378 51.5294 -13.2838 -30.9867
-6.20455 -16.5373 2.59093 74.202 -144.238 -53.1422
-6.95199 -10.7604 6.5393 -3.33788 -103.444 -161.042
-6.66523 -13.2929 4.91782 13.1932 -122.343 -117.862
-5.60615 -5.28327 2.34351 117.916 132.666 24.0888
-6.02764 -13.5961 2.85999 73.093 -118.232 -85.289
-8.126 10.0573 -1.78914 -145.71 -152.928 26.9864
-8.0525 13.6679 1.42392 -142.195 30.6914 -50.2532
-7.68679 -5.01587 0.478109 -106.261 104.272 -92.928
-8.35296 14.8256 -1.0074 -172.558 -7.50551 22.5314
-6.12621 -15.4256 2.00419 40.2343 -192.737 39.5334
-7.15495 13.9032 2.88961 -68.462 96.7488 -47.1572
-5.68093 -15.0561 -1.57577 68.0608 -133.577 56.7382
-6.59916 3.352 -8.2637 -27.1777 -121.156 227.94
-5.84257 -14.7842 -2.54341 46.7909 -232.957 62.8613
-7.792 15.7804 -1.43534 -148.518 57.0011 67.1235
-5.14791 -15.0285 1.62914 106.228 -172.565 -26.3461
-5.74751 -17.101 1.71089 44.586 -139.837 -56.7432
-7.67024 1.24885 5.18866 -150.456 104.823 -6.15096
-5.32964 0.103095 6.80442 77.9044 92.7924 7.79825
-5.01721 -11.3894 7.25138 105.738 -138.913 -30.6221
-4.87217 -15.1727 -2.59512 116.414 -109.603 78.0426
-7.63844 13.8103 0.793074 -160.228 -2.08477 -41.2704
-7.76143 12.2748 1.04609 -172.987 -73.8724 -20.9365
-6.86951 14.6737 -1.8358 -84.4666 91.2939 79.985
-7.28284 13.5669 -4.66229 -129.501 36.695 122.562
-4.42975 -17.5019 -2.35269 135.554 -44.5613 55.4191
-4.08877 -13.7448 3.81405 162.282 -72.8622 -109.103
-7.40078 12.3668 3.1988 -170.502 -84.4166 -78.6389
-4.01722 -14.9634 -0.105844 161.08 -102.337 4.52172
-5.33341 -19.1672 -0.367929 29.5218 -105.897 -4.15142
-6.67008 15.2414 -1.64037 -113.886 75.9462 39.7336
-7.06653 15.5721 0.927869 -153.464 43.2124 2.85851
-5.45932 -11.3513 -12.4195 6.0259 -90.2636 12.4563
-6.73433 18.1263 2.93106 -124.812 -51.304 -48.849
-3.60786 -11.777 -0.346654 184.474 25.8013 -104.716
-3.41904 -14.1054 -0.24863 184.132 -54.5591 17.6567
-6.63645 13.4492 -0.896518 -138.787 51.2493 93.5299
-6.43486 16.8143 -1.32604 -126.34 88.7204 69.8728
-6.71793 13.1385 -1.627 -156.54 -11.0222 -28.0501
-6.0078 9.45804 -1.9344 -88.6235 -230.523 49.3484
-4.81321 -15.88 -1.20524 27.1028 -131.553 21.8787
-5.75409 17.048 1.84493 -72.5909 114.96 -44.1484
-4.09589 -14.4377 1.96151 89.5222 -112.972 -33.1759
-4.74773 -13.0855 -4.73204 17.7292 -111.544 131.066
-4.12838 -15.1878 1.07748 76.6706 -176.947 -15.5714
-4.10234 -18.6245 5.8008 79.0504 -167.517 235.806
-5.42014 10.5442 -2.2834 -57.1946 174.956 46.1303
-4.81694 -16.2491 9.60834 -3.10962 -134.257 -2.93012
-5.91777 16.186 -2.2127 -123.815 76.0455 91.6596
-5.20594 -5.91886 -1.11651 -58.8403 107.583 101.719
-3.48445 -12.9031 1.64691 109.942 -162.068 -51.9879
-3.78638 -19.7038 2.24421 75.8035 -73.8453 -40.8769
-4.37236 -18.513 1.61616 16.5505 -147.399 -25.584
-3.68906 -16.2756 -3.25301 83.7289 -121.373 96.3099
-4.05226 -15.4098 3.73719 46.7104 -120.104 -116.21
-4.46561 -19.5212 -0.222769 3.05991 -84.8014 -10.1428
-5.02674 19.0549 3.1063 -52.8606 48.7181 -34.7176
-5.87069 17.4794 -0.0858716 -144.89 64.2888 -23.6957
-5.65361 16.9011 -2.00393 -124.451 81.7721 43.6141
-5.41771 14.0941 5.17401 -107.078 66.8242 -159.84
-6.18957 14.0723 -4.39662 -185.968 -32.1558 87.5445
-6.08542 15.5894 -1.02645 -176.255 -3.86868 28.0734
-3.51739 -16.6369 -1.15628 78.7418 -126.903 40.583
-3.52774 -15.4903 -2.64281 63.8494 -114.628 82.521
-2.55919 -13.6475 3.09478 159.275 -57.9712 -71.841
-5.44246 16.0908 2.6354 -132.337 71.0695 -38.2717
-5.31225 8.59938 7.79478 -119.919 -54.8334 -203.313
-5.6034 13.9256 -0.974348 -150.553 30.8598 50.2593
-4.98259 14.7574 -2.53349 -92.7634 85.3155 79.7822
-5.24887 14.105 2.17858 -121.94 56.8477 -61.82
-4.25102 8.10333 4.41044 -24.3419 -84.6517 56.2754
-5.78489 13.8039 -1.5825 -186.628 -36.471 114.86
-4.85559 11.3571 -6.77412 -99.6572 75.9364 -29.8142
-2.85509 -17.5033 -3.27032 96.2025 -127.897 78.2861
-3.44746 -12.7988 -3.82912 36.4099 -148.393 85.2507
-4.90088 14.0316 3.73734 -111.893 63.1054 -71.7294
-1.8485 -13.8147 -2.81584 177.419 -24.6598 82.9819
-3.14052 -17.9207 -1.08802 48.3478 -139.602 43.0405
-4.81642 14.382 -0.504829 -118.266 61.1762 42.0168
-1.90805 -10.5113 -7.49076 152.61 -105.444 0.188911
-4.76603 15.9751 -1.47858 -141.642 46.8151 16.3122
-4.0295 16.5631 4.56451 -68.786 112.913 -124.05
-5.05515 16.4131 1.04147 -171.7 37.1714 -45.9162
-4.10846 17.8196 -0.696356 -79.1728 118.692 16.2664
-2.42885 -16.8499 1.07685 84.0499 -122.343 -37.4388
-2.08943 -14.9114 -1.39042 114.752 -90.1954 29.061
-5.04622 13.3692 -3.20691 -183.82 -45.347 58.5551
-2.64556 -13.3854 -4.53753 52.2443 -104.713 138.955
-3.96791 14.9181 4.65816 -79.9753 144.264 -139.268
-3.48257 16.2232 -5.44711 -37.2001 118.537 119.915
-3.78758 16.3851 -3.62204 -69.0959 114.744 6.37596
-3.90639 13.8765 1.97902 -81.9701 103.998 -54.0311
-3.84713 18.8346 7.59303 -79.2553 119.153 -22.5124
-3.48772 1.26417 -10.9369 -51.2142 -110.303 -61.7697
-3.03031 -16.509 -2.04931 -7.70228 -126.734 70.257
-2.46273 -16.3347 2.77997 43.3557 -126.619 -52.5531
-2.49821 -15.9496 1.68413 35.4191 -118.745 -32.6421
-3.80251 15.28 1.34498 -94.2897 85.5267 -31.4866
-4.64816 16.0245 -0.372881 -194.203 -0.843161 35.6649
-1.2537 -15.2806 -1.30108 138.868 -81.4811 47.2479
-1.10379 -12.3428 -7.37512 148.143 -77.1482 121.491
-0.904416 -14.3922 1.43355 166.198 -53.7825 -27.662
-2.56159 -17.2303 -0.265307 0.138656 -130.013 -11.1472
-1.48516 -15.0787 -0.804733 106.178 -150.766 14.3218
-3.63336 16.5138 -0.476603 -111.003 88.6684 12.0527
-0.949376 -24.6055 0.939499 150.695 -372.008 -109.346
-0.913967 -16.4946 0.236008 130.359 -104.509 -3.86563
-0.928401 -16.1741 1.08166 104.339 -106.629 -2.90273
-1.07044 -16.4266 -3.07144 78.2124 -115.381 48.9432
-0.0228657 -13.907 3.6189 178.538 -14.6512 -108.907
-2.50756 18.4057 0.154474 -77.895 126.28 3.93335
-0.35258 -29.8261 -4.44071 135.956 -258.125 -124.203
-0.287588 -4.3969 4.48343 141.985 -170.167 -21.6854
-1.69675 -16.3176 -0.443613 -2.00806 -21.4832 -2.45921
-2.41761 6.66666 8.211 -75.0469 -124.999 -226.321
-0.911847 -15.5016 -2.77817 71.1915 -108.978 42.9689
-2.23325 15.7694 3.49101 -64.8952 106.655 -117.632
-2.8719 16.5092 -4.12682 -129.402 83.8683 109.523
0.204094 -17.1493 0.994394 166.173 -71.3649 -13.7261
-2.98874 16.7773 0.890817 -156.913 51.4463 -20.9503
0.0477548 -13.9637 -3.49004 143.969 -56.0277 105.314
0.598703 -18.122 -1.87033 196.077 -21.9491 48.1724
-1.47286 17.4325 0.43199 -10.3116 73.6848 -24.799
-0.583674 -18.5352 -2.63585 71.7854 -132.415 32.9351
0.282781 -15.7137 3.52126 151.769 -71.7585 -82.1153
-0.00827777 -14.1835 5.53083 99.6552 -83.1006 -135.878
-2.27204 13.92 6.70809 -127.531 55.2668 -156.293
-2.83372 14.1989 0.667414 -200.007 -9.30544 4.44387
-1.57288 15.2283 3.09245 -77.3214 99.0393 -105.969
-1.71777 16.2994 -0.160559 -102.131 36.1241 49.3574
-0.0357346 -15.9555 4.65024 59.0613 -115.863 -122.335
-0.460847 -0.0869969 0 12.3051 -0.651638 0
0.694246 -16.391 1.50109 126.435 -23.2298 79.5578
1.13904 -15.6431 -0.800928 164.029 -61.5892 38.481
-0.698526 16.1689 -1.36732 -19.1355 119.284 7.34873
1.34911 -17.0699 -1.43516 178.489 -58.7321 35.1572
0.884437 -15.4246 -3.18812 132.081 -67.9619 97.5353
-1.56762 15.4901 3.69238 -116.62 85.2188 -100.543
0.217895 -24.959 -1.82093 48.4495 -360.488 -16.8551
1.45887 -15.5825 6.78225 168.075 -92.0633 -175.955
-0.73416 23.485 -0.335464 -53.5256 48.9304 5.81217
1.70241 -8.93763 7.47404 182.238 -46.6617 -32.8367
-1.04537 2.79328 7.41738 -98.2202 78.2079 122.804
-1.75353 13.0406 3.11198 -175.598 73.615 -373.585
-0.434077 18.7044 -1.89875 -45.6061 137.357 27.7104
0.0566659 17.9267 1.06138 3.07793 87.4273 -64.8064
-1.81433 21.2936 9.58834 -184.902 -31.6071 -191.478
1.62141 -15.9466 3.40936 154.465 -61.6603 -73.6463
-1.75214 15.4966 -0.871289 -181.458 27.982 15.0656
-0.555451 13.6186 -5.04268 -66.9444 100.589 -66.7352
-1.01331 11.3633 8.19119 -112.541 -62.8307 48.387
1.35436 -15.0432 1.01172 119.32 -78.1269 -16.0727
-1.31889 10.7205 -5.91068 -148.943 192.436 157.928
0.438771 -16.2995 0.0499897 15.5065 -121.548 -20.3027
1.87662 -13.4601 3.27881 152.84 -127.204 -91.0065
-1.18953 20.621 -0.443894 -153.702 -85.722 6.71416
1.98396 -18.8347 -4.46158 151.719 -68.8901 -32.5977
1.37424 -18.513 1.10433 89.7836 -122.29 -40.6639
1.69951 -26.5501 -7.21866 119.787 67.8524 103.932
-1.37995 14.0066 1.98613 -189.816 0.880433 -56.188
2.05017 -16.0476 0.483607 147.336 -69.6091 4.85394
-0.469759 16.5092 -0.661936 -115.104 100.129 -7.35594
-0.727746 13.8588 5.70435 -147.604 50.9303 -148.537
1.15451 -18.0887 3.30247 35.3166 -133.845 -86.0955
1.79537 -8.5563 0.326766 95.8577 141.191 48.6815
0.468682 18.2221 -2.22989 -36.4059 134.681 52.8578
2.16567 -17.6044 1.93165 126.386 -98.0357 -37.811
1.27023 -17.0391 2.22295 28.4526 -126.674 -57.39
-0.0922207 13.2683 7.38079 -110.738 65.8581 -180.049
2.55481 -17.1448 0.651121 149.898 -79.8422 1.7911
1.09574 17.2002 0.762369 -14.0334 128.518 -5.389
-0.655634 16.4258 1.66083 -193.526 40.1622 -18.7569
3.22587 -14.0347 -1.02881 189.769 10.9073 67.118
3.04643 -13.3333 -4.71883 148.663 -26.8495 116.303
0.606395 14.6859 -2.77824 -96.0885 94.2628 72.4223
2.59083 -15.3452 -2.85398 93.5956 -92.2474 88.3682
1.39288 17.4846 2.13634 -31.6729 131.458 -69.8099
3.25302 -17.0296 -1.07175 152.959 -65.533 12.0675
0.818043 14.1119 -3.29364 -92.8813 87.803 115.823
3.70714 -14.202 2.20541 193.648 26.7819 -79.3053
2.94927 -18.3392 0.134456 115.029 -107.916 10.8908
0.722476 16.4831 3.80897 -109.168 107.029 -103.683
2.46745 -17.5193 -2.24362 55.0273 -121.684 49.2216
3.48063 -11.9723 6.0105 153.206 -4.9168 -125.115
1.47102 17.7573 2.76607 -62.5081 129.902 -80.3546
2.52766 -15.6879 5.06888 36.5196 -87.7669 -144.463
1.79996 16.3476 -2.29641 -42.902 122.808 49.3816
3.97434 -19.5828 0.956286 169.033 68.3681 -35.3381
1.25604 15.7086 -3.10357 -101.905 103.26 55.8546
2.03674 18.5877 1.90841 -37.8547 141.833 -34.7072
2.42571 16.3132 -2.9622 -7.70086 123.127 95.184
1.341 15.3381 2.11172 -118.275 92.5051 -58.2013
3.9447 -13.5385 5.88068 134.94 -38.4523 -167.147
1.05171 16.7162 -2.70723 -155.904 86.4874 61.5178
3.8717 -15.0933 2.01268 115.235 -71.2352 -68.8265
4.21422 -14.4352 0.887343 144.37 -42.1845 -34.521
0.830963 15.3198 0.886396 -194.191 28.8605 -24.2242
4.73502 -13.2947 -3.51789 191.57 77.9964 96.9594
4.46881 -11.7882 -2.46136 159.247 -155.221 65.1975
4.86235 -14.4412 -1.12456 197.776 44.4349 28.8367
1.84361 13.6986 -4.52001 -108.748 89.3029 97.1699
2.17822 16.1468 -1.08729 -79.1892 115.652 23.1499
3.997 -18.416 2.08653 98.9969 -115.723 -38.5375
4.92419 -14.5485 0.0628915 183.947 8.58041 -23.6885
4.649 -15.136 0.814348 153.705 -66.1077 -42.5648
2.72295 15.9199 -1.28812 -41.451 125.884 14.6405
4.15149 -14.5124 2.27089 85.6517 -83.8205 -63.5324
4.15318 -9.84177 -8.1738 84.5283 -123.873 91.6593
2.26408 15.6192 -0.332723 -107.093 102.181 -9.82619
4.53365 -17.8894 10.4823 116.419 -65.2844 -97.1581
2.50056 16.8539 -0.237212 -88.713 120.613 0.195513
2.12644 14.1911 -2.40049 -174.696 58.7272 81.8309
3.16424 14.5305 4.60076 -71.6513 107.522 -110.231
5.86895 -16.047 4.55475 196.593 2.56113 -144.657
3.20123 15.6128 -4.59299 -71.6558 116.71 136.225
3.77185 15.5909 0.110886 -16.7537 125.392 30.3239
2.02473 14.6375 2.29392 -193.326 47.5058 -62.9658
5.35216 -10.2925 -6.26195 135.804 32.0553 169.854
5.02236 -14.1543 -3.84008 97.1342 -73.1383 107.236
4.89955 8.97483 -10.0559 81.8777 61.861 -65.762
1.7464 16.5788 -3.89373 -236.893 160.165 -34.8513
3.41679 16.5383 -2.37878 -76.4781 128.027 78.0204
4.13943 15.8037 -1.8578 -11.8188 134.465 38.0816
3.85989 17.827 2.73077 -40.0154 141.245 -55.1383
5.94355 -14.6672 -0.55162 166.779 -0.595285 -6.87501
3.49613 15.8334 -2.45363 -79.3611 117.336 79.2674
2.96146 12.6491 -5.43739 -133.635 79.3989 123.625
3.35381 16.4554 -1.32975 -106.135 118.267 50.8671
3.64021 18.4704 -0.285204 -80.8783 135.303 23.629
6.39286 -12.7348 -1.26561 186.934 -96.139 4.83227
4.31676 15.4533 -1.31479 -20.5147 122.979 23.8592
4.45552 18.5494 0.759036 -19.3535 147.401 19.224
6.04988 -10.8259 7.59209 138.102 19.846 -169.789
3.1814 13.9732 -3.81219 -153.167 73.0752 128.563
3.70241 10.5502 2.22571 -105.128 201.51 -24.3893
4.60829 5.13806 -9.95029 -18.8414 172.278 60.8468
5.21426 -4.35291 -10.208 40.9389 -130.409 14.1038
6.45015 -13.377 0.352892 156.921 -0.725974 -41.8438
3.03016 14.0761 0.370418 -184.15 61.6726 -30.1352
5.56788 -15.2593 -2.07836 66.3002 -100.27 44.0859
6.70429 -13.1473 -2.14501 155.646 2.54342 56.0581
5.99561 -15.9594 -0.703646 82.6146 -100.369 2.03968
4.85147 16.2552 -1.495 -31.3359 122.906 28.0349
4.52456 14.7982 -3.01229 -66.6226 135.329 95.7213
7.0157 -14.3374 -0.28649 179.206 -58.7366 -16.2597
4.74319 14.6186 4.01401 -47.3765 121.114 -75.7516
4.28385 17.6692 0.311538 -98.6629 135.153 7.13644
6.4351 -11.2124 -7.49992 107.082 -64.8659 -89.3696
6.59999 -16.7538 -1.91211 119.372 -64.4244 24.6046
6.88541 -5.98258 -3.99461 145.229 -76.181 -89.0819
7.19941 -13.4112 -4.83093 172.153 27.8345 112.551
6.54273 -15.7129 -1.90552 97.13 -92.6492 3.76719
5.16878 17.5578 3.32858 -42.8685 145.037 -51.1576
7.1586 -10.9969 0.0154999 150.075 162.537 5.5896
5.86245 12.6858 6.21348 14.3824 161.9 -227.211
6.88919 -12.0393 -7.45613 114.893 -38.4442 178.234
4.25164 12.0485 -6.34267 -148.849 71.5785 155.158
3.87229 9.53786 -2.24085 -191.448 -188.08 50.7581
6.76892 -14.3587 1.01544 87.1852 -76.2513 -42.4693
7.55065 2.84547 -5.59288 161.787 2.18481 66.8338
5.39824 -7.64654 2.0754 -53.6063 164.65 -16.3307
4.33704 15.6258 -2.69352 -161.868 95.6205 53.4057
6.03314 14.2512 1.36217 -1.57292 122.849 -36.0479
5.53794 2.61573 3.16905 -62.9706 15.5117 170.011
6.09975 16.9297 -0.894217 -14.6108 141.669 34.8343
7.37813 -10.8964 -4.07331 105.638 -85.8731 -127.253
7.77022 -13.6788 -5.07871 132.943 -36.4762 105.134
5.3452 16.3738 -0.592381 -110.17 136.649 -4.75681
6.33819 12.6447 0.0983771 -15.7795 -36.2193 161.225
5.96171 15.4152 -0.810675 -62.3773 135.636 10.1543
6.99784 14.6825 -3.36977 34.1996 117.821 72.7458
5.21132 2.45208 7.32507 -146.963 -99.004 30.2695
8.14615 -19.1001 -4.03869 142.613 22.1193 150.359
5.73406 13.7055 1.49591 -103.421 120.464 -25.9339
6.88656 14.1155 -4.0172 9.35751 177.084 59.9158
5.71954 11.1454 -5.26084 -112.558 95.5731 151.793
8.62837 -13.9452 0.964922 169.24 10.1528 -43.7946
5.56078 28.0885 -3.26001 -141.759 301.538 -135.228
8.117 -9.15908 -4.35899 106.598 185.598 118.195
8.28179 -10.5516 -3.9995 114.816 -83.3326 62.3702
6.63956 13.7241 -0.796116 -53.8556 127.825 30.3796
8.83147 -21.9925 1.24678 161.535 54.9914 -11.2737
6.59569 6.78171 11.052 -61.5827 101.197 12.3535
5.56074 12.6755 -0.539544 -165.764 182.094 -1.36375
6.80998 13.8912 0.740817 -41.7443 97.0367 81.1666
8.70298 -10.0256 4.70262 135.416 68.4981 -127.821
7.0405 13.6435 -3.20939 -32.0251 127.856 86.0101
5.26035 16.2636 -1.8004 -212.087 156.307 53.9054
8.78869 -14.3402 4.64227 126.051 -61.8763 -103.122
6.04189 11.6199 -3.46782 -150.914 91.6691 102.829
7.86023 11.5147 3.4773 28.5594 132.333 -94.6606
5.92188 18.8409 1.06549 -166.827 45.6625 27.0587
9.40267 -12.1497 0.821461 177.459 92.3255 -24.563
9.22076 -15.3155 -2.36335 159.027 -31.6979 23.1883
7.07661 15.1732 -4.24695 -55.174 120.216 75.4282
8.7648 -17.0163 -1.09327 102.648 -106.073 15.0004
6.19818 14.0938 1.77919 -152.787 114.557 -35.0036
7.58431 15.7803 -2.67678 -17.6305 146.271 91.6902
9.34864 -12.82 -0.38646 156.116 10.8387 22.1159
6.24548 14.6817 -2.65707 -153.714 111.703 83.7729
7.30189 7.92562 2.80648 -51.2028 210.474 -91.8249
8.89173 -18.9668 0.477982 104.708 47.0662 -6.2939
9.17164 -13.0289 -0.00597313 132.38 -32.9241 8.8258
9.43839 -15.6066 0.312177 140.088 -55.5112 -35.6947
9.78205 -12.17 3.49895 164.366 35.8585 -69.6452
9.85846 -15.4896 11.1514 170.068 228.87 -267.485
9.74687 -12.9834 -0.912468 155.308 13.0987 15.0425
9.3655 -13.2556 4.32708 114.471 -110.99 -41.4968
9.58057 -15.963 1.93971 128.507 -80.5716 3.43494
8.42169 11.671 -3.46117 7.95292 121.969 99.9118
9.68818 -9.51005 -4.50834 132.458 31.3622 126.942
7.47634 1.67918 -1.91493 -95.3088 -12.1278 -157.979
6.90011 12.7345 2.94945 -158.341 116.536 -95.1223
6.63939 10.9625 -4.80097 -191.413 74.8189 124.237
10.3661 -11.4659 -0.129893 167.221 65.6806 0.74407
8.89656 13.0022 -0.664914 19.0014 124.028 15.1137
9.79383 -11.8535 3.21582 107.087 -55.5462 -77.3988
9.12637 6.54558 -7.81946 40.5759 83.4696 210.233
6.97532 12.8437 -2.22833 -175.032 90.1043 70.5255
8.95979 13.1403 -3.90594 18.379 128.912 112.586
10.1405 -14.8826 -3.98167 127.019 -72.0264 70.7068
8.4007 15.1838 -0.89732 -50.1831 144.358 23.2587
10.2897 -13.8708 3.59425 136.034 -44.2673 -86.5341
8.99903 15.6591 -0.555089 7.7004 144.58 28.9202
7.98341 12.585 -0.783039 -96.7941 129.983 29.5089
10.6483 -12.7031 3.30055 167.364 39.107 -81.1369
8.69353 12.928 -1.68212 -32.0916 138.022 46.6991
8.31619 13.7558 1.88596 -71.239 109.268 -49.6744
7.604 13.1665 -1.10548 -154.926 119.436 43.0818
8.73968 13.158 -1.94281 -46.4015 143.147 40.5332
9.15414 12.3632 2.93681 -6.14326 105.759 -81.4818
10.6785 -11.4551 0.421464 136.004 -11.1969 -52.8768
10.8845 -11.5909 -2.93457 154.731 14.7475 67.6277
10.8057 -10.2339 -2.96857 145.007 38.4584 76.6038
8.66629 17.7905 5.83533 -72.2415 58.6617 -138.365
9.98618 1.81618 -4.10152 58.3932 189.716 -7.01044
9.92812 12.2156 1.63919 45.1575 111.936 -19.258
11.1373 -9.47289 0.361345 164.823 20.8161 11.9096
9.37046 12.4014 2.28969 -20.2025 140.274 -26.5461
9.06935 22.1011 -8.9016 -50.2949 170.449 -77.6037
8.17601 25.5942 -8.00887 -141.015 69.8451 32.3565
8.46703 13.3778 0.0698544 -112.908 140.34 17.2249
9.43698 19.1155 1.56311 -21.0421 119.949 -4.64055
8.8459 9.36572 4.31201 -83.6003 211.97 -99.8152
11.0305 -13.5169 1.69258 132.725 -51.6132 -83.0454
8.49655 11.095 5.21383 -120.399 130.106 -131.345
11.005 -7.10634 4.44406 127.397 84.741 -120.128
11.1323 3.3822 3.72008 126.326 176.182 -37.0243
9.69515 5.84196 -3.66056 -17.632 214.368 45.9283
11.3576 -9.67175 1.04967 145.681 63.4243 -25.6035
9.409 -0.647911 6.51053 -51.7815 201.296 6.77083
11.6729 -11.5941 -3.09589 162.437 52.7957 79.7544
9.8469 14.4133 8.77213 -20.6899 151.353 -7.0307
11.7864 -12.0659 0.766179 170.108 40.8501 -7.25363
11.2814 -13.2967 -8.7978 107.922 139.223 241.787
10.6169 8.87097 6.57061 38.3507 105.22 -181.24
9.62053 9.71565 4.73115 -62.4887 139.002 -97.0911
11.6803 -9.93635 -2.71396 140.501 20.3065 69.6899
11.1558 -6.95389 -1.04749 88.1817 213.322 22.1128
11.7503 -9.60384 2.83249 146.24 79.7101 -67.5373
10.5448 11.5571 -1.23668 24.6672 123.252 19.0579
9.9963 18.3304 7.00376 -30.9389 145.862 25.7553
10.601 11.4964 -0.0551912 24.247 126.983 25.7511
11.8308 -10.2891 4.5781 138.865 15.9657 -114.608
9.77863 35.7095 -6.22435 -65.0869 88.44 104.044
11.195 1.89212 8.12713 75.3196 46.8054 -219.341
11.7949 -10.5627 0.214492 127.777 -18.7128 19.0117
12.0075 -9.44056 4.25384 147.468 83.0639 -129.837
10.089 14.5035 1.07127 -44.608 155.726 -26.5983
10.9256 10.7217 2.00248 29.777 122.461 -77.0552
11.922 -0.993978 4.7995 120.29 71.8612 80.0528
12.2781 -9.50404 -1.55324 146.753 71.4343 49.8231
11.4242 4.51201 6.40637 57.434 80.6886 -178.273
12.1169 -9.66122 -3.1868 125.512 -17.3001 -32.7896
11.8015 -1.37332 -6.65405 89.7595 10.2169 179.05
10.121 12.9937 1.08756 -79.7857 156.789 -40.5932
12.2531 -7.23843 -2.41393 127.327 75.0095 89.6922
12.2913 5.01616 0.161332 129.401 -32.1512 66.5817
12.4262 -13.5201 2.86872 138.463 -48.6039 -72.1199
11.5961 10.0957 -1.44641 52.8782 109.83 44.2419
10.3323 9.78609 3.19049 -73.2507 154.015 -54.7144
12.8846 -17.5498 0.520312 179.745 151.406 -1.57309
12.5533 -9.39931 3.70761 143.353 27.6086 -109.478
12.3872 -10.9693 -4.06603 119.879 -46.3771 64.0279
12.7047 -9.212 2.23469 144.553 99.5273 -78.4385
12.4644 -3.22074 -4.25495 113.863 -36.7369 67.113
11.9489 11.8978 -2.22202 59.0816 113.202 8.17051
11.542 8.53439 5.96832 17.3406 121.046 -148.243
12.5727 -6.25502 -5.87521 116.018 84.6441 159.397
11.865 9.97861 -5.34726 43.4808 116.518 136.286
12.9329 -11.4242 -4.41956 144.793 -19.3257 106.2
11.3623 10.0357 1.39575 -11.6162 143.546 -50.5078
11.1135 13.0052 2.81481 -46.358 165.936 -37.5014
12.6667 -8.91255 -3.65074 102.809 -55.0235 104.305
10.7007 11.5122 1.00111 -93.2028 157.663 -25.0128
11.9244 -1.03311 -5.49107 26.8781 176.663 148.815
11.1241 27.23 -8.45961 -56.2835 123.281 48.5481
12.9039 -10.1655 -1.22936 115.654 41.3402 66.6942
13.3306 -10.1347 -1.73468 156.62 47.2057 32.158
11.3998 7.40894 0.12585 -39.9829 210.225 -23.291
10.7729 7.17822 4.76144 -103.488 146.579 -129.03
13.0825 -12.9073 0.0214606 123.571 -67.2579 3.92994
11.6592 13.6723 -2.40326 -24.7275 161.302 61.2203
13.2672 -7.35608 1.55167 133.776 74.7625 -43.1311
12.0396 12.0007 -1.98954 10.0802 147.754 79.3156
13.5815 1.96988 -0.449542 160.34 -11.1927 -0.25945
13.4354 -10.6821 -1.43959 145.017 -7.08691 52.1583
11.2859 3.28819 -5.95718 -73.9543 155.938 166.829
12.7851 -3.65613 -6.7365 73.5716 127.338 173.577
13.6468 -11.0568 2.80248 156.012 13.3846 -78.0219
13.4973 -8.92244 2.77154 139.82 108.078 -46.2265
13.6528 -10.6091 0.139088 155.229 40.6641 -15.0979
12.0769 11.1488 -3.12473 -4.33255 151.557 108.566
13.357 -10.2343 -0.738921 121.409 -43.1149 8.21399
12.8752 8.23284 4.67141 73.4216 92.4581 -121.841
12.4173 -5.21949 0.545802 27.5012 232.744 -16.8172
13.7434 -18.3972 -0.365964 155.959 70.7903 14.2723
13.8481 -10.7263 1.9542 164.596 69.3884 -37.0551
13.0672 11.3925 1.32991 85.1768 100.454 -40.3608
11.0639 3.54227 -5.15993 -114.434 160.986 152.073
12.2445 3.10981 4.61715 -1.57125 156.531 -142.481
12.9144 -4.4655 0.704323 63.8182 185.417 -26.6692
13.593 -7.00458 -2.71703 130.492 97.0508 75.3034
13.3835 -5.40393 -2.2882 109.486 113.789 62.6889
13.0327 -5.21052 -1.72202 71.2973 169.152 39.6194
12.4804 8.56892 -1.41355 16.0249 136.738 43.1591
13.2468 -6.04534 -1.65991 89.4081 193.202 47.7171
13.7132 -1.76821 -3.34675 134.466 99.0186 -7.88138
13.5006 -17.1549 -6.13697 111.544 2.1924 48.289
13.9042 -8.37833 1.37085 144.356 95.1798 -38.3993
12.0997 20.8476 4.06128 -35.252 104.939 -10.297
13.7101 -8.76758 2.27041 115.083 -45.0939 -47.5178
12.4032 -2.54669 4.01406 -16.8245 203.729 -105.179
13.8693 -7.53994 -2.58817 128.635 132.282 63.6459
13.9949 -8.16465 -2.48068 140.516 62.3557 46.2865
12.8581 6.18829 5.60856 26.9504 138.685 -142.557
12.4598 5.34446 4.404 -13.1523 147.59 -115.966
13.5415 -0.412989 9.86505 90.3901 91.6992 -19.9191
14.1137 -10.2751 -0.0217595 146.232 88.5295 5.39103
14.1653 -6.20153 -3.63979 147.945 7.16976 103.338
13.4777 13.6489 -0.235301 74.4131 116.28 10.2104
12.9721 8.88427 3.00641 18.7842 144.944 -74.612
14.2302 -8.66495 -1.4801 137.176 6.94737 42.312
13.9294 -4.25584 -0.557165 103.975 147.716 7.6576
14.272 -7.8499 -1.24998 137.516 22.3536 15.3669
13.577 -1.43736 6.08725 67.3243 -31.9163 13.3427
14.1019 -5.33406 0.573655 118.306 116.425 -11.9241
14.2258 -2.84456 1.52777 129.778 111.122 -40.117
14.5703 -6.39481 1.7861 155.862 8.62022 26.4716
13.8874 11.7627 1.10946 85.2181 111.024 -34.7197
14.5589 -8.25635 0.655356 151.525 50.315 -37.8072
12.0707 9.23023 2.16882 -99.7054 162.377 -60.2005
14.253 -3.8104 5.94853 115.684 75.6672 -155.429
13.2249 -2.74626 3.39691 12.2996 211.967 -89.5415
11.2216 1.12648 1.74533 -188.434 177.006 -43.0224
13.6322 11.3554 1.03962 50.6084 130.718 -21.3299
13.8739 -2.1018 6.18472 73.9177 134.564 -143.556
13.0575 5.39044 4.51699 -7.69111 165.822 -118.874
14.1726 5.16931 -5.21688 94.2072 66.0434 142.304
14.6715 -8.63633 -0.883214 143.047 25.1373 32.992
14.5455 -5.85519 -0.282505 126.443 62.462 10.4186
14.076 -4.89756 0.482004 78.4762 163.305 -19.7619
14.6468 -9.10547 -1.49503 133.042 -19.8843 62.3887
14.4718 -3.80129 3.73082 114.848 10.0938 -96.8171
14.4833 -3.21924 -3.3215 111.184 53.4264 90.385
14.6547 -5.70773 -1.65936 126.58 80.7428 38.6387
13.6947 6.30805 -0.932757 30.267 139.711 21.2066
14.4343 1.19535 -3.13953 101.553 95.9333 79.9805
14.9263 -10.7808 0.545014 145.028 -27.5594 0.252027
14.8505 -8.13908 0.0366024 135.692 133.077 9.47104
14.7876 -7.2137 -1.64156 128.694 120.17 38.1013
14.8307 2.23449 2.65509 132.682 -16.7453 13.7641
14.687 7.97644 -0.0151567 118.174 69.2825 -5.52618
14.0687 5.85399 0.67087 55.4993 122.619 -13.5679
14.65 -2.72057 -3.28761 112.969 68.0421 70.6924
15.0623 -10.1135 -3.18418 151.64 0.896905 -21.0347
14.9985 -3.23183 -1.80575 141.494 49.6343 18.6387
13.6803 8.9781 0.109202 9.31446 152.318 2.89277
14.4074 5.93166 -5.69667 79.6956 99.3437 142.862
13.8192 7.41081 2.59342 20.1585 155.652 -67.2679
14.596 7.18905 -2.06887 95.9814 77.6034 45.5713
14.5721 -2.59733 4.5271 89.543 103.628 -128.139
14.1153 11.3436 0.938161 43.0599 143.492 -32.6157
13.3073 3.92086 -2.27736 -39.0904 182.595 62.4161
12.7371 10.059 -0.368543 -95.7365 180.217 7.32577
14.5308 -0.48982 3.52089 81.2082 135.101 -96.9433
14.922 -6.30644 -0.174884 120.051 10.8192 -25.8263
14.8981 -3.91802 2.04096 115.234 71.0964 -52.7465
14.7393 0.990377 6.06129 99.4009 60.578 -137.901
13.8168 3.55628 -2.0859 6.90706 162.749 137.451
13.9025 5.42528 1.08656 15.069 155.77 -32.6211
13.9553 4.35182 7.29067 18.5326 157.065 -123.121
14.9925 -2.29906 -3.97699 115.086 27.7134 107.947
14.8229 -4.26031 0.741839 98.0132 149.117 -27.2986
13.8027 11.0615 -1.45919 -3.37081 168.913 12.1706
13.2075 8.92884 -2.95684 -62.9305 170.094 65.6628
13.9173 3.99446 -2.65606 6.65755 171.856 48.5999
14.5842 7.744 -4.21914 68.7482 309.055 -27.3583
14.9413 -6.55367 2.69268 103.774 45.7723 -109.732
15.0579 -2.16033 -2.85159 115.076 94.7167 68.2956
13.555 3.8527 1.35472 -34.5407 194.556 -34.5072
15.1829 -5.4491 3.27665 126.965 6.97059 -57.9281
15.4634 -9.36258 1.86354 153.167 32.5173 -39.7991
14.7319 0.632281 2.75745 80.3156 106.304 -76.5866
14.9188 -14.0136 0.222188 98.3483 -71.0405 96.8614
15.3077 -8.8367 -2.63405 136.674 -20.5604 64.0566
14.9707 3.84994 5.03887 102.487 68.0327 -124.862
13.675 8.26002 -1.30356 -29.6847 170.1 2.48748
14.5924 8.35322 0.634115 60.6795 127.425 -21.1385
14.3689 2.76017 1.4338 36.849 159.677 -46.6555
15.4348 -8.09446 0.265858 142.444 17.1464 26.2937
15.0405 -0.324392 -5.49557 102.084 83.4206 154.012
13.9027 10.301 -2.77639 -11.2528 165.55 83.3029
15.4399 -9.18396 -0.154921 141.01 -14.9886 -2.22924
15.0408 -3.81482 0.857299 99.8773 137.772 -30.498
14.6786 4.8174 -1.02357 63.114 123.913 18.2711
13.8424 4.97611 2.8174 -22.2614 182.687 -73.4608
15.376 -7.46925 -0.604724 128.496 -5.63925 74.0416
15.6304 -13.4499 -0.594488 145.399 -24.2377 27.0636
14.4968 8.6621 -1.84991 27.696 145.527 51.504
14.9748 2.19973 -3.38296 74.3616 121.177 91.833
14.9286 21.0783 -15.1156 67.9669 272.459 -84.252
15.6911 -10.0674 -0.858274 141.77 -34.882 19.4764
14.4689 10.0926 -1.29591 18.1447 160.448 27.3151
15.7116 -6.92917 2.29213 141.215 107.426 -67.3391
14.3842 4.25404 0.909838 6.96471 179.217 -33.9112
15.6993 -9.53152 -0.143982 132.788 -42.7141 7.30302
14.8221 4.87098 3.23817 45.1477 152.934 -72.7321
15.3868 9.0037 0.26107 100.727 87.9367 8.95971
14.5545 4.25037 0.767306 17.5572 157.751 -115.299
15.8055 -5.84877 -3.20455 133.876 54.8001 88.6695
14.9258 0.767296 2.41307 42.7552 170.049 -61.6225
15.8054 -5.68305 -3.35102 129.554 3.79558 33.0228
14.0729 32.0659 -14.3795 -44.0959 210.432 -35.8111
15.6412 1.802 -0.41802 111.068 90.2308 11.6315
16.1812 -2.46001 1.51266 156.455 177.4 -110.027
15.3128 11.2404 1.39759 68.3589 133.418 -34.8901
14.7138 9.58585 1.73328 6.18671 168.218 -53.4697
15.8994 -3.64873 -2.81768 123.07 -2.43026 78.2934
16.0443 -4.99237 3.11221 133.088 30.9141 -79.9632
16.245 -0.215871 -3.29243 152.605 48.1101 17.6042
15.9787 -5.45859 -0.92009 125.718 -21.4539 3.1362
15.1868 -0.503886 -0.870871 46.0351 184.767 24.6859
15.3723 6.22528 -2.13144 62.5089 137.346 71.64
15.9123 -1.44034 -0.099104 112.956 76.9743 -5.51251
15.3837 9.80328 -0.881706 59.0104 146.262 13.9643
15.226 3.76591 0.120646 42.9198 148.892 -12.1696
16.2613 -6.51858 -1.11437 142.137 24.0862 61.7582
15.9412 4.14431 1.81511 108.969 71.1923 -38.1596
15.1487 0.415236 0.823735 29.0261 246.125 -69.8698
16.028 -1.2101 -1.57355 114.123 71.1955 46.1697
15.1726 20.9394 9.45365 27.9352 75.8056 -87.4825
15.8064 -1.36849 -1.48486 90.7443 74.6499 35.1364
15.2808 9.00412 -1.1514 38.1204 156.02 22.3339
15.702 7.75666 -0.477439 79.6219 115.635 17.7758
15.7215 8.03725 1.4449 80.8717 116.1 -27.9521
16.1038 -1.85264 1.50534 117.718 33.8181 13.5168
15.9982 9.30056 0.54946 105.649 93.6471 1.92104
16.4366 -6.10209 4.1586 147.714 1.36 3.06002
13.8979 10.4085 1.31067 -104.819 133.277 -55.4906
15.4762 0.666878 -0.373915 50.6078 158.173 11.4556
15.8315 3.14085 -0.66775 82.2306 107.712 19.4318
15.7641 -1.46652 -0.371173 75.1077 168.158 6.81102
16.1275 -5.91062 -2.05039 111.172 -21.7545 124.212
16.3195 -2.74756 0.953326 125.836 43.8556 -21.6041
16.2988 2.86151 2.55434 120.5 170.516 -98.2129
15.6686 0.266744 -2.38269 57.706 113.666 73.313
16.1421 1.80685 -1.6291 102.903 90.6083 40.1622
15.6061 1.74284 2.41837 49.5308 154.769 -61.6054
14.8742 5.92064 3.32725 -23.4995 181.371 -86.9405
16.0855 3.12509 2.1473 94.2098 86.9353 23.0621
15.7902 2.25077 0.255225 61.1824 148.361 -3.74168
16.2448 5.57461 2.13953 105.753 84.0956 -53.6937
15.6957 2.04881 -3.07849 49.3903 147.572 85.1809
16.1623 3.78052 2.1864 92.1925 208.193 -8.4785
16.0276 5.58016 -0.467817 73.9828 129.568 2.49844
15.4386 6.8323 3.71713 12.5458 88.5829 -86.6617
16.548 -2.95185 -2.42422 121.403 96.0998 80.3901
16.358 3.62123 -1.07336 101.881 96.7203 -52.8119
16.5981 -0.925363 2.03958 123.771 65.3097 -63.0593
16.5842 3.69388 -0.49667 120.275 47.8109 9.74283
16.5996 0.187492 -1.74382 121.433 35.4976 50.8888
15.3238 7.15916 -1.19399 -7.93312 173.349 33.9213
16.8501 -6.12591 -1.54985 142.588 9.39343 74.2839
16.4387 7.60656 3.15648 100.855 96.4667 -95.0276
16.665 4.79347 1.39418 118.642 23.3478 -52.9784
16.4063 3.29124 1.02413 87.9823 111.702 -25.6763
16.8663 -0.797513 0.979975 128.339 62.736 -34.9448
17.1583 -8.08884 -1.22544 150.365 -3.73176 11.5892
16.7756 17.3633 -2.90198 111.552 233.323 -113.236
16.5853 2.26947 -0.6317 90.9878 113.165 19.9187
16.4251 3.22591 3.65723 70.8523 133.819 -94.4091
17.1204 -3.02051 -1.11032 134.646 41.9868 31.6644
17.2313 -5.55501 0.964525 144.256 38.1216 -22.3784
16.9238 -12.2424 1.51307 111.748 81.8331 29.12
17.0324 -6.49327 -1.68917 106.64 -56.5226 -48.7864
17.3415 -4.98782 -0.656406 136.898 93.9829 19.5721
17.0779 2.77864 1.49896 110.401 65.6423 -40.2459
17.1386 1.14951 -2.89788 110.076 118.422 76.9119
16.8175 -5.54217 0.391423 73.7136 187.556 -20.7071
17.1237 -0.321392 -4.15945 103.023 145.331 98.6318
17.3729 -1.2277 -0.790498 125.616 75.0658 25.6246
16.6759 5.86928 1.20478 55.8034 164.887 -16.5654
17.1568 5.22522 -2.80768 99.0588 101.049 78.5145
16.8121 -1.03817 0.306428 61.1021 -26.2618 72.9928
17.2784 -0.572606 3.07507 104.651 115.206 -54.6177
17.5982 2.55451 -3.08631 113.457 83.5012 78.7623
17.5471 4.40543 -1.00576 107.113 100.766 28.6812
17.7241 3.10512 1.21803 120.852 71.5969 -36.2351
17.8421 3.5865 1.6921 128.896 224.687 45.3475
17.8768 -1.75145 -2.28345 125.726 89.9522 51.8224
18.0407 -1.62668 -1.19106 133.147 87.4653 22.4755
17.4344 1.9274 0.451245 72.6644 152.721 -10.3411
18.1504 1.06748 2.90206 138.385 12.6941 -8.73246
17.998 5.40836 0.865809 114.549 81.0742 -21.835
18.6221 -0.721248 -2.74603 123.493 60.469 66.5344
17.7869 4.81789 -0.540728 36.5664 56.4759 78.4399
19.5468 14.1651 -6.9921 99.652 114.827 -46.2538
20.2894 8.89531 5.22057 170.665 138.437 -9.62814
21.3103 -15.7338 7.78896 206.019 27.4878 -4.4944
21.6066 -6.82205 6.50249 170.597 69.0256 51.8031
24.7496 -8.50025 -8.54322 221.052 -80.5161 -43.2854
nan nan nan nan nan nan
17.6551 -2.83705 -2.38808 134.126 -8.03701 57.1368
17.1665 7.94585 0.499185 27.7109 123.934 -7.23249
