-22.1098 -11.4398 -14.6195 -64.0064 -132.768 -40.802
-20.2952 -6.29599 0.559567 17.9985 -119.829 -30.7544
-20.5943 2.39147 0.273301 -97.2804 -16.1221 -20.9831
-19.1569 -2.25432 -0.0167845 -49.4656 -140.183 8.82984
-19.4581 1.68446 -0.693076 -88.0127 -95.9326 12.8542
-19.1294 16.6384 -11.4684 -79.6858 -47.2426 137.619
-19.1908 -2.7596 0.255454 -87.0108 -23.3851 21.8526
-18.1613 -7.2278 -4.96195 11.3818 -237.873 37.564
-18.6749 7.08253 0.217156 -47.8918 13.0235 -51.1271
-18.9972 0.64775 0.614681 -85.3471 -69.1601 -2.60832
-18.98 1.58252 4.97399 -90.0044 -75.5871 37.5457
-18.9296 3.89909 0.0266009 -92.7758 -88.1952 -9.58943
-18.7804 1.52612 -1.84529 -85.9472 65.2144 58.6494
-17.9795 -39.228 7.96864 -14.0305 -106.605 -65.9542
-18.288 -3.00845 -3.2282 -46.3483 -139.478 42.93
-18.9173 7.14238 -0.974555 -109.085 -41.8973 2.27657
-18.4138 -3.12831 -0.269792 -60.057 -96.4861 19.5895
-18.4258 2.97521 -3.21093 -74.171 -116.081 50.4244
-18.5482 3.59769 -0.022702 -92.7446 -76.6039 -7.30093
-18.264 -1.03074 1.09016 -66.8514 -93.8053 -59.0907
-18.5379 4.33056 2.13321 -95.8837 -56.3082 15.4787
-18.4239 3.27711 2.19179 -93.9542 -63.0875 -103.18
-18.1005 -1.47004 -2.34898 -62.3226 -49.8331 69.8032
-18.3583 3.06756 -2.72506 -89.2633 -54.6773 109.856
-18.1563 -6.42898 -2.2155 -71.5622 -59.1835 107.691
-17.432 -6.27379 0.278552 -22.4247 -133.809 -17.3366
-17.6475 -1.9097 1.5773 -44.11 -135.976 -60.8673
-18.0258 -0.0774797 -1.67538 -83.3061 -35.7513 95.4158
-17.7946 -5.36568 0.0253721 -62.8473 -83.5372 -11.6199
-17.4471 -6.78724 -0.459761 -31.2647 32.365 -33.4714
-17.8444 3.2993 1.41869 -86.3537 -66.9399 -69.3917
-17.5994 -5.94391 -1.18677 -64.8055 -68.0422 62.7106
-17.6988 1.76965 -1.29955 -80.4962 -101.843 -41.6011
-17.4058 -4.89876 -1.80067 -51.5029 -104.776 89.0043
-16.7651 -10.2405 -11.2004 11.0874 -84.7668 184.364
-17.8322 6.57492 -2.87746 -100.117 -33.4409 87.1051
-17.7738 4.06265 -0.766143 -96.1712 -87.5259 37.5499
-17.4723 0.0663133 -0.113643 -75.2588 -69.9192 9.62309
-16.8621 -30.7269 2.14597 -14.7025 -142.079 21.5197
-17.4512 0.962129 0.638287 -74.921 -102.888 14.211
-17.5338 7.85253 -1.26924 -89.4879 -17.7242 20.7743
-17.4507 -0.819691 -0.151347 -89.7636 -76.6661 -20.5667
-17.2625 -0.351228 -4.32383 -73.5298 10.9584 26.2523
-17.5752 7.14947 -1.28342 -105.932 -59.8585 18.2906
-17.3109 4.17406 -0.33201 -82.4341 -47.8705 132.936
-17.2452 1.81571 -0.580858 -77.3715 -98.9891 9.95746
-16.7362 -10.0985 -0.723122 -28.4418 -112.793 79.9295
-16.0447 -7.01213 -0.54821 38.2476 -178.745 9.90937
-17.3914 5.62674 0.339831 -101.424 -67.3478 -2.18601
-17.0849 0.589046 -2.12066 -71.3826 -90.8964 96.4376
-16.9244 -5.37662 -1.88045 -55.6121 -77.4907 92.2309
-17.3678 11.1185 0.0129643 -100.536 14.874 -19.6166
-17.2719 0.244696 3.28747 -92.2627 -73.6039 -50.9188
-17.4307 8.459 -1.31799 -110.057 -37.9204 13.2218
-16.9316 0.352611 -3.01613 -66.4389 -118.135 112.186
-16.6962 -9.53935 -1.80619 -51.5536 -115.676 25.5684
-16.7611 -5.50816 1.51289 -59.9852 -70.7293 -54.7833
-17.1717 7.10731 -0.355197 -105.707 -63.1313 -21.1528
-17.0698 5.59195 2.52673 -97.2736 -69.572 -97.1734
-16.906 3.03609 -3.02751 -84.4563 -102.475 73.5733
-16.9815 9.35953 1.32093 -95.3126 9.2978 -58.2589
-16.3444 -3.54042 2.05624 -37.9996 -129.372 -98.4774
-16.4926 -8.42582 -0.807337 -53.6177 -50.9722 44.283
-16.1168 -12.0264 7.01995 -19.2177 -70.7436 -84.0645
-17.0542 7.38955 1.19954 -112.849 -108.761 -31.0409
-16.4734 0.758752 0.700849 -58.5626 -135.893 -57.4826
-16.149 -8.60068 0.825675 -26.5901 -323.619 -100.505
-15.8282 -4.17406 2.06806 2.8566 66.6697 9.50762
-16.1456 -4.8034 -1.85189 -29.3578 -125.688 103.012
-14.8766 -18.1424 4.28245 94.9659 -32.4966 -117.417
-16.3572 0.481479 9.48393 -55.1988 -0.738667 -30.5653
-17.112 4.09427 5.62096 -130.179 -43.3773 -64.0153
-16.2643 -6.80477 -2.81159 -46.422 -88.9651 87.9042
-16.1199 -1.82519 2.42473 -32.4306 -149.152 -78.4573
-15.8155 -2.0303 -4.79378 -7.049 -24.4258 -19.7281
-14.8002 -13.02 -0.439198 92.9009 7.04224 8.10814
-16.1495 -5.54785 0.159053 -42.5072 -99.5436 16.3272
-16.2314 -2.74278 1.55419 -51.6077 -94.0729 -90.6016
-16.5504 2.69538 0.452558 -83.6006 -45.98 -27.0017
-16.6178 5.17234 -0.280827 -90.3095 -56.8737 24.0426
-16.4634 2.12192 0.010289 -77.9944 -99.2804 0.658689
-15.6783 -2.83129 11.2912 -0.575086 -140.106 -85.5702
-15.7204 -8.53276 -1.76755 -5.87539 -134.977 62.0896
-16.2609 -7.8608 0.0495573 -68.2702 -60.2068 2.73261
-16.3558 3.73197 0.292791 -78.1795 -106.501 -35.6191
-15.329 -4.99992 1.80987 23.3191 -119.659 -74.5206
-16.245 -1.37229 1.47696 -71.6406 -40.2681 -81.8593
-16.4625 6.38492 -0.402544 -94.0331 -19.2781 -28.8187
-16.4975 6.59507 1.32299 -97.6207 -51.687 -92.237
-16.1205 0.486399 2.63197 -62.5239 -91.927 -88.0275
-16.6165 9.80007 0.26982 -112.041 -32.469 -45.8448
-16.1385 1.07441 -2.17089 -65.6468 -108.154 98.3491
-16.2563 -0.21017 0.0275191 -86.9856 -151.584 4.20692
-15.9856 -6.54792 -0.250295 -67.4829 -93.0292 29.7119
-15.7909 -17.3309 -2.84312 -48.6029 -263.79 -181.307
-15.7985 -0.247859 3.02231 -50.6121 -107.861 -141.076
-15.1323 -8.76937 1.22336 15.5378 -144.736 -87.8472
-15.2595 1.46594 -5.42039 2.61275 -157.15 -85.8207
-16.4788 8.63936 1.0296 -119.007 -81.0645 -57.1424
-16.3389 10.2779 1.89982 -115.011 -34.5406 -83.3225
-16.0815 6.06692 -3.21016 -89.8857 -36.23 105.217
-16.0789 5.87087 0.942235 -92.9409 -63.2357 -35.2042
-15.1957 -2.30893 -1.11583 -7.73096 -152.383 39.926
-15.7335 -5.74889 0.543418 -65.2504 -44.8597 -13.3287
-14.3613 -9.86212 -7.02953 67.8175 -124.595 69.5926
-15.5262 -5.49411 2.21654 -48.6223 -75.7801 -97.8319
-16.0251 6.27406 0.339385 -100.514 -107.785 -3.04785
-16.0517 10.821 -0.620431 -104.174 -3.30618 9.01043
-16.3594 8.89765 -0.579609 -135.997 -59.014 -19.5638
-15.6073 2.52996 1.89698 -70.1229 -127.996 -95.9246
-14.8784 -11.1096 -1.46444 -0.238517 -128.932 65.7697
-15.2745 -11.2132 -1.04135 -39.8477 -89.3374 6.89284
-14.2253 -6.18706 1.24162 63.2462 -185.27 -83.8986
-14.9572 0.125549 0.665663 -13.699 -184.384 -22.7355
-15.2747 -4.61048 4.39511 -45.7795 -78.6845 -180.697
-15.1701 -8.41579 2.51388 -36.7101 -90.9993 -92.9154
-15.6543 12.0475 -0.730698 -84.8298 38.496 32.6846
-15.1112 -3.49625 -2.02867 -32.7285 -119.022 97.2644
-14.1195 -7.65377 0.86402 62.3491 -181.706 -11.7191
-14.9129 -12.2356 2.19835 -18.727 -121.837 -1.72597
-15.2254 -2.23515 -2.31725 -53.3748 -80.5502 105.339
-14.9047 -13.1321 -0.783039 -22.2547 -109.728 59.6888
-15.8461 9.9827 -1.7579 -118.444 -53.0889 43.0904
-15.6843 7.91941 0.107118 -105.984 -48.7 -41.0139
-15.474 -6.99957 1.54557 -85.7836 -97.7698 -61.1693
-14.73 0.311635 1.6413 -13.0483 -189.606 -65.0903
-15.1898 2.42431 1.17667 -59.5854 -157.873 -14.8157
-14.8878 -3.00744 -1.52834 -30.5136 -168.127 58.5427
-14.654 -3.23122 -1.01283 -7.73012 -202.205 57.6875
-14.9984 -3.80235 -2.67504 -42.2602 -97.5443 107.133
-14.4516 -12.7031 -1.10378 9.21663 -128.851 70.5799
-14.4652 -11.7925 -1.33846 6.91562 -131.477 49.3792
-14.6709 1.36453 1.28164 -14.773 -196.429 -64.2046
-14.7338 -10.1813 -2.2056 -23.0555 -101.066 59.5114
-15.2242 7.95319 -3.43961 -74.2067 29.05 113.898
-14.578 -3.37848 2.77344 -10.9721 -133.165 -121.754
-13.4491 -8.01357 0.853661 100.973 -183.136 -19.1948
-14.2587 -2.89271 0.492367 17.609 -176.433 -17.9471
-15.1091 2.4703 3.09121 -67.0423 -123.936 -112.557
-14.6538 -14.1877 -4.04955 -22.8539 -89.6808 100.85
-14.7754 1.4119 -2.18811 -36.3328 -170.295 85.416
-14.0938 -3.44992 3.5837 26.4526 -221.955 67.9703
-14.5637 -9.97739 -1.59308 -21.9359 -102.944 33.4431
-13.7235 -9.09913 0.248414 59.4447 -160.386 -18.1798
-14.9138 1.95682 1.58241 -60.3698 -146.7 -70.3992
-14.3039 -11.0445 0.794226 -0.567306 -124.061 -22.9607
-14.7021 2.20586 -1.63271 -45.2268 -183.258 54.9828
-14.7163 4.36555 -2.66177 -52.3143 83.7499 77.8839
-14.2213 -7.96403 0.381122 -6.50026 -116.148 0.184161
-14.1179 -15.7994 2.24055 -0.219824 -250.493 -34.2819
-15.1558 9.49008 -1.78814 -103.838 -23.9398 41.0921
-13.795 -10.2334 -2.35707 27.8459 -147.219 94.1917
-15.1551 11.9287 -1.82681 -109.002 -5.60098 93.2073
-14.8851 4.89367 0.697371 -87.4694 -137.187 -26.5146
-14.2763 -2.75343 2.30537 -30.4793 -126.658 -108.043
-13.9048 -5.2045 -1.46477 5.56799 -149.871 68.9477
-14.8712 13.9996 -0.404868 -93.5311 36.2505 47.0907
-14.7726 8.4784 1.15858 -85.2046 1.94089 -84.8561
-14.1785 -10.1555 -0.377329 -31.3047 -89.2309 -18.8166
-13.5096 -5.77942 -0.66698 34.4828 -330.531 23.7615
-14.0238 1.94449 -0.509056 -17.0859 -216.117 13.7007
-12.8834 -8.37605 2.08051 95.7523 -103.722 -76.4956
-14.8838 7.04584 -1.67019 -105.723 -89.0122 40.0661
-14.8981 7.49724 1.37684 -109.24 -107.372 -92.0896
-14.0433 -0.0123991 3.40395 -26.0929 -157.298 -143.013
-13.713 -8.32669 -2.06474 6.24918 -121.13 57.4149
-14.9651 6.04889 -15.2989 -121.141 -112.56 -160.739
-14.8931 13.7973 -0.258698 -114.664 7.47394 30.9347
-13.509 -7.70337 1.602 15.5382 -133.268 -100.417
-13.143 -8.76408 0.457268 50.7964 -157.805 -26.9972
-14.6451 10.0002 -2.7953 -98.5123 -107.421 67.6162
-14.0335 -8.03222 2.65092 -38.1742 -82.6412 -116.577
-12.7429 -8.66267 -1.3784 89.8461 -159.238 41.1885
-14.8051 9.79361 1.04867 -115.97 -46.2458 -46.3741
-14.6466 6.14915 3.48687 -100.824 -59.4225 -21.5597
-14.1681 0.588849 2.71714 -53.5748 -111.319 -133.084
-14.3515 8.90839 -1.1713 -73.0309 -92.4099 48.6448
-13.7918 -9.64464 2.44822 -23.7031 -91.3952 -139.874
-13.1646 -14.0092 3.62978 37.9777 -208.664 131.005
-14.7677 11.2953 -0.202381 -123.619 -44.9087 -8.2885
-13.5405 -12.3681 -0.400785 -2.61701 -80.505 20.3878
-14.2454 12.7168 2.35543 -72.9285 50.2524 -74.379
-14.0621 2.80426 -0.994522 -55.6413 -170.441 76.5664
-12.9969 -10.5871 0.471447 45.1727 -140.271 -41.1657
-14.3504 6.3173 1.16345 -90.5386 -68.4861 -81.0221
-12.5728 -10.4899 -3.18234 81.4174 -63.1946 162.711
-14.4426 18.0418 -8.54157 -104.717 22.735 -105.675
-12.8655 -9.11148 -2.21392 49.9593 -238.814 88.1493
-14.4359 10.1864 2.17188 -108.364 -28.3026 -123.389
-13.6173 -7.90255 3.90585 -29.3484 -88.938 -130.144
-13.259 -0.887127 2.88681 5.96102 -185.235 -117.268
-14.3688 7.54408 3.11248 -105.817 -104.497 -103.748
-14.3134 7.41731 2.43397 -105.851 -112.182 -136.643
-13.0723 -11.1581 0.788507 17.1228 -121.289 -13.8794
-14.0235 4.30993 -2.90695 -83.0636 -98.0999 152.059
-14.3096 9.04434 -1.37381 -111.801 41.1888 47.5923
-13.9758 11.1502 -2.05897 -78.8367 32.3096 -18.9507
-13.5622 -9.82436 2.03975 -42.4329 -4.45311 34.7788
-14.2694 11.5818 0.242768 -114.968 -79.6938 -29.9083
-13.5284 2.36361 -2.92996 -46.6157 -157.851 125.242
-12.5057 -6.58446 3.89065 51.9029 -207.73 -106.922
-13.0049 1.60291 7.74484 0.696864 73.1285 6.95379
-13.8598 4.78601 -3.26132 -84.6643 -103.735 134.858
-12.4161 -9.53528 -1.88313 56.1738 -144.015 62.268
-13.6866 4.10565 -3.2048 -72.2932 -131.205 119.417
-14.1052 7.17735 -0.356026 -115.759 -23.5603 -6.60476
-13.0013 -1.83368 3.34167 -9.56828 -145.956 -136.91
-12.6883 -8.13136 0.845941 21.209 -60.1803 -164.144
-13.6959 9.86225 0.867021 -79.3596 9.06571 42.3752
-12.3827 -14.0345 -0.55511 49.3015 -78.1868 -30.4895
-12.6222 -14.2205 0.790037 21.865 -122.263 -6.07828
-13.8342 6.77699 0.195396 -98.9824 -149.466 1.77481
-14.11 11.1931 -0.361736 -129.163 -68.1451 -13.9163
-13.0328 -10.5794 -2.75487 -22.712 -143.188 115.136
-13.9189 7.8686 2.28207 -111.224 -122.85 -68.3808
-12.6596 -10.9235 -2.31349 13.5696 -115.679 119.95
-12.7219 -12.03 0.817192 5.86595 -42.4274 -34.6059
-12.129 -9.5137 1.53416 56.179 -130.562 -85.2483
-12.7353 3.01107 0.383158 -5.69221 -217.359 0.466018
-13.4201 5.24 -0.746075 -76.3071 -180.865 13.1403
-13.3964 3.99191 -3.00856 -75.3344 -114.946 124.251
-13.2567 3.87417 -2.10836 -61.4988 -174.285 72.2655
-13.3862 10.8799 2.42675 -74.4965 33.4161 -91.5912
-13.3045 2.70717 4.31207 -66.4587 -60.4355 -192.713
-13.8968 12.9363 -1.43434 -128.718 -29.1801 -63.4531
-13.1292 -9.3675 1.87049 -54.4134 -52.0266 -94.1448
-13.7471 8.92673 1.1867 -121.003 -114.607 -87.7296
-13.0706 4.06502 -0.199421 -56.5666 -190.69 27.0513
-12.1237 -10.3633 -2.10468 36.1808 -233.018 -278.407
-12.5922 -10.8628 -1.40629 -11.0498 -94.8636 82.386
-13.8035 10.323 -0.374422 -132.438 -82.6062 15.2991
-13.4879 7.84316 0.205554 -101.677 -127.868 55.8747
-13.4277 12.3031 -0.949957 -97.0946 14.6816 81.6379
-12.754 -8.74279 6.2532 -35.2733 -117.075 30.1935
-12.816 -8.53858 -2.65716 -44.6121 -114.582 25.2307
-13.4943 13.0346 -0.261108 -122.157 -19.5392 25.911
-13.2586 5.57674 6.97625 -100.606 -24.6247 -47.0202
-13.0698 5.35146 -1.12579 -82.9948 -174.406 42.7616
-13.5483 11.985 -1.45532 -131.127 -39.7351 76.2431
-12.5143 3.43878 -3.1048 -34.5695 -199.512 132.962
-13.192 7.12989 2.14947 -104.876 -102.402 -64.2512
-12.4367 -11.5838 1.21938 -32.6379 -78.7299 -30.7676
-12.2873 -47.1488 35.5471 -20.2417 -241.515 186.019
-11.5248 -7.2483 -3.72656 53.6184 -147.884 155.231
-13.1501 10.3507 -0.544189 -115.773 -49.3499 8.25721
-11.0903 -13.7435 -2.32235 87.0567 -145.198 30.0763
-12.5552 4.23425 -2.07912 -59.6186 -189.552 71.9663
-11.0518 -16.2202 0.432778 88.4763 -85.411 -12.9999
-10.514 -3.59091 -0.501411 140.48 -196.416 90.6811
-12.1752 3.15323 1.16387 -33.052 -223.59 -27.2946
-13.0998 9.9732 -3.96289 -127.508 -177.013 138.388
-10.1441 -11.3514 1.77276 165.022 -140.751 -40.7605
-11.4663 -6.5413 1.49771 30.6823 -193.148 -42.8136
-12.6984 7.06967 -1.04651 -93.539 -173.417 54.7648
-12.7193 12.9427 -3.16012 -96.1185 18.4107 32.2559
-12.6311 6.11211 -4.62006 -88.5428 -81.6263 172.771
-10.7696 -15.0601 -0.492585 95.8427 -118.038 -43.6902
-10.8429 -12.6271 -1.06357 81.4417 -127.977 15.4098
-12.6858 7.66914 1.498 -105.353 -101.678 -74.7497
-12.6678 9.64216 -2.55172 -107.262 -35.7741 95.8672
-11.6339 3.57925 -2.19257 -5.52693 -237.241 87.9185
-11.9056 -15.2439 -0.379544 -32.7341 -86.5096 37.7771
-10.3326 -11.2427 2.26513 121.221 -77.776 -124.616
-12.7392 9.7989 0.485242 -118.666 -83.06 -53.0799
-10.2761 -6.37258 3.21628 122.835 -160.099 -108.792
-12.2842 13.2449 0.932191 -77.7167 40.2615 -74.0229
-12.7192 10.3526 1.71441 -121.264 -57.0979 -89.2762
-11.7435 3.07766 -3.16225 -26.2487 -204.683 118.175
-11.5701 -15.1374 0.471051 -9.12965 -121.777 63.0803
-10.4689 5.04768 -4.18293 98.623 -117.534 85.2459
-11.6779 -2.71857 11.72 -28.333 -103.637 48.6764
-11.0924 -10.8293 0.523648 28.2701 -150.39 -7.60214
-10.672 -15.9137 0.84767 69.1343 -123.636 -8.49845
-11.1147 -15.8049 -2.12827 23.5136 -111.508 56.0212
-10.7303 -12.404 0.338202 60.5215 -162.732 -45.0809
-10.8296 -10.6591 -3.2888 44.9098 -115.901 158.953
-11.6066 3.30273 5.39246 -32.7139 -200.209 44.2049
-10.7891 -14.3825 -0.472438 42.2541 -116.021 -13.1048
-12.2374 13.7992 -0.166946 -101.635 20.2356 -46.4521
-12.0487 17.8738 8.51599 -83.6821 43.5212 -23.4395
-12.0708 6.22636 -0.632011 -87.8077 -183.813 2.18928
-10.9022 -11.3683 -0.681151 26.6009 -110.647 71.7002
-10.1853 -10.9784 1.03582 95.5558 -125.332 -72.1585
-12.0706 12.9149 -1.98497 -112.851 -5.61179 111.444
-11.9497 2.5101 -4.92709 -105.544 53.2628 -35.4284
-11.6473 7.54731 -5.37427 -83.626 -27.4577 204.654
-11.1043 -9.36944 -4.83121 -32.9418 -137.223 234.835
-11.096 -10.1982 0.367237 -34.7001 -91.4125 -69.8272
-11.941 10.8468 1.8845 -122.246 -42.8468 -69.8602
-11.6625 6.59257 2.4944 -94.6619 -161.779 -99.2458
-10.2617 -3.75005 -4.5902 36.5114 -137.29 190.223
-8.71812 -11.3208 0.322002 186.717 -299.053 1.78098
-11.8117 10.9683 -1.84244 -122.157 -51.9111 91.462
-12.1004 13.6578 -1.06357 -151.575 -80.5778 -23.5703
-11.0394 5.57026 2.54056 -48.677 -235.855 46.7727
-10.2525 -11.4374 3.08807 19.5571 -101.693 -110.994
-9.96094 -5.74619 4.89485 43.8197 -127.684 -204.862
-11.4063 8.06099 0.727607 -100.221 -212.725 4.64021
-10.5996 0.656306 -5.0188 -24.7189 -130.611 210.914
-10.1262 -30.5679 -1.36279 17.9418 -354.944 -55.0543
-11.8378 11.3659 1.56022 -153.309 -104.557 -82.4607
-9.9068 -17.4403 2.21572 26.2495 -76.7582 -66.8849
-11.285 23.1102 -8.40052 -110.71 -112.151 119.956
-8.89575 -9.67669 3.1055 125.704 -117.704 -115.876
-9.71119 -16.3684 -1.84815 44.3329 17.4137 83.1225
-10.0959 -10.9118 7.16458 1.23948 -88.2694 5.23061
-10.1873 -15.8177 0.0714638 -7.84626 -95.6437 -38.5614
-8.50738 -9.42178 1.04534 153.729 17.2306 0.646766
-8.7529 -13.9504 -0.70062 127.095 -125.751 50.9161
-11.1734 11.0355 -1.45228 -116.853 -36.6999 63.7189
-9.6676 -17.1444 1.32064 31.4171 -108.12 -75.1743
-11.2578 8.89754 -3.57968 -130.375 -161.405 110.33
-8.48296 -14.8497 -0.0401977 144.308 -120.359 29.2919
-11.2121 7.39878 -3.89329 -134.204 25.9413 150.263
-9.47398 -15.3495 1.48418 37.4062 -106.379 -37.5152
-11.1656 9.31331 -0.273276 -131.123 -169.966 -19.3362
-9.15599 -9.34256 1.71211 64.7342 -286.561 -98.3314
-9.78726 -9.87702 -4.84622 -10.356 -175.275 -44.3586
-9.51527 -16.5853 2.87214 14.564 -103.782 -95.8647
-9.59585 -18.1311 -0.278646 3.78264 -103.335 27.1389
-10.87 12.9699 -1.25015 -123.036 -16.7807 78.1503
-10.5188 16.8102 -1.0547 -95.6735 39.7116 50.8939
-8.96195 -9.47792 2.54901 57.7991 -166.325 -135.792
-11.0424 10.7202 -1.40387 -151.466 -150.006 60.0145
-8.16337 -5.89987 -4.54305 134.025 -126.166 179.436
-8.7218 -11.9573 3.63789 75.5188 -107.122 -135.874
-10.5394 16.5255 2.05291 -105.206 37.7703 -43.5527
-10.3996 -4.81655 5.03924 -98.5259 0.597997 101.217
-10.6677 10.0316 -1.94243 -127.312 -91.4023 70.9644
-10.3875 12.2737 3.0565 -112.741 -15.2508 -109.647
-9.55314 -36.1907 11.4299 -33.4818 -57.872 -68.9806
-8.28328 -13.9255 3.38111 91.7683 -112.701 -91.8129
-8.78131 -13.8654 2.90712 41.9938 -99.1313 -101.63
-9.73184 17.3334 -1.06319 -54.5182 90.9827 -130.653
-6.69864 -7.55191 2.24024 241.219 15.5743 -33.9264
-6.62433 -12.5741 2.09385 245.452 -225.081 -117.074
-8.90303 -9.33692 5.3707 13.0797 -131.254 -56.0378
-8.72178 -14.3336 1.76282 29.8061 -98.7215 -51.3774
-8.29752 -28.4028 10.6156 70.3372 -48.7417 -24.4519
-8.95585 -14.7211 1.31942 1.65045 -139.847 -52.3029
-9.96892 14.7227 -3.08048 -101.927 19.5578 130.254
-10.0714 16.6008 1.11204 -119.538 26.539 -3.27986
-10.326 14.5363 -0.721672 -150.062 -43.2307 24.6639
-9.7714 14.2405 0.0264684 -97.9852 17.7278 -0.121302
-7.77994 -9.55421 4.27904 86.5879 -103.956 -167.368
-8.90879 -3.79099 3.94373 -27.6963 144.074 -31.588
-8.46683 -16.498 -0.0919525 14.2551 -97.9089 50.2643
-6.89439 -20.7652 4.66385 165.164 -24.5505 20.6384
-7.7351 -16.7099 -2.72595 81.2855 -104.149 80.1546
-6.7425 -12.1215 1.25165 177.682 -101.454 -65.8309
-9.7777 8.07489 -1.43912 -124.122 -175.183 30.9484
-9.66271 13.8556 0.797671 -120.832 -2.74792 -53.021
-6.44592 -11.5667 1.68598 193.042 -174.397 -88.7683
-8.41801 -13.5195 -4.97926 -8.69781 -89.9664 -27.4742
-8.15551 -32.681 3.67321 14.9881 -297.667 81.1359
-8.51076 -15.2844 1.14703 -25.6972 -25.2112 -48.1921
-7.60388 -10.4834 -4.32233 63.0764 -96.5571 206.328
-9.74758 11.2178 0.779112 -151.915 -102.545 -23.1839
-9.48209 16.2577 -0.605097 -127.699 18.1046 69.6929
-5.80159 -6.32877 -3.22659 234.095 -25.1655 146.528
-9.38537 2.49864 5.04485 -129.905 100.402 -18.6069
-9.47207 13.6001 0.283805 -139.623 -35.4292 -42.6341
-7.3577 -16.3003 -1.57405 64.8806 -105.824 33.3941
-8.86772 -3.68883 -0.651091 -86.2628 114.996 -92.8387
-7.19026 -16.2498 0.68988 68.4179 -113.152 2.36206
-9.36174 11.1812 2.2058 -150.335 -113.17 -85.3155
-6.65634 -14.339 -0.9086 117.585 -100.626 46.7378
-8.10058 -19.4167 -2.91843 -28.6326 -97.164 -51.7058
-5.63725 3.97832 0.418667 208.505 -209.281 -18.6286
-6.29642 -13.2909 -1.8553 138.756 -99.2966 24.255
-8.74998 13.8285 -3.119 -110.168 3.41931 132.187
-5.98308 -14.3076 -1.37401 162.341 -87.4868 52.2099
-7.24731 0.930603 -4.79206 26.4483 113.955 -22.4934
-6.7319 -18.6691 0.547494 74.066 -110.875 -14.3073
-8.8261 15.8856 0.949979 -134.333 5.00387 0.578041
-6.66883 -16.0135 0.563751 78.2522 -43.9029 -13.8096
-7.48497 -5.57095 -1.62051 -4.87315 -200.919 -38.0307
-7.8863 14.8859 2.28113 -50.2552 61.8561 -53.5083
-8.51934 12.8293 -1.94412 -138.21 -42.6235 -23.7428
-7.79807 15.5802 -0.844799 -66.7351 54.6124 83.3499
-8.15216 17.2637 2.30159 -106.867 -94.4189 -55.2776
-6.89921 -11.8662 4.50593 13.5062 -76.0564 -174.687
-8.22445 13.8883 0.245558 -120.891 18.0631 94.4436
-7.95676 15.9549 -1.13832 -96.2425 38.0984 43.1654
-6.13477 -16.7048 1.30069 70.3656 -102.267 -47.8892
-7.87517 17.6611 -0.464047 -109.098 46.9005 72.1413
-6.16935 -18.0938 0.917985 56.8176 -105.705 -30.6624
-6.83914 1.84324 -5.39895 -10.8669 -127.633 244.856
-6.41655 -14.593 3.42789 29.1229 -88.5826 -128.167
-5.37294 -22.5558 -8.04531 131.119 -24.6122 81.7703
-8.3536 13.4953 -3.27998 -168.52 -65.7307 96.9963
-5.47118 -16.6826 0.477371 114.41 -56.8741 2.41561
-5.61872 -32.5053 2.95909 95.6894 -99.4093 81.7534
-8.1335 15.3338 -0.673504 -159.189 -41.4884 30.1778
-5.81215 -18.7514 0.941524 66.5998 32.4286 -33.7948
-6.99812 6.54609 -1.31225 -72.9187 -250.29 53.3618
-7.96233 13.1783 -0.173526 -170.149 -69.3394 117.145
-7.3345 16.888 -1.07559 -107.857 35.9137 95.7789
-7.54268 18.0221 -0.371023 -128.763 21.1888 -23.1708
-5.13386 -15.2953 1.66745 105.877 -83.5723 -51.7971
-5.2249 -18.0586 1.91414 88.2013 -102.344 -58.6914
-5.55802 -17.5477 2.455 54.4993 -152.88 34.1608
-7.3474 14.112 -0.354043 -134.996 -3.20462 51.9406
-7.08156 17.6627 -1.45013 -109.122 39.8356 47.8724
-6.55409 18.2087 1.2868 -57.7139 72.2234 -48.0153
-5.06377 -14.8425 1.79118 86.6797 -83.7936 -91.0578
-4.2258 -12.6989 -2.34546 158.582 -64.2553 125.249
-5.19897 -17.4009 -1.74983 60.2827 -194.11 68.1654
-6.96852 16.7339 2.13769 -117.413 31.2345 -44.1275
-5.13182 -18.5615 1.00238 57.8776 -96.6399 -60.1175
-6.6389 14.7127 3.17345 -92.5515 31.8709 -170.202
-4.11478 -14.1055 3.68826 151.022 -72.4399 -133.431
-6.69001 7.82168 5.23387 -105.476 -74.8793 -219.426
-6.03859 12.5169 -1.69545 -43.3308 147.132 51.0302
-4.7825 -16.4684 -0.869126 80.8771 -95.4051 59.7861
-6.6519 14.603 1.40246 -107.623 22.0017 -66.2565
-5.31339 -12.2899 -12.1027 19.1376 -61.6243 42.301
-7.19962 12.6422 -2.45647 -169.164 -77.0462 65.5202
-7.06199 16.6423 0.472742 -157.184 -2.98838 -47.8179
-4.10635 -3.60958 2.60317 129.884 143.656 18.1031
-5.84714 -4.53972 0.127461 -45.4721 120.445 103.055
-4.90528 -20.1899 -0.41316 42.0145 -58.1613 -3.20672
-6.03666 15.5905 -1.5356 -79.4806 48.5118 84.8358
-4.31698 1.22287 6.80751 89.7399 91.3004 -8.749
-5.59809 19.3883 2.64522 -40.0055 2.01969 -41.759
-6.18718 14.6061 2.82062 -98.5514 28.353 -79.7999
-6.18085 14.9285 0.00959843 -105.043 25.6029 42.674
-5.99465 12.1224 -7.04361 -86.589 47.4752 -13.0453
-6.41358 16.3268 -1.26169 -128.228 7.58445 19.6667
-6.93234 15.7997 0.063032 -180.369 -39.5549 36.0882
-3.79546 -16.9122 1.28899 117.245 -133.937 -29.93
-4.78999 -17.6536 9.44424 8.5721 -93.1926 -26.1093
-3.67243 -12.9153 6.78427 116.446 -109.53 -47.7348
-4.42127 -17.2568 -0.924746 38.3708 -91.417 24.4981
-4.46992 -14.258 -3.08506 28.9645 -78.4292 140.745
-3.40034 -16.2937 -1.61741 126.629 -71.4706 83.2684
-4.36882 -20.2843 -0.342334 13.81 -36.4929 -9.46859
-4.11382 -20.046 1.2854 26.8946 -100.688 -29.1468
-4.48819 6.972 5.03131 -13.7433 -103.099 44.8638
-5.01004 19.015 -0.490492 -68.1843 74.0414 17.7312
-4.80663 17.7055 3.00454 -58.1274 71.3766 -133.419
-2.73259 -17.8059 -1.65159 144.443 -1.67128 60.362
-4.88106 16.4613 2.91307 -69.3157 106.283 -148.659
-4.84447 14.9472 1.29969 -71.4324 69.0723 -58.0897
-4.7532 20.022 7.21933 -68.8972 72.0435 -40.5593
-4.89083 16.1087 0.946534 -83.8381 47.4573 -34.315
-3.14672 -17.1224 0.874903 85.6199 -137.875 -17.9666
-3.43361 -16.6546 2.28304 55.877 -81.2576 -123.684
-4.57169 17.552 -3.49649 -59.0178 73.6132 15.0432
-3.09227 -20.399 8.57222 87.9048 -120.268 218.63
-2.95938 -15.6093 1.53439 98.2208 -76.5704 -37.4715
-4.92588 17.3639 -0.324593 -100.736 47.5755 13.043
-2.07324 -14.441 2.44474 169.989 -38.6722 -116.858
-2.01717 -15.9994 -0.0497929 168.63 -64.8075 4.71693
-2.81978 -20.3321 1.72026 83.9379 -25.2422 -45.7525
-4.0598 -0.0854923 -11.5368 -42.1002 -111.88 -34.5135
-3.88539 17.4381 -3.92529 -28.2863 77.7465 131.471
-2.628 -17.5241 -2.04578 91.522 -80.4181 102.881
-2.70904 -16.6678 -1.61036 71.519 -75.661 87.8021
-2.96136 -14.4203 -2.74779 44.253 -115.477 93.3618
-2.51889 -17.9473 -0.650453 86.1869 -85.0006 42.8336
-4.84461 17.1742 0.625755 -147.589 10.2151 -22.8224
-5.21234 13.8963 0.712167 -190.48 -43.4923 2.77156
-2.10941 -14.6884 0.996715 116.89 -128.717 -55.2714
-1.33064 -11.3076 -1.60723 190.722 53.9148 -102.475
-4.39692 17.3014 -2.74823 -120.729 42.8507 118.029
-3.08278 -17.8191 -1.17299 -0.276417 -85.1427 74.2681
-2.5143 -19.3674 -0.553414 55.2893 -94.4272 45.0932
-1.14849 -14.5757 -0.0319633 189.927 -19.7427 18.0211
-3.41513 19.6849 0.199929 -70.7922 80.1112 3.50738
-1.65449 -18.8141 -2.28063 101.813 -83.8876 85.1402
-3.29198 5.06708 5.36651 -68.1996 -139.434 -243.131
-2.5256 -18.5704 -0.396439 6.32684 -86.6352 -10.3568
-3.78249 14.4013 4.72985 -120.332 20.8892 -170.409
-1.97889 -14.4713 -2.79784 57.9375 -70.9651 148.058
-2.0368 -17.1707 1.26718 40.9816 -78.6123 -36.2746
-2.98743 16.8468 2.02298 -58.6293 67.1197 -124.492
-1.9059 -17.6458 2.10776 48.7261 -85.4503 -58.567
-1.38079 -18.1024 0.610078 88.7934 -79.9871 -39.5395
-0.600482 -14.1651 2.18532 163.326 -24.2158 -78.3572
-4.0241 20.6265 7.14639 -178.041 -82.6395 -212.084
-3.92112 15.6272 -0.67759 -174.793 -9.84021 16.9693
-3.8517 13.7554 -1.44352 -169.009 41.1164 -376.101
-2.92876 16.5176 0.437949 -96.6125 -3.74707 49.0843
-0.674963 -15.8015 -1.02066 118.264 -52.9542 32.0317
-2.95568 16.3123 2.42812 -111.27 46.6457 -108.119
-3.65491 13.8297 1.28064 -183.939 -32.9782 -60.2348
-2.48604 16.2209 1.77067 -72.4849 60.9138 -112.022
-1.69828 -16.3586 -0.467385 2.11901 18.2359 -1.35428
-3.10082 12.902 -3.92336 -143.761 163.953 170.095
-0.0385916 -11.6445 -7.38815 155.177 -78.6316 18.2877
-3.0307 19.3091 -0.356826 -148.769 -134.404 7.69689
-1.57772 18.0893 0.126572 -6.61439 30.5724 -25.5107
0.319912 -13.9276 -1.7755 179.51 9.05344 88.6749
-0.182372 -16.6984 -0.620912 108.345 -112.309 16.0746
-2.21811 3.70081 8.8018 -94.3785 70.4105 103.235
-2.3595 10.4519 8.66611 -108.584 -89.4483 27.945
-2.98511 16.6911 1.41195 -189.349 -0.068447 -22.5191
-2.50142 14.2885 3.83326 -143.869 16.7587 -160.332
0.440953 -16.0604 -0.712781 140.037 -43.4644 49.7591
-0.111106 -17.6006 -2.43895 79.7515 -74.1412 55.7098
-1.37105 23.7616 -0.260745 -51.0346 -8.47614 6.54497
0.70092 -13.1096 -5.80843 148.826 -46.2886 137.686
-0.0394667 -16.6107 -2.22179 72.4414 -70.0595 49.1067
-0.920374 17.3936 -1.26022 -17.1913 78.6142 10.5544
-1.8542 17.4979 -0.741948 -112.427 58.8933 -5.65786
0.344707 -17.2458 1.0321 105.185 -66.1163 -5.47767
-1.35686 14.6516 -5.78146 -64.7055 66.3322 -53.6558
0.673329 -17.5364 0.186141 130.822 -63.2505 -4.38417
0.884099 -28.7707 -0.394251 150.97 -307.566 -110.152
1.11578 -14.8492 1.08013 166.158 -18.2836 -30.7557
-0.979296 20.1134 -1.53851 -43.9463 90.3183 31.9276
-0.305999 -0.0937051 0 13.2539 -0.432683 0
0.291486 -19.8869 -2.20261 72.2343 -85.8512 38.8634
-1.42897 13.8863 5.10651 -109.032 32.9132 -195.473
1.29482 -32.5454 -5.88191 134.987 -182.593 -111.809
1.43178 -6.39404 4.16137 140.778 -157.263 -32.2291
0.0930958 18.7429 0.264148 2.89977 42.9367 -66.5032
0.678348 -17.1417 3.10985 58.3566 -75.7552 -131.934
1.19591 -14.9976 3.81501 98.3405 -47.7133 -147.423
0.800364 -28.9803 -2.00019 47.274 -295.347 -12.2291
1.78661 -14.4536 -2.17085 141.925 -21.5341 112.337
2.13461 -13.8977 2.25457 176.202 19.151 -116.193
0.022533 19.6053 -1.56137 -37.0508 88.8441 57.5383
-0.56271 15.6281 -1.86599 -96.2669 57.5121 78.1658
-1.52647 15.4633 0.581837 -193.598 -8.54606 -26.0417
0.62025 -17.5498 -0.195986 14.2385 -80.5328 -20.1516
-0.606215 17.5555 2.50522 -109.452 65.7641 -111.498
2.20913 -17.7819 0.81523 163.454 -28.968 -15.9452
2.11274 -16.3702 2.48194 149.053 -32.8255 -89.5245
-0.315145 14.9838 -1.85009 -93.614 52.5257 122.231
-0.846075 17.5372 -1.92768 -156.357 44.9346 67.2358
2.21259 -16.4521 2.44223 123.064 16.6899 74.8649
2.95978 -18.1444 -1.26324 192.004 22.1364 52.0468
0.00795626 16.7459 -2.38715 -103.575 63.9172 62.6062
0.911506 18.5226 0.687045 -16.4933 85.233 -7.15908
-0.106013 16.2503 1.38023 -119.931 54.2019 -62.5247
2.46845 -16.0391 -1.96695 128.175 -29.7783 103.933
1.56575 -19.4636 2.218 32.0537 -88.3414 -92.9227
-1.13924 18.2919 -4.26266 -237.941 117.958 -24.9754
0.991542 18.8388 1.26425 -34.6145 87.4459 -74.0373
1.59699 -18.3414 1.49976 25.002 -83.8031 -61.993
0.696064 19.089 1.75814 -65.2256 85.2523 -85.9625
3.10565 -16.1777 -0.325256 159.079 -22.9629 39.901
2.44063 -19.7426 0.598222 85.2603 -75.9153 -42.7879
2.7779 -15.7856 0.803973 114.45 -40.7289 -18.3023
0.504975 14.5941 -3.28542 -111.747 55.0043 106.791
-0.338231 15.0155 1.50241 -195.629 11.4981 -67.6656
1.25749 17.6125 -1.66901 -46.6769 81.6598 54.2694
3.48761 -17.5509 -0.991152 172.838 -16.6963 38.1544
-0.0127916 14.7106 -1.37962 -177.494 23.648 86.5357
3.47009 -16.4862 4.56545 162.299 -53.1753 -189.988
3.46601 -16.478 2.47387 148.478 -22.2997 -80.8986
3.12407 -25.3746 -5.86622 114.076 131.101 119.984
1.55209 20.0524 1.4635 -42.2694 95.0163 -38.8539
2.92952 -6.73577 0.910581 90.2353 159.976 47.2398
1.19224 17.3278 -0.793019 -83.3922 75.0846 25.4673
0.939809 16.6446 -0.44699 -111.13 63.0691 -8.89056
3.88148 -9.38171 6.97719 175.683 -24.439 -50.4578
3.69816 -14.8167 2.13531 146.258 -92.974 -97.7108
3.79053 -19.4148 -4.79568 144.893 -22.4536 -21.3797
1.3952 18.0855 -0.231672 -93.5673 78.2702 0.766114
3.80289 -16.6737 0.535777 140.409 -29.8979 3.6203
2.30017 17.5823 -1.77247 -13.4594 82.0568 101.067
3.66371 -18.5532 1.44893 119.46 -54.1817 -41.9724
3.09926 -18.7549 -1.61885 48.3277 -77.7186 53.984
2.93505 -16.5382 3.25552 29.9224 -48.6818 -154.777
2.18565 17.2276 -1.09397 -47.4758 85.7273 17.5571
0.764595 14.6327 0.00134949 -189.006 26.8319 -30.6267
1.30715 13.439 -3.87087 -139.002 47.769 135.108
3.68699 -16.2542 -1.74805 86.0813 -53.9305 94.0812
1.28816 14.6689 -2.20778 -158.803 38.3304 136.053
4.33173 -17.8798 0.66404 141.717 -37.3427 0.193688
2.25614 15.635 3.20728 -78.338 70.9685 -119.872
2.29258 16.8139 -2.88555 -78.4318 77.4185 145.499
2.02653 17.664 -0.697343 -112.817 76.9184 53.3991
4.2996 -19.3975 0.264242 106.362 -62.1545 10.42
2.44698 17.8637 -1.40424 -83.7104 86.3476 82.7237
2.49043 17.039 -1.46302 -86.7465 77.5031 84.1349
4.80184 -13.4791 -3.25041 139.31 5.72989 126.148
1.50727 7.13765 -1.59756 -198.241 -208.609 55.4932
2.61425 19.8578 0.00411251 -88.5916 88.8572 24.0017
2.38262 12.8436 1.90122 -112.666 173.317 -29.441
5.05757 -17.5933 -0.911588 143.05 -23.5034 14.4957
5.47554 -13.715 -0.204081 179.432 44.676 68.7052
3.5189 16.8971 0.475788 -25.644 86.0379 29.6498
3.3247 19.2949 2.02799 -48.8068 96.2746 -60.9986
5.28512 -11.8713 4.4183 142.743 24.0799 -137.964
2.39625 12.752 -4.38303 -157.129 41.5047 168.407
2.32319 16.5719 -2.01217 -170.18 56.5802 59.1993
3.03438 19.0655 0.393591 -107.693 90.6455 6.28802
3.94119 17.2167 -1.3728 -21.6634 94.4743 42.0609
5.21216 -15.7518 1.15413 104.336 -33.8083 -72.7682
5.99722 -13.6882 1.21767 182.096 60.7422 -83.5724
5.13959 -19.5676 1.59296 88.0123 -69.6711 -43.0634
5.52227 -13.8218 3.78237 123.601 -5.22166 -179.119
4.01108 16.7322 -1.0089 -30.6713 83.9893 26.7168
5.11886 -11.2066 -6.95685 73.36 -98.4311 110.183
5.13077 -15.3308 1.47284 74.4725 -47.6287 -68.169
5.96344 -18.4945 0.516507 157.165 114.774 -37.1756
3.65899 16.2351 -1.81539 -76.6638 97.7564 101.718
4.16201 20.0819 0.981142 -29.861 100.603 17.1323
5.90212 -14.7516 0.45836 132.253 -6.73694 -36.2029
4.31891 7.15077 -9.08183 -29.7249 157.554 84.0766
4.10724 15.8862 3.04498 -58.2038 84.1658 -84.4367
5.87956 -18.4386 9.168 103.904 -21.1804 -121.187
4.40788 17.5225 -1.13625 -42.6397 81.9793 31.2721
6.33304 -13.5058 -1.64065 146.315 -124.656 70.2721
2.62737 17.9343 -1.12497 -221.958 114.913 57.534
3.36585 1.22303 7.59269 -157.587 -103.603 12.1631
6.44386 -15.732 0.289155 140.412 -28.6463 -43.9625
5.82321 9.60205 -10.7157 68.9413 39.3448 -40.5813
4.58159 19.075 2.66589 -54.7846 100.666 -58.5159
3.94249 17.8055 -0.64192 -121.611 95.2519 -3.26162
6.98623 -12.1743 -2.29927 177.562 109.078 104.162
3.48344 14.7059 -0.548795 -176.981 149.025 -0.0416847
6.12871 -14.8484 -2.49297 83.6967 -37.955 115.079
3.77351 31.3556 -4.85023 -153.297 229.624 -125.539
7.18684 -13.7109 -0.761082 183.377 78.7367 31.1679
4.67824 -5.55474 1.85029 -65.933 180.923 -21.1271
5.63906 -5.87026 -9.90088 27.7904 -118.143 38.5824
7.08076 -14.25 -0.224166 169.584 43.6219 -23.5232
4.70292 2.76811 5.18074 -75.5095 8.98305 160.075
4.28296 12.1509 -3.35635 -124.872 67.3602 162.472
4.40768 14.9774 1.16253 -115.892 85.7309 -29.2014
3.82689 19.1403 1.37815 -178.903 -0.477874 24.1215
6.92131 -9.76735 -4.12582 121.051 56.4977 182.711
6.29437 -16.2664 -1.51786 51.9575 -62.0529 48.5178
4.13756 12.5719 -2.17895 -163.493 62.3619 109.832
5.12819 16.8475 -0.677128 -75.9482 96.5685 11.9773
4.26912 15.2891 1.33243 -165.718 78.965 -38.8342
5.9577 14.472 3.38499 0.0232007 129.076 -239.182
4.30459 15.8347 -1.6093 -166.747 74.7285 89.0717
5.93332 15.5446 0.908379 -16.1308 86.7657 -38.8567
5.84151 18.4147 -0.461357 -29.1551 98.8606 36.5286
6.91349 -16.9583 -0.669577 67.0198 -60.4593 3.71271
4.23773 11.7197 -3.23558 -204.893 47.3259 134.175
8.16566 -15.8012 2.74594 179.778 41.3043 -153.726
7.87904 -14.4779 -0.627298 150.183 34.8558 -5.44994
6.06265 12.0377 2.04505 -30.8843 -66.2899 158.828
7.63745 -10.4411 5.43895 121.632 45.7407 -185.861
5.76328 7.91358 11.0532 -76.6962 83.4535 -14.519
5.89992 15.0847 -0.418393 -69.1787 92.9488 31.8965
4.89455 13.972 1.76064 -172.894 84.2023 -100.976
4.76708 13.7603 -1.34636 -189.543 57.8609 74.9656
7.64272 -11.846 -8.47927 90.0976 -36.9024 -70.0491
6.2144 14.8776 1.71158 -57.6414 62.1691 78.2892
7.62867 -16.6219 -1.83448 80.0186 -53.4382 8.32139
8.25974 -13.2066 -0.15741 139.232 31.6091 -42.1361
8.56586 -13.7259 -1.19027 168.982 -64.0777 7.82588
7.95389 -17.3078 -1.58922 101.824 -23.0761 28.8956
6.90738 16.0661 -3.23947 -7.40911 140.602 68.8208
7.73166 -15.0877 0.488709 69.6604 -40.5324 -44.3543
6.31519 16.4224 -3.27871 -71.5355 81.9397 84.6807
6.55926 15.0056 -2.12719 -48.6094 93.1745 92.6135
8.49507 -12.9405 -1.43896 137.36 34.2796 60.4906
7.31733 15.9094 -2.44569 16.8314 80.7627 79.9145
8.1851 -12.3425 -5.20276 96.7061 -8.83655 193.865
6.58543 10.3625 1.65943 -68.1619 188.503 -97.3768
8.5479 -6.8229 -5.01743 126.645 -60.7038 -78.2359
6.22464 1.51016 -3.79805 -112.099 -16.0231 -151.236
5.63028 14.4332 -0.570144 -171.226 86.0193 45.1761
9.08698 -14.8551 -0.479109 159.852 -23.3037 -15.3496
8.87599 -8.8858 0.0828283 130.766 186.934 5.47728
7.26971 17.3362 -1.53309 -35.7218 106.179 96.9305
9.18301 -12.8953 -3.40634 152.45 59.8698 122.717
8.55567 -11.788 -5.55628 86.3942 -58.3919 -115.706
6.70697 13.9869 -0.416011 -114.789 97.8302 31.0059
6.36269 26.0953 -7.51065 -158.884 7.06155 51.2765
9.4043 2.83376 -4.71046 141.374 -4.7205 79.4537
8.10001 12.9594 2.28699 9.18275 102.735 -101.796
9.27242 -13.9363 -3.74042 112.386 -2.93306 115.998
7.34406 14.8917 1.26051 -90.3808 74.5637 -53.5665
6.98942 14.8943 0.277038 -131.857 106.133 16.8254
6.92803 12.5184 3.55702 -139.318 101.552 -142.185
7.68184 16.7247 -0.60428 -69.8111 105.733 25.1155
9.29624 -6.79393 -2.87252 85.5555 205.245 127.146
8.40498 12.9884 -2.20763 -12.5045 92.1326 106.937
9.76014 -18.577 -2.16789 121.017 67.9781 158.105
7.67736 18.261 4.08539 -92.2159 14.8854 -150.613
9.55812 -11.4171 -3.19235 93.2652 -56.7186 71.1996
8.18934 14.4225 -1.09535 -52.6696 104.933 50.1384
8.06198 14.7113 -1.42705 -66.8993 109.433 44.685
7.71732 11.8014 3.04824 -103.857 186.499 -108.898
9.00699 14.3266 -0.473398 -2.75154 90.9468 16.518
8.34019 23.8645 -9.72001 -71.5372 114.759 -55.0537
9.88764 -18.07 -0.897382 80.0933 -63.533 17.4414
10.5576 -13.6358 0.422852 146.122 43.7153 -45.5397
10.2226 -9.06369 3.09524 112.572 91.8073 -137.473
9.06185 14.5219 -2.49331 -3.51836 95.4325 120.516
8.97153 17.1963 -0.198228 -14.1488 104.804 29.8742
10.194 -14.8957 3.33413 103.125 -26.3947 -112.959
10.0378 -18.1441 0.395534 81.8189 92.2689 -7.36463
8.95731 13.4754 1.91298 -28.1818 74.4671 -87.4872
10.6649 -21.0335 1.09386 138.031 107.399 -14.1355
9.49438 7.46642 -5.1746 17.9787 66.5343 226.313
8.65733 1.79292 6.50513 -73.8246 200.166 -9.05246
9.00086 13.9302 1.93828 -42.5755 108.427 -31.7236
9.05634 20.3088 1.48611 -43.5646 72.1497 -8.35564
10.6483 -13.2522 0.100744 108.444 -0.999018 8.72202
8.73666 11.265 3.49468 -84.8996 113.663 -107.223
11.0187 -15.4933 -2.05153 134.615 5.73637 28.5888
10.6231 -14.4191 3.76774 90.3059 -77.4711 -51.3973
8.86125 36.2998 -4.88388 -87.8451 0.963848 117.692
9.35225 8.35379 -3.05661 -40.824 197.379 54.1589
11.1097 -12.5173 -0.114069 131.434 41.6729 22.7536
11.0046 -16.0683 -0.123283 115.404 -17.0546 -35.971
11.4209 -10.8714 0.513677 152.361 120.448 -26.2191
9.46503 16.049 8.56969 -44.2076 114.496 -28.1343
11.0049 -16.7227 1.95523 103.635 -40.918 -1.29835
9.48859 19.8472 7.22114 -54.6804 99.6132 8.48581
9.02148 14.714 0.582527 -103.174 123.29 -42.6775
11.1588 -9.00374 -2.91419 107.272 53.923 136.136
9.41489 16.1908 0.735546 -68.3904 118.592 -28.8308
10.9565 -12.3659 2.23759 81.986 -26.1583 -84.1332
10.3408 13.4045 1.38455 20.5615 80.9181 -22.9611
11.4928 -12.6512 -0.718496 129.674 44.2974 17.046
10.558 4.08408 -4.13129 33.4796 182.786 2.99472
11.637 -11.5737 2.6106 138.526 64.7868 -77.1676
9.30884 11.5159 2.48668 -97.2374 128.304 -61.6913
11.7812 -12.5168 7.77016 143.967 263.235 -290.849
11.5394 -15.5535 -3.07403 100.813 -35.0981 79.3814
9.43122 13.2629 0.685481 -117.812 127.733 -27.0969
9.37826 8.8531 3.13866 -128.134 127.269 -138.808
11.7955 -14.2198 2.50057 109.347 -10.1559 -94.0605
10.7016 12.8915 -0.989846 -1.14448 93.6735 21.791
10.752 12.8767 0.256684 -1.695 97.5016 25.5396
10.9381 10.0235 4.29278 12.1813 82.3746 -194.69
12.2477 -10.5188 -0.119163 139.932 92.5082 1.04799
9.53305 5.43992 -3.2534 -139.637 150.27 162.505
8.79456 3.25006 1.20214 -213.027 171.913 -46.6637
12.1787 -11.4369 -0.223062 108.378 16.6341 -53.187
11.139 12.0577 1.04464 2.97664 94.9117 -80.8621
12.5278 -12.0605 2.27601 139.391 69.2802 -88.0259
10.2951 28.3549 -7.75972 -82.4109 55.8284 68.3404
10.4046 14.8359 2.324 -72.5928 132.287 -43.8011
12.413 -9.63216 -2.00325 116.953 62.6734 82.7513
10.2412 5.12826 -3.86169 -100.236 145.904 178.99
12.6082 -11.2575 -2.07816 126.356 42.5594 73.8132
12.3969 -5.98728 2.9331 99.0976 100.778 -129.258
12.4864 -13.9595 0.666518 104.292 -18.2585 -86.0232
10.764 9.84973 -0.157248 -66.9949 189.505 -23.2832
11.0697 11.6357 0.766798 -38.9174 117.372 -53.2041
12.0719 -4.28329 -0.766284 60.0427 227.269 24.3479
11.9551 2.4323 5.3681 47.2582 41.6062 -236.042
12.5095 5.46561 3.22291 97.7331 165.65 -45.518
12.9796 -9.09451 0.500402 135.702 43.4285 10.8769
12.4343 -11.4364 -5.75859 79.2155 169.49 259.808
11.9651 5.42649 4.16659 29.0584 68.7047 -191.366
11.5969 9.88261 4.09725 -10.7828 98.8012 -160.68
11.2043 15.4381 -1.63138 -52.5707 126.103 66.2077
12.9656 -8.77588 0.726254 116.284 85.9464 -27.797
12.0797 11.2875 -0.892491 24.148 83.9632 47.1446
10.7043 11.0685 1.4124 -127.539 137.898 -64.6351
12.2314 11.2528 -3.62897 14.2269 90.8446 147.382
13.2214 -9.55791 -1.83559 110.393 44.0455 75.3148
12.0894 1.11526 -3.61948 -2.29692 176.794 160.091
12.7279 -1.23148 -4.40157 60.0392 13.3986 192.732
13.4791 -10.8009 -2.09079 132.054 80.1054 86.1673
11.5117 21.8363 3.88247 -64.0185 53.155 -19.9731
12.0001 13.6252 -1.00457 -19.1483 116.775 83.0609
13.3598 -8.51211 1.97854 115.887 101.85 -73.4774
13.1808 -10.6473 0.441327 97.5632 7.06239 18.2388
11.8628 12.8306 -1.77113 -33.4582 122.586 114.663
12.5027 13.1062 -2.09353 29.4158 82.9351 13.4305
13.3501 -9.95842 3.13204 108.416 40.6154 -124.136
13.6839 -11.4107 0.668275 139.348 69.4601 -9.00793
13.2157 -0.112407 5.70245 89.8691 73.3006 67.3826
12.0615 4.95943 2.83379 -31.1389 146.92 -151.73
13.6285 -8.3105 2.62812 116.477 104.764 -138.377
12.0338 -0.0510406 2.68948 -46.5714 207.154 -113.47
13.4711 -9.74084 -3.54029 94.55 6.27785 -24.6496
12.134 7.05612 2.94386 -43.085 132.698 -125.055
12.5833 -2.33746 0.335298 -2.8734 242.24 -17.9109
12.5069 10.1063 -0.873152 -14.3486 114.2 45.9969
13.6274 -6.23518 -1.29789 96.0125 91.4964 94.3241
11.4097 12.1018 -0.275094 -125.233 153.496 8.11823
13.6901 4.56051 0.96364 97.9662 -43.8421 65.3001
13.8867 -8.51364 -0.93045 115.118 93.4439 52.9092
13.6697 -11.3827 -3.23795 88.3397 -19.2487 72.9958
13.6732 -3.62147 -3.38707 82.2173 -28.4619 76.4961
13.9327 -13.9263 1.95892 106.58 -15.2818 -78.0862
13.806 -5.14853 -3.87061 84.0825 98.6255 171.459
14.1172 -8.93983 2.33519 111.099 49.9521 -116.971
13.7393 -9.458 -2.34159 70.8228 -32.7495 111.73
13.0116 7.78105 3.81101 -4.48212 121.873 -154.2
13.5028 -2.06861 -4.54904 41.6912 134.468 187.531
13.0253 10.5165 2.06465 -12.8142 121.534 -80.8776
14.281 -7.88608 1.25703 111.916 120.455 -82.788
13.5899 9.23969 3.13671 41.3254 71.3252 -131.497
12.7897 7.32177 3.0202 -39.1414 150.575 -128.197
13.5125 -2.16539 0.372661 31.756 193.725 -28.014
12.2702 10.8644 -2.12387 -94.0033 146.239 71.9284
14.1285 -9.52982 -0.407068 82.9226 65.3512 68.7717
13.7196 -3.09696 -1.22026 38.849 179.478 43.2499
12.6568 6.07455 -1.49272 -70.7237 170.675 67.0833
14.5091 -11.5046 -3.07721 111.601 8.53951 115.458
13.9213 12.4537 0.824439 52.4593 71.5791 -43.0339
13.1964 -0.148403 2.26953 -19.823 215.764 -96.5508
14.8837 -15.4854 0.494336 146.202 191.787 -2.80935
14.4003 -13.5471 0.0686563 90.3019 -35.1667 3.82544
14.1496 -3.63002 -1.06114 56.1999 205.222 51.0892
12.9561 6.15181 0.919639 -66.8334 182.64 -37.3187
14.7058 -6.35424 1.00975 99.9238 91.537 -46.3029
13.1332 10.2046 -1.25605 -62.3326 147.861 5.60421
14.645 -10.6182 -0.629779 87.5056 -17.8063 9.88956
14.5271 -3.9567 -1.50012 75.6789 125.324 67.3786
14.1963 14.871 -0.108783 40.8478 81.7402 10.6422
15.0443 -9.42861 -1.3229 122.309 71.0638 35.9191
12.4453 11.8794 0.622653 -136.999 106.34 -57.9146
13.6096 10.6982 0.142691 -23.8685 128.583 2.59014
14.2086 -1.80374 6.16693 33.6139 -28.0155 -1.54579
14.4522 0.700492 9.49224 56.4567 91.469 -43.491
14.6675 -16.8987 -5.47132 77.4256 43.6177 62.4721
14.0611 12.7827 0.767978 16.9884 101.527 -23.5564
15.0076 -10.6247 -0.790106 110.608 18.8212 54.9385
13.877 7.9116 -0.664036 -3.23156 122.596 23.1766
15.0059 -7.49708 2.17589 105.331 128.192 -52.3047
13.388 7.11676 1.89207 -55.4131 168.215 -79.285
13.5771 12.9542 -1.29259 -36.6797 139.921 15.5337
13.7151 5.47505 -0.397225 -26.5735 151.975 140.65
13.8776 9.19221 1.74593 -13.5053 135.659 -72.6339
14.9876 -5.73815 -1.77079 95.8966 112.677 80.8605
13.5805 12.1632 -1.7327 -44.6977 138.44 88.8963
15.3369 1.80826 -0.446655 125.373 -15.803 0.830337
13.8113 6.01739 -2.03328 -27.0626 159.901 54.3673
13.8983 7.2347 0.677868 -18.7281 140.574 -34.8099
14.9169 -9.19499 1.66587 80.4109 -23.3032 -52.3677
15.349 -10.747 1.82225 120.945 39.9239 -83.7491
13.3516 34.1789 -14.6195 -77.5122 130.126 -0.583683
15.3455 -9.97566 -0.0451936 120.158 65.7561 -15.2318
13.9923 6.19125 5.70542 -15.4385 144.445 -139.089
15.1542 -0.54814 -3.39715 99.5271 101.965 0.311549
14.5812 -0.447786 4.36737 39.4016 137.841 -156.579
14.731 12.9466 0.675099 50.5181 81.1126 -36.9357
15.4437 -17.2955 -0.188619 120.659 114.299 14.9654
15.2378 -5.84066 -1.78451 93.3968 148.73 69.0477
14.9991 -2.41407 -0.45718 68.9221 156.022 8.90142
14.5509 7.25712 0.497952 20.759 106.831 -15.0073
15.6513 -9.74426 1.48031 128.928 94.379 -41.2811
14.4465 12.9254 0.531518 8.37366 114.158 -34.4459
15.4622 -7.11611 0.888535 108.823 114.151 -41.1976
14.8357 -2.85884 0.236777 43.4106 172.953 -20.6619
15.5052 -7.30188 -1.8882 104.815 81.2503 51.6611
15.3425 -3.85592 0.421899 82.6447 127.755 -13.1506
15.1211 5.89804 -3.42762 58.6974 52.6672 153.005
14.2757 6.36244 0.487922 -27.8878 166.537 -35.6556
15.6915 -9.06778 0.0436686 110.168 112.173 5.3714
14.6217 4.65249 0.850878 1.63309 150.869 -49.4954
15.7631 -6.03183 -2.34247 111.733 22.0596 110.749
15.4599 -2.84512 3.99089 79.6923 83.8615 -167.722
15.6033 -1.46384 1.0226 93.6632 116.507 -43.2715
14.4944 11.896 -0.948524 -17.0623 133.911 30.0808
15.697 -8.46495 -0.949043 100.951 27.793 45.3219
14.6372 10.3044 -1.20284 -7.70623 122.646 55.2845
15.7424 -7.47467 -1.04757 101.186 41.0233 18.1816
15.1773 7.05252 -3.89425 43.8129 83.6793 154.714
14.5717 6.09945 -0.636062 -17.8487 145.367 -115.609
15.4679 2.33845 -2.13112 65.3126 91.7598 86.4959
15.3173 1.14908 2.30242 45.0071 134.475 -104.153
15.6656 -3.62841 2.51107 78.3387 19.1443 -104.536
15.6327 -2.5306 -2.18494 74.6963 60.4901 97.2008
15.1301 9.78094 0.370217 24.6045 105.533 -22.3877
14.5915 11.4899 1.06402 -29.4518 142.801 -56.942
15.2195 11.3744 -4.49319 32.5849 286.202 -16.7964
15.4589 -1.31047 2.91824 53.1303 108.516 -137.362
15.5602 8.03039 -1.49055 59.4249 59.1918 49.9603
15.2446 6.25005 -0.789103 26.7979 110.612 20.4999
15.8784 -5.02208 -0.15284 89.6002 75.7743 10.9617
14.391 8.03274 2.23223 -59.1279 164.635 -93.8163
16.1946 -7.53784 0.189776 114.314 69.5925 -38.8844
15.8188 -1.86202 -2.38944 76.0541 73.7049 77.69
16.2583 -6.205 2.08201 118.565 23.9577 21.8009
15.505 1.90822 1.79516 43.6405 103.352 -82.2242
15.1691 6.65356 2.31601 8.72566 139.115 -79.5829
15.9878 -4.65571 -1.17028 89.4716 93.4539 42.1309
16.0581 -9.22376 -0.721194 95.8661 2.38524 65.1658
15.9181 8.70671 -0.0817233 81.1 49.0795 -5.41553
15.7429 1.70904 4.31393 62.4521 57.3733 -150.701
16.2033 -8.21694 -0.472761 105.678 45.6702 34.6843
15.2425 2.81163 1.6362 6.11454 165.917 -66.6283
15.8086 -2.40155 0.40207 60.8812 157.415 -28.7256
16.1445 -5.66513 -1.15921 91.2358 135.992 41.5578
15.5499 24.088 -15.9311 30.9818 217.875 -46.5968
16.2352 2.00223 2.78583 95.0671 -21.9207 7.16374
15.9073 -14.6843 1.38953 60.9798 -36.2253 95.0272
15.6727 3.63438 -2.22808 37.1791 114.238 98.7779
16.2911 -6.42217 0.150545 97.9889 150.963 9.25574
16.0909 -3.00653 1.37631 77.6893 79.612 -56.9719
15.995 -5.91285 1.33078 66.2784 60.9961 -114.769
16.1726 -6.09125 -0.484586 82.3846 25.9137 -25.0577
16.0084 4.62037 3.46274 64.9374 57.8181 -135.366
15.2965 3.38346 -0.0314959 -7.96934 241.825 -70.9245
15.3069 21.5749 8.27003 -9.10318 24.1904 -109.155
16.4787 -10.9694 0.540759 107.016 -1.13865 -1.06837
16.1822 -1.93342 -2.61946 77.3153 32.8978 116.111
16.0461 -2.0991 0.477326 62.1937 145.145 -32.1612
16.0725 0.687877 -3.56112 64.3716 83.0872 165.23
15.5396 1.7353 -0.560941 8.71975 183.51 26.4597
16.5072 -2.58884 -1.55637 103.355 56.7792 22.7527
16.2466 -0.986984 -1.98822 77.1477 98.6684 74.2717
15.0227 9.15774 -0.768146 -44.8565 153.727 36.3523
15.5406 5.51446 -0.0280085 5.55153 137.798 -12.2981
15.5367 10.7686 -0.866127 0.683925 132.172 24.8171
16.6927 -9.9672 -3.39568 113.211 25.324 -13.0584
16.5136 -5.29189 2.53285 88.5755 20.0449 -65.0702
15.9336 12.7019 0.957318 30.4403 104.468 -37.8
15.3834 7.81109 2.62025 -24.9295 70.8862 -94.4834
15.9217 7.80138 -1.23731 24.5246 120.463 75.831
15.8906 11.4392 -0.701174 21.0456 120.614 15.9079
15.8804 2.56906 -0.230494 12.5319 154.443 12.2058
16.754 -8.96676 -1.82481 97.8523 1.06876 69.5638
16.3977 9.94559 0.365828 62.1959 65.0016 8.20883
16.7226 -7.43734 0.297978 89.6193 12.4856 74.5112
15.9955 3.58949 1.64164 11.1555 148.485 -66.6242
16.9491 -7.77887 0.579989 103.238 36.4769 25.2991
16.9369 -9.24205 -0.17978 101.811 7.40509 -1.82502
17.1069 -8.84429 1.35771 113.748 54.7063 -43.7693
16.156 1.63653 -1.46498 19.0701 111.499 78.0887
16.0822 3.8044 -2.00807 10.8004 140.645 91.4791
16.4537 9.04992 -0.25627 40.6118 95.342 18.6914
16.7736 2.86807 -0.271884 71.7836 84.6677 12.4859
16.488 9.33237 1.08782 41.7978 95.1227 -31.0693
16.3179 4.01318 0.206598 22.2061 140.935 -4.30831
16.4605 0.584877 -0.283908 36.0079 169.449 7.61672
17.1778 -13.5626 -0.259532 105.681 8.58847 28.1376
17.0935 -9.91995 -0.0538155 93.0726 -19.1092 7.55313
17.1938 -10.354 -0.611456 101.954 -10.087 21.2895
16.6911 -0.448209 -1.04043 51.3328 76.957 38.2539
16.613 4.4002 -0.424023 42.8726 98.6794 20.7851
17.2074 -5.53839 1.44781 101.356 122.732 -71.9761
17.1591 -5.56107 -2.90714 89.6252 17.4778 40.6781
17.2114 -5.10832 -2.09028 93.8891 68.1996 95.2256
17.064 -0.491012 -0.164381 72.9911 79.4239 -5.19919
17.1735 -3.62922 -1.83396 83.0008 6.41939 84.0536
17.0443 4.94898 1.32974 68.9876 60.2241 -42.0347
16.7068 7.07092 -0.431364 34.2614 114.348 3.59545
17.0604 10.3075 0.565311 65.5742 69.9181 0.567544
17.2837 -5.64469 -0.869873 85.4213 -7.97596 5.31758
17.1922 -0.333674 -0.994636 73.8628 73.1661 49.3538
17.0083 4.13363 2.39718 54.0777 78.2192 17.5643
17.4374 -4.55198 2.10438 92.5343 42.5641 -86.4128
17.3105 -1.41922 1.64849 77.2271 37.842 9.69815
17.0597 6.24536 2.05467 51.9017 196.269 -13.6483
17.1692 2.87742 -1.12202 62.5173 85.0285 43.5609
17.2547 -6.0943 -0.522138 70.7108 -7.18018 127.503
17.3049 6.51602 1.46213 65.0812 69.4983 -58.1446
17.8549 -0.28364 0.163001 115.258 180.968 -112.209
17.5364 4.88342 1.33348 79.5004 161.317 -103.07
17.7609 -6.14025 -0.353257 100.938 39.5157 63.6239
17.8712 0.368307 -3.03563 111.305 47.9874 25.3246
17.3698 4.74135 -1.69708 60.9873 86.6741 -49.5108
17.0612 4.79956 2.46755 30.2122 124.231 -101.982
17.6214 -2.18088 0.679528 84.7147 49.9076 -23.6184
17.2496 4.59678 0.700184 47.1582 102.253 -27.8072
17.4371 8.67023 1.96604 59.7808 76.7935 -101.382
18.0012 -6.00393 4.13987 106.017 16.0874 -7.03017
17.4625 3.60638 -0.382573 49.6909 106.165 21.1784
17.1267 7.78291 0.988494 14.759 148.496 -19.2549
17.7932 -1.75119 -1.42044 79.7888 101.946 85.1715
17.8153 4.22207 -0.372301 78.5886 38.2443 10.8125
17.8445 0.613878 -1.1056 79.6938 34.5691 54.4211
17.8713 -0.123869 1.25035 82.0036 66.6711 -67.1433
17.8753 5.01137 0.735397 76.7819 11.4517 -55.6379
17.3252 -1.34158 1.18426 19.6575 -23.4013 71.2747
17.4829 -3.20181 0.135989 32.087 198.436 -21.3756
17.8987 19.9499 -4.23128 69.5204 188.239 -104.707
18.1911 -0.0288284 0.544631 85.8626 63.8229 -36.8448
18.3472 -5.93036 -0.63156 99.9598 24.0708 77.0341
18.0473 -11.0896 1.84465 69.3547 110.321 25.0737
17.2714 9.33684 0.405113 -14.1428 103.073 -8.34189
18.0927 -7.08923 -2.256 64.0533 -40.0746 -44.0511
18.183 3.53455 0.99261 67.6536 58.0485 -43.3291
18.1391 1.43887 -2.91203 60.2637 144.162 107.362
18.1239 6.37615 -1.82143 56.2728 87.0692 84.2476
18.239 2.56494 -1.92979 67.1869 114.058 82.8845
18.5179 -2.47275 -0.712869 91.471 48.7234 33.9233
18.7452 -8.02558 -1.069 106.888 15.8648 14.3953
18.3114 0.827033 2.37396 61.4963 115.047 -61.317
18.7435 -5.02001 0.681221 100.685 51.0346 -24.4094
18.7633 -3.78547 -0.411135 93.1591 104.777 20.8962
18.6579 -0.304277 -0.470303 81.9519 77.027 27.1916
18.6062 5.56392 -0.645746 63.2762 88.7708 30.7274
18.7333 3.52919 -2.09333 69.4117 76.2099 85.1654
17.9904 5.43573 0.414259 -6.90508 44.0771 78.6959
19.0392 -2.89616 -1.66574 89.6664 -1.07366 62.1423
19.1605 6.25323 2.21735 84.0547 213.011 40.6511
19.1565 -0.641151 -1.62673 80.8432 92.9798 56.6462
19.1409 6.31549 0.590393 69.5233 66.9191 -23.6347
19.4078 -0.548096 -0.903549 87.7683 90.2247 25.0526
19.5793 1.20655 2.75768 92.6712 9.9445 -15.6283
19.8648 0.0190247 -1.90535 76.8387 61.4019 72.279
20.489 15.3628 -7.4573 51.0827 79.059 -28.738
22.0797 10.4488 5.03431 119.35 115.087 -22.1146
23.5141 -15.1909 7.63033 151.764 65.1401 -23.2561
23.3784 -5.89668 7.0413 116.1 84.5865 35.3961
27.089 -9.35923 -8.95179 158.284 -58.897 -22.0611
nan nan nan nan nan nan
18.0789 3.74683 0.320256 29.5612 146.018 -11.293
18.9469 3.92859 0.763904 76.4035 63.1344 -38.6931
