-24.9415 8.57014 8.58086 -216.768 79.0449 41.8061
-21.7548 6.76237 -6.54748 -166.857 -70.2087 -50.6775
-21.4891 15.7102 -7.7852 -202.331 -30.2141 5.84386
-20.4376 -9.01538 -5.21232 -167.153 -136.898 10.5327
-19.6334 -14.2648 7.03228 -96.2674 -112.375 45.0433
-18.7294 0.668881 2.68845 -120.269 -60.595 -67.0112
-17.8189 -4.8669 0.472792 -33.4856 -55.6422 -78.5349
-18.0975 -5.47868 -0.84691 -111.433 -80.1387 21.9853
-17.1908 -8.05334 -0.492929 -24.7374 -122.559 7.3191
-18.2706 -1.07849 -2.89454 -135.243 -12.5094 9.23537
-18.1563 1.55094 1.17161 -130.024 -87.7486 -22.6822
-17.4977 -2.05972 -0.442295 -69.6453 -152.39 10.4194
-17.9861 1.67356 2.2386 -122.632 -90.2572 -52.2189
-17.9541 -3.78119 -1.73141 -125.808 -224.07 -45.0551
-17.8291 -3.16719 -1.18666 -117.784 -71.0602 36.4468
-17.6401 -4.49279 0.980929 -104.075 -100.005 -28.8559
-17.6968 -2.62688 3.01814 -110.41 -83.0601 -79.2984
-17.7716 2.84406 2.33863 -131.07 7.54565 -57.5515
-17.3694 0.472823 -3.02781 -101.659 -115.307 55.1514
-16.8653 1.06094 -0.369661 -58.1905 26.0824 -72.941
-17.2429 -5.31284 2.73972 -96.0882 -100.146 -79.0022
-17.482 1.1627 0.768316 -122.608 -75.2797 -25.762
-17.2133 0.195509 4.07409 -100.058 -145.39 -99.3541
-16.7245 -6.01221 -1.19045 -52.9154 -163.873 16.7744
-16.8817 5.3798 -0.373493 -70.8014 -188.519 20.7752
-17.2342 -1.25211 2.83131 -107.109 -118.225 -77.4153
-17.4604 4.90649 0.639464 -133.896 -94.8487 -19.6862
-17.1738 -2.83555 -1.46412 -107.444 -65.1621 40.5063
-17.125 6.54234 1.73146 -103.691 55.3987 48.4947
-17.3565 5.52209 -0.945158 -141.273 -39.0846 22.5459
-17.0209 12.1717 -1.53833 -108.818 -83.9554 -28.8584
-17.2373 2.98419 1.08291 -131.682 -42.5108 -31.8573
-17.2888 8.09221 1.21542 -147.395 2.33049 -11.8017
-16.4868 -3.34188 -3.57551 -68.008 -133.262 95.0443
-16.8725 -17.5658 3.00012 -108.648 -230.319 112.735
-16.6644 -2.36753 0.614457 -88.1161 -112.774 -20.0285
-16.9778 0.743184 -0.949722 -125.419 -62.8752 35.1152
-16.4828 -3.38805 -1.00191 -85.1416 -111.134 25.8541
-16.7681 -4.81378 -1.34831 -115.757 -22.5178 53.2209
-16.9739 6.11788 1.48553 -139.671 -10.4549 -74.5537
-16.5263 -7.69025 -3.07422 -98.0093 -95.1506 95.576
-16.7051 -0.218243 1.69976 -118.559 -35.4658 -51.1918
-16.6887 -3.73536 0.48824 -117.404 -47.1718 -9.82905
-16.7056 0.868807 -1.98499 -120.897 -65.4711 63.4137
-16.6534 2.86866 2.35462 -118.538 -96.6128 -80.8115
-16.4465 -3.70508 1.11912 -99.0485 -96.0946 52.6269
-15.3172 -7.30944 1.16463 10.588 -172.112 -34.1288
-16.092 -5.69249 0.465661 -71.2074 -128.604 -2.57953
-15.4498 -6.90915 -3.64212 -9.87136 -87.4008 87.3072
-16.2424 -3.96093 -2.17909 -89.3941 -207.541 8.85743
-16.3366 -5.64755 -2.09306 -102.94 -83.1313 54.0652
-15.7388 -2.17668 3.00476 -46.672 -147.22 -85.7157
-15.8435 -2.37932 -0.251989 -58.4479 -147.973 3.78596
-16.1673 -3.20045 -2.16731 -91.4248 -86.3954 -22.6905
-16.2315 -1.88537 1.59434 -100.108 -90.2969 -40.4451
-16.4034 -3.00926 -2.46931 -117.679 -170.023 98.6571
-16.4288 2.70962 -0.934629 -123.011 -44.3324 21.7696
-15.6493 -1.87694 -2.36505 -46.828 -154.47 62.0254
-15.7189 -0.365208 2.31923 -54.9925 -113.621 -73.727
-16.224 5.92957 1.94283 -108.38 20.7309 -124.57
-14.8541 -6.07785 -3.252 26.0767 -180.348 87.5185
-16.5648 6.10102 -4.16132 -144.869 -2.41717 -2.33963
-15.903 -3.23421 0.65093 -79.4893 -107.17 -19.5478
-15.8295 1.32088 0.36528 -72.378 -168.415 -6.87544
-16.09 -9.38184 -0.551133 -102.879 -92.0375 -1.82588
-16.2061 1.82337 -1.51707 -114.931 -34.1397 -13.2563
-15.5203 -0.803902 0.363998 -47.9276 -158.06 -11.5206
-16.1271 1.14845 1.53359 -111.348 -71.4063 -46.4431
-15.7918 -8.13796 -1.42072 -78.1495 -114.709 28.2029
-15.8853 1.30385 1.45445 -88.0075 -74.8883 -35.3943
-15.7712 -7.85696 0.46205 -76.903 -114.293 -17.8588
-16.3847 6.49783 1.0609 -139.323 -25.216 -61.9523
-16.0358 -4.20605 -1.78209 -106.209 -70.4756 38.4748
-15.3141 -9.13942 1.13207 -35.4738 -154.463 -22.5338
-15.197 -21.0054 -9.37803 -25.3072 -72.1793 89.1218
-15.1741 -0.62844 -0.763227 -26.4022 -246.057 70.0138
-16.0104 1.37369 0.103881 -110.201 -77.2252 5.49544
-13.8074 -10.5241 -1.26262 107.229 -131.476 55.7186
-16.3774 0.174201 3.27723 -149.793 -48.1484 -18.1749
-15.435 -9.93014 0.869625 -56.3463 -144.566 -14.1173
-15.2634 -3.89495 -0.110106 -40.2828 -148.243 12.1907
-16.0879 5.47727 0.917389 -122.952 20.5086 -3.29565
-16.1599 4.96567 -3.043 -130.311 -31.7796 80.5038
-15.4267 -6.34436 2.06942 -59.8468 -136.27 -72.0105
-16.0063 3.65089 2.74991 -120.318 1.79818 -78.7829
-15.227 0.343847 0.849503 -43.4049 -184.858 -24.8372
-16.317 2.30638 -1.41738 -153.654 -177.829 110.291
-15.3722 -11.3562 -1.3674 -65.7073 -131.473 35.1328
-14.7194 -9.73173 -1.68699 -3.63776 -166.56 53.7709
-15.7376 -1.88019 0.407952 -108.36 -89.9202 -11.7041
-15.9179 5.67986 3.32247 -126.818 -4.78019 -33.6039
-15.9218 5.80141 3.1278 -131.14 -55.8143 -89.2262
-14.9631 -0.914608 -2.35973 -40.1701 -169.919 62.0416
-15.8146 9.56869 0.137659 -130.071 41.0636 -7.32809
-14.0349 -32.2487 14.4107 46.5347 -204.88 33.3206
-15.4743 -9.08003 -0.268835 -98.0631 -86.3784 -8.91463
-15.8342 6.83624 -2.23384 -138.495 -108.628 67.7374
-14.8614 -5.00354 -3.17522 -42.5807 -152.093 73.2944
-14.57 -4.38709 -0.667446 -15.036 -157.017 115.434
-15.8141 10.0978 0.841418 -139.054 33.1385 -19.6254
-14.3905 -4.40936 -0.880479 -4.47287 -178.483 34.0694
-14.9877 -21.3147 15.1889 -65.3818 -268.812 81.6348
-14.4849 -10.2317 1.27228 -15.6384 -158.703 -27.5401
-15.7566 13.4711 0.571055 -142.694 21.908 -27.167
-15.0395 -2.30474 3.30347 -71.7686 -120.798 -92.4207
-14.521 -8.78831 1.80533 -25.185 -144.028 -51.8254
-15.4875 7.47426 0.540599 -125.835 4.34536 -74.1477
-15.5624 9.19711 0.156854 -138.337 13.3978 2.20244
-15.5585 8.07975 -0.288639 -139.772 -18.549 -26.2481
-15.1276 3.69555 -0.830896 -97.2733 -138.436 30.6471
-15.1292 0.252138 5.36226 -99.4802 -83.4783 -154.967
-14.7336 -4.92482 1.00776 -60.5721 -123.081 -18.4488
-15.5963 9.33457 -1.8291 -150.491 -34.1399 40.1226
-15.4263 8.85466 2.57861 -134.024 19.0299 -64.514
-13.8233 -5.13444 -2.75381 24.6599 -181.828 73.9501
-14.6452 -8.46374 -0.615815 -58.1525 -125.98 21.2487
-14.4011 -2.89853 -1.39341 -34.3603 -159.202 46.9048
-15.0597 -3.90893 -4.9308 -99.8947 -67.3669 125.737
-15.2931 5.44315 -3.22653 -124.337 -7.91473 58.4968
-15.0043 14.0754 -0.306094 -95.7654 68.614 -96.8246
-13.8932 -10.4446 2.70428 13.6616 -163.768 -83.7854
-15.1578 2.07832 2.79248 -112.469 -95.0926 -68.7908
-14.8017 -0.724374 -2.69115 -77.7648 -106.196 77.0657
-15.0314 6.51414 -2.59768 -101.187 -46.9085 110.201
-14.644 -8.01184 4.24292 -66.2228 -307.719 26.6278
-13.6495 -8.4075 1.30143 32.0543 -168.672 -2.71336
-15.0925 2.27509 3.88356 -112.491 -28.1121 -108.638
-14.908 4.13122 -0.718206 -95.4469 -149.858 27.4276
-13.5253 -4.02129 -1.32485 36.8896 -193.892 34.7425
-13.9233 -4.14339 2.61401 -4.2466 -171.166 -49.0609
-14.9982 3.85651 -1.9953 -112.655 -71.7764 53.101
-13.8 -11.208 1.44867 5.76209 -167 -12.4236
-14.8257 -1.04287 -5.94195 -96.8491 -60.4074 138.953
-15.0262 6.29718 0.197258 -117.468 -11.9119 25.7964
-13.1532 -9.07633 2.90002 65.2197 -168.55 -66.1762
-13.9716 -4.48794 -7.18414 -16.1152 -156.313 124.386
-14.6013 0.372803 -3.43698 -78.6923 -135.188 97.5549
-13.9158 -5.56031 -1.05833 -12.6607 -154.833 32.8099
-13.823 -3.69732 1.96688 -4.51353 -162.135 -137.814
-14.65 2.50761 -4.41618 -87.0201 -104.08 128.925
-14.1529 -11.4681 -0.909925 -40.6153 -141.529 32.7788
-14.6794 -7.25639 2.02943 -93.4544 -76.3593 -45.9305
-15.1213 3.18889 1.78964 -138.898 -50.195 -18.9519
-14.4766 -6.01781 5.57302 -77.201 -98.3178 -143.851
-15.1939 10.1129 3.20246 -149.034 -2.64901 20.4834
-13.2737 -4.0791 2.22333 41.3964 -181.919 -62.8117
-13.8369 -7.54577 -2.5352 -17.7648 -154.371 67.7183
-12.6543 -10.2153 0.362204 97.9448 -178.478 -7.38974
-14.7482 2.66168 3.22643 -110.433 -68.5146 -71.2632
-14.9459 -2.22002 -2.66706 -130.115 17.1327 -13.3043
-14.8993 7.10973 1.60858 -126.134 -121.422 -38.3864
-14.9683 8.02394 -0.044807 -133.122 -134.489 -9.46487
-14.7896 -8.0366 0.0199438 -115.631 -67.9018 5.52365
-13.6886 -9.1102 -0.11171 -6.94461 -150.766 -2.8739
-15.0522 10.8049 -0.545242 -142.445 25.6922 -0.157612
-14.1171 -5.96031 -0.659129 -53.0629 -121.607 13.6843
-14.5225 -1.27847 3.07031 -99.0542 -95.7279 -80.5258
-14.7646 5.63789 1.62592 -124.043 -81.733 -38.9268
-14.5799 3.17302 3.24327 -108.677 -53.985 -90.962
-14.7623 9.12285 1.44101 -130.507 18.3072 -62.6488
-14.5715 3.79261 -3.64702 -112.343 -10.7525 97.4652
-13.7212 -6.42917 0.914404 -27.895 -138.62 -21.3686
-14.6553 5.80119 0.273485 -123.925 -63.4774 -10.4677
-14.7956 8.61471 0.854651 -140.508 -26.6339 -33.1455
-14.1442 4.75619 -0.464895 -76.039 -164.156 19.8457
-14.2545 -5.22661 5.0937 -91.7536 -65.1489 -143.211
-13.9382 1.98528 -6.06047 -71.5154 -134.931 144.63
-14.3535 3.74492 -5.81399 -113.217 -76.3286 156.462
-13.6763 -11.4688 -1.02116 -48.2476 -128.753 21.5104
-14.6904 8.21291 -0.622618 -149.005 -51.7462 37.9213
-14.7056 6.38745 -1.80906 -153.34 -9.72823 -26.1626
-13.0511 -5.53417 -4.4141 9.95336 -164.891 119.659
-13.2358 2.5627 -3.31941 -10.0086 -212.446 90.1316
-13.9614 -11.859 -1.0794 -82.8137 -108.988 34.9125
-14.3385 2.74836 -1.49305 -127.316 -111.617 40.3824
-14.2046 5.2333 -0.563336 -115.865 -117.351 12.0237
-14.3914 7.83067 1.23669 -135.045 -23.7139 -15.5837
-11.9845 -9.37104 -2.11671 101.798 -160.781 60.5773
-14.0197 4.12796 0.550541 -101.564 -148.456 -7.75426
-14.3493 8.65908 1.44347 -134.713 -8.44863 -42.5691
-13.6355 1.46504 -6.09892 -64.9733 31.6679 -12.2884
-11.0586 -1.27983 -1.70809 190.381 -176.814 43.3255
-14.2937 6.19542 3.55034 -145.494 -8.24425 -103.97
-12.9885 -9.00997 -2.94183 -16.5372 -143.407 75.1341
-13.5424 -13.7499 0.22646 -72.0795 -113.917 -10.2513
-14.2406 10.1985 0.0170901 -143.789 -90.3111 -5.39489
-13.62 0.333565 -9.84796 -88.0457 -91.7724 21.6285
-14.1168 8.11078 2.44063 -138.094 -63.7713 -46.7171
-13.981 7.42549 2.53308 -126.234 -133.59 -64.0954
-13.81 8.80679 -2.22929 -112.709 43.5758 47.9119
-12.8817 -6.30852 -5.48518 -24.7233 -137.615 143.531
-12.4486 -5.4724 -4.30363 15.3111 -146.666 116.731
-14.0295 8.29603 -1.33761 -141.95 -96.6329 38.6374
-12.3889 2.37026 -3.92302 18.9736 -204.173 105.876
-13.8299 1.68247 3.35363 -132.093 -99.3266 7.30172
-13.5975 17.1533 6.09525 -109.207 -5.16441 -49.353
-13.3244 5.87809 1.61861 -87.1147 -194.252 -48.0055
-12.0693 -20.9389 -4.05243 37.3488 -101.329 11.0008
-13.7063 6.92063 2.65185 -128.139 -98.266 -75.7754
-13.0947 5.06409 1.68773 -69.0407 -170.058 -39.9184
-13.4785 5.30546 2.23394 -107.17 -114.728 -63.0864
-13.9909 10.6664 -1.92213 -162.2 -71.2479 37.3943
-12.4945 -8.68751 1.37619 -13.863 -135.256 -43.4048
-12.9699 4.30496 -0.681234 -61.582 -186.194 26.7917
-13.8787 18.3362 0.353607 -153.581 -73.9787 -14.3359
-13.1412 -11.4797 -1.29497 -82.9145 -98.4826 40.5919
-12.2433 -3.24545 -4.49381 3.69255 -155.995 143.283
-13.4624 10.2718 0.731819 -119.097 41.3426 -8.34214
-13.7875 10.574 -0.126013 -152.866 -42.5028 15.1222
-13.7822 11.0454 -2.73494 -153.65 -15.3004 78.5088
-13.6187 8.82897 -2.73155 -137.484 -109.626 46.7074
-12.939 -8.31307 -4.56595 -71.1923 -91.0334 122.652
-12.4413 5.01797 -0.531244 -25.3505 -233.652 16.9121
-12.0734 -11.2802 3.03074 6.42486 -149.628 -109.11
-10.9649 -3.68178 5.02829 116.353 -160.375 -152.97
-12.8491 3.54589 6.58626 -71.358 -127.974 -174.747
-13.7207 -1.96021 0.449774 -157.99 11.5342 0.181575
-13.5612 10.6884 1.39443 -142.692 5.23643 -52.4086
-13.3833 7.29145 -1.51433 -131.479 -76.0382 43.4006
-11.2221 -3.42332 5.81277 75.9108 -155.371 -167.864
-13.1897 12.9658 -0.0248651 -121.306 65.023 -3.92629
-12.0485 -12.1289 1.92087 -7.9946 -145.678 -79.6616
-13.4664 10.094 1.70686 -154.313 -48.9623 -32.4591
-11.638 -13.8123 2.35028 26.7478 -158.936 -61.6377
-13.0043 10.1298 1.17161 -113.42 -43.102 -66.9084
-11.3654 -7.59117 -0.105677 41.9585 -208.945 23.3132
-10.6835 -7.30531 -4.64975 105.356 -145.338 129.858
-12.756 8.96037 3.56045 -100.616 53.4804 -104.939
-11.9478 0.880095 5.36226 -24.8128 -176.845 -149.769
-11.0755 -27.3373 8.4177 58.2117 -118.565 -50.0145
-13.0585 11.4411 4.32764 -142.555 17.3469 -106.968
-10.6201 -11.6489 -0.979456 95.0583 -155.672 25.1867
-11.0736 -13.1492 -2.78238 48.2841 -163.686 37.9897
-12.6734 6.1818 5.73724 -113.842 -85.7292 -160.418
-11.3524 -10.1602 -1.35202 13.5848 -141.81 50.7505
-11.9028 -10.0797 5.2293 -41.4261 -114.792 -137.215
-12.5633 3.25262 4.19689 -111.705 36.1795 -67.8513
-12.0003 -11.9961 2.21498 -57.0126 -111.143 -8.5556
-11.5572 -8.63939 -5.84001 -15.3413 -119.569 149.279
-12.8301 9.12595 -2.16678 -142.354 -101.125 78.827
-12.4913 11.0097 4.01063 -117.735 44.4775 -64.7334
-12.6777 9.37555 -3.61285 -141.181 -29.2375 110.122
-13.0405 17.419 -0.518959 -177.516 -154.449 1.66326
-12.5463 13.5624 -2.8063 -136.312 46.2625 72.6182
-11.6421 -10.191 1.40812 -50.8701 -108.083 -44.4933
-12.4036 -4.9884 -0.219008 -127.274 33.0208 -66.5549
-12.3636 7.17358 2.33628 -125.207 -76.2648 -90.1119
-10.269 -9.91967 -3.14315 75.042 -152.322 55.268
-11.8794 1.3645 6.49907 -87.7165 -10.455 -180.206
-12.2259 9.67637 3.21526 -123.415 15.6266 32.2381
-12.4054 9.44233 1.51011 -144.629 -73.0821 -50.0931
-11.4741 -4.58198 -6.25205 -55.4558 -79.9083 179.386
-10.0521 -13.1297 -1.05241 81.5405 -154.541 40.7823
-12.0264 0.931748 -4.86892 -118.226 -72.0347 -79.2227
-12.1355 9.36877 -4.14144 -145.391 -84.7009 130.576
-10.9516 -10.828 -1.93577 -27.8847 -120.605 77.4035
-11.9058 10.5791 -0.230963 -125.736 16.8833 -18.9749
-11.9513 10.2755 -4.4789 -136.818 -17.7485 115.403
-11.2604 -1.93269 -7.93727 -73.3815 -46.4784 220.753
-10.0505 -14.6387 -1.04825 46.3566 -153.216 26.7844
-11.8772 9.53496 -2.77404 -144.207 -81.3752 68.0292
-11.8022 9.91893 2.65364 -138.48 -22.0282 -70.1613
-10.6222 -11.6066 0.0328862 -22.4109 -124.994 -25.7611
-9.72242 -35.7867 6.13434 66.7821 -82.2551 -105.124
-11.2324 6.76922 1.02835 -86.2505 -214.531 -22.2946
-10.5663 -11.6641 1.22019 -22.8408 -121.252 -19.2724
-11.3751 13.1763 8.58851 -105.97 -141.529 -243.315
-9.96967 -18.457 -7.02619 32.6712 -142.689 -24.5424
-10.6503 -8.96226 -6.41373 -36.512 -103.685 182.381
-11.934 12.0307 -0.759909 -168.069 -42.9412 7.38649
-9.56657 -9.83622 -4.64713 64.1565 -137.321 97.9124
-11.8138 11.5485 3.02686 -160.418 -54.8052 -80.2921
-9.82915 -14.5447 -8.7662 22.3961 -148.858 8.55053
-11.484 9.61698 -1.02751 -143.716 -65.1009 25.7857
-11.2419 -3.53487 -3.68808 -124.4 -175.599 37.6695
-9.36431 0.473557 -6.5165 53.4124 -201.412 -5.64304
-9.68004 -6.02774 3.62084 19.3119 -213.359 -46.5633
-11.1155 7.03306 -4.34008 -125.493 -85.9735 120.9
-11.1456 13.5619 -1.62067 -130.816 49.2724 83.34
-9.41891 -19.2197 -1.55912 22.6773 -116.639 4.91143
-11.2803 9.45503 -0.371668 -162.896 -22.4576 -11.8472
-8.77364 -9.54949 -4.22562 85.1342 -210.351 100.564
-8.3924 -11.2079 -5.10014 121.873 -128.186 132.251
-9.35313 -12.5231 -2.26674 21.8262 -138.128 26.9433
-9.02594 -22.2491 8.96897 51.8669 -166.623 76.0629
-9.96741 -12.3128 -1.62253 -43.4383 -109.822 19.5423
-8.36938 -13.4996 -0.084776 114.377 -138.025 -17.2131
-10.9315 10.2008 2.90226 -143.138 -40.232 -77.1194
-8.054 -25.6551 7.98098 142.434 -65.4123 -33.7446
-11.0187 11.5784 2.87604 -152.848 -16.7558 -68.1373
-10.0369 -1.98055 4.10766 -56.6642 -189.404 6.3
-10.7965 11.4649 -0.375669 -134.156 9.21256 52.9507
-8.60386 -17.8416 -5.71558 73.7441 -55.5806 139.378
-9.14898 -12.455 -2.86628 7.72926 -103.619 81.992
-8.69964 -13.2822 1.90774 47.9164 -140.87 -40.8704
-10.7934 12.6695 -3.23033 -165.522 -41.3084 81.7101
-10.4077 13.9093 -3.51935 -134.254 41.865 87.1582
-7.46994 -13.2702 1.06818 156.246 -117.157 -43.2741
-8.66588 -13.0478 1.64169 33.5982 -135.785 -46.9913
-10.2507 14.9452 3.9205 -125.264 69.4493 -71.3978
-8.25462 -13.8506 -1.84296 72.681 -106.887 50.002
-9.00585 -15.7847 0.530048 -6.14152 -141.87 -29.0169
-7.8997 -12.6978 0.757491 98.1788 -127.805 -29.6451
-8.35737 -15.3091 0.877189 51.6394 -141.73 -23.4145
-10.5111 11.4092 0.129251 -165.428 -67.6682 -0.766586
-9.88676 11.9018 -3.14884 -105.392 53.4936 77.9573
-8.97587 -13.2522 3.80848 -16.8271 -126.638 -113.264
-9.16167 -6.61799 7.63749 -38.9955 -82.3371 -211.592
-8.91318 -13.1098 0.651834 -17.4605 -121.777 -15.2292
-6.82383 -12.9219 2.16728 176.243 -87.8808 -70.9127
-9.80308 9.48305 4.39846 -130.782 -33.0103 -127.725
-9.69205 16.0331 -1.94272 -126.85 77.8076 -3.09896
-6.4737 -11.0275 4.69344 192.567 -72.921 -125.071
-6.76308 -12.8357 -2.86711 159.539 -114.332 95.6349
-7.39391 -1.66871 2.0518 96.6057 12.4189 157.65
-8.42872 -11.7768 3.37468 -6.49406 -119.949 -100.513
-9.88157 12.9722 0.899453 -153.622 -15.3482 -15.2009
-9.46482 13.352 -4.29121 -112.85 108.695 42.2471
-10.0059 15.2916 -10.9199 -168.363 -231.557 269.421
-9.9246 12.1391 -3.43868 -162.674 -37.9675 70.2526
-9.5599 15.6549 -0.281264 -138.456 52.8085 35.7494
-9.28646 13.0576 -0.00167179 -130.793 30.6675 -8.82699
-8.98258 18.9264 -0.472538 -103.17 -50.3529 6.37681
-9.48404 12.8108 0.367309 -154.5 -13.0598 -22.1832
-8.85386 17.1085 1.08029 -101.132 103.127 -15.1901
-9.55655 12.0699 -0.800198 -175.833 -94.432 24.7058
-7.25766 -8.10808 -2.72699 52.4687 -209.105 92.3127
-9.35867 15.3432 2.34331 -157.432 29.0451 -23.5982
-7.56917 -15.9072 2.5974 18.9447 -143.539 -92.1555
-6.11244 -14.7787 2.58455 154.799 -109.161 -84.2347
-8.89803 14.394 -4.55303 -124.531 59.3931 103.928
-6.06594 -14.1932 -1.7489 153.863 -112.117 35.3125
-7.8851 -11.6295 -3.39536 -27.1982 -130.34 95.2646
-7.02894 -15.2775 4.18169 56.4009 -117.589 -76.1653
-8.82043 9.96643 -4.59198 -133.911 -70.2361 128.638
-5.77747 -18.8808 -1.08895 167.856 -42.3992 -26.8746
-5.91127 -11.6995 3.37881 151.964 -89.6577 -103.431
-8.97155 21.9452 -1.23703 -160.008 -58.8024 11.4899
-7.01288 -13.7545 3.13494 33.2453 -125.495 -86.5676
-8.38139 10.624 3.94555 -113.383 81.506 -63.0642
-5.07673 -16.3993 1.75373 213.002 -153.492 -54.2182
-6.77394 -13.9755 -0.811138 42.9248 -94.6318 -81.0396
-6.54246 -6.86949 -11.0629 62.7264 -100.024 -10.4391
-8.20948 8.99847 4.25669 -105.193 -187.188 -118.953
-6.59302 -13.835 0.769814 55.0068 -125.45 -30.5181
-5.41725 -12.8335 0.540735 166.73 -179.901 1.2703
-8.77512 13.9367 -0.927003 -167.748 -12.5689 43.9625
-5.43809 -28.3502 3.3772 142.724 -296.677 134.665
-8.26982 19.0812 3.90852 -141.204 -25.4287 -151.062
-6.89479 -14.2691 3.96537 -8.16463 -174.642 -60.6128
-5.62214 -11.2284 5.12945 113.551 -93.6439 -152.707
-5.64457 -13.8101 -1.47347 104.416 -118.091 26.1936
-7.02759 -14.7848 3.30682 -32.9879 -115.279 -73.3309
-5.08411 -2.36637 -7.35142 147.868 99.4306 -29.001
-7.88551 13.7106 4.98773 -131.599 34.107 -106.016
-5.90778 -15.533 0.801893 63.4112 -132.968 -10.2949
-6.32464 -12.6135 -0.238034 16.8778 38.4106 -161.211
-7.46976 10.971 4.18361 -104.362 83.9869 126.55
-5.24986 -16.4924 0.596511 111.098 -133.815 4.65427
-6.0872 -17.0527 0.864059 15.6678 -138.738 -34.9898
-5.48349 -2.62921 -3.31637 63.9311 -15.0588 -169.464
-7.69092 -2.84741 5.53509 -160.482 -1.69189 -67.8038
-6.03188 -14.3578 -1.33097 2.61814 -120.382 36.2845
-6.84456 14.425 -0.978672 -86.014 73.765 42.6459
-5.3519 7.50405 -2.06129 54.5424 -165.978 16.6905
-6.98883 12.0728 7.30187 -113.701 36.3591 -179.529
-4.1969 -15.7089 2.64731 162.622 -92.9151 -53.8733
-7.28872 10.8563 -0.020342 -148.837 -164.445 -5.58701
-5.87501 -12.8263 -6.01677 -13.367 -159.705 228.291
-6.62698 15.7934 1.90229 -95.9982 89.9286 -4.09737
-3.70652 -9.3751 2.19692 192.122 189.735 -51.1472
-4.12278 -12.1107 6.20838 149.588 -69.4924 -156.259
-7.34866 13.3874 4.73352 -170.909 -30.1584 -113.389
-5.13174 -17.6837 -3.28432 43.7647 -141.997 51.7351
-7.01132 6.04867 4.07185 -144.039 75.1459 88.3914
-6.7035 16.8099 1.89083 -118.23 61.5231 -24.9362
-6.52797 11.2688 7.57746 -105.969 62.9245 88.0718
-7.17105 14.3886 0.300579 -177.994 56.2538 16.2104
-6.83923 13.1453 2.09649 -154.487 -4.82114 -56.4306
-6.06728 16.0466 0.701891 -81.5774 97.6061 -2.16161
-4.19846 -17.7865 -0.317725 99.4068 -132.094 -7.08259
-4.70224 -14.7238 -3.94846 48.1991 -118.583 76.4483
-4.82441 -16.362 1.47074 32.177 -120.092 -28.2944
-4.46693 -14.9157 2.92942 67.4076 -132.767 -96.2449
-6.58619 13.3778 -0.316652 -155.806 -1.59148 41.9057
-5.62541 15.3464 2.04021 -65.3368 97.6279 -44.4467
-5.24981 4.46595 10.196 -40.0363 129.657 -15.8725
-6.16961 10.8088 -7.44515 -137.056 -21.7219 171.107
-4.59205 -5.28738 9.89775 19.6401 -171.39 -62.5717
-2.8707 -14.1297 -0.344321 184.678 -59.235 30.1999
-6.55489 12.8183 1.26144 -185.83 93.9344 -5.05161
-3.61141 -10.7249 -2.20462 105.771 -199.686 24.7753
-4.43884 -18.6774 -0.775701 20.1257 -144.19 -19.0929
-3.04878 -14.0367 3.7009 153.721 -70.6557 -129.226
-4.29907 -15.5601 1.29415 21.2629 -120.304 -24.0874
-6.08812 14.668 0.557584 -165.752 -1.94569 6.77956
-3.57022 -18.5879 0.264741 81.5104 -132.105 -23.6788
-3.26193 -16.5582 1.28571 106.717 -115.418 -51.0984
-4.12927 -15.9205 1.82484 12.5361 -131.729 -38.4041
-3.82529 -17.9497 -2.68306 40.6848 -138.159 55.6123
-3.42745 -15.9353 2.38501 79.9682 -114.595 -79.6939
-2.84575 -12.7181 5.3304 134.151 -77.2089 -124.569
-4.97056 -9.02857 10.113 -81.0303 -60.3072 64.021
-5.10658 14.2179 3.74726 -96.2657 70.6875 -107.903
-3.3506 -16.6495 2.31124 77.0714 -125.164 -78.4338
-5.46989 10.2649 6.11493 -134.879 -33.839 -170.942
-6.03934 16.0451 -4.42953 -195.58 -5.34121 145.449
-3.7574 -15.6998 -0.137155 17.4075 -122.694 -30.3052
-1.54123 -16.7178 3.92398 237.2 -157.296 34.1774
-3.13922 -15.7142 4.47507 72.2116 -114.007 -137.023
-3.10223 -14.6239 -4.50536 72.2008 -105.006 111.03
-1.85731 -14.679 -2.23942 193.68 -44.9708 63.3643
-1.97515 -14.2422 2.32965 175.067 -56.2697 -82.2482
-4.63458 17.9463 -10.3983 -115.636 62.1863 98.9758
-4.22647 9.94924 8.09454 -83.8103 122.17 -93.0769
-4.22575 14.5853 -2.21589 -84.934 81.3078 63.9269
-2.42376 -16.9587 0.237047 89.1477 -117.695 -0.236612
-2.17135 -15.708 0.34124 107.487 -99.4772 9.76872
-4.78222 15.1935 -0.777492 -152.902 63.4866 42.7066
-5.08361 14.5414 -0.0423733 -183.097 -11.101 23.6998
-2.68709 -16.0292 1.27546 41.9235 -123.128 -14.8639
-4.08282 18.5166 -2.05319 -98.3062 112.535 38.8996
-5.03375 14.403 1.0996 -196.937 -46.9375 -29.032
-4.60683 11.9229 2.40493 -158.475 153.181 -65.625
-4.90104 13.2274 3.43396 -190.753 -80.3009 -97.5705
-2.10966 -16.2472 1.06726 79.5679 -112.857 -23.3387
-4.33935 14.472 -0.857456 -143.642 39.6844 34.6753
-1.74945 -13.7762 4.43591 109.07 -86.9312 -97.9546
-3.97159 15.1552 -1.95309 -114.566 68.6216 69.1764
-4.06165 13.5721 -5.736 -134.259 36.1076 168.169
-0.662766 -15.345 -0.865428 194.339 -26.207 24.3782
-2.41908 -16.4201 2.8798 8.12123 -120.303 -95.6988
-0.916683 -16.7914 2.65398 156.089 -83.593 -61.9879
-1.23857 -15.4185 -2.06134 118.51 -89.8495 58.5681
-4.12083 19.5239 -0.925692 -168.347 -71.7619 35.5043
-2.00399 -18.7108 -1.87838 38.2082 -138.615 35.0384
-1.76283 -16.4543 2.25368 43.2145 -119.978 -49.7803
-2.55934 15.7642 -4.94383 -36.0824 85.0507 145.344
-1.16779 -15.7983 3.05525 102.125 -100.54 -56.3933
-3.6134 11.9767 -5.90223 -152.606 2.84277 126.159
-1.4169 -17.8701 -2.69652 62.7641 -126.828 80.8352
-2.51516 17.625 2.20102 -54.6008 118.651 -49.6112
-3.87494 14.1791 -2.13675 -193.009 -29.2428 79.6887
-3.04896 18.433 -0.143892 -114.52 104.741 -10.8677
-3.38557 17.0867 1.06131 -152.398 62.5839 -12.2533
-2.67195 15.4253 2.77749 -93.1484 89.5906 -88.8641
-0.627925 -16.5761 -3.71923 109.295 -104.175 104.344
-1.36547 -17.5988 -2.07591 31.9147 -128.431 70.1812
-3.17526 13.3568 4.61817 -148.138 24.5401 -117.122
-0.737602 -14.1882 3.19337 93.0246 -85.3597 -116.396
-0.523172 -14.7678 2.71555 96.1952 -91.7202 -72.9048
-3.39031 14.0255 0.97069 -189.214 -13.3389 -67.2974
-1.0836 -17.3118 -0.757714 14.2235 -125.541 5.52117
-2.6847 17.2142 -0.652683 -149.458 76.8734 -1.67833
0.82328 -16.4609 -1.64461 193.415 -37.3173 19.045
-1.29489 17.1491 -2.17328 -28.233 123.725 57.7761
-2.27518 17.6897 -1.89893 -126.013 94.9875 38.1463
0.188145 -13.3256 -7.22496 110.724 -63.5605 181.331
-1.87844 8.43415 -0.368941 -95.5483 -142.676 -48.6257
-1.18512 18.2049 -3.22795 -35.1172 130.714 86.6691
-0.437155 -18.3391 2.18414 36.4877 -131.527 -53.245
-2.17783 16.1082 -0.48782 -146.984 66.8302 -4.77024
0.855616 -13.9031 -5.57579 147.481 -48.5303 149.528
-1.8033 26.4918 7.12876 -119.495 -72.4532 -105.184
-2.11542 18.8947 4.48989 -151.378 65.6283 31.8253
0.569471 -16.5962 0.668319 115.024 -97.2703 7.24139
-1.45203 18.6192 -1.06913 -89.5471 119.085 40.856
-2.00904 13.5705 -3.20003 -152.518 124.874 91.5761
1.5444 -14.0077 -1.93749 189.58 1.5461 56.533
-0.45221 16.4051 -0.0324041 -15.4308 118.727 20.3117
-1.45774 15.1111 -0.997817 -119.088 75.5221 16.2483
1.32269 -20.5471 0.438086 153.499 89.296 -6.79118
-1.75524 16.0003 -3.34562 -154.187 58.8988 74.2382
0.613448 -13.706 5.10057 66.8493 -98.2311 65.8627
1.44793 -10.8874 5.77398 148.717 -190.582 -158.954
-1.8603 8.9782 -7.44573 -181.946 45.1141 34.1321
-0.059333 -18.0027 -1.00527 -3.06817 -84.3231 64.9914
1.11081 -11.309 -8.23325 112.367 64.8003 -46.9688
0.47359 -18.8237 1.87478 45.5317 -134.119 -28.0399
-1.60448 15.6625 -6.62996 -167.825 89.3654 177.133
1.90935 -15.5211 0.858254 181.158 -25.2978 -15.2168
1.97453 -21.2666 -9.42265 184.591 35.2966 193.143
1.90567 -13.1046 -2.78843 175.298 -71.357 374.131
1.13047 -2.86108 -7.52388 98.0408 -77.7254 -121.521
-0.259866 25.2717 1.83556 -48.4126 356.17 16.5399
0.780538 -23.5278 0.330435 53.3993 -44.8626 -5.87039
-1.50374 17.1211 1.40473 -178.258 55.7759 -35.4065
-0.998863 15.4837 3.10369 -131.93 65.2908 -98.0893
-1.28114 15.6967 0.767609 -163.834 58.8802 -38.6204
-0.803778 16.4114 -1.57003 -126.317 20.3906 -79.2992
1.66866 -15.5642 -3.60536 116.351 -82.5367 101.184
0.715114 -16.2725 1.36098 19.0149 -116.485 -7.58573
0.450196 0.0875629 0 -12.3851 0.636577 0
-0.0154244 16.0561 -4.54435 -59.0685 113.101 123.143
1.80627 -16.331 0.117808 101.836 -33.301 -49.3861
1.63988 -15.3143 -3.00071 77.0503 -96.4028 106.506
-0.0780448 14.2558 -5.41323 -99.6584 80.6449 136.839
3.00702 -14.1911 -0.671274 199.519 11.7655 -4.32833
2.38254 -13.9681 -6.57282 127.14 -52.8563 157.458
-0.414251 15.7761 -3.45019 -151.723 69.0374 82.7267
-0.768558 18.1413 1.82864 -195.977 18.81 -48.4973
0.521503 18.6503 2.60737 -71.8878 129.206 -33.3923
-0.172463 14.0125 3.39888 -143.963 53.6095 -105.92
-0.348039 17.2114 -0.982521 -166.14 68.3952 13.8986
1.48182 -17.4967 -0.410516 10.0567 -70.6661 24.8743
3.12472 -16.8221 -0.872685 156.398 -48.5406 21.105
0.850195 15.5962 2.74099 -71.3507 106.295 -43.4509
0.164604 4.54437 -4.46473 -142.037 169.408 22.4625
0.234819 30.0502 4.54837 -136.019 252.962 123.436
2.2895 -15.862 -3.38918 64.5094 -103.925 118.239
-0.131786 13.9199 -3.52463 -178.545 12.2422 109.535
1.69852 16.3365 0.445751 1.71414 18.6566 2.3824
2.98404 -16.5822 4.03202 128.906 -81.0097 -110.24
2.48266 -6.5585 -8.0151 74.6294 126.156 227.747
1.00271 16.5268 3.0291 -78.3992 112.537 -49.4762
2.57508 -18.5154 -0.157883 77.4619 -123.093 -3.90665
0.838037 16.2667 -1.07916 -104.502 103.829 3.09017
0.801064 16.5854 -0.232664 -130.52 101.654 3.90659
0.818858 24.9282 -0.844798 -150.862 367.752 109.511
0.760468 14.439 -1.40962 -166.358 51.2901 27.9108
1.39321 15.2096 0.792341 -106.438 148.157 -14.4614
0.975486 12.4099 7.27001 -148.337 75.0112 -122.771
1.13343 15.3514 1.26017 -139.087 78.8353 -47.4741
2.56151 17.3432 0.274967 -0.582435 127.031 11.1014
3.72957 -16.5909 0.466171 110.375 -85.8091 -12.1355
2.46758 16.0527 -1.65589 -35.8525 115.984 32.9344
2.42521 16.4447 -2.73449 -43.7831 123.791 53.0356
4.81646 -16.0241 0.341994 193.401 3.61931 -35.7301
3.88426 -15.3543 -1.31773 93.6326 -82.8811 31.7201
3.03703 16.6191 1.98849 7.17743 123.876 -70.6132
3.53214 -1.16864 10.9906 50.6109 110.524 59.876
3.91585 -18.9382 -7.57367 78.5901 -115.892 23.8282
2.60036 13.4763 4.41724 -52.7035 102.396 -139.743
3.51485 -16.3261 5.34333 36.5974 -115.729 -120.86
1.99006 14.9898 1.36527 -115.116 87.6137 -29.3024
3.84749 -16.4848 3.61658 68.4409 -111.908 -7.00356
3.97747 -13.9669 -1.93225 81.2947 -101.596 54.3749
2.35608 16.9562 -1.04444 -84.4721 119.426 37.626
4.03725 -15.0433 -4.53761 79.2893 -141.682 140.078
1.77589 10.6028 7.49073 -152.943 103.625 -1.48663
5.20553 -13.3302 3.15625 182.949 47.6639 -59.1116
4.17712 -17.9227 0.682278 78.4624 -115.607 -16.3873
4.08915 -16.6612 -4.45713 68.0891 -110.046 124.843
4.88881 -16.0159 1.46448 140.819 -44.0483 -16.5686
1.69485 13.8363 2.74401 -177.742 22.267 -83.4712
5.20396 -16.4455 -1.00172 170.827 -34.3286 46.0974
3.0987 18.0419 1.05076 -48.8927 136.5 -43.2297
4.91895 -14.4352 0.468442 117.434 -58.6857 -42.105
2.7718 17.6144 3.20257 -96.6988 124.867 -78.854
3.41598 12.9276 3.75534 -37.0078 146.178 -85.9155
4.99789 -14.0865 -3.67527 111.046 -60.6757 72.3781
4.94199 -11.423 6.80006 98.8177 -73.9702 28.6411
2.42126 13.6979 -3.0326 -159.721 55.6079 72.3783
4.27218 -8.03015 -4.45927 23.6059 86.057 -55.5122
5.94665 -13.7725 1.48304 185.629 38.8631 -115.136
3.4725 15.5899 2.57138 -64.4617 111.947 -82.9803
5.35459 -14.1545 -2.12507 121.033 -54.4051 62.1985
5.06303 -14.8315 2.46443 91.9018 -82.7603 -80.2225
5.41622 -8.55203 -7.61881 119.001 56.3241 204.667
5.73391 -13.9526 0.930829 149.585 -28.4478 -50.429
5.55719 -16.1526 -2.6023 131.396 -68.2831 38.7289
3.44925 16.7471 1.12115 -79.3526 124.023 -40.784
5.51056 -14.1522 -5.03565 106.141 -64.3837 160.739
3.6166 16.381 3.16964 -84.3694 118.556 -96.8751
6.2382 -15.5863 1.00215 175.203 6.5695 -28.2517
4.01187 15.5141 -3.6366 -47.4132 117.436 116.859
6.35076 -14.0447 4.32087 184.899 34.5943 -88.3077
3.72079 19.7681 -2.20884 -76.4608 70.433 41.2664
4.46303 19.595 0.231559 -3.8336 81.421 10.1043
3.38928 13.0437 -1.60191 -110.548 159.835 52.2741
5.76151 -16.9722 1.96619 123.474 -78.8455 -43.962
4.3581 18.641 -1.59403 -17.3083 144.194 25.8645
5.99629 -17.5354 0.106399 143.876 -61.2617 23.6812
5.07261 -19.0974 -3.07628 51.9906 -45.4178 35.2564
5.257 5.82577 1.02842 57.9394 -108.611 -101.914
6.02512 -16.2521 2.13334 122.792 -73.2427 -92.0445
4.81972 16.3657 -9.60597 2.27517 131.444 4.59474
4.03393 18.7699 -6.00516 -79.7625 164.294 -234.805
4.06204 15.3414 -1.06401 -77.3872 174.318 15.7584
5.46977 -10.6959 2.24348 56.2566 -173.132 -46.5267
4.73245 13.1824 4.61859 -18.552 109.279 -131.888
4.01841 14.5358 -1.9328 -90.2333 110.473 33.5163
4.78981 15.9942 1.18631 -27.9371 128.804 -22.0879
5.81707 -17.1479 -1.80672 71.5953 -112.008 44.4688
3.2596 14.1529 0.23334 -184.727 52.1163 -17.7001
6.08467 -9.25852 1.89169 87.5842 232.165 -49.6843
6.54441 -16.8915 1.26554 125.228 -85.809 -70.1037
6.85364 -13.1291 1.65132 155.379 13.2986 27.7687
3.44813 11.7549 0.437366 -185.102 -27.842 104.657
6.75679 -13.4938 0.815517 137.639 -48.9202 -93.6868
3.87776 15.0523 0.101929 -161.779 99.7464 -4.54014
5.4542 11.4297 12.4089 -6.97179 88.2986 -14.6081
3.94827 13.8081 -3.71961 -162.994 70.4823 109.766
6.84256 -18.0822 -2.8888 123.647 54.4452 49.3576
5.30793 19.2592 0.371531 -30.4463 102.578 4.08775
6.76885 -15.3074 1.60598 112.733 -73.307 -40.0185
7.19959 -15.6098 -0.930361 152.243 -40.5154 -2.69781
4.31241 17.5408 2.30473 -136.324 41.53 -55.8276
7.5486 -12.2939 -3.13073 169.223 86.5606 79.1944
4.77141 15.2679 2.52756 -117.26 106.977 -78.4936
4.92571 11.5099 -7.22498 -106.609 136.942 31.8789
5.26225 -0.183475 -6.8113 -78.829 -92.7762 -6.61957
7.39514 -13.5989 4.55621 128.242 -34.3453 -123.372
6.9428 -14.753 1.76655 83.2779 -88.7534 -80.3044
5.05598 15.1783 -1.60635 -107.122 169.964 26.6288
5.70899 17.2224 -1.66177 -45.5825 136.877 57.0405
7.77736 -13.8087 -0.757339 158.907 4.47734 41.4085
7.91141 -12.211 -1.02797 171.646 76.0002 21.1181
5.80214 14.9863 2.489 -47.8039 230.399 -63.303
7.8007 -1.33967 -5.18342 149.13 -104.609 7.04997
5.62208 15.1721 1.52665 -69.0462 130.971 -57.0122
6.62281 -3.24711 8.0664 26.0349 121.739 -229.376
7.92078 -15.83 1.37722 147.17 -54.2683 -67.3733
6.09146 15.5928 -2.03847 -41.2963 190.068 -39.1869
7.21437 -13.9872 -2.84881 67.2236 -94.3419 47.6587
5.5041 5.16845 -2.36442 -118.889 -133.584 -23.6832
5.96443 13.6987 -2.78616 -74.1385 115.879 85.786
7.77896 4.92564 -0.397622 104.931 -105.143 93.0124
8.17581 -13.6947 -1.38042 140.803 -28.324 50.5008
8.50258 -14.8193 0.9879 171.114 10.0741 -22.7063
6.65391 13.3991 -4.81581 -14.3481 120.043 118.716
8.25236 -9.92505 1.7658 144.305 154.673 -27.2968
6.14038 16.6626 -2.54494 -75.2782 141.375 53.592
6.95501 10.8502 -6.39992 2.13355 101.582 162.178
6.47759 18.8551 -1.30697 -52.6602 10.0195 31.2183
7.32683 3.24377 1.17218 21.5706 210.617 41.1342
6.72029 16.6597 -1.24867 -42.2133 144.769 28.182
5.74915 13.0991 -5.13153 -139.716 103.031 123.324
8.59337 -16.0739 -1.13338 140.442 -63.3545 0.74372
6.24855 14.1477 -2.22446 -92.913 116.674 47.3457
7.66784 18.0599 2.299 46.3801 139.309 57.5271
8.53886 -13.8449 -0.0274607 118.516 -49.3784 0.0603397
6.83791 15.3284 -1.819 -55.6513 138.268 44.3133
5.9433 11.8036 3.71567 -146.923 91.8094 -118.263
6.61261 30.9423 -2.00259 -81.7805 170.84 -87.25
9.19334 -12.2518 2.05655 174.103 123.919 -56.0397
8.68951 -14.3 4.49658 122.845 -52.2633 -121.552
7.44323 0.358459 4.47385 -9.84981 -114.463 32.9154
9.09432 -10.9164 2.71028 149.444 67.6688 -65.6319
8.98122 -12.2747 -4.24215 134.447 -12.451 101.284
8.10522 14.7906 -1.67087 44.4041 59.0964 44.9562
6.67677 15.8148 -0.443714 -100.573 93.453 -3.45141
9.34174 -12.9784 2.10806 145.68 -12.5017 -74.2689
8.20413 12.3249 4.60269 27.4322 119.003 38.2466
9.21539 -15.8738 -2.51226 127.357 -74.2616 38.3519
9.15231 4.7566 -3.83599 120.456 10.1984 -111.103
6.767 21.9681 8.84974 -117.27 74.7923 -62.6189
9.55397 -7.00589 5.52223 157.46 -42.1543 -139.464
9.5426 -11.0879 0.0529478 154.318 146.754 19.6808
8.47535 5.35203 -4.24292 47.2671 -133.59 22.3177
7.46823 17.1691 -0.700146 -57.963 151.156 12.883
7.45291 15.3003 -0.710605 -62.2325 79.1626 12.3558
9.64194 -10.582 4.76574 153.786 139.243 -100.785
9.30177 -16.1329 1.61007 117.91 -76.8137 -47.8273
9.95709 -12.3795 -2.46211 177.702 77.6533 77.8252
8.21052 28.8952 -2.71374 3.48608 366.748 -88.2405
8.98664 -16.0746 -0.41471 75.5614 -128.547 131.226
9.7102 -11.2938 2.14578 140.262 11.4746 -59.5844
7.85699 14.7578 -0.653882 -51.3664 147.983 -3.87458
10.2355 -14.3712 0.784886 176.581 48.872 25.6263
8.50933 15.1732 0.653592 4.90621 133.506 -49.3628
7.98249 14.8897 1.92626 -47.503 140.87 -29.4064
9.046 35.0418 -12.0442 54.4157 138.132 42.4254
9.88898 -24.0464 9.62767 134.454 58.8366 -99.4805
8.20507 9.25705 6.57321 -45.1724 118.702 -193.792
8.85042 12.9512 -1.8869 18.4318 170.885 48.6239
10.2803 -11.3979 2.84123 146.923 26.6258 -86.0698
8.92632 7.73782 -5.92396 7.04232 150.35 43.2331
10.1261 -10.3318 -0.665574 124.383 191.727 -6.20571
7.88108 13.0137 1.41945 -101.049 131.35 -44.056
10.4067 -11.1765 -2.64079 147.3 17.9593 64.6727
7.76324 11.995 2.10127 -122.734 127.692 -19.7639
8.9349 13.0297 -2.31381 -9.85855 129.46 46.7182
8.53839 15.3124 3.58589 -62.8357 140.135 -72.94
7.71836 13.1299 1.9397 -146.694 118.323 -48.4099
9.53586 7.77745 4.28239 32.1343 194.972 54.5995
10.4411 -8.31313 -3.57134 119.474 144.775 92.2856
10.6397 -12.799 3.20558 138.325 -23.3927 -105.457
10.6023 -1.87888 4.46215 130.848 -58.148 45.9739
8.642 8.2578 -6.09419 -67.9642 123.917 155.468
9.50544 16.723 0.57872 17.7626 142.516 -26.1393
9.1301 12.5634 -4.00505 -21.7442 128.815 93.7128
10.5496 -7.75038 7.59184 108.557 10.1733 -189.785
9.54672 15.1936 -3.90599 6.94992 139.494 88.1052
8.97042 27.4639 -10.7426 -50.7792 111.684 0.336588
10.3415 -8.13454 -1.9816 72.7297 220.115 -51.8159
10.9298 -13.3816 -0.355583 127.638 -50.8632 46.1833
9.95849 14.5277 -0.502326 30.5553 129.749 37.8678
10.1762 -2.10994 7.31139 48.1181 127.333 -196.755
11.1852 -10.8488 -2.69049 148.074 33.1201 84.201
9.97005 9.77225 -7.00687 21.3905 111.488 -21.2055
11.234 -10.5935 -1.07297 145.557 59.9631 51.2586
10.9204 -8.19874 0.647784 113.629 167.324 -0.743408
7.89431 -6.26703 -0.621496 -192.994 197.475 17.4331
10.9449 -17.1391 -8.66066 109.511 -82.9529 4.04101
9.48524 7.4841 -4.03449 -36.9263 185.252 128.204
9.76181 13.9457 -1.88378 -15.6687 139.287 33.6719
9.19639 12.4707 -4.36254 -71.9455 142.332 82.9695
11.4906 -11.8176 5.45788 155.085 152.226 -127.598
11.2913 -9.90938 3.59003 134.151 13.6825 -88.8254
10.5539 9.03333 -1.14415 59.0729 112.99 68.0385
9.88568 15.6963 -2.14425 -9.32887 145.024 71.1761
11.3304 -8.70172 -2.3144 132.309 83.0937 70.3602
9.44686 10.5922 -5.10921 -54.9387 132.421 125.846
10.5817 7.70303 7.39429 57.3574 156.311 -220.765
10.0637 16.3393 -2.93411 -3.697 114.759 60.9967
8.64867 20.2029 -4.36819 -147.436 70.7208 -30.799
10.187 26.1699 0.727377 4.98708 418.499 57.3449
9.75426 6.00408 -2.78964 -43.3308 303.522 93.1361
11.2439 -12.6107 -1.74828 104.156 -69.3705 70.9108
11.6716 -10.7602 0.629132 143.625 25.4835 -6.92408
11.4669 -12.5575 3.47763 123.277 -47.1452 -24.7315
8.63907 10.8176 -1.97158 -160.122 127.2 62.1166
11.4752 -8.91396 1.64534 120.687 155.183 -51.6631
11.8923 -12.2642 2.28903 159.658 12.3412 -71.9286
8.51861 9.45356 -2.65677 -175.933 197.891 83.7638
10.3297 10.1403 -4.28836 3.6772 125.903 102.541
10.0733 16.3369 2.75347 -21.9683 19.4892 -77.8329
11.4647 -6.94168 6.49101 115.609 66.807 -160.032
11.9395 -13.073 0.547674 150.692 -9.9261 -24.9677
11.0797 -5.49919 -4.82279 58.2579 190.042 -55.6713
11.835 -8.17804 -2.83928 132.973 85.0152 58.5478
12.1294 -11.1052 0.540576 161.522 58.3418 -14.2487
10.3139 4.23675 -7.12138 -20.9028 138.788 191.064
8.34295 5.95937 4.82292 -217.861 38.9925 -137.274
11.9485 -5.77535 -7.4063 128.911 11.7932 30.7442
11.199 1.52032 -11.0127 54.0972 108.292 -74.2535
10.5287 2.16065 6.657 -13.0219 143.79 -177.31
12.263 -13.0841 0.703884 158.064 -0.198558 65.7878
12.2017 -10.0867 -2.15276 150.12 93.0271 83.8577
9.55137 4.40531 6.48971 -113.886 137.635 -166.778
11.2871 -5.32734 4.44194 52.1887 194.958 -109.457
11.3743 14.0641 0.797359 58.9474 119.456 -36.4043
11.7138 -6.29846 2.85631 86.9149 177.446 -66.3137
11.9595 -7.2306 1.58911 111.12 160.007 -39.6484
12.1626 -9.16664 0.423033 130.481 108.532 -55.562
12.4683 -11.8014 0.200882 158.979 42.1317 14.5339
12.1545 -11.9684 1.85108 125.827 -42.035 -78.3806
11.3078 13.5642 0.241906 34.9182 153.997 -63.2626
11.6366 -5.6136 -1.45344 59.8647 213.434 24.3101
12.4807 -9.13553 -3.0163 140.86 103.526 62.3233
11.0492 9.97185 1.4747 -1.81402 134.579 -69.1825
11.4111 -6.1866 3.14684 31.5083 225.942 -81.791
10.0551 12.3491 1.26114 -105.732 155.258 -48.6423
12.6137 -7.34189 0.277133 145.75 7.15844 7.31081
11.2242 14.3375 2.7262 1.7065 145.365 -50.4791
9.9817 13.2963 0.367682 -123.312 151.954 -28.7965
10.1804 8.22463 -4.36023 -104.04 137.749 107.317
12.5342 -8.3571 -0.172816 128.599 132.219 -2.1879
11.2555 8.99523 -0.601539 -3.03424 172.565 6.32409
11.113 12.8841 0.31914 -17.5041 146.63 13.9817
11.8992 10.5418 -1.54708 60.0422 103.586 27.6107
12.3673 -5.22395 4.35843 104.297 104.414 -115.793
12.3799 -7.19302 0.88291 105.31 166.626 -11.2874
12.7844 -12.314 -0.574353 145.338 52.6502 28.9507
12.3667 -10.3552 -3.41891 103.448 -57.3227 84.8884
11.954 -5.62555 4.55089 62.1207 189.049 -124.168
11.1827 9.21364 5.02342 -20.0322 138.172 -149.387
12.2563 -6.14432 0.499611 85.0596 178.946 -26.2304
12.1391 7.13723 2.90295 72.7002 132.121 -18.9301
11.8906 43.7917 -32.972 47.4828 343.778 -263.064
12.3762 -3.34653 -6.41061 95.3388 53.5357 180.388
12.8596 -8.45792 1.88779 142.305 -60.8765 -43.8567
10.1113 9.48439 -1.02363 -132.547 4.11079 -2.97918
12.3845 -5.77239 2.88849 90.3403 163.196 -66.5433
12.3382 8.65524 -2.89894 83.0675 72.2881 88.6526
12.6176 -9.62426 -0.380463 108.938 -31.0298 -43.7309
12.1825 7.31069 -5.82854 63.3516 135.038 -43.7817
9.30738 7.62183 -2.58919 -222.878 1.55606 28.4393
12.9299 -8.57102 -3.93056 136.445 94.0168 129.3
12.7199 -5.88152 4.72647 114.536 91.5797 -125.687
9.2815 9.87943 -3.37599 -227.218 250.13 110.764
12.9849 -8.60996 -4.23129 136.536 86.154 95.3413
11.2596 10.4099 -0.838385 -35.6503 188.263 43.6996
13.1789 -11.642 0.106758 154.985 18.988 8.62711
13.0226 -10.3624 -3.52366 139.198 5.09545 116.817
12.6876 -5.51821 4.49782 101.948 120.193 -110.587
11.6513 4.28772 -1.95646 -4.57536 205.127 38.8667
13.07 -17.5375 7.23992 135.616 -62.8305 123.345
11.2986 14.3089 -0.931116 -44.2744 157.569 6.48224
12.8992 -5.34892 4.56964 113.324 87.0891 -143.444
12.8996 -10.6341 1.81825 109.049 -56.8368 23.3001
13.3015 -10.176 -1.55351 147.526 23.6701 43.3836
11.1145 9.42292 -1.8296 -71.4205 148.188 68.84
13.4014 -7.22576 13.287 152.984 97.4541 192.782
12.2942 9.65014 2.30947 39.1009 117.882 -78.0962
13.1379 -6.99687 -2.05472 121.428 53.389 77.2951
13.4029 -13.5227 0.601558 146.435 -38.2738 -29.9273
13.3148 -6.72954 -3.68007 132.234 44.8274 13.4514
13.3393 -11.0649 3.51386 129.952 83.5364 -60.4197
13.4686 -8.59597 -2.3891 141.098 89.0941 87.7315
12.8192 -4.09869 4.29201 76.2718 150.373 -116.946
12.5981 8.82947 4.00616 51.5886 164.903 -107.372
13.4939 -7.94521 2.09579 137.597 71.9993 -35.7708
12.4953 -5.40362 -0.372638 34.1381 207.607 -1.31777
11.6049 11.0191 1.22143 -56.0289 154.489 -12.8144
11.4285 -6.29411 5.07973 -73.8101 104.602 -74.6974
12.8994 9.63855 -1.62204 72.2226 26.3962 -38.8662
13.2316 -11.9781 -3.15581 103.826 -78.0402 68.0741
11.9659 5.49185 5.41343 -27.0631 162.073 -144.736
13.335 -9.82003 1.69986 104.165 71.1782 -45.3482
13.7247 -11.8264 2.84537 141.438 -21.1946 -87.826
12.7142 0.173741 -4.8287 38.5563 148.043 127.531
10.6885 7.81505 -0.297601 -164.607 320.271 -2.47756
13.618 -13.4 0.926637 125.546 -67.1054 -45.5323
13.2444 -4.67423 1.83823 86.3678 161.801 -73.2795
12.6116 11.3884 -1.19344 22.7099 68.7853 32.2967
11.6939 13.5298 -0.00351912 -70.3948 150.137 44.189
13.7832 -9.62687 2.22359 136.347 2.35263 -36.5184
13.614 -8.33936 -2.09286 117.113 -20.904 81.087
12.3611 7.61034 -1.04233 -8.5254 253.005 279.269
12.6364 9.47684 3.62481 14.9732 138.545 -113.109
13.6996 -6.36232 -0.98466 119.599 124.328 24.5858
11.5096 4.49145 -4.39014 -98.1192 172.157 100.083
13.1002 6.79719 -5.30929 59.4424 105.408 119.595
11.5472 10.2161 -3.62937 -96.4002 101.881 117.818
11.8897 15.0392 -0.572376 -62.4982 120.559 11.8507
13.372 -1.82736 -4.16995 84.5672 108.46 125.156
11.9118 11.9273 2.62704 -61.012 173.972 -24.4585
12.8328 -0.761761 -7.55981 28.4414 -75.7069 -24.2045
12.6924 12.6545 -0.847177 6.70886 152.423 4.22465
12.7503 7.34489 -2.67249 7.5039 77.5603 159.978
13.4118 6.99558 -3.91979 69.0783 99.4883 109.026
14.3004 -10.4391 2.21615 152.297 29.995 -38.5568
13.3355 8.48765 -3.9808 54.2662 111.733 132.456
14.2803 -8.35523 -0.564953 139.647 30.2883 40.2065
12.5904 7.9199 -2.46763 -28.235 150.065 80.6326
14.61 -9.43544 0.352493 170.757 38.2685 20.5913
13.1423 -1.19961 -4.16016 23.819 184.659 109.18
13.0832 9.64538 -0.933033 12.3936 144.603 11.9213
12.7635 12.9647 0.205976 -20.8845 108.54 31.311
13.5568 -1.74936 -4.95846 57.1861 155.149 133.41
13.3238 11.2954 0.623563 32.9089 107.093 -19.208
13.6317 9.01564 0.16138 62.6286 110.743 19.4014
13.9268 -3.36722 3.49717 84.5522 -92.3691 -70.8444
14.0313 -3.57264 -2.34892 92.9385 140.287 65.8808
14.2992 5.8078 -2.20922 119.255 112.095 56.8611
11.9418 1.34155 1.51001 -114.986 201.741 -88.3033
14.1825 -7.51782 4.66757 107.279 -46.4617 -104.618
13.7375 1.29689 -3.48344 62.0338 131.073 101.384
14.1492 -3.82408 -4.30896 99.9562 116.688 104.076
12.9139 4.16699 -5.03424 -23.1744 219.603 96.7286
12.8734 7.79052 2.55442 -27.5868 163.38 -57.1886
13.6384 -4.33789 0.655448 48.26 208.772 -12.371
13.9921 -4.22765 2.22587 77.5308 175.782 -50.5651
11.8518 9.61807 -2.20471 -140.018 164.228 36.2259
14.663 -10.7083 0.712755 138.686 -20.9765 -7.49612
14.4877 -11.4497 1.08662 118.719 -64.9475 -30.5958
14.8248 -10.5225 -2.80666 150.016 11.0422 77.9144
14.6777 -7.39434 -0.368822 135.016 92.2408 2.24552
13.4961 6.1043 -2.70441 14.9344 148.678 95.4394
13.5933 6.85495 2.67916 24.5519 138.104 -51.9959
14.9181 -9.42767 -1.65529 154.27 60.5923 54.0457
14.3124 -4.15879 -1.32631 92.7833 150.259 11.9752
13.247 6.31092 3.17047 -20.4517 255.917 -81.9708
14.1641 -3.29951 3.11441 68.9242 164.776 -79.3332
13.3229 8.86976 -0.92594 -15.4372 162.043 39.5401
13.4078 11.4786 -2.11243 -7.96609 237.154 -137.323
13.7748 3.45407 2.21665 25.6531 159.455 -64.7129
14.8155 -6.49782 -1.32345 127.669 49.2112 32.6067
14.417 1.30214 3.46489 86.7382 84.442 -98.6914
14.6061 -3.92838 -2.945 104.11 120.558 90.3485
14.3176 2.65734 3.83781 75.269 104.711 -99.659
13.9517 6.55309 -0.373786 38.2633 132.378 -1.03525
14.1166 8.68647 1.94557 54.2524 123.867 -29.4122
14.8523 -6.38871 4.34407 124.661 22.1399 -96.5713
13.9201 12.7755 -2.59347 31.8382 282.415 28.7891
14.1951 12.987 5.12294 55.3595 120.218 -90.3841
15.1319 -10.0281 -0.779504 147.709 10.0694 44.6061
14.3401 1.08296 2.16282 63.4373 172.537 -54.3095
14.2717 8.9086 2.84155 55.7373 122.472 -53.7479
13.5301 6.87555 -0.753284 -20.6557 175.252 25.5995
15.4173 -4.52341 -6.2601 166.706 33.6067 50.5397
13.7089 1.99782 0.923857 -3.74673 338.903 -21.9388
14.5506 3.6655 -6.35794 79.3584 87.9223 168.353
14.0996 9.50233 -1.04037 32.5974 147.082 20.8641
14.7851 5.16696 -0.685169 99.5876 57.1154 11.9272
14.2534 1.84041 -4.09859 43.4722 138.89 113.857
14.3025 -3.54547 -1.98294 47.4287 190.655 60.4456
15.0573 -1.49034 0.0199752 122.193 149.958 -4.21035
15.176 -7.08267 -2.33765 133.221 36.2002 87.9975
13.3106 9.63705 4.96052 -52.1303 85.8156 -153.332
14.5491 7.28024 -3.51966 70.1803 108.59 85.9992
14.5355 2.11494 3.08987 66.1217 125.206 -91.3748
14.6169 10.0575 1.10413 73.5083 113.217 -4.46505
15.1817 -6.51247 0.0742324 129.605 4.71032 29.3216
13.9159 8.44314 3.37931 3.43745 168.103 -87.609
14.4493 11.7215 1.44066 55.3304 137.623 -57.109
14.38 -2.43073 -2.34754 45.8601 186.285 60.5135
14.7669 4.56943 -3.28149 82.7253 87.0373 91.5137
14.3646 0.922017 1.64486 40.4452 206.644 -54.6208
14.4968 10.7018 -2.18726 51.8699 147.557 -3.22179
15.0087 5.41548 0.579576 102.354 106.408 -28.7401
15.5545 -8.50533 -1.53057 149.486 90.7049 27.9247
14.3426 10.1569 1.87294 25.5795 156.071 -45.698
15.3765 -5.73771 0.546195 126.281 44.5017 -23.0809
15.254 -4.87305 -0.687639 113.732 96.669 34.4704
14.2586 0.876798 -0.686545 14.5714 180.471 16.596
14.3548 11.0844 1.87893 23.2796 155.521 -67.131
14.5968 -2.18873 -0.911068 47.0106 181.551 20.9299
14.195 0.916504 -2.77291 5.48079 226.611 -75.0566
15.2179 0.902336 -2.37327 107.035 42.7846 77.4186
15.0131 -0.963506 -4.56041 85.2975 106.923 132.355
15.18 -2.27077 3.24227 100.886 104.251 -92.1259
13.5728 6.75949 1.8206 -60.0612 176.438 -37.5312
15.3852 -3.17302 -0.748689 119.514 39.3067 25.6144
15.0281 14.1369 0.773324 83.2989 298.958 185.166
15.1972 -1.50916 -3.58138 97.7655 89.5657 80.9144
15.3622 -3.20441 -0.00276994 113.79 93.154 -0.67262
15.2714 7.07778 -0.018269 103.747 76.9805 -2.8058
15.7503 -7.71598 0.113391 142.706 46.3388 21.6557
14.6699 9.51198 2.18074 33.56 152.032 -61.5796
15.6791 -9.1259 -1.95509 132.029 -30.1327 54.4942
15.7443 -6.29372 -3.58002 134.161 56.0844 90.1695
13.7775 7.09857 -2.90841 -65.5711 121.047 70.7773
15.957 -8.76663 1.44783 147.576 18.4492 -10.0868
14.8989 0.570442 1.54752 41.6596 155.446 -36.8743
14.1993 7.17706 -0.448573 -27.8843 178.547 17.3719
15.7263 -4.1417 3.80958 121.154 94.2566 -65.7743
15.4288 1.6513 -2.54734 87.2488 98.9146 85.8669
15.5127 -0.483089 -9.69501 91.072 -0.349974 8.90018
16.0016 -10.7981 -0.232472 138.046 -39.5715 19.3161
16.015 -6.30312 -0.35961 138.975 53.8131 1.3946
15.5896 -2.27012 -1.3349 94.6496 132.313 55.1175
15.4501 4.3563 0.0259975 78.091 110.592 -16.4576
15.5194 5.71429 3.75713 82.2086 102.975 -80.3905
15.9997 -1.0656 -3.81223 129.672 72.0374 42.851
16.1457 -7.72091 1.4705 143.831 43.0168 -15.1629
15.0777 -3.20559 4.38428 31.6019 151.692 96.7739
15.6639 7.7384 1.29209 89.816 69.1391 -41.862
15.5336 0.129584 -3.26983 68.0873 151.176 71.9408
15.8574 4.63985 -2.10547 96.6968 82.0879 50.6367
15.097 7.02712 -2.19024 18.5708 162.375 83.8916
15.9532 -1.67073 4.23077 103.443 115.711 -103.878
16.2039 -0.0502374 -0.0810752 127.608 77.4413 20.6212
14.6224 5.51293 -0.983308 -29.8614 196.335 9.62167
15.5935 3.32935 2.9799 65.1148 134.708 -97.4383
16.1482 -4.65241 1.81617 120.066 37.859 -130.353
15.6927 2.04259 -3.13064 74.0822 135.512 92.5093
16.0491 -1.59885 3.17133 108.662 88.3193 -90.3534
16.1401 -2.89917 0.684335 114.927 93.5526 -8.51867
15.8879 8.1119 2.06754 88.2367 135.441 -21.1691
15.6278 4.85746 -1.93981 62.3929 338.406 97.2649
16.289 -7.94238 1.48433 127.522 -0.109159 -17.644
15.4371 6.90308 2.43844 41.0048 152.221 -57.2716
14.7368 4.0266 -2.16402 -30.509 196.565 79.9568
16.4643 -6.85845 3.81314 138.672 18.2516 -79.4549
16.2002 0.469092 4.558 111.177 -10.0201 -16.2045
15.5177 1.72866 4.50652 42.3752 28.6353 30.1922
14.3939 5.85175 -1.05681 -69.4522 198.551 17.0172
16.4509 -4.98665 1.17607 134.651 77.2153 -35.3144
15.455 1.22306 -12.0933 35.6836 144.509 59.096
15.6786 11.0677 -7.86426 55.0503 96.7016 67.178
16.0675 4.4344 2.88733 92.7501 88.4611 -86.7429
16.3707 -2.10107 -0.470306 112.972 99.3097 -15.444
16.3877 -0.848424 0.21984 113.352 68.8033 -9.2354
15.378 3.59067 -2.61939 11.3375 129.202 69.4358
14.9221 8.33032 7.71164 -34.7126 144.96 -52.8849
15.6412 4.86294 -1.93297 32.6351 -56.3981 -14.0081
16.5524 -2.88572 0.815674 119.024 96.4707 43.9362
16.6304 -4.00332 -2.17618 125.127 58.6239 65.254
16.1861 8.69559 1.60825 65.5342 133.851 -77.2039
16.6301 5.09966 1.87265 103.328 80.414 -59.1848
16.8434 -0.323972 2.72077 122.528 35.4301 -90.3431
16.5881 3.6576 2.77252 89.7758 114.298 -83.7397
17.1167 -3.93828 -3.31698 133.92 54.8745 96.8431
17.1046 -3.63745 3.91764 129.147 47.05 -102.233
16.8445 4.3559 -0.155152 101.834 94.3994 11.4023
17.2076 -4.90124 -1.93035 136.078 45.8295 -20.0426
17.2529 -4.4058 -0.0593756 133.006 67.4859 7.25076
16.4641 28.7106 -1.87528 52.267 208.935 -26.0285
17.1036 5.67723 3.39088 111.239 72.7643 -101.238
16.9093 0.360471 -2.23713 83.0267 138.372 56.4922
17.1521 0.89162 3.09821 102.002 52.4362 -63.5761
16.8556 7.05579 0.0785521 69.9103 -16.715 34.0381
17.2626 -0.0340526 -1.73684 106.834 94.8161 55.8314
17.3402 -4.23404 3.73121 114.415 107.811 -42.5348
15.6358 12.9187 0.523925 -58.4659 22.2175 -7.01223
16.2511 4.91334 0.651601 -1.78126 191.977 -8.54437
17.6287 -4.83284 -0.133625 133.891 78.2417 9.39717
17.558 -0.774667 2.47658 126.823 -67.7303 -53.7048
16.9396 4.68845 -0.468851 61.1587 146.009 16.4728
15.7343 17.5274 -5.53816 -60.3311 72.6823 106.2
17.7094 -2.40713 -4.48469 131.271 70.9967 -48.167
16.6573 9.14945 13.1102 26.6165 106.531 -156.726
17.4865 2.00447 0.485442 100.47 102.158 -18.7141
17.7785 -1.41331 -0.635387 126.716 66.7523 1.19546
17.5159 1.4048 3.66431 86.6687 144.286 -35.1055
17.9508 2.45952 -0.00719125 128.79 29.2425 -22.1224
17.9723 -16.9372 12.851 121.429 9.32219 -110.028
18.2032 -2.73551 0.827441 130.377 90.8324 -11.1239
17.8802 -6.83869 -0.786726 89.0575 -28.7068 49.9333
17.5736 37.4914 -8.597 54.1071 192.993 47.1934
18.0375 4.46384 5.31397 29.4535 250.771 -25.9305
19.2199 -2.53893 -0.504509 142.062 10.5426 20.0806
20.2159 4.86691 -0.896244 27.7078 132.273 29.0755
21.0871 9.79467 13.9603 112.643 156.554 72.9823
nan nan nan nan nan nan
17.4339 -7.51277 0.986566 149.947 25.32 -0.062255
18.3379 0.653213 0.115438 91.6891 143.293 -8.67007
