-19.387 6.5683 7.33985 -308.991 110.528 75.0098
-15.378 -7.36237 -2.3449 45.9448 -168.588 48.0474
-14.4529 2.39262 -2.51695 136.593 -174.087 34.3908
-16.332 -3.51022 2.05709 -104.837 -73.0371 -73.066
-16.7814 -11.3252 5.79481 -172.211 -165.642 71.7693
-15.9111 -5.18513 -0.62037 -93.9142 -149.971 4.97407
-17.3641 7.89329 -5.21664 -248.297 -39.3975 -75.1676
-14.087 -6.10658 0.496975 41.7935 -212.212 -5.57605
-14.7184 -2.11713 -4.89484 -35.8333 -197.08 70.2814
-14.844 -3.46167 1.80993 -52.5182 -194.25 -27.8303
-14.3544 -26.6083 13.0807 -12.947 -327.516 90.7437
-13.5261 -5.6621 -3.25987 48.2124 -191.859 49.1951
-13.8944 -5.22184 4.12238 8.50195 -198.073 -51.3391
-15.286 1.1485 -0.635399 -138.055 -153.951 8.14185
-14.5524 -4.81126 -5.26308 -72.5986 -111.716 68.4845
-14.8897 -2.39127 -1.4798 -118.917 -181.079 11.1517
-14.9164 0.479941 1.1382 -124.53 29.2462 -71.1686
-16.1002 -5.81072 -5.19299 -243.194 -167.597 -11.2538
-16.3851 15.6206 -7.55418 -281.087 35.3829 -26.2517
-12.85 -0.237282 7.92926 66.2807 -168.209 -125.523
-15.4274 1.87759 3.9374 -191.436 -55.132 -53.0017
-13.6705 0.123725 -1.97549 -20.074 -201.605 27.7613
-13.6903 -4.58062 1.29831 -25.1996 -195.455 2.73016
-13.5224 -0.176251 3.40737 -14.7413 -190.408 -50.893
-13.7051 -1.18595 -4.14169 -32.9717 -194.636 59.3609
-13.9823 -5.88841 -2.71035 -63.6594 -198.853 44.4523
-14.6741 8.99173 -0.781412 -136.64 -158.035 18.3128
-15.0046 -3.59365 -1.25826 -180.414 -98.9323 17.5327
-13.9954 -18.5841 -10.7779 -86.3061 -154.818 46.7641
-13.547 -6.62622 4.29546 -43.7605 -199.101 -68.9559
-13.9512 4.43031 -2.16024 -87.2582 -237.549 63.7409
-14.3542 -0.466986 -5.35765 -132.358 -140.927 76.1456
-13.6512 -0.561893 -1.53736 -63.112 -188.477 28.9354
-14.7182 -2.246 1.5267 -171.517 -113.873 -23.5459
-14.076 0.931116 4.62188 -108.924 -149.492 -69.5707
-12.3564 -4.00511 -7.09525 56.9296 -168.665 104.999
-13.8994 -5.57008 1.54179 -96.4937 -184.878 -16.8904
-13.9873 1.36559 -3.52664 -108.707 -155.19 49.5626
-14.5022 -3.02624 4.23152 -162.266 -117.361 -64.2432
-13.6066 -0.979475 -2.99735 -73.9334 -167.886 107.508
-14.6428 -0.810516 4.50346 -177.799 -90.0616 -63.3876
-14.509 2.8089 -4.01902 -168.103 -108.183 40.2882
-13.2965 -7.28922 1.63744 -50.9235 -205.309 -5.94092
-13.5131 -6.52655 1.77803 -74.1608 -193.394 -21.0981
-14.6184 -1.57183 -1.87836 -185.381 -80.8111 29.9538
-14.6692 3.44346 3.20539 -190.653 -79.3508 -40.7146
-13.8417 2.46371 0.583141 -109.23 -154.231 -9.51362
-13.7527 -0.688889 -0.354379 -100.879 -157.494 11.1916
-14.3927 3.15909 5.92188 -165.936 -138.045 -78.2227
-13.9353 0.753005 -0.318045 -120.598 -151.04 2.58517
-13.8869 1.97414 3.7221 -116.789 -109.999 -60.9248
-14.6807 3.27507 1.58259 -198.408 -77.4566 -16.8705
-14.6831 -0.774191 -2.95304 -203.86 -16.356 -3.01577
-14.5738 0.969982 -0.732345 -193.555 -229.443 -50.1061
-13.6541 4.10764 1.31903 -103.712 -175.129 -20.2455
-13.2096 -0.457486 3.49933 -60.9856 -180.402 -36.1639
-14.1127 0.0446254 0.996261 -152.287 -117.377 -16.6144
-13.9117 -2.80701 0.497433 -133.799 -146.09 -0.559381
-12.0854 -7.9419 -1.45028 47.3546 -196.294 20.0479
-12.2688 -0.092755 8.98292 26.6079 -162.374 -136.539
-14.2342 5.11522 0.662071 -169.045 79.6552 53.391
-14.2686 1.22128 4.28654 -172.755 -118.022 -62.3532
-13.3524 -5.4481 2.78358 -83.4254 -173.478 -42.1104
-14.0001 -0.963474 -1.48537 -148.704 -119.984 20.5935
-13.1084 -0.216124 4.69584 -60.8304 -169.954 -123.568
-13.4682 2.60043 -3.52189 -99.5434 -166.009 49.5998
-14.204 -1.37571 -2.22632 -172.828 -73.8225 32.6961
-13.5882 -6.52753 1.11909 -116.921 -178.661 -9.92592
-13.0304 -2.14453 -1.68145 -68.9902 -170.598 27.0055
-13.3218 -1.66884 -4.53072 -101.43 -165.704 57.0116
-14.2918 2.56176 3.40994 -197.834 18.8349 -45.3982
-12.9303 -5.61776 -0.0479255 -62.6024 -181.228 -3.20128
-13.5087 -3.2728 3.44845 -120.23 -156.076 -60.3069
-14.1883 2.64939 1.26041 -188.569 -67.1365 -21.4606
-13.6371 4.70452 0.489398 -133.844 -155.431 -5.07232
-14.0299 13.3401 -0.879081 -173.514 -30.4075 -33.8491
-13.0131 -1.09018 -9.40368 -72.5175 -167.627 89.4109
-12.667 -1.91394 -6.6617 -43.8586 -180.096 96.223
-13.7786 -5.39874 -4.8898 -161.17 -122.311 78.7031
-13.6836 0.460425 -2.26207 -151.782 -214.393 -0.451317
-13.8917 -12.0662 0.560263 -172.746 -291.773 119.927
-12.2895 -17.9246 -4.09489 -13.6824 -182.383 -6.06421
-13.5619 -0.897597 1.02126 -140.936 -115.569 -16.0062
-13.0503 0.486724 -2.28961 -91.6972 -163.886 39.0956
-12.8507 -4.05005 -3.80551 -73.5418 -178.275 54.3035
-13.489 -5.1666 0.806357 -137.927 -141.273 -15.1655
-13.4831 -5.42644 -1.93334 -139.201 -142.82 21.1241
-13.3368 -8.15707 -2.0241 -125.604 -171.987 27.96
-13.6811 -1.57369 -0.00717675 -161.836 -106.918 54.8335
-13.5704 -1.29008 -1.60585 -153.415 -95.592 -30.5307
-13.9369 6.62471 1.01314 -199.261 -70.5166 -16.1852
-12.219 6.43772 -5.91095 -32.5368 -185.29 85.0685
-13.3709 2.77619 2.11257 -148.998 -66.1855 -27.8538
-11.767 -23.6826 9.06124 10.3047 -225.005 -13.3441
-13.6466 -4.1367 -2.37567 -179.107 -41.1868 45.3118
-12.2012 -2.22754 -6.49635 -36.2788 -162.439 93.879
-13.4966 -3.69373 -3.10415 -165.104 -102.481 43.073
-13.4541 0.0455645 2.34943 -161.969 -93.9406 -32.1052
-12.4353 6.79063 -5.01264 -63.6772 -192.403 72.5012
-13.7691 3.71894 1.68546 -196.234 -28.395 -25.9952
-13.6493 1.99516 -1.62487 -189.192 -57.0057 29.651
-12.9763 -14.8594 12.8361 -123.721 -343.863 140.064
-13.5371 -2.6028 0.667206 -180.356 -60.3214 -7.39019
-12.6853 -8.05836 -1.5391 -96.6557 -182.049 27.5825
-10.1191 -9.04025 7.03912 157.427 -114.728 -100.25
-13.5291 0.516653 2.66982 -181.526 -34.7614 -41.937
-12.5332 -3.30574 1.3101 -82.743 -158.667 -16.6677
-13.4803 4.71468 3.90075 -181.295 -80.5337 -67.5456
-11.7115 -2.97769 -0.57754 -6.40182 -230.577 21.8315
-12.8319 -2.18681 1.33956 -118.088 -137.676 -13.4976
-10.6034 -23.1628 8.31155 103.09 -167.367 0.407651
-11.3409 -6.35897 -4.13156 29.6751 -186.024 39.9279
-11.2666 -9.37912 -1.8388 36.7679 -201.269 34.6431
-12.797 -5.50713 -1.0225 -115.416 -154.915 17.7741
-13.4819 2.1682 -3.19207 -183.761 -58.9711 52.4424
-13.6869 6.07253 -1.36354 -205.881 -14.746 17.6662
-13.2623 -7.07783 -0.488992 -164.037 -126.255 -3.99718
-12.8952 0.268651 5.04421 -130.032 -124.783 -74.7524
-11.5622 -9.21072 -3.43378 0.832198 -210.082 24.9027
-13.2779 5.23879 4.40209 -169.838 44.0427 -111.017
-10.1198 -10.5435 3.51946 140.407 -136.76 -58.8585
-10.328 -10.2775 1.9048 118.668 -166.142 -36.9582
-13.1425 -2.57587 -2.48845 -166.996 -84.5006 29.4559
-13.2591 0.602207 -4.37511 -179.452 -174.673 84.1188
-11.6609 -9.94113 3.5046 -22.0424 -208.257 -49.2528
-12.6309 -1.36006 3.50751 -123.119 -326.624 42.7777
-13.1246 2.55659 2.41404 -172.276 -63.4957 -38.0816
-12.0657 -5.67249 -4.34545 -68.9009 -173.791 59.7228
-13.4971 7.68024 1.40198 -211.45 35.3134 -6.30072
-13.1268 2.43924 -1.17776 -176.021 -25.1472 -18.8625
-10.5062 -8.08266 -7.5743 82.071 -168.242 105.443
-13.0367 2.89065 -0.0131461 -170.704 -68.1316 5.67278
-13.1743 3.49397 -1.33761 -184.648 -31.2573 16.968
-13.3543 6.05619 2.94284 -202.787 15.0309 -65.1231
-12.3967 -3.2058 -0.90922 -108.396 -140.503 10.3732
-11.7676 0.0898615 -7.22081 -46.5348 -162.242 118.458
-11.6612 -7.71336 5.12496 -43.2305 -189.015 -91.8051
-12.7728 -6.90529 -0.0744793 -156.92 -119.616 -9.61251
-12.5455 1.47934 -4.14555 -134.786 -104.377 62.5924
-12.8138 0.0428098 0.628868 -167.83 -93.5597 -9.50916
-10.3309 -10.0701 0.27095 75.0067 -187.009 -16.7848
-12.0742 -8.32023 -1.41495 -101.996 -169.85 16.3666
-9.20283 -12.5229 2.78323 182.654 -213.636 -44.6065
-11.7963 -3.21107 -8.1726 -76.2816 -157.214 114.641
-12.8259 3.44977 4.23676 -180.348 16.6452 -63.992
-12.85 4.81139 0.943465 -183.197 41.981 0.603785
-11.6486 -5.53119 2.20161 -64.3272 -164.689 -35.8236
-12.3352 3.11983 -5.27668 -134.852 -127.577 79.1097
-9.72024 -9.9204 -4.69321 124.703 -161.668 79.6062
-12.2466 -3.73685 8.26305 -132.918 -118.497 -114.588
-12.4578 6.35938 -1.42004 -154.748 -117.093 25.8699
-10.65 -32.4939 8.00735 24.022 -224.878 -75.309
-12.7682 5.39182 -4.55184 -190.519 -10.0449 64.4371
-12.4143 1.94744 8.28903 -156.863 -78.689 -126.065
-12.3709 12.0389 1.68719 -152.804 123.077 -93.717
-12.7987 6.72081 2.2797 -200.045 2.48793 -54.8254
-12.8573 5.87576 -3.92614 -206.078 22.6378 -19.2493
-11.1191 -6.80362 -2.32871 -33.4451 -176.969 42.9374
-12.2113 4.52254 -6.85315 -143.004 -89.1406 105.064
-11.3427 -8.60461 3.46301 -56.8993 -188.712 -68.221
-12.3394 -2.35568 -7.2794 -156.974 -80.317 99.9147
-12.2855 7.00896 -1.24661 -152.106 -126.219 23.2561
-12.6086 5.52187 3.8599 -186.195 18.6591 -18.5059
-12.286 7.17987 -4.73369 -158.093 -18.1613 94.6178
-10.4475 -6.58595 -6.43965 22.1519 -171.358 74.5029
-11.9529 7.89811 -0.849695 -130.449 -137.319 17.0514
-12.1782 0.239067 -8.51523 -153.109 -61.952 108.402
-12.5239 6.6813 4.81114 -190.338 -29.5804 -72.4201
-11.3629 9.56891 -0.853081 -75.0799 -202.615 13.9785
-12.1079 -5.36859 2.87708 -149.269 -102.592 -35.5646
-11.8486 4.65446 -8.74448 -125.287 -120.739 113.338
-10.5458 -10.8473 -1.54864 3.17448 -206.173 21.2924
-10.1191 -4.8191 -6.09134 45.4273 -239.927 78.7586
-12.4434 8.29838 0.281278 -188.879 78.3398 -6.4353
-11.6933 0.751653 -5.57311 -117.802 36.2324 -36.6727
-12.1761 3.92885 4.07314 -169.384 -82.3135 -54.2758
-12.5777 1.15071 3.50126 -210.014 -45.2684 -3.95657
-12.1132 2.7474 5.92973 -169.137 -17.544 -87.8676
-12.2177 7.04893 2.03215 -183.496 34.7108 -68.599
-8.94905 -17.1639 -0.49049 136.676 -117.691 -30.1172
-12.0198 5.1503 -2.99108 -168.908 -52.7763 42.5518
-12.2899 8.74929 -3.51811 -197.004 -75.7856 55.5539
-11.8436 0.736169 4.57837 -153.975 -96.6456 -64.3465
-12.4411 5.83812 -3.60839 -213.455 -160.392 99.5304
-12.2593 8.96569 1.20476 -197.455 72.9349 -15.3014
-11.6398 -9.09696 -1.74457 -136.171 -152.571 28.9272
-11.7369 -3.65938 7.79221 -145.907 -83.5867 -115.936
-9.00199 -11.8816 4.19031 122.837 -164.674 -69.8746
-12.0626 5.35991 -4.27719 -181.271 14.6978 42.6704
-11.4591 -10.8019 0.425845 -124.207 -165.01 -8.86384
-11.9482 6.2572 -0.33901 -173.62 14.3726 25.4416
-10.9027 4.45594 8.18276 -72.5486 -165.285 -121.101
-9.55124 -9.51325 1.32946 61.458 -173.97 -25.2132
-8.93846 -11.2621 -2.3921 122.134 -165.104 26.5717
-10.0347 4.56995 -6.10776 12.7185 -190.408 -32.034
-11.8265 3.94258 4.5381 -165.764 -54.5468 -54.8624
-12.1299 12.4168 1.10075 -200.696 76.0031 -23.609
-10.7233 -5.80594 -8.62899 -61.9064 -149.511 118.68
-10.1888 -14.7089 -6.20812 -9.56412 -211.733 -52.1665
-9.72415 -15.9021 -8.30774 35.2442 -126.03 109.733
-11.9918 8.06697 3.78146 -191.066 54.3785 -51.066
-12.0335 8.50914 0.104765 -195.741 50.4002 2.74464
-11.7017 4.13385 4.9569 -163.399 -38.5806 -73.6056
-11.7598 -6.28658 -0.0938808 -170.898 -97.7052 5.35651
-12.0005 8.09521 0.260978 -197.096 15.323 -26.2466
-11.127 7.91775 -1.1983 -111.841 -160.209 22.8
-8.75192 -9.33984 5.34127 120.952 -133.459 -84.9595
-8.58203 -8.57777 0.49042 137.073 -224.276 3.4241
-11.6187 3.84169 -5.47543 -166.866 5.239 78.1651
-11.0937 8.31281 2.42785 -119.475 -141.696 -31.2203
-11.6498 9.27202 2.32094 -181.376 -86.8847 -30.081
-9.67996 -17.841 7.01013 12.6262 -250.095 109.311
-11.2068 2.19476 -9.84678 -139.772 -86.2768 -19.6121
-11.5639 7.05503 2.34855 -178.829 -55.0008 -30.5261
-11.3121 6.97718 0.684285 -154.315 -124.894 -5.15408
-11.6129 -2.47034 -2.27499 -185.369 7.28409 -23.6106
-11.8175 9.61228 -2.56703 -207.486 5.56475 30.8374
-9.3689 -11.0419 -2.78224 35.6569 -158.708 40.2153
-11.3926 5.1368 -8.75099 -166.809 -57.5798 125.646
-10.901 -6.0777 -6.86792 -120.893 -120.926 98.4605
-11.5729 10.4122 0.150712 -188.332 -95.626 -9.22196
-11.4619 6.83776 0.475177 -178.269 -36.8994 -8.8782
-9.03606 -1.84748 -1.26361 62.0238 5.03673 158.942
-9.8445 -10.8466 -8.54634 -18.8021 -201.628 -27.6781
-11.6009 4.07152 2.09653 -194.474 -34.8963 -10.7811
-10.52 -7.27909 7.79912 -88.2298 -150.838 -109.656
-10.8117 6.00258 9.8623 -120.683 -107.714 -139.949
-11.4295 8.33785 2.65694 -184.992 54.7849 -53.9362
-10.9436 9.58479 2.52717 -137.674 -161.472 -39.226
-10.8544 -8.94951 -2.06654 -132.914 -140.988 33.4695
-11.1964 7.39684 -0.78379 -168.73 -90.6693 9.17899
-11.4624 9.79315 -0.517472 -197.578 68.7149 -2.37993
-9.63905 -1.3944 4.40978 -21.1377 -228.4 -29.6619
-11.463 9.71176 2.63951 -204.449 38.8203 32.6556
-9.28758 -9.80424 2.65741 10.1877 -188.836 -31.23
-11.2569 8.77137 1.49381 -194.679 9.7894 -28.1588
-9.45848 -15.9699 -1.58934 -16.8561 -189.974 -1.68469
-11.0901 4.90654 -2.25142 -180.212 -95.354 32.4594
-8.11115 -21.0085 0.472033 114.063 -399.24 142.411
-10.2945 -9.18375 2.29017 -103.513 -155.189 0.886286
-10.884 7.51943 -3.10844 -164.102 77.6236 36.6397
-9.37826 -9.13542 -2.71552 -17.3999 -183.114 16.4619
-9.03684 -11.7223 1.31639 15.1425 -197.946 -18.7737
-9.88843 -7.87478 -3.43107 -71.4086 -159.449 66.0036
-7.46744 -12.832 3.14368 168.317 142.86 -39.8616
-10.7527 16.4867 6.82982 -159.888 65.2055 -22.2085
-10.078 -7.52251 2.25435 -96.1828 -144.887 -36.7326
-10.6807 7.41212 3.42312 -157.456 -87.8693 -51.112
-10.9826 7.96294 1.49961 -187.81 9.37215 -9.82544
-7.87827 -4.29261 -6.42755 120.423 85.2784 -57.7541
-10.9491 8.44196 2.24878 -187.32 27.3374 -34.7505
-9.68582 -8.52868 0.558072 -64.8345 -166.824 -24.4669
-10.7708 9.82234 3.72942 -177.717 -97.2144 -50.8523
-9.62364 -8.66005 1.55926 -65.0165 -163.486 -13.4156
-10.9827 8.90107 -1.36986 -202.363 -15.8352 33.6683
-8.96263 -9.68433 2.52848 -3.34785 -183.022 -38.163
-10.9086 6.29877 -1.19274 -206.565 16.8271 -32.3817
-9.82379 -2.74203 -9.63798 -99.8751 -95.0458 145.746
-10.6581 9.04938 3.28584 -189.598 -27.7365 -34.6345
-7.33263 -13.1021 3.62952 138.14 -152.963 -40.6234
-10.4215 8.96418 0.86942 -168.781 81.4813 -4.97428
-10.6598 11.5857 0.126615 -195.543 -44.5449 -5.08213
-10.6757 6.08505 5.51609 -197.388 17.459 -84.7724
-10.4695 8.61803 4.08163 -178.413 -65.5446 -61.5209
-10.5067 3.63738 3.05337 -182.694 -87.9755 20.6855
-9.42439 -6.439 -9.85362 -78.4158 -135.663 147.946
-10.1247 7.4636 5.54555 -148.244 87.7103 -85.6563
-8.8951 -9.77586 -4.4135 -30.0275 -149.881 66.5808
-10.4959 9.89812 -2.06731 -192.924 -58.3612 31.4287
-7.69048 -8.80843 8.02048 85.4506 -135.339 -124.858
-6.32122 -12.7493 3.04859 220.219 -218.571 48.6832
-10.1001 10.555 2.48676 -161.487 0.257838 -59.1055
-10.1159 11.0527 0.0565243 -169.776 115.111 -3.85119
-10.1948 10.6727 -3.56347 -186.979 -68.5903 33.4357
-7.52516 -10.774 -1.94264 76.6357 -169.242 18.9895
-10.0928 8.51773 -2.33345 -180.282 -42.8013 35.2548
-6.99538 -10.1448 9.12347 125.996 -115.883 -123.839
-9.55129 1.51681 9.89066 -132.341 -4.40504 -145.519
-8.00359 -3.46805 -4.49148 20.431 -232.844 77.0064
-6.51706 -12.2826 -0.946234 164.626 -114.343 27.4324
-9.77539 7.65616 8.75856 -160.536 -56.5931 -129.737
-7.28481 -13.0142 0.474503 84.6299 -195.225 6.88377
-9.71395 2.36652 5.39511 -158.045 47.8502 -47.6361
-7.86556 -12.1857 5.55057 25.1214 -174.763 -55.638
-10.0334 10.1002 2.40311 -191.717 48.7041 -44.3475
-9.25325 -0.895465 -12.0931 -116.12 -52.2884 178.36
-10.1141 19.0232 0.630774 -203.414 4.32597 -12.2446
-8.47484 -12.1736 1.09941 -42.6886 -200.024 -25.5432
-10.0416 10.9669 -0.429502 -202.359 2.64637 13.9262
-10.0204 10.8609 -4.21687 -203.086 30.5513 63.7915
-10.0449 11.6428 -2.6001 -212.104 -24.427 27.8515
-9.52191 9.6047 5.1535 -163.509 87.492 -45.4202
-7.5303 -4.51531 -10.3514 33.1513 -123.609 -55.2036
-8.6306 -9.51324 -1.94901 -82.2379 -155.223 12.0282
-9.87295 -2.10777 0.425813 -206.979 2.99986 2.01246
-8.22775 -10.0665 5.95262 -52.7705 -175.123 -92.5929
-7.42077 -10.6474 1.35907 25.5725 -176.371 -25.9965
-8.96339 10.8504 1.43785 -128.295 -177.194 -17.0861
-9.70536 10.6406 2.29362 -202.428 -5.48514 -24.0187
-9.5562 10.5714 6.31968 -189.531 63.3468 -84.4569
-8.15493 -10.03 0.933837 -53.119 -169.899 -11.8783
-9.24719 8.4098 4.07336 -170.123 -43.4996 -76.5023
-5.73332 -13.0987 -3.43403 177.366 -102.966 51.3549
-9.24314 -5.4389 1.15152 -172.26 11.1374 -64.454
-7.91649 -8.79437 5.27767 -40.6655 -162.703 -82.1894
-7.61571 -12.2565 4.36451 -12.8574 -202.119 -77.3862
-7.34654 -11.4116 0.882174 13.2947 -147.515 -80.7078
-8.4266 1.98084 3.79393 -95.1526 -188.975 22.812
-9.15234 8.92126 2.41142 -167.848 54.4883 43.9334
-9.34214 10.7825 -3.68079 -188.406 -59.2576 66.4185
-9.06792 2.36249 -3.03007 -162.078 -64.9818 -95.5643
-7.37683 -10.5696 4.76361 3.07401 -176.085 -69.852
-6.05422 -11.9603 6.1762 134.334 -124.869 -108.276
-9.1947 12.006 -4.16458 -181.476 99.6344 57.8743
-9.22057 9.5512 -5.70156 -186.662 10.414 90.392
-6.9382 -12.1152 0.976263 36.4004 -190.493 -6.55262
-8.69651 15.4765 13.1762 -147.71 -81.2814 -197.244
-7.95197 -4.63672 11.6195 -74.7006 -105.69 -170.837
-8.79923 9.75763 0.167362 -168.756 59.3794 -19.065
-5.46534 -12.4506 3.90627 159.109 -111.971 -69.0197
-8.89006 10.5113 2.46624 -188.841 -31.1836 -41.6632
-6.54364 -2.20298 0.297512 38.6317 -25.1313 -175.395
-6.04174 -14.2852 -0.158623 77.7645 -198.874 -8.06285
-8.61606 10.1757 -6.63658 -179.525 25.0655 91.8938
-8.61671 10.6786 -6.62451 -188.465 -42.5801 107.763
-5.46024 -10.5671 7.63713 116.475 -125.735 -97.1657
-8.43973 9.92272 3.96857 -180.502 19.5205 -56.1523
-8.82419 19.7924 -0.529599 -222.845 -76.2721 -0.533566
-8.19251 0.214269 -4.29216 -164.765 -182.147 20.8936
-6.22603 10.5595 -2.30972 30.2037 -127.822 7.51075
-8.39425 10.7693 -4.03995 -186.279 -38.7247 53.6238
-5.61122 -6.15965 -2.61188 86.2423 -234.548 14.6456
-4.60603 -14.1184 -1.32486 182.879 -87.7707 19.742
-6.97406 -8.44126 -5.19011 -58.2146 -172.023 77.0926
-8.04951 8.47409 -6.61641 -165.293 -53.3458 97.7114
-6.38495 -12.8309 3.06851 -9.74251 -14.8935 -154.926
-7.96939 11.9439 -3.25153 -170.499 102.506 72.9613
-5.29683 -13.4531 2.2725 88.5753 -177.926 -43.5408
-8.02878 10.5149 -1.50842 -184.202 -22.8477 20.4235
-5.64392 -11.5298 4.76519 46.1083 -187.778 -79.9338
-6.41746 -10.0563 5.02603 -35.9888 -225.123 -41.6701
-6.13346 -13.4486 1.5405 -9.92718 -202.218 -29.8815
-5.79544 -13.9845 -4.19415 20.8115 -207.91 35.9769
-8.00227 12.149 4.5321 -201.5 -5.11764 -64.3009
-7.28699 10.2724 -4.60085 -141.073 99.7501 61.5725
-7.96064 12.367 -0.876708 -209.298 8.18381 3.94679
-7.56767 10.7604 -1.44129 -172.261 55.6762 49.0308
-5.47593 -11.6366 -5.33363 26.8024 -173.448 56.8618
-5.0759 -15.0503 0.736918 63.2426 -202.161 -21.5303
-7.51298 10.564 4.34825 -181.391 3.28865 -61.7805
-7.22825 12.8526 5.20367 -161.538 127.431 -52.1531
-5.81384 -11.2503 -2.01285 -22.1632 -173.669 29.2088
-4.90803 -12.8751 3.90692 62.3536 -174.593 -66.354
-4.06653 -14.3264 3.80179 145.313 -148.487 -48.3454
-7.19445 12.4272 -5.14279 -170.765 96.8534 68.8442
-7.39778 11.3997 4.13957 -191.02 31.3407 -53.31
-6.03679 -11.7624 4.65713 -60.2375 -170.542 -56.5084
-7.44216 9.48848 -0.112728 -201.686 17.2136 -12.8335
-4.77542 -13.3411 3.81071 59.9015 -187.607 -65.4524
-5.26505 -13.1702 1.98299 11.002 -181.587 -21.0069
-6.73157 10.5287 -4.96172 -146.47 158.396 22.799
-4.27108 -12.9671 0.126163 93.7695 -159.226 10.7242
-6.46895 19.1037 -0.581633 -135.253 29.3011 4.15759
-3.16802 -14.9569 -1.95993 188.074 -102.943 11.463
-6.3877 14.2299 1.34221 -132.781 168.438 -10.0891
-6.66236 13.7206 -1.7919 -160.768 139.861 -10.9029
-4.4742 -12.6759 7.07493 56.1248 -173.127 -112.556
-6.68801 9.73098 6.81167 -164.977 7.25064 -103.99
-4.43865 -11.8188 -6.57244 56.2657 -160.074 87.6092
-5.33723 -8.98376 -10.4131 -36.7872 -204.96 193.412
-4.13719 -13.789 0.231212 75.2238 -181.738 0.743288
-6.92354 12.9436 -4.75539 -202.203 12.3549 64.8231
-3.90053 -11.3787 6.23881 97.0061 -139.346 -75.4068
-4.78683 -1.54539 10.7314 -0.0202697 -185.293 -19.2843
-4.48484 -14.317 -3.69922 23.2121 -205.333 42.138
-3.60565 -12.8874 -3.16592 108.11 -148.848 47.5028
-4.65045 -14.8886 -0.350439 1.06992 -214.068 -21.405
-6.65586 12.279 0.139104 -200.959 -17.9711 -0.203587
-6.29888 13.8705 -0.999471 -171.311 114.442 32.9899
-4.54022 -12.4 1.72833 2.72735 -178.511 -17.7114
-6.19441 11.8428 0.178864 -162.876 82.6775 -8.43642
-6.29601 12.702 1.16973 -187.11 38.3843 -10.8388
-5.9515 12.5318 -6.47277 -155.307 115.574 80.6322
-5.68928 12.4203 6.49694 -134.025 -141.967 -96.1923
-3.64139 -13.2085 1.49635 67.3596 -174.208 -17.9241
-2.40096 -13.4086 -3.00604 187.36 -55.7986 46.0657
-5.68602 8.47933 5.05721 -142.549 121.276 -44.0922
-6.15203 12.3688 -4.72013 -195.931 13.3769 53.0295
-4.19965 -12.5106 2.52783 -4.91222 -190.895 -29.2136
-3.20307 -13.0316 4.07061 92.7519 -160.611 -41.3619
-6.11341 19.3372 -15.9364 -201.696 -158.608 212.642
-5.68562 10.9537 -7.01515 -163.948 -26.3228 104.071
-5.89843 12.5011 0.804292 -186.323 39.9096 -19.6827
-3.94412 -12.4846 0.488587 1.26034 -181.364 -29.5017
-2.83411 -13.7 -5.68502 101.807 -167.262 84.4393
-5.71876 14.0586 2.72026 -188.611 90.4735 -12.9543
-1.88819 -21.0308 -12.9471 184.354 -53.2483 145.919
-3.42321 -12.7903 1.52192 29.0489 -183.125 -8.9796
-1.88024 -14.3052 1.13071 180.809 -87.6224 -11.0225
-4.99987 8.76001 1.40804 -130.206 125.064 137.959
-4.77792 12.2675 -1.80647 -110.128 129.426 36.7243
-2.19804 -12.285 -8.38174 144.34 -103.193 119.997
-4.19495 1.61415 10.0614 -59.6995 142.08 26.5318
-1.76395 -11.0558 -10.3117 175.197 -121.727 345.885
-2.60621 -11.8043 5.42922 85.8206 -139.53 -98.0985
-5.53152 13.4571 -1.26926 -206.992 -40.8284 20.3216
-1.87502 -21.4477 0.557204 151.997 1.26175 -4.69416
-5.2964 22.1594 -1.41624 -189.488 33.5755 5.91454
-2.46626 -12.2278 4.08378 89.7253 -147.974 -58.5191
-5.0107 18.7421 6.82089 -168.661 53.7364 -128.279
-4.84005 12.396 6.93059 -157.917 88.632 -80.8486
-1.20738 -13.7928 -0.552564 202.832 -46.7896 -6.8782
-2.63627 -14.4727 -4.22773 54.1449 -194.187 66.1703
-4.03639 12.6596 2.85704 -85.3967 155.982 -34.1036
-4.36602 13.2439 1.90041 -118.773 150.457 3.86526
-2.08399 -11.4262 -10.6068 106.508 -115.185 143.625
-1.65767 -6.50093 8.76373 147.942 -226.519 -128.189
-4.12633 13.3287 0.714484 -102.713 158.824 0.805629
-2.6949 -15.0346 -2.51015 28.294 -208.88 25.7805
-4.95058 13.5662 -1.78405 -196.076 44.982 38.1929
-4.34966 10.7859 10.6435 -137.158 84.0859 -141.59
-1.80775 -13.8604 0.490186 112.174 -160.751 9.64803
-2.56695 -13.2606 3.16994 34.061 -181.856 -38.3242
-4.06761 9.47505 5.43576 -127.89 106.168 115.09
-3.98458 14.7953 2.31551 -140.317 127.486 -16.0823
-2.4762 -13.2214 4.70664 -2.13563 -182.026 -79.6153
-1.23645 -12.1247 -6.90234 111.85 15.6421 -78.5187
-1.95647 -14.1808 -3.41725 24.8947 -194.608 58.5335
-4.06374 -2.68463 6.67209 -184.704 -13.2584 -42.1191
-3.91772 13.7295 0.0947961 -171.939 -112.651 -5.41866
-3.09018 -7.38916 8.34884 -97.7061 -94.5086 102.489
-3.7509 4.24005 2.08143 -166.222 96.4948 101.061
-0.785166 -13.1761 -5.51168 117.935 -142.461 81.8872
-0.924793 -1.14323 -4.70075 98.2492 -85.9246 -146.814
-0.213403 -15.0724 -1.26487 162.133 -115.138 16.5866
-2.9086 12.1327 5.78455 -112.812 125.64 -87.7235
-0.323992 -12.2586 -9.49601 131.157 -107.59 123.494
-3.37296 12.6521 3.15578 -175.496 49.1452 -45.3178
-3.52371 13.4012 6.83857 -193.262 25.9382 -88.9298
-3.08984 10.7663 -10.6081 -156.112 23.4518 132.961
-1.16344 -14.8245 3.17437 33.0575 -200.591 -41.9172
-0.780853 -11.0807 3.52443 66.348 -149.85 83.753
-1.32561 -13.9658 -0.836477 9.15241 -190.674 2.17443
0.64569 -15.3766 1.05707 204.387 -62.0636 -32.7231
-0.357005 -14.915 1.12216 104.636 -98.5767 -46.6809
-2.32275 7.00364 9.63301 -97.3184 157.351 -55.7892
-3.10433 12.8081 -1.15913 -175.722 53.1801 38.7243
-2.2991 12.2664 -3.42307 -98.3887 137.284 51.9884
-1.70644 13.3157 -7.6927 -44.9227 145.679 118.586
-3.20926 12.5907 -0.0443619 -199.302 112.554 16.7096
0.214302 -14.1794 6.10427 135.304 -145.164 -88.7909
-2.46613 10.4946 9.33441 -151.172 9.6562 -138.243
-0.478592 -15.2342 2.36363 45.4182 -205.048 -19.1118
-0.346312 -21.5514 0.435574 54.1868 -139.044 -4.255
-0.00918284 -12.654 -5.04306 80.2866 -154.681 89.442
-1.88921 15.3823 -2.75602 -110.574 183.18 28.7531
-2.06184 15.867 -11.9537 -129.38 132.766 52.0026
1.23092 -13.7045 4.22264 195.997 -8.98699 -43.545
-1.28565 14.4058 3.11619 -62.4267 185.375 -38.378
-2.42534 14.0474 0.393878 -183.184 58.117 8.75422
-2.46063 10.3208 1.30793 -204.266 142.118 0.333669
1.47725 -15.0033 -1.89904 184.414 -100.026 39.9262
-0.659394 13.8475 -3.25662 -32.2566 188.274 46.2887
-1.45056 13.07 -3.27942 -125.647 127.5 58.0761
1.88389 -13.947 3.77013 201.587 -19.2003 -103.888
-0.413821 14.713 -4.85451 -38.3819 199.266 69.5685
0.875495 -15.1653 -0.0709068 84.5036 -193.258 -4.37633
0.845151 -8.84238 -12.3104 81.4207 93.6593 184.721
0.00606455 -15.4683 -2.28871 -3.17264 -154.137 57.9551
-0.116381 13.2392 -0.446203 -16.5851 180.459 19.2648
0.294174 -13.1585 1.45479 21.0828 -177.776 -1.67937
1.30512 -14.0896 0.693284 120.656 -149.783 -9.68306
0.867581 -13.0233 -5.65389 70.9665 -164.103 99.0576
-1.44095 13.2116 -1.61559 -165.572 122.752 37.6048
1.78978 -14.3943 1.73728 154.469 -107.552 -9.83467
2.28473 -14.1197 5.93172 202.542 -24.3898 -66.6646
-1.13396 12.2228 -8.91585 -144.822 89.976 137.144
-1.20733 13.0092 -1.52776 -154.918 97.0717 29.6082
-0.647305 12.8992 4.4692 -99.8799 148.629 -73.5067
-1.76897 15.4319 -7.2037 -211.468 60.5052 120.789
2.37545 -15.0189 1.53461 192.823 -57.4563 -22.8822
-1.15952 8.2544 3.63831 -170.177 195.036 -52.8371
-0.570416 15.4618 0.0847675 -121.831 175.396 -10.9667
1.79514 -12.9686 -1.9069 105.299 -141.931 24.904
2.41761 -12.7428 1.9199 166.296 -84.217 -44.3526
0.683132 0.0706064 0 -9.98676 0.965949 0
-1.11146 14.1137 -0.52499 -195.64 48.8562 22.4596
2.29664 -12.5856 1.30816 132.26 -115.067 -38.294
1.2095 -15.2642 -0.90057 15.6628 -139.026 22.0759
2.6207 -14.0294 -3.27692 148.203 -131.254 26.3449
2.7849 -15.4935 -0.382536 161.916 -130.203 23.0501
0.159542 10.9713 0.641786 -98.9273 -101.766 -47.9451
2.13639 -11.261 -2.95692 93.898 -154.13 44.0262
2.13284 -15.7162 -7.71984 91.0632 -188.11 -8.21215
0.741591 16.8523 1.41478 -47.2955 443.468 23.3006
2.50263 -12.2119 -4.98952 126.482 -115.542 54.0919
-0.780594 14.2736 5.27412 -202.205 -22.601 -79.1368
2.63909 -12.405 -3.301 137.478 -109.831 50.7092
-0.330818 11.3794 -8.21572 -160.51 51.6859 96.3457
-0.493577 20.1121 -1.60988 -177.617 11.2994 30.1209
2.23448 -11.4695 -7.1971 92.2273 -196.813 115.218
-0.780897 14.7141 1.64363 -208.653 14.0673 -23.2288
0.444064 15.3464 -1.85626 -91.4528 189.854 34.6451
2.7395 -9.31852 -11.4601 135.789 18.8204 164.3
2.38495 -14.7523 0.986587 92.0095 -183.686 -12.8598
2.27505 -13.4547 3.59694 81.0915 -174.273 8.09941
-0.117477 15.038 1.26404 -159.38 129.631 -7.36214
1.587 15.2196 0.376977 8.58195 84.6142 4.09775
2.69925 -9.3965 5.90837 114.576 -117.347 55.1561
-0.00373683 12.2538 6.80473 -154.452 78.0492 -92.9664
2.9778 -14.5961 2.77644 141.473 -144.692 -33.9433
3.36847 -12.8099 1.00927 176.408 -40.9832 33.2706
2.51303 -13.6613 -6.80879 81.7436 -173.216 100.998
2.33842 -3.3756 9.27169 62.7747 100.769 102.119
0.40349 14.9513 -2.59331 -129.643 163.041 28.6645
1.19288 13.021 -6.85733 -56.4723 173.66 99.0179
3.74911 -13.51 -4.60885 192.47 32.3958 62.8279
3.24348 -14.0231 3.91908 141.9 -136.398 -79.1777
3.0925 -12.1988 -8.09513 123.894 -119.351 132.913
2.95622 -12.4718 3.99356 108.466 -139.678 -66.5341
0.72086 26.7803 8.95822 -121.488 39.1295 -71.3003
3.76297 -14.0787 -0.833321 174.827 -102.517 -6.38046
3.63866 -11.8862 2.69416 159.07 -101.892 -86.1344
0.491735 14.8676 -0.588987 -153.707 143.799 -4.27149
4.04607 -13.215 -1.41343 196.266 22.6496 15.9641
2.6084 -13.2251 7.57366 49.3215 -177.273 -93.571
3.6896 -14.3767 2.64178 146.349 -151.012 -61.773
1.04255 12.8868 -1.28508 -119.687 133.909 11.4369
0.245423 14.1386 -3.66973 -200.163 30.0498 67.3642
4.17848 -13.2786 -1.56981 183.554 -52.1859 36.4476
2.4581 13.9654 0.0356278 9.91741 192.225 11.7259
0.925187 14.0167 -0.368333 -149.271 129.685 -6.5501
4.00662 -18.3812 -3.76782 146.059 -21.9414 35.3236
2.75356 13.3383 3.3426 19.2723 186.252 -59.3035
0.630651 13.6668 2.30283 -194.557 44.6098 -60.2986
1.07463 16.7023 3.63711 -153.213 139.931 48.751
4.6215 -14.3581 1.40764 198.176 -50.9734 -17.6446
1.96771 15.1691 3.17266 -66.519 199.647 -21.2278
4.40066 0.859293 -5.09419 174.311 -105.377 -14.4617
1.19951 10.4066 -4.92817 -153.866 174.74 74.3688
4.15937 -13.1196 2.35183 135.334 -132.596 -31.6502
4.55539 -14.0079 2.69261 172.932 -116.552 -58.7089
4.4404 -12.2845 6.87333 152.706 -88.4029 -99.188
2.27063 12.721 3.50591 -64.6621 165.28 -30.2872
1.96291 11.9652 -7.96708 -95.4908 135.304 108.544
4.02014 -13.5881 2.82228 108.52 183.856 -39.7127
1.47602 14.0758 -4.71274 -154.422 121.67 57.2162
1.74332 13.4518 4.96932 -130.075 125.662 -80.9828
1.81486 15.2556 0.121868 -123.917 86.5762 -82.1486
3.8358 7.78395 3.06568 76.826 -79.9002 -93.121
3.78133 -17.3091 -3.65857 70.3911 -121.459 21.0907
4.09147 -14.086 -2.63451 92.1571 -177.081 35.0794
5.22004 -14.2336 3.10965 203.855 68.2448 -45.1079
3.59724 -9.42799 -3.1236 40.0114 49.3486 -71.2463
4.93062 -12.6404 2.24436 171.551 107.128 -18.8478
4.92913 -12.4991 -2.35072 167.893 -83.0443 42.5828
2.56038 13.482 3.90423 -70.7696 175.046 -34.8632
4.0734 -6.67485 3.09368 76.0889 -209.071 -35.2588
3.08946 12.9588 -2.25466 -24.1488 176.399 24.681
3.21114 13.1735 -3.69565 -31.8956 185.458 39.467
1.89881 13.1304 -9.95282 -166.83 149.384 142.05
5.33526 -14.055 -1.09756 169.256 -126.226 -3.924
2.126 13.7863 1.52262 -161.697 120.411 -33.7431
5.87583 -13.4098 -3.94234 210.415 23.5392 64.2542
1.9432 7.65167 -7.80832 -181.361 79.7935 2.15096
5.62961 -11.8084 3.93006 179.902 19.9868 -51.5951
4.92767 -12.2743 3.32878 107.917 -145.08 -69.4659
2.93677 13.4117 -1.09375 -96.3706 165.666 -1.46148
5.28351 6.85344 -2.28129 132.014 -80.2689 87.1991
3.56077 10.7762 7.07532 -39.6983 152.889 -115.39
2.20831 15.21 2.06535 -176.381 123.27 -28.0687
5.90469 -5.82867 8.12485 189.436 -68.9025 -110.606
6.16464 -14.7234 0.225639 210.482 -12.09 27.6819
5.95808 -13.589 -0.351794 186.389 94.8105 19.0112
5.94285 -12.1385 3.53153 177.319 -65.0056 -62.3057
5.8282 -11.4675 -6.12183 165.117 -62.0797 79.3783
2.77851 12.2856 5.41132 -138.187 108.491 -87.254
2.70626 13.6544 -4.98614 -146.586 130.435 64.895
6.06381 -12.9523 6.61166 186.287 89.7055 -76.7616
4.34048 17.0482 0.0145581 14.5877 157.876 10.5962
4.01879 9.35705 5.34274 -21.3743 192.456 -66.6925
5.73147 -12.2121 -0.027458 148.094 -103.765 -0.0546594
5.78683 -12.5877 6.77917 152.844 -108.381 -97.6937
3.95877 14.439 1.88725 -34.0214 204.125 -36.9871
3.00506 23.5257 1.82004 -128.935 364.444 136.476
4.55621 12.9416 -9.26743 21.8798 192.443 -34.8894
3.06103 0.876361 -4.72295 -134.969 180.363 3.1956
3.50652 11.4959 1.05232 -95.949 203.676 -10.5706
4.51575 14.8538 -2.05104 1.29058 213.923 18.1823
5.51524 -11.4288 -3.6949 93.6956 -147.286 33.8647
6.19678 -13.641 -3.18323 159.304 -135.824 26.353
3.43337 13.7605 -0.302056 -121.368 164.892 2.77938
6.40548 -11.02 3.26733 173.651 -35.2208 -48.1281
3.06424 15.0382 -1.22243 -160.084 135.691 9.25549
3.97698 13.7512 -1.76665 -71.0354 183.381 31.6615
6.27764 4.33396 -1.39187 152.455 29.1883 -121.786
4.89867 10.3548 7.107 1.63351 158.26 -107.065
6.47242 -13.8362 2.51538 150.635 -139.32 -39.0908
6.8137 -11.4291 4.47295 182.343 -21.1773 -70.5775
6.69495 -24.1667 11.228 168.836 -42.1342 -55.6357
6.92679 -11.0405 -3.84409 183.22 -28.5483 50.9632
4.80058 12.4148 -5.86197 -28.8747 175.584 96.7289
4.63403 12.5993 4.15208 -47.3611 170.651 -68.7305
3.27264 16.94 2.7378 -190.297 92.14 -38.8369
5.35118 9.10993 12.1489 15.6435 131.058 36.7878
3.92593 13.0486 2.17401 -128.191 138.056 -40.1841
5.14532 12.6408 1.58447 -7.09452 188.403 -16.2429
3.52437 13.0429 -5.60531 -171.046 68.6073 90.1924
5.79238 -5.58977 12.3927 51.9425 102.981 -186.067
4.25392 12.5237 1.90287 -101.796 144.96 -22.4008
3.86625 16.2875 -3.04563 -140.722 453.123 101.126
3.9642 10.3176 9.45266 -137.67 122.376 -87.5176
4.62395 14.2685 4.67049 -81.0118 191.268 -62.2091
7.1273 -13.7863 -0.508738 160.187 140.85 -8.64775
4.91626 13.4575 1.90447 -61.6766 186.916 -34.3637
7.33277 -11.7446 5.21724 175.602 -74.6728 -87.6017
6.37442 14.3988 1.0194 75.6446 206.882 64.3374
4.12729 12.7404 -1.91677 -155.759 108.02 20.8906
5.11645 17.4382 -2.95305 -57.8047 148.091 30.3769
7.44991 -0.605496 3.32136 168.309 -63.2126 62.1492
5.69142 16.295 0.271234 -7.37227 176.708 5.42285
7.65435 -11.0375 -4.29079 187.143 -12.73 69.4092
7.80269 -14.3977 7.82079 195.086 97.0519 -99.5366
5.17864 13.2197 5.00748 -65.7833 180.198 -79.5535
7.75244 -11.3425 -2.07261 184.938 13.9483 44.5636
7.03726 -12.7229 -3.07886 108.905 -188.486 123.623
7.52844 -10.8987 -5.29727 156.787 104.266 73.5282
5.46129 11.0869 -1.33827 -57.294 229.199 10.6983
6.55598 -1.20817 0.278455 50.5578 214.398 44.0751
8.0928 -11.9643 3.6565 201.096 -38.3607 -59.3308
6.83251 12.9165 -2.51474 75.5459 116.912 36.1003
5.483 14.566 -0.934386 -59.6774 233.644 -248.788
7.82831 -11.7393 -1.28376 166.582 -103.289 42.6502
4.82274 8.0069 7.18388 -138.796 142.313 29.2087
8.2811 -11.798 0.807543 203.846 10.3076 -11.3969
8.04037 -9.74298 5.24437 174.28 -27.4514 -70.1473
6.59827 8.28498 -9.42739 30.4755 141.374 128.708
7.12744 7.84222 -4.50817 79.7935 -105.692 3.96433
8.20981 -10.7967 0.742365 184.882 -19.6605 -4.03993
8.11537 -10.0087 -3.64866 172.681 43.7728 57.7293
7.85528 -7.60944 11.1301 146.805 -21.9748 -150.199
8.3212 -12.2816 1.03346 192.726 -62.9329 -21.6042
5.68225 11.6229 -2.531 -69.7402 164.934 24.1044
5.49676 9.18872 -2.5985 -91.7125 205.973 43.3707
8.47944 -12.491 -0.672787 201.089 -53.6887 65.704
6.64769 10.3417 -7.02605 13.5047 169.425 93.6802
8.10571 -11.2504 0.633819 153.165 126.267 1.93875
6.38386 13.6487 -2.75311 -20.1871 201.135 47.6778
8.65676 -12.1315 -0.105297 202.803 -8.01931 14.701
7.52625 30.6402 -12.3694 88.9536 275.193 -8.73165
8.58331 -11.5345 -3.77025 193.252 47.5959 71.28
7.27394 9.33713 3.61354 59.7426 164.04 55.3444
8.21324 -14.6716 -8.35337 149.333 -149.298 -31.553
7.37597 9.82454 2.11304 65.4536 218.019 -26.4115
6.51824 9.60123 3.67113 -21.9277 281.303 -50.2759
8.43029 -11.0283 3.82668 164.613 -96.3683 -9.39858
6.66149 11.005 -1.14555 -14.5301 245.268 -45.7576
8.58363 -9.54792 -3.90841 175.378 47.749 44.3025
8.49121 -11.6853 2.62748 162.174 111.749 -42.6096
5.25236 12.7581 4.32698 -162.81 77.8389 -68.4934
8.58503 -7.99498 9.47052 157.282 35.4158 -126.287
5.57763 11.9444 -4.37579 -142.63 109.113 56.7199
8.77507 -5.75644 -7.7014 171.963 -12.3523 -0.923208
7.3095 2.68242 3.5995 21.0279 -107.844 49.7264
8.6083 -10.6248 -3.11929 145.441 -117.811 60.5699
9.06604 -7.1577 0.115193 190.764 -23.1837 8.11482
9.03905 -10.8408 -4.15465 185.55 61.5118 47.1843
6.63693 1.72152 -6.36931 -53.7635 -89.3495 -34.1719
8.9474 -10.9728 1.53991 174.337 66.1644 -51.3308
6.78056 11.8114 2.62349 -42.9499 187.111 -48.2032
8.38906 -12.2684 -0.833052 111.74 176.945 -57.5856
9.23755 -12.836 -1.14037 191.068 -0.0702719 25.2989
9.0349 -10.5702 3.37017 169.86 -89.0796 -67.2831
9.41702 -11.506 -0.0744233 201.894 -29.4691 8.67523
7.76961 20.0964 -0.787557 36.9007 468.385 -95.3639
7.28075 12.9499 -1.76862 -12.8346 206.37 21.8076
9.3713 -6.83256 2.69942 188.479 -92.7189 -34.1634
7.26256 17.8014 -1.88636 -23.8036 86.664 24.4689
8.07514 8.87456 -2.79603 53.79 216.147 38.7196
9.34082 -10.684 -0.120306 174.06 92.0957 -2.79601
9.14929 -10.1763 2.32814 155.018 123.238 -31.3657
8.02593 11.7607 1.63335 39.4787 189.537 -44.468
9.67043 -8.89282 8.74758 200.892 63.5216 238.431
7.21161 10.713 -4.41455 -46.4131 166.674 70.5316
6.8835 8.19208 -7.55145 -81.6694 177.839 0.901813
9.55826 -10.1072 -6.39705 183.171 54.7385 107.408
9.59048 -10.0001 -5.75326 186.178 -37.5043 97.1501
9.68655 -10.2018 -2.37051 195.272 -19.0037 35.0784
8.44959 3.44125 2.97335 69.6783 217.995 69.6514
9.60894 -9.98369 -5.98998 183.483 47.0704 73.7478
7.01838 11.0201 -2.07843 -81.6258 224.374 18.8618
9.80575 -12.1314 1.18632 194.645 -91.8427 -26.1202
8.73428 -4.61818 11.0047 87.5605 112.974 -158.001
9.709 -15.4634 4.39229 182.952 -131.71 147.394
8.87102 6.31666 -2.48364 99.5665 144.839 60.2971
7.40294 13.0221 -3.52602 -46.782 203.141 40.7733
6.9539 12.3934 4.01851 -92.4716 164.588 -64.6249
7.66781 11.8115 -2.64306 -25.1866 194.718 34.8806
8.38047 4.31565 -6.54113 43.2236 175.22 17.0646
8.93267 4.16059 11.5748 98.042 180.77 -180.592
6.90529 15.9021 3.34232 -112.554 111.382 -43.8905
9.97758 -10.0304 -4.07515 189.816 49.9354 74.0131
9.40951 -9.64264 4.08345 130.898 143.703 -51.6492
9.66954 -10.2757 1.07392 151.188 129.713 -7.16912
8.71436 13.0564 1.08706 55.8292 204.477 -22.5962
9.67825 -7.12343 6.52951 150.17 78.3533 -92.7592
9.80562 -7.48901 7.08325 161.389 63.408 -100.703
8.88547 11.2211 -1.25389 69.8984 183.309 34.109
9.69502 -8.71703 -5.00046 149.356 -97.0826 67.0873
10.0119 -7.34303 -3.7894 180.723 15.2932 -2.20142
10.0733 -9.05947 2.73274 186.576 36.2711 -25.5911
10.4613 -9.79302 -0.0843498 222.807 -2.03452 21.1056
9.82241 -8.55659 0.53071 155.625 -68.985 -43.3177
10.082 -12.2745 4.59089 178.643 34.533 -43.332
10.2152 -10.8606 4.5128 191.188 -68.5966 -72.2377
10.0639 -7.77336 -3.54246 169.68 22.3762 65.4138
9.38981 -9.13686 -3.46751 100.938 159 -72.8846
10.0017 -6.88858 7.29651 160.965 61.2974 -118.301
7.01062 12.3354 0.19016 -138.64 156.802 -3.91896
9.86986 -4.29037 -9.80989 141.651 37.442 146.055
8.73419 9.79637 -3.16476 27.1187 176.908 35.154
9.08388 7.053 -6.25788 61.1935 146.426 -48.9008
10.543 -10.5824 2.90464 203.913 -14.0394 -27.7595
10.3751 -9.24156 2.87008 186.566 -37.1161 -25.7824
7.98684 26.0566 -0.128668 -51.0608 289.667 -91.5102
7.86676 11.1255 -3.09226 -63.1806 169.27 36.1186
7.1028 11.7455 -5.79622 -139.512 123.768 89.6149
10.0894 -8.99334 1.26004 156.884 -97.7591 29.6857
10.0321 -7.72703 6.55618 149.236 92.2189 -87.217
6.88946 12.4503 0.5847 -163.083 107.639 -15.9492
8.31701 13.3059 -0.932008 -24.817 214.553 9.44023
9.98003 -8.84893 4.11887 136.912 132.246 -51.7369
7.6869 7.66677 -1.77378 -91.0311 -106.437 -32.2847
9.58885 -0.762073 -8.99887 97.4528 109.633 -115.94
9.65704 10.9888 1.50572 102.801 171.584 -31.505
9.96549 -9.52612 1.01338 131.344 145.767 -23.0066
10.4382 -11.4248 1.81579 175.575 -118.875 -39.6935
8.38967 12.993 -0.931219 -28.957 138.159 8.89402
7.07716 11.7949 -1.72196 -162.67 21.4754 101.734
8.59428 11.3394 2.44073 -12.7252 195.409 -20.2064
8.55341 11.068 -0.545231 -16.9278 201.663 -6.37376
9.71197 -9.07325 6.47972 95.9903 164.398 -86.3667
10.0845 6.7877 -4.58086 129.777 104.424 72.8081
9.88881 -9.72436 -1.88501 104.75 180.872 17.2727
10.7825 -8.59829 -1.36151 191.75 -5.23859 36.0864
8.75918 6.41351 10.2392 -9.58946 151.209 -158.191
10.1063 4.11479 3.15927 119.062 155.356 -6.20809
10.6068 -7.53654 -3.6564 167.506 -54.0613 68.8791
10.6377 -8.61766 -1.44297 170.23 92.7156 19.4528
10.5132 -9.84333 -4.40546 153.254 -123.503 52.1057
11.0925 -10.242 -2.68569 208.322 19.3161 44.8443
9.1636 9.36422 -5.74063 16.5663 174.386 73.1177
11.0905 -10.2745 -4.27321 203.878 -32.4799 62.9306
10.6051 -10.8331 2.55044 154 27.8211 -36.3561
10.1458 -9.23725 6.88453 108.202 157.536 -99.9701
10.1359 7.94949 -2.0419 105.993 142.026 20.0419
11.315 -5.00682 -7.01151 222.239 13.5982 22.6677
8.43231 13.1923 -0.353176 -68.7448 153.91 -5.1103
9.6264 16.4358 -0.477743 46.4156 506.663 57.7373
10.3388 4.22082 -4.67105 110.312 158.85 -65.6427
11.1675 -9.79736 0.833918 192.397 -63.8168 -4.24429
10.0848 9.80514 1.52437 79.5819 202.526 -59.4253
9.63134 12.0248 -3.50285 31.5122 202.675 59.2042
9.78948 7.1098 -6.19167 45.7483 161.697 80.3902
11.2566 -8.94723 -0.398125 188.953 57.8537 0.636364
11.4308 -9.78248 -1.65635 202.931 -31.3872 39.4106
9.64266 10.4703 -2.48736 24.9513 190.038 24.4534
10.6827 -6.98843 6.48965 125.254 126.844 -94.1318
10.3845 34.7919 -26.1094 93.9638 507.358 -386.038
8.3467 10.403 -7.42176 -109.919 151.953 96.7895
10.2532 -10.5273 4.67732 76.7479 190.473 -65.2418
11.2173 3.25463 -3.27224 172.353 130.795 45.268
10.8824 -7.77169 3.25362 136.634 135.405 -62.4641
10.8421 8.66497 -0.754421 121.715 64.6184 -43.7487
11.4083 -9.60644 1.66321 172.612 -108.84 -24.7753
11.0411 -3.96247 -6.54094 135.436 96.1048 102.471
9.43861 11.758 4.91565 -25.0946 196.436 -54.994
11.5385 -7.21137 -1.93049 182.499 20.427 25.7273
8.85984 19.45 9.73151 -84.3212 161.249 -23.6145
11.7981 -9.9768 -2.03256 206.356 51.8443 20.4092
9.60471 23.9442 -10.2658 -11.8144 218.952 -43.6033
11.3508 -6.22948 6.59628 160.44 -75.1091 -80.8233
9.81313 3.35983 -6.47389 3.51985 207.513 105.936
11.635 -6.55372 6.12282 179.778 -4.97931 -74.4613
8.67945 9.39524 5.96618 -116.007 135.939 -97.7455
11.7691 -7.50388 -4.03145 189.276 5.61047 74.4775
10.0689 15.203 4.22074 20.209 85.4109 -63.0703
11.4687 -6.03751 -6.24271 153.31 95.7983 81.7713
9.6424 5.35264 -8.99824 -29.5686 152.103 123.55
10.9762 5.06065 6.02094 100.778 193.581 -86.1577
11.8485 -6.31557 -0.528567 185.845 -22.1302 28.305
10.3209 -0.876309 9.98226 30.6144 146.151 -142.108
11.4996 -6.27986 -3.59005 146.126 119.363 53.3104
10.2769 1.20859 -10.7069 22.21 149.863 153.344
10.9413 6.80568 3.80212 87.6096 152.032 -65.1372
11.8812 -4.48901 0.105153 178.259 137.113 -3.93912
12.1237 -8.31596 -0.334447 200.682 12.7031 21.1444
12.2215 -8.74913 1.58886 206.178 -18.2268 -3.71271
10.5889 6.77154 2.82269 43.4463 169.294 -60.038
11.3957 4.64667 -5.97228 120.807 123.613 88.0906
11.2951 4.33619 -7.51528 110.331 128.455 92.5016
11.5712 -1.32721 4.78808 137.69 -101.979 -53.3556
10.684 10.7201 3.63547 47.5237 197.445 -37.0595
10.201 -0.471494 -4.56814 -1.49636 314.407 77.5366
11.82 -6.21625 -4.65952 159.145 99.0681 74.2393
9.59213 9.74247 2.25623 -64.2751 178.648 -36.2686
12.1026 -6.38919 0.993476 183.468 19.0376 -19.8085
10.1447 7.40804 -7.45202 -13.8385 169.769 99.2895
11.7711 -7.04349 -1.51142 147.127 126.489 6.01297
12.2926 -7.15697 -5.26229 192.497 27.8254 71.4718
12.274 -8.099 -2.98117 190.195 -66.0905 44.0467
10.8108 5.0623 -0.703748 43.1243 201.576 3.57977
11.2349 -9.40471 -0.32892 83.6927 176.166 -2.7821
12.4783 -8.25275 1.71429 203.373 9.51056 -8.46761
11.7771 -7.63104 3.15943 131.252 150.582 -39.1873
12.4527 -7.11952 -0.371932 198.2 25.6179 -0.138573
11.3536 -2.86072 -7.21858 88.8069 142.089 102.046
12.2492 -3.83376 -1.23865 177.041 24.5631 21.4
12.4589 -9.50296 -0.616908 197.259 -81.9418 17.4959
12.0834 3.76666 -0.898163 155.558 75.6709 8.58863
12.2421 -6.62998 -1.3614 170.982 72.3917 30.1069
11.6257 5.82124 -6.50953 106.35 141.407 110.215
10.2532 8.99936 -5.86238 -31.1038 186.915 61.3964
11.9946 -0.482835 5.32656 141.782 85.9646 -80.0809
11.7376 6.3457 -0.242533 115.547 142.62 19.1878
12.3442 -4.9646 0.011106 171.481 75.8578 -0.653664
12.2404 2.99624 1.14105 159.114 123.761 -25.0764
11.7773 -4.84251 -7.4627 110.043 141.012 107.13
10.9705 9.30635 0.0189267 28.7232 192.709 14.6571
11.8508 -1.44118 -5.39934 115.411 130.474 82.5765
12.3446 -0.0129873 -3.84919 164.44 44.5479 64.2292
12.6283 -2.49038 -4.51665 189.254 64.4371 25.3342
12.5414 -5.88224 4.98277 180.002 73.0783 -47.2363
9.92293 8.84442 2.41072 -85.4655 170.989 -10.2824
11.2203 -0.0989828 -2.66297 43.271 213.424 29.1172
11.0888 5.97401 7.85137 26.594 169.624 -122.122
12.1342 0.39696 5.70248 130.423 110.862 -79.48
12.4628 5.18532 0.0399159 161.519 102.455 -2.75418
12.4341 -4.29986 4.97974 158.412 90.2726 -74.7211
11.5795 9.46944 -1.79999 73.2543 112.254 25.9629
12.1173 -6.51969 4.5961 123.736 143.867 -63.0272
11.6736 0.820303 -6.72461 79.6323 -75.4132 -54.0257
12.888 -6.92282 5.26586 199.749 -10.6132 -60.2865
12.2731 1.70297 -9.51354 135.281 98.9516 134.777
12.5143 -3.27232 -5.07437 155.503 79.3626 62.6278
12.8656 -1.6312 -0.499009 188.118 73.7494 19.3613
12.9574 -6.34075 1.84509 195.853 53.3493 -28.9157
12.4108 2.5843 -5.00468 139.38 101.802 73.9761
12.0377 -8.41077 0.878854 101.853 181.636 -9.13401
11.2135 15.0087 -11.3512 18.7225 154.736 136.598
12.9486 -7.58257 1.77822 188.384 -32.5794 -10.7804
11.7614 6.21774 5.77403 65.9673 171.057 -93.1951
12.9665 -5.21696 4.39936 180.688 17.1316 -117.058
12.456 7.29011 1.14571 129.965 149.243 0.250598
12.5934 -3.1061 -7.06099 142.844 98.17 107.749
12.4593 4.73244 -5.11939 126.51 133.469 67.736
12.0512 8.59743 0.988182 85.9065 148.457 -15.7936
12.3976 -2.49318 3.17576 119.216 169.197 -43.021
12.6485 7.38847 -3.04707 140.996 343.302 179.992
12.3719 5.76303 2.45928 109.53 153.808 -20.1329
12.0636 -4.92082 -6.20496 76.4833 171.441 87.254
13.0638 -4.68126 0.827684 175.747 77.4865 -5.33701
12.5293 -0.540028 4.81885 122.578 128.217 -74.627
12.4243 9.94457 6.74013 110.909 167.907 -65.3681
11.4815 6.09234 -1.69405 11.9935 222.352 38.3042
12.4897 6.00369 3.81246 111.583 153.384 -39.7094
11.9838 8.96864 -0.895406 58.3042 197.303 0.570473
13.1051 -3.33249 4.87576 169.392 77.8057 -73.3185
12.9527 -4.87296 -2.40164 154.132 117.074 47.1779
13.5834 -7.69218 0.943423 214.481 -6.53848 3.97447
12.0229 5.42855 -5.82281 59.3001 104.101 141.848
13.3235 -5.0216 -3.41227 187.493 39.6157 53.4182
12.9524 -0.454185 -9.44048 150.401 -2.3095 -31.1419
13.1979 0.652827 4.68409 172.412 -7.65096 3.16204
10.3699 10.1198 2.84207 -108.531 166.682 -38.2994
13.1202 -3.96113 6.16401 164.016 103.67 -81.9026
12.9505 -0.445276 -4.18814 146.407 101.213 71.5854
12.6675 8.38021 2.54335 111.92 179.355 -48.6473
13.3739 -4.72807 -0.11929 181.346 80.3282 45.2933
11.9789 2.09522 -6.70485 42.4013 272.732 262.434
13.3241 -4.03679 -0.133392 174.823 86.2478 -16.6717
13.3325 -2.21686 0.398753 175.256 62.2366 -7.92072
12.2408 6.25484 -1.13475 65.3308 177.531 7.56952
13.1666 2.75273 -3.04591 157.182 97.3638 39.7481
12.5413 3.55169 -0.335793 93.5871 153.213 -2.517
13.1225 5.97652 2.08976 149.82 97.6675 -34.6941
13.6082 -4.88284 -5.14753 197.879 36.301 78.9205
13.6509 -5.61753 -1.43369 200.311 23.7257 -27.0331
12.6889 -7.28364 -3.12943 103.774 167.575 49.6164
11.6951 10.4433 -1.02172 3.91715 208.982 2.38322
12.4794 3.7229 3.62156 79.0274 159.915 -38.7003
12.7837 7.20331 -2.02292 108.81 184.672 -12.0201
13.5802 -1.03373 4.44527 185.882 32.5104 -75.1509
13.14 3.35177 5.2315 141.964 121.704 -61.4089
12.723 -1.08194 -6.2418 99.7951 140.162 91.9729
11.9804 1.93114 8.12873 23.0819 177.232 -116.085
13.6942 -4.43559 5.83133 193.271 30.0588 -81.6113
12.7951 -6.12974 -3.479 102.593 167.959 48.1904
12.6425 6.42657 -3.06528 87.3221 321.937 16.8887
13.7569 -5.58714 -0.204939 197.562 46.433 6.68155
13.158 1.8992 0.36129 137.748 123.426 -15.6104
12.6302 0.0386372 3.43986 80.8211 166.399 -52.736
13.3686 4.9777 2.40724 149.227 162.512 -11.7622
12.5832 2.78987 -4.53384 69.4455 166.944 80.0847
13.4479 2.42624 4.53073 154.272 102.61 -71.0318
12.7984 6.06755 -1.42009 88.7809 179.314 15.6708
12.891 -3.34417 2.68749 97.3591 201.111 -45.4361
12.9785 -5.80187 -1.29795 104.578 164.428 16.2624
14.0977 -6.21485 -0.319727 199.944 54.9585 8.42773
13.769 3.22607 2.99833 166.674 97.6454 -48.8632
13.4717 -0.819809 -4.88098 134.912 137.763 75.5437
13.4423 -2.96693 -4.5934 128.537 144.9 55.3321
11.4497 1.39314 9.60718 -69.705 149.451 -132.734
14.1748 0.644904 3.46303 192.905 -67.8485 -41.1606
14.2284 -3.75023 -3.29805 197.772 57.9579 -64.3356
14.0594 3.93402 5.30796 176.165 92.7017 -82.8157
12.2279 7.36462 1.42842 -6.05572 192.589 -7.24323
12.6158 10.162 -0.443427 32.2436 156.664 30.7435
13.5602 0.425458 4.83779 125.943 142.257 -80.8672
12.0743 5.9691 -3.15461 -22.7595 180.045 58.2599
14.0042 2.22987 -0.381278 166.124 107.96 10.2545
11.2735 17.8475 -3.54186 -105.436 150.143 -47.2732
13.1739 6.50888 2.72288 83.0723 190.575 -35.9825
12.6008 4.49538 -4.00501 24.5163 175.692 66.9127
13.3765 -2.63321 2.23172 100.703 150.78 -28.8866
11.7641 8.61903 2.19881 -59.8581 198.762 -41.2958
13.3233 5.97557 3.34151 92.032 184.08 -49.8905
13.6486 -2.27968 -3.84098 123.484 343.032 84.9544
14.2204 -6.24753 4.43282 180.165 85.6447 -25.3635
13.2326 7.40585 3.16679 80.9262 193.841 -56.4261
11.8491 5.03817 -6.35794 -57.7294 165.177 84.6572
14.3875 -2.71439 -0.631221 193.705 57.9682 -1.45636
14.0059 1.15619 4.35969 153.56 124.108 -68.6332
12.967 6.11335 0.790133 47.2148 273.412 -139.778
12.8063 -0.51024 -6.78514 30.672 226.755 71.7896
14.5096 1.75095 0.445408 196.39 37.9826 -21.1558
14.3013 -1.97096 -2.80007 172.609 90.4081 46.2161
13.3188 -2.85227 -0.994928 72.2167 175.931 13.0416
12.8579 4.0996 3.60859 26.2927 187.879 -44.1693
14.2945 -0.220541 4.25849 167.542 53.7212 -48.0458
13.2192 4.62628 5.01827 60.1829 195.057 -69.8473
13.0387 5.15759 -1.69262 39.7332 191.015 33.974
13.1683 -5.02073 1.33079 52.4755 331.814 -17.1736
12.423 -8.14926 6.37817 -23.7577 74.1574 -50.5642
13.8472 8.59244 -8.88361 116.679 137.602 31.9978
11.5237 7.73004 -3.15274 -117.589 165.704 51.2585
14.7182 -4.46935 1.01761 198.938 75.5579 -7.23986
12.6229 7.83356 3.0088 -9.55968 214.908 -12.6158
13.0687 0.794767 4.70357 34.634 270.2 -65.3169
12.6322 11.8974 -0.788885 -11.0692 176.625 8.97679
14.6806 -16.3653 14.5218 189.449 -60.3513 -52.5287
12.6066 9.85128 -0.90677 -19.411 198.699 42.1851
13.4439 -3.75764 -1.1136 63.2752 220.156 -83.0155
14.1176 5.56763 3.11422 128.767 163.379 -67.1522
12.0533 9.59113 0.939852 -76.9463 199.479 -25.9967
13.7528 -6.16251 2.20843 91.8294 131.756 110.344
13.9038 3.48025 3.49953 102.279 173.594 -44.7227
13.9528 1.06541 3.68637 103.917 34.4144 47.2594
14.4506 -2.48467 -3.29135 148.428 133.617 44.8016
14.6452 -0.174309 0.846183 167.446 105.755 -15.8867
13.3432 2.98312 -1.24273 35.5966 195.475 21.3669
11.4845 -10.0221 -0.949922 -152.027 162.959 14.107
14.0296 -1.78638 -12.757 97.2701 143.004 6.9878
11.7319 4.98221 -4.24965 -133.181 227.636 69.1296
12.3659 8.97335 -0.916642 -85.2357 42.7059 -7.03054
14.0376 3.39112 -3.80673 79.4639 183.798 71.1592
15.4503 -2.64016 -0.892328 214.253 -0.313311 17.1137
14.6675 7.07986 -0.620866 135.683 12.8875 32.8268
14.2698 5.79702 -1.55956 95.1204 -33.9752 -21.2811
14.9555 -1.60827 4.21705 154.387 143.534 -18.5422
12.9982 7.67332 -5.87467 -44.8453 139.067 97.6736
12.9974 0.769625 -6.2386 -46.6408 182.771 77.6262
14.6543 23.1465 -1.25872 117.233 316.922 -32.5244
14.9267 1.49233 -0.784516 127.669 158.606 13.8141
15.2545 -5.94391 -1.77215 158.157 -55.3767 44.4684
14.4539 0.78758 -3.92102 73.7054 138.067 55.5995
13.7771 7.44874 7.87195 4.64173 121.357 -126.146
14.1301 3.20367 -0.783532 31.4298 199.855 14.7556
15.6378 -2.3057 0.287494 162.542 139.512 -7.80773
12.4214 4.8939 7.41225 -173.94 61.604 -111.374
14.1897 2.84804 2.50593 -1.86001 196.133 -28.3974
14.5746 1.25081 -1.13575 31.2718 210.037 5.1679
13.755 -2.84329 3.24733 -60.9814 198.144 -78.1536
14.6971 -0.173299 -3.70125 31.121 204.179 67.5087
15.3632 6.5596 15.7241 93.5272 139.145 -96.0649
15.6763 31.8579 -9.17479 123.527 337.601 9.91693
14.4977 4.30426 -4.22445 -6.28511 144.623 55.6988
14.9599 4.99169 8.44564 27.8643 172.495 -18.9722
13.5726 0.915508 -0.233551 -113.492 337.807 -3.58286
15.5558 0.767306 0.796948 64.747 203.424 -5.4954
13.4449 7.24688 -3.05404 -174.787 32.6505 16.5721
15.1657 1.52909 -1.35714 -7.47107 213.539 11.9299
13.5089 4.32093 -5.48848 -179.038 279.264 91.9732
17.8349 6.15307 11.8397 193.793 189.555 126.778
16.1272 11.8829 0.643697 8.09872 74.0398 -4.55429
16.2594 15.2524 -7.46001 6.72038 141.077 78.7745
18.7393 1.94358 -1.45032 109.12 146.218 24.1019
nan nan nan nan nan nan
14.1808 5.82753 -2.84606 -85.254 196.161 25.5802
16.6233 -0.863951 5.60486 101.88 257.733 -3.03505
