-22.3132 -11.8903 -14.7487 -48.6333 -124.731 -30.6382
-20.216 -6.70591 0.452553 32.0462 -115.367 -31.1165
-20.9142 2.33362 0.200377 -82.9297 -17.7658 -21.155
-19.7469 1.3507 -0.647967 -74.4569 -97.0201 13.3237
-19.3124 -2.73811 0.0138206 -36.1506 -138.504 8.83413
-19.4763 -2.83832 0.33095 -73.6411 -21.4536 21.6574
-19.3896 16.4609 -10.9821 -66.3648 -58.7322 145.451
-19.2771 0.407605 0.605134 -72.113 -69.5514 -3.03207
-19.2761 1.31934 5.09993 -76.7783 -76.6208 34.068
-18.8253 7.12177 0.0398448 -34.9121 8.10513 -51.2351
-19.2353 3.59029 -0.00664398 -79.5823 -90.8236 -9.59989
-18.1068 -8.0459 -4.82768 23.9563 -232.667 40.971
-19.0626 1.75079 -1.64057 -72.8627 64.1027 59.8792
-19.2795 6.99129 -0.965858 -95.8868 -46.8114 2.94995
-18.6066 -3.45999 -0.2017 -47.2481 -94.2383 19.7601
-18.4334 -3.48917 -3.07679 -33.6379 -137.277 45.1312
-18.8541 3.3293 -0.0479773 -79.8154 -79.0331 -7.27913
-18.6674 2.57058 -3.03356 -61.3421 -118.046 52.6073
-18.8547 4.13188 2.18507 -82.959 -59.262 13.9878
-18.0132 -39.5648 7.73351 -1.56075 -79.3353 -71.4209
-18.4804 -1.35487 0.884534 -54.1407 -93.0132 -59.797
-18.734 3.05581 1.8325 -81.1102 -65.3058 -104.613
-18.6523 2.87558 -2.3422 -76.4686 -56.7574 111.653
-18.3013 -1.64147 -2.10519 -49.729 -48.7731 71.3728
-18.3891 -6.62868 -1.84056 -58.9222 -54.6797 109.136
-18.2994 -0.201276 -1.34342 -70.7467 -35.6679 96.4974
-17.9975 -5.65064 -0.0149062 -50.4651 -79.7498 -11.6278
-17.7857 -2.3792 1.36511 -31.8453 -134.54 -61.9096
-17.4952 -6.73216 0.218257 -10.3274 -129.35 -17.5152
-18.1287 3.06465 1.1771 -73.9175 -69.1704 -70.3171
-17.541 -6.66947 -0.575341 -19.1495 37.041 -33.125
-18.1643 6.4536 -2.57329 -87.6775 -37.9689 89.0265
-17.8093 -6.17471 -0.968521 -52.5569 -63.8671 63.4808
-17.963 1.41534 -1.44259 -68.1657 -102.985 -40.666
-18.0922 3.75604 -0.635414 -83.7758 -90.2681 38.0496
-17.5697 -5.25769 -1.49082 -39.3996 -101.294 90.178
-17.7185 -0.175978 -0.0802093 -63.0896 -69.9071 9.69383
-17.6963 0.604872 0.68699 -62.7667 -103.469 13.7569
-17.8293 7.7846 -1.19621 -77.2643 -23.1506 21.6364
-17.9276 6.93615 -1.21899 -93.6657 -64.7626 19.1647
-17.7471 -1.08462 -0.222475 -77.5974 -76.0344 -20.4448
-16.7127 -10.5256 -10.5524 22.6948 -77.6007 191.972
-17.5029 -0.312971 -4.22928 -61.5075 11.1927 29.2264
-17.5821 4.00475 0.128824 -70.3708 -50.7229 133.055
-16.899 -31.1936 2.21874 -3.00653 -120.67 20.0149
-17.4989 1.47125 -0.545878 -65.358 -100.165 10.3517
-17.7284 5.38874 0.331975 -89.2895 -71.1906 -2.41966
-17.7975 8.3206 -1.27109 -97.8881 -43.7502 14.124
-17.7017 11.1608 -0.0550083 -88.4186 7.15754 -19.6092
-17.5772 -0.0105092 3.10833 -80.2182 -73.7123 -53.1544
-17.318 0.273644 -1.78479 -59.4851 -91.229 97.8268
-17.103 -5.64062 -1.55935 -43.8389 -73.7008 93.4572
-16.8209 -10.4809 -0.445604 -16.8216 -105.702 80.3641
-17.1477 -0.0569624 -2.62495 -54.6518 -118.281 114.183
-17.5237 6.88268 -0.428186 -93.7207 -68.0035 -20.8891
-17.3926 5.34627 2.18797 -85.365 -73.3888 -98.8434
-16.9549 -5.74862 1.32183 -48.3216 -66.8539 -55.7861
-16.861 -9.93218 -1.71611 -39.9419 -108.97 26.7987
-17.2976 9.38396 1.11799 -83.4668 2.80483 -59.1257
-17.1846 2.67854 -2.7701 -72.6719 -104.493 75.6099
-17.431 7.00661 1.091 -100.938 -113.791 -31.8463
-15.8989 -7.62557 -0.513424 49.3332 -173.738 10.281
-17.5487 3.94059 5.39451 -118.214 -46.1781 -67.8568
-16.6646 -8.59541 -0.653247 -42.1454 -45.0915 44.8056
-16.4625 -3.98568 1.71335 -26.6429 -126.811 -99.8204
-16.6626 0.287318 0.501117 -47.0995 -136.306 -57.9205
-16.9169 4.971 -0.197298 -78.7199 -60.4104 24.2172
-16.8263 2.53384 0.358634 -72.0632 -47.8094 -27.2928
-16.5348 0.47852 9.37015 -43.8189 -1.07167 -37.1113
-16.17 -12.2615 6.72287 -8.03432 -62.3517 -88.8587
-16.2277 -9.71472 0.476788 -15.3783 -317.391 -100.993
-16.4116 -7.10733 -2.5047 -35.1138 -84.1761 89.7793
-16.2339 -5.23486 -1.49347 -18.1461 -122.256 104.209
-16.7199 1.7762 0.0125625 -66.522 -100.668 0.651012
-16.2188 -2.34041 2.1509 -21.2341 -147.763 -80.0722
-16.3967 -3.06641 1.23901 -40.3181 -92.0942 -91.6032
-16.9909 9.67943 0.110766 -100.435 -39.2325 -45.9936
-16.2834 -5.88811 0.215487 -31.2818 -95.6167 16.2035
-16.822 6.41052 1.00233 -86.1084 -56.2138 -93.077
-15.8052 -3.93961 2.09928 13.8217 69.5065 8.06675
-16.7746 6.31282 -0.502052 -82.548 -23.6862 -28.5158
-16.6131 3.35989 0.169144 -66.7816 -108.999 -35.7923
-16.4839 -8.06285 0.0589833 -56.9462 -54.71 2.696
-16.4797 -1.51066 1.19213 -60.3248 -39.2838 -82.8147
-15.8268 -2.11324 -4.85814 3.91547 -22.9987 -16.39
-16.3237 0.167512 2.32481 -51.302 -92.1877 -89.778
-16.3525 0.69882 -1.82835 -54.4098 -108.808 99.7715
-16.8774 8.35133 0.83077 -107.49 -86.9833 -57.8083
-16.5442 -0.735161 0.0420712 -75.6492 -151.313 4.18436
-15.7277 -8.99329 -1.55097 5.02221 -128.953 63.2628
-15.6673 -3.31434 10.9854 10.289 -138.028 -93.3228
-16.7238 10.1497 1.60957 -103.594 -41.6335 -84.5696
-16.2061 -6.86477 -0.14715 -56.3503 -88.4148 29.8606
-14.5353 -18.2399 3.8721 105.195 -19.8986 -120.287
-16.3795 5.93636 -2.84296 -78.6681 -40.4036 107.354
-15.2354 -5.41032 1.55019 33.9212 -116.095 -75.7128
-15.9462 -18.2304 -3.4689 -37.6209 -251.562 -179.186
-16.3875 5.64691 0.819487 -81.7225 -67.2511 -35.8278
-16.817 8.6858 -0.646906 -124.548 -65.1302 -19.1459
-15.9607 -0.621338 2.53103 -39.6232 -107.599 -143.053
-14.466 -12.9848 -0.410743 103.079 16.058 8.40572
-16.3993 10.8006 -0.588699 -92.9652 -10.8013 9.43284
-16.36 5.89542 0.328544 -89.3266 -112.043 -3.28047
-15.9465 -5.89953 0.496789 -54.2944 -40.839 -13.6942
-15.2378 0.920275 -5.71321 13.184 -158.035 -81.9936
-15.0659 -9.26352 0.918 26.0101 -138.54 -88.6218
-15.6818 -5.75209 1.87576 -37.8237 -71.9102 -99.2865
-15.8373 2.08441 1.56307 -59.2502 -129.643 -97.1593
-15.2099 -2.83494 -0.976579 2.80464 -150.656 40.666
-15.9352 12.1709 -0.616855 -73.9124 30.1162 33.1638
-16.2433 9.79047 -1.60715 -107.365 -59.9618 44.2726
-15.3999 -11.5134 -1.0166 -29.2308 -81.4935 7.60866
-16.0384 7.7441 -0.0350641 -95.0278 -54.1469 -41.0541
-15.4206 -4.87925 3.76543 -35.1576 -75.4244 -183.592
-15.2847 -8.72406 2.18988 -26.1681 -85.0924 -94.58
-15.7583 -7.33248 1.33236 -74.9903 -92.8385 -62.1894
-15.212 -3.9057 -1.69001 -22.2307 -116.501 98.5892
-14.8669 -11.5471 -1.23536 10.071 -121.127 66.7297
-15.3977 -2.51236 -1.95038 -42.7807 -78.9345 106.857
-14.9922 -0.513354 0.586343 -3.32372 -184.317 -23.1778
-14.1144 -10.2856 -6.78258 77.7121 -117.658 74.4055
-15.3837 1.87534 1.12436 -49.0108 -159.422 -15.6187
-14.9653 -12.6475 2.19054 -8.37831 -113.258 -3.24777
-14.9694 -13.5013 -0.575596 -11.9086 -100.537 60.1817
-15.4687 8.04723 -3.04215 -63.5962 23.5151 116.187
-15.1323 -4.13713 -2.30165 -31.8327 -94.8286 108.897
-14.9812 -3.58742 -1.32425 -20.1724 -165.904 59.553
-15.3288 2.03887 2.69868 -56.5175 -125.544 -114.605
-14.7629 -0.345516 1.41443 -2.83096 -189.664 -66.1735
-13.9944 -6.82379 0.949915 73.0504 -180.829 -84.6892
-14.6686 -3.92908 -0.812132 2.43008 -199.798 58.3413
-14.8014 -10.523 -1.99759 -12.8272 -93.927 60.9902
-14.7099 0.682866 1.05814 -4.59523 -197.211 -65.0393
-14.889 0.820738 -1.89037 -26.0647 -171.132 86.8611
-13.8918 -8.27693 0.822701 72.0808 -176.252 -12.308
-15.1105 1.44695 1.3372 -49.9859 -147.934 -71.4371
-14.4076 -13.139 -0.858337 19.2225 -119.942 71.286
-14.4293 -12.2382 -1.16627 16.9329 -123.197 50.2656
-14.6039 -3.83702 2.34932 -0.861873 -130.713 -123.575
-14.7208 -14.4866 -3.69679 -12.6813 -79.7756 103.572
-15.5029 9.39925 -1.64429 -93.2503 -30.4956 42.2969
-15.5201 11.8994 -1.50238 -98.41 -13.8618 94.3956
-14.6276 -10.3257 -1.47589 -11.8264 -95.9447 34.5191
-14.8465 1.56912 -1.44086 -35.0021 -184.634 56.0684
-14.1858 -3.50156 0.42978 27.4742 -174.282 -18.2733
-14.8853 4.65207 -2.38973 -42.0739 80.6554 79.6635
-15.1758 4.41432 0.604931 -77.0827 -140.463 -26.9758
-14.2939 -11.4651 0.714019 9.34435 -116.305 -23.4919
-13.9904 -4.21601 3.8162 36.1962 -219.38 65.4306
-15.1829 14.1136 -0.241385 -83.149 26.52 47.3321
-15.0555 8.47808 0.863633 -74.8978 -3.93543 -85.5884
-15.2377 6.7316 -1.53 -95.3218 -93.8203 41.1901
-15.2642 7.11902 1.05665 -98.8265 -112.478 -92.967
-14.232 -8.3598 0.381443 3.35911 -110.533 -0.0800728
-15.3724 5.6539 -15.843 -110.671 -116.658 -150.005
-15.278 13.8117 -0.151309 -104.249 -2.09244 31.0883
-14.107 -16.6541 2.11992 9.56271 -239.337 -35.8059
-13.5061 -9.64723 0.185223 68.9044 -153.948 -18.3368
-13.0881 -8.64139 0.786451 110.208 -177.431 -19.7703
-14.3701 -3.18995 1.92913 -20.5619 -124.645 -109.55
-15.1945 9.62525 0.887139 -105.615 -52.9934 -47.0622
-14.9743 9.61973 -2.55871 -88.2828 -114.261 69.4969
-14.9837 5.93816 3.40928 -90.5913 -63.6339 -23.9578
-13.687 -10.735 -2.02878 37.3814 -140.006 95.7466
-14.2751 -10.4562 -0.442205 -21.4544 -82.12 -18.5395
-15.1837 11.1303 -0.230929 -113.284 -52.6979 -8.14138
-13.874 -5.7194 -1.22468 15.198 -146.141 69.9053
-14.0713 1.19413 -0.461167 -7.3546 -217.285 14.0421
-14.5926 8.58083 -1.00179 -63.026 -98.5058 49.4159
-14.122 -0.55735 2.90565 -16.3406 -157.159 -145.253
-14.3419 0.202694 2.25381 -43.7132 -111.634 -134.856
-14.1541 -8.31185 2.24483 -28.4186 -77.0069 -118.317
-14.4862 12.8803 2.09578 -62.9972 41.3991 -75.9492
-14.6521 6.07478 0.88178 -80.5199 -72.8065 -81.7609
-14.7933 18.1055 -8.90058 -94.6222 10.2149 -99.669
-13.68 -8.73943 -1.8641 15.7458 -115.259 58.7978
-13.3789 -6.91975 -0.584104 43.815 -326.252 24.2039
-14.7993 10.0799 1.74259 -98.2708 -35.3373 -124.791
-14.2432 2.21143 -0.72843 -45.8514 -172.242 77.1919
-14.7234 7.17578 2.75046 -95.7731 -109.638 -105.819
-13.8625 -9.95326 1.96158 -14.1271 -84.6365 -141.455
-14.6682 7.02249 1.95855 -95.845 -117.229 -138.216
-13.4439 -8.15867 1.25278 24.8857 -127.82 -101.444
-14.6851 9.17952 -1.20779 -101.793 34.8877 48.5047
-13.5383 -12.6367 -0.329819 6.76742 -71.8682 20.6485
-14.6558 11.296 0.138949 -104.985 -87.6526 -30.0516
-12.5409 -8.72843 1.81377 104.6 -97.8318 -77.8736
-14.2996 3.96648 -2.37772 -73.2776 -101.005 153.947
-12.9561 -9.30351 0.363355 59.8611 -151.601 -27.2916
-14.2374 11.2529 -2.12291 -69.0873 24.5567 -17.5082
-13.7076 -8.20411 3.45171 -19.8885 -83.3884 -132.742
-13.0221 -14.7205 4.08063 47.068 -198.783 128.381
-14.4945 7.08976 -0.378613 -105.889 -28.5139 -6.35258
-12.4211 -9.20715 -1.23456 98.601 -153.104 42.1093
-14.1416 4.42265 -2.79139 -74.9904 -106.965 137.005
-13.2273 -1.52814 2.47813 15.1432 -184.467 -119.171
-12.8296 -11.0643 0.328436 54.1408 -132.818 -41.4581
-13.698 -9.83162 2.15854 -33.0003 2.35792 33.3365
-14.5458 10.9477 -0.409648 -119.279 -75.8442 -13.654
-13.6787 1.81477 -2.49362 -37.2031 -159.358 127.168
-13.9256 3.64768 -2.78842 -62.7496 -133.94 121.538
-12.6818 -9.93128 -1.90668 58.8324 -232.302 89.61
-14.2927 7.43644 2.04327 -101.487 -128.2 -69.9053
-14.1656 6.25352 0.201382 -89.3144 -154.038 1.63794
-13.0021 -11.569 0.739766 26.1664 -113.457 -14.4142
-13.9594 9.88546 1.01311 -69.8037 2.2246 41.7392
-12.2803 -10.7001 -2.61598 90.0615 -55.8736 164.781
-14.3312 12.8245 -1.65299 -118.982 -38.1195 -62.4065
-12.9917 1.85493 7.7625 9.70745 71.9571 1.58158
-14.1549 8.52225 0.88177 -111.377 -120.697 -88.4789
-13.0236 -2.33782 2.86457 -0.551705 -144.564 -139.112
-14.2509 10.0282 -0.321107 -122.763 -89.6904 15.5458
-13.6733 4.60904 -0.69993 -66.9448 -184.345 13.6463
-13.6462 3.59036 -2.57559 -65.9894 -117.616 126.232
-13.6332 10.9866 2.10742 -65.1593 25.8496 -93.1966
-13.1006 -11.0667 -2.35369 -13.6627 -135.739 116.949
-13.5237 2.49554 3.64083 -57.1847 -62.2611 -195.54
-13.4587 3.26713 -1.85624 -52.2621 -176.824 73.6663
-12.3155 -7.29867 3.51698 60.525 -202.995 -109.529
-12.6043 -8.33309 0.276558 29.9832 -54.496 -164.594
-13.8289 7.39364 0.398961 -92.2471 -133.196 55.6858
-13.7529 12.3437 -0.666332 -87.7098 6.14451 82.2283
-12.2112 -10.0263 -1.66584 64.7303 -137.289 63.5211
-13.3068 -9.53996 1.54277 -45.2709 -45.4926 -95.3626
-12.536 -14.6323 0.768322 30.5928 -112.308 -6.62065
-12.691 -12.167 0.69662 14.6761 -34.0565 -35.1434
-12.602 -11.3152 -1.896 22.3301 -108.014 121.453
-12.2016 -14.2937 -0.66028 57.8406 -68.3973 -30.0795
-13.2557 3.40099 -0.105536 -47.4629 -193.348 27.167
-12.7444 2.25552 0.384454 3.13685 -219.264 0.200139
-13.9063 12.9561 -0.171122 -112.705 -28.5547 26.0704
-13.9913 11.8374 -1.18996 -121.631 -48.0065 77.1881
-13.5962 5.48679 6.80755 -91.3357 -28.4684 -51.815
-13.3465 4.74278 -0.97671 -73.8697 -177.969 43.5061
-12.9599 -8.92846 -2.56754 -35.6948 -108.57 27.0509
-12.8656 -9.14114 6.35261 -26.4067 -110.92 25.8356
-12.62 -11.1825 -1.11969 -2.3155 -87.2579 83.2919
-13.5444 6.76919 1.92508 -95.6483 -107.257 -65.6871
-11.9243 -9.95813 1.23754 64.5366 -123.862 -86.2405
-13.5402 10.1711 -0.515129 -106.565 -56.4809 8.62742
-11.9883 -11.162 -3.06747 44.5512 -225.643 -276.717
-12.6236 2.74471 -2.64157 -25.8696 -201.729 135.003
-13.5307 9.35165 -3.48015 -118.325 -183.776 141.019
-12.5395 -11.8469 1.11177 -23.9933 -70.638 -31.5869
-12.7513 3.57402 -1.82806 -50.8695 -192.329 73.3471
-12.3472 -47.9464 36.162 -11.711 -208.645 161.234
-13.0417 12.9958 -3.04574 -87.2254 9.42735 34.4187
-13.0119 6.46299 -0.855903 -84.6625 -178.172 55.4444
-12.9273 5.82424 -4.01765 -79.7171 -85.7936 175.829
-13.0403 7.3105 1.23779 -96.4752 -106.907 -75.7255
-13.0289 9.5102 -2.21746 -98.3948 -42.4254 97.5556
-13.1398 9.50299 0.300943 -109.74 -89.7807 -53.372
-12.2796 2.37597 1.06834 -24.5883 -225.589 -28.0784
-13.1288 10.1462 1.40368 -112.35 -64.2238 -90.3899
-11.3295 -7.75462 -3.18567 61.5595 -142.739 157.684
-12.5433 13.3734 0.674962 -69.1403 31.0506 -74.6073
-12.0091 -15.5309 -0.248349 -24.4575 -75.8751 38.0087
-11.3505 -7.20503 1.34813 38.6019 -188.455 -43.8158
-10.7795 -14.2351 -2.21622 94.6689 -135.554 31.6604
-10.7361 -16.5026 0.38738 96.0606 -74.101 -13.289
-11.6434 2.75435 -1.88615 2.53885 -239.524 89.3646
-11.8247 2.36598 -2.7502 -18.0897 -206.646 120.268
-12.5793 13.8578 -0.327742 -93.0708 10.6573 -46.2978
-11.5921 -15.5467 0.689203 -1.1051 -111.187 62.7015
-12.3286 18.0097 8.42771 -75.2639 31.1002 -29.3208
-12.365 5.58436 -0.623901 -79.3709 -187.975 2.62539
-11.7664 -3.07536 11.8789 -20.2178 -101.667 40.5151
-10.0186 -4.26841 -0.186829 147.648 -193.764 90.9531
-10.4286 -15.4566 -0.643541 103.225 -107.505 -43.3126
-11.7103 2.60636 5.54112 -24.6445 -202.331 40.4317
-10.5517 -13.0599 -1.0093 88.8871 -119.122 16.1339
-12.4515 12.8847 -1.59722 -104.393 -14.5559 112.727
-10.9852 -11.3413 0.496875 35.9326 -142.761 -7.95866
-11.024 -16.1781 -1.93241 31.1954 -100.464 57.4493
-12.3054 2.69254 -5.04574 -97.1759 51.4793 -31.985
-9.56393 -11.8296 1.63007 171.914 -132.768 -41.955
-12.3546 10.6893 1.6409 -113.87 -50.3269 -71.1079
-9.90409 -11.5028 1.83152 128.279 -69.9212 -126.081
-10.5117 -12.9574 0.181737 67.9063 -154.002 -45.2778
-10.4236 -16.3288 0.817523 76.4715 -112.507 -9.07874
-10.665 -11.0518 -2.73537 52.3763 -108.419 161.1
-10.1185 4.63629 -3.88412 105.795 -120.934 88.0734
-12.6155 13.3673 -1.14434 -143.065 -89.9744 -22.8137
-11.9273 7.44591 -4.66078 -75.4861 -32.6645 208.208
-9.84204 -6.92195 2.83669 129.854 -155.55 -110.93
-10.801 -11.7422 -0.432178 34.1329 -102.678 72.1126
-10.6337 -14.7725 -0.517448 49.6948 -105.959 -12.7666
-11.9808 6.02661 2.14849 -86.5022 -166.213 -100.892
-12.2251 10.7794 -1.52404 -113.871 -59.4679 92.6626
-11.2092 -9.83707 -4.0136 -25.2202 -130.617 237.988
-11.207 -10.5064 0.125015 -26.9828 -84.2702 -70.0236
-12.3591 10.9942 1.27323 -144.979 -112.346 -83.4733
-9.84579 -11.4035 0.784969 102.534 -117.621 -72.8163
-11.744 7.3173 0.743079 -92.2346 -218.134 4.13219
-11.1989 4.7485 2.7005 -40.9873 -239.519 44.9735
-11.6591 22.7024 -7.97794 -102.798 -128.071 125.677
-10.1267 -4.22258 -3.92736 43.5915 -134.578 193.245
-10.6765 0.203258 -4.28391 -17.3539 -130.957 214.216
-11.569 10.8992 -1.23032 -109.013 -44.3159 64.6722
-11.7001 8.33096 -3.19446 -122.466 -167.436 112.718
-10.1763 -11.7802 2.70096 26.6449 -93.6831 -113.041
-11.6677 7.48251 -3.36946 -126.324 20.7931 152.836
-11.6105 8.71672 -0.340039 -123.278 -176.278 -19.1308
-9.80085 -6.18378 4.18103 50.6853 -123.596 -208.084
-10.0556 -31.7722 -1.55239 24.9434 -333.468 -54.0642
-10.206 -16.1359 -0.0621922 -0.780917 -84.6041 -38.5789
-10.0832 -11.2085 7.17674 8.2339 -80.6353 0.261912
-9.80762 -17.6917 1.98216 33.0922 -64.61 -68.3646
-11.2873 12.901 -0.978359 -115.402 -25.7537 78.9516
-11.558 10.1916 -1.19478 -143.689 -157.309 60.9374
-9.54953 -16.2944 -1.55863 51.025 28.7409 84.334
-8.06399 -12.3475 0.327904 192.603 -290.96 1.55638
-10.8415 16.9338 -0.877503 -88.3055 28.0308 51.5824
-9.55072 -17.5047 1.0591 38.0897 -96.151 -76.0269
-10.8952 16.6426 1.90032 -97.8162 26.2883 -44.9389
-11.0999 9.70658 -1.69496 -119.815 -98.2772 72.2514
-10.7323 -4.81048 5.38572 -91.2381 3.9349 97.6409
-8.45286 -10.0764 2.70147 131.763 -110.901 -117.932
-9.815 -10.4761 -4.99587 -3.5658 -168.285 -40.9638
-9.33651 -15.7052 1.35297 43.9396 -95.6547 -38.5124
-10.7695 12.2107 2.67409 -105.45 -23.7426 -111.674
-9.57477 -18.474 -0.184391 10.4285 -90.6863 27.3094
-9.4569 -16.9311 2.53763 21.145 -92.2037 -97.7751
-8.3053 -14.3745 -0.523638 133.055 -115.981 51.3592
-8.9241 -10.3276 1.37002 71.0246 -279.849 -99.436
-7.96772 -9.35426 1.04671 159.496 23.7447 -0.0780907
-7.97595 -15.2543 0.0613179 150.066 -109.969 29.2954
-9.91263 17.6342 -1.51495 -47.7297 78.8968 -129.808
-10.8373 14.3744 -0.635624 -142.782 -53.267 25.1435
-8.75425 -10.0463 2.07644 63.9608 -159.619 -137.446
-9.6612 -36.3611 11.1814 -26.8345 -32.7473 -76.843
-10.3138 14.7782 -2.62666 -94.9344 9.34017 132.28
-10.4772 16.679 1.09975 -112.46 15.0142 -4.04767
-8.45292 -12.3184 3.16413 81.4994 -98.7473 -138.282
-10.1027 14.29 0.0260262 -91.1332 7.84578 -0.139542
-8.62853 -14.1973 2.5526 48.0434 -89.4415 -103.56
-7.69225 -6.33207 -3.91761 139.57 -121.973 182.435
-8.85031 -9.78389 5.17209 19.2378 -124.675 -59.7126
-8.94269 -15.1934 1.13712 7.85461 -129.531 -53.1736
-10.1996 7.46125 -1.3307 -117.244 -180.633 31.9198
-8.61127 -14.6637 1.58336 35.8246 -88.7077 -52.5562
-7.95847 -14.3044 3.06021 97.4315 -102.959 -94.0793
-10.0733 13.8346 0.613316 -114.036 -12.3462 -53.5296
-8.04694 -28.548 10.5221 76.0282 -29.0209 -31.7871
-10.2658 10.8533 0.698143 -145.034 -110.233 -23.7045
-9.91662 16.3069 -0.363142 -121.023 6.8245 70.0543
-8.41041 -16.8235 0.0822652 20.11 -86.396 50.2862
-9.94793 13.4661 0.135862 -132.944 -44.8233 -42.7953
-9.82763 2.84441 4.97619 -123.294 98.5868 -22.087
-9.87479 10.7798 1.90839 -143.723 -120.823 -86.773
-8.44115 -13.82 -5.07031 -2.85771 -80.5239 -24.0012
-7.47349 -9.90642 3.69564 91.9067 -97.2492 -170.193
-8.59271 -15.359 0.979117 -19.7787 -14.5996 -48.9469
-9.15921 -3.28736 -0.972191 -80.0466 117.457 -92.3104
-8.46935 -16.6056 1.90306 -12.7764 -73.4562 -66.1504
-5.85736 -7.49167 2.12084 245.66 20.7941 -35.4505
-7.44705 -17.0569 -2.44599 86.5776 -92.4843 81.9768
-8.09681 -33.6851 3.95125 20.6266 -274.775 78.5233
-5.76845 -13.3434 1.68651 249.838 -216.181 -118.427
-9.12438 13.8289 -2.65844 -104.013 -6.16536 134.238
-7.37903 -10.8093 -3.60391 68.2927 -89.2128 209.152
-6.31645 -20.833 4.73147 169.804 -10.1418 17.3897
-9.28416 15.8897 0.951192 -128.105 -6.00747 -0.0806831
-8.19304 -19.7372 -3.09514 -22.9958 -83.6294 -49.6406
-6.12131 -12.4629 1.02254 182.206 -92.9703 -66.6434
-7.1268 -16.6534 -1.45705 69.9248 -94.4419 34.457
-5.77176 -12.1613 1.37704 197.348 -166.238 -89.8628
-6.94725 -16.6283 0.69749 73.3431 -101.798 1.88208
-8.99109 12.671 -2.02476 -132.192 -51.4775 -22.376
-8.05385 15.0879 2.09385 -44.749 51.4902 -55.0444
-7.49563 -6.26241 -1.75093 0.317262 -196.892 -36.8763
-8.51562 16.9222 2.10817 -101.129 -106.303 -56.8264
-8.63644 13.9393 0.572555 -115.092 8.42484 94.1949
-6.24343 -14.6757 -0.745921 122.099 -90.6069 47.3285
-7.14966 1.32463 -4.866 31.448 113.215 -19.1542
-8.02279 15.7565 -0.55533 -61.2764 43.7714 83.8659
-4.98574 -6.41069 -2.71625 237.92 -20.7594 148.642
-8.28358 16.0736 -0.987831 -90.6493 27.0115 43.9182
-8.9305 13.2564 -2.94121 -162.592 -75.027 99.1884
-6.4697 -19.0378 0.497471 78.669 -97.8471 -14.6747
-5.81046 -13.6239 -1.76973 143.004 -90.0047 25.5204
-6.39218 -16.1523 0.515439 82.808 -32.7706 -14.1888
-8.2466 17.8089 -0.213727 -103.551 34.6241 72.4029
-8.67825 15.1774 -0.568392 -153.421 -52.0788 30.6194
-5.41567 -14.5988 -1.19198 166.352 -77.5003 53.1185
-4.91019 3.24996 0.35378 212.238 -211.864 -18.9032
-6.84668 -12.1198 3.89698 18.2755 -67.7711 -177.664
-8.54519 12.9271 0.23247 -164.49 -78.4131 117.168
-6.8711 1.39952 -4.54615 -6.11904 -128.804 248.394
-7.98251 18.0805 -0.45099 -123.43 8.68367 -22.8945
-7.70207 16.9984 -0.742873 -102.685 24.1821 96.4446
-6.31032 -14.8878 2.981 33.5447 -78.3974 -130.436
-5.88589 -17.0452 1.13369 74.5579 -90.6075 -48.7506
-5.96737 -18.445 0.810992 61.0451 -93.0801 -31.273
-7.24493 5.67351 -1.12628 -68.009 -254.618 54.2267
-7.80899 14.0891 -0.1738 -129.793 -12.9802 52.1428
-7.45373 17.786 -1.28307 -104.125 27.564 48.8374
-5.57658 -18.6234 0.823659 70.5717 45.3945 -34.419
-5.28253 -32.8227 3.23987 99.5031 -76.8036 79.6351
-4.91421 -22.6223 -7.75533 134.733 -8.96277 87.2769
-5.07026 -16.8658 0.485343 118.106 -45.2674 2.08283
-7.36951 16.8282 1.98303 -112.487 19.6136 -45.5721
-6.7486 18.4438 1.11938 -53.1246 59.5465 -48.8671
-7.77971 12.3648 -2.22743 -164.035 -85.742 67.1679
-6.95403 14.8109 2.58115 -87.8745 21.65 -172.26
-7.60069 16.6182 0.306683 -152.16 -14.5174 -48.1057
-7.04987 7.55576 4.46931 -100.753 -80.2367 -222.87
-7.01923 14.667 1.17175 -102.925 11.865 -67.1732
-5.36459 -18.0628 2.57131 58.3052 -140.594 32.4313
-4.76278 -15.5721 1.48661 109.346 -72.9046 -52.9094
-4.91498 -18.3981 1.70921 91.7484 -89.7459 -59.9689
-6.18369 13.0162 -1.51725 -39.1107 138.337 52.1626
-7.55147 15.6495 0.188008 -175.416 -50.4697 36.0146
-4.75925 -15.1205 1.47422 90.1164 -73.4395 -92.2232
-4.9858 -18.0589 -1.51221 63.835 -181.892 69.3212
-6.85249 16.3395 -1.1925 -123.677 -3.73472 20.5246
-5.99982 -4.11866 0.48439 -41.3828 123.491 102.881
-6.52347 14.6922 2.5418 -94.1823 18.2088 -81.6879
-6.307 15.7456 -1.2404 -75.2317 37.6687 85.8293
-4.92704 -18.8809 0.793272 61.3854 -83.6982 -60.7621
-6.53964 15.0048 0.157435 -100.673 15.2376 42.6318
-5.24268 -12.4932 -11.946 22.8033 -53.0573 50.6518
-6.28966 12.2769 -7.08295 -82.3633 39.036 -8.1539
-5.73204 19.3792 2.49835 -36.0933 -11.4162 -43.5571
-4.49833 -16.7852 -0.661274 84.1237 -83.9148 60.3386
-3.67288 -12.911 -1.90958 161.378 -55.4028 126.77
-4.75565 -20.3747 -0.423927 45.3785 -44.1233 -2.91777
-3.58814 -14.3448 3.22292 153.748 -62.6059 -135.876
-3.65295 -3.10888 2.66373 132.621 146.038 16.2843
-4.00248 1.53817 6.77154 92.6565 90.3772 -13.4587
-4.75631 -17.9618 9.34594 11.884 -80.8829 -32.6315
-4.28466 -17.5591 -0.839104 41.4024 -79.3838 25.1185
-4.36586 -14.5179 -2.59489 32.0377 -68.4846 142.766
-3.38611 -17.3622 1.18423 119.777 -122.107 -30.7983
-5.2421 19.2558 -0.428654 -64.6562 60.8043 18.0564
-4.31735 -20.3939 -0.374854 16.8257 -22.4075 -9.22352
-3.26595 -13.284 6.61325 118.894 -100.489 -52.396
-5.11715 16.8159 2.39562 -65.876 94.7881 -150.554
-5.00402 17.9381 2.53982 -54.7486 59.049 -135.39
-4.53208 6.60901 5.18256 -10.622 -107.845 41.3403
-5.08792 15.1741 1.09736 -68.0163 58.6579 -58.942
-5.17723 16.2597 0.826862 -80.3795 36.256 -34.9423
-4.98794 20.255 7.07281 -65.5464 58.1103 -45.5279
-4.01723 -20.3782 1.18335 29.7227 -86.7148 -30.0132
-5.27079 17.5143 -0.279135 -97.2393 35.5045 13.2571
-2.95881 -16.5278 -1.32758 128.879 -60.1213 84.3199
-4.77236 17.7924 -3.44147 -55.801 61.3902 17.4534
-5.86793 13.7341 0.721177 -186.71 -53.085 2.27579
-5.3519 17.1953 0.546166 -144.11 -1.69337 -23.237
-3.23717 -16.9222 1.85263 58.2097 -69.6501 -125.163
-4.20228 -0.473032 -11.6467 -39.2522 -111.728 -26.4909
-2.84747 -17.5858 0.81193 87.7291 -125.897 -18.5578
-3.98016 17.6929 -3.46654 -25.5706 65.599 134.082
-2.2299 -17.7969 -1.44109 146.216 10.6679 61.4563
-2.78515 -20.7988 9.32254 89.9744 -106.033 212.509
-4.81153 17.4355 -2.33704 -117.582 30.8268 119.835
-2.61663 -15.8616 1.40329 100.19 -65.691 -38.5035
-2.52663 -20.4027 1.56032 85.822 -11.133 -46.9064
-2.80559 -14.8084 -2.42206 46.2682 -105.389 95.1882
-2.30874 -17.7881 -1.68765 93.2668 -68.2087 104.213
-1.48259 -14.563 2.03785 171.285 -28.6338 -118.455
-2.45901 -16.9161 -1.30483 73.3366 -64.0489 88.8449
-1.43128 -16.2107 -0.0334097 169.888 -53.6676 4.74751
-2.2182 -18.2269 -0.501514 87.8606 -72.4942 43.2487
-3.08118 -18.0993 -0.914708 1.85988 -72.725 75.0191
-4.19624 14.4617 4.13553 -117.612 10.8931 -173.545
-3.65756 19.9461 0.211914 -68.367 66.4049 3.36593
-2.32066 -19.6784 -0.396728 56.9855 -80.929 45.4392
-1.70269 -15.1221 0.804399 118.254 -118.432 -55.916
-4.63758 20.323 6.40569 -175.105 -96.863 -216.859
-3.52552 4.57979 4.51972 -65.8619 -142.829 -246.648
-4.52344 15.5801 -0.618236 -171.931 -20.6601 17.4247
-4.43403 13.8864 -2.74532 -166.2 31.5511 -374.788
-3.18807 17.0654 1.58999 -56.5106 55.3907 -125.79
-0.668775 -11.1114 -1.96092 191.485 61.705 -101.277
-2.50158 -18.8551 -0.43199 8.07158 -73.6957 -10.0735
-4.28913 13.7039 1.07089 -181.254 -42.5334 -61.0721
-0.489527 -14.632 0.0304975 190.565 -9.62679 18.0282
-1.77652 -14.7051 -2.28257 59.2606 -60.8789 149.874
-1.30038 -19.0891 -1.98377 102.875 -70.7815 86.6497
-1.89313 -17.4287 1.14045 42.3588 -66.6493 -37.1225
-3.26104 16.4909 0.607638 -94.5029 -15.189 48.74
-3.33872 16.4603 2.05153 -109.13 35.3041 -109.711
-1.7355 -17.9272 1.9031 50.0062 -73.1525 -59.9788
-3.5963 13.4593 -3.33081 -141.493 154.876 172.672
-3.54359 18.8274 -0.329863 -146.546 -147.672 7.93774
-2.7351 16.4185 1.38109 -70.7021 49.6236 -113.156
-1.07201 -18.3645 0.472585 89.6763 -67.3774 -39.9294
-3.63863 16.6769 1.33276 -187.123 -11.6337 -23.4787
-1.68953 -16.2818 -0.471688 3.294 29.5556 -1.02931
-0.0341393 -14.2373 1.91203 163.606 -14.3806 -79.8063
-2.73373 10.1333 8.75572 -106.859 -96.6161 21.917
-2.54324 3.94167 9.15214 -92.7631 67.7876 97.0503
-2.99778 14.3347 3.27461 -142.016 6.84418 -162.855
-1.59932 18.1802 0.0380841 -5.51569 18.0129 -25.5772
-0.264675 -15.9718 -0.908842 118.633 -41.9613 32.7123
-2.24216 17.6874 -0.760933 -111.049 46.72 -5.13905
0.499052 -11.9072 -7.31865 155.074 -70.4977 23.3918
-1.54672 23.7125 -0.237853 -50.0422 -24.9336 6.7202
-1.57991 14.8692 -5.96254 -63.7116 56.125 -49.6052
0.193143 -17.0736 -0.564706 108.381 -100.646 16.4914
0.94156 -13.8846 -1.46681 179.139 18.6964 89.8315
-0.979169 17.6515 -1.22261 -16.5392 66.4968 11.4189
-1.80552 13.9888 4.42504 -107.951 23.2639 -198.849
-1.13073 20.4096 -1.42662 -43.2312 76.3066 32.9671
0.165286 -17.8429 -2.24391 79.7622 -61.884 57.3534
0.871827 -16.3293 1.17647 141.399 -64.5914 -77.5334
0.211541 -16.8396 -2.04981 72.4086 -58.4917 50.6054
0.925747 -16.1976 -0.539798 139.615 -32.3 50.2116
-0.259826 -0.0951262 0 13.4549 -0.367395 0
0.708837 -17.4605 1.01226 104.859 -54.1117 -6.18826
1.21595 -13.2591 -5.32659 148.217 -37.1664 141.596
-2.19593 15.4208 0.491131 -192.38 -19.2535 -26.4232
1.126 -17.741 0.170797 130.246 -51.0469 -4.5095
0.5415 -20.1678 -2.06614 71.9723 -72.0002 40.3573
1.69051 -14.9002 0.972675 165.247 -7.97934 -31.4785
-0.895761 15.8143 -1.59363 -95.7969 46.6355 79.3938
0.103065 18.8761 0.0335275 2.83286 29.9139 -66.631
-0.984907 17.7688 2.11685 -108.941 53.5452 -113.141
-1.38707 17.6783 -1.69314 -155.641 32.7457 68.5156
-0.105849 19.8968 -1.36073 -37.0357 75.1856 58.5724
0.879962 -17.3899 2.65017 57.8381 -63.8148 -133.979
-0.63921 15.1533 -1.42509 -93.3178 42.0997 123.411
1.76141 -33.1509 -6.26438 133.977 -159.89 -107.64
-1.96264 18.6854 -4.34565 -236.953 105.185 -22.001
0.96348 -29.9795 -2.0409 46.6801 -275.021 -10.833
1.91832 -6.93356 4.04625 139.669 -152.702 -35.0857
0.669064 -17.8142 -0.265638 13.7969 -68.3056 -19.999
1.53562 -15.1505 3.30109 97.4301 -37.2817 -149.944
-0.52143 16.4246 1.16246 -119.758 42.8969 -63.4291
-0.350889 16.9534 -2.16826 -103.495 52.2609 64.2083
2.27682 -14.5162 -1.77985 140.569 -11.5012 113.748
-1.01571 15.0428 1.26674 -195.232 1.08429 -68.6504
2.74329 -13.8198 1.85014 174.576 28.7648 -117.659
0.853607 18.8025 0.661672 -17.1111 72.3278 -7.62918
0.469511 19.3685 1.45886 -65.6537 71.9546 -87.1093
2.62738 -16.4703 2.16972 147.466 -21.4553 -91.1698
2.77359 -17.8674 0.759311 161.787 -16.6229 -16.4968
-0.627713 14.7803 -1.07867 -177.338 13.4353 87.4197
0.870796 19.1261 1.0067 -35.2728 74.3198 -74.8517
0.117406 14.7725 -2.91271 -112.004 44.8463 108.979
1.6755 -19.7535 1.89422 30.9421 -74.7816 -94.3823
2.63711 -16.3806 2.69957 121.429 28.0757 73.1104
1.68228 -18.6165 1.28374 23.8747 -71.0247 -62.9807
1.09473 17.8807 -1.4796 -47.5094 69.3882 55.3808
2.91046 -16.129 -1.60524 126.358 -18.64 105.21
0.554018 16.8493 -0.47742 -111.688 51.4836 -8.57345
3.62252 -18.0527 -1.08187 189.794 34.6903 52.8789
0.902339 17.5736 -0.704128 -84.149 63.0157 25.9956
1.40435 20.3649 1.32768 -43.3097 81.0429 -39.8357
2.73399 -19.9892 0.449486 83.4983 -62.1725 -43.1668
0.109146 14.7135 -0.104758 -189.379 16.6706 -30.6022
1.06987 18.3416 -0.228826 -94.4563 65.6737 0.926003
3.1721 -15.9136 0.739897 112.43 -29.7571 -18.8441
3.6542 -16.2438 -0.186748 156.795 -11.7343 40.0932
0.824491 13.5934 -3.39957 -139.792 38.4174 137.678
0.736911 14.7895 -1.73458 -159.564 28.1344 137.47
3.23971 -6.17593 1.07349 88.1304 164.51 46.5696
4.08351 -17.5942 -0.858141 170.278 -4.52131 38.8094
3.51669 -24.8994 -5.44566 111.816 148.575 123.949
2.25163 17.852 -1.42085 -15.042 69.8058 102.211
4.02949 -16.6567 3.90344 159.759 -41.7078 -192.993
3.97753 -16.5416 2.19154 145.953 -10.8635 -82.5455
2.01935 17.5103 -1.03223 -48.9508 73.719 18.3006
4.48691 -9.45858 6.79658 172.847 -17.9181 -55.2504
3.03628 -16.6931 2.71658 27.8639 -37.182 -156.904
4.2018 -15.1265 1.79501 143.574 -82.6302 -99.1091
1.63398 17.9158 -0.511762 -114.128 64.615 53.8379
1.98286 15.8679 2.78932 -79.8362 60.0759 -121.995
3.26412 -19.0086 -1.43047 46.1401 -64.6587 55.0609
0.81921 6.40899 -1.40397 -199.121 -213.381 56.554
2.01895 17.0681 -2.37907 -79.9551 65.7037 147.377
4.28936 -19.4764 -4.86577 142.146 -8.98235 -18.039
4.07453 -18.7254 1.30231 116.822 -41.2811 -42.9415
4.28617 -16.7634 0.547874 137.657 -18.3198 3.24605
2.15493 18.148 -1.11648 -85.3363 73.898 83.6279
2.18782 17.2934 -1.17032 -88.4 65.6323 85.0787
1.99031 13.4334 1.79764 -114.224 164.273 -30.7339
3.98215 -16.4275 -1.42065 83.455 -42.6231 95.2142
2.30515 20.1491 0.0872634 -90.3294 75.0238 23.9789
4.81911 -17.9943 0.664159 138.598 -24.9227 -0.266588
1.84988 12.8852 -3.79594 -158.659 32.6343 171.304
1.73167 16.7541 -1.8054 -171.648 45.0505 60.5443
4.66451 -19.5967 0.300123 103.294 -48.6622 10.2282
3.15285 19.6124 1.81498 -51.0699 82.8251 -62.3531
3.42713 17.1811 0.578115 -28.0609 74.2583 29.2955
2.65875 19.3637 0.415049 -109.706 77.3596 6.01008
5.28049 -13.4481 -2.81066 135.867 15.0649 128.295
1.85621 18.3176 -0.92471 -223.594 102.391 58.2657
3.86286 17.5297 -1.22594 -24.3762 82.4662 42.9771
5.54896 -17.6601 -0.86061 139.426 -11.2934 15.1153
3.39035 16.5603 -1.46148 -79.1354 86.4258 102.892
3.90148 17.0093 -0.915506 -33.4251 72.3258 27.3936
6.09263 -13.5488 0.0341184 175.489 54.142 68.7895
5.77526 -11.778 3.93665 138.962 32.2856 -140.911
4.0551 20.4137 1.03968 -32.72 86.6044 16.4383
2.81709 0.86308 7.62851 -159.789 -104.365 6.89199
3.90218 16.1645 2.74992 -61.0014 73.0882 -86.4764
4.21234 7.69068 -8.783 -32.6928 152.468 90.2995
5.5693 -15.8559 0.901062 100.637 -22.8658 -73.5075
5.44024 -19.7927 1.44244 84.3779 -56.0547 -44.1313
5.36876 -11.5383 -6.56934 69.7522 -90.5842 114.912
5.38451 -15.4831 1.23545 70.8555 -36.9664 -69.1329
2.86739 15.21 -0.548483 -179.247 138.711 0.338612
4.25649 17.792 -1.02696 -45.6585 69.7698 32.0334
5.9459 -13.8284 3.15866 119.672 4.35984 -181.591
3.51789 18.1207 -0.652686 -124.241 82.8352 -2.81412
3.23928 32.1251 -5.28113 -155.785 207.706 -122.074
6.62311 -13.4664 0.927119 177.789 70.1763 -84.3467
6.50298 -18.0815 0.387283 152.902 127.493 -37.5026
4.38798 19.4079 2.46094 -57.9137 87.365 -60.3144
3.20389 19.1227 1.46058 -181.406 -13.7398 23.1465
6.3554 -14.7627 0.332553 128.053 3.49007 -36.4904
3.84678 12.3742 -2.79067 -127.735 58.8848 164.663
4.44593 -4.92332 1.77556 -69.1198 184.621 -22.3916
4.0025 15.262 1.06039 -118.85 75.2818 -29.9827
4.43741 2.79694 5.73102 -78.7054 7.05755 156.353
6.23465 -18.4967 8.74052 99.744 -8.38663 -127.439
3.56769 12.7775 -1.79662 -166.224 53.599 111.25
3.69144 15.55 1.19678 -168.539 68.3055 -39.7251
6.05721 9.73038 -10.8474 64.8491 32.6589 -33.1226
6.83469 -13.9264 -1.39583 141.805 -115.194 71.3505
3.72331 16.0804 -1.29937 -169.591 63.6945 90.1127
5.73066 -6.27469 -9.75898 23.86 -113.978 45.4107
6.92497 -15.8182 0.136606 135.831 -17.7217 -44.1263
6.41358 -14.9676 -2.09221 79.3805 -27.6349 116.711
3.52435 11.8739 -2.76804 -207.659 39.166 136.305
4.8608 17.1681 -0.63507 -79.4384 84.8146 12.4365
7.59559 -11.7862 -1.93649 172.574 117.423 105.668
6.46915 -16.4679 -1.34851 47.5529 -50.7302 49.5292
5.95283 14.9072 2.55353 -4.10492 118.941 -241.329
7.6624 -14.087 -0.305476 164.537 53.4595 -23.3483
7.81618 -13.4267 -0.652468 178.245 88.1716 31.6694
4.10644 13.9493 -1.08552 -192.689 48.2782 75.8362
4.29149 14.2521 1.40934 -176.142 74.4511 -102.112
5.73565 18.7419 -0.334419 -33.1784 86.0189 36.8179
5.87251 15.8323 0.773004 -20.2286 75.9226 -39.4538
7.33495 -9.5635 -3.48939 116.155 63.2186 185.418
5.95061 11.798 2.59361 -35.0595 -74.5758 157.279
5.49277 8.19613 10.9938 -80.6259 77.9008 -22.1657
5.65535 15.3942 -0.307539 -73.2092 82.4193 32.1599
7.13993 -17.1537 -0.656158 62.1737 -48.6585 4.17357
6.00953 15.0806 1.9814 -61.8995 51.8088 77.0382
5.03238 14.7192 -0.413157 -174.985 75.947 45.5336
6.0621 16.6926 -2.98261 -75.8518 70.4925 86.8821
8.0525 -10.2739 4.79051 116.239 52.9374 -189.475
6.3854 15.3159 -1.80456 -53.1139 82.6997 94.0105
8.3928 -14.3451 -0.645658 144.599 44.8586 -5.01076
6.87597 16.5398 -2.99834 -12.1891 129.353 71.0082
5.8311 1.45339 -4.31885 -116.319 -17.0562 -148.478
8.78172 -15.6449 2.21107 173.97 52.2186 -155.501
6.34381 11.007 1.32068 -72.6683 181.166 -98.4457
7.94851 -11.964 -8.71491 84.727 -28.6636 -64.1156
7.89955 -16.7932 -1.80412 74.6661 -41.8765 9.58559
7.36956 16.176 -2.16679 11.7472 69.6719 81.5427
7.96658 -15.2155 0.334637 64.2452 -30.0444 -44.656
8.30005 -17.3734 -1.48779 96.2281 -11.0643 29.9728
8.73525 -13.0861 -0.30326 133.393 40.7337 -41.992
5.80695 26.0981 -7.32676 -163.161 -11.0258 56.438
9.14418 -13.9364 -1.16217 162.907 -54.5138 8.64411
6.3037 14.3142 -0.308245 -119.341 88.0573 31.2684
7.13991 17.6897 -1.19599 -40.7293 94.0783 97.9122
8.51334 -12.3629 -4.52678 90.9543 -0.277049 197.308
8.9639 -12.811 -1.2282 131.36 43.2177 61.4374
8.97956 -7.02754 -5.28431 120.617 -55.9258 -74.6942
6.4396 12.8598 3.06146 -144.003 92.7938 -144.532
6.52679 15.2496 0.3351 -136.59 95.7242 16.6195
7.02483 15.1377 1.07388 -95.3944 64.1832 -54.3953
8.84788 -11.9805 -5.95253 80.3941 -50.1754 -111.76
9.32165 -8.23078 0.101736 124.507 192.935 5.41533
9.63323 -14.9235 -0.53189 153.423 -12.9912 -15.0049
8.12509 13.3045 1.93242 3.56259 93.67 -103.296
7.4336 17.0771 -0.516765 -75.0759 94.0567 25.5133
9.70355 -12.6772 -2.97835 145.96 68.7552 124.975
7.3515 18.2974 3.56019 -97.4589 2.21997 -153.318
7.35109 12.4377 2.66843 -109.118 178.167 -110.92
9.88627 2.81505 -4.43127 134.74 -6.6801 82.6516
8.35467 13.2968 -1.83531 -18.3179 83.0564 108.378
7.8235 15.0782 -1.27106 -72.4299 99.1488 45.6367
8.00006 14.774 -0.920733 -58.3002 94.8524 50.8557
9.65407 -13.9348 -3.33543 105.867 6.72585 118.494
9.58492 -6.07721 -2.42963 79.043 209.781 129.03
8.08542 24.2423 -9.90267 -77.2567 98.1279 -48.2729
9.87329 -11.6041 -2.94303 86.5649 -48.7605 73.3524
10.1713 -18.326 -1.61834 114.154 80.7937 159.476
8.98997 14.6297 -0.415778 -8.99022 80.9443 16.8323
8.91506 17.5451 -0.0945639 -20.3534 92.8014 29.9867
9.04213 14.8404 -2.07371 -9.79442 85.2909 122.144
8.39437 2.4849 6.46836 -79.762 198.757 -13.5524
8.85223 13.7222 1.60828 -34.365 65.0681 -88.74
8.84587 14.2942 1.82676 -48.7768 98.6848 -33.0403
8.43526 11.6494 3.1203 -90.8827 105.763 -109.556
8.89788 20.5418 1.45592 -49.8035 58.0177 -9.37843
10.1569 -18.2751 -0.836211 73.1756 -50.9594 18.0487
9.54878 7.69072 -4.38623 11.3851 61.3055 229.71
8.54954 36.273 -4.47208 -93.9121 -24.1892 120.978
10.6041 -8.73809 2.61639 105.395 98.0113 -139.503
10.3129 -17.8094 0.36969 74.7957 104.764 -7.63258
10.5428 -14.9748 2.94001 95.9758 -16.0514 -115.175
11.0551 -13.473 0.264728 138.686 53.1273 -45.7949
9.20304 9.03067 -2.86643 -47.2703 191.427 56.2318
8.65653 15.1289 0.434186 -109.34 112.992 -43.0457
9.304 16.4323 8.4651 -50.7292 103.28 -34.0489
11.1343 -20.6439 1.04398 130.526 121.884 -14.8817
9.29126 20.1758 7.24454 -61.2096 85.7782 3.47521
9.17013 16.5882 0.63505 -74.8572 107.275 -29.3165
11.0151 -13.2446 0.130878 100.975 8.18428 8.64497
8.96422 11.9508 2.27088 -103.607 120.218 -63.3631
10.9272 -14.6755 3.58654 82.87 -67.4157 -53.9652
11.4759 -15.4606 -1.95078 126.868 16.467 29.9865
8.04922 3.84295 1.03947 -218.944 169.518 -47.4579
9.01522 13.6944 0.591033 -124.249 118.437 -27.5494
10.4034 13.6737 1.30385 13.3793 71.5629 -23.9014
8.92654 9.28667 2.65515 -134.526 121.029 -140.868
11.3953 -16.114 -0.247803 107.683 -5.90669 -35.8557
11.5558 -12.3625 -0.0351446 123.627 50.3115 22.8137
11.3548 -16.8506 1.94911 95.9231 -29.2968 -2.65205
10.6652 4.71395 -4.11748 26.1362 179.804 5.85481
11.2315 -12.4462 1.94424 74.326 -17.5682 -85.6137
11.9392 -10.4451 0.422414 144.321 127.881 -26.5532
9.04135 5.95601 -2.6877 -146.127 146.375 164.624
11.5212 -8.80944 -2.44013 99.4513 60.1169 138.042
11.9325 -12.4872 -0.658842 121.603 53.0266 17.5297
10.6887 13.2053 -0.913528 -8.55868 84.6631 22.4588
12.1072 -11.3396 2.34108 130.348 72.7524 -78.9123
10.7372 13.2038 0.344953 -9.14369 88.4982 25.3405
10.001 28.5247 -7.5165 -89.4759 36.1348 73.6603
12.2702 -11.5944 6.75605 135.684 271.689 -295.991
10.9712 10.3005 3.6147 4.59218 75.3608 -197.503
11.879 -15.6622 -2.79646 92.7339 -24.2918 81.4455
10.1444 15.2819 2.17032 -79.7418 121.897 -45.375
9.88543 5.62948 -3.23837 -107.249 142.229 181.517
12.1645 -14.2432 2.17261 101.083 -0.294471 -95.715
11.1401 12.3765 0.763628 -4.74409 86.478 -81.5188
10.523 10.4981 -0.237782 -74.3977 182.523 -23.1549
10.9257 12.0327 0.581835 -46.5553 109.212 -53.6912
12.7223 -10.1895 -0.115433 131.329 99.7198 1.12969
12.544 -11.3698 -0.407143 99.849 24.5449 -52.9883
10.2536 11.5371 1.1873 -134.85 130.114 -65.5601
11.0129 15.8622 -1.40065 -60.2905 115.301 67.2831
13.0003 -11.8104 1.96916 130.594 77.5793 -89.5297
12.1089 2.57442 4.54586 38.9352 39.8863 -239.566
12.8079 -9.40702 -1.71489 108.255 69.2955 84.0706
11.5499 10.2167 3.53716 -18.8094 91.8714 -163.385
12.2698 -3.49236 -0.681294 51.6281 230.048 24.8586
12.7299 -5.63316 2.48284 90.4254 104.843 -131.183
12.0558 5.66001 3.50014 20.7435 64.8875 -194.094
13.0355 -11.1007 -1.8207 117.515 50.3244 75.1918
12.8373 -14.0111 0.367936 95.5536 -8.57072 -86.4135
12.8377 6.03496 3.06254 88.984 161.725 -47.7133
12.6984 -10.8397 -4.85369 70.5339 177.273 263.583
12.1533 11.569 -0.728416 15.7578 76.0723 47.7238
11.2803 22.0023 3.81004 -71.9417 37.9804 -22.6467
11.737 13.2446 -1.37241 -41.6501 113.594 115.795
13.439 -8.93649 0.537669 126.596 49.694 10.5211
12.0714 1.72683 -3.06183 -10.6718 175.874 162.466
11.9238 14.0185 -0.715967 -27.4473 107.237 83.6879
12.2705 11.5582 -3.11534 5.73994 82.972 149.774
13.3577 -8.47083 0.629347 107.204 91.9558 -28.2771
10.9664 12.6235 -0.246739 -133.035 144.983 8.30209
11.9436 5.46431 2.30576 -39.4704 143.361 -153.567
12.5943 13.3826 -2.04526 20.7282 73.7849 14.87
12.9253 -1.18404 -3.73019 51.1701 14.2408 195.621
11.8625 0.66669 2.29413 -54.8709 207.017 -115.239
11.9746 7.50999 2.50816 -51.4569 127.699 -126.991
13.5929 -9.39737 -1.57313 101.141 50.6316 76.524
13.5079 -10.614 0.504148 88.3491 14.4341 17.9178
13.7502 -8.15218 1.72233 106.534 107.663 -74.7872
12.4468 10.4935 -0.713069 -23.0027 107.102 46.5637
12.5629 -1.49628 0.272967 -11.59 243.658 -18.1283
13.9254 -10.5144 -1.79053 122.605 87.5228 87.5444
13.5161 0.141638 5.93115 80.6372 73.3176 63.3754
13.7147 -9.80943 2.69936 99.076 47.4818 -126.203
14.1553 -11.1606 0.636511 129.75 77.3088 -9.4635
13.7875 -9.711 -3.62275 85.1373 13.0221 -22.176
14.0207 -7.94064 2.14653 106.937 110.436 -140.083
11.9344 11.362 -1.87291 -102.427 138.589 73.3403
13.9487 -5.91301 -0.970028 86.4903 95.7408 95.145
12.9852 8.19682 3.27362 -13.4941 116.381 -156.713
12.6435 7.83736 2.57355 -47.9709 145.377 -130.183
14.0182 4.40483 1.18907 88.3988 -46.9657 64.5781
13.9644 -11.44 -2.98237 78.7944 -11.3456 75.1787
12.97 10.9289 1.78273 -21.8288 114.146 -82.2409
12.4012 6.6608 -1.25907 -79.4349 166.324 68.0618
14.274 -8.18283 -0.746372 105.4 99.2654 53.5099
13.9467 -3.71707 -3.11924 72.6748 -25.9289 78.7794
13.636 -1.60103 -3.89556 32.3004 135.789 190.527
14.2904 -13.9676 1.68676 96.8378 -5.61959 -79.3786
14.0859 -4.80256 -3.27337 74.4463 102.111 173.999
13.9732 -9.56359 -1.95255 61.244 -26.1688 113.259
13.6113 -1.49243 0.275296 22.3667 195.064 -28.2489
13.7217 9.47911 2.67853 31.8746 64.8637 -133.561
13.1167 0.599238 1.93315 -28.9504 215.688 -98.0431
11.9603 12.2379 0.421489 -145.509 98.0202 -58.2979
14.4904 -8.75934 1.928 101.224 56.1051 -118.492
12.7138 6.77945 0.789584 -75.7552 178.226 -37.9249
13.8428 -2.47258 -1.0694 29.3104 181.475 44.0595
12.9063 10.7084 -1.23559 -71.3808 140.668 6.46987
14.6569 -7.46221 0.969162 101.928 125.819 -83.5901
14.0915 12.6913 0.674662 42.7696 62.8904 -43.5694
14.404 -9.29549 -0.16847 73.064 71.9001 68.9966
13.1849 7.69363 1.61582 -64.6437 163.144 -80.5302
13.5156 11.1348 0.151546 -33.2788 121.063 2.48911
14.8837 -11.4655 -2.67464 101.455 16.504 117.494
14.3325 -2.91601 -0.883261 46.3489 207.567 51.782
14.7012 -13.6576 0.0818526 80.2489 -25.7507 3.77469
13.4388 13.4282 -1.2377 -46.0569 130.829 16.4165
13.072 34.6014 -14.6094 -86.6992 106.335 9.54673
13.4144 12.6328 -1.42328 -54.0705 129.897 90.023
13.6117 5.99702 0.0903899 -36.0546 148.055 140.809
13.8543 8.32976 -0.583189 -12.8443 117.012 23.6174
15.3779 -14.8081 0.484192 135.768 202.358 -3.14954
14.326 15.1419 -0.0718223 30.9772 71.3681 10.7088
14.1083 13.1238 0.685728 7.23132 92.5851 -24.069
13.8193 9.65456 1.49283 -23.1099 129.177 -73.7832
14.3132 -1.8993 6.15645 23.7408 -26.7424 -5.81759
13.7061 6.56637 -1.84323 -36.61 155.599 55.731
13.8219 7.71571 0.556705 -28.3427 135.444 -35.2506
14.7772 -3.51922 -1.26544 65.5501 127.961 68.3621
15.0398 -6.03183 0.848498 89.6511 95.8638 -46.9641
14.936 -10.671 -0.594993 77.2852 -10.4341 10.3177
14.6358 1.01681 9.33368 46.3958 90.9076 -50.0321
13.9272 6.68654 5.2188 -25.121 140.035 -142.927
14.9236 -16.7335 -5.25034 67.1981 55.2906 66.2113
15.4556 -9.17457 -1.19736 111.783 77.5379 36.8059
15.3783 -10.5506 -0.599114 100.117 26.1674 55.4403
15.3584 -7.04672 1.99287 94.8455 133.28 -53.7689
14.7056 0.0301387 3.82127 29.2655 138.037 -159.475
15.3074 -5.343 -1.48917 85.4319 116.56 82.0202
15.1831 -9.26808 1.48305 70.008 -16.9126 -53.4785
14.4635 13.3102 0.411738 -1.64335 105.107 -34.7856
14.8938 13.2168 0.546574 40.2689 72.0745 -37.3728
14.6107 7.62121 0.445545 10.6594 101.713 -15.3398
14.1672 6.93412 0.363987 -37.7563 161.99 -35.9641
15.4864 -0.194425 -3.39324 88.944 102.26 2.66518
15.7585 1.752 -0.443407 114.642 -17.0428 1.13914
15.2254 -1.87152 -0.42596 58.472 157.565 9.2108
14.9737 -2.25727 0.164997 33.0948 174.79 -20.8088
15.7553 -10.5997 1.53058 110.209 47.3373 -84.9421
15.749 -9.73955 -0.0979267 109.425 72.6136 -15.1878
14.4232 12.3501 -0.84352 -27.0913 125.557 30.7131
14.6152 5.17131 0.678694 -8.49968 147.52 -50.0438
15.5487 -5.32053 -1.54381 82.7608 152.654 70.2268
15.8489 -16.8851 -0.136614 109.858 126.188 15.0837
14.5984 10.7207 -1.01031 -17.842 115.404 56.072
14.4977 6.59801 -1.03606 -27.9306 141.02 -115.072
15.3119 6.0756 -2.89468 48.1712 48.5366 155.253
15.8264 -6.71472 0.745067 98.0191 118.987 -41.779
14.1742 8.59644 1.90535 -69.0504 158.932 -95.285
14.4773 11.9751 0.865857 -39.5378 134.72 -57.6319
15.616 -3.41011 0.375988 71.9452 130.321 -13.432
16.085 -9.40918 1.33606 117.976 101.052 -42.2725
15.8554 -7.01432 -1.70765 93.9846 86.2423 52.9265
15.3165 7.33657 -3.35501 33.2601 78.723 157.284
15.7231 -2.55222 3.4065 68.9139 85.7632 -170.348
15.2027 10.1384 0.292347 14.1004 98.668 -22.6256
16.0601 -8.67162 0.0622416 99.2036 118.363 5.33668
15.9148 -1.05898 0.871836 82.7737 117.425 -43.9441
15.3198 12.3565 -4.54764 22.0121 278.083 -13.6691
15.4605 1.61402 1.93967 34.3563 133.567 -105.662
16.1371 -5.95039 -1.95683 100.718 26.2208 112.28
16.0337 -8.36162 -0.791236 89.9908 33.6353 45.9418
15.6814 2.65441 -1.82968 54.5405 90.0632 87.9007
15.3248 6.62807 -0.717425 16.2126 106.189 21.0296
16.0798 -7.32633 -0.983707 90.1936 46.1685 18.8923
15.6301 -0.933421 2.43992 42.3747 109.334 -139.27
15.1867 7.12999 2.03837 -1.79227 134.389 -81.1215
15.8785 -2.31893 -1.84637 63.8023 62.1932 98.6339
15.924 -3.55907 2.14681 67.4189 21.6425 -106.189
15.7531 8.22879 -1.31622 48.5938 53.5783 50.9516
15.251 3.38411 1.404 -4.45209 163.831 -67.7066
15.6433 2.2647 1.5088 32.8607 101.944 -83.3997
16.1756 -4.75538 -0.114736 78.5235 79.1912 11.0585
14.8548 9.68272 -0.641565 -55.2285 147.254 36.8543
16.0691 -1.60512 -2.1183 65.03 74.9339 79.2811
15.9462 1.90639 3.78824 51.4919 56.1415 -153.565
15.6443 24.8228 -16.0793 20.1815 201.003 -35.5194
15.2562 4.21846 -0.277189 -18.5617 239.28 -70.8438
15.2626 21.6408 7.88498 -19.7018 9.22101 -114.795
16.1858 8.86951 -0.100418 70.0029 43.0058 -5.3544
16.2845 -4.32807 -1.02335 78.3192 96.6022 42.9068
16.0063 -1.85419 0.302215 49.8768 158.948 -28.9803
15.7885 4.02714 -1.88401 26.2885 111.625 100.24
16.3768 -9.20783 -0.494827 84.6597 8.77442 65.6113
16.5772 -7.29047 0.0549026 102.998 74.7576 -38.9836
16.6556 -6.11684 2.15581 107.201 28.2373 20.3402
15.5569 2.36963 -0.468805 -2.05496 182.155 26.8263
15.5469 5.98728 -0.0705922 -5.22123 133.862 -12.2685
16.1054 -14.7976 1.7176 49.9069 -26.0204 93.9854
16.556 -8.05188 -0.352204 94.3626 51.3257 34.9831
15.5262 11.2176 -0.779428 -10.0821 124.6 25.3966
16.4471 -5.18928 -1.01427 79.9734 139.805 42.3265
15.2843 8.05018 2.29074 -35.568 65.415 -96.2204
16.2113 -5.69662 0.932058 55.1403 65.0424 -115.596
16.3467 -2.72821 1.17779 66.4753 81.6291 -57.8782
16.2201 4.81684 2.99089 53.7912 54.5686 -137.652
16.551 1.92462 2.80834 83.7387 -23.2898 5.22747
16.4446 -5.99641 -0.570996 71.11 30.1128 -24.7011
16.2482 -1.5945 0.365506 51.0236 146.479 -32.4652
16.6171 -5.89381 0.182487 86.6193 155.287 9.14373
16.2821 0.975162 -2.98571 53.1815 82.5415 167.56
16.4367 -1.81784 -2.21502 66.0383 34.2102 117.83
16.0258 13.0533 0.825563 19.3745 95.5802 -38.432
16.5004 -0.644325 -1.72925 65.8262 99.2703 75.5876
15.9503 11.8475 -0.645478 10.0175 112.587 16.3805
15.9934 8.21224 -0.973559 13.4721 114.957 76.6253
16.8358 -10.9642 0.536609 95.5092 6.46301 -1.44217
15.9106 3.10199 -0.188016 1.51794 152.534 12.3553
16.8516 -2.38997 -1.47625 91.8314 58.5258 23.8122
16.0209 4.10093 1.40945 0.0629121 145.874 -67.7063
16.8067 -5.21804 2.30531 77.0596 23.695 -66.7712
17.0711 -9.87118 -3.4381 101.551 32.2093 -10.6947
16.5995 10.1625 0.393964 50.7822 58.0562 7.94852
16.1063 4.2885 -1.68947 -0.352041 137.892 92.7945
16.2086 2.02146 -1.19322 7.85968 110.272 79.0389
17.0791 -8.9556 -1.58229 86.1621 7.28096 70.7703
17.0192 -7.3879 0.555876 77.9577 17.6286 74.2428
16.3813 4.49812 0.1915 10.8809 138.037 -4.44788
16.5807 9.37271 -0.191301 29.1772 88.992 18.8534
16.6191 9.65416 0.979277 30.3384 88.5772 -31.7973
16.5715 1.17145 -0.257284 24.5725 168.903 7.80711
17.2755 -9.20872 -0.185954 89.9904 13.8028 -1.69894
17.2927 -7.64603 0.667156 91.4079 41.8366 24.8761
17.0084 3.15902 -0.2284 60.1014 82.6101 12.6639
16.7477 4.73842 -0.35166 31.3258 95.5485 21.0617
16.8551 -0.181218 -0.907038 39.7248 77.2036 38.943
17.4867 -8.6474 1.20494 101.8 60.7891 -44.6736
16.8116 7.46121 -0.418549 22.6567 109.354 3.89136
17.4017 -9.97791 -0.0276028 81.1512 -12.2198 7.58414
17.5296 -13.5216 -0.161833 93.6908 17.9789 28.2941
17.5327 -10.3804 -0.53719 89.9556 -2.9043 21.6955
17.5443 -5.10858 1.19724 89.349 126.467 -72.9194
17.4553 -5.4959 -2.76379 77.6612 21.3165 42.6587
17.3027 -0.215439 -0.182257 61.1068 79.6981 -5.08097
17.2691 5.15351 1.183 57.1203 56.7449 -42.9212
17.5223 -4.86779 -1.75863 81.8853 71.6824 96.5948
17.4468 -3.60396 -1.54124 71.0323 8.92875 85.2545
17.2734 10.5411 0.566807 53.6985 62.7179 0.175367
17.1815 4.40118 2.45604 42.2477 75.29 15.8887
17.4338 -0.0799118 -0.822822 61.8889 73.3364 50.002
17.2254 6.92015 2.00568 40.0378 191.778 -15.0607
17.5653 -5.66763 -0.850728 73.3743 -4.05811 5.9159
17.3715 3.16961 -0.970172 50.5687 82.964 44.3022
17.4853 -6.11411 -0.079967 58.6963 -2.95145 127.759
17.5636 -1.28693 1.68072 65.1684 38.794 8.54785
17.7435 -4.40073 1.80325 80.3749 45.6828 -87.7991
17.1517 5.22597 2.11218 18.3654 120.802 -103.607
17.516 6.75138 1.25947 53.0365 64.9255 -59.1094
17.3987 4.94722 0.603264 35.1667 98.9824 -28.2692
17.5667 5.03769 -1.8672 48.901 83.3168 -48.2937
17.7973 5.43825 0.975281 67.2833 157.799 -103.908
17.1636 8.29091 0.920963 2.87955 142.98 -19.9238
17.6297 8.92907 1.61317 47.6489 70.722 -102.66
17.9002 -2.00616 0.597137 72.4344 51.3773 -24.0696
18.0958 -5.99825 -0.132537 88.5477 43.7374 63.8158
18.2393 0.343562 -0.225884 102.79 181.014 -112.229
17.6202 3.97119 -0.308882 37.5498 103.578 21.4259
18.242 0.534254 -2.94536 98.8299 47.6923 27.4069
17.3789 -1.42154 1.4302 7.63646 -22.4523 70.3949
18.0548 -1.39655 -1.12418 67.3935 103.074 86.0849
17.5795 -2.51166 0.0618199 19.9464 200.49 -21.452
18.0728 4.35106 -0.334531 66.179 35.287 11.0615
18.3535 -5.9432 4.11207 93.4555 20.2342 -9.89285
18.1057 0.733133 -0.916136 67.2631 34.115 55.142
18.1405 0.107217 1.01669 69.5524 66.7015 -67.9538
17.208 9.68618 0.375876 -26.0984 96.5177 -8.61566
18.1264 5.04688 0.542027 64.3323 7.96983 -56.1012
18.1247 20.5855 -4.59052 57.0605 174.26 -101.688
18.2726 -10.6982 1.92998 56.792 117.913 23.7746
18.4734 0.192311 0.416529 73.1865 63.7898 -37.1916
18.2996 -7.22217 -2.40675 51.4636 -35.1292 -42.4513
18.6783 -5.84204 -0.364149 87.1638 28.16 77.4077
18.4023 3.73272 0.841671 54.9983 55.5512 -43.9808
18.3328 1.93712 -2.53765 47.6449 143.045 109.29
18.3038 6.6725 -1.52804 43.6679 82.5788 85.4396
18.4566 2.95797 -1.64103 54.4932 112.186 84.1527
18.1662 4.24959 0.280865 17.0097 143.3 -11.5055
18.5093 1.22493 2.15956 48.7571 114.378 -62.911
18.8194 -2.30189 -0.594749 78.5638 50.3963 34.3891
17.9516 5.58391 0.686558 -19.365 40.274 78.3435
19.0999 -7.96395 -1.01824 93.8104 21.4126 15.124
19.0767 -4.83902 0.596088 87.6136 54.4706 -24.8611
18.9263 -0.0371628 -0.375706 68.9556 77.1739 27.4949
19.0705 -3.41932 -0.338398 80.0805 107.313 21.1637
18.81 5.86684 -0.538754 50.3313 84.8418 31.1493
19.1958 4.14405 0.629216 63.2117 60.3598 -39.1903
19.4358 6.98602 2.35634 70.7084 208.501 39.0809
19.4206 -0.318488 -1.42912 67.5025 93.3467 57.7263
19.3659 6.54209 0.508019 56.2027 62.4875 -24.0242
19.6957 -0.235056 -0.816003 74.2476 90.5294 25.6579
19.8841 1.24 2.70124 79.0276 9.10021 -17.5261
20.1145 0.231737 -1.65336 63.0105 61.3377 73.5391
20.649 15.6239 -7.55067 36.8434 68.3483 -23.5469
22.4749 10.8389 4.95351 103.951 107.751 -25.5845
24.0203 -14.9526 7.54342 135.345 75.6118 -28.5239
23.7612 -5.59872 7.15808 99.8048 88.602 30.4877
27.6148 -9.5555 -9.02078 139.383 -52.363 -15.84
nan nan nan nan nan nan
18.9582 3.79029 -1.79654 56.3736 73.7011 86.5451
19.334 -2.89747 -1.44906 76.3996 0.933987 63.2448
