-29.5883 4.1119 2.48538 -0.249469 -0.0133781 0.114785 5.54303e-05 106
-27.7926 -4.29833 0.126104 -0.195096 -0.174578 0.0116126 -1.52565e-05 250
-25.4334 3.81919 -1.99139 -0.15854 -0.167859 0.00943176 -0.000150828 64
-25.1345 10.603 1.0241 -0.251946 -0.0611253 0.0213781 -3.49609e-05 190
-24.618 0.444517 2.45283 -0.12081 -0.12367 0.0939178 -0.000263239 263
-23.872 8.18645 0.803785 -0.222628 -0.0923645 0.0116629 -0.000131121 314
-19.2996 -5.24179 0.0592206 -0.0557542 -0.214447 0.00465757 -0.00031805 495
-17.077 -3.91177 1.84489 0.128507 0.00738489 0.0512466 -0.000589608 40
-16.9788 17.1374 -8.74081 -0.196779 0.029597 -0.0993189 -0.000178023 387
-16.721 -4.61983 0.590231 0.0496299 -0.217413 -0.0840876 -0.000365135 357
-16.2271 22.2867 0.0443474 -0.200447 0.0922266 0.150707 -7.18323e-06 11
-15.5071 9.47236 1.99565 -0.116053 -0.106684 0.170976 -0.00034577 125
-15.3544 -2.66076 10.5506 0.0297675 -0.107838 0.178186 -0.000387567 389
-14.8057 -16.9185 0.590246 0.0510632 -0.232398 0.0587536 -0.00018038 305
-14.693 -8.07071 2.59083 0.0495445 -0.13021 -0.00269236 -0.000615558 472
-14.6564 -5.81112 -7.01303 0.0610019 -0.137717 -0.169508 -0.00040302 80
-13.9065 2.99552 0.830485 0.0280136 -0.171827 0.0522532 -0.000670715 140
-12.5973 -14.5266 6.75619 0.0600928 -0.175275 0.0742651 -0.000364286 204
-12.569 22.5888 -5.49276 -0.194234 0.13282 0.0749778 -9.18084e-05 468
-12.1269 0.571915 -0.555887 -0.0351723 -0.240904 -0.0644953 -0.000632097 327
-11.872 -1.78825 2.35831 0.0898633 -0.212483 -0.00781795 -0.000688592 363
-11.6598 8.57575 5.01224 -0.0772984 -0.025384 -0.124052 -0.000678525 482
-11.6213 -7.75902 3.42616 0.0891519 -0.269749 0.00703639 -0.000364057 179
-11.5762 7.03727 -3.77751 -0.137193 -0.17652 -0.0558766 -0.000556887 373
-11.4735 -3.9187 1.18687 0.116668 -0.236349 -0.00310098 -0.000591825 29
-11.3884 -16.5938 -0.355038 0.188001 -0.10681 -0.00803051 -0.000328386 131
-11.3398 6.31617 -0.742052 -0.112365 -0.249419 -0.0373801 -0.000484984 35
-11.0063 22.5192 -5.08996 -0.10325 0.112272 0.0391971 -0.000333717 231
-10.9786 -18.6597 -0.719789 0.0748995 -0.165341 0.158362 -0.00021439 23
-10.7995 -1.85339 2.99776 -0.0964346 -0.278051 -0.071633 -0.000526953 474
-10.7983 11.9133 3.74152 -0.182516 -0.116625 0.0998407 -0.000401678 292
-10.7933 17.8836 -2.87411 -0.167613 0.00991463 0.167768 -0.000240723 476
-10.384 17.475 0.270645 -0.231466 -0.035597 -0.0308001 -0.000266177 26
-9.58189 -4.90867 -1.85796 0.192119 -0.148495 0.20425 -0.000514905 429
-9.3788 2.2929 -3.01557 -0.0474067 -0.280193 -0.0444359 -0.000718728 391
-9.34528 11.2662 -1.74248 -0.187368 -0.14825 -0.0958676 -0.000433749 309
-9.27495 -2.2704 -3.12838 0.119141 -0.299915 -0.0748134 -0.000558125 243
-8.94156 1.86673 -0.620289 -0.0616048 -0.295792 0.0853635 -0.000749226 279
-8.68189 -13.3851 0.480986 0.165045 -0.189868 -0.0595149 -0.000365439 91
-8.50263 2.94592 5.40803 -0.0808686 -0.282007 0.00833799 -0.000652279 214
-8.48882 14.9714 2.82756 -0.222099 -0.0312773 0.0628349 -0.000377599 383
-8.45447 -7.10206 1.66866 0.149655 -0.23831 0.0181893 -0.000622374 126
-7.88171 15.9539 4.62387 -0.199815 -0.0262598 0.0998305 -0.000363747 213
-7.86381 -4.09448 -0.0341507 0.06461 -0.313111 0.0746794 -0.000736199 367
-7.69837 -22.0553 1.0376 0.135174 -0.215731 0.0151024 -0.000128071 188
-7.23491 -18.0726 2.93429 0.148368 -0.139464 0.058623 -0.000354316 473
-7.10774 2.59143 4.35925 0.0294395 -0.334897 0.0954609 -0.000668254 173
-6.96722 8.43364 4.09651 -0.194005 -0.195241 0.0823631 -0.00055422 481
-6.70295 -2.98104 0.404825 0.00759753 -0.381875 -0.0614691 -0.000765945 397
-6.64731 0.125469 -0.0434616 -0.146238 -0.392516 -0.0601366 -0.000760895 427
-6.47388 4.26622 -1.3353 -0.151074 -0.299802 0.120244 -0.000794083 185
-6.46127 7.02103 0.65867 -0.432137 -0.0394758 -0.0324116 -0.000123493 287
-6.05167 -1.73317 1.32935 0.0684241 -0.432221 0.0179248 -0.000744003 303
-5.97255 -1.16411 0.510968 0.0972528 -0.347188 0.0798299 -0.00119473 28
-5.86131 2.01041 -1.43112 -0.318525 -0.300951 -0.11344 -0.00068491 54
-5.77129 13.6243 2.67213 -0.178324 -0.0774497 0.0799377 -0.000555186 168
-5.76617 -2.67254 0.977991 0.0544355 -0.429955 -0.0728994 -0.000736831 56
-5.72711 -1.73941 -0.269261 0.136711 -0.36263 0.103631 -0.00108048 399
-5.6724 -5.53851 4.08599 0.246131 -0.238919 0.015852 -0.000664556 409
-5.55831 18.0539 6.95981 -0.195837 0.0235736 0.128975 -0.000273779 312
-5.52143 -19.6703 6.27528 0.121444 -0.121106 0.106708 -0.000329852 454
-5.43412 -22.7794 -1.43725 0.124455 -0.170876 -0.109185 -0.000178954 478
-5.43107 4.2535 -0.729296 -0.237184 -0.319492 0.032706 -0.0008057 197
-5.3525 -6.91137 -0.311823 0.354816 -0.109452 0.0524997 -0.000550086 39
-5.10683 -0.362459 -0.0393558 -0.0183333 -0.463839 -0.0905856 -0.00104343 414
-5.05107 -2.31674 0.26234 0.0776824 -0.413127 -0.100695 -0.0010791 237
-5.01799 -1.76341 1.09454 0.0698791 -0.339007 -0.149664 -0.00141311 277
-4.96908 12.9076 3.7254 -0.232516 -0.0545499 0.0273195 -0.0005115 117
-4.92609 -2.84899 0.669971 0.0530653 -0.409473 -0.0883801 -0.00106719 338
-4.82958 -3.94478 1.51417 0.374328 -0.221137 0.0769402 -0.000729535 84
-4.81071 1.15537 1.41013 -0.00964336 -0.427941 -0.0229484 -0.0012813 180
-4.69439 5.1109 -1.84376 -0.202715 -0.221994 0.226346 -0.000855802 230
-4.6928 -4.08118 3.79235 0.0905786 -0.329374 -0.194576 -0.000750084 241
-4.65602 -4.89546 -2.30883 0.371137 -0.138487 -0.136628 -0.000653353 124
-4.59379 3.87091 0.0162442 -0.307096 -0.311116 0.111168 -0.000809196 109
-4.48696 17.4295 -0.935879 -0.192182 0.0247941 -0.0119727 -0.000458018 212
-4.3886 -10.6448 -0.68699 0.169326 0.0561198 -0.0940561 -0.000829536 288
-4.26501 7.95333 -3.41154 -0.187176 -0.23511 -0.167534 -0.000555732 225
-4.24297 -3.15624 -0.53526 0.157567 -0.305246 0.208643 -0.00134216 261
-4.21402 5.07695 -0.875691 -0.687126 -0.239062 0.0226932 0.00143325 293
-4.19678 -0.44804 -0.448883 -0.145069 -0.547499 -0.176679 -0.000744936 17
-4.14343 -9.7903 0.257502 0.238727 0.0216081 -0.0260979 -0.000812098 278
-4.12259 6.06903 -1.18544 -0.315999 -0.132963 -0.011087 -0.000946564 238
-3.93987 2.39074 2.6889 -0.260659 -0.4328 -0.167384 -0.000572287 152
-3.93144 4.34208 -0.800156 -0.366699 -0.115033 0.0326221 -0.00118461 438
-3.83631 -7.24886 0.0571049 0.246325 -0.19099 -0.104293 -0.000848903 484
-3.77235 3.75121 -0.541146 -0.321718 -0.0980584 0.0437395 -0.00161863 216
-3.76447 -15.8542 2.54034 0.201744 -0.0976047 0.0726771 -0.000411017 199
-3.75471 1.13928 -1.44077 -0.198718 -0.192843 0.538613 -0.000698116 251
-3.5752 12.3829 2.6833 -0.210265 -0.0722227 0.00795487 -0.000640164 377
-3.51919 -1.32974 -0.136827 -0.0551139 -0.581347 -0.259427 -0.000768569 291
-3.2798 -4.22465 -3.01272 0.418311 -0.0497274 -0.161449 -0.00076431 274
-3.23898 -10.4022 -0.586893 0.187268 0.0625967 -0.1531 -0.000755505 229
-3.21726 -1.13763 -4.15707 0.32564 -0.00799512 0.173064 -0.0014738 127
-3.12427 -2.40985 0.256175 0.408423 -0.33198 0.102316 -0.00136456 172
-3.07008 4.48829 -0.787586 -0.373885 -0.0597706 -0.116157 -0.00129463 145
-3.04991 -3.90744 0.249834 0.222168 -0.35059 0.264409 -0.00100493 455
-2.96308 3.63294 -0.552695 -0.313368 -0.0324297 -0.0440932 -0.00201552 83
-2.8302 -16.0708 -0.620295 0.161322 -0.0462508 -0.022912 -0.00058616 60
-2.80235 0.911615 -0.6074 -0.274206 -0.923428 0.0405582 0.00165529 224
-2.68737 5.88649 2.2962 -0.0126312 -0.300855 0.236528 -0.000904132 187
-2.65337 0.426329 -0.218788 -0.310143 -0.839823 0.160164 0.000533647 96
-2.43653 3.38285 0.239787 -0.492991 -0.278643 0.0112263 -0.000988348 266
-2.31453 -0.0898977 0.475847 0.462289 -1.02011 -0.348865 0.00331406 90
-2.30999 -5.78936 -1.26967 0.35442 -0.270843 0.00217881 -0.000721453 286
-2.21691 -0.834861 -0.0714465 -0.595156 -1.57188 0.21079 0.0126598 178
-2.13292 -10.2441 -0.751153 0.299251 -0.0215086 -0.047419 -0.000614892 58
-2.09287 19.6214 -1.77312 -0.22619 0.0503643 0.0504726 -0.000279388 217
-2.08693 -4.5897 0.757302 0.401129 -0.068718 -0.18569 -0.00120106 49
-2.01681 2.74013 -0.290723 -0.493628 -0.378365 0.131459 -0.00113493 215
-1.98384 -2.61926 0.741645 0.118014 -0.198661 -0.190181 -0.00315118 174
-1.96046 -7.13023 -0.129651 0.308668 -0.161151 -0.00471064 -0.000932188 418
-1.89549 3.95775 0.712197 -0.375775 -0.371596 -0.0098576 -0.00106556 379
-1.8719 -5.57044 -0.397905 0.370996 -0.173381 -0.0306142 -0.00106826 456
-1.81252 0.858748 0.510202 -0.20161 -0.70628 -0.207581 -0.00239895 200
-1.77891 3.78828 -0.250529 -0.537171 -0.284641 -0.0529814 -0.000654031 458
-1.6064 -0.421549 0.817358 0.565333 -0.471223 -0.0285701 -0.00336257 268
-1.56845 -17.5038 -1.79426 0.223928 -0.0993017 0.0318417 -0.000326237 67
-1.56119 -3.60282 -0.231127 0.417044 -0.531725 -0.162019 -0.000159796 477
-1.54435 -23.7531 -0.168987 0.193259 -0.148027 -0.0660803 -0.000127452 226
-1.50316 27.1719 1.21005 -0.140242 0.197827 0.0157925 -8.97979e-05 98
-1.47986 -6.31998 -0.0795896 0.321328 -0.171158 0.0358192 -0.00108918 253
-1.31681 -2.84768 -0.874731 0.610523 -0.561233 -0.110219 0.000536356 282
-1.31675 -5.56972 0.576829 0.367309 -0.071318 -0.0860001 -0.00125183 22
-1.31706 -5.32989 -1.19094 0.360637 -0.104436 -0.0169569 -0.0013422 63
-1.24098 5.44129 -0.648773 -0.326534 -0.205891 0.0266838 -0.00128896 372
-1.23391 14.5195 2.973 -0.17236 -0.0244354 -0.193143 -0.000417949 479
-1.10732 -14.4045 -2.2878 0.205813 -0.00230442 -0.0279189 -0.000584932 364
-1.10106 -15.6939 0.162568 0.224078 -0.0175242 -0.124191 -0.000382354 298
-0.981756 -2.1434 -0.77099 0.460325 -0.495583 -0.0666712 -0.00215232 75
-0.882013 -0.596827 0.451149 0.518535 -0.506304 -0.104334 -0.00745701 295
-0.866269 10.1348 -1.01587 -0.276698 -0.114393 -0.135259 -0.000548165 141
-0.820298 -2.5377 0.133746 0.609708 -0.473959 -0.0830782 -0.00091055 453
-0.649703 2.35967 -6.37937 -0.0235787 -0.0650012 0.438126 -0.000599824 100
-0.629345 3.07764 1.07617 -0.56622 -0.188765 -0.301292 -0.000970593 50
-0.577578 7.4935 0.258251 -0.359102 -0.000551362 0.0938242 -0.000801216 13
-0.573226 7.29812 -1.29672 -0.369486 -0.162439 0.0103098 -0.000662507 103
-0.541371 -24.6479 -0.332391 0.193429 -0.143446 0.0726895 -0.000111503 162
-0.50744 -3.96407 -9.48897 0.259069 0.117992 0.00793011 -0.000707154 252
-0.499828 0.00154581 0.00254003 -0.147542 -0.813661 0.222124 -0.0204259 300
-0.49846 0.0133019 0.0246399 0.192413 -0.816696 0.202685 -0.0203809 346
-0.496567 0.0543569 -0.00981427 -0.305149 -0.814164 0.178365 -0.0200948 130
-0.494098 -0.022868 0.0710288 0.549298 -0.763735 0.210427 -0.0192068 118
-0.482718 0.0411825 0.120521 0.115653 -0.803443 -0.102128 -0.0208549 254
-0.481338 -0.0985788 0.0920743 0.349602 -0.844285 0.380017 -0.0188843 485
-0.475691 -0.152529 0.0125042 0.394699 -0.756479 0.338664 -0.0197477 432
-0.473394 -0.147917 -0.054047 0.44556 -0.572672 0.35316 -0.0209851 258
-0.473173 -0.0251499 -0.159436 0.212961 -0.617125 0.29253 -0.0218042 38
-0.47182 0.115065 -0.11861 -0.00397298 -0.990233 0.36107 -0.0180605 79
-0.466244 -0.153207 0.093419 0.470938 -0.811217 0.361398 -0.0187055 405
-0.463696 0.0793584 0.168572 0.174559 -0.886722 -0.0592822 -0.019887 105
-0.457234 -0.167838 -0.11133 0.477081 -0.771824 0.43131 -0.0187102 323
-0.454379 -0.18944 0.0850939 0.829821 -0.670292 0.259533 -0.0174878 294
-0.452887 0.190494 -0.0886418 -0.328944 -0.898902 0.336498 -0.0186034 163
-0.447354 0.191694 -0.112346 -0.0906324 -0.964831 0.388783 -0.0182112 265
-0.446473 -0.0787175 -0.210089 0.432043 -0.697735 0.493261 -0.0192864 102
-0.445117 -1.32111 0.0838941 0.92184 -0.124027 -0.0280873 -0.00353805 447
-0.437247 -0.240354 0.029046 0.721103 -0.781865 0.284363 -0.0174341 302
-0.433756 0.210253 0.12757 -0.178139 -0.821163 0.00126213 -0.0206563 99
-0.433043 -0.243052 0.0562943 0.862892 -0.664939 0.274068 -0.017125 335
-0.424935 -0.089543 0.246877 0.427648 -0.601728 0.044817 -0.0216047 242
-0.423828 0.236592 0.119561 -0.1881 -0.825049 -0.0238651 -0.0205258 164
-0.418353 -0.21366 -0.170555 0.695431 -0.645453 0.476882 -0.0179642 393
-0.416427 -0.17425 0.214312 0.479132 -0.575859 -0.00884994 -0.0215069 113
-0.412572 0.0641177 0.274668 0.44072 -1.38866 -0.259641 -0.011324 430
-0.407129 0.0795271 0.27881 0.196341 -1.35339 -0.0697455 -0.0132901 426
-0.405786 -0.284988 0.0632773 0.825303 -0.68 0.330342 -0.0171767 431
-0.400468 -0.225769 0.195899 0.695095 -0.564427 0.146417 -0.019869 240
-0.394547 -0.28875 -0.102919 0.863847 -0.480604 0.600617 -0.016656 284
-0.394506 0.230075 0.203476 -0.154791 -1.22741 -0.00365575 -0.0154358 374
-0.393633 0.301023 -0.0657566 -0.665989 -0.926492 -0.00932973 -0.0168681 392
-0.392796 0.536113 0.118976 -1.36575 -0.918963 -0.171592 -0.00139363 206
-0.385628 0.31804 0.00355697 -0.687374 -1.05363 0.0243544 -0.0151114 245
-0.380063 0.271198 0.178394 -0.327093 -0.792511 0.060393 -0.020392 332
-0.379422 -0.243956 -0.215279 0.785135 -0.466533 0.433769 -0.0186199 500
-0.378213 0.25714 0.20113 -0.360009 -1.11538 -0.136569 -0.0163169 19
-0.374477 -0.328067 0.0456165 0.577776 -0.747389 0.0559104 -0.0194058 171
-0.364227 0.180434 -0.290752 -0.1269 -0.82709 0.511288 -0.0190023 69
-0.355214 0.135041 -0.324028 -0.548279 -1.49162 1.30365 0.00137685 43
-0.354384 0.352465 -0.00802631 -0.894565 -0.848122 0.0762393 -0.0154722 353
-0.352193 -0.152685 0.319869 0.739089 -0.898809 -0.376806 -0.015666 150
-0.34263 -0.321062 0.170831 0.814007 -0.411149 -0.16185 -0.0196555 491
-0.335448 0.262331 0.261352 -0.308685 -1.15865 -0.169285 -0.0158525 480
-0.329313 -0.135502 0.350622 0.774366 -0.92561 -0.388077 -0.0149691 401
-0.324555 -0.361274 0.117548 0.995086 -0.335729 -0.157332 -0.0179685 234
-0.319268 -0.318393 0.215747 0.936925 -0.305356 -0.232069 -0.0186016 65
-0.318703 -0.383433 0.0343722 0.671766 -0.633456 -0.0388815 -0.0196735 378
-0.318159 0.176542 0.34244 0.0737901 -1.08842 -0.176534 -0.0173842 244
-0.311482 -0.213317 0.326938 0.881884 -0.831034 -0.617867 -0.0134663 34
-0.288112 -0.395923 0.0998444 1.13916 -0.177571 -0.170297 -0.0165245 276
-0.274081 -0.372511 0.189855 1.08394 -0.179087 -0.239422 -0.0171015 406
-0.268362 8.96845 -4.39537 -0.282523 0.00404983 0.0708353 -0.000720766 435
-0.264273 0.424442 -0.00252982 -0.798318 -0.675049 0.198655 -0.0179222 439
-0.262389 -0.0810551 0.417477 0.885825 -0.825344 -0.581307 -0.013741 442
-0.26177 0.425588 -0.0113602 -0.773219 -0.705587 0.200964 -0.0179104 239
-0.248419 -0.347855 0.258718 0.870861 -0.281496 -0.123348 -0.0196872 441
-0.241545 0.435613 -0.0401363 -0.680609 -0.805669 0.230945 -0.0177289 471
-0.229789 -0.277999 -0.345921 0.569424 -0.0917312 0.0890338 -0.022884 407
-0.229435 0.443635 0.0154072 -0.785885 -0.554432 0.0454001 -0.0192213 493
-0.224179 -0.44074 0.0735457 0.846724 -0.176405 -0.287186 -0.0198133 359
-0.218151 -0.446484 0.046056 0.775922 -0.454025 -0.244701 -0.0196217 490
-0.206388 -0.21735 0.39996 0.388052 -0.256914 -0.628497 -0.0211873 444
-0.201029 -0.449451 0.0867394 0.96208 0.141628 -0.279605 -0.0186039 496
-0.199594 0.0657062 0.45342 -0.116017 -0.243706 -1.5398 -0.0097388 422
-0.19905 -0.0358074 0.45717 0.705472 -0.218808 -0.984929 -0.0155318 247
-0.198764 0.414634 0.196383 -0.624068 -0.771802 0.104507 -0.0187749 331
-0.195075 -0.261764 0.378052 0.617913 -0.247093 -0.529713 -0.0205035 304
-0.19347 -0.430354 -0.164998 0.900482 -0.0567789 -0.12551 -0.0198205 9
-0.188271 4.81025 -0.669197 -0.427505 0.000618774 0.0617029 -0.00140585 486
-0.184557 0.452161 0.106081 -0.6953 -0.387022 0.253204 -0.0206534 452
-0.178577 -0.455925 -0.0986824 1.2123 0.365549 0.0914294 -0.0149523 89
-0.176528 0.108527 -0.454772 -0.767594 0.10305 0.680528 -0.0183687 189
-0.174549 -0.452599 -0.12076 0.790654 0.0266849 -0.0365641 -0.0210853 154
-0.173275 -0.172633 0.434914 0.454988 -0.331557 -0.334853 -0.0223696 165
-0.169813 -0.445707 -0.148074 0.859543 -0.022263 -0.03697 -0.0204 366
-0.159278 -0.761203 -0.20302 1.36251 -0.0856435 0.481369 -0.00245536 148
-0.159799 0.393682 0.262517 -0.35548 -0.639946 -0.0119667 -0.021678 222
-0.150109 -0.439734 0.183405 0.889737 -0.0918131 -0.195756 -0.0197833 428
-0.148277 0.342229 0.331668 -0.371543 -0.787438 -0.119035 -0.0202179 487
-0.140895 -0.426444 0.219534 0.927905 0.147256 -0.293437 -0.01895 177
-0.130827 -0.165984 0.452856 0.581628 -0.661411 -0.512216 -0.0185245 349
-0.126 -0.482199 -0.0364005 0.98249 -0.363189 -0.0219931 -0.0181537 95
-0.112749 -0.464524 0.145208 1.11577 0.0582703 -0.0901172 -0.0171681 158
-0.105184 -0.324389 0.365305 0.63744 -0.201896 -0.614056 -0.0198621 470
-0.08717 -0.441264 -0.217369 0.650192 0.15975 0.0228122 -0.022217 488
-0.0862569 -0.445586 0.209025 0.866115 -0.0787384 -0.20303 -0.0200312 281
-0.0763872 0.481393 0.104252 -1.06687 -0.41309 0.0525185 -0.0168807 342
-0.0740082 -0.472169 0.146417 1.12087 0.0661519 -0.203672 -0.0168682 475
-0.0701353 -0.476236 -0.133357 0.988979 0.1609 -0.0454167 -0.0187372 345
-0.0656004 -0.478291 0.12976 1.11062 0.249423 -0.276204 -0.01643 46
-0.0593218 -0.495971 0.0189815 1.04163 0.459605 -0.376789 -0.0160179 159
-0.0583059 -0.443547 0.222576 0.836613 0.150141 -0.176629 -0.020306 10
-0.0489752 0.477892 0.136336 -0.9258 -0.139842 -0.0381968 -0.0195435 47
-0.0477801 0.465755 -0.173651 -1.03135 -0.49338 0.167883 -0.0166862 339
-0.0454752 0.4976 -0.00697654 -1.11169 -0.295826 0.161777 -0.0165793 451
-0.0349313 0.486313 -0.109423 -1.15276 -0.588969 0.222766 -0.0142318 115
-0.0347685 0.460946 0.189282 -0.499518 -0.226414 -0.180289 -0.0229416 5
-0.0207897 -0.499366 0.00452638 1.09949 0.485341 -0.224117 -0.0156673 155
-0.0163194 0.498529 0.0342641 -1.0664 -0.146913 0.126405 -0.0176591 415
-0.0157962 4.6155 -0.050025 -0.35627 0.0543076 0.0587756 -0.00187477 403
-0.0112348 0.498646 -0.0277064 -1.13066 -0.100998 0.140277 -0.0168463 465
-0.00507222 -0.493038 -0.0821553 1.17817 0.366667 -0.218634 -0.0151923 394
-0.00245649 0.493373 0.0802027 -0.820341 -0.116936 0.0555162 -0.0206965 371
-0.00179477 -8.71104 0.978442 0.285124 0.106899 0.0441495 -0.000834293 166
-0.00121523 -0.184674 -0.464502 0.0322477 0.239359 1.45919 -0.0113343 388
-0.000762498 12.5633 -1.88828 -0.209084 0.176127 -0.0876978 -0.000468735 310
0.00909306 -0.539483 0.0141467 0.987532 0.386473 -0.316001 -0.0155064 271
0.0152853 -2.30273 -1.28392 0.672286 0.194382 0.0196975 -0.00167771 419
0.017534 -0.193786 -0.46014 0.0310651 0.250781 1.48813 -0.0107806 8
0.0198532 0.465434 -0.181141 -1.0081 -0.289928 0.369104 -0.0172797 296
0.0199239 0.481322 -0.132626 -1.07288 -0.09498 0.305355 -0.0171838 194
0.0327672 0.102753 -0.487517 -0.633241 -0.712674 1.6831 -0.00164913 227
0.0389925 -0.437227 -0.238642 0.669183 0.192225 0.156703 -0.0218349 413
0.0440497 -7.68021 12.8707 0.205375 0.0782878 0.17528 -0.000340054 48
0.0558293 0.362804 0.339 -0.929338 -0.243429 -0.391298 -0.0182915 196
0.0571907 -0.140147 -0.476435 0.0566854 0.0894542 1.01945 -0.0184393 352
0.0785558 -0.371449 0.324988 0.698993 0.502866 -0.462134 -0.0190429 149
0.0856425 0.419868 -0.2572 -1.25315 0.130437 0.481127 -0.0136433 57
0.0883552 -0.439643 0.220897 0.959329 0.32954 -0.324073 -0.0179185 375
0.0974026 0.227871 0.433524 -0.710355 -0.371773 -0.670821 -0.0182022 73
0.0998701 -0.460242 -0.165547 0.579289 0.21592 0.239033 -0.0222941 114
0.103426 -0.478942 0.098161 1.04131 0.525038 -0.132245 -0.0164049 443
0.106232 0.436674 -0.217938 -1.34143 -0.234082 0.68345 -0.0105185 122
0.116331 0.390693 0.289062 -0.779934 -0.933974 -0.595943 -0.01354 123
0.132044 -0.482084 -0.00542802 0.843257 0.456289 -0.184875 -0.0190474 147
0.133997 0.0489238 0.478798 -0.438875 -0.33613 -0.74937 -0.0196005 462
0.138025 0.470851 -0.0955814 -0.872603 0.076636 0.323406 -0.0195563 395
0.147572 -0.472978 0.0659407 0.971965 0.542955 -0.223935 -0.0169479 129
0.148657 0.475013 0.0442413 -0.945503 -0.0461994 0.473655 -0.0180125 62
0.156025 0.303489 -0.364999 -1.26013 -0.299062 0.860799 -0.00990172 52
0.158434 -0.389053 0.269785 0.802901 0.548378 -0.326295 -0.0184637 133
0.164503 0.471637 -0.00742142 -1.16164 -0.116176 0.411934 -0.0154434 434
0.165494 -0.471128 -0.0081453 0.77086 0.656283 -0.269755 -0.0181686 167
0.171672 0.388312 -0.263504 -1.18999 0.207482 0.432282 -0.0147279 269
0.174695 0.261284 -0.388403 -0.750691 0.0809114 0.581962 -0.019338 255
0.188131 0.440813 -0.141372 -1.16941 0.298126 -0.146669 -0.0157783 36
0.192095 -0.4439 -0.125773 0.693503 0.584744 -0.177343 -0.0196722 184
0.192871 0.381855 -0.258152 -1.19166 0.19398 0.422597 -0.0147906 334
0.194754 -3.55214 0.144673 0.606067 -0.112714 -0.0552305 -0.00111663 138
0.207677 0.429404 0.149696 -0.653546 0.328783 0.17377 -0.0214698 161
0.20943 0.445986 0.0816446 -0.641365 0.147692 0.129957 -0.0222157 402
0.209647 0.237868 -0.386244 -0.709986 0.163633 0.820173 -0.017492 181
0.229363 -0.145194 -0.419077 0.0206341 0.868164 0.329161 -0.0196438 306
0.239223 -0.434043 -0.0647173 0.831253 0.883315 -0.331868 -0.015126 461
0.243064 -4.78244 0.502455 0.47799 -0.349582 -0.111791 -0.000326236 390
0.248818 0.433093 -0.018502 -1.25369 -0.0504038 0.0256993 -0.0151655 86
0.274567 0.288061 0.30172 -1.12914 0.174819 -0.60731 -0.0145653 275
0.279949 -0.336251 -0.240603 0.454095 0.662548 0.0777562 -0.0209636 41
0.282724 -0.403464 0.0819154 0.744101 0.74901 -0.165134 -0.0178914 355
0.289003 -0.407606 0.00117192 0.578713 1.00852 -0.191311 -0.0163377 92
0.293887 -0.395365 0.0854652 0.762774 0.717896 -0.152874 -0.0179971 421
0.298317 -5.26816 -0.830257 0.486626 -0.037098 -0.191014 -0.000623488 356
0.302567 0.338307 0.209758 -0.630587 0.534253 -0.25913 -0.0203113 21
0.303355 6.3916 -0.963231 -0.375377 0.142647 -0.00370622 -0.000923793 416
0.305197 0.389848 -0.0670181 -0.992395 0.186434 0.118232 -0.0185592 283
0.30625 0.374465 -0.124975 -1.25104 0.451692 0.279165 -0.0134743 467
0.307746 0.325988 -0.221088 -0.999706 0.459238 0.349166 -0.0166808 324
0.321646 0.343941 -0.166078 -0.971431 0.546382 0.313581 -0.016655 497
0.323745 0.365574 -0.105724 -1.04783 0.414013 0.0770917 -0.0170477 436
0.329798 0.3743 -0.0333723 -1.09421 0.0418359 0.125855 -0.017408 61
0.333483 -0.221597 0.299381 -0.102826 0.669062 -0.574816 -0.0200738 362
0.334369 3.71535 0.197155 -0.510222 -0.00931959 0.0453293 -0.00170578 316
0.339864 -0.356172 0.0862471 0.526257 0.995434 -0.157095 -0.0169316 88
0.341692 -0.333551 -0.148138 0.563875 0.581135 0.00682962 -0.020904 68
0.345376 0.222005 0.28494 -0.952779 0.365273 -0.612828 -0.0161571 44
0.345439 -0.279369 0.228113 0.0447793 0.553548 -0.456416 -0.0217999 120
0.348901 -0.0588268 -0.352854 0.0110658 0.866708 0.348332 -0.0195611 153
0.352002 0.125759 -0.331284 -0.677825 0.612723 0.0486811 -0.0197938 469
0.352623 0.272516 0.225341 -0.537817 0.575142 -0.384498 -0.0202315 93
0.354798 0.330136 -0.122443 -1.01189 0.624704 -0.0818099 -0.0161264 191
0.355962 0.336224 -0.100952 -0.951094 0.499587 -0.0496602 -0.0177737 45
0.363026 -0.152166 -0.307782 0.216201 0.746501 0.0351173 -0.0212337 246
0.366049 0.25128 -0.228871 -0.845774 0.540435 0.160314 -0.0185674 18
0.368413 -2.99424 -1.12074 0.606469 0.147709 -0.0355208 -0.00144105 411
0.368721 0.272326 -0.198427 -1.13255 0.427008 0.263903 -0.015434 116
0.373371 0.281642 -0.175277 -0.786629 0.561474 0.140314 -0.0190668 450
0.385214 -0.305431 0.0902911 0.557062 0.969514 -0.177334 -0.0169977 350
0.397216 0.197496 0.230451 -0.486895 0.844428 -0.385111 -0.0181401 195
0.39729 -0.232953 -0.193893 0.208489 0.778196 0.00825621 -0.0209579 315
0.400851 0.281587 0.0973112 -0.767 0.918577 -0.0596046 -0.0160553 142
0.402639 -0.294658 -0.0273001 0.377404 0.897474 -0.0248143 -0.0190875 320
0.409334 0.105778 0.266004 -1.16408 0.663918 -0.539023 -0.0119848 201
0.409403 0.255561 -0.130512 -0.798779 0.637692 -0.162182 -0.0183084 385
0.410055 -0.190033 -0.213596 -0.229291 1.08539 0.393811 -0.0163451 301
0.41623 0.260665 -0.0924718 -0.876771 0.58772 -0.141481 -0.0179243 329
0.424315 -0.194816 0.177483 -0.0327018 0.73911 -0.267233 -0.0211579 136
0.425856 -0.0930327 0.24422 -0.154141 0.615435 -0.545831 -0.0206396 15
0.427994 0.257136 0.0240645 -0.686893 0.662008 0.0557271 -0.0192988 321
0.429495 -0.254061 0.0306198 0.338655 1.15012 -0.183929 -0.0158069 221
0.438497 0.0912094 0.220902 -0.647232 1.02725 -0.322191 -0.015168 235
0.43985 0.231095 -0.0515816 -0.615913 0.948023 -0.0316089 -0.017029 183
0.447825 -0.153848 0.159901 -0.0774757 0.920968 0.096652 -0.0196137 135
0.455342 -0.180726 0.099979 0.116609 1.38959 -0.0892017 -0.0127971 139
0.461122 0.191153 -0.0281011 -0.818423 0.789631 -0.117583 -0.0168321 448
0.46264 -0.0814447 0.171143 0.0290272 0.975749 -0.396495 -0.0180637 25
0.466851 -4.00574 -0.76547 0.483491 -0.018816 -0.161755 -0.00141841 24
0.469387 0.074917 -0.153399 -0.423098 0.904169 -0.0296695 -0.0187928 382
0.471043 0.153073 0.0675237 -0.605445 1.2004 -0.0339399 -0.0137022 207
0.473173 -0.161162 -0.011017 0.167638 1.02644 -0.215642 -0.0179495 170
0.476504 0.147131 0.0350951 -0.445646 1.10396 0.0106427 -0.0161442 78
0.480675 0.0359828 0.131653 -0.270874 1.21943 -0.263244 -0.0148308 121
0.491268 -0.0910002 -0.0138502 0.0155342 1.07574 0.0337578 -0.0177679 446
0.491767 -0.082828 0.0344403 -0.0564961 0.965935 0.0530837 -0.0191369 336
0.492922 0.0813788 -0.0168643 -0.436983 1.03399 0.101919 -0.0170655 344
0.493394 9.44264 0.196189 -0.276486 0.224636 -0.0236528 -0.000525034 272
0.494011 -0.0223348 0.0732986 -0.173551 1.05118 -0.0728627 -0.0178765 369
0.497655 -0.00366995 -0.0450399 -0.493262 1.03658 0.0846642 -0.0167338 297
0.504634 -1.5112 0.0581352 0.728175 0.21859 -0.304361 -0.00364891 361
0.50915 4.68818 -1.40312 -0.481049 0.433138 -0.19823 0.000323831 20
0.697933 -5.3564 1.98107 0.443755 0.0204413 -0.159521 -0.000780196 209
0.738599 4.98896 0.0231516 -0.440534 0.200666 0.181102 -0.000808895 307
0.75956 5.79209 -0.569724 -0.38751 0.0980331 -0.0575943 -0.00111037 202
0.878034 6.69957 2.65811 -0.237985 -0.230967 0.0412122 -0.00102354 262
0.994179 5.95555 -1.50505 -0.388536 0.172839 -0.0447829 -0.000866028 144
1.04366 -0.860371 -0.1454 0.415836 0.518914 -0.171362 -0.00624145 466
1.07283 -2.32735 -0.604324 0.618632 0.284197 -0.0735355 -0.00181692 59
1.14016 -4.41146 0.0840643 0.45078 0.0660908 0.0439103 -0.00143355 4
1.17445 6.91702 -1.20816 -0.340072 0.10734 -0.066771 -0.000933112 223
1.19138 -12.1469 6.06829 0.145659 0.0975349 0.178903 -0.000524963 157
1.21641 -2.71481 -1.25682 0.554651 0.280602 -0.0855156 -0.00141005 259
1.26181 2.99231 0.811274 -0.554637 0.201853 -0.0990989 -0.00149571 257
1.26736 -3.099 -0.039412 0.482463 0.229578 -0.101186 -0.00188494 128
1.29462 9.15759 -2.35442 -0.259415 0.0774945 0.00722635 -0.000851313 85
1.29618 -3.7263 -1.29931 0.535799 0.251923 -0.0549655 -0.000799535 232
1.35649 -1.02905 -0.926011 0.591624 0.522117 -0.101727 -0.0024933 146
1.3703 14.6319 -1.00346 -0.169263 0.00519127 0.206545 -0.000402741 260
1.45867 8.90418 -3.53163 -0.321325 0.0546623 -0.00288296 -0.000626029 440
1.48243 3.9032 -0.0665237 -0.431395 0.242882 -0.0258819 -0.00145745 112
1.59003 -2.04272 -0.951856 0.549462 0.313769 -0.152231 -0.00188507 483
1.62669 -1.25555 -0.0839415 0.551824 0.75496 0.0618947 -0.0005886 270
1.67009 -20.8842 5.8583 0.204601 -0.130391 0.0838091 -0.000162798 32
1.76207 -5.24635 1.31221 0.331054 0.0108428 0.00470216 -0.00151184 104
1.76976 -10.6807 0.104744 0.270792 0.153464 -0.062457 -0.000524664 14
1.77999 8.47555 0.690758 -0.256039 0.113881 0.0844926 -0.000903374 273
1.95666 5.0221 -1.05845 -0.426441 0.178696 -0.0338196 -0.000932426 280
1.95643 2.5221 0.712024 -0.56358 0.140513 0.0476915 -0.0016994 134
1.95796 13.7021 3.62956 -0.23488 0.0433741 0.090861 -0.000465399 132
2.10993 12.6862 -1.28212 -0.269362 0.073945 -0.0397438 -0.000469658 348
2.15704 -12.5766 2.75717 0.0362139 0.11075 0.200106 -0.000622384 87
2.37599 4.83498 -1.98619 -0.368659 0.06862 -0.0254834 -0.00129413 424
2.48693 -2.52397 -0.398366 0.464717 0.33049 0.0199074 -0.00147077 182
2.56914 2.53741 -0.117519 -0.277192 0.380574 0.0973584 -0.00201517 51
2.57752 -14.6608 0.329799 0.241087 0.0349245 0.0602802 -0.000445926 94
2.65072 -12.7434 -0.916964 0.271771 0.00376136 -0.0541028 -0.000477964 71
2.66716 -5.52956 0.879499 0.398656 0.184033 -0.130522 -0.000704076 445
2.67792 1.56114 0.0683728 -0.307859 0.359572 0.0050294 -0.00263103 408
2.73951 -6.50332 5.61083 0.297816 0.167436 -0.0075295 -0.000656586 82
2.75724 6.97489 -3.6746 -0.262492 0.149075 0.157199 -0.000772684 340
2.79396 4.91924 -0.0925539 -0.28509 0.335278 -0.0778178 -0.00096084 33
3.03252 -5.90216 -0.133013 0.345274 0.102299 -0.0824574 -0.0010304 169
3.04129 -1.35727 1.25537 0.249148 0.355841 0.0616752 -0.00230894 400
3.09788 2.27854 -0.758126 -0.323563 0.58311 -0.0229168 -0.00040637 325
3.11283 1.82598 -1.46348 -0.210545 0.297753 0.162419 -0.00221377 31
3.23325 -4.22223 0.202022 0.392567 0.298156 -0.165893 -0.000658023 433
3.26484 -6.71666 -0.677773 0.361471 0.0845272 -0.0537253 -0.000787606 205
3.35101 -11.7886 -1.70728 0.227078 0.0915198 -0.0355143 -0.000627678 290
3.44012 2.7159 0.312596 -0.247225 0.593765 -0.0516204 -0.000242579 308
3.46232 -4.70927 -1.70679 0.400823 0.203348 -0.12468 -0.000693108 6
3.5178 1.44596 0.883692 -0.151606 0.439669 -0.0528849 -0.00183196 317
3.53793 -12.045 -3.5374 0.256503 0.0791877 -0.0380799 -0.000498922 27
3.54211 -8.21016 -1.9544 0.224973 0.220757 0.00125748 -0.000744784 380
3.57573 -6.62044 0.0103212 0.385549 0.134905 -0.0716466 -0.000586392 330
3.57515 6.98889 0.0956082 -0.247789 0.171155 0.117651 -0.000938844 384
3.77862 1.00196 -3.22152 0.145013 0.636677 -0.136426 0.000313608 108
4.11488 5.4453 -5.17382 -0.243129 0.240352 0.0715687 -0.000696983 396
4.21091 2.92902 -0.834738 -0.352289 0.204498 0.0422807 -0.00135707 326
4.23274 -4.89998 5.29291 0.21417 0.244411 -0.0742808 -0.000800148 386
4.23473 -1.07901 0.0678959 0.113869 0.508614 -0.0962757 -0.00110427 12
4.26151 1.5073 2.98015 0.036573 0.443774 -0.162917 -0.000903641 464
4.26863 8.60019 -3.18231 -0.278412 0.136626 0.0165519 -0.000632964 267
4.34825 6.81732 -1.11592 -0.312414 0.101657 0.0756517 -0.000820998 42
4.41088 5.27203 -1.99565 -0.239064 0.143123 -0.0152343 -0.0012597 343
4.51556 -9.0598 -3.41626 0.230213 0.180411 -0.113065 -0.000555445 218
4.62246 3.79755 -1.77598 -0.114422 0.400065 0.0373918 -0.000912183 211
4.6373 5.0882 -1.03914 -0.156148 0.151424 -0.033249 -0.00149277 341
4.72091 2.56538 0.733398 -0.104337 0.476522 -0.0856658 -0.000771995 1
4.79338 5.39345 1.12706 -0.168215 0.410815 -0.0293028 -0.000474564 248
4.82853 -0.539926 0.664813 0.0944633 0.448749 -0.0228931 -0.00123135 53
4.8897 2.01921 -0.0868205 -0.127945 0.408159 -0.0450174 -0.00120635 449
4.89515 5.77629 -0.388392 -0.239637 0.209016 -0.0610059 -0.000993536 354
4.9735 0.398804 0.978858 -0.0390407 0.49056 -0.0744448 -0.000910194 111
4.99905 -0.580964 -0.340939 0.152081 0.480949 -0.0585882 -0.00086637 107
5.12546 7.36522 -1.40326 -0.278543 0.0223382 0.0159815 -0.000886692 360
5.21238 3.37404 -0.684654 -0.329845 0.165466 -0.0647922 -0.0011237 425
5.21681 1.9403 -1.02848 -0.15674 0.242587 -0.0411682 -0.00167647 328
5.27411 0.162759 -0.879323 0.280522 0.468274 -0.0105357 -0.000473693 249
5.34154 6.54079 -0.0267397 -0.23026 0.133502 0.0871517 -0.000989963 398
5.34895 11.7271 1.25044 -0.220824 0.0540276 0.149374 -0.000502791 203
5.36014 -24.3788 4.88942 0.201577 -0.0943584 -0.113073 -0.000101926 176
5.37769 14.5518 -0.947025 -0.235844 0.0641092 0.0460941 -0.000417638 219
5.40706 1.01113 -1.39174 0.27111 0.510932 0.0576442 -9.12663e-05 77
5.43205 -1.32618 0.121894 0.044415 0.420332 -0.0554368 -0.00109918 37
5.48382 7.28596 -0.535612 -0.364804 0.142453 0.0626067 -0.000385306 101
5.48984 1.90854 0.758534 -0.160579 0.386037 0.0014422 -0.00104001 55
5.52781 5.1096 0.255098 -0.140918 0.258584 -0.0760795 -0.00108141 228
5.60991 6.43311 -1.04207 -0.251315 0.133459 0.105978 -0.000877404 97
5.61213 -9.83704 -0.628337 0.22104 0.0343267 0.153976 -0.000641115 365
5.67301 11.2711 2.21742 -0.230481 0.0475259 0.148665 -0.000491416 81
5.75923 -3.87597 4.43965 0.19329 0.26877 -0.116797 -0.000746688 381
5.84903 -0.539225 -0.867583 0.181201 0.385539 -0.0916739 -0.000918503 492
6.0217 8.91444 -4.12063 -0.21843 0.157366 -0.00795301 -0.000631711 299
6.07073 -4.66919 -0.913338 0.169412 0.207611 0.0444926 -0.00115952 423
6.1555 -3.63881 -1.31232 0.363491 0.25358 -0.0783769 -0.000453316 347
6.2239 23.8273 -7.35606 -0.0180105 0.142359 -0.219961 -5.52644e-05 319
6.31529 -8.26742 -5.03137 0.188783 0.203831 -0.103931 -0.000531739 404
6.38519 -0.897955 0.162284 0.0832062 0.39951 -0.0410698 -0.000886602 151
6.43961 -2.87564 0.165375 0.467993 0.333767 -0.0448392 0.000305751 463
6.48935 5.27099 2.69373 -0.266148 0.204918 0.0189708 -0.000715696 494
6.62739 3.2894 -0.678762 -0.034805 0.442851 0.0226273 -0.000445895 143
6.6778 3.95427 -4.56125 -0.276996 0.0149965 0.0529186 -0.000890144 412
7.10074 21.3374 -1.15145 -0.0551872 0.141226 0.170699 -0.000229324 370
7.10836 -7.79628 -4.51964 0.113786 0.213128 -0.193163 -0.000491052 322
7.1785 5.90013 -0.516528 -0.267251 0.127273 -0.0908022 -0.000743995 358
7.51462 -4.88347 -0.324873 0.170946 0.120055 0.0537898 -0.00110305 285
8.09563 16.4553 3.74228 -0.135776 0.140396 0.123652 -0.000333871 289
8.21022 -3.86186 -1.31404 0.423387 0.190822 -0.0396185 -5.72351e-06 233
8.21218 -3.99609 1.41601 0.0527865 0.315202 0.0470746 -0.00070031 70
8.27246 -10.6905 -2.73738 0.187751 0.130621 -0.0377508 -0.000570477 417
8.27609 -20.7359 3.93032 0.224686 0.000712666 -0.0567999 -0.000215704 264
8.53598 2.2468 -2.93569 -0.166721 0.14211 0.126693 -0.000943515 193
8.6556 8.83361 -2.16945 -0.0984082 0.242646 0.0201875 -0.000564469 210
8.74662 9.16917 1.32131 -0.0382843 0.369529 0.0674475 -9.0073e-05 7
8.86129 3.43105 3.70815 -0.145383 0.242481 -0.0435993 -0.000713997 256
8.9008 -5.58178 -1.59009 0.15065 0.167067 0.153191 -0.000713412 236
8.96529 8.12337 -5.02937 -0.161906 0.182014 -0.0367383 -0.000574734 160
8.97731 4.19036 -0.198417 -0.16544 0.0382661 -0.156348 -0.000928468 220
9.25263 1.51567 -0.744855 -0.203337 0.305579 0.0278803 -0.000482126 460
9.34046 6.35835 -0.869956 -0.13043 0.209038 -0.0613544 -0.000700047 16
9.64327 -5.2779 2.06222 0.090929 0.258185 0.0288098 -0.000644095 489
9.69376 -3.80517 0.764453 -0.0671302 0.309773 -0.0896524 -0.000518959 2
9.91692 8.46288 -0.291552 -0.175008 0.207693 -0.046012 -0.000484307 333
9.94038 -0.432842 -2.37534 -0.0891754 0.1302 0.291382 -0.000535669 137
10.2338 -0.531977 2.32505 0.0151439 0.307832 -0.0104003 -0.000595205 186
10.6049 4.58473 3.67497 0.165003 0.351387 0.162017 7.49052e-05 376
12.3899 -5.40456 0.089496 0.136682 0.207666 0.0187373 -0.000536231 156
12.5291 14.9248 -0.0552719 -0.118121 0.202176 0.0133472 -0.000297675 410
12.5439 1.68536 -2.14476 -0.0846153 0.115262 -0.247653 -0.000462635 459
13.4437 -13.6728 2.68397 0.162931 0.0706655 0.126295 -0.000348784 198
13.8684 -1.99127 1.31823 0.00678017 0.233903 0.0581162 -0.000524922 175
14.1689 -7.46709 0.123076 0.158995 0.172908 0.00322127 -0.000435524 457
14.3399 19.1366 5.03664 -0.0155945 0.205227 0.0699118 -0.000216196 368
14.9411 11.5558 0.0711186 -0.0782927 0.217726 0.0389091 -0.000317725 3
15.8488 -17.2218 -1.94177 0.170684 -0.0318985 0.172695 -0.000157416 498
16.2232 20.1075 2.3846 -0.000419967 0.215492 -0.152115 -4.69223e-05 351
16.2915 -2.81469 -2.6979 0.360234 0.148571 -0.0646018 0.000228897 311
16.4309 -6.92766 -5.9212 0.203941 0.133707 -0.0900499 -0.000242917 208
17.0149 -15.7958 -0.0251643 0.229783 0.0874781 0.00257302 -0.000160534 66
18.2109 -13.0116 -3.9512 0.122032 -0.00865679 -0.206707 -0.000189397 30
20.0236 -6.8793 -8.12702 0.143939 0.079136 -0.0709977 -0.000351045 110
20.0506 -17.1648 2.13445 0.230149 -0.0103975 0.0660806 -0.000113027 420
20.5718 -16.0101 -0.902351 0.193506 -0.0290665 -0.178156 -4.15532e-05 437
21.3073 -1.07954 0.587088 0.0947379 0.208468 -0.0362297 -0.000249763 313
22.1198 3.54666 5.29451 -0.0542145 0.145776 -0.0197021 -0.000389406 72
22.8267 8.24703 2.56118 -0.0151717 0.213315 -0.0633112 -0.000201293 76
24.0023 4.63457 9.47686 0.267385 0.131536 0.118746 0.00016634 74
24.723 -11.5937 2.95627 0.237406 0.0903669 -0.0741081 -1.74843e-05 192
25.7326 28.3486 8.34698 0.328458 0.483544 0.108512 0.00189021 119
27.7286 5.54726 -6.09192 0.353232 0.146517 -0.0504298 0.000497771 318
29.3818 0.560555 -6.05511 0.216585 0.0074722 -0.0720875 -9.05952e-05 337
29.3817 10.112 -19.4247 0.781457 0.355295 -0.538038 0.00607386 499
