7.75795 3.28457 -1.77171 -1.64434 3.32839 -0.0646756 1
-2.67235 -1.75888 4.01714 1.56669 -1.68536 1.79504 2
-24.7276 2.88664 -33.3873 -0.153985 -0.983086 -0.129353 3
9.68616 -9.63199 -1.85515 1.42596 1.73323 0.0854407 4
0.328552 7.15931 1.27913 -2.70087 -2.15641 -1.20338 5
-1719.53 -1048.71 597.053 -38.8396 -23.6893 13.4873 6
-935.273 -933.431 503.008 -20.6355 -20.5978 11.0971 7
4.78475 1.91453 4.58628 0.116086 4.1418 -1.07646 8
-1.6597 4.47834 -0.234671 -3.66961 -1.75995 -0.792647 9
0.913812 -6.89068 5.79666 1.43712 -0.498642 0.840268 10
-20.2072 21.532 -9.92863 -0.694928 -1.01895 0.272283 11
0.250841 2.50022 -0.00120502 -5.46065 0.649241 -1.32455 12
29.3676 26.3207 22.8705 -0.493135 0.681589 0.161377 13
-3.00077 -5.10586 -0.473737 3.28504 -1.16615 1.08749 14
-349.436 -88.5178 -48.2288 -7.38169 -1.88542 -1.02031 15
-7.84774 2.36736 0.715379 -0.884821 -2.96333 0.253949 16
-176.639 -206.992 -22.8276 -3.86914 -4.56832 -0.504765 17
-2.9911 5.91206 -2.16565 -2.94276 -1.47897 0.0916216 18
2.50615 2.39239 -0.17908 -2.33425 4.27486 -0.0167566 19
10.9475 0.680839 13.4967 -0.903821 1.85391 0.561048 20
35.4681 60.1059 34.7839 0.0663289 1.0046 0.695962 21
-62.2733 -191 -61.6859 -1.48075 -4.6417 -1.49983 22
5.78763 -14.0287 3.0101 2.13872 1.0554 0.23084 23
142.335 -29.6535 25.5281 2.9282 -0.561224 0.526584 24
33.2877 -7.13058 12.0307 -0.120626 0.96524 -0.0962417 25
301.863 5.29783 -259.281 6.61438 0.126615 -5.6887 26
634.841 255.347 -518.777 14.0635 5.65975 -11.4987 27
-2.13323 -5.47808 -5.60447 1.76153 -1.86815 1.68431 28
-48.328 -31.3752 32.3079 -0.38425 -0.377087 0.303284 29
3.38854 -3.12379 -2.74817 2.76055 2.18201 1.2285 30
5.8724 0.0619394 1.34745 -2.37087 2.56977 -1.3506 31
9.61112 0.970112 -9.83374 -0.457964 1.77654 -0.951749 32
-18.4044 -3.20537 19.2004 -0.706348 -0.506136 0.86616 33
112.854 -97.6568 -159.946 2.63165 -2.24274 -3.72414 34
2.26264 0.572669 0.195058 -4.70216 0.365884 5.52553 35
4.60556 -2.18609 -0.0802259 3.12902 1.71734 -0.0535172 36
2.04797 4.78764 -12.7061 -0.687016 0.304011 -1.26661 37
2.71271 -3.25585 -5.18128 1.37686 0.604042 -2.2101 38
-4.85595 9.18533 -0.200024 -1.99094 -1.76867 0.199381 39
-74.1086 983.012 -566.459 -1.72983 22.9114 -13.2055 40
-33.9659 -56.5994 35.989 0.0247658 -0.968456 0.791876 41
40.1814 -5.4302 120.722 0.993956 -0.0879124 2.93916 42
17.1871 -1.79121 -1.90121 -0.0545422 0.739752 0.0451537 43
-6.14781 -3.46112 2.41251 -0.200893 -2.30375 0.619571 44
10.6631 -3.55427 4.52298 0.62051 1.98866 0.105427 45
-3.56352 -9.62457 2.54598 1.37112 -1.24843 0.318015 46
8.14821 -5.53799 2.6946 -0.550133 1.67544 -0.456002 47
-8.93437 17.8118 -7.4025 -0.273584 -0.71343 0.239482 48
-158.583 5873.42 -116.019 -4.09907 151.843 -2.99897 49
10.9234 20.9508 -13.0424 -1.18354 0.618212 0.690248 50
4.19263 -4.49832 -1.16284 -0.628383 3.61165 0.90832 51
55.8679 31.6349 -34.1182 0.430371 0.936375 -0.699934 52
-20.1461 -42.8093 16.7728 0.607917 -0.604283 0.23004 53
132.171 -61.3627 -45.2824 2.56359 -1.14406 -0.874968 54
10.3005 23.1012 33.455 -0.780715 0.171115 -0.00799472 55
-8.81011 -5.89252 -1.73929 0.97248 -2.48914 0.997342 56
60.8989 1108.76 431.236 1.33498 24.3607 9.47633 57
4.22441 1.09582 -2.27565 1.63921 2.86571 -2.5886 58
-2.71947 -3.04502 -8.78968 2.1649 -2.32764 0.178549 59
-6.09273 -6.27123 4.46697 2.04531 -1.59 1.02906 60
26.9741 35.1601 -53.8378 -0.0747966 0.578644 -0.669329 61
-32.0213 -13.1454 2.22991 0.788796 -0.547934 -0.0426826 62
-2.82103 2.48436 -6.68557 -1.1446 0.271586 2.29376 63
2.71944 83.4079 -10.9558 -0.0474078 1.1608 -0.148678 64
0.091937 7.19913 -0.678638 -3.01633 0.0565566 -0.0515414 65
145.921 181.262 -108.034 3.6911 4.62181 -2.75198 66
17.3122 21.1436 -26.1094 -0.874095 0.682512 -0.0499171 67
10.4933 -1.69796 6.96138 0.212155 1.64342 1.66403 68
-25.618 -48.1636 -4.90964 0.578615 -1.02208 -0.213679 69
4.53403 -3.02641 6.68348 0.667112 1.44903 -1.44847 70
-0.616269 9.21938 -0.425961 -2.69645 0.672032 1.25274 71
953.213 1288.83 2281.43 21.4226 28.964 51.2731 72
4.84229 3.73891 0.665174 -3.33606 -0.0517542 -0.393679 73
-3.60607 2.18104 -0.648958 -5.6801 0.893507 -1.17881 74
2.33854 -5.22492 5.62006 2.24214 0.912979 -0.243125 75
0.371002 -3.64154 2.75901 0.765917 1.25826 3.60108 76
64.4236 -24.7331 -14.6823 1.05074 0.232783 -0.305111 77
3.61214 -4.09342 2.80064 1.87831 1.03254 0.403094 78
8.24274 2.07217 6.28438 -1.76702 1.6579 1.37716 79
8.16563 -11.0053 -1.51817 1.47986 0.130613 -0.101621 80
-0.427936 -2.85486 2.22949 5.41775 0.672052 1.04662 81
-3.94584 -11.6709 0.443015 2.37036 -0.566465 -0.374062 82
-16.1013 5.04886 -18.7315 -0.973087 -0.36455 1.23927 83
-47.4078 46.5069 6.23088 -1.1626 0.0999467 0.136202 84
-2134.58 -1162.37 258.34 -47.4674 -25.8501 5.74551 85
3.75274 -69.5413 -15.3859 0.441935 -0.760471 -0.237013 86
-6.58301 -4.67167 2.73807 2.98578 0.797938 -1.10549 87
2.11995 -4.94625 0.409833 2.65341 1.8038 2.18821 88
23.9873 -67.8594 -32.8242 0.787686 -0.767923 -0.615067 89
-6.14619 7.6471 0.98672 -2.30608 -1.66414 -0.375515 90
-1.14435 1.04937 2.58887 -3.93546 -5.14512 0.232879 91
14.3242 -0.568832 0.142001 0.332002 2.36694 0.299469 92
-9.6203 -2.28913 3.51429 -1.70619 -1.75018 0.992544 93
1100.29 -1810.06 98.0027 24.4474 -40.2155 2.17787 94
-2.88714 -4.99614 1.63515 1.38223 -0.0312804 -3.46612 95
9.22768 7.02395 8.77454 -1.16229 0.117027 -0.768021 96
-29.1774 -41.9037 -3.2318 0.458929 -0.860677 -0.0521674 97
-11.8996 -32.7917 22.2292 0.898209 -0.375292 0.0639362 98
-18.4375 0.578042 -20.6957 -0.22524 -0.452535 -0.221247 99
-3.20285 7.11979 2.15781 -1.35594 -1.01164 0.0106745 100
-1599.8 -5067.06 19.4148 -36.6109 -115.963 0.44434 101
2.97857 -11.0209 3.49459 1.93109 0.761084 -0.226288 102
-7.14977 5.57818 -3.11605 -0.0929651 -2.04304 0.594958 103
196.392 638.409 33.0065 4.24743 13.8317 0.715545 104
103.876 -207.204 -216.44 2.29473 -4.54409 -4.76361 105
99.8003 -2177.24 477.401 2.42282 -52.8402 11.5881 106
-2.27282 2.4187 3.96214 -2.01018 1.2124 -2.78678 107
-1.47201 -3.94409 -19.9759 0.405271 -0.0768447 -0.800319 108
-6.54923 5.17603 1.51306 -0.830692 -2.5376 1.79723 109
-0.873213 3.91494 -1.18553 -1.65854 -1.26611 -3.90654 110
-2.54942 8.97998 -0.442204 -2.50103 -1.27095 0.928937 111
-32.2346 8.60269 -8.46472 -1.10594 -0.00208326 -0.2844 112
10.504 -16.5662 -14.745 0.974532 0.102292 1.31837 113
-60.3856 -31.1282 19.3699 -0.527934 -1.00355 0.496425 114
-24.0059 -7.28311 -5.95629 -0.741626 -0.63622 -0.209037 115
-15.8601 9.09243 -14.0306 -0.552453 -0.296825 -0.280553 116
-420.47 -569.992 -175.078 -10.0447 -13.6266 -4.18664 117
-3.73814 0.798136 -2.27905 -0.937182 -3.63835 -0.42585 118
-6.43527 -3.07093 3.5079 1.93192 -0.765723 -0.991633 119
49.8465 50.6188 -9.65009 0.270405 0.99143 -0.118106 120
10.8364 3.96458 -5.53325 -0.939483 1.12052 0.477715 121
-3.82863 4.5639 2.81252 -1.51533 -1.40851 -2.71956 122
-2.60004 -13.7966 -7.7229 1.46605 -0.476346 1.46003 123
-11.6281 -2.02917 0.351894 -0.962499 -2.53959 -1.03169 124
-11.8557 1.59215 -1.98703 0.125602 -2.00608 0.262299 125
5.94215 -3.17582 2.51718 -1.59659 2.76978 -1.49423 126
-81.8621 -23.0826 3.82564 -1.12117 -0.783811 0.0653982 127
23.3892 -1.69727 -2.19622 0.605096 0.410922 -0.0492813 128
28.015 7.81926 -14.211 -0.544723 0.962876 0.356939 129
5.34638 8.18365 0.323551 -2.80825 -0.0969672 -0.0768248 130
459.555 -409.057 274.384 11.4135 -10.1511 6.81534 131
-1.46836 2.05283 -0.0483598 -5.90386 -1.82818 -0.21661 132
-9.28719 5.09136 10.4527 0.954535 -1.13995 -1.55324 133
6.06144 -3.1311 6.89331 -0.350749 1.23382 2.31278 134
-9.62183 -2.47821 -4.36652 0.707577 -2.7984 0.153846 135
-5.96753 5.70032 2.04291 -2.12094 -1.67245 0.949411 136
28.9154 9.1217 -59.9714 0.221687 0.167756 -0.53476 137
8.52075 -2.08407 -6.46363 0.0789336 1.79781 1.05039 138
-3.28578 -13.1622 12.7728 1.33545 0.762185 1.35219 139
-8.55293 10.2166 0.998651 -1.93455 -1.02659 0.254667 140
-12.3506 -5.1063 0.570517 0.138154 -0.804568 -0.0255075 141
-12.1634 -7.1102 -20.7174 -0.148224 -0.478909 -0.623008 142
5.97525 12.7512 0.737406 -2.61596 -0.0124827 0.140241 143
-107.707 -166.297 -94.4662 -2.18813 -3.42779 -1.94264 144
4.1282 6.43446 4.03238 -2.14862 0.840217 -0.905505 145
4.81939 -1.16672 -4.33118 -0.0103847 3.19823 -1.06959 146
47.6655 74.6379 1.03385 0.791646 1.41248 0.0150772 147
-5.26608 1.52637 -0.851806 -3.48291 -1.89418 -0.778057 148
75.1058 8.06667 1.35098 1.04395 0.742871 0.00240403 149
11.398 -423.287 -465.533 0.268322 -9.87978 -10.8765 150
-5.04927 5.32295 -1.80624 -3.00877 -0.177715 -0.983763 151
0.618242 4.95331 -6.12084 -1.73187 0.633904 1.6069 152
-5.21929 -10.8233 4.27816 1.94519 -0.71486 -1.15449 153
3.70764 -4.51719 4.36624 2.19498 0.480863 -2.10595 154
3.93117 0.0486771 3.30728 -0.0284912 2.9362 0.14377 155
5.45547 -2.34245 -2.33565 -0.106566 3.22008 -1.96285 156
-7.24429 -6.74559 7.60506 1.34625 -1.43695 0.541406 157
-5.23086 2.5891 1.08453 -1.65029 -3.19198 0.578323 158
-11.5033 -6.7838 0.717047 0.584384 -2.5166 0.0401918 159
10.0976 -7.79226 4.02006 1.69482 -0.200397 0.569985 160
-3.43284 -7.2578 6.96202 1.29957 0.314236 -1.01548 161
9.94275 -2.18001 0.0394718 0.686581 1.58579 2.1224 162
0.82315 -5.57035 -7.15572 0.44778 -1.50592 2.17193 163
6.77888 -3.14938 0.528103 1.62957 2.61702 0.147642 164
18.1952 16.0835 32.3152 0.71679 0.881201 1.54584 165
4.51006 -12.213 -5.09039 1.68233 1.05953 -1.28953 166
0.5342 -1.37598 0.136217 9.79267 1.84392 -0.661711 167
11.3918 -7.365 1.61699 1.63745 0.284621 0.21988 168
7.22647 12.1098 4.54704 -1.56299 0.756624 -0.158292 169
-1.16662 6.06687 -0.426647 -1.99932 -1.84804 -2.76266 170
-1.27147 -0.700081 -0.0939193 -3.77318 -9.58544 -1.71114 171
22.7223 -17.9808 -2.15289 0.382954 0.125543 -0.00785532 172
7.89596 7.9018 -0.420991 -2.17099 -0.0238704 -2.23989 173
-13.2127 0.666791 27.396 -0.760306 -0.890351 -0.64117 174
3.97828 0.0532927 -0.0135178 2.74681 4.63899 0.456462 175
-0.799377 3.22416 5.30017 -3.59433 1.28084 -0.970572 176
310.979 -99.7729 -156.769 7.77945 -2.48131 -3.92522 177
-189.087 -313.856 11860.7 -4.47707 -7.43116 280.822 178
8.26106 13.4902 34.2339 -1.12969 -0.075536 0.413012 179
-8.47499 16.5488 4.86779 -0.237072 -0.774731 -0.121138 180
-10.5337 4.80512 3.97675 -1.33678 -0.912874 -1.93119 181
-267.657 790.804 262.665 -5.75645 16.9927 5.64642 182
14.0808 -11.0959 -29.3498 0.0289844 0.242799 0.239326 183
-1367.81 492.358 20.997 -33.2137 11.9529 0.509695 184
5.73466 -3.52133 -2.52997 2.18934 2.27772 1.41539 185
6.53572 -0.301678 -1.03151 0.125555 3.64085 -0.181737 186
-21.855 1.24983 5.99937 -3.73471 -0.128987 1.06188 187
-4.49117 9.59442 -6.56192 -1.99756 -1.02759 -0.596903 188
-604.991 -77.039 -547.564 -13.4679 -1.71664 -12.1969 189
-0.8865 -4.7633 -0.237469 3.40445 -1.06851 2.03265 190
-10.5228 8.77628 -5.50811 -0.847227 -1.48049 0.286589 191
1.50499 14.0878 -14.7668 -0.509919 0.352898 -0.360117 192
1.81464 4.91611 -3.16754 -2.51754 -0.422146 1.6172 193
-2.95095 8.66012 -9.55569 -1.35205 -0.475172 0.23168 194
-14.0915 2.81629 1.33009 -0.312531 -2.12581 -0.134134 195
-204.728 -386.818 408.589 -5.29202 -10.0074 10.5754 196
12.8348 -10.4292 4.49993 0.48701 1.50937 -0.270615 197
3.84823 3.62575 4.92963 -2.54214 2.37996 0.181853 198
5.87363 5.08604 1.13329 -1.9564 2.94191 -0.234861 199
-6.62864 37.6394 -9.45287 -0.677608 -0.402189 0.0914389 200
1.22094 2.16966 -0.406733 -4.21418 5.5784 1.36761 201
-2.86432 -11.602 3.00151 2.27021 -0.601022 0.376145 202
-6.41219 1.34005 19.8684 0.144214 -0.36654 -1.16565 203
-3.09457 -4.50965 -0.214589 2.15317 -2.62629 0.0709862 204
1.10836 -2.24936 0.0170529 6.51135 -0.817969 -0.721959 205
6.8081 5.76762 5.77367 -1.91799 -0.17558 -1.37077 206
18.2337 -7.74852 53.4263 0.156902 0.467613 0.416191 207
-889.639 -7578.87 -452.792 -19.1835 -163.431 -9.76378 208
6.60623 14.9146 29.8481 -1.1577 0.466726 -0.0557192 209
101.812 273.738 -27.5157 2.51838 6.82972 -0.686608 210
-28.6325 -31.0976 -39.1334 -0.868727 -1.13844 -1.34382 211
-27.7981 -6.15449 26.1232 0.199628 -1.01188 -0.048101 212
-63.6005 31.9745 5.86507 -0.984167 -0.0293638 0.0990965 213
-4.64948 -23.0021 3.50717 0.414663 -0.618789 0.0953539 214
49.4236 -8.9754 65.3462 0.453867 0.140809 1.23974 215
11.7839 -2.469 -22.5552 0.0903167 0.420113 -0.00209974 216
-7.89045 13.2355 6.15204 -1.60904 -0.300936 1.21658 217
25.985 42.6102 -128.322 0.549425 0.96406 -2.95514 218
10.422 11.4945 1.08842 -1.42945 1.4552 0.241798 219
-7.292 14.4509 -2.04186 -0.829226 -1.09327 0.120223 220
-7.566 1.83165 1.09866 -1.99931 -1.42894 0.414816 221
-4.12596 7.75777 -0.154222 -3.6182 -0.374812 -0.0375698 222
-6.61977 1.42635 12.9419 0.437742 -0.629699 -1.58322 223
554.107 88.5622 493.209 13.03 2.08607 11.6048 224
50.0814 -34.5392 -7.2822 0.908035 0.183411 -0.138242 225
0.47492 9.61726 1.95368 -2.21975 -1.15224 -0.739539 226
0.117859 -3.36257 -0.103062 5.00042 3.0739 -0.594132 227
-28.879 -2.65353 11.9178 -0.731022 -0.361326 0.33607 228
-118.937 97.58 11.0077 -2.86329 2.31199 0.25847 229
1397.84 -398.45 -89.6408 32.0955 -9.14615 -2.05865 230
299.651 -4837.41 1130.31 6.45466 -104.198 24.3477 231
-10.7824 66.5152 98.0819 -0.252783 1.24711 1.8802 232
5.31754 6.01643 9.99487 -1.36473 1.0536 1.03308 233
24.9089 -23.8174 28.1165 0.399497 0.552865 0.00210795 234
-2.19025 -12.9759 -3.09064 1.12194 -0.0372646 2.20867 235
-0.941474 4.14754 2.55434 -0.647384 -0.738942 -4.11007 236
-23.2176 -8.79269 -28.9054 -1.7974 -0.860391 -2.39476 237
3.07215 2.91306 0.753292 0.370105 4.38333 2.68378 238
8.33549 6.92119 -1.06669 -1.00398 1.99643 -0.303414 239
3.23198 -6.6009 2.56669 2.77455 0.625972 -1.45728 240
8.42236 -3.62196 -1.54634 1.02969 2.52837 -1.19537 241
-5.10225 1.36924 7.12213 0.269186 -0.819537 -3.01743 242
16.4064 26.4204 -27.0704 0.387835 1.02284 -0.99327 243
4.26946 0.615034 -2.44502 -0.675843 3.16742 -1.75733 244
-2.26644 6.13941 -0.205084 -3.52059 1.77094 -0.387645 245
-161.664 -795.867 -121.37 -3.80009 -18.7351 -2.85811 246
-5.8062 -7.17478 -0.270746 2.72017 -0.765797 1.42472 247
-4.75254 5.95189 -5.75509 -2.4243 -1.79098 0.0542576 248
-10.9863 8.29985 -0.856767 -1.26831 -0.772017 -2.01216 249
-3.25745 -1.19574 -4.70258 0.957336 -2.23742 -0.598456 250
-49.5 1.14079 9.83792 -0.408595 -0.846838 0.164568 251
9.01151 1.04869 2.97872 0.747957 1.73103 0.405434 252
107.309 156.133 260.178 2.30518 3.37581 5.63367 253
-1.12315 5.51001 15.8319 -1.44102 -1.60973 0.388294 254
-5.44574 -2.56541 4.77863 1.70002 -1.09438 -1.75116 255
2.70239 0.967954 -2.92513 -1.11674 3.26615 -0.14654 256
0.892377 -0.908188 -0.348859 1.13289 9.92587 -3.18052 257
-421.229 147.47 248.532 -8.88115 3.10021 5.24213 258
-4.39324 -1.70802 2.77722 3.48975 -2.23718 1.81785 259
-0.430264 -9.08274 2.35905 2.22675 0.0110361 -0.0172417 260
-2.26571 -3.94053 -7.54296 1.19324 -0.413716 1.41093 261
3.10203 -5.11873 -0.207666 1.70501 2.74923 -2.34182 262
4.08864 -30.7905 21.3078 1.00036 0.170052 -0.119911 263
-3891.33 -792.535 80.2475 -82.0508 -16.7122 1.69171 264
-8.96257 2.96008 2.6702 -1.59655 -1.83444 1.02821 265
-4345.82 -352.834 -385.556 -97.3277 -7.90094 -8.63492 266
-63.2333 27.5139 -26.3302 -0.990548 -0.0943924 -0.442058 267
-84.3716 -2.53803 -52.4052 -1.30236 -0.101732 -0.816982 268
-0.351034 -1.46118 0.216892 6.88569 6.48727 -3.24111 269
127.028 1133.04 -72.4378 3.13027 27.9446 -1.78717 270
0.240053 -5.09168 4.03297 1.40278 2.00483 -2.29512 271
11.0852 -44.6282 54.1936 0.366273 -0.178262 0.94606 272
268.904 73.068 -96.9891 6.0575 1.66642 -2.18924 273
-8.53672 1.37159 1.28677 -1.1523 -2.4062 1.35596 274
1.21207 -7.43498 8.95174 1.8648 0.481178 0.291661 275
-13.2945 -7.15851 -4.64351 0.456283 -0.788566 -0.0262744 276
4.89446 -3.51594 -0.455215 1.42971 2.78413 -0.0387471 277
-6.62862 -2.42493 -8.6008 0.268103 -1.69742 1.05705 278
6.26353 -5.33532 -7.30843 -0.171598 1.37465 -2.05889 279
5.37882 -16.6601 -2.44675 1.98339 0.72613 -0.361927 280
-10.4598 4.07182 -6.93321 -1.30388 -0.799696 -0.819294 281
-12.242 1.99464 3.02152 -0.104712 -2.22751 -0.819531 282
1.11083 0.61616 -3.15827 -5.37369 1.98158 -1.1311 283
2.98427 -3.49524 -0.182394 3.04519 2.89416 -0.240763 284
-16.7473 11.1732 -5.69906 -0.107235 -0.693799 0.0732976 285
0.286022 3.28298 -0.362689 -2.87563 1.88326 3.90064 286
2.04745 0.577741 -0.139521 -7.0845 3.39954 1.99017 287
-35.9034 -59.706 20.6978 0.056689 -1.16202 0.522959 288
582.76 -116.565 -365.091 12.9614 -2.58875 -8.1223 289
-4.17657 -9.22465 -2.44109 1.36503 -0.502131 -0.0343165 290
46.8248 361.509 -88.8717 1.02305 8.01344 -1.97151 291
57.9834 10.1908 0.714578 2.50166 0.581308 0.0342017 292
-0.583126 -21.7491 7.04462 0.559175 -0.126512 0.0486481 293
5.57433 7.20175 -11.6409 -1.04677 0.976088 -0.0617098 294
456.723 779.8 165.831 9.74522 16.6481 3.54091 295
-7.94424 -8.96941 5.72966 1.57094 0.522749 -0.800985 296
1.08996 -6.09724 1.42263 2.06525 2.83594 -1.47681 297
7.36711 1.68682 0.813534 -0.474426 3.15334 -0.704088 298
-2.93525 13.6388 -0.195605 -1.95714 -0.139207 1.48091 299
3.23318 2.89401 -2.7424 -0.264889 3.42444 2.46723 300
1.95771 -0.104109 -0.254884 3.38129 6.14065 2.3708 301
-18.6872 23.5582 5.33176 0.0245032 -0.495067 -0.0863643 302
-3.41868 9.48593 2.15304 -1.19051 -2.26574 -0.769732 303
-55.2028 -34.2778 41.6539 -0.462596 -0.743261 0.651998 304
-39.1442 -19.6307 18.2886 0.1848 -0.866147 0.157635 305
74.7445 -31.5495 -4.85675 1.26925 -0.0360859 -0.106906 306
5.85904 -7.7877 3.45533 1.52164 1.13048 1.90231 307
-15.6784 2.70125 1.13203 -1.03402 -1.80814 0.300983 308
-2.36701 -5.34517 9.2651 1.49152 -0.562712 0.552189 309
2.83182 -1.65927 -2.22561 1.04188 1.39905 3.82244 310
5.00274 4.0358 4.60245 -1.70423 1.10323 -1.42168 311
-6.0214 3.14187 0.80511 -0.385066 -2.88552 2.04155 312
-28.3622 -11.6465 -14.8376 0.696034 -0.713897 0.282523 313
-10.3523 0.93338 -4.35436 0.190237 -1.10214 0.17795 314
0.255109 -8.39663 15.0632 0.558725 0.189093 -0.488453 315
3063.68 -108.294 503.81 68.6897 -2.42781 11.2947 316
-9.2396 -7.565 8.29573 2.1311 -0.773258 1.13816 317
-4.07429 0.920251 6.46767 -1.39611 -2.43452 -0.83436 318
-5.10431 -4.70884 0.239649 1.00354 -2.04969 -0.0553754 319
6.27181 -22.9531 0.00825667 0.0196688 1.408 0.00338603 320
8.22141 -4.98717 0.185478 1.32297 2.52279 0.165122 321
-0.540291 2.7992 -0.0799972 -5.98944 2.02683 0.502933 322
-17.8562 -44.6712 54.0266 -0.493481 -1.50962 1.82841 323
27.4762 -16.7927 -4.91684 -0.157335 0.421418 0.0728853 324
3.83104 5.88922 1.58426 -2.77097 0.466224 -1.897 325
-7.92747 -1.45129 -1.58898 2.27098 -2.11357 1.13438 326
1.79846 -13.8924 -19.8869 0.443042 -0.88456 1.32381 327
-51.6105 -37.2911 -54.39 -0.408003 -0.701009 -1.09393 328
-10.8825 -1.53881 0.395782 2.14404 -0.818832 -0.152111 329
2.75712 -3.46786 2.66916 2.02969 1.54038 0.00880605 330
1.63311 5.70602 -4.38047 -1.99222 -0.0264238 2.27074 331
0.19463 -7.52355 2.89806 2.08562 0.302455 -2.19735 332
-53.0405 30.8189 47.3288 -1.62399 0.833163 1.41903 333
54.396 28.9214 -15.7192 0.313521 0.960661 -0.392421 334
-54.3599 -40.4569 -1.06714 -0.315778 -0.894916 -0.0202568 335
-1.62995 -4.95349 0.492543 2.44515 -2.75001 1.94981 336
-5.19313 -12.6482 0.684171 2.17577 -0.263409 -0.0776461 337
1.21474 -6.86969 3.66199 1.92963 -1.49812 1.4973 338
-4.35555 -3.37118 6.88648 1.43333 -0.338737 -1.96751 339
-12.1831 8.66586 -8.71687 -1.15308 -1.3214 -0.447525 340
-13.2352 -21.4131 47.243 0.591531 0.037789 0.749696 341
6.59103 -2.1556 9.80623 2.03546 0.645135 -1.44812 342
5.486 0.279338 -5.85659 0.282955 3.10417 0.363182 343
7.38945 -27.078 13.1444 0.867062 0.683985 -0.425712 344
-42.8187 18.0444 -6.28652 -0.175038 -0.105387 -0.0263328 345
0.337554 -2.57523 0.0220712 5.6961 -3.32412 -2.08519 346
-11.1206 -8.01307 4.78219 0.980009 -0.562346 -0.234445 347
1.60601 -5.00625 0.0929399 3.06823 2.37755 -1.61372 348
88.3122 73.9164 25.0994 1.77345 1.56815 0.517395 349
5.33661 -11.3454 0.457519 1.81326 -0.198054 -0.0221895 350
-3.65005 -5.08384 -0.21578 3.11201 -1.30496 0.0425895 351
1301.64 -204.277 -99.9413 30.4708 -4.77895 -2.3403 352
12.6203 -9.00966 0.34222 1.34462 1.7689 0.109057 353
9.74868 5.75413 -1.57838 0.294657 2.12218 -0.399099 354
13.3885 2.43067 -12.8329 -0.219845 1.48898 0.0121475 355
2.90483 4.17535 -3.38993 -1.22707 1.84694 -2.54436 356
4.39316 2.24653 0.13457 -1.06332 3.97965 -0.5489 357
6.73678 7.02969 0.188724 0.737954 2.51677 0.000129309 358
-10.9997 2.15097 -0.901458 0.371714 -2.49615 0.838935 359
2.29587 2.06235 0.964014 -3.12266 2.93048 -1.49008 360
1.73043 -10.7832 2.91506 2.1864 0.51156 -0.22611 361
429.721 -1941.28 -367.238 9.53485 -43.0653 -8.14776 362
-13.0788 -4.2912 -0.163499 -1.17838 -1.42787 0.0254684 363
-2.98374 1.93843 17.7214 -0.797037 -0.312926 -0.603093 364
5.41921 13.9236 -1.77344 -1.3322 -1.15677 0.201046 365
-19.4327 -15.1005 58.2332 0.302017 0.0562366 0.873248 366
66.2663 -66.9946 17.3756 1.2908 -1.18711 0.324737 367
4.32412 -5.14408 1.94819 2.01445 1.70267 1.80573 368
-3.28311 -7.56018 -1.75653 1.83986 -1.27886 -2.14798 369
-8.95659 -19.7569 2.6171 0.829253 0.679389 -0.105993 370
386.199 -353.025 310.674 8.15817 -7.44833 6.56326 371
-3.86171 6.42347 -0.116664 -2.5701 -2.92902 0.0672408 372
1.43134 -1.89611 -0.157781 0.863734 3.86962 5.10449 373
16.6788 -51.9142 -16.9287 0.75307 -0.223927 -0.22756 374
2.13572 0.0865263 1.4016 -5.00848 4.2261 2.95323 375
-11.0215 5.82081 12.9436 -0.913212 -1.78665 -0.170681 376
9.89499 -0.249516 8.11144 0.234805 1.54978 0.635251 377
42.9267 -15.5343 70.8105 0.606253 -0.133704 0.991255 378
-13.4337 10.4306 -9.12532 -0.491404 -0.72997 0.00175808 379
-10.3715 4.46105 -0.96577 -1.85826 -0.375548 -0.171926 380
3506.99 -5571.29 5458.47 81.5943 -129.624 126.999 381
-3765.94 -896.88 1365.65 -90.0112 -21.4367 32.6415 382
4.07195 -6.72242 1.97107 2.77014 -0.347052 0.880579 383
31.4024 -12.5293 21.7033 0.134854 0.835403 -0.0351388 384
3.99195 -7.4472 10.7108 0.885866 0.168535 0.536007 385
-188.537 20.5517 -194.688 -4.4277 0.466119 -4.58462 386
13.4079 0.60366 2.03863 -0.496296 1.2541 -0.042513 387
-4.74471 -0.108901 0.566727 -2.07222 -1.51062 -3.70535 388
28.3054 3.48218 -17.3925 -0.266524 0.2364 0.162164 389
14.0169 151.133 -401.038 0.304667 3.29971 -8.73108 390
61.5345 12.4913 53.9388 0.708124 0.454487 0.825443 391
9.21345 1.24224 0.0499644 -0.854527 2.83544 -0.153762 392
2.68518 2.46669 -0.447933 -2.31529 3.42951 -0.0523779 393
-4.36198 -1.72859 3.53406 1.47744 -2.17886 1.80031 394
-11.3407 1.3794 -6.73362 -0.451848 -2.20408 0.639982 395
-2.56019 5.80132 -0.17685 -2.37185 -2.75105 1.11046 396
-2.23428 -8.83604 -3.29413 1.88684 -1.00728 -0.432118 397
-9.06757 21.7713 -35.5361 -0.175556 -0.0333097 -0.0475054 398
3.64595 -5.4501 -0.465691 0.976224 3.49664 0.700218 399
1.86458 -4.23289 -4.2696 2.0103 1.19417 1.19805 400
27.2002 37.0073 -16.6518 -0.523622 0.796385 -0.172946 401
-5100.49 -257.58 48.1167 -123.756 -6.25027 1.16704 402
-1.69734 -1.08264 -0.281941 6.24298 -3.71468 -2.20213 403
1.75856 2.95704 -0.632942 -4.86487 -0.851322 2.40967 404
9.00321 -11.4602 1.58208 1.82321 1.25098 0.584179 405
-4508.93 669.1 -285.286 -114.737 17.0254 -7.25929 406
-6.62368 4.00077 -5.35528 -0.217516 -1.83697 1.1285 407
-2.41027 0.54613 1.2803 -1.18097 -6.16692 0.0958536 408
-2.87946 0.436451 -1.71032 -2.16102 -4.58107 1.40148 409
8.85241 -6.60736 -7.50191 0.831692 1.4486 1.03102 410
40.2425 -26.1532 3.87403 1.22258 -0.571496 0.117787 411
6.19732 -3.54871 -5.22271 0.463778 2.80326 -1.14772 412
31.6055 -21.5758 24.8968 -0.0171165 0.187563 -0.0812176 413
-2.74585 2.79272 0.411792 -2.25491 -3.92453 1.48385 414
-7.0825 -1.97746 -1.37654 3.48623 -0.529389 0.69175 415
-4.94154 -3.30696 -0.348695 2.37963 -2.26925 0.020315 416
11.7316 -6.94654 34.1849 0.443152 0.938649 -0.131346 417
-38.5802 58.2479 3.1163 -1.06345 0.438569 0.0427166 418
-9.87926 40.6943 5.21947 -0.861983 -0.188046 -0.0360493 419
8.73048 -25.3153 -31.1731 0.820663 0.294092 0.0691179 420
-0.753256 1.96059 -1.40587 -3.01745 3.14989 -6.55558 421
318.113 992.495 -171.057 7.22869 22.5662 -3.89004 422
-3.69599 0.988215 -1.00559 -1.47378 -4.08903 1.54569 423
-3.75246 1.63396 -0.0798925 -3.78149 -3.02245 0.924872 424
4.44776 4.24875 10.621 -0.797631 0.394757 -0.7809 425
381.69 6238.86 553.062 9.10937 148.9 13.1997 426
-5.53474 70.7808 11.4406 -0.736662 0.94582 0.24973 427
10.0328 -6.67663 0.433387 1.45754 2.15758 0.0409743 428
5.78369 -2.66482 8.02795 0.88322 0.748782 1.13625 429
116.96 -325.558 192.689 3.40933 -9.45559 5.6038 430
-21.2665 101.689 -67.7431 -0.468959 1.97075 -1.32805 431
2.71061 -1.9255 -0.407378 5.95133 0.439769 -1.6294 432
17.5308 82.9067 24.2788 0.205293 1.40573 0.409673 433
22.6667 -3.50877 -0.72654 0.637108 0.475346 -0.0310991 434
-0.99009 9.19375 -1.09751 -1.38554 -2.2378 0.25271 435
-5.43851 0.0193773 -2.07551 -1.11984 -2.72214 -2.15044 436
-7.58541 8.37228 4.93442 -2.07018 0.404621 0.943438 437
-5.6359 -8.98426 -6.2487 1.09422 -2.18928 1.39279 438
8.15978 -1.52117 -1.92066 0.321133 2.67315 1.45332 439
566.854 -187.485 -223.444 13.318 -4.39774 -5.25164 440
256.642 366.018 11.6685 5.65692 8.08868 0.258581 441
-10.7255 9.85491 -5.08554 -1.30718 -1.49276 0.148886 442
5.31185 4.79638 -2.65285 -0.285017 2.56149 -1.13068 443
10.0849 -5.5426 6.43111 1.93715 1.29721 -1.26333 444
11.1077 -7.75209 3.8057 1.82748 0.789217 0.702856 445
7.62745 11.7757 6.31207 -1.35724 0.203013 -2.02711 446
-1.97472 3.24362 -2.62121 -3.49932 -1.74358 0.586601 447
-1.37089 3.26142 0.282388 -1.91409 -3.86162 3.57137 448
54.1262 -17.8562 15.5432 0.68613 0.423174 0.179654 449
1.35918 10.1383 0.31587 -2.74459 0.220697 -0.113827 450
-9.69123 0.111488 -6.80652 -1.52057 -0.826877 -1.24848 451
-34.9136 -46.9281 -6.7717 0.126931 -0.575182 -0.0564389 452
-48.1396 -80.6476 -34.793 -1.43993 -2.55473 -1.09854 453
122.356 -35.3337 41.6799 2.37219 -0.631155 0.806235 454
-0.849521 1.63413 0.570209 -0.797053 -7.03401 -4.79217 455
13.3448 -6.79287 -1.60125 1.58712 1.36702 -0.91672 456
-2.60861 -36.3958 -33.6182 0.689622 -0.110445 -0.247238 457
-39.365 -59.8539 -26.967 -0.10472 -1.10309 -0.490944 458
0.913868 4.93042 -11.6385 -0.727453 -0.00596068 1.51046 459
-270.536 -858.577 272.757 -5.85843 -18.6064 5.91234 460
4661.9 723.822 -231.494 102.673 15.9419 -5.09892 461
-0.439384 6.62266 3.8399 -2.77555 -0.459734 1.03711 462
-5.04309 4.80167 5.10164 0.929656 -2.46037 2.04511 463
-11.7448 0.604914 -1.26964 0.914934 -1.8959 -1.77302 464
6.88336 -3.07294 -5.6703 1.05492 1.65205 -0.653178 465
-2.64824 -6.28045 -0.295528 2.91124 1.01489 0.104774 466
1.86445 -26.1065 2.96257 0.410978 -0.648636 0.0818252 467
0.439771 1.83253 1.07682 -1.11387 6.49329 -4.23539 468
-24.0527 1.41686 2.48853 -0.0519708 -0.426551 0.0132378 469
50.7927 -392.426 221.347 1.15596 -8.85126 4.99733 470
-0.213453 1.38669 0.14074 -7.69563 5.49639 -4.00287 471
-18.8807 4.72359 -4.40819 -0.77024 -1.20673 -0.22403 472
-3.84385 -1.92296 -0.104831 0.618664 -4.65922 0.439064 473
-4.30452 4.76856 -9.40069 -1.51631 -0.927371 0.830183 474
540.659 -1885.8 725.628 12.3171 -42.9578 16.5308 475
4.28705 1.25751 1.67206 -1.05492 2.99311 -2.3888 476
-5304.8 9623.08 -565.926 -126.186 228.905 -13.4617 477
-4.35697 -5.19825 4.32341 1.84047 -1.57579 0.519262 478
430.844 139.303 -45.7287 9.83598 3.1926 -1.04537 479
48.0446 -30.7174 -12.5447 0.933796 0.304853 -0.24662 480
10.0709 -2.50627 -5.79957 0.308121 0.953061 -0.0826431 481
-3.15276 -7.6637 -0.866827 1.70169 -1.2963 -2.3051 482
-16.8153 -5.24709 6.1325 1.17451 -1.10046 -1.30047 483
2.36476 -7.96537 0.0870955 2.77814 0.551352 1.3485 484
3.63342 7.49143 -3.81604 -2.30544 0.532679 1.18537 485
-20.8294 23.3997 -58.5797 -0.384355 -0.187924 -0.738663 486
20.0448 1.1747 -3.26059 3.68753 0.613283 -0.618887 487
69.9622 -1.37949 -29.3509 0.909762 0.484372 -0.619428 488
-2.60515 -5.46428 -2.7348 3.30316 -0.471666 -1.43995 489
67.6284 5.25813 64.4377 1.83127 0.215514 1.77659 490
-1.56474 14.5086 7.44957 -1.79964 -0.314706 -0.114037 491
-3.21345 5.63567 -0.0185492 -3.1006 -1.57412 -0.11075 492
1.04127 0.0337226 0.695998 -3.42551 9.2058 2.01815 493
-0.73063 3.30142 -4.18436 -0.949428 -1.56835 3.53009 494
-15.7028 22.7253 -4.90351 -1.18718 -0.964234 0.0519354 495
-8.9055 2.47199 -4.52529 -1.13337 -2.20707 1.19813 496
-1.14737 2.13595 1.18087 -6.70166 -1.7266 -0.719172 497
-0.941886 6.28672 7.20768 -0.92592 -1.16188 -2.12151 498
0.816551 5.48425 -4.64547 -1.54345 1.09698 2.46127 499
-162.015 329.225 179.816 -3.81216 7.76318 4.24235 500
1194.82 -6.34961 194.733 26.1587 -0.135523 4.26409 501
16.8437 8.95579 -14.9572 -0.134324 0.380032 -0.0488606 502
-7.19232 -1.64481 1.28391 1.91161 -3.33714 0.566259 503
3.27893 -3.11125 -6.76514 0.218664 0.0214938 2.99575 504
-4.01778 -1.16479 5.7674 -1.28832 -2.38001 -1.68138 505
48.9914 30.1386 37.2815 0.213724 0.70801 0.69854 506
-9.5827 1.88329 1.25869 -3.15018 -0.76567 0.500095 507
7.01961 5.09608 -4.79843 -1.27686 1.48819 0.346766 508
-9.73911 -1.56454 -0.163645 0.325305 -2.85572 -0.118591 509
-0.382565 4.71075 2.62144 -4.33297 0.143339 -0.864187 510
1.98757 -2.41127 -1.82706 4.27628 3.04319 0.28517 511
10.3084 150.576 -294.488 0.218247 3.20024 -6.29634 512
18.9715 -11.0419 -30.6227 0.480374 0.993424 -0.0585763 513
2.98503 -11.6354 1.68153 1.86473 -0.307364 0.226941 514
-12.9253 -13.6559 -0.662498 1.97061 -0.565939 0.276276 515
-0.804793 3.2246 1.23222 -2.38116 -2.4932 -3.7811 516
9.70007 4.58933 7.51098 -1.7173 0.626413 -2.07412 517
567.509 165.355 97.4718 12.8447 3.75117 2.2073 518
-61.7416 -27.1761 10.8078 -0.518611 -0.784937 0.123043 519
8.10258 -7.32746 -5.76943 1.57256 0.772971 -0.579967 520
-14838.9 -334.768 208.548 -331.57 -7.48028 4.65974 521
-5.90647 23.1165 -1.86823 -0.608737 0.600632 -0.0327808 522
50.4139 70.1235 -67.8608 0.887952 1.34421 -1.28497 523
-1.62864 3.57782 -15.5489 -0.545827 -0.0688487 1.13355 524
-7.03214 -2.18088 1.0753 1.02013 -3.58176 0.0753557 525
7.81425 7.21389 -1.91702 -0.995277 2.22615 1.48032 526
1.77643 -1.22867 -1.7387 3.33327 4.50925 -0.325587 527
4.30325 0.878784 0.263395 0.0501027 4.03701 -1.54859 528
4.89374 -0.345396 0.387062 2.40917 2.96998 0.541345 529
0.199452 -4.72569 -10.85 0.960419 -0.490662 1.40989 530
-0.57588 -2.63066 1.0053 2.46463 -4.1519 -3.60135 531
-667.136 319.385 -484.813 -14.6655 7.01801 -10.6596 532
8.38068 -19.689 12.6922 1.06449 -0.0737909 -1.264 533
0.775797 2.00271 4.26986 -4.31656 1.94892 -0.0205752 534
10.6389 6.42283 1.19893 0.618831 1.58938 0.224541 535
72.983 -33.4876 60.589 1.12541 -0.463681 0.917008 536
19.58 12.3836 6.32789 -1.26772 0.891024 -0.510583 537
-9.73305 -8.28723 -5.70973 0.865129 0.0691554 -2.24307 538
10.2717 -5.48672 8.2049 0.0477203 1.52543 -1.35005 539
-2.28105 14.2732 5.66802 -1.94558 -0.354452 -0.102297 540
-21.0749 6.85473 -17.9377 -2.38577 0.491967 -2.05561 541
7.89791 0.360804 1.61354 0.843182 2.79794 0.913341 542
8.82748 10.1461 -3.6043 -1.22536 1.07607 0.0509559 543
35.6085 -53.6845 -34.6202 0.850067 -0.350082 -0.720443 544
5.58597 -6.10357 -0.918918 2.71115 0.958631 -1.31612 545
551.754 -1772.27 615.856 12.1825 -39.1273 13.5986 546
0.405891 4.88587 11.8249 -0.892187 0.0778872 -0.030839 547
18.5262 -729.356 328.58 0.473686 -18.4673 8.32249 548
3.74536 9.31869 10.1892 -1.2124 1.14715 -1.28213 549
-12.0942 68.7798 10.4346 -0.403321 1.65122 0.265066 550
-4.22915 6.10249 -5.94886 -1.7689 -1.23998 -0.456697 551
-9.40128 7.60143 18.1683 -0.556309 -0.605367 1.01027 552
-41.1001 -23.7619 26.715 0.0289003 -0.827688 0.280981 553
1.56411 -4.44412 -1.93371 2.49864 0.393763 -2.86717 554
506.597 -982.949 -523.524 11.7362 -22.7662 -12.1285 555
-13.3881 7.05628 0.0980498 -0.184273 -2.26652 0.988392 556
-1.24011 -0.770173 2.08685 1.78895 -6.40353 -0.787685 557
-0.406805 -5.05614 3.60694 1.0874 1.20083 -3.81959 558
-7.10076 0.565259 10.6499 0.80445 -1.94555 0.784413 559
10.8135 -37.6991 8.39753 0.862215 0.310864 -0.0441408 560
-1535.28 1141.01 -460.834 -33.2616 24.7177 -9.9848 561
277.212 51.175 -9319.11 6.21009 1.14649 -208.759 562
7.17488 6.54384 -7.6178 -0.886482 1.44626 -0.610391 563
4.90064 1.62756 1.50902 0.739129 3.08136 -2.53915 564
-439.037 -112.354 129.568 -9.55271 -2.45586 2.82177 565
8.17049 -18.6666 -14.8113 1.48219 -2.70798 -2.31115 566
4.39217 0.58403 -4.53862 0.843877 1.72171 -2.21315 567
5.0798 -10.8864 3.91403 2.38518 0.864622 -0.114742 568
42.1842 -11.9703 25.4125 1.01302 -0.110256 0.608417 569
0.890188 4.70389 2.71745 -2.73747 2.85858 -2.09613 570
-13.8706 16.9769 -5.72752 -0.857591 -1.27071 0.848391 571
-1.26032 -372.146 235.138 -0.0188093 -8.55032 5.4075 572
-9.32558 -1.28217 -10.3893 -1.24258 -0.872634 -1.96123 573
-26.592 1.60018 -22.837 0.0150188 -1.06786 0.240245 574
1.91049 -3.34368 -4.06646 1.27799 -0.0266451 -3.73184 575
4.9028 -0.827198 -10.0447 -0.592562 1.83036 -0.892064 576
409.146 172.518 -254.33 9.56111 4.04088 -5.94984 577
3049.8 228.936 1338.8 66.0421 4.95739 28.99 578
40.1076 63.0351 15.3761 0.115649 1.15986 0.291822 579
13.4032 5.48282 -18.7701 -0.676345 0.0953123 0.855733 580
-42.7362 37.5385 -49.0493 -0.539388 0.101546 -1.15505 581
8.55189 1.62172 13.4517 -0.0589728 0.711583 0.158511 582
-10.4574 6.03137 -9.33407 -1.03034 -0.425383 -0.72571 583
-6.57599 -1.77139 -8.96778 0.103207 -1.41374 1.34353 584
8.9326 3.22775 6.33288 -0.173314 1.78448 1.1461 585
-1.67314 7.3148 1.39206 -3.13213 -0.48648 -0.7924 586
-19.6283 37.273 -40.2346 -0.578374 -0.00687077 -0.341393 587
-3.10042 -3.44876 7.26941 0.529116 -0.599438 2.72021 588
12.6444 26.5763 0.26443 -1.34542 0.389013 -0.0265815 589
-10.1801 1.60993 0.713385 1.20787 -3.06066 -0.184233 590
1.1639 -6.59207 6.70711 1.5484 -1.26657 -1.91661 591
-3.95529 -5.42614 1.80341 2.81916 1.03239 -0.963769 592
-32.8703 18.7451 -17.4146 -0.475703 -0.78685 -0.00815265 593
2.01051 -6.87924 0.137377 2.93468 0.122569 0.225386 594
-2.30486 -2.17717 -0.649443 3.01626 -3.59791 0.0516107 595
-4.02408 -4.99655 12.5784 0.327277 -1.29395 -1.2253 596
-6.49431 1.75032 -9.6355 -0.466209 -1.35498 1.10959 597
0.662399 9.13694 2.3174 -2.09597 -0.0515408 1.75415 598
-2.04368 1.48693 0.109454 -0.170486 -4.11048 4.40911 599
-5315.53 5232.93 -5098.42 -129.063 127.055 -123.793 600
4.65226 5.82319 2.70266 -2.04716 0.521889 -0.582871 601
7.07697 -1.63728 2.82336 -0.228503 3.18932 1.29798 602
7.53067 5.40801 -1.87568 -0.755312 1.89993 2.1509 603
6.16288 9.76383 -2.80301 -1.95445 1.48586 0.834723 604
-3.41503 -21.4998 7.19315 -0.173262 -3.2928 1.14737 605
1188.2 1018.58 -2.66893 25.3809 21.7612 -0.056974 606
9.49112 5.89276 -2.20323 -0.743892 2.43794 0.984532 607
11.7643 -11.3406 -9.55806 1.25435 0.889807 -0.327219 608
1512.59 -878.662 -224.041 34.7306 -20.1726 -5.14461 609
3311.62 720.666 293.817 73.4441 15.9836 6.51577 610
-8.88709 -2.42026 11.9649 2.05521 -0.476893 1.25028 611
-399.579 -363.057 90.9236 -9.17704 -8.35054 2.09128 612
-73.7185 351.566 5.38126 -1.71555 8.10345 0.123935 613
2.3746 5.10276 0.47246 -1.89987 3.89392 0.839963 614
0.336268 -4.63327 -9.48109 0.491367 -0.748752 1.99009 615
-4.26511 5.68642 8.8467 -2.75542 0.305834 -1.20714 616
22.6706 156.728 -23.1941 0.479226 3.62484 -0.537053 617
-1.21913 -4.63021 2.70947 1.34744 -2.71306 3.05899 618
-33.357 -28.062 -16.3044 0.416517 -0.773857 -0.122577 619
7.34649 -4.42481 -1.58668 1.74351 2.33219 -0.456591 620
-9.49044 5.86917 7.68695 -1.30693 -0.606385 0.698114 621
-0.854724 6.77548 2.07769 -2.96285 -1.667 1.46678 622
-42.971 41.2526 -56.3578 -0.603329 0.477372 -0.734283 623
0.392878 -5.7516 -0.0265143 3.5488 0.798545 0.929636 624
-637.947 -2031.25 -63.651 -13.9852 -44.5364 -1.39566 625
-6.18876 -8.27445 1.4354 2.18698 -1.42532 -0.60731 626
-16.6355 3.84942 -6.68707 -1.22223 -1.06768 -0.799533 627
-8.76453 -1.35208 3.66516 0.252659 -2.14154 0.435412 628
33.3448 17.4688 -15.7781 0.402824 0.448847 -0.254392 629
5.50789 -10.0973 -2.32928 1.85007 1.37041 1.16667 630
3.33404 7.47633 -6.49996 -0.856857 1.47574 -1.24749 631
420.215 -158.342 -224.745 9.17223 -3.44898 -4.90493 632
6.48457 7.12681 -0.654076 -1.00408 2.83899 -0.935118 633
1036.85 242.51 13.5112 23.0923 5.40525 0.300968 634
0.129274 -9.51665 4.5039 2.67256 0.380126 0.693248 635
-4.88427 -8.38385 4.90058 1.13603 -0.127189 -0.25983 636
2.18334 0.221533 0.173033 3.30819 6.61669 -1.65778 637
-0.40025 -11.5847 -11.0107 1.91374 0.161876 -0.250794 638
-5.85391 232.724 -12.9656 -0.173067 5.78306 -0.322288 639
3.2163 -2.70494 2.27759 2.99131 1.65889 -2.02535 640
6.17249 9.74827 -2.07165 -1.51978 1.38243 -1.58241 641
-14.0478 57.446 -1.52086 -0.77579 0.414604 -0.0350381 642
-7.42149 4.74296 -3.97289 -0.928072 -2.39464 -1.18802 643
21.7335 -21.4945 4.34584 3.44712 -3.08266 0.679222 644
-17.1926 -14.5597 35.7079 0.505428 -0.453575 -0.16713 645
-2.04645 4.03152 1.16467 -3.74636 0.61455 2.30019 646
-4.2068 -4.94147 -8.67577 2.50141 -0.673991 -0.745014 647
-10.382 -19.1184 30.8982 1.09623 -0.367553 0.257143 648
-139.745 -88.1064 27.9357 -3.1551 -2.0387 0.635794 649
-45.2966 11.2012 -42.765 -0.412396 -0.382158 -0.567065 650
-1.92137 -11.0365 -14.1253 1.30522 0.334884 -1.09686 651
-58.2124 -29.6134 20.259 -0.444931 -0.773415 0.248073 652
534.629 -1678.36 159.55 12.2066 -38.3127 3.6426 653
13.4037 -2.70144 -1.1353 -1.31278 1.05541 0.166554 654
7.5468 11.9432 -0.845657 -1.66253 1.28421 1.20649 655
-1.4551 -8.92656 4.56103 0.976938 -1.56632 1.01857 656
-3.44789 1.01197 -12.1392 -0.174771 -0.127894 -2.64101 657
-9.05163 9.47897 -4.24978 -0.541084 -1.1383 -2.09542 658
112.458 -33.3066 11.7859 2.52184 -0.678126 0.262636 659
-8.77296 6.42983 4.32038 -1.48786 -0.217815 0.514895 660
5.98373 0.747036 1.02751 1.5642 3.0666 1.12312 661
-0.743934 1.51669 -0.336739 -7.18634 -4.34241 -0.111922 662
6.81209 6.01986 0.089163 0.889327 2.70559 -0.0389126 663
97.3729 75.7852 -146.91 2.14039 1.70334 -3.27341 664
4.17485 4.20076 -1.62441 -1.89966 2.99009 1.08324 665
-1.84857 2.06554 -0.254256 -0.261407 -6.41752 2.42323 666
-4.96833 -4.60699 -0.400383 2.08794 -2.63025 -0.80148 667
-7.67619 12.1759 0.890912 -2.08138 -0.923827 0.629785 668
-49.083 -44.8731 10.1537 -0.534683 -0.639133 0.130116 669
-6.98963 0.100936 0.070262 2.79992 -1.67108 -0.120059 670
59.2602 26.7894 -29.716 2.37052 1.18647 -1.22129 671
-4.83743 2.53888 13.0373 -0.324164 -0.749175 -0.876778 672
-3.43253 -11.2489 14.5582 0.606882 -0.0341436 -0.194484 673
-3.20816 48.2309 -15.2674 -0.932122 0.350179 -0.31412 674
46.349 -23.2272 26.332 0.717421 0.403887 0.380023 675
-866.79 -894.621 209.551 -20.4767 -21.1387 4.95175 676
7.01465 16.1399 0.0289231 -1.54245 0.535293 -0.0505808 677
343.584 358.416 -113.39 7.31698 7.64706 -2.41863 678
119.818 -63.5824 -115.619 3.02354 -1.56433 -2.91843 679
85.2507 -3.19632 212.279 1.89067 -0.0573951 4.7447 680
2.15834 -7.53395 -0.0385694 2.51607 1.25969 1.35405 681
1.42348 10.3852 1.00588 -2.72868 0.339242 0.741765 682
-9.88312 -1.37415 0.71258 -0.360786 -1.22875 0.0689027 683
-1.13204 6.88249 -20.298 -0.309313 -0.322008 1.26062 684
-6.04782 11.1743 -7.13364 -0.541384 -1.4097 0.762171 685
-188.335 263.228 15.859 -4.20546 5.84662 0.352418 686
-1258.12 -702.289 193.182 -26.6864 -14.8991 4.09836 687
-4.4308 0.483378 -0.0209736 -1.73922 -4.2242 -0.118925 688
10.7792 -153.862 -3.03112 0.26828 -3.17709 -0.0641315 689
1.05166 3.17398 4.35045 -4.06335 0.255696 0.729426 690
20.1295 15.5363 4.83837 0.138128 0.604421 0.106027 691
4.99643 -10.4932 -4.41272 1.17259 -0.192667 2.14894 692
168.572 -1553.57 -761.719 3.5896 -33.0748 -16.2188 693
4.90031 -2.25551 0.542321 -0.579497 3.61929 -2.28467 694
-7.29444 -4.25823 -0.568241 0.477707 -2.85192 -0.079593 695
-808.133 -2565.6 68.0383 -18.5772 -58.9836 1.56448 696
0.211623 -5.64518 2.4428 2.47767 1.26274 -1.95519 697
-4.28044 -4.23966 -6.15107 1.63974 -0.14961 2.13967 698
1.94807 -12.7068 9.75305 1.14969 -0.801469 1.11501 699
223.613 115.717 -85.6436 4.89321 2.54557 -1.89305 700
445.896 1446.93 50.7124 10.8306 35.1547 1.23221 701
-6.03869 -0.659253 4.14736 0.656448 -2.64469 0.701261 702
0.034563 4.92899 -0.0228994 -4.13869 -0.203138 -0.125747 703
895.474 56.3691 -10.186 19.8529 1.25403 -0.225485 704
0.267303 2.92512 -3.76143 -3.11605 -0.57186 -0.844832 705
-3.00831 -4.55232 -5.37735 1.75424 -0.0702645 2.09822 706
-1.27563 7.5491 -8.4929 -1.53568 1.07875 1.56819 707
-3.32906 -1.78375 -5.27674 0.995866 -2.50167 0.275984 708
2.69446 -9.53028 10.0806 1.34294 1.93535 1.07886 709
4.21038 -4.25777 3.72949 1.73646 1.20442 0.501868 710
2.21531 13.9535 1.81203 -2.07663 0.527005 -1.0923 711
3.62213 -4.54739 3.05596 2.56937 0.513959 -2.25266 712
21.0529 -24.5511 -5.36585 0.477917 0.991474 0.13813 713
186.892 -10.7754 201.082 3.9568 -0.211156 4.26832 714
48.7835 -43.3283 22.7073 0.973809 -0.105513 0.3873 715
10.9571 -9.24733 2.68501 1.37977 1.2421 1.4098 716
3.86964 0.325744 0.230411 -0.5713 3.84114 0.0548273 717
-42.4615 -64.6085 -22.1833 -0.167917 -1.2261 -0.629594 718
-1431.67 5404.63 -781.154 -30.617 115.579 -16.7053 719
2.24625 2.08587 2.54486 -3.73618 1.64925 1.77391 720
-5.16482 -5.88228 -10.5299 0.529947 -0.843381 -0.612372 721
15.1653 -40.5591 -1776.8 0.33066 -0.884132 -38.7274 722
-5759.68 -264.484 184.822 -125.874 -5.78088 4.04033 723
-32.3107 -69.8649 17.1317 0.0225958 -1.25004 0.370253 724
1.44693 -0.470511 0.669511 2.25501 7.82946 -0.0977416 725
5.22226 2.22475 1.99923 -2.41718 1.42544 -2.81512 726
152.917 -112.508 86.7115 3.27432 -2.37172 1.85131 727
-17.787 68.2109 -13.1025 -0.682973 0.722273 -0.194452 728
573.222 -896.585 -419.241 12.8983 -20.1704 -9.43494 729
10.5704 5.21754 -0.0361297 -1.83395 0.933156 -0.0192595 730
-1.51134 14.7393 -2.81002 -2.09912 -0.171035 -0.0752041 731
-13.3874 11.7721 6.60453 -0.35698 -0.839784 -1.832 732
-132.014 186.11 -57.6164 -3.16861 4.42112 -1.37798 733
-27.2825 20.4482 -38.2705 -0.396394 -0.610268 -0.633369 734
17.5893 -31.4686 0.961038 -0.0901638 0.638317 -0.0196087 735
-1165.45 209.406 17.752 -25.5419 4.58705 0.389333 736
21.375 29.9222 -6.1077 -0.863868 0.215756 0.0811742 737
-4.93269 16.2547 0.673029 -1.65278 -1.53401 0.0318534 738
8.4592 2.77152 -2.63402 -0.164008 2.30525 -0.372788 739
22.915 -69.7332 -47.1548 0.925387 -2.56659 -1.77217 740
19.6543 -6.19591 21.993 0.554036 0.149306 0.530486 741
-3114.87 2032.14 3834.39 -65.7999 42.9287 81.0001 742
-256.858 -2693.02 -86.9881 -5.77604 -60.5413 -1.95641 743
-12.9545 -22.9825 -65.7172 0.158398 -0.037972 -0.87208 744
-12.8754 1.68474 8.97306 -0.0140494 -1.86213 0.852434 745
-10.3332 0.928558 9.55095 -0.377279 -0.7459 -1.90446 746
-301.262 410.121 136.783 -6.40433 8.70275 2.90568 747
-51.499 -31.0104 -0.794161 -0.228696 -1.07287 -0.013314 748
6.44998 10.2303 -0.476097 -2.32045 0.964535 0.0119896 749
1.62262 7.91409 0.330516 -2.16391 1.92532 0.00471876 750
-335.091 90.0573 -451.14 -7.29936 1.96022 -9.81646 751
5.0793 0.64269 8.8319 -0.657429 1.26393 1.41186 752
-146.108 57.1237 20.8351 -2.90685 1.09143 0.41337 753
-0.518236 5.61324 0.851617 -2.93234 2.34956 1.12861 754
1.45577 2.84898 5.74958 -0.0167602 3.53436 -1.30936 755
207.029 -92.3714 -223.121 4.48033 -1.98178 -4.83241 756
3.67727 3.58402 33.4927 -0.198252 0.0708447 0.904598 757
-4.08369 2.01897 1.51763 -0.277623 -3.14251 -1.06062 758
-66.3754 -30.9131 14.1031 -0.708396 -1.03508 0.386859 759
-0.915026 1.7515 -0.039051 -1.50456 -8.35549 0.143731 760
29.5716 -855.713 218.892 0.681605 -19.5858 5.01176 761
-0.208213 -12.6179 0.949384 2.24992 -0.629099 0.361039 762
10.395 9.82031 6.21156 -1.43675 -0.141727 -0.601007 763
1.09115 1.80465 -0.467889 -1.28239 5.64626 -4.28592 764
4.68926 0.168078 4.45306 -0.279987 2.07 -0.989235 765
-2.17523 -11.5747 3.70759 1.27906 0.418099 -2.28615 766
-6.83644 36.7303 -1.11528 -0.547161 1.57158 -0.0333149 767
-2.11274 4.24526 1.00828 -2.35992 -2.64433 -1.18114 768
5.48056 -1.11605 -3.95485 0.407656 3.02692 -0.327364 769
4.28653 7.58852 3.51859 0.261025 2.89277 1.4291 770
2.30239 -5.03734 2.8206 4.12814 1.52124 -0.239163 771
-3.47492 -16.7164 2.52285 0.404828 -1.41508 0.21833 772
-2.49532 0.378201 0.798566 1.69509 -4.70089 -2.40746 773
-9.10226 -41.0312 -9.50373 0.787023 -0.176135 0.0482019 774
-978.072 -786.867 378.445 -21.6979 -17.4592 8.39677 775
12.3527 -2.48531 6.14624 1.45816 1.06386 -1.7149 776
12.3843 10.4934 0.906866 -1.51371 1.52647 -0.0452215 777
-5.53688 -1.79435 1.31676 2.13087 -2.4325 -1.90513 778
29.8648 -13.9982 -26.1631 1.18763 -0.326957 -1.00591 779
25.2908 26.6096 -0.170471 2.0316 2.45888 -0.0136907 780
4.31796 -0.616185 -4.83107 -0.0429056 1.68298 0.821525 781
-1.00026 9.41087 -4.40376 -2.83756 -1.36713 -0.845695 782
-2.65974 -5.46713 4.59874 1.8646 0.165695 2.40773 783
8.43589 2.85242 0.502323 -2.42792 2.42148 0.35135 784
-150.22 530.341 74.4288 -3.44518 12.1294 1.7031 785
-15.907 -20.0036 -9.8621 1.2385 -0.851594 0.310471 786
-16.9924 -3.06988 -0.32989 1.32527 -1.75457 0.337112 787
-5.50862 -286.106 -45.8177 -0.0993794 -6.2313 -0.999847 788
2.26641 -13.2117 -5.7871 0.963647 0.93906 2.16386 789
1106.9 -984.412 704.578 24.7536 -22.0125 15.7575 790
-1993.85 247.207 -361.567 -43.7422 5.42138 -7.93311 791
-887.245 731.37 -335.147 -19.2584 15.871 -7.27533 792
7.70192 -5.2764 0.466601 1.93539 2.07158 -1.02462 793
-0.960686 2.17531 -2.18037 -0.755361 -5.55961 -2.68156 794
-1107.07 -243.174 -316.906 -24.4589 -5.37605 -7.00295 795
8.03794 5.19382 -7.40966 -1.16803 0.937575 0.855288 796
9.15518 -3.33937 -3.05796 1.62035 1.68771 -0.901595 797
3.65783 14.2479 -2.14059 -0.301313 0.570219 2.20409 798
8234.78 400.591 -218.315 177.789 8.64809 -4.71348 799
-71.0592 164.685 -126.528 -1.74424 3.9765 -3.07071 800
1408.85 -598.091 -99.6048 30.4711 -12.9327 -2.15476 801
-5.06231 7.05903 -1.47855 -2.90981 0.279198 -0.758515 802
-11.6756 -12.5229 -1.07677 1.63619 -1.09364 0.246189 803
83.3613 -4.99562 -27.1356 1.21721 0.227892 -0.433746 804
-2.65252 12.0716 13.9415 -1.70477 -0.875265 0.523842 805
3.45146 -2.433 7.85583 0.501216 2.26766 0.777113 806
5.62323 -1.4245 -1.72221 0.934434 3.12354 -1.46345 807
-6.43352 38.1143 54.2932 -0.21671 -0.0485603 1.11046 808
1.66427 8.98861 -5.03192 -1.36512 -2.00635 1.48409 809
-1.54825 9.46971 -8.52991 -2.11553 0.438676 1.0848 810
20.9238 -9.51094 -54.1499 0.223865 0.0439217 -0.459061 811
-5.06989 -1.00134 -1.46236 -1.22603 -4.0084 1.79091 812
0.850635 -7.53894 3.47551 1.55231 0.813161 -0.412013 813
12.2585 -1.95644 -3.27085 0.988212 1.77446 -1.19144 814
-54.1248 35.5517 31.576 -1.02664 -0.0483279 0.686272 815
13.7506 -5.82638 4.73565 1.0239 2.02903 -0.280801 816
2.87287 7.31453 1.83345 -3.05404 1.91433 -0.565617 817
5.39286 -3.14532 -1.42342 0.792421 2.86916 0.467501 818
-36.5969 -34.7116 -11.8425 0.272813 -1.04334 -0.23459 819
24.0324 -17.9271 16.2504 0.436303 0.950266 -0.290751 820
3.02744 6.6743 -0.884299 -3.05894 1.07241 -0.642549 821
817.612 7014.31 -226.632 20.0702 172.187 -5.56332 822
-15.2826 -47.8396 16.5337 -0.254618 -1.30651 0.439412 823
5.19242 -8.42273 -0.850816 2.27151 -0.0686329 2.07602 824
14.2459 -2.23959 2.40183 -1.09039 1.14574 1.99713 825
40.6692 10.3324 22.7817 -0.0916519 0.733224 0.137707 826
-3.37883 2.99894 -1.92057 -2.64429 -2.70957 0.242828 827
-11.786 -5.72134 3.88245 0.338473 -2.03447 0.671338 828
-1666.63 -318.847 -773.359 -36.7453 -7.0317 -17.0511 829
11.1778 14.7842 4.66244 -0.666528 0.726257 0.045042 830
-1236.78 5258.94 44.5249 -27.8155 118.269 1.00127 831
1.51797 -64.1444 24.9419 0.662057 -0.79518 0.592993 832
2.73926 -3.7595 5.80723 0.264233 1.42856 -3.12413 833
-6.25606 2.59548 -0.284927 -1.59827 -3.03318 -0.525874 834
60.1103 -24.8768 45.1031 0.931004 0.0908207 0.81781 835
-2.41132 9.45664 -12.4058 -1.1933 -0.690299 -1.01457 836
0.953273 -3.4757 -2.52982 3.88432 1.65254 -1.08481 837
-71.4981 -10.2081 176.489 -1.66611 -0.253325 4.19076 838
129.107 -86.0602 77.0066 2.86357 -1.86227 1.70127 839
6.51434 6.15957 -5.68577 -1.53624 1.32806 0.826137 840
-472.342 112.628 83.6161 -10.3171 2.44925 1.82732 841
7.40195 -1.72391 -7.61706 -0.251041 2.28473 -0.961921 842
-3.06221 -7.29389 0.936018 0.340513 -3.12033 0.423386 843
-12.8612 3.86547 1.78672 -1.29048 -2.05368 -0.85958 844
-2.84256 11.0618 -2.02942 -1.08934 -0.969068 0.15609 845
-18.0201 -62.1913 29.7297 0.286315 -0.873051 0.560418 846
11.464 -0.45456 0.978523 -0.161426 1.84952 -1.84092 847
5.95159 -5.07012 -0.363601 2.43547 2.31474 0.0613358 848
1.13449 5.90653 -3.03271 -3.11254 0.75736 0.542154 849
1291.78 239.044 -328.431 30.6321 5.67135 -7.7895 850
30.3086 24.8128 77.2413 0.487961 0.495674 1.40262 851
2.65964 15.395 -0.781332 -1.28303 1.26595 -0.0575807 852
-15.1088 -6.56698 -0.557545 1.21313 -1.65688 0.0556012 853
3.39811 6.64738 -2.04724 -0.0906252 3.40257 -1.24046 854
-3.99085 -5.56683 -0.14481 3.25102 0.808401 0.154712 855
11.6086 19.8179 2.95101 -0.385314 0.24396 0.0286297 856
2.54862 -2.54855 -5.09572 1.34898 1.01962 2.22487 857
-1.761 4.3712 -0.605607 -3.23458 -1.28745 0.00686372 858
-4.65933 1.47012 0.0666476 -1.09944 -3.88417 0.45007 859
18.8747 11.7466 32.0151 -0.648354 0.731739 0.0107002 860
-16.0539 42.2513 13.8668 -0.166969 0.00523156 0.0178191 861
-0.841217 -25.1954 -22.4749 1.30938 -0.0546797 -0.0117179 862
-38.7853 -64.185 -32.9253 -0.115113 -1.16889 -0.752324 863
5.32697 -5.7501 -5.77623 1.70789 1.76911 -0.763077 864
8.44547 1.8405 -0.434059 0.0914668 1.14532 2.79381 865
-30.2985 10.707 7.93147 -0.163148 -1.17172 -0.0770209 866
10.3396 1.44976 -12.1335 -0.101132 0.864703 -0.0848354 867
-9.1823 -5.63626 -0.403215 1.59876 -2.23115 0.546089 868
8.01483 -7.2796 -9.95793 0.475398 0.882837 0.31033 869
-23.9144 56.4133 34.0614 -1.25765 2.71243 1.68361 870
0.996999 -7.8229 -2.33942 2.33296 -0.644433 2.09273 871
37.4671 48.9387 42.9132 0.471389 0.786254 0.650077 872
4.21985 -4.60929 26.7646 0.252652 0.210363 0.910594 873
3.20072 4.75389 11.6906 -0.190552 1.76047 -1.10966 874
-1672.17 -702.69 -894.495 -42.4684 -17.8482 -22.7185 875
-7.72647 4.51334 -3.99208 -1.75799 -1.10074 -1.67697 876
15.0097 -70.6617 18.3094 0.597418 -0.798376 0.270048 877
-1486.08 347.557 -145.5 -34.2332 8.00347 -3.3522 878
-688.725 -95.1386 -575.596 -15.2616 -2.11123 -12.7595 879
3.8532 0.229039 2.75144 -2.77414 0.544546 3.19778 880
4.60599 -13.1198 -0.520278 2.38987 0.615789 0.34626 881
3.89319 2.12184 0.433474 -1.33909 4.43086 -0.618214 882
-7.5818 -11.2097 -1.5776 1.63893 -1.16238 0.0373453 883
7.85734 2.41949 6.63126 -0.584067 2.13732 -0.354452 884
-0.466545 -4.69312 -0.940011 3.54615 -0.65206 -0.326618 885
-9.4841 -7.99214 -8.13922 0.466222 -1.98208 1.21053 886
2.9432 7.1857 5.02051 -1.69978 -0.407341 -0.963729 887
2.96344 -0.882881 0.759975 -2.38287 4.14869 3.56035 888
18.9342 2.77173 12.4074 0.018043 0.562922 0.0351906 889
5.01652 -2.21876 0.264293 4.12661 1.70617 0.687703 890
5.95055 -9.74592 -1.53999 1.51924 1.78644 0.444084 891
7.55225 -3.04535 -2.99008 0.992702 3.12756 -0.269027 892
-2287.81 -74.6537 588.675 -50.7863 -1.65775 13.0695 893
-2.62591 -4.97318 1.33079 1.92984 -1.24822 0.134578 894
657.52 -25246.1 302.618 15.1669 -582.318 6.98034 895
0.718277 4.12617 -11.6099 -0.922427 -1.10221 -1.11918 896
3904.45 1032.23 505.06 94.2341 24.9138 12.19 897
-5.06663 4.03462 -3.69552 -1.37426 -1.34457 -0.181431 898
-7.19017 -3.34415 0.783142 1.53029 -2.53294 -0.127482 899
398.912 -0.522746 188.579 8.86877 -0.000683309 4.19642 900
6.72802 -0.969203 4.3108 1.20564 0.410183 -2.79551 901
12.104 -19.2515 25.5311 0.786548 0.495716 -0.507215 902
4.76491 2.62836 -5.11746 -0.243487 1.64054 -1.08362 903
4.93268 -68.3208 -18.413 0.774786 -0.886826 -0.5314 904
60.3859 -119.227 83.39 1.44925 -2.76975 1.95851 905
-3.98334 -6.22038 0.329273 3.24909 -1.04265 -0.584569 906
8.50108 5.92561 7.61984 -1.05637 1.64891 -0.800488 907
-3.80399 3.12639 -0.71266 -1.7938 -3.23783 0.855676 908
-3.04862 72.6436 56.4314 -0.138094 1.29842 1.02298 909
-8.27504 -7.89472 0.302129 1.16832 -0.91516 0.0327305 910
-3.80262 -3.63849 -2.90509 0.42001 -2.55961 -2.65303 911
-54.7125 23.8673 -57.5975 -0.784499 -0.00822112 -0.944311 912
-792.25 -550.47 -2006.19 -18.017 -12.5184 -45.6264 913
271.823 436.468 188.84 5.98487 9.62676 4.16525 914
-2.25248 -0.65711 4.76373 2.76325 -3.6654 0.443152 915
-2.4273 7.22485 -9.20236 -1.86617 0.294593 1.36254 916
-3.20616 2.0634 -4.92614 -1.49119 -2.10737 0.387678 917
-1268.28 -612.241 46.1781 -29.5044 -14.246 1.0742 918
45.4641 20.2381 16.9033 -0.0019957 0.779646 0.227213 919
153.054 214.983 -147.54 3.75818 5.31041 -3.64374 920
-9.17453 -9.4974 21.6636 0.0790069 -0.35401 0.339937 921
1.20467 9.42957 4.96587 -1.65746 -0.210485 -0.278603 922
8856.47 -9640.7 -1469.48 212.793 -231.639 -35.3059 923
-8.82068 -6.56344 5.55017 -0.930835 -2.07552 1.35582 924
64.3665 -162.082 117.867 1.4024 -3.45687 2.5282 925
344.068 216.409 23.8949 8.20539 5.17693 0.571043 926
-9.60163 3.40273 1.34077 -1.14402 -2.35827 0.528603 927
10.5351 0.812869 4.8791 -0.735827 1.60464 -0.588644 928
309.333 -67.4679 -55.7266 6.92748 -1.49223 -1.24828 929
834.164 -1150.78 75.5699 17.8337 -24.5977 1.61554 930
-351.471 3732.76 134.331 -7.82762 83.1238 2.99176 931
13.3641 -36.8246 -12.1534 0.917791 0.295484 -0.00298 932
-12.6866 8.99704 -0.410974 -0.672838 -2.33372 -0.131993 933
-1.67032 5.06409 7.73436 0.264999 -1.93614 1.87726 934
-60.577 23.397 15.2396 -0.806292 -0.195186 0.205404 935
-2.13393 9.11627 -14.9751 -0.734396 -1.09579 -1.22799 936
-3.25966 -13.3221 2.51831 2.28048 -0.867527 -0.566846 937
-9.07183 -50.8485 44.4911 -0.142842 -1.46111 1.28783 938
64.3436 -38.2804 -4.74467 1.20505 -0.0461452 -0.125895 939
3.78767 3.37679 -0.933429 -2.83289 2.85915 -0.354493 940
51.3348 633.737 240.115 1.30535 16.1887 6.13627 941
-1720.91 768.647 49.0332 -41.391 18.485 1.17969 942
15.0649 8.3578 -15.4488 0.277082 1.4943 1.0585 943
-3.34962 6.7065 -2.7327 -3.00879 -0.619386 1.22874 944
-9.21374 -1.7558 0.0593357 0.626721 -2.84344 -0.313782 945
-10.218 10.5438 -0.859427 -1.23129 -1.29635 0.0737499 946
-8.46408 -12.6881 4.94544 0.0144766 -1.38576 0.439112 947
-1.6863 6.27368 3.41638 -2.30903 0.724404 2.1814 948
-5.85648 12.5295 2.05305 -2.33288 0.217824 0.820061 949
252.942 4.82272 -76.7188 5.65204 0.130512 -1.7182 950
-1.29345 3.50694 0.867521 -3.17776 -0.37674 2.99806 951
-10.6105 11.7867 -1.16766 -1.6261 -1.6692 -0.0952488 952
-2.78185 -8.09809 -0.985854 2.69955 -1.14923 -0.294115 953
6.16417 0.803639 -12.122 -0.274882 1.34648 -0.18739 954
3.7635 10.1415 -0.0400111 -2.52845 0.628684 0.0425133 955
15.8917 -5.85429 2.42576 0.217203 2.05398 0.871657 956
-10.9809 -1.83704 -2.33341 -0.41303 -2.29748 -0.554267 957
-567.491 -25.3152 -55.8942 -12.1572 -0.550992 -1.19883 958
3.51484 -3.26341 -0.625223 2.68463 2.86598 0.893466 959
-3.42452 2.24174 0.500273 -4.52388 -3.06926 -0.231798 960
2.36747 1.15444 -0.380465 -5.92196 1.85414 1.71107 961
4.41869 -4.8364 -0.75515 -1.40058 3.87866 0.521828 962
-24.1596 -0.602814 45.3448 -0.0307651 -0.150808 0.078799 963
-3.58223 9.09064 -2.49636 0.0263013 -3.06573 0.914801 964
1.88909 -7.85306 -3.52885 2.03269 1.22675 1.01273 965
-4.73521 -10.9815 -1.36166 1.22484 -0.477227 0.0267866 966
1075.56 725.197 468.561 23.1864 15.6364 10.1033 967
-390.418 906.817 65.6836 -10.214 23.7256 1.71603 968
-9.23092 -9.04077 -0.250004 2.53808 -0.841689 -0.840034 969
-26.7237 3.78964 19.0559 -0.124235 -1.34111 0.0662913 970
-48.6754 -35.8456 -40.477 -0.222294 -0.761599 -0.910121 971
-34.8967 58.47 -3.21368 -0.544729 0.671559 -0.0462903 972
-2.98843 1.07234 4.06037 2.89334 -3.44401 1.79807 973
8.45571 -6.86724 -5.06946 1.42341 1.17088 -0.426923 974
-5807.21 1335.37 -220.183 -133.796 30.765 -5.07309 975
7.84559 2.04672 -9.35722 -0.506183 0.799991 0.392545 976
-1330.66 2651.66 -447.051 -33.3416 66.4376 -11.2017 977
0.196615 -7.62462 1.01661 2.00211 0.149631 -2.48277 978
-4.2203 -24.3091 35.4783 0.990053 -0.0746744 0.373984 979
-10.9235 9.41827 2.53537 -0.486564 -0.612551 -0.0285945 980
-5.72988 3.54304 0.431337 -3.97346 0.111912 0.429581 981
31.901 -9.97201 40.3418 0.475811 0.0153642 0.568625 982
2.25103 -6.54908 0.131593 2.91327 1.2727 1.15906 983
12.2962 2.91148 -7.59102 -0.588823 1.58514 0.33752 984
15.347 4.91877 1.40537 -2.25623 -0.242693 -0.214937 985
-3093.45 62.3385 -55.4896 -69.2713 1.39562 -1.24158 986
-7515.79 -24184.7 26966 -178.102 -573.113 639.023 987
-2.66083 -3.64523 -0.0338607 3.35764 -2.33437 -0.0154759 988
59.1641 -37.8674 13.8806 1.11304 -0.0216513 0.207368 989
-404.01 224.598 -4.45582 -9.56861 5.30624 -0.105218 990
4.31067 -6.19759 -3.72462 0.266484 2.17284 1.22012 991
-0.173049 -4.29046 13.1961 1.85356 1.29193 0.348329 992
-8.02202 7.52495 -0.114088 -0.603222 -2.97802 0.845799 993
1.47016 -7.30351 -6.36727 1.97406 1.40171 -1.37055 994
3.11228 -5.94495 0.907025 1.047 2.14659 -0.295407 995
-1.91496 5.52358 -0.330622 -2.57746 1.42969 -3.11506 996
25.7731 24.5109 28.5592 -0.0904292 0.130213 0.0141891 997
-270.606 -22.8264 -255.579 -5.79458 -0.499862 -5.48179 998
56.1816 15.3671 -49.2766 0.462041 0.51391 -0.961301 999
-205.979 232.807 0 -4.27717 4.76543 0 1000
