-99889.8 136619 54445.7 -2.12584 2.90752 1.15873
-74488.5 3658.23 9528.29 -1.586 0.0779277 0.202873
-69645.1 19107.7 -873.841 -1.51611 0.415959 -0.0190003
-66995.3 -86017.2 -90309.5 -1.45784 -1.87176 -1.96516
-62392.3 139501 128797 -1.32814 2.96956 2.74172
-49862.4 17900.4 16341.8 -1.09681 0.393803 0.359498
-45215.1 -85358 21166.3 -0.962273 -1.81661 0.450462
-45047.9 -4466.62 59294.5 -0.959073 -0.0950787 1.26224
-43204.4 -40281.6 -741.392 -0.919449 -0.857218 -0.015746
-42735.5 30682.7 -7902.59 -0.910617 0.653792 -0.168379
-41340.8 47714.2 -8127.75 -0.879834 1.01557 -0.173007
-40765.3 166953 -44869.5 -0.869817 3.5624 -0.957409
-39985.1 -55894.4 13019.2 -0.854113 -1.19384 0.277945
-36365.6 58753.8 43536.8 -0.776785 1.25501 0.929966
-33631.9 -2077.33 62677.1 -0.715711 -0.0442073 1.33381
-32453.1 93085.2 -76318.4 -0.690626 1.98093 -1.6241
-32103.3 -2342.06 -3020.1 -0.683987 -0.0499004 -0.0644214
-31046.3 3838.21 8764.43 -0.660795 0.0816924 0.186543
-30556 -12113.6 -19433.6 -0.651217 -0.258169 -0.4142
-30404.5 57397.3 -45610.6 -0.646992 1.22137 -0.970567
-29867.6 -8308.94 -29127.2 -0.636874 -0.177178 -0.621084
-29723.7 63193.5 24934 -0.649303 1.38044 0.54467
-27739.8 -31935.3 -21894.4 -0.590269 -0.679563 -0.465873
-27239.8 -11587.2 15067.1 -0.579681 -0.246586 0.320656
-27018.8 8052.88 -24870.6 -0.575036 0.171412 -0.529284
-24484 8154.38 -29436.2 -0.5212 0.17358 -0.626598
-21480.2 30876.1 -19609.6 -0.638675 0.918046 -0.583056
-21148.4 3478.3 -3163.3 -0.45312 0.0745253 -0.0677596
-20984.6 -82429.5 80489.5 -0.46388 -1.82217 1.77928
-20639.9 -72512.2 -104344 -0.439357 -1.54357 -2.22115
-18843.8 -16230.7 12377.6 -0.401008 -0.345405 0.263387
-18243.4 61031.6 58384.2 -0.388192 1.29864 1.2423
-17224.1 -13118.3 81156.2 -0.366556 -0.279164 1.72712
-17120.6 8943.76 -7900.57 -0.364306 0.190312 -0.168124
-16868.5 13409.9 -26703.4 -0.359541 0.285827 -0.569165
-16276.7 -24272.6 -49.7753 -0.772594 -1.15213 -0.00236226
-16134.9 4556.49 -7515.81 -0.356297 0.100618 -0.165985
-15485.9 -684.411 6223.9 -0.329516 -0.0145844 0.132938
-15134.4 3031.62 11608.2 -0.322791 0.0646511 0.247674
-14036.5 -8476.92 1728.93 -0.300067 -0.181217 0.0369845
-12066.1 -5184.85 18472.6 -0.25674 -0.11036 0.393059
-11654.6 4659.89 24284.2 -0.248081 0.0991841 0.516874
-11560.9 11504.2 21322.9 -0.257658 0.256618 0.475497
-11555.9 -15599 21065.5 -0.249284 -0.336519 0.454403
-11074.3 3467.1 1583.74 -0.235832 0.0739352 0.0336976
-10828.5 5511.15 6422.38 -0.304363 0.154905 0.180579
-10660.1 1877.58 6843.54 -0.226979 0.0400388 0.145727
-10493.7 5237.64 -1433.47 -0.225437 0.11252 -0.0307905
-10251.2 -10836 14832.5 -0.218127 -0.230616 0.315715
-9742.93 -58945.7 -40932.1 -0.207493 -1.25535 -0.871725
-9559.28 6274.33 -14068.3 -0.203492 0.13356 -0.299423
-9520.97 -16119.6 13585 -0.202636 -0.343041 0.289069
-9425.58 11702.4 -26612.7 -0.200574 0.249019 -0.566258
-8719.3 7093.51 205.623 -0.185908 0.151243 0.00439945
-8607.36 -11138.9 8674.29 -0.18386 -0.237945 0.18526
-8556.53 11336.1 -6871.07 -0.182354 0.241592 -0.146413
-8324.87 21850.3 -1541.73 -0.177071 0.464929 -0.0328209
-8200.75 5255.02 -6018.61 -0.178701 0.114511 -0.131203
-8092.02 8245.11 7456.94 -0.172261 0.175517 0.158785
-7786.41 1251.6 -2847.27 -0.167267 0.0269339 -0.0613863
-7525.24 -3949.42 -11900.4 -0.160645 -0.0843101 -0.254137
-7247.38 4287.87 -13923.1 -0.15431 0.0912408 -0.296366
-6908.22 -21770.7 17426.6 -0.147342 -0.464335 0.371649
-6246.96 1267.24 -1363.66 -0.132923 0.0269342 -0.0290578
-6058.49 -4203.04 9566.14 -0.128963 -0.0894704 0.203702
-5697.97 8207.65 15858 -0.123367 0.177705 0.343364
-5609.74 -19954.6 -24525.3 -0.124948 -0.444915 -0.54692
-5407.55 15172.6 10823.3 -0.1156 0.324364 0.231353
-5343.73 -2490.73 -4854.41 -0.11394 -0.0530795 -0.103463
-5082.42 -15610.8 -18730.1 -0.109535 -0.336439 -0.403616
-5034.29 -836.622 -6444.62 -0.128405 -0.021339 -0.164578
-4921.77 3406.21 7069.15 -0.10471 0.0724515 0.150441
-4805.93 33778.3 -34509 -0.102292 0.718883 -0.734438
-4789.01 16132.3 -19825.1 -0.101908 0.343306 -0.421871
-4331.4 19222.6 -12704.6 -0.0921447 0.409183 -0.27046
-4257.72 -29998.2 49184 -0.0907159 -0.639203 1.048
-4217.93 10823.8 2407.65 -0.0897923 0.230364 0.0512153
-4039.44 14314.1 -12694.2 -0.0865337 0.306638 -0.271903
-3604.84 4693.49 -11538.7 -0.0771472 0.100443 -0.246889
-3598.13 -30274.6 -14614.8 -0.0765612 -0.644316 -0.311017
-3336.34 8550.38 -590.396 -0.0712067 0.182269 -0.0126007
-3276.87 -5594.82 23129.5 -0.0708324 -0.120862 0.499765
-3261.32 1593.81 -2701 -0.134502 0.0657311 -0.111498
-3113.83 2312.33 -1073.07 -0.332828 0.247717 -0.115027
-3041.41 -2425.42 3337.71 -0.0656035 -0.0523166 0.0720441
-2932.34 2227.85 7567.56 -0.0626425 0.0475912 0.161633
-2839.33 16247.2 217.573 -0.216879 1.24105 0.0166192
-2783.82 -7543.28 1419.5 -0.06538 -0.177492 0.0334198
-2504.17 -2358.85 -1283.63 -0.0532911 -0.0502115 -0.0272682
-2479.82 51074.6 -216910 -0.0529674 1.09091 -4.633
-2209.76 -2435.24 1439.47 -0.0470513 -0.0518268 0.0305847
-2046.38 -5723.72 8450.36 -0.0441524 -0.123494 0.182309
-1978.82 1392.1 3290.49 -0.042168 0.0296392 0.0701775
-1870.05 781.393 -489.218 -0.0397845 0.0165862 -0.0104049
-1735.2 -4980.5 -4445.28 -0.0369197 -0.105983 -0.0946311
-1718.05 -1663.18 2151.42 -0.0368523 -0.0356749 0.046115
-1711.62 -6155.92 -18553.5 -0.0507019 -0.182348 -0.549549
-1611.68 24294.6 13138.4 -0.0343326 0.517246 0.27962
-1428.56 -123261 -27472.7 -0.0333864 -2.88076 -0.642069
-1412.56 8840.07 -16138.1 -0.0304104 0.190383 -0.347409
-1374.2 13154.8 5282.3 -0.0293106 0.280204 0.112521
-1279.08 -14672.2 11247.7 -0.0272008 -0.312237 0.239318
-1144.74 2418.68 1151.59 -0.0246584 0.0520985 0.0247397
-1053.17 -2532.19 -4688.82 -0.0226867 -0.0545482 -0.100925
-994.593 -2225.16 -136.038 -0.02118 -0.0473994 -0.00284732
-893.744 -690.761 -447.562 -0.0191525 -0.0148081 -0.00952521
-852.707 1442.06 5296.71 -0.0185227 0.0313035 0.115003
-755.194 -220.049 -100.255 -0.0160964 -0.00469499 -0.00207522
-736.914 -131.732 5015.96 -0.015774 -0.00283464 0.107427
-679.532 -1087.01 649.896 -0.01697 -0.0271463 0.0161716
-597.558 -3084.71 1710.66 -0.0134101 -0.0692265 0.0383191
-555.864 -989.468 1057.34 -0.0123081 -0.0218962 0.0234531
-531.873 2435.14 -4282.2 -0.011948 0.0547025 -0.0961369
-524.799 1768.79 4480.25 -0.0118981 0.0401006 0.101567
-522.724 -77.2735 -160.917 -0.0111721 -0.00166742 -0.00336763
-467.145 601.077 356.981 -0.0100036 0.0128705 0.00767101
-436.428 790.743 667.384 -0.0146137 0.0264779 0.0223902
-336.56 4716.59 -8423.97 -0.00726032 0.100361 -0.179313
-293.188 962.72 -4037.14 -0.00626172 0.0205476 -0.0860293
-284.006 436.478 6715.43 -0.00608516 0.00933109 0.143773
-262.267 -684.838 2705.21 -0.0056018 -0.0146234 0.0576985
-234.939 39.9499 25.0792 -0.00504504 0.000852073 0.000467221
-203.166 -439.123 -900.289 -0.0074033 -0.0159984 -0.0327482
-157.353 -3490.29 -13231.6 -0.00389214 -0.0863334 -0.327121
-129.052 -770.086 6573.52 -0.00285505 -0.0170429 0.145828
-111.279 -566.531 791.845 -0.00254608 -0.0129544 0.0180352
-101.413 -6212.54 -332.647 -0.00238576 -0.145247 -0.00787187
-100.276 86.3293 240.992 -0.00363844 0.00312516 0.0086307
-96.424 425.684 -385.837 -0.00209013 0.0091637 -0.00817863
-85.0157 -1139.82 1398.79 -0.0022268 -0.0298555 0.0365902
-83.8974 10.4736 44.304 -0.0018029 0.00023592 0.000868964
-77.4236 -167.518 -79.2143 -0.00167561 -0.00364105 -0.0016366
-54.1303 2577.02 -4980.69 -0.00120099 0.0571679 -0.110427
-44.3929 -5.51733 -84.9048 -0.00122538 -0.000154827 -0.00224634
-24.0602 -0.974306 -175.41 -0.000572893 -7.23722e-05 -0.00371073
-23.194 -0.860981 14.8768 -0.00049241 -2.63423e-05 0.000242156
-14.4322 12.106 -3.48268 -0.000377024 0.00030424 -2.74757e-06
-9.72262 10.979 -9.57982 -0.000227201 0.000242603 -0.000121315
-8.97466 -4.15058 -1.18769 -2.88159e-23 -2.20723e-22 2.53182e-05
-8.6344 5.89007 -4.73182 -0.000242757 0.000160968 -1.82094e-05
-8.6206 1.10089 0.210381 -5.06153e-18 -3.87701e-17 0.0185627
-8.44141 4.12483 -1.35915 -1.90583e-21 -1.45982e-20 7.38412e-06
-8.40357 -1.45125 -0.288775 -7.20615e-19 -5.51974e-18 -0.206053
-8.36597 -6.70609 -2.31789 7.43455e-27 -1.4503e-27 1.38265e-19
-8.13684 1.67232 -5.4866 -1.34722e-23 -1.03194e-22 1.3595e-22
-8.13517 -1.62348 -3.75338 -7.05512e-20 -5.40406e-19 1.46175e-08
-8.10032 3.41446 -0.193817 -1.52003e-18 -1.16431e-17 -0.000481059
-7.56049 2.42187 3.70701 -4.40998e-19 -3.37794e-18 -1.14446e-09
-7.31735 -2.59034 -0.47589 -2.97911e-15 -2.28193e-14 0.016192
-6.69801 0.199896 -4.48885 -8.07108e-16 -6.18226e-15 1.27131e-12
-6.58155 -1.36591 0.152716 -8.70491e-13 -6.74354e-12 -0.251344
-6.47526 6.63727 1.91668 -2.78906e-21 -2.13635e-20 -8.58176e-18
-6.19992 -1.83189 -0.0986944 -2.65357e-11 -2.06204e-10 0.0538376
-6.18542 -3.50604 0.767781 -1.02551e-12 -7.85546e-12 0.000540921
-5.81601 -4.21203 -0.0406798 -4.7748e-13 -3.65754e-12 -8.11593e-07
-5.70247 -1.99176 0.913115 -4.21831e-11 -5.953e-10 -0.0388102
-5.70067 -3.98826 -3.3671 -4.01312e-16 -3.074e-15 5.55505e-12
-5.57872 -1.502 0.130871 8.43381e-10 -9.24784e-10 0.241679
-5.57337 -7.94736 4.85355 1.72979e-26 -3.3744e-27 -8.29673e-28
-5.3357 -1.82749 -0.378283 -3.88048e-10 -5.47622e-08 -0.0334911
-5.27034 0.804072 -4.76292 -7.76647e-13 -5.94918e-12 -5.09167e-12
-5.24421 -7.13751 2.00529 1.60899e-18 -3.13875e-19 -8.1721e-20
-5.21506 -2.44703 -0.307082 -2.29432e-09 -2.32039e-08 -0.044509
-5.01493 1.01604 -0.342756 1.36595e-06 -5.51681e-07 -0.0532304
-4.93292 -3.10868 0.0140619 -4.00019e-09 -3.58061e-08 -0.00432126
-4.86931 -1.67941 0.0195057 1.09833e-06 -1.3816e-06 0.00920784
-4.71114 2.55406 -3.34548 -2.30829e-10 -1.78483e-09 8.46911e-08
-4.70879 -3.71763 -0.434264 -8.2879e-10 -6.98926e-09 0.000154539
-4.63732 0.805447 -3.90662 -7.8264e-10 -6.18713e-09 5.33613e-09
-4.54896 0.25464 -0.220024 4.27746e-05 -2.47334e-06 0.00698891
-4.47688 -5.17539 3.69954 3.09298e-14 -6.03367e-15 -1.48456e-15
-4.42916 3.42582 -2.93444 -2.54943e-10 -1.96815e-09 7.05498e-08
-4.34742 2.67174 -0.10237 1.4067e-06 -1.45977e-06 0.00202736
-4.28908 -0.237804 4.22644 -1.54666e-09 -1.23649e-08 -1.07097e-08
-4.27901 4.89114 2.77248 -2.57348e-13 -1.97197e-12 -3.92649e-12
-4.22636 -2.69988 1.03258 1.95596e-06 5.00603e-07 0.00359092
-4.16983 -3.8331 -6.33152 2.70796e-16 -5.28258e-17 -1.29884e-17
-4.1508 5.52232 1.19932 -5.99363e-13 -4.59254e-12 -3.6573e-10
-4.11074 6.51418 -3.97988 -9.77168e-05 0.000153409 -2.81415e-06
-4.08408 -0.213009 5.80249 -2.29421e-13 -1.75769e-12 -1.50571e-12
-4.07298 -0.272312 3.51111 5.64036e-08 -1.07498e-07 -3.37248e-06
-4.0712 -2.75781 4.17608 5.00572e-08 -4.38463e-08 7.73227e-05
-3.78741 0.970837 -3.57224 1.4191e-07 -6.53732e-07 4.86738e-07
-3.66424 2.93439 -5.04906 -5.19028e-12 -3.9763e-11 -3.4062e-11
-3.62522 -2.4208 -3.12444 4.84491e-08 -3.1098e-07 1.82592e-06
-3.61831 2.93949 -4.79023 -2.20069e-11 -1.68681e-10 -1.4449e-10
-3.54187 -1.54264 7.9085 -1.57534e-18 -1.20667e-17 -1.03368e-17
-3.43572 -3.33921 -3.60015 1.98048e-08 -3.76856e-09 -9.19135e-10
-3.36778 3.18916 -6.0064 -2.85931e-14 -2.19016e-13 -1.87618e-13
-3.33484 -4.73558 -0.987827 1.84104e-08 -3.1112e-09 2.17474e-06
-3.3225 -1.38743 4.10423 5.47736e-10 -2.45812e-07 -2.2299e-07
-3.31805 1.39993 3.82689 1.6746e-07 -8.65476e-07 -6.5154e-07
-3.28587 2.14455 6.83984 -1.00519e-15 -7.69951e-15 -6.59571e-15
-3.28012 -4.9371 -3.37695 -6.91097e-05 -0.000105144 1.12157e-07
-3.27255 4.45264 -4.85732 -5.82244e-14 -4.45994e-13 -3.82055e-13
-3.18626 -4.13046 2.26178 8.29809e-08 -1.22365e-08 -2.91529e-07
-3.08612 -4.89426 -1.40332 1.65024e-08 -3.01219e-09 1.0008e-07
-3.04745 -0.816199 4.20167 2.14584e-07 -3.6875e-07 -3.77656e-07
-3.04239 3.38512 2.98852 1.76992e-08 -1.82856e-07 -1.70401e-07
-3.03238 -1.88037 -7.64775 -2.97264e-17 -2.27697e-16 -1.95055e-16
-2.93685 4.7847 -0.922988 -5.42601e-09 -6.27117e-08 1.61545e-06
-2.91254 -10.5827 -2.95547 7.66079e-30 -1.49444e-30 -3.67441e-31
-2.78432 3.49863 -3.48069 -6.9809e-10 -3.18512e-08 -2.40373e-08
-2.7337 -0.90023 -4.17443 3.86631e-06 -4.85744e-06 -5.21265e-06
-2.68223 -4.47901 4.07519 3.18969e-10 -6.21812e-11 -1.52979e-11
-2.65904 0.481821 -4.44382 3.6294e-07 -1.47922e-06 -1.17682e-06
-2.61974 3.34986 4.27896 -9.08169e-11 -1.0398e-09 -8.48556e-10
-2.52956 0.692874 7.29574 -1.16458e-14 -8.92039e-14 -7.64157e-14
-2.51736 -0.886849 -5.84549 -5.56745e-11 -4.28469e-10 -3.67127e-10
-2.45542 -5.54313 0.357094 7.05012e-09 -1.32103e-09 -1.51487e-09
-2.2363 3.18348 -5.03276 -1.50303e-10 -1.15639e-09 -9.89923e-10
-2.15721 5.15141 -0.281711 8.5941e-10 -4.64164e-08 3.78759e-08
-2.08516 -6.57729 -0.122881 3.18927e-11 -6.22014e-12 -1.52785e-12
-2.04236 -0.0603687 6.52364 -8.86205e-12 -6.78886e-11 -5.81562e-11
-1.90923 -4.12091 -6.28654 1.12952e-13 -2.20342e-14 -5.4176e-15
-1.90811 9.4633 2.77976 -1.38779e-22 -1.89194e-23 7.09412e-23
-1.84126 5.71029 -3.99922 -4.22696e-13 -3.2378e-12 -2.77362e-12
-1.83157 5.29407 -1.25497 -4.70861e-10 -1.24209e-08 -5.17735e-09
-1.77897 -4.64211 5.07688 1.1378e-12 -2.21901e-13 -5.45721e-14
-1.7118 -0.338271 9.19868 -1.13633e-20 -8.70405e-20 -7.45623e-20
-1.67961 5.50666 1.03014 -2.81654e-09 -2.39675e-08 -2.06963e-08
-1.55011 -2640.86 -59.058 -9.64836e-05 -0.201613 -0.00450934
-1.44997 -0.173002 5.3665 2.01272e-09 -2.22848e-08 -1.95995e-08
-1.44877 4.5408 2.25237 4.00043e-08 -7.48506e-07 -3.85723e-07
-1.3871 -4.55958 -2.57768 5.30593e-07 -2.44199e-08 -2.39604e-08
-1.33035 0.957441 -4.3762 -7.95044e-05 5.04919e-05 -4.207e-06
-1.31283 -7.75045 -0.85214 2.57648e-14 -5.02609e-15 -1.23578e-15
-1.26298 -6.07831 -5.66907 5.53842e-17 -1.08041e-17 -2.65644e-18
-1.26186 -4.33224 1.87549 3.99079e-06 7.03352e-06 -6.04401e-07
-1.20311 1.02893 -6.24377 -6.22584e-11 -4.77806e-10 -4.09229e-10
-1.14254 6.01365 6.30829 -1.65845e-18 -2.26094e-19 8.47771e-19
-1.10297 7.40098 -3.13865 -1.99842e-15 -2.72441e-16 1.02156e-15
-1.04755 0.256661 3.52616 0.000831089 -0.000221968 -6.84779e-06
-0.972663 -2.24653 5.32205 2.8543e-08 -5.28256e-09 -1.36356e-09
-0.893013 4.27108 -6.03816 -9.57919e-13 -1.30592e-13 4.89671e-13
-0.869186 -3.97664 -3.87168 1.11479e-07 -1.40796e-08 -5.26963e-09
-0.817901 9.17716 0.251782 -3.67672e-19 -5.0124e-20 1.87947e-19
-0.812224 -5.3314 3.85083 2.65195e-10 -5.16894e-11 -1.27195e-11
-0.765097 0.563011 -6.33886 -1.4626e-10 -1.12119e-09 -9.60388e-10
-0.696592 -0.221551 -4.87911 -1.57854e-05 -1.08932e-05 -1.27375e-05
-0.667977 -5.0416 -3.95936 8.66138e-10 -1.6852e-10 -4.15406e-11
-0.657609 7.4775 0.874238 -3.41348e-13 -4.65355e-14 1.74491e-13
-0.509263 -1.93456 3.03281 0.000394572 0.00148752 -1.1694e-05
-0.478067 -4.36588 1.05669 9.77844e-06 5.05515e-05 -5.274e-06
-0.448826 1.15647 -5.43374 -1.33285e-08 -1.16298e-07 -9.65552e-08
-0.395066 -4.28336 -4.19689 5.65523e-09 -1.01862e-09 -2.70879e-10
-0.340159 5.81447 -1.68519 -5.64081e-09 -8.28526e-10 2.88637e-09
-0.282289 -3.54179 -4.0159 3.95863e-07 3.29657e-08 -1.85589e-08
-0.240858 2.93965 -4.12252 -4.96521e-06 -5.59935e-08 -3.32698e-06
-0.23979 -5.85064 2.25284 3.92307e-09 -7.60842e-10 -1.88168e-10
-0.210297 -4.7517 -3.52638 4.53054e-09 -6.15771e-10 -2.16737e-10
-0.194928 4.48455 -2.14922 -1.15836e-06 -4.37628e-06 6.92026e-07
-0.113221 3.47146 4.18691 -4.74447e-07 -1.12336e-07 2.43241e-07
-0.082656 1.91685 -4.24302 -6.89415e-06 -3.04051e-05 -3.8761e-06
-0.0583829 -4.61071 -3.0937 1.25166e-07 -6.68257e-09 -5.99131e-09
0.00411153 2.56666 -3.7702 -1.02779e-05 -4.66999e-05 -4.82567e-06
0.030198 2.51894 -5.08934 -1.36308e-08 1.02682e-08 -8.85267e-09
0.0718569 0.121364 3.95478 -6.5025e-05 -4.92948e-05 -1.09011e-05
0.103151 -4.74575 2.89691 2.29571e-07 -2.81809e-08 -1.10299e-08
0.11048 5.7292 3.10958 -3.83238e-11 3.53592e-11 -2.49396e-11
0.115042 -1.87666 4.6756 8.90593e-07 1.3509e-06 -4.63715e-08
0.2154 -0.427647 3.81153 -0.000375965 0.000769956 -1.79717e-07
0.536843 5.03507 1.34334 -5.7959e-07 -8.24343e-08 -3.7008e-07
0.61246 -1.65169 -6.98951 5.74465e-12 -1.12064e-12 -2.75536e-13
0.623954 -0.0837413 7.7889 -5.67348e-15 2.43493e-14 1.19703e-14
0.659316 -7.61626 279.224 9.00284e-05 -0.000140611 0.00591242
0.753723 -5.89161 0.20241 2.58407e-08 -4.79316e-09 -1.25576e-09
0.766036 -2.19823 -5.25561 2.66949e-08 -4.3444e-09 -1.29586e-09
0.860008 -2.38465 4.28728 5.46813e-07 2.89739e-06 -7.96692e-08
0.865031 -0.736505 5.03086 -2.44487e-06 -2.95204e-07 1.45611e-06
0.886796 5.83127 1.59412 -1.74004e-09 1.57575e-09 -1.13072e-09
0.903813 -6.90508 3.03303 1.69158e-13 -3.29987e-14 -8.11349e-15
1.0024 -1.81287 -5.67148 2.27889e-09 -4.22224e-10 -1.09968e-10
1.006 -3.03594 6.47264 6.08667e-12 -1.18736e-12 -2.9194e-13
1.03543 5.10724 -2.33971 -6.4681e-08 5.60935e-08 -4.16429e-08
1.06398 -3.92425 -3.47267 5.25414e-07 3.59014e-08 -2.70749e-08
1.11127 -2.25248 -4.7189 4.76235e-07 -1.58179e-08 -2.4838e-08
1.13496 1.57069 6.26349 -3.97206e-10 3.68397e-10 -2.58495e-10
1.17769 5.15637 1.43647 -1.00323e-07 3.99743e-08 -6.49858e-08
1.26606 4.66017 -2.02915 -8.06429e-07 5.07418e-08 -4.03879e-07
1.27789 -7.41915 0.742426 9.26313e-14 -1.80701e-14 -4.44299e-15
1.2795 7.10034 1.68463 -4.16123e-13 3.85997e-13 -2.70822e-13
1.28284 4.67958 3.13956 -2.52902e-08 2.17363e-08 -1.62145e-08
1.46856 -6.60795 -4.18838 1.85418e-14 -3.61706e-15 -8.89336e-16
1.52128 0.64915 -6.81338 -5.4254e-13 1.27531e-12 -1.05297e-12
1.54591 4.2644 7.40304 -3.80733e-17 3.5317e-17 -2.47789e-17
1.56188 -4.38226 -3.02423 1.58338e-07 -1.43215e-08 -7.88322e-09
1.64589 -1.82173 4.77651 2.53426e-08 1.73445e-07 -1.26764e-07
1.83282 -5.04117 0.861116 2.27586e-07 2.36321e-08 -1.79824e-07
1.85962 -5.16641 -0.337882 1.81233e-07 -2.2786e-09 5.56607e-08
1.89794 1.54826 5.58168 -4.95879e-10 1.12449e-09 -9.37211e-10
1.96488 0.514988 -4.16867 -2.94058e-05 -5.83674e-06 -1.11722e-06
2.0985 2.40188 -4.22622 -5.61515e-07 7.56029e-07 -7.75208e-07
2.10774 3.50629 -5.29516 -7.63302e-11 7.07859e-11 -4.96727e-11
2.14051 -4.24289 3.41146 5.10158e-10 3.941e-10 -3.80966e-11
2.22759 -0.299595 -5.53793 -2.99577e-09 1.25907e-08 6.18547e-09
2.26123 -0.159718 6.09816 -6.3648e-11 2.7279e-10 1.34103e-10
2.34863 -5.99642 -5.72645 5.98028e-17 -1.16661e-17 -2.86838e-18
2.42662 -4.61883 0.418109 1.18703e-06 2.15361e-07 -1.40454e-05
2.44749 -3.46869 3.59131 -6.74322e-09 1.53735e-08 -3.31909e-09
2.45069 2.87453 -6.20854 -2.35195e-13 5.52926e-13 -4.56521e-13
2.63535 -5.85111 -2.28908 3.95705e-11 -7.71579e-12 -1.88985e-12
2.66029 7.31046 1.30506 -2.29442e-14 2.12832e-14 -1.49326e-14
2.73064 -4.66937 5.26213 2.07291e-13 3.70046e-13 -3.77382e-13
2.80588 2.82447 -3.11834 -2.88108e-06 -5.7507e-09 -1.06759e-06
2.86103 6.20572 8.66342 -2.1603e-28 2.0039e-28 -1.40597e-28
2.94206 2.7118 -3.41926 -3.91075e-07 6.20044e-08 -2.3421e-07
3.02724 -3.52352 -2.4316 -1.91615e-07 3.63903e-07 3.93623e-06
3.12226 2.81257 4.87829 -1.24877e-10 2.92636e-10 -2.41828e-10
3.12485 -3.8374 2.28381 6.46304e-08 2.09445e-07 -2.05782e-06
3.14011 -7.85772 -1.3107 7.84214e-17 -1.52981e-17 -3.76139e-18
3.16522 7.86938 -3.82487 6.17003e-05 0.00017797 -1.79143e-06
3.18666 2.30424 113.725 -1.24502e-05 7.88475e-06 0.00243044
3.28159 -5.56888 4.09106 8.09356e-14 1.44482e-13 -1.47347e-13
3.29475 6.00392 -1.86431 -4.28885e-12 3.97825e-12 -2.75413e-12
3.30928 -6.84793 0.219138 1.81601e-13 -3.5426e-14 -8.79088e-15
3.33544 4.14265 2.08776 -6.76262e-08 5.85068e-08 -1.04948e-06
3.41656 -2.0715 3.82665 -1.88534e-08 1.1389e-07 -7.06934e-08
3.45854 -3.81905 -0.630244 -1.15658e-07 4.78305e-07 0.00044813
3.53963 2.02922 3.78598 -1.953e-08 1.18982e-08 -1.73749e-08
3.60497 -2.66016 4.76124 -5.70311e-10 -1.46137e-10 3.90418e-10
3.61533 5.61289 0.237045 -9.62303e-11 8.92289e-11 -4.76544e-10
3.68124 4.26468 -2.63749 -5.03328e-10 1.16429e-09 1.87392e-09
3.73147 -4.70544 -3.03335 3.03614e-11 5.42231e-11 -5.45849e-11
3.77392 -4.13842 0.215264 2.47879e-08 6.76952e-08 3.06825e-05
3.81383 -4.8399 -2.77604 3.21186e-11 5.73525e-11 -5.49373e-11
3.8377 -2.8606 -6.55983 -1.58985e-15 -4.07641e-16 1.08854e-15
3.9085 -0.560082 -5.75482 -2.19114e-12 9.40278e-12 4.62248e-12
3.92249 2.83903 -3.81957 -1.97008e-09 4.5972e-09 -3.77813e-09
3.92952 3.71687 2.65863 -1.78727e-09 4.0006e-09 -1.79651e-07
3.99087 -5.83106 -0.35039 5.13011e-12 9.15823e-12 3.47621e-11
4.06117 -2.9278 -4.011 -2.95799e-10 -7.53434e-11 2.02936e-10
4.08543 -1.97236 -3.18666 -1.22169e-08 7.45988e-09 4.5719e-06
4.29802 -1.41064 -5.14374 -1.1732e-11 5.03442e-11 2.47494e-11
4.34314 6.90749 -0.641787 -2.63164e-15 2.44112e-15 -1.66248e-15
4.34496 -0.564327 0.243257 -9.30819e-05 1.31241e-05 0.0896304
4.53947 -2.84835 -0.750351 -4.27785e-08 -3.61231e-09 0.00985453
4.68746 1.19193 0.0109411 -9.57226e-06 -1.98914e-06 0.277354
4.70555 -4.97846 0.885208 1.33591e-11 2.38503e-11 -2.95596e-07
4.80834 -0.302524 5.24283 -2.7567e-12 6.4808e-12 -5.35082e-12
5.13589 -1.68653 -0.789311 -8.09647e-08 1.28788e-07 -0.0290663
5.25305 1.45082 -5.04504 -4.1294e-14 9.70793e-14 -8.01483e-14
5.34981 -4.76726 0.169776 2.98197e-12 5.32333e-12 -2.42318e-06
5.45053 -1.83059 -0.178249 -6.5584e-09 1.9563e-08 -0.0452385
5.453 2.54794 3.08953 -3.20516e-11 7.53358e-11 -1.68421e-06
5.58113 3.48545 -2.01974 -5.19948e-12 1.22226e-11 3.84044e-05
5.80138 2.13589 -1.3309 -4.08557e-12 -1.37507e-12 0.00105536
5.84811 -8.12246 -4.69732 7.92483e-28 1.4147e-27 -1.44275e-27
5.92236 1.29176 -0.0595817 -3.93197e-09 9.09047e-09 0.127516
5.94317 -3.09314 0.122431 -2.71569e-11 1.16484e-10 0.0002039
5.97235 1.47814 -0.415309 -8.55734e-10 1.96514e-09 -0.0536043
6.38196 0.410436 -0.207467 -2.95096e-12 4.71737e-12 0.131011
6.40191 3.14573 1.66366 -3.47982e-13 8.18085e-13 0.000437561
6.51833 4.09536 -1.31235 -3.74469e-16 8.80354e-16 -3.72358e-05
6.82645 1.06216 -0.239794 -1.79893e-13 4.2061e-13 0.220197
12.6868 14.5969 -9.98341 0.000318888 0.000352403 -0.000149062
14.8635 12.1233 -4.02965 0.000341249 0.000279722 -1.02586e-05
19.0594 -940.36 52707.1 0.000565402 -0.0279577 1.56716
24.5968 -798.815 72831 0.000525545 -0.017018 1.55136
39.2272 1337.6 6098.93 0.000834834 0.0284717 0.130001
50.5273 -180.75 7405.69 0.00110064 -0.00393556 0.162889
52.8581 -4.76487 -2.88994 0.00114273 -0.00010181 1.10832e-05
53.8621 158.739 29.5436 0.00245726 0.00724597 0.00119503
74.041 2692.42 -6186.73 0.00168385 0.0574287 -0.132043
97.2075 -5755.15 -4898.73 0.00207602 -0.122478 -0.10419
127.794 -554.398 -3404.59 0.00278231 -0.0117557 -0.0724563
133.053 161.315 48.5591 0.00347338 0.00420075 0.00117626
136.7 7078.07 1446.43 0.00334817 0.166588 0.0340576
208.036 -417.672 1097.42 0.00450928 -0.00905721 0.0235677
218.326 444.327 434.921 0.00484915 0.00987007 0.00970267
262.394 -381.889 93.6353 0.00564376 -0.00824317 0.00215655
345.381 -4712.94 40.1192 0.00725484 -0.100348 0.000844912
354.38 5111.85 -1402.79 0.00769981 0.111022 -0.0305359
361.01 -573.566 -16.0467 0.00773504 -0.0122745 -0.000396514
383.103 2341 842.251 0.00877868 0.053647 0.0192462
421.752 3494.19 -1484.36 0.00919331 0.0761414 -0.0322954
459.797 -382.203 6975.81 0.0107367 -0.00891602 0.163018
493.29 -2279.5 1902.16 0.0107541 -0.0496484 0.041507
528.679 -1579.72 1312.48 0.0113039 -0.0337748 0.0281038
569.885 -7337.57 -7192.81 0.0176002 -0.226612 -0.222101
606.622 -796.435 1372.02 0.013171 -0.0172892 0.0297117
613.43 1351.42 1190.03 0.0131093 0.0288845 0.025474
642.893 -3513.23 -4810.08 0.0136997 -0.0747295 -0.102369
643.874 -1332.53 1207.94 0.0138055 -0.0285577 0.0259363
654.005 -384.588 1175.9 0.0141612 -0.00834532 0.0254484
711.639 545.103 6222.6 0.0152373 0.0116546 0.133186
790.621 1307.26 470.005 0.0169314 0.0282323 0.0101598
985.225 -35021.9 -8217.91 0.0210505 -0.745676 -0.174983
1038.3 -14982.7 -8307.56 0.0223697 -0.322648 -0.178772
1040.3 -60.3323 -113.119 0.0221959 -0.00128151 -0.00235233
1108.6 -896.458 915.976 0.0255729 -0.0207522 0.0210916
1233.43 -2540.65 -3235.72 0.132737 -0.272005 -0.34648
1310.39 2000.89 -1217.42 0.0278678 0.0425582 -0.0259293
1365.11 2586.93 -5139.08 0.0290555 0.0550879 -0.109374
1446.87 2646.94 13901.8 0.030803 0.0563924 0.295975
1447.23 -16203.6 -10200.2 0.0307962 -0.344758 -0.217
1465.17 -3700.02 4187.84 0.0332094 -0.0838644 0.0948977
1593.72 -9107.05 4810.97 0.0342598 -0.196463 0.103807
1779.13 3574.07 6716.81 0.0379089 0.0761609 0.143129
1809.45 6939.8 34294.7 0.0384094 0.147682 0.729785
1859.51 -1375.01 -1182.38 0.0407353 -0.0301213 -0.0259443
2087.89 1735.07 11780 0.0444343 0.0369677 0.250727
2099.92 58950.2 -4429.02 0.0451076 1.26647 -0.0951554
2124.68 -24670 11120.8 0.0453417 -0.526378 0.237278
2138.93 3117.64 -1909.88 0.0455031 0.0663282 -0.040617
2183.66 -4772.32 21999.4 0.0585019 -0.127868 0.589426
2479.66 -1627.6 -3208.5 0.0528613 -0.0346915 -0.0683368
2772.18 1661.31 -3883.55 0.0600989 0.0360233 -0.084165
2909.82 10071.1 5537.87 0.0671605 0.232475 0.127805
2920.13 -25082.8 -3576.91 0.0621018 -0.533796 -0.0761258
2982.17 4277.51 1094.85 0.0715823 0.102675 0.0262295
3088.49 -192.368 36149.4 0.0657292 -0.00409845 0.769295
3220.65 -4510.1 10883.1 0.0689205 -0.0965116 0.232869
3295.1 -8517.8 6308.64 0.0701793 -0.181634 0.134554
3442.5 4013.74 334.753 0.0737691 0.0860107 0.00716686
3597.17 7983.22 -19435.7 0.0795096 0.176463 -0.429629
3748.3 9207.69 -9037.23 0.0807363 0.198573 -0.19493
3779.99 -16120.8 -7406.58 0.0805148 -0.343373 -0.157743
3789.99 2147.04 -3468.31 0.0893675 0.050627 -0.0818361
4071.55 16181.2 41430.5 0.0866586 0.344391 0.881741
4228.7 -2939.27 -32444.5 0.0899954 -0.0625323 -0.690348
4438.12 -51047.8 -53307.7 0.0945406 -1.08652 -1.13463
4463.06 6593.52 -7965.21 0.096217 0.142147 -0.171692
4471.81 -4036.98 -7813.88 0.0952025 -0.0859366 -0.166324
4533.63 13249 -40418.4 0.0968285 0.283025 -0.863342
4649.22 -1013.66 -1233.08 0.219509 -0.0478591 -0.0582793
4717.31 -1007.24 1073.31 0.10446 -0.0223043 0.0238029
4748.83 4601.35 3594.04 0.101178 0.0980382 0.0765918
4797.42 -68987.3 32316.9 0.102413 -1.47213 0.689624
4847.92 -117787 -14376.1 0.103405 -2.51235 -0.306637
4902.02 -16934.1 -10006.6 0.131418 -0.453979 -0.26822
4982.86 22003.5 20899.5 0.106175 0.469083 0.445591
4998.86 59245.4 -80135.1 0.106361 1.26061 -1.70508
5416.55 11013.8 -6847.29 0.11546 0.234682 -0.145916
5425.58 -19145.5 1220.55 0.115571 -0.407809 0.0259666
5440.74 2748.06 -1084.8 0.144625 0.0730487 -0.0288714
5857.52 -14188.7 4732.73 0.124701 -0.302131 0.10065
6018.71 15893.6 30875.5 0.128078 0.338205 0.656969
6118.59 -13421.8 9711.33 0.133651 -0.293175 0.21213
6343.91 767.724 3012.36 0.136107 0.0164713 0.0645943
6397.53 -2831.74 -6308.34 0.155587 -0.0688675 -0.153491
6429 -13784.1 11499.5 0.181864 -0.389925 0.325256
6513.41 -11837.3 -9190.48 0.138928 -0.252484 -0.195994
6565.85 -9869.73 -2473.71 0.140242 -0.210839 -0.0527676
6630.74 3137.87 8049.92 0.141969 0.0671844 0.172414
7001.74 8337.66 -11864.6 0.332336 0.395744 -0.563159
7025.94 -11827 -9502.06 0.233727 -0.393438 -0.316051
7507.71 -15168.9 7800.06 0.159797 -0.322845 0.165985
7691.31 38710.8 -133645 0.163676 0.823823 -2.84413
7715.59 7693.88 -6736.44 0.165187 0.164723 -0.144193
7779.85 -7270.74 -14565.7 0.168444 -0.157421 -0.315381
7937.15 -11596.1 45736.9 0.168946 -0.246839 0.973607
8069.55 279.92 21702 0.171823 0.00598818 0.462006
8436.75 -12472.1 -13392.3 0.179723 -0.26566 -0.285281
8588.28 5095.29 -1364.26 0.18278 0.108409 -0.0290121
8763.66 -25642.6 -27789.3 0.187522 -0.548692 -0.594621
9236.51 -6850.1 3723.67 0.197785 -0.146684 0.0797687
9811.43 6426.57 -2441.17 0.21085 0.138109 -0.0524566
10609.8 -5047.24 5935.56 0.225802 -0.107416 0.126298
10817.3 -78761.2 -95856 0.230245 -1.67642 -2.04027
10951.7 -9816.3 -19316.5 0.233078 -0.208905 -0.411115
11127.2 -495.952 -6975.47 0.236899 -0.0104981 -0.148495
12110.5 6851.33 -6703.72 0.25766 0.145808 -0.142669
12396.1 -16361.6 -57830.3 0.272882 -0.359962 -1.27228
12471 1793.48 23798.9 0.265496 0.0381759 0.5066
12696.7 10567.1 -9629.45 0.27052 0.22517 -0.205188
13958.8 6989 -34476.2 0.29708 0.148732 -0.733728
14283.9 -41525.7 26550.6 0.30401 -0.883628 0.56498
14427.7 29571.4 -21010.4 0.307001 0.629311 -0.447156
14572 17352.8 55496.8 0.310092 0.369263 1.18097
15059.4 644.035 -29992.8 0.321013 0.0137225 -0.639335
15242.9 -10876.6 -11298.5 0.325005 -0.231909 -0.240924
15397.7 20653.9 127363 0.328605 0.440779 2.71809
15427.8 -19406.2 9816.89 0.328455 -0.41305 0.20893
16936.2 30731.2 -66878.2 0.361438 0.655841 -1.42726
18405.2 -1122.9 -3555.58 0.53627 -0.0327178 -0.1037
19889.4 15703.1 17871.3 0.423366 0.33427 0.380414
20060.4 -14669 -16361.8 0.430231 -0.314602 -0.350946
22101.1 -24954.5 13059.9 0.470448 -0.531173 0.277991
26301.6 -15896.2 29353.8 0.56067 -0.338903 0.625842
27320.9 158209 165756 0.581403 3.36699 3.5276
27928.6 -10666.4 -4649.3 0.594853 -0.22718 -0.0990279
29768.2 15192.3 -22829.9 0.633843 0.323485 -0.486152
30083 9566.84 21757.1 0.640126 0.203571 0.462995
34865.5 -40554.3 71648.7 0.743214 -0.864482 1.52731
37245.8 4408.38 -15120.2 0.792654 0.0938194 -0.321821
40141.7 -75209.9 -78343.9 0.855055 -1.60204 -1.6688
42197 24675.6 -76150.3 0.898064 0.52517 -1.62067
43244.3 -9131.22 -13106.1 0.920133 -0.194306 -0.278875
45554.3 39966.4 -18503.2 0.969933 0.850957 -0.393959
48242 -78742.5 -41931.2 1.02653 -1.6755 -0.892217
49890.3 -15039.4 10759.3 1.06154 -0.319993 0.228934
51029.4 -22550 8219.16 1.11086 -0.490886 0.178912
57712.9 32843.8 44295.5 1.23013 0.700056 0.944151
64396.5 -24180.4 -5641.6 1.37316 -0.515611 -0.120315
72612.8 -56702 -52796.6 1.5457 -1.20701 -1.12386
79763.3 3703.44 -90655.9 1.69788 0.0788428 -1.92986
84648.1 -16968.8 187248 1.80804 -0.362395 3.99944
106661 134907 57004.2 2.32096 2.93561 1.24043
150500 -345721 -223622 3.20286 -7.35747 -4.75901
