-16.6513 8.84767 -1.88637 7.95012 -251.485 58.689
-15.4093 8.62313 3.97943 -44.1126 -246.594 17.6336
-13.4738 -2.57187 0.217331 66.4147 -195.505 -9.85208
-12.8254 -2.2333 2.52181 90.7713 -221.952 0.326843
-13.5682 -0.079496 -1.79879 14.8406 -216.217 -8.99584
-13.3203 0.55348 -1.52507 35.3514 -233.078 -20.4699
-13.6702 1.30502 -4.6742 -1.82003 -209.293 -23.2431
-13.7909 -14.3264 3.82113 -27.6782 -106.648 24.1645
-14.164 3.69631 9.25994 -66.0291 -162.072 49.6697
-12.965 -1.84 -4.1628 44.8854 -194.222 -19.8976
-14.5795 12.1118 -3.21788 -129.933 -39.6343 -18.3475
-12.1462 -4.40055 8.17334 105.496 -186.343 6.34124
-12.0456 -4.13798 6.66263 111.014 -190.649 49.0463
-12.5655 -5.08005 -14.5688 50.2381 -290.795 -106.887
-12.0519 -4.95657 4.4925 94.8784 -179.115 36.4939
-13.1709 2.36283 -2.13833 -16.9985 -203.435 -1.0432
-12.3353 -0.164374 1.16214 48.9088 -218.549 10.0295
-11.1 -6.9201 -5.70527 160.177 -162.211 -24.5451
-10.9878 -5.16918 -1.68126 163.902 -193.414 14.0634
-11.3867 -2.38388 2.0845 108.253 -215.511 10.4142
-10.9448 -10.115 4.14329 149.131 -154.715 21.6111
-11.9291 3.33085 -26.3079 48.1328 -190.707 7.5781
-13.0746 4.50012 5.18911 -72.9076 -190.215 21.3081
-12.3932 2.14313 5.99583 -5.75796 -204.629 22.1596
-10.0425 -3.8228 -1.38534 223.896 -126.222 7.43938
-10.9328 -6.78454 -1.59266 131.035 -160.077 -11.655
-10.8228 -2.5322 1.69791 139.174 -204.432 10.9024
-11.2109 0.34798 -3.32286 93.3571 -232.495 -8.20077
-10.8096 -7.52763 -5.883 125.7 -159.92 -33.6556
-9.66154 -2.89169 -4.28158 234.599 -58.6237 -80.6329
-12.3631 0.606811 1.73027 -59.4228 -267.293 -18.4379
-12.2404 10.8968 -0.0212658 -54.5625 -200.37 7.66204
-9.70855 -5.42235 1.05567 188.325 -146.914 5.74017
-9.60852 -2.37347 5.27466 184.804 -168.689 22.8723
-9.49016 -4.38356 -0.98374 192.714 -158.582 4.58587
-11.8044 4.50474 4.06603 -38.1333 -229.519 30.0782
-9.45199 -1.6047 -4.47831 189.752 -181.621 17.907
-10.0654 -2.01881 -2.96724 127.599 -191.098 -5.38905
-9.74521 2.0587 10.3613 152.078 -102.45 59.3922
-11.9078 6.34637 -6.99128 -74.1308 -192.29 -27.963
-9.12509 -2.75776 -0.585477 202.083 -159.231 2.54885
-9.34083 -12.0256 9.52982 178.663 -145.187 59.9669
-8.86032 -5.37101 -3.95528 226.132 -123.352 -16.2886
-10.4668 1.28765 -1.57254 62.7143 -239.48 -9.50144
-9.93485 -2.5469 -1.72276 114.342 -180.575 26.3538
-9.52856 -11.5556 -1.35921 151.531 -135.737 3.16933
-8.95864 -7.65668 -11.7346 204.923 -88.2321 208.259
-9.47937 -10.9718 7.58356 152.844 -129.645 53.6772
-10.9453 3.72392 4.62997 6.58507 -243.389 29.1672
-8.7998 -3.37281 2.9498 217.315 -141.175 25.9887
-11.7668 6.48866 3.13515 -84.3487 -198.67 9.47255
-8.24912 -2.6864 0.126356 260.515 -101.138 13.6849
-9.67438 0.880693 0.0721327 118.756 -221.661 -13.2463
-10.4885 -8.73836 0.525467 37.3452 -274.13 5.24019
-11.4984 5.7472 6.16521 -65.6869 -218.618 25.4516
-8.98043 -0.928276 1.80039 184.35 -182.67 4.51278
-8.5766 -2.06789 -5.75408 224.312 -144.677 -29.3161
-11.0446 3.16688 9.42548 -23.2994 -203.557 35.3802
-8.4496 -7.3466 -2.12717 234.373 -106.826 -17.7887
-8.9083 -7.70336 -6.08564 187.918 -128.487 -19.5054
-11.4278 6.02475 -2.66686 -65.1572 -210.858 -19.9051
-9.24582 -6.04624 4.88981 144.707 -143.139 29.4978
-8.26727 -2.3647 0.879069 239.723 -119.391 18.8468
-8.37857 -1.93922 -3.19188 228.288 -137.935 -5.30115
-9.38399 7.09367 -1.13041 126.714 -31.5332 -71.0692
-9.67126 0.248249 3.61468 98.0848 -197.168 6.68113
-11.2768 4.77463 7.59562 -63.2456 -173.47 34.1006
-8.89212 -3.64035 -6.17598 173.557 -146.474 -26.9262
-8.59228 -2.90135 -3.20279 202.861 -138.306 -16.1949
-8.93465 -2.6288 -4.81465 162.657 -152.898 -28.652
-8.50401 0.983306 2.15123 204.134 -192.417 4.64716
-8.92416 -3.25761 6.32431 160.855 -154.9 28.7871
-10.1412 11.8788 11.7449 38.4918 -174.682 60.4754
-9.23318 1.80784 4.84576 128.138 -226.419 10.7806
-10.8907 3.32439 11.6117 -38.7169 -176.682 66.8378
-8.55412 -1.40494 -0.473056 193.095 -101.013 4.75069
-8.50437 -5.1769 -2.08009 195.414 -164.395 -4.39037
-8.71141 -5.47156 -3.68984 173.923 -139.611 -8.55132
-8.954 -0.737838 5.41469 147.675 -181.675 20.0711
-10.1287 1.648 -11.0662 30.1182 -198.966 -58.8907
-7.98404 -3.94023 1.23413 241.879 -101.838 18.5336
-10.8903 -7.19274 1.10318 -52.2719 -20.5437 -105.618
-7.48098 -1.04567 -1.45591 284.328 -33.9339 -4.51821
-7.95486 -4.17015 -1.48878 236.253 -101.359 4.25252
-8.52316 -3.09944 0.558322 179.757 -146.189 7.87529
-8.99333 -11.9613 2.1127 132.385 -118.618 21.1311
-9.2426 2.08219 -1.63021 101.02 -250.954 4.40603
-8.28462 3.17833 3.27697 196.082 -124.919 20.7759
-8.11744 0.0079115 6.44669 207.981 -166.761 28.6273
-8.12551 -7.24602 -6.3837 204.385 -108.284 -22.3064
-8.23124 -8.31431 -4.69806 190.645 -113.987 -34.1542
-7.92442 -3.13539 -2.86003 215.472 -112.216 -2.86759
-8.75974 0.271562 -3.67528 130.89 -193.573 -12.9121
-7.66319 -4.51407 -0.141262 239.464 -80.825 -4.81855
-8.53243 -2.1933 4.40032 152.119 -155.329 22.411
-7.58664 -2.11495 5.98549 245.663 -92.9314 43.0945
-8.68306 2.40821 -0.191808 136.64 -230.928 -15.6384
-8.04884 -1.63541 -8.54244 197.96 -143.191 -34.4553
-7.81037 0.131087 0.608362 220.664 -151.216 8.96514
-9.16745 1.07563 1.33094 85.2712 -227.735 18.2761
-7.6004 1.41039 -1.36921 239.163 -154.763 -0.837143
-10.5771 17.0812 -8.9274 -57.8211 -430.173 63.5303
-8.28301 0.0401406 7.71473 164.78 -180.532 31.4458
-7.87943 -5.97923 2.74158 204.303 -101.366 24.6628
-10.8806 1.36584 3.32895 -94.1635 -364.161 106.595
-7.31468 -3.78663 1.15208 255.658 -62.3558 -29.2707
-7.8688 -7.04372 -7.13965 197.108 -108.841 -46.933
-7.75695 -1.35408 2.80926 208.164 -133.321 26.3442
-7.8693 -7.58455 -9.45906 196.333 -107.328 -38.5585
-8.71575 1.72569 6.60232 110.804 -193.333 -0.270186
-7.79442 2.19081 -7.664 198.175 -251.177 115.741
-7.30921 -5.97522 2.59613 244.979 -59.6588 11.9544
-7.55393 -7.31576 -0.201451 220.415 -91.2168 -4.84115
-7.11079 -6.02743 -0.66865 261.232 -57.3971 -0.692192
-7.17615 -4.2952 -7.13077 254.13 -47.8719 -34.0575
-7.36262 -4.67052 -6.70019 235.111 -80.4136 -38.5336
-7.09585 -5.2282 -0.510515 255.907 -52.8007 0.0728218
-7.91276 -2.17527 6.60816 173.308 -135.841 38.8389
-8.10727 -7.05747 8.09441 153.882 -326.464 121.318
-7.36772 -3.38824 -6.39579 227.108 -93.8231 -21.5594
-8.21908 -0.654303 -7.55337 141.282 -171.901 -46.3487
-7.76375 -6.91127 -4.41416 180.707 -102.988 -32.1644
-7.22276 0.962223 -4.02349 233.944 -130.387 -20.3941
-6.91898 -5.2246 2.78782 262.029 -24.6267 -68.2016
-7.52945 -3.94325 -1.38868 201.154 -87.8549 -49.4122
-7.78009 -6.84271 -5.16896 173.622 -110.493 -23.4184
-6.7959 -6.64173 0.874304 268.772 -26.7307 10.1081
-9.66147 3.78475 9.30388 -22.9023 -186.067 58.5722
-7.01952 -5.13088 -3.44523 238.101 -5.87876 -47.6097
-7.76879 3.8028 -2.63843 163.336 -33.2699 67.6175
-7.55029 -8.66549 3.90808 184.945 -113.8 -1.00156
-7.11606 -1.13245 -2.0256 226.74 -89.8045 4.65728
-6.84644 -3.715 7.57908 253.372 -44.6646 41.7274
-7.36802 -7.16574 4.62751 201.212 -143.237 41.2954
-6.71701 -1.72506 1.5343 265.072 37.7532 -2.83629
-8.43091 2.7405 -3.00951 93.3822 -232.63 -31.3269
-7.46784 -1.53279 -3.04965 181.78 -78.6978 -98.9898
-7.37372 -10.2092 0.130453 189.871 -99.6338 -2.66917
-6.85101 -5.38029 -1.44104 240.681 8.88204 1.42554
-6.83454 -0.974877 1.40802 241.851 -110.246 18.4187
-7.02697 -4.21879 -2.42646 221.419 -84.0965 -14.3349
-6.62902 4.60435 4.03321 259.377 -19.1297 27.7295
-6.59438 -4.80713 -0.161555 262.424 -11.3584 -8.67072
-7.50548 1.8744 -3.2489 167.485 -192.017 0.777592
-7.98463 0.701256 9.12505 118.501 -192.989 47.9753
-6.86127 -3.79796 1.66927 229.033 -74.1294 4.72565
-8.5764 3.57053 8.14893 57.3611 -240.166 42.3243
-7.69809 3.18987 -2.97221 143.655 -229.501 -30.1238
-6.6261 -4.56343 -4.79752 246.292 -48.3108 -22.1316
-7.02778 2.99927 3.27436 204.535 -194.28 7.22865
-7.22831 1.43657 5.66823 184.258 -171.311 15.9958
-6.81374 -2.32668 7.23896 221.557 -85.9309 48.3461
-8.52819 1.94017 -11.7399 48.7944 -200.402 -71.7477
-7.8807 3.86533 5.02142 106.321 -245.053 8.89289
-7.37902 -14.583 0.348318 155.927 -119.679 -10.0052
-6.41938 -2.49877 6.60595 248.928 -0.113824 26.5866
-7.13647 1.71834 2.14643 174.399 -180.118 45.2071
-6.61711 -10.5907 0.29465 224.096 -2.13514 -0.243572
-6.20352 -2.74201 9.22507 264.46 -233.92 164.75
-7.73415 -6.01497 -3.78253 110.263 -244.23 -33.9885
-7.45001 1.85796 8.99136 135.798 -204.936 47.3728
-7.85584 3.3721 3.29397 95.238 -245.312 21.8509
-6.46224 -7.0533 5.03567 233.253 -45.8237 44.7373
-6.80143 -4.57045 -5.6181 197.362 -90.5061 -18.9565
-7.77593 3.07236 6.65136 98.8123 -234.625 18.2232
-6.33458 -3.20274 9.27054 238.974 -59.8882 9.08247
-6.95567 -11.8717 3.78871 174.194 -104.522 16.4452
-6.3906 -3.1202 -1.87014 228.316 -39.1765 -7.22269
-6.21225 -7.05158 -2.94808 244.456 -28.1179 16.7556
-6.60502 -9.41477 -1.82794 204.932 -72.9242 -10.625
-7.22696 -0.119345 7.23556 141.926 67.2789 -66.9832
-6.50701 -7.06046 -4.21918 213.211 94.4728 -23.6284
-7.73679 2.02459 -4.57916 89.2883 -203.181 -21.8002
-6.44645 3.09076 2.25762 215.761 -166.946 11.2967
-6.99942 -11.075 -6.84597 159.691 -97.4704 -38.1515
-7.16821 1.71406 -0.00758412 133.172 -198.262 -0.373666
-7.58813 -4.9665 -15.1454 89.8923 -111.727 -80.4254
-6.44313 0.419088 -5.88595 203.436 -118.328 -19.0167
-7.0318 3.33493 3.51816 143.685 -233.411 16.4302
-9.49556 7.50914 -9.80849 -101.404 -171.412 -54.4263
-5.97892 -6.85074 0.675808 238.226 -28.6656 8.44422
-7.54092 2.28692 2.97984 82.7968 -207.607 1.29327
-5.79495 -8.00532 3.41326 254.819 -45.4288 46.5243
-8.37723 4.32792 -4.31934 -2.53092 -225.109 -21.3649
-6.60457 -5.49477 11.9084 173.42 -88.0804 70.2937
-5.20847 -9.65259 -3.33779 306.604 155.306 202.784
-6.37487 -7.08274 9.30676 190.708 -70.302 50.0519
-5.99626 -6.86085 0.0463342 227.288 -32.9513 -0.121646
-6.00559 -7.31117 -2.47715 225.779 -55.6758 -5.2799
-5.839 -4.87958 0.668088 241.468 -3.26457 1.90878
-7.8678 3.80242 -7.46771 37.5518 -226.227 -37.5228
-5.81471 -7.15154 1.01357 241.185 -16.8766 -8.4378
-6.26859 -6.70524 10.5196 193.048 -63.4655 45.6788
-6.53452 -12.6257 0.131718 165.621 -93.0935 8.8987
-7.91172 4.69721 -0.41985 22.1319 -242.373 10.1714
-5.60378 -4.34726 7.44493 251.143 87.7955 34.5394
-5.71126 0.753377 1.68833 238.596 5.27111 61.2565
-6.98584 3.19369 2.97576 107.89 -221.521 17.3394
-9.43071 10.6739 11.2374 -137.791 -70.9377 50.8661
-6.23188 -11.9981 2.94799 179.732 -80.5617 17.1509
-7.66035 -5.89575 2.24099 29.3166 -148.943 -120.08
-8.97253 7.90841 1.18403 -102.011 -204.436 -3.30584
-5.55541 -6.32673 6.6624 236.189 -11.2657 32.8387
-8.57536 5.10953 11.2317 -63.9842 -167.424 52.3026
-7.08785 2.46815 -5.47733 83.1023 -203.014 -42.0564
-6.24572 3.63649 -1.35173 165.451 -248.136 -119.702
-5.97187 2.62881 -1.39201 192.524 -154.622 28.1179
-5.99901 0.962832 2.98766 188.596 -137.414 -10.6899
-7.19821 3.90251 0.899814 65.4163 -240.881 4.96889
-6.22838 -1.66468 14.1093 159.847 -106.31 81.8919
-7.66047 2.76247 -13.4772 16.3076 -192.81 -77.8457
-5.27848 -6.58402 -4.08929 252.805 11.2559 -17.1995
-5.69036 2.2943 7.8374 210.111 -110.088 51.8407
-5.54533 -2.85744 -5.66607 224.451 17.816 -23.3623
-8.35906 7.24608 -0.249198 -59.1209 -245.452 8.85476
-7.66224 5.17886 -7.70108 4.80447 -242.947 -38.7124
-5.84657 -12.41 1.23017 184.553 -79.0403 12.2846
-7.78534 4.32856 7.34632 -10.7891 -201.954 49.4497
-5.41803 -8.85213 -6.63406 215.597 -39.6096 -29.698
-6.68405 2.71734 -11.7775 89.6109 -204.384 -50.0072
-5.31054 -4.46659 0.19245 224.786 107.755 -0.600627
-5.57907 -6.15416 3.35723 197.963 -127.489 17.9831
-5.11339 -4.94955 4.3388 243.592 80.7257 18.6696
-5.20511 -8.23646 7.73202 234.212 -8.87512 45.8698
-7.7277 4.96023 -0.635694 -16.8405 -230.318 5.94447
-5.56837 3.93398 -5.1144 196.485 -175.898 -35.3792
-5.83709 3.25408 -5.13714 168.939 -183.607 -15.493
-6.31951 7.90572 -6.50383 120.945 55.3575 5.98677
-5.64911 2.69703 -6.31378 184.435 -150.811 -36.9509
-5.64006 -7.93367 8.24673 184.835 -59.7638 44.7821
-7.8092 5.96129 3.70503 -32.072 -244.089 11.5238
-4.9568 -3.52855 4.79514 250.672 18.8611 35.1361
-5.24636 -6.71436 2.06613 220.968 88.3243 4.48891
-4.9832 -6.01208 -0.810457 246.383 72.133 -0.742944
-7.78673 12.5307 -1.992 -37.0395 -173.553 -27.5335
-5.50532 -9.02345 8.23058 188.703 -61.7202 48.7464
-4.8091 -6.84134 1.35872 255.124 40.4569 4.42261
-5.12327 -7.51543 6.79418 223.164 -18.6206 33.604
-9.14911 7.82204 -4.0228 -178.37 -162.328 -10.6318
-5.18628 -8.57064 -7.75538 208.743 -38.6408 -46.9306
-7.94424 6.48673 -1.99998 -65.4255 -206.279 -17.2104
-5.08205 -3.32441 -0.912444 217.522 78.7777 -8.03416
-8.63274 9.18212 -9.58669 -135.245 -119.369 -48.4713
-6.8435 0.290835 3.44174 37.6661 -230.779 -4.47387
-7.23143 5.02283 4.29136 -3.57535 -231.703 35.4283
-4.90463 -6.40213 -6.0581 223.017 -9.86679 -39.6974
-4.7488 -5.12259 -3.7744 232.047 74.5509 -22.9584
-6.24619 3.7202 -1.14641 80.8139 -167.691 97.9215
-8.54679 9.99831 -4.46562 -153.742 -149.95 -21.8848
-7.41772 6.9666 0.452198 -45.9744 -263.201 -5.28583
-6.66375 5.03988 7.50231 27.8173 -49.3236 -119.456
-4.63986 -9.46273 -3.99003 228.078 -15.1404 -11.7093
-5.08518 -4.12909 -13.3111 183.563 -39.8246 -66.6599
-4.44893 -5.59028 6.37672 234.475 72.4879 29.3436
-7.79034 7.29838 2.15093 -97.4962 -192.043 6.84627
-4.71387 -10.1772 -4.86239 206.238 -32.2319 -24.4516
-6.74023 4.53823 5.39517 4.63795 -216.309 28.6713
-4.66834 -10.9417 -0.995083 210.12 -39.1336 -16.9267
-4.09445 -9.86306 0.615943 265.855 26.7909 0.529708
-8.36224 11.1219 0.557618 -163.515 -163.857 4.11297
-7.61861 -1.06823 -10.6864 -90.6709 -21.624 47.9781
-4.4011 -0.0354703 -1.81688 226.567 -6.74813 -133.457
-6.01721 3.85228 -2.36423 65.4921 -223.357 -14.3652
-4.17812 -7.47934 6.15411 241.333 64.9025 28.1217
-4.29524 -3.84072 3.06486 228.511 115.954 12.7549
-4.73727 -12.0391 4.9751 183.061 -59.9286 31.8584
-3.96845 1.14619 -3.56246 259.177 -98.4657 -4.74242
-5.75128 3.90857 5.87192 81.6382 -216.085 24.2807
-6.54672 4.16853 8.47236 1.26965 -207.478 29.9232
-7.91029 9.36197 -1.869 -135.639 -180.933 -10.4784
-4.15794 -8.39559 1.72479 231.424 129.34 26.077
-4.14617 -6.65996 -6.27387 224.931 35.154 -24.7332
-3.84774 -9.83905 2.88943 253.826 37.3452 46.5149
-4.2359 -5.69882 7.27734 210.824 28.5178 35.8816
-4.58253 -13.093 4.95519 173.328 -65.4674 31.4401
-4.35523 -11.8065 5.31265 194.504 -44.8596 16.4485
-5.32529 -17.2565 3.68186 95.2837 -99.7817 20.1091
-4.06218 -7.53918 -9.74894 218.919 -0.146442 -46.9223
-6.48626 6.06977 0.0457418 -22.6122 -249.93 3.26072
-4.38668 -13.1781 1.88207 180.627 -63.1423 3.68952
-4.14483 5.99348 5.34887 203.75 -58.1598 39.7742
-4.2145 -7.75264 -9.20109 196.052 -11.946 -42.3936
-3.67003 -9.55782 -4.19703 244.957 22.1193 -24.0613
-3.92163 -18.9976 -12.754 218.88 233.188 33.6376
-3.91414 -5.47477 -6.75655 215.184 74.1859 -34.2241
-4.2383 -3.94584 -6.51068 181.518 129.069 -29.2686
-3.7852 -6.43919 6.04348 225.564 92.047 42.2014
-4.92031 4.33417 5.79128 106.661 -215.737 14.5846
-6.99321 13.4162 -7.50138 -111.239 -158.558 -46.2083
-3.70724 -5.648 -12.4694 211.766 61.7495 -67.4176
-5.14948 5.3226 -4.01239 65.2596 -206.415 -20.0919
-3.50803 -7.13575 1.1453 224.092 74.1415 -1.67494
-3.6495 -12.7214 3.78432 203.789 -36.9322 24.6383
-6.09808 6.86823 1.67595 -39.4688 -274.325 0.745349
-5.00292 7.97129 -10.2821 65.8413 -226.313 -45.6506
-4.96942 5.69978 -2.59041 64.0698 -277.18 -102.168
-4.92824 5.8056 1.2216 67.6802 -263.052 7.44233
-6.90196 9.10034 -2.96029 -129.428 -201.345 -9.56189
-5.9734 5.98121 5.82541 -37.678 -235.343 23.2439
-3.70721 -10.9422 8.64644 187.353 -38.2854 45.1032
-5.78261 5.82201 1.75162 -19.4378 -239.457 11.9256
-3.45228 -6.93778 7.39061 208.026 49.8339 40.9378
-5.05697 6.25181 0.251574 45.3216 -272.203 -2.67452
-3.19982 -9.15125 -6.80698 226.964 45.1117 -32.0073
-4.13199 6.93221 -9.15782 134.073 -239.002 10.4766
-5.14409 4.79557 -7.76225 32.291 -224.474 -28.4726
-3.29307 -6.61263 0.446433 211.962 153.594 14.772
-5.76286 6.62632 5.72885 -36.9697 -246.563 22.3758
-3.54349 -8.28576 1.67275 177.472 115.401 37.9487
-4.87184 -9.5659 -16.7961 43.6886 -75.4208 -83.0705
-3.4163 -0.63951 2.4965 187.965 137.04 -27.32
-3.76789 -16.2812 3.35067 152.528 -85.6723 -33.9123
-2.76646 2.03273 -2.35237 242.588 95.8603 5.30065
-3.07051 -6.63511 -6.40332 210.609 114.475 -38.2118
-6.656 10.3586 12.368 -146.362 -66.7316 59.9117
-4.24883 5.6517 -3.30942 89.5918 -251.853 -19.575
-6.47782 9.34343 -4.22415 -133.242 -156.518 -36.7876
-3.03097 -11.8429 5.89061 205.11 -25.4117 33.4119
-3.13472 -6.0387 -8.05081 194.688 109.399 -40.9168
-6.18179 1.65008 -10.3792 -110.292 -254.501 -62.0863
-2.80348 -10.4749 -5.39684 224.015 20.4986 -36.4834
-5.39947 5.96777 10.0623 -34.6371 -232.201 45.1606
-5.39414 5.478 -8.26225 -34.1251 -215.956 -48.7962
-6.06481 5.70416 -3.69788 -105.576 -205.456 -19.3935
-2.79054 -8.42715 6.72321 209.919 44.8411 31.5818
-4.27356 5.72677 0.933378 61.8657 -242.636 49.3286
-2.54559 -8.213 5.55654 232.755 137.244 12.7711
-4.21926 5.57574 -9.21488 65.1762 -244.854 -46.4182
-3.77261 4.81671 -3.65968 108.444 -205.8 -33.6436
-2.5898 -8.9363 7.13038 224.478 62.8714 29.3054
-4.56316 5.1214 -3.93965 16.7832 -202.377 78.9383
-2.62842 -11.8393 4.03637 206.875 36.3729 23.3
-5.23033 7.36842 7.04132 -53.6587 -223.439 28.7525
-2.88938 -8.46669 2.31728 176.918 118.17 -86.3106
-2.39667 -22.883 -6.9897 224.617 109.277 -14.8914
-2.65993 -6.56982 -1.32641 196.943 138.827 4.63971
-2.89603 -18.4258 -6.15623 173.389 -15.0258 -36.8482
-2.60558 -8.93543 -7.46649 198.337 34.213 -35.8061
-4.19345 5.2498 -8.62446 39.7559 -233.006 -32.4129
-2.14875 -9.55244 -1.20113 242.672 83.1325 -4.46958
-2.83222 -13.815 9.17964 173.594 -54.6926 47.803
-5.83702 1.2814 8.05394 -126.678 -506.862 72.1355
-2.69476 -5.8844 -2.10743 172.577 159.124 -18.0566
-5.11482 0.719786 11.3498 -68.1977 -38.3538 -66.9905
-2.71493 -15.5057 -1.8668 168.91 -51.5104 -17.1653
-4.53081 6.59083 -5.94315 -11.9015 -263.709 -27.4261
-2.50457 -6.47402 -8.95608 189.172 107.377 -58.8946
-6.15297 10.5739 4.95105 -174.487 -146.82 32.0638
-5.13123 7.30596 0.813613 -74.1508 -232.031 9.85609
-5.63553 8.31277 -7.36951 -124.839 -153.504 -52.3864
-2.68372 -6.55 2.62492 165.156 209.974 6.56351
-2.7939 -6.72357 -4.86309 153.785 139.351 -7.46363
-5.16221 6.09145 -0.644029 -83.0443 -107.715 -154.834
-2.67231 -13.8683 3.26677 160.982 -52.8161 -73.8224
-2.29152 -10.9831 -9.87143 195.229 -5.08794 -52.3165
-2.67141 -9.8944 16.2347 153.959 126.246 75.318
-3.37045 8.25772 7.19961 80.1293 67.4216 1.66696
-2.10254 -7.397 4.08135 204.973 138.793 32.7897
-2.05235 -8.10048 4.14132 207.387 179.708 12.9308
-1.88084 -5.3416 -5.63464 224.414 165.572 -100.839
-2.0858 -6.7361 6.90594 203.863 195.119 59.9215
-1.58097 -8.75528 -4.33844 250.599 544.219 -113.481
-3.22735 10.6915 3.50625 82.8743 -169.866 25.3822
-2.01868 -7.52129 2.28173 202.636 135.882 23.3645
-2.11626 -6.70385 -9.68423 191.797 131.622 -38.8655
-2.36881 -7.32692 3.79061 162.124 34.4962 -162.032
-2.65724 -5.25112 -4.43397 132.281 503.436 -161.915
-1.59052 -10.9477 1.57429 234.972 424.321 -29.2468
-5.40964 4.84634 4.51203 -146.518 -394.083 110.643
-1.80632 -8.91598 -0.0469807 207.618 166.784 -30.7557
-4.78343 6.27035 5.80279 -90.5786 -226.584 48.6166
-2.22548 -14.1882 8.14527 163.11 -49.8228 48.1106
-2.02167 -10.3513 7.9467 181.231 142.943 42.3202
-3.60912 0.202937 0.448253 17.4385 -332.094 3.85999
-4.63276 6.99427 2.21304 -84.701 -207.536 6.90931
-4.44701 12.4463 -1.41322 -67.5327 83.6183 -26.5443
-2.98044 0.789488 -2.82716 76.8344 -270.673 -38.3349
-3.07525 -7.81441 -2.79561 55.2834 -2.54819 159.946
-1.66199 -15.0244 0.939568 195.258 -34.3814 7.56676
-4.86492 14.0357 -0.414473 -123.361 -18.3416 -91.1412
-4.53884 13.508 -6.74341 -94.2395 -138.399 -26.4293
-1.52216 -13.6691 -4.43994 204.372 -25.6244 -20.0445
-2.08041 -9.09736 14.5583 147.188 -13.5332 77.1374
-1.45674 -12.8696 -1.56514 208.405 -7.92019 -10.0558
-1.82426 -18.4397 14.1769 170.904 650.314 -490.162
-4.71582 8.81073 -4.16898 -118.856 -329.409 133.89
-4.61732 7.94173 1.73337 -109.605 -230.009 9.27827
-2.23174 9.93256 -2.07359 123.477 57.7566 -56.1272
-1.40371 -13.228 -4.48975 205.255 -10.6934 -25.0963
-2.27008 -7.43347 -3.70774 112.16 267.888 39.0239
-3.92645 6.40784 -5.79358 -59.3007 -219.021 -45.3446
-1.25367 -9.41066 -8.40817 203.202 42.7236 -42.8009
-2.07885 -2.27147 -3.32644 117.986 212.59 -17.6292
-4.4013 8.13273 3.07221 -114.816 -201.77 21.4221
-1.02114 -1.77333 -1.53776 220.614 27.5344 66.2811
-4.72047 9.73257 -2.98049 -147.719 -202.746 -33.9176
-3.10111 6.9788 2.17774 12.2051 -277.845 22.5518
-1.04803 -10.7167 2.75033 211.937 27.1455 16.917
-0.936018 -9.70958 4.27602 219.325 114.638 26.759
-4.46016 8.82172 -1.98838 -133.758 -222.124 -11.2355
-1.02985 -14.2261 3.9939 204.371 38.3581 16.0728
-4.96538 10.2287 -0.529727 -189.036 -472.926 204.13
-3.21695 6.29061 3.7333 -19.1209 -243.211 25.1213
-3.67185 7.66654 -3.99645 -65.8103 -262.998 -39.1839
-1.19267 -6.98676 5.7052 175.469 148.517 22.3931
-0.929506 -8.37586 0.0256055 198.37 107.326 -5.31587
-3.8167 4.83829 5.52345 -88.7065 -205.673 -21.2823
-3.24169 6.56173 1.18926 -32.1086 -237.701 15.8635
-3.29652 7.36729 -4.19113 -48.059 -266.216 -30.3593
-4.3176 13.5608 -1.6309 -152.551 -131.204 1.41709
-0.56454 -9.87698 -5.59691 218.915 34.8504 -160.534
-4.51465 12.1198 4.63387 -179.106 -79.1171 23.0882
-2.89936 7.30478 -2.66386 -23.0873 -276.836 -21.7361
-1.02442 -9.00886 4.42006 161.261 207.307 -4.46799
-2.10492 6.01155 9.04811 53.3099 -240.907 59.2104
-0.823386 -15.0754 0.045353 177.647 -49.3168 -5.33488
-0.514286 -9.3737 4.5431 207.756 150.824 22.6494
-2.58616 6.85888 3.96513 -1.55388 -270.8 23.7277
-0.329951 4.51531 0.732997 221.123 60.5169 -28.5606
-0.635605 -6.03457 1.41008 188.994 170.017 6.27851
-0.518025 -9.0314 -1.57656 199.722 150.077 -11.8586
-0.327957 -10.9233 -6.17334 213.173 -25.7267 72.8206
-0.487545 -18.018 -2.31864 197.137 212.246 -32.4339
-4.08478 4.44166 -1.26468 -162.891 -303.147 -54.8832
-1.2133 -9.99297 2.54396 120.871 213.81 16.3964
-1.05041 -12.5681 -3.25923 136.324 132.062 66.1896
-0.77501 -16.4446 6.06518 162.273 -57.916 33.5579
-4.23301 12.9578 -2.57485 -183.155 -79.7958 -14.0901
0.187249 -16.8502 2.45678 253.987 92.9737 70.5456
-0.888562 -7.20695 -2.68999 141.994 217.682 -2.28768
0.577863 -8.57709 -2.12857 284.006 83.9101 -8.84249
-3.17455 7.00739 6.39518 -93.22 -206.424 32.8019
-3.40351 7.80887 3.46405 -116.119 -197.887 16.9725
-2.38364 6.73562 -5.12704 -15.0038 -260.142 -20.1305
-0.386316 5.15949 0.744556 181.626 -19.9373 -107.917
-2.8297 6.30991 2.14543 -62.9783 -241.944 16.9126
-3.50046 7.61888 0.834007 -134.329 -273.817 -100.553
0.213397 -6.26098 12.4978 234.48 140.164 162.57
-0.88884 -6.73369 -2.0848 117.259 185.779 68.6121
-3.91284 10.6651 0.349278 -185.478 -137.553 17.7271
-0.000960893 -9.57425 3.40292 202.226 160.274 20.342
-0.0763083 -10.6382 4.76498 194.355 67.6635 22.7602
-0.0223334 -8.73584 3.93968 191.7 112.224 30.7525
-0.987482 -8.84978 16.9154 95.1391 -30.0081 83.5811
0.160155 -9.42132 4.89101 202.112 173.079 17.774
-0.0159415 -3.36467 -2.38887 177.847 166.57 -12.5688
-1.10968 -6.96528 3.3007 62.214 -100.806 -68.7573
-3.29577 9.3209 4.5681 -158.217 -211.362 24.9953
-0.251131 -6.52798 0.604835 141.021 149.421 -99.872
-0.590593 -14.2146 -2.70953 104.358 71.0733 21.3571
-3.64702 11.7636 -6.47565 -202.935 -106.664 -34.309
0.57873 -10.3989 -6.09262 211.829 117.616 -20.0214
-3.42119 11.9829 -5.47244 -188.805 -93.753 -29.073
-2.7388 5.71679 -0.533691 -127.921 -281.181 -21.0317
-0.184308 -10.2566 -3.60769 125.116 200.89 -20.1738
-2.00733 6.42382 1.83164 -57.037 -230.841 14.982
-2.77003 8.53095 -1.67772 -133.649 -220.281 -120.609
-0.056843 -7.82135 1.88553 134.124 249.728 4.79875
-2.6716 8.03636 -2.15013 -127.113 -190.896 -28.1274
-1.23109 6.07064 0.694765 12.2772 -240.256 17.9509
-1.94571 7.69582 1.22901 -59.1175 -277.061 -13.1278
-1.93096 11.2397 5.56652 -61.304 -94.5845 129.632
0.633056 -9.56252 -6.95759 189.161 103.113 -25.7292
0.524015 -8.44212 8.29761 177.233 148.668 36.3178
0.752562 -12.4154 -1.23661 199.699 34.493 -7.47574
-2.25097 7.99331 6.71647 -102.71 -238.533 24.6502
-2.53756 14.0606 3.67917 -131.961 -110.052 44.4943
-1.67278 6.57236 2.08608 -49.9961 -233.075 -5.65227
-2.84915 14.4619 -7.83257 -169.599 7.64134 -41.3514
-1.95358 -4.22578 11.1578 -85.6925 -170.313 -23.2451
0.758298 -8.84168 -0.942695 183.116 151.756 -11.475
1.11545 -8.52187 -5.14254 214.835 65.8172 -27.7657
-1.84025 7.51842 2.53502 -82.5467 -253.838 7.6642
-1.12108 6.57053 -0.476871 -13.28 -255.801 -9.83343
-2.60238 9.50106 -8.63296 -170.882 -94.0941 -45.2911
-1.38073 7.17209 2.8908 -55.7598 -237.256 20.5767
-2.34699 8.58417 -3.6891 -155.881 -158.556 -12.4872
-2.6666 10.0728 6.14884 -191.135 -165.219 27.169
1.05644 -4.47379 -11.4323 177.891 111.534 -17.3029
-0.51459 2.73961 -1.77694 21.8102 -251.579 -2.62071
1.10446 -9.01212 -0.397965 176.989 194.488 -11.2355
0.615458 -9.47649 -3.73296 124.76 125.992 -76.8714
1.37554 -15.6124 4.86559 197.692 40.7514 -47.7698
-0.122408 -6.5407 5.14621 43.0391 245.981 18.8637
-0.86281 6.31732 6.99729 -32.57 -242.777 28.1313
0.914024 -25.8048 -3.8895 142.003 414.982 17.1888
-2.62945 11.0396 2.51244 -211.278 -122.738 11.9423
-2.3051 10.7581 -8.84979 -179.906 -97.2059 -46.4622
0.712114 -7.38786 3.5064 118.709 227.105 2.9652
1.48282 -10.6212 6.49768 193.566 137.977 36.0648
1.02258 -7.48278 -7.64635 143.822 156.312 -46.8345
-1.66808 5.65005 -6.04442 -126.023 -185.682 -29.6392
0.773703 -21.8764 5.78781 114.386 446.405 -48.5794
1.26998 -8.31419 3.84025 155.993 216.972 31.5931
0.712258 -5.70719 -12.0461 96.7931 163.157 -68.7641
-1.9393 8.98815 7.9466 -166.772 -175.068 28.5674
0.4383 -7.09722 -1.50709 67.1747 243.4 -132.754
-2.10689 10.2026 1.04134 -190.819 -176.214 18.5695
0.0911487 0.726097 -0.110189 23.7859 229.044 6.48132
2.13383 -12.7146 0.673542 225.33 91.9399 7.98671
1.843 -4.43747 -11.5239 193.529 43.4803 -59.2478
-0.927815 6.57794 -2.68261 -83.3931 -214.165 -13.9843
-1.77072 10.4239 -10.4991 -169.47 -64.3401 -44.6462
1.49265 -8.1057 4.98337 153.129 155.047 11.9098
0.357271 -6.67004 -0.736376 35.4794 256.422 5.18951
1.60284 -10.8625 -0.513272 155.84 146.191 -7.56654
1.95576 -23.2712 1.63673 189.803 69.6493 10.1085
1.75875 -13.7045 -2.93918 161.144 84.8833 -22.3461
0.818101 -3.2264 -0.672552 61.4687 282.032 4.46371
0.205578 3.62475 -4.63446 -1.20301 -260.292 -5.91291
2.21132 -15.0376 9.26826 185.102 188.647 -46.305
2.12067 -16.616 -19.5089 170.507 136.921 20.0782
1.15848 -4.7137 2.54869 74.8369 169.556 170.418
-1.56831 10.3547 -3.94014 -204.742 -155.671 -16.7626
1.87021 -8.12244 -5.20454 136.05 235.79 -20.9559
-1.42758 11.3656 3.72795 -193.768 -78.6794 30.2113
-1.39665 10.7941 9.80699 -192.409 -71.3711 10.2512
-1.46967 11.8405 -2.47318 -200.28 -83.2758 -8.00596
1.78936 -7.3722 -3.52824 122.789 196.854 -26.3347
1.60424 7.98752 -1.73078 102.087 -9.18364 66.1645
-0.687808 7.89262 2.0792 -125.753 -236.626 3.76727
-0.591954 6.86717 7.3926 -117.786 -178.289 34.4043
-0.286279 10.3543 4.69676 -96.7033 -219.646 47.5381
-1.21132 9.33555 0.185618 -190.844 -145.091 -1.90592
2.20603 -9.71112 13.1279 144.517 47.7743 70.4604
-0.935584 8.60904 5.76576 -168.212 -186.358 16.806
0.91516 -0.0333443 0 4.7163 1.29404 0
2.71929 -10.1479 -2.85844 183.001 143.149 -7.9602
1.81877 -6.67297 -8.83405 90.5755 200.816 -52.1542
-0.94268 15.0598 -6.66532 -184.939 9.28889 -34.9213
-1.22607 5.21057 -6.50925 -215.65 -106.704 -39.7497
2.29485 -7.94082 -2.56969 133.547 210.784 -21.98
0.200885 9.49623 -16.5866 -83.1932 -197.772 -55.2682
2.58935 -8.58169 -0.93079 152.073 196.958 6.15887
1.01489 -6.20983 -1.41355 -8.18502 242.374 2.06277
-0.842751 10.0569 -2.40777 -194.705 -96.3245 -10.6301
1.7402 -7.7006 -1.99205 58.3454 276.557 -18.9243
-0.583514 8.31153 3.18233 -175.128 -137.306 13.7312
3.05788 -16.9789 6.08058 181.327 119.246 33.8637
1.87282 -5.95286 9.72372 63.3873 196.477 47.7876
2.77341 -8.44879 10.9882 152.728 144.968 51.2417
3.10705 -11.3112 -1.86967 185.23 117.105 -7.28831
-0.364985 7.2289 -11.0817 -162.302 -134.697 -62.5886
3.0281 -5.92845 -2.14736 174.562 193.364 6.73185
-0.758833 10.3536 -8.09315 -204.078 -80.3114 5.01533
2.72636 -9.10717 -14.1399 140.561 75.9699 -75.2042
0.057434 7.14886 8.33114 -126.658 -199.593 38.8477
-0.70651 9.7476 2.06854 -202.972 -161.638 14.2514
-0.609929 10.2923 -9.52047 -195.907 -81.6242 -84.3232
0.109139 6.82913 1.13746 -125.867 -197.016 7.16306
-0.459042 8.83729 -5.57786 -182.315 -142.789 -31.536
2.63832 -7.38515 -6.99866 124.028 190.302 -43.9945
2.77054 0.668369 5.74185 137.091 229.152 28.5879
3.20562 -14.724 -7.33525 176.367 84.9984 -57.9056
-0.478786 9.77927 -5.01294 -194.24 -123.824 -26.8097
3.3582 -10.5678 10.7136 162.728 96.2699 57.2301
3.69146 -11.5026 -1.26102 193.624 121.697 -4.07693
3.50681 -10.3742 4.2846 175.259 128.335 28.3789
0.241272 7.2383 1.79177 -150.199 -176.551 -2.73016
0.278023 6.97151 1.48835 -149.476 -176.885 14.5512
3.51678 -9.43413 -5.90078 171.25 128.484 -24.2744
3.32773 -3.84864 -13.3278 151.147 254.648 -90.214
3.881 -12.9428 -0.789333 199.252 100.801 -12.4572
2.53119 -6.95997 1.67954 63.0225 237.918 13.7326
3.9401 -13.1426 -5.81632 200.76 80.2001 -20.1442
0.243977 12.3811 11.0566 -168.894 -9.66041 55.8973
0.122248 8.76953 -10.6389 -181.845 -104.579 -58.3749
0.220245 16.8351 -1.23933 -175.81 40.7427 -5.2812
-0.0484876 8.90783 3.81976 -204.654 -139.79 18.6457
1.79907 -6.46464 -4.27822 -21.4643 253.318 -23.0163
-0.409791 7.50889 -0.568886 -241.652 -126.933 -5.93605
-0.123627 2.4106 -7.34469 -214.051 -300.465 -119.134
0.912063 7.60646 -7.03093 -112.802 -177.53 -35.3406
2.76941 -4.73614 -0.237714 69.9032 279.989 5.66216
-0.0448067 16.9975 -4.95305 -213.869 -39.1588 -1.93237
0.580393 7.03008 -5.6109 -155.447 -165.201 -17.2921
0.23851 8.82436 1.59599 -193.888 -106.378 10.0479
4.25472 -9.02912 4.62388 202.811 133.548 100.489
3.86675 -11.7769 -3.13626 151.863 167.768 -6.23049
1.41992 6.17101 5.49788 -101.617 -219.46 36.8248
3.73582 -11.9299 -9.39585 127.079 126.788 -40.1365
2.79323 -6.06305 -2.49033 29.8129 237.144 -18.9083
2.29037 -6.81904 -6.41373 -20.7923 268.837 -34.0803
2.99072 -8.545 6.42667 42.833 197.505 41.4931
2.18737 -3.95214 -10.6978 -39.9846 229.313 -50.6372
0.119603 3.2593 5.50845 -251.452 -74.4309 -3.15265
0.60307 10.6893 -3.42734 -204.124 -59.9218 -13.5372
1.21635 6.08669 -13.4498 -152.333 -137.214 -66.4566
0.567403 9.58849 1.70377 -216.934 -145.954 12.9247
3.61928 -11.2611 2.46724 79.4357 239.925 -33.1394
3.76069 -7.98557 -2.11016 88.0498 249.129 -13.8444
1.57284 4.89519 15.6282 -131.979 -102.037 79.8281
4.21354 -20.3203 -6.80829 130.02 120.876 -27.197
2.12895 -8.44518 2.3627 -77.815 78.0215 139.547
4.47005 -9.1646 -0.565015 151.338 218.085 -12.1212
3.33834 -6.55638 -4.01868 28.2439 243.55 -31.3919
4.14971 -7.09231 14.2614 108.291 143.163 67.2585
0.93673 11.6785 -4.5973 -212.643 -33.7125 -25.0766
0.907393 9.80557 -0.859599 -216.825 -72.3956 -0.0202172
1.06784 8.40291 -2.38726 -201.453 -176.674 -8.57428
1.40243 6.71919 10.1689 -170.325 -154.097 55.6047
3.86941 -7.36827 -4.16391 73.5972 255.963 -16.0081
4.28391 -7.93391 2.27895 104.914 224.08 23.0972
1.78148 6.09808 -1.55685 -143.712 -184.475 -20.102
1.11658 9.93565 -5.47906 -211.531 -88.2581 -35.0029
4.03509 -14.1349 4.70082 74.6152 236.496 26.7147
3.78652 -6.23049 -8.55935 49.8162 229.848 -36.0174
1.12857 12.8708 1.82867 -216.706 -18.0941 8.71803
3.77624 -7.24073 3.12992 36.9592 267.29 9.23615
3.32747 -21.5906 -0.92074 -9.59522 394.806 27.5219
4.63346 -4.35315 -1.35219 118.22 394.989 -149.056
5.26409 -4.76314 11.2542 178.291 144.369 49.8808
4.53648 -8.44384 0.187995 102.694 223.13 -9.55456
1.29198 9.94714 6.31996 -224.213 -48.421 31.1006
1.31388 10.4874 -4.59683 -222.99 -45.1577 -25.1524
4.45564 1.63701 -2.32808 83.3891 262.931 -14.2779
1.65644 7.51619 -1.61904 -195.783 -175.103 -11.512
1.40613 10.8692 0.844504 -221.337 -30.7091 3.62689
3.97904 -5.43884 10.2439 29.5713 199.705 44.0214
4.98105 -7.87922 -9.36514 124.318 163.39 -55.3444
5.32365 -9.35778 1.04035 154.135 172.045 15.3672
2.09005 6.23989 3.26181 -167.875 -154.811 14.0397
4.70778 -7.69908 -3.30015 88.0201 229.847 -19.7647
5.99138 0.0562189 0.551425 209.779 182.048 6.40421
3.47793 -6.05365 3.71505 -41.6621 259.296 24.4114
1.93608 7.70171 -1.03116 -202.496 -97.7662 -7.4554
4.94617 -8.36579 -0.98063 96.4823 256.99 -8.12379
1.60331 10.6284 -1.31133 -238.666 -103.715 -14.4475
6.133 -2.87573 -8.05488 210.915 252.255 -63.7279
5.8469 -11.4078 2.8297 180.949 115.641 20.6258
2.42906 4.9785 -13.2219 -166.11 -73.4782 -64.5833
5.70742 -10.5975 2.02227 157.778 187.059 33.4355
1.87184 7.83963 5.4032 -224.966 -19.1234 23.0689
2.6907 12.8988 0.0709158 -146.313 -50.917 57.7899
4.09718 -5.86261 -9.10769 -7.5207 236.835 -47.839
2.47201 6.22893 0.867707 -173.606 -180.242 29.6836
5.80782 -6.50596 -0.893185 157.288 223.644 -6.47816
2.0009 8.80392 1.08724 -221.194 -155.704 10.3233
5.24056 -3.60092 -0.945339 95.7416 222.146 -8.33417
5.41669 -7.83065 5.50527 110.732 229.856 40.7464
2.22395 7.69551 -1.55074 -210.455 -133.052 -5.91855
1.95196 -1.67877 5.01605 -241.273 17.9512 -14.1532
2.09622 9.97437 -0.293899 -227.123 -51.3267 -3.02906
6.25458 -7.52206 -5.27138 183.108 113.495 -31.6111
2.24485 8.67173 5.25318 -221.512 -104.91 19.8142
4.90289 -5.84018 6.07653 40.2214 230.221 25.4239
2.38093 7.93204 1.40492 -211.981 -83.5768 11.7048
2.66917 13.4535 -1.94349 -187.628 36.7172 -6.14085
5.7854 -7.57781 -11.5426 111.536 129.939 -65.3509
6.60015 -13.0547 -1.31164 191.183 105.777 -12.5626
3.83823 -4.87662 3.33677 -86.1575 225.071 22.8183
6.33158 -8.74519 -3.06695 153.593 206.353 5.41722
5.48693 -7.21205 4.14523 69.4885 226.775 14.1362
2.82217 -2.01638 0.0983353 -197.286 24.2506 -86.1675
2.68325 16.0178 -3.78626 -216.104 -329.08 220.906
6.33109 -9.11796 -5.0035 145.425 149.112 -16.8778
2.65828 7.71886 -2.6072 -221.48 -173.876 -14.6324
2.78414 20.3632 -1.32301 -211.437 -149.261 62.1816
6.13026 -8.33463 -6.29734 118.738 190.688 -50.285
5.05658 -5.44716 3.35435 2.97404 229.61 32.6677
6.53577 -8.0375 5.81201 149.487 -74.4175 61.2622
2.68007 8.8344 -7.03793 -237.234 -62.8665 -37.8681
5.05319 -6.65933 2.6398 -1.65434 274.831 32.0574
3.17133 12.4277 2.97892 -190.283 49.2493 18.4864
5.88266 -6.34695 -6.2978 73.6102 204.46 -28.0578
2.66865 10.3204 -0.777771 -251.467 -47.4373 -4.8498
5.98351 -7.7497 -4.03384 75.9112 248.749 -28.6923
3.3399 5.289 -9.07628 -188.388 -126.638 -48.1996
3.36252 9.31941 12.9413 -187.16 33.3838 69.7956
2.82508 13.7478 -1.48791 -243.06 51.3475 -2.61391
3.23873 9.60917 -10.7863 -202.295 10.8633 -66.2235
2.95093 8.22037 0.236609 -232.15 -94.9146 6.14387
3.32683 6.20454 0.739408 -196.872 -204.927 1.875
3.12007 8.09775 6.82221 -217.612 -46.9301 34.4169
5.76628 -2.44246 -3.13693 42.1831 283.076 -25.5521
3.69945 2.98632 -16.3011 -165.362 -32.5733 -82.8556
3.06464 11.8506 0.522308 -228.652 -2.4998 4.21928
5.87278 -10.1992 -1.22517 46.8049 234.487 -12.8182
6.1213 6.41555 -0.383172 63.2843 -14.0226 -95.3534
5.56458 -5.76526 3.80811 4.21892 243.298 35.9211
5.93337 -6.53507 2.96891 38.0567 247.775 10.5156
6.03414 -9.07945 15.5516 46.1209 280.832 -112.391
3.52716 11.98 -1.43471 -205.715 45.7059 -3.99745
6.49316 -8.02801 5.80704 81.661 450.583 -38.5867
3.38586 6.95952 1.29647 -228.403 -123.185 4.20375
3.56667 6.07842 10.672 -210.472 -95.6834 59.5545
3.56559 7.27993 -5.6809 -215.054 -23.1898 -27.818
3.46981 6.95366 -2.13289 -228.843 -127.137 -16.2296
3.65474 9.42753 -7.19502 -212.387 -11.5482 -35.6348
5.00829 3.06824 -3.19182 -79.0101 -132.768 148.279
4.91059 -4.7885 0.236828 -94.2992 234.786 9.47423
3.54904 7.03702 1.43705 -230.552 -58.1445 6.6163
6.30222 -6.20096 7.11477 39.7588 242.018 32.0086
6.15342 -6.19021 -2.74027 22.2513 250.109 -9.84166
5.29325 -7.24734 7.46039 -69.0267 153.199 100.832
5.37132 -3.83823 -4.71034 -69.1558 212.488 -22.847
4.12836 5.41423 -2.97708 -192.644 -171.51 -12.9519
4.0199 6.09635 -2.55629 -204.016 -178.074 -10.6625
5.12233 -3.33463 -3.08049 -105.636 209.33 -8.30789
4.59598 15.7248 1.67435 -166.565 67.4138 11.5148
3.86956 7.29308 -1.91809 -239.298 -60.77 -10.7075
6.75885 -5.86827 -2.56496 44.6103 215.41 -22.6797
6.03455 -5.96077 -2.96747 -31.2296 273.148 -9.78475
4.39717 14.2073 3.53158 -195.707 57.554 16.5267
4.22664 7.53284 -9.49311 -214.092 21.929 -45.3449
4.61768 0.894311 13.3094 -175.726 17.6447 67.9102
4.42522 6.40985 -2.71908 -199.924 -6.72242 -134.005
7.22067 -6.34664 -3.56073 75.231 210.79 -25.0169
4.14235 5.35819 2.63611 -231.36 8.8328 15.8082
4.05351 7.53311 1.46589 -242.187 -46.809 6.05064
4.1944 13.9125 -0.884213 -236.488 -80.6464 -29.1482
6.13356 -4.30911 6.51034 -48.6064 225.172 27.5567
8.1181 -5.80639 -8.62497 148.341 154.393 -35.7986
4.60404 3.87452 10.5682 -209.189 -80.5994 52.9812
4.34461 5.59956 1.30653 -235.697 -55.1063 -32.8871
8.23274 -11.3913 -7.48833 147.606 83.6327 -48.5512
6.39826 10.9443 3.32877 -37.8901 99.4097 -11.1354
7.05332 -6.48635 5.86826 26.5087 259.917 34.6947
4.66951 4.40139 3.4384 -215.296 -110.158 22.4852
6.04873 -3.14667 7.95153 -82.7826 206.076 38.6612
5.8421 -4.28703 0.519647 -103.851 230.322 25.8952
4.7795 10.9105 -1.99219 -218.716 38.8006 -6.57532
7.80521 -4.52896 0.184626 80.2268 231.055 -6.58527
4.78969 -3.02041 6.68133 -220.092 203.841 -16.2253
6.31697 -5.51894 -2.95343 -68.8261 270.914 -23.6846
7.9872 -7.50536 3.23287 96.8827 196.866 14.251
6.90619 -3.83299 -10.1656 -13.4107 207.833 -58.2041
4.53518 6.29248 5.82129 -251.202 -86.1251 28.2525
4.88699 4.063 -10.3777 -217.747 -21.9463 -65.2807
4.87909 10.0639 -2.22955 -221.989 34.1667 -7.74112
4.25191 6.03377 -2.25592 -284.402 -211.883 103.173
4.891 4.8711 0.585381 -226.899 -136.707 -4.83391
8.47917 -8.54181 -7.98666 128.426 131.19 -47.2412
4.75714 5.65175 -7.01282 -241.494 -118.504 -30.8449
5.07751 6.48494 5.96792 -213.812 -29.5853 32.6522
4.83913 6.21022 -3.51363 -240.515 -63.3098 22.0422
5.03203 5.8242 11.4173 -222.285 -6.8266 55.2542
5.92287 -5.04029 1.18775 -135.393 250.206 13.1145
5.0694 4.19143 -9.33549 -221.372 -62.5855 -52.8817
8.58112 -9.24663 3.53156 126.477 190.6 11.4865
5.40442 -2.60293 7.7227 -189.488 130.977 36.4351
4.93924 6.03298 3.00392 -237.662 -37.3367 17.125
4.81434 10.1136 7.39868 -251.281 -15.2708 44.2548
7.35563 -5.19309 -0.347934 -1.29544 238.611 -14.5956
5.16257 4.06102 -7.96875 -221.139 84.6079 -22.4219
5.31385 10.8128 0.606211 -207.143 38.9287 6.68183
6.04837 5.83541 -0.500974 -137.432 256.452 -5.76961
8.00751 -8.07939 -3.10596 55.177 176.687 -96.3329
4.90616 8.06028 -4.20179 -253.646 -7.70086 -35.2011
8.05917 -9.91722 -2.04662 56.9217 231.685 -19.0007
6.31825 -4.47123 -8.26449 -116.583 162.656 73.7186
7.55862 -8.40001 1.10157 6.17044 229.421 9.20813
5.14904 5.22648 0.058534 -236.04 -141.596 -7.87509
5.1228 5.07035 -4.01079 -239.471 -88.666 -22.362
6.28446 14.1031 8.78131 -126.952 101.736 44.3648
6.54629 -2.97275 -5.17447 -103.71 164.185 116.063
5.07738 -3.03515 -3.15113 -250.506 97.6544 30.0297
6.09077 -2.23999 -5.79939 -150.256 171.804 -34.0599
5.0403 6.38412 2.12381 -257.703 -74.7261 10.045
5.94676 11.4513 17.9474 -170.984 165.368 89.1033
8.09076 -9.47837 -3.82574 33.3657 200.805 -15.7669
5.38683 4.37041 -2.89041 -235.701 -67.0938 -19.9746
5.76982 8.61785 4.65424 -200.326 59.4434 23.2014
5.30107 8.04939 5.7225 -252.445 -32.0023 29.72
5.33178 4.1712 -2.99206 -251.647 -47.4153 -15.3101
9.08468 -9.0063 12.3764 118.477 78.1667 69.4412
5.57299 6.00748 0.862677 -231.828 -37.2182 4.21423
5.7382 4.13881 6.71354 -215.799 37.3608 33.7618
5.51418 -0.705158 8.88488 -238.581 84.8614 11.5557
9.45671 -13.834 6.31463 151.518 43.5744 10.0347
5.89648 2.48021 4.17884 -202.23 237.434 78.4917
5.4526 13.8102 -7.4522 -247.615 -272.287 55.5839
5.446 7.33173 1.81235 -249.695 158.547 -24.9203
5.83923 5.08384 5.34444 -218.351 28.4666 35.9649
5.66701 5.529 -0.368509 -235.842 9.51301 2.12154
5.47293 5.43906 5.87628 -259.273 -46.7331 32.0801
6.19779 -2.10835 5.22771 -188.185 49.6187 49.856
8.23467 -4.2258 2.20234 13.3808 218.882 15.324
6.66052 -5.89135 -3.46257 -145.322 198.759 -54.3322
5.73216 5.09734 3.41264 -237.603 7.10662 15.5399
7.57003 -4.98844 0.736368 -56.4826 268.79 -3.34139
6.83152 -4.34199 4.86442 -130.351 157.533 46.9597
7.02584 -1.02979 13.3617 -111.063 172.057 79.136
7.4591 -2.88736 -5.04212 -69.2936 218.829 -18.5502
5.49436 4.88356 -1.63044 -264.961 -85.9521 -9.03482
5.99362 1.21531 -7.21477 -216.136 51.3079 -38.5612
8.97507 -2.47285 5.44016 79.4138 314.148 115.081
6.11325 -1.93458 -3.60063 -205.612 127.62 -25.0139
5.92989 6.85608 5.1192 -224.289 17.0825 30.2479
5.93944 2.23228 8.01936 -223.385 28.0988 40.462
5.96249 5.458 -3.93178 -222.097 44.6463 -21.1245
8.72755 -5.53509 5.75975 51.7181 225.137 25.3708
6.26225 4.24412 4.78806 -194.518 135.261 7.98453
6.08124 5.7601 -11.5769 -213.218 42.5345 -61.339
7.45131 -2.09554 -8.15472 -78.6276 256.77 -132.076
6.33245 6.71389 11.8419 -189.977 75.1933 59.7844
8.9312 9.90942 1.35104 61.6857 55.2094 -35.7455
5.97102 2.59469 0.732267 -239.142 21.0838 -22.6954
6.19485 3.71797 -0.380849 -219.57 -119.94 0.960063
6.28346 8.79096 -0.904074 -211.48 58.1175 -6.33129
8.08384 -3.37169 -1.25099 -34.9629 219.07 -11.8389
5.95883 0.967181 -3.86007 -247.044 -69.5963 -12.1301
7.37544 -2.19007 1.96435 -107.663 240.917 23.1585
8.06932 8.30488 8.18111 -39.8094 358.719 85.9297
6.62513 -1.72467 4.98831 -187.931 158.306 47.6566
6.29306 1.60558 -1.76575 -223.081 85.9257 5.92872
6.71673 5.11413 4.89542 -181.54 4.02132 -77.3759
9.47746 -7.37748 1.63145 92.5649 182.275 26.7189
9.79198 -8.90019 2.04383 123.284 203.337 1.54104
6.08296 2.81145 0.742485 -246.146 -57.6784 5.5605
6.1373 11.4266 -7.1518 -242.221 -62.7972 -22.0682
5.96825 4.53948 -2.67603 -262.021 -52.7476 -11.9614
6.59952 -1.59839 0.669431 -201.578 147.678 9.12508
6.16602 7.05934 5.89921 -245.797 27.8636 22.6839
6.16111 2.43417 3.76274 -246.517 -7.41605 17.2589
6.36956 0.326821 5.80733 -237.036 50.8935 28.421
6.78657 -2.90847 0.269391 -198.067 187.996 -0.830777
6.02933 4.28775 4.98283 -274.824 1.78802 29.0241
6.32327 4.65087 -4.64616 -246.814 3.95965 -19.7057
7.0521 0.112525 -1.83946 -184.95 136.232 48.6126
8.6664 0.61503 5.30879 -26.7808 230.297 -31.5997
8.4633 -4.40354 -2.88208 -47.1649 257.266 -21.6369
7.5412 -2.3411 -7.77531 -138.901 207.123 -50.3363
6.34597 5.3679 1.8828 -257.801 6.82525 7.47683
6.54224 -0.745682 0.342182 -238.495 78.5564 12.3249
6.28524 6.47046 3.90066 -264.799 12.063 24.6104
6.5042 3.41164 -1.62632 -243.233 32.1232 -10.279
7.24218 11.7486 -3.0703 -171.415 -70.782 -46.5276
6.78702 5.12264 0.760241 -218.731 72.6633 2.5009
6.78169 6.36929 2.90246 -220.263 68.1386 17.7511
7.4248 -2.97078 5.43964 -157.765 216.017 45.5812
6.73672 1.22255 -4.45853 -227.635 74.567 -37.5454
7.15944 6.17979 6.54235 -187.083 90.1291 21.2788
7.33368 6.83615 -8.9268 -169.797 86.9778 -45.2814
7.25277 0.136984 1.2882 -180.795 148.916 -5.55271
7.6039 -3.41624 -0.0252555 -150.208 232.15 -27.3465
6.6034 4.45518 -2.55431 -251.15 2.53722 -8.83763
6.81658 0.622999 5.21238 -230.519 104.273 -1.66885
7.03067 10.1891 4.76126 -209.658 86.5342 27.2285
6.91012 9.30558 2.86282 -222.392 83.657 17.5773
6.5096 15.0817 2.91245 -264.749 -80.1964 -29.6036
7.29794 -2.90855 4.59152 -187.894 -65.1499 -11.2723
10.4489 0.887924 0.0801207 123.94 132.143 -14.5756
9.15656 -5.00272 -0.299879 -5.02691 242.765 -2.74593
6.8316 1.03431 2.74294 -236.613 78.24 41.9562
7.06149 8.08566 -2.98704 -214.754 24.338 -15.727
7.19684 7.67528 5.5865 -206.081 83.8968 27.432
9.0318 -2.61559 7.19087 -30.1827 222.976 30.943
7.92775 -0.512993 0.612346 -145.066 185.022 -1.11508
7.86305 3.46379 9.40761 -152.235 127.533 45.2474
7.69936 -1.74171 -5.98389 -170.873 194.321 -12.1845
8.15696 -0.670909 7.97397 -125.722 194.509 56.1113
7.18065 -1.46355 0.593353 -223.53 -28.6926 -38.6621
7.0701 -1.666 0.525564 -235.582 137.884 1.00411
7.23051 -0.141965 4.52579 -221.03 128.881 12.2504
7.04402 2.8196 -5.96301 -240.404 64.988 -32.276
6.77716 6.28121 1.71897 -268.077 10.6714 13.4552
7.4686 6.17864 -3.19913 -202.012 91.793 -15.649
7.13105 4.59088 6.5788 -237.201 73.6142 32.3739
6.89735 -0.171831 4.2831 -262.866 40.4064 25.339
8.81458 -0.826871 -12.3797 -72.9796 192.834 -58.8084
7.4559 7.10093 -0.0918705 -208.286 11.0647 47.4486
9.99368 -0.712237 4.15927 42.9894 248.588 25.0818
7.00592 3.31919 2.3447 -255.527 36.1594 11.0892
8.20175 6.10689 -9.49492 -138.984 129.637 -47.8203
9.46816 -13.8373 -8.00328 -13.5662 448.36 78.396
8.68338 3.61802 12.619 -92.6013 138.282 63.7245
7.38652 10.3255 0.651276 -224.214 94.729 -1.79266
7.97433 0.778875 -3.72101 -166.44 160.263 1.33593
8.02918 -1.18469 -6.48372 -161.057 198.228 -38.0642
11.1827 -10.207 -2.78663 147.173 153.805 -26.1183
7.39247 -0.225286 4.79595 -230.682 125.249 27.8085
7.13199 7.18899 1.44523 -258.897 56.3651 6.44005
7.57348 1.6574 3.13266 -215.818 119.135 14.7684
7.59137 2.61427 1.23441 -216.444 105.749 15.2365
10.4068 -5.52958 -9.19286 62.5104 194.549 -55.9661
8.74789 2.84443 -12.795 -102.582 147.33 -82.1665
9.79222 -3.57188 3.45037 -1.47375 222.816 11.6176
7.90751 -1.53277 -5.3865 -190.993 193.957 -29.9662
7.12522 0.734686 -0.99894 -270.308 -16.5158 -39.0313
8.01622 2.50271 -8.56247 -182.797 140.419 -47.888
7.85615 8.69967 -3.57917 -206.021 108.978 -32.1338
8.42566 -1.72819 -2.51564 -149.809 223.809 0.518433
8.14995 2.75561 5.19713 -180.933 134.941 28.1514
7.83686 5.42872 3.54385 -213.011 104.682 28.0949
7.67496 0.207912 -0.133437 -233.103 129.305 2.44943
9.87708 -11.194 -2.11107 -15.2851 84.0272 -59.1878
7.65228 8.38395 -4.97699 -236.896 81.4437 -22.6247
7.76843 3.87777 1.53655 -227.052 38.0499 22.4943
7.69356 -1.05059 1.466 -236.686 144.247 9.25051
7.6416 2.55364 4.43044 -244.639 87.0649 7.06092
8.77595 4.12493 10.9665 -132.244 261.685 35.5608
7.77501 2.28666 1.78579 -233.227 109.845 -7.25287
7.5929 1.48229 5.35744 -252.86 83.6174 11.3957
7.92043 2.91389 2.40587 -222.73 116.27 7.76177
9.96903 -1.98695 7.77081 -20.2015 201.112 34.0713
8.22914 3.18868 -8.08888 -193.418 126.508 -36.5212
9.43137 -0.963768 -2.51238 -77.9944 205.767 -7.61145
11.1347 -6.58692 3.59937 88.9782 196.867 20.933
8.11527 7.73208 -2.84672 -212.276 103.188 -13.7855
7.65676 3.39536 -1.68149 -258.368 71.8069 -10.3291
8.2917 8.14647 -5.73826 -195.679 114.151 -20.3223
11.3012 -2.40865 1.59698 101.798 289.146 -64.4362
8.27734 0.211442 7.9584 -198.874 160.938 46.8321
10.931 -4.91108 8.66651 64.3136 175.18 36.9414
8.58093 4.05373 5.71074 -169.425 136.601 30.7413
9.12836 -4.46658 -5.63029 -115.128 93.2454 67.4473
8.22468 0.958748 3.80941 -205.868 148.994 12.8706
8.0231 -0.44639 -0.0565075 -226.531 153.14 -7.58696
7.95326 0.146028 1.95591 -236.338 189.677 4.56524
8.5527 5.7073 -1.91651 -177.164 125.422 -11.0712
8.53814 6.82652 -5.06406 -182.682 122.271 -30.0861
8.21681 7.52871 0.376495 -215.432 130.375 -0.430139
8.50207 6.23956 3.66303 -190.066 122.011 14.7625
9.9306 -2.64517 0.270691 -48.4077 231.834 -7.36056
10.4146 -3.67037 9.41902 -4.81001 181.516 85.7147
8.58833 7.03675 -9.57365 -186.414 119.553 -41.3276
8.00422 0.922421 -0.352386 -247.824 84.3776 -58.0448
8.32851 1.33847 7.65421 -216.381 84.967 36.4147
9.88733 -0.0507675 8.69901 -62.394 188.416 49.6083
10.0396 -3.20531 0.0357333 -55.7488 248.427 -9.26626
9.42702 12.7546 0.385197 -119.572 130.335 -0.973427
10.5704 -22.4367 -7.70405 -7.29621 391.471 1.82117
8.08994 0.83926 0.969331 -258.185 112.601 15.4091
10.4777 -2.83942 -6.16764 -24.5172 227.497 -37.6524
10.2433 -2.21708 -1.65314 -48.0852 270.359 66.2524
8.52311 4.60687 -2.70859 -222.32 107.587 -3.95061
8.46281 1.43477 -1.02532 -229.312 140.03 46.981
10.8332 -5.87957 1.02975 5.72903 159.975 103.781
10.3355 -6.98707 -6.7508 -46.7498 203.793 -33.0858
10.157 -2.22946 0.981608 -65.8399 244.889 13.2143
10.1432 1.28422 -9.48494 -69.0277 166.578 -66.312
8.36914 3.36283 1.66664 -245.833 -3.53807 43.2368
10.0192 -2.52628 -3.05982 -85.2865 218.726 -5.50819
8.51414 3.52382 -3.01058 -235.078 125.332 -20.4232
10.4828 -2.10811 -5.56564 -43.4337 229.355 -37.2511
9.24397 2.59499 5.08418 -171.837 158.625 31.4884
9.43834 2.66973 1.16613 -156.15 178.144 10.6033
8.90274 4.25748 -1.065 -210.268 141.501 0.121638
9.87469 1.96061 4.17536 -114.032 181.849 22.117
9.54841 2.49096 1.58485 -150.741 176.187 2.35391
8.82206 1.46521 1.59179 -223.068 87.4487 -28.3443
8.94103 7.40193 1.03859 -211.622 245.339 3.13443
8.9578 2.42806 -5.78646 -210.29 151.407 -28.2472
9.99755 1.76525 -2.94723 -110.683 185.475 0.788781
8.64454 12.6258 -7.82904 -245.472 10.0136 -6.02918
9.04287 4.64636 2.46365 -205.99 134.039 19.6745
12.1803 -7.48897 -4.55449 100.096 165.872 -19.6801
11.3834 -2.16453 -5.39785 13.8479 196.994 -33.1368
10.4276 -9.15526 4.85156 -83.5416 184.427 25.2606
9.76744 -0.117683 1.92747 -149.364 216.543 29.604
11.7064 -5.06002 0.327673 33.8082 221.25 0.85308
9.2666 -1.04289 0.0430355 -209.973 -25.7792 6.26492
9.99408 6.79518 -0.950363 -144.31 297.306 -15.7476
11.7994 -3.18312 -8.07734 34.6366 200.363 -38.0471
12.7451 -21.2587 0.135119 127.986 148.083 -4.4369
10.1854 -0.234809 5.38995 -126.594 -39.7288 68.4348
9.67094 5.23175 5.94632 -183.808 153.504 32.0781
11.2109 -2.14438 2.77503 -38.047 225.14 5.87647
10.0612 4.13635 -5.30057 -157.867 163.784 -39.0357
9.5253 6.26368 -2.83276 -214.244 139.227 -22.0519
9.90893 2.72802 0.776166 -176.71 128.449 -6.62387
11.6386 -1.77323 -2.11125 -10.0234 206.745 -16.1117
11.4863 -2.61731 -1.08603 -25.3816 247.339 -11.9173
10.7494 1.94941 -0.401499 -105.001 203.337 8.57738
10.1797 6.10716 0.0691855 -166.348 149.979 1.69906
10.1513 4.4338 -6.06989 -170.278 170.731 -34.7267
11.4478 -4.26414 -13.1123 -43.0283 228.436 -70.1069
11.1728 7.39501 -2.57835 -78.0175 262.098 -8.45597
10.5555 2.59616 -3.16547 -142.541 191.874 -7.42791
10.4459 17.9606 -20.0474 -159.699 183.59 -118.231
10.187 4.46809 -0.606588 -186.422 161.664 -9.63315
9.07156 8.38493 -1.37567 -304.332 -142.059 -71.0394
8.88812 5.70865 2.70688 -322.576 85.171 -97.1417
10.9513 3.74884 8.45423 -123.134 182.074 51.671
13.2627 -12.5634 -6.14147 96.4681 155.685 -26.5122
12.5442 0.166286 6.13195 1.5367 194.789 27.7592
11.0199 8.04617 -1.81345 -154.386 155.839 -8.04999
12.3739 0.8723 -8.03725 -23.9146 194.71 -35.3693
12.1843 -1.75276 2.63081 -42.9206 244.524 15.1167
11.4649 -2.12393 -1.08775 -121.545 206.659 6.17695
10.7058 12.8728 -0.179616 -202.948 222.655 -6.99693
12.3961 -2.02013 -3.28963 -48.3255 130.19 -99.1179
13.2224 -1.86596 1.25717 22.3901 202.876 1.04908
13.2718 3.38616 -7.20864 24.9602 159.703 19.0161
12.0849 -4.93303 0.506597 -113.963 189.526 16.8828
12.7112 2.66058 4.79021 -70.4597 193.012 5.14777
14.3694 -14.4791 -1.28666 85.693 -62.5535 -6.46937
12.6311 7.20871 7.19572 -91.6177 173.651 35.5911
12.9146 3.78323 -5.79435 -77.6554 193.175 -19.7989
12.8253 2.35539 -10.6414 -108.013 222.031 -43.4862
13.0439 5.03886 2.15071 -94.2245 194.094 11.6703
11.3827 4.04003 -1.36855 -323.277 214.306 -107.329
16.1506 -1.96875 10.1228 88.8438 87.5339 49.9573
16.618 0.834818 -2.29383 101.609 105.977 -32.4178
11.9575 -4.42525 -1.83972 -372.979 128.723 124.266
16.916 -16.1358 -8.10411 100.712 168.058 -33.1545
nan nan nan nan nan nan
12.0773 2.56909 -1.6499 -93.2046 200.448 2.3435
13.5049 0.938703 3.59169 -34.9088 254.111 19.3808
