-27.966 9.68777 9.05835 -124.975 47.3759 11.1454
-24.0111 5.36625 -7.23446 -87.4158 -91.4765 -26.7554
-24.3624 14.7502 -7.46629 -122.807 -83.3528 32.433
-22.736 -11.1145 -4.88505 -92.2294 -102.075 28.1488
-20.7365 -15.7953 7.60885 -26.097 -60.2011 19.6133
-20.2702 -0.391037 1.4616 -52.5315 -61.1928 -74.3691
-20.0816 -1.26316 -2.65462 -68.6619 -8.45213 18.923
-19.8808 -0.000287336 0.749004 -63.9818 -90.6155 -26.0718
-19.5042 -6.70186 -0.445388 -46.1155 -59.0625 24.2786
-19.5883 0.0757904 1.27855 -57.3823 -93.4751 -58.4461
-19.6118 -7.52505 -2.45696 -60.5791 -204.787 -37.8407
-19.5248 2.89389 1.28414 -66.3209 -2.43949 -63.9727
-19.3524 -4.29925 -0.527126 -53.2101 -58.182 39.5017
-19.0972 -3.9803 1.57093 -46.4982 -71.7019 -87.4443
-19.271 3.13909 0.283268 -70.1373 -109.047 -21.3311
-18.9333 -6.08498 0.457595 -40.5354 -81.7589 -31.4169
-19.2968 4.69555 -0.531247 -77.6641 -56.9638 25.161
-19.098 -0.163396 0.304109 -59.0918 -77.1624 -27.6792
-19.3361 7.90513 0.978533 -83.8465 -25.543 -15.6472
-19.0161 2.17001 0.505148 -68.7517 -51.5726 -34.6845
-18.6286 -1.52166 -1.99522 -39.1181 -113.696 64.0083
-17.8941 -5.68635 -0.889868 28.6871 -37.3559 -77.9554
-18.5909 -3.24832 1.42169 -44.8792 -110.604 -84.9721
-18.2032 -4.62028 -0.250855 -7.56156 -141.035 11.6469
-18.8974 5.76654 0.162852 -77.4216 -31.185 -77.5661
-18.5379 -3.87559 -0.727047 -45.4124 -53.5891 44.4007
-18.41 -6.88443 1.30541 -34.1376 -79.078 -86.1997
-18.4493 -2.30807 2.25264 -38.098 -141.981 -110.566
-18.6563 -0.357998 -0.319717 -63.5564 -63.6644 37.3932
-18.426 7.31059 2.5161 -41.9324 31.3617 41.1836
-18.4129 10.3875 -1.991 -47.2727 -123.426 -22.7621
-18.2658 -21.0301 4.85293 -47.618 -163.491 99.2615
-18.589 5.88825 -4.08473 -83.8796 -23.3149 12.026
-18.2864 -5.06558 -0.396027 -54.886 -5.3437 56.3605
-18.314 -0.280504 -0.839701 -60.0967 -66.6192 68.4551
-18.2733 -0.821493 0.772479 -57.8264 -33.7204 -55.5961
-18.2375 -4.44103 0.305654 -56.7599 -33.0117 -11.231
-18.2228 1.12814 0.900032 -57.9832 -103.759 -86.6349
-18.4915 -0.657975 2.87297 -89.3098 -47.3956 -28.9267
-18.4992 -0.813809 0.517431 -93.2699 -180.764 112.067
-18.3187 5.8822 -0.0333472 -79.1077 -46.8374 -63.8593
-17.6244 1.98967 -0.00604997 -10.802 -201.715 21.4756
-17.1333 -9.93313 -0.353337 35.0314 -91.4452 8.80758
-18.0813 1.87185 -0.534351 -63.1024 -52.3995 24.3704
-17.7107 -4.23876 0.253081 -28.3773 -101.473 -21.5779
-17.3918 1.47931 -1.61256 1.39874 21.7046 -69.6235
-17.965 -5.84614 -0.704876 -58.0069 -154.91 104.374
-17.7465 -9.10929 -1.34575 -38.4674 -66.0532 103.458
-17.6868 -5.25219 1.99195 -39.7518 -80.6654 47.3041
-17.9453 4.28027 -1.57438 -71.1213 -47.9517 88.7014
-17.1643 -8.65915 -0.868822 6.04188 -138.614 20.3945
-17.4831 -5.20246 -0.529563 -26.1103 -96.3718 28.5715
-17.6469 -6.91741 -1.10536 -43.9119 -61.3909 59.7404
-17.726 1.18561 -1.70227 -56.0143 -39.4474 -7.67094
-17.6309 6.11935 -0.252059 -49.5854 -0.227351 -127.75
-17.749 5.67592 0.835016 -64.2161 1.11091 -6.35568
-17.1926 -5.5378 -1.8421 -9.44396 -118.038 104.664
-17.496 -3.38394 0.854662 -41.5202 -81.2837 -44.7887
-17.5877 -0.110692 0.692559 -52.8035 -73.3488 -50.4097
-17.3226 -7.41575 -1.96574 -31.0695 -188.105 16.0971
-17.6244 3.57932 1.31908 -61.9366 -10.7982 -86.0216
-17.7282 4.67958 1.50692 -72.7459 -74.1838 -97.4704
-17.7695 4.77791 -1.00728 -80.1953 -129.072 73.5126
-17.6502 5.43831 2.65184 -68.5584 -24.1643 -44.0781
-17.406 -10.6999 -0.567037 -44.6998 -57.2145 0.119284
-17.2844 -4.59508 -2.49635 -33.3013 -72.9726 -14.6059
-17.7595 10.3838 0.480598 -80.8077 -2.49174 -21.9661
-17.4546 0.00824986 0.195388 -52.0899 -79.7783 4.98423
-17.4107 -5.29891 -1.071 -48.1224 -54.0439 43.5189
-17.7661 13.4695 0.0882433 -84.543 -24.9992 -28.3669
-17.6057 10.0057 0.00788366 -72.0748 7.02918 -7.59547
-17.7443 8.48599 -1.08837 -92.6716 -65.2591 45.2821
-16.8638 -7.7424 0.40827 -13.9103 -105.433 -4.10734
-17.5234 7.53427 -0.731533 -82.3841 -45.7937 -24.5195
-17.5025 9.16918 0.190294 -80.9761 -18.5832 1.60161
-17.1578 -3.37243 0.195401 -51.2379 -80.9354 -12.7775
-16.9516 -0.0194753 0.805479 -30.9491 -77.267 -39.3989
-16.8224 -4.98483 0.296789 -22.6092 -93.0478 -21.236
-17.215 7.33915 -0.748582 -69.0814 -21.4612 -73.9243
-17.2962 8.93312 1.39776 -77.2515 -11.9325 -71.5645
-16.6914 -9.8805 -0.896259 -21.6891 -83.5244 32.2935
-16.6288 -1.60989 0.236894 -15.9501 -168.227 -7.93772
-16.65 -9.60023 0.142232 -20.5482 -84.0854 -18.9453
-17.3281 9.78355 3.46453 -92.6383 -37.3267 8.90359
-16.4031 -4.85503 -0.179866 -2.36287 -135.644 4.54564
-17.0003 5.15439 -2.13088 -68.2941 -26.3975 67.9427
-16.7249 -10.3093 -0.414462 -42.1349 -52.7515 -7.7406
-17.0835 2.23694 1.41378 -83.0367 -59.7446 -24.5699
-16.2226 -2.3072 0.987353 0.567392 -109.177 -79.6276
-17.0773 10.943 -0.532647 -86.7213 -12.1588 1.72049
-16.0989 -4.64512 1.44766 8.72266 -135.608 -93.6356
-16.0146 -4.47837 -1.23295 8.26348 -143.685 68.4119
-16.6649 0.386105 1.53214 -57.2244 -99.5656 -76.4563
-16.8355 5.48794 -0.206175 -77.9486 -158.288 -9.04525
-16.6017 1.72822 1.90794 -57.4696 -35.1413 -118.934
-16.762 -1.86334 -2.8208 -75.1035 24.2808 -3.76584
-16.6229 5.91577 0.634957 -62.5351 -33.2173 24.3945
-15.9082 -3.49713 0.155834 6.75173 -150.861 -12.4481
-16.0221 -8.5077 0.774053 -5.15459 -110.643 -77.1008
-16.4139 -1.18927 2.5491 -44.6981 -82.0018 -169.045
-16.0698 -13.2964 -0.725365 -11.0379 -88.7581 38.8457
-15.97 -12.1354 0.602655 -1.72379 -106.385 -16.7094
-16.3743 1.21322 -0.280997 -42.5588 -147.25 32.6422
-16.9275 6.04103 -2.20781 -98.502 -31.4051 -19.2117
-16.7946 7.9153 0.261156 -85.7206 -55.49 -35.1522
-16.6484 4.82391 0.903877 -71.3937 -142.446 -42.8368
-16.5129 2.51501 -1.02692 -57.9531 -83.0145 58.4673
-16.3534 -4.95672 -2.63199 -45.3398 -52.0434 139.152
-16.8383 7.0933 0.046422 -94.341 -78.5168 38.9966
-16.3482 5.52533 -0.631299 -46.693 -67.9772 116.034
-16.5903 9.18136 0.324133 -76.1146 -13.5564 -65.8423
-16.2286 14.8593 -1.96115 -41.5168 18.3195 -93.0552
-16.4815 4.07532 0.911442 -69.8247 -98.8131 -43.4216
-16.3613 -8.97773 0.114292 -61.5629 -38.379 5.30008
-16.1296 1.44041 -0.226787 -41.5381 -159.848 29.1258
-15.4938 -11.5369 0.713121 18.1474 -118.721 -25.7916
-15.8505 -4.31561 1.62278 -18.0724 -109.488 -101.179
-16.3732 4.5477 0.0859532 -70.0855 -81.6311 -11.1137
-16.2317 1.40976 1.91143 -56.6527 -75.7382 -80.3504
-15.5272 -6.33275 0.102445 13.2992 -130.697 12.2269
-15.5454 -2.84203 0.398907 10.1394 -180.851 -27.0593
-16.0737 -2.05152 -3.38768 -43.1838 -55.1283 155.472
-15.1857 -8.21696 -2.03979 43.4973 -61.2051 97.3726
-15.6905 -25.3352 16.1652 -12.0428 -188.022 27.1485
-16.0928 3.50141 -1.87002 -59.116 -23.4837 107.262
-16.3078 7.20344 0.934222 -81.8006 -49.9577 -19.3961
-15.2053 -21.6561 -7.58353 27.6262 2.02979 118.847
-16.038 2.15639 1.58933 -55.5245 -63.3737 -99.5543
-15.7224 -2.52871 -1.29148 -24.7175 -100.726 84.1506
-15.2019 -4.83857 0.461173 26.4833 -236.992 70.6715
-15.8731 -8.36474 1.18329 -40.3872 -49.2803 -51.6153
-16.3924 5.87989 1.66428 -92.2912 -29.3029 -113.252
-16.2612 8.27088 0.671536 -81.6219 -37.9676 -46.3347
-16.3115 8.36058 -0.0760847 -90.8174 -122.823 -5.3022
-15.734 0.648934 -2.07704 -34.2345 -109.776 140.483
-16.1236 0.753419 -0.757296 -74.4695 -117.929 44.3797
-15.2333 -3.80849 -1.2275 12.3766 -162.007 68.4093
-15.8169 -2.88739 1.60054 -46.3689 -88.6478 -88.8166
-14.7053 -10.0615 0.54554 62.9268 -142.163 -37.1731
-15.8959 2.32834 -2.96248 -60.7148 -87.0554 172.05
-16.3851 9.14284 -1.22568 -109.569 -105.902 42.95
-15.5436 -1.96046 -1.66432 -26.3075 -132.675 106.628
-15.3608 -6.90138 0.662492 -8.24158 -102.702 -21.3941
-15.176 -7.47638 -1.82676 9.68438 -130.63 82.1486
-16.0934 6.78742 1.56943 -85.7068 -89.8534 -53.7929
-15.3709 -13.0742 4.58135 -14.0414 -271.55 11.3001
-16.0748 6.40284 -0.636203 -89.7548 -122.429 42.1496
-15.2333 -10.3908 -0.233435 -6.19356 -93.3596 22.7685
-15.7968 3.0701 -0.340934 -63.8006 -132.041 13.6221
-15.3968 -7.53822 2.94495 -25.2866 -74.8787 -158.965
-16.128 16.5505 0.0973628 -101.577 -134.913 -15.1487
-15.4309 -6.19931 2.49009 -40.1941 -45.3597 -156.695
-16.0354 10.4725 -1.30924 -101.977 -52.8274 85.7037
-16.0271 9.54698 0.137355 -101.196 -77.6466 15.1308
-15.7575 4.92173 1.3607 -74.6469 -155.358 -71.0012
-16.0502 -1.70702 0.440271 -106.406 17.9465 -1.36913
-15.7114 -0.0713862 3.38497 -80.86 -102.321 -4.42766
-15.3713 1.46133 0.401856 -50.5357 -158.475 -9.42851
-14.3688 -12.3204 -0.71575 47.0462 -128.443 58.059
-14.5462 -11.0164 0.864196 25.422 -109.786 -56.5747
-15.0538 1.80216 -0.110857 -25.2995 -175.893 20.8863
-14.4194 -6.96184 1.33468 35.4543 -137.535 114.488
-13.9891 -9.00602 -1.65698 76.3895 -154.401 96.2373
-14.5873 -5.55259 -0.548379 16.0921 -144.773 50.3766
-15.5233 5.03798 1.27544 -77.4423 -119.29 -82.7615
-15.359 9.30834 -1.34349 -62.0892 12.0891 54.228
-15.5987 6.69758 -1.85235 -86.8257 -136.889 54.7832
-15.6323 10.4784 0.454808 -92.0852 -31.6404 -55.7296
-15.7399 8.96942 1.10124 -103.706 -82.2752 -37.4135
-14.3471 -12.6714 0.763373 34.5765 -119.088 -31.1392
-14.9925 -13.3988 -0.449239 -32.5123 -65.1767 37.6419
-14.6326 -7.88248 -0.405505 -3.0617 -97.7121 15.5653
-14.7758 -0.388829 -3.40534 -21.611 -137.966 161.397
-14.4535 -13.578 -0.32118 9.15969 -98.1479 34.9857
-14.0635 -7.35231 -0.270386 45.1043 -158.321 36.1389
-15.0923 16.5832 5.07619 -59.4153 -63.9654 -68.9136
-15.2668 5.78032 -0.726119 -81.7989 -98.9605 47.3864
-15.7246 14.2764 -0.475815 -127.722 -209.973 3.39993
-15.1309 10.6939 0.567944 -69.4919 4.884 -10.6228
-14.7505 -1.25263 -9.19995 -38.7708 -90.3429 54.863
-14.9416 3.1853 1.08729 -57.844 -129.739 -68.9925
-14.3692 1.96804 -6.13888 -16.2925 25.7446 9.0149
-15.1414 11.418 2.36826 -93.6792 -22.4563 -118.837
-13.8564 -7.04777 -4.84531 32.3492 -136.504 145.582
-14.9038 13.7191 -0.0916289 -72.5764 18.6423 -3.73065
-14.4008 -15.3213 0.0439659 -23.5194 -63.4702 -10.7418
-14.1215 -13.3592 -0.622909 0.103915 -85.7275 24.4158
-13.7428 -8.0646 -0.464881 35.5149 -131.38 35.5259
-13.7537 -9.9864 -1.30051 30.2828 -124.108 74.5297
-14.4473 2.37546 0.748349 -38.8816 -209 -52.2204
-13.6055 -6.96809 1.69767 43.7187 -152.124 -56.6668
-13.8154 -8.63051 0.521584 20.0395 -112.637 -23.9111
-14.9159 7.13228 -0.751559 -94.2696 -129.647 84.0605
-13.5126 -6.37936 -0.456259 43.1145 -144.879 -140.706
-14.5882 9.10495 -0.010892 -65.5488 -76.7025 -69.0567
-13.2685 -12.9653 1.18878 61.0207 -123.28 -90.7268
-13.3137 -13.7628 1.19455 53.0229 -123.798 -17.0532
-14.197 -12.8497 -0.561174 -35.4289 -56.2694 43.9027
-13.4237 -11.445 -0.157954 40.2898 -115.228 -2.40936
-14.7476 8.61006 -1.61932 -93.6531 -60.6351 119.447
-12.8415 -34.8639 14.5788 93.4584 -88.31 -17.1357
-13.0116 -8.11451 -1.40591 71.4704 -159.081 81.3379
-13.9134 2.00002 0.954485 -22.1043 -182.687 -44.5978
-14.5363 13.9767 -1.47981 -89.3722 -1.6419 80.2237
-14.2737 4.5353 2.81991 -67.096 -104.566 -175.631
-14.1268 9.62779 1.65746 -53.9575 21.188 -114.229
-14.5422 7.92162 0.607024 -97.9397 -103.479 -53.8765
-13.7991 -9.64389 -2.3304 -24.7305 -59.9114 134.9
-13.664 0.984944 -0.201779 -15.2837 -195.762 28.3807
-12.7157 -11.0697 1.21828 78.0601 -135.046 -7.10945
-14.13 3.78297 2.91328 -65.3974 23.9868 -80.3692
-13.7145 1.24753 3.3989 -25.2006 -136.567 -192.475
-14.1636 11.4649 2.78582 -71.5055 5.39545 -76.6988
-14.2423 -4.28103 -1.35641 -81.0781 49.2362 -63.9344
-13.0363 -1.15948 -1.6776 35.7559 -215.29 99.0088
-14.1679 5.66186 0.722398 -79.2064 -98.7757 -95.6112
-12.5118 -7.23989 -0.690718 82.3326 -174.631 38.3201
-14.293 7.65049 -1.78165 -99.6077 -114.519 141.143
-14.4868 10.9552 -0.611666 -122.342 -83.0784 9.79053
-14.0033 9.67329 3.67893 -77.9377 -18.0639 20.2843
-12.9082 -11.2211 -1.56831 28.5609 -108.42 83.1347
-12.945 -8.49598 -2.86508 20.2374 -112.074 158.352
-11.5774 -12.4878 -0.269829 151.667 -91.6209 58.4937
-14.2385 10.2827 1.56232 -115.319 -92.9524 -88.4401
-12.5138 -8.21201 -2.23423 54.5228 -141.246 131.469
-12.1899 -7.09036 1.0817 85.8484 -162.796 -68.6891
-13.9667 9.68214 -2.37034 -91.9088 -52.5611 127.555
-14.0216 7.86915 -1.5273 -99.3449 -111.857 75.6526
-13.7202 -0.332105 -6.09348 -73.5805 -73.2148 -60.2676
-13.7321 10.5723 -0.550509 -81.2936 -19.9446 -17.6487
-13.8503 9.26205 1.37365 -94.0358 -55.4955 -77.3112
-11.6634 -11.7176 1.68158 108.589 -132.629 -74.2845
-12.5277 0.862512 -0.22575 18.1145 -244.339 18.263
-12.3821 -10.7677 0.591785 29.4624 -101.606 -46.9157
-13.631 8.2285 -0.555615 -100.219 -96.3216 28.593
-13.0532 1.14656 3.22036 -44.4322 -14.8505 -197.482
-13.7626 8.80379 -0.564795 -119.561 -54.3186 -10.2375
-12.6431 -13.569 2.00581 -14.1745 -66.8002 -15.927
-11.8362 -7.83883 -2.17716 57.6599 -123.745 128.244
-11.7151 -1.20438 -1.99376 61.0142 -206.588 116.385
-11.8363 -5.83468 -1.90579 45.662 -140.464 154.705
-12.2805 -11.7692 2.7249 0.639575 -76.932 -151.334
-13.0638 -6.45282 -2.93733 -82.2766 -158.524 49.286
-12.8766 10.3747 4.16681 -63.9062 -182.836 -266
-13.3357 10.9655 1.62458 -110.693 -56.0736 -76.1081
-12.0388 -2.18317 2.63843 16.9413 -174.906 -163.992
-11.8477 -14.2916 0.49821 33.6335 -99.9089 -84.0267
-13.0805 14.0278 -0.143235 -88.8438 1.28544 86.5703
-12.9598 5.35847 -2.14096 -83.7734 -107.729 132.421
-11.6241 -13.5345 1.07096 47.7335 -106.665 -116.462
-12.1894 -11.7621 0.604111 -9.43523 -70.0293 -48.0834
-13.3345 11.6041 -1.73572 -123.786 -83.6865 90.5175
-13.0841 9.22321 1.49574 -101.556 -74.1569 -84.9283
-10.6163 -12.9952 0.225067 138.681 -138.365 -8.42702
-12.1049 -5.82637 -2.99437 -14.4696 -61.9201 195.836
-12.3991 2.89316 0.616425 -45.2307 -231.771 -25.2028
-12.2052 -2.67704 -3.92152 -32.6265 -38.5324 241.833
-11.0889 -22.0923 -3.74967 77.7757 -26.5302 24.6179
-12.7985 11.3015 0.544677 -93.2898 -30.4442 52.7556
-13.0585 9.92633 0.112451 -124.664 -104.976 -1.18923
-11.4965 -10.4514 -3.11118 24.8047 -86.525 165.158
-10.8518 -16.1555 1.22525 65.9901 -107.011 -67.9843
-12.4224 14.2383 -1.92302 -94.7204 -7.10812 96.806
-10.8004 -12.3117 -0.442081 52.215 -102.915 53.9722
-12.6179 10.8838 -5.98419 -129.253 -277.607 299.385
-9.89905 -11.8706 -1.01646 140.125 -124.066 66.151
-12.1153 15.7191 2.5837 -86.5232 16.1422 -82.8664
-11.1233 -12.5963 -0.551489 10.5319 -80.0112 81.8832
-12.4411 11.1461 -2.13508 -124.004 -78.6169 80.0976
-10.3255 -10.9682 0.297858 79.837 -176.994 23.0221
-12.2438 12.3444 0.613027 -115.353 -59.4953 -17.8651
-10.9788 -10.4923 -3.10003 1.1116 -69.9774 199.303
-12.3095 10.1086 -0.353244 -138.058 -133.259 26.7622
-10.7092 -13.4285 -0.410666 14.7204 -81.6007 -25.1511
-11.775 8.64971 2.08044 -93.4239 -64.6714 -139.255
-10.6622 -13.4201 0.854803 14.1104 -77.7663 -22.9246
-9.93316 -15.5926 -2.05155 84.9823 -113.906 46.4849
-9.6028 -5.99683 2.76539 112.344 -139.247 -183.127
-11.4201 12.4869 -1.72099 -68.4592 11.0927 86.59
-9.76449 -28.6072 7.3221 94.6379 -21.2955 -77.5374
-11.5996 16.92 -1.94144 -89.9835 20.5275 3.66399
-11.8725 12.2269 -0.0241531 -117.572 -56.7165 -22.8229
-11.6705 16.1229 0.340879 -101.718 -2.47043 35.7126
-11.801 15.4116 1.87208 -120.854 -24.4956 -30.9884
-10.7288 -5.17931 4.10062 -20.5829 -177.282 -7.99242
-11.1382 14.8449 -3.44488 -77.1579 59.7617 55.8078
-10.434 -13.8542 -1.24122 -7.9671 -64.4279 24.5695
-11.2731 13.2181 -0.153291 -95.2104 -15.0645 -8.5735
-11.469 20.3189 -1.0049 -124.687 -132.565 15.4183
-8.65802 -6.33401 2.25883 150.768 -143.222 -165.956
-11.4111 13.3296 -0.14562 -132.885 -60.1083 45.9142
-8.68876 -13.9968 -0.519208 128.885 -111.272 27.8456
-8.5734 -9.59748 -2.28803 139.112 -116.154 142.191
-10.788 15.0106 -2.63955 -90.4582 8.26233 116.657
-10.8737 8.47991 -2.25283 -99.842 -102.514 140.808
-10.5031 17.53 -0.349709 -69.4061 -113.978 7.82167
-9.1285 -20.3907 -7.25068 66.0141 -75.2583 0.291304
-8.69142 -12.2585 -2.10532 108.224 -113.959 64.518
-8.97195 -16.8604 -0.558616 79.5933 -98.6112 29.6348
-9.16847 -16.6942 -8.37325 55.5445 -94.6989 38.4348
-7.47706 -4.28193 -0.915732 223.04 -167.453 47.9792
-10.343 18.4002 0.788976 -67.8677 41.4412 -18.4761
-9.07654 -9.52452 2.71917 52.0345 -186.657 -57.6991
-8.36895 -15.4165 -0.322154 113.795 -105.085 43.2542
-9.57456 -7.84697 3.78756 -6.41783 -57.2841 -231.899
-10.4639 18.1088 1.20328 -108.822 -90.2859 -160.253
-8.76492 -20.6844 -1.43097 54.4081 -47.3186 10.1314
-8.3021 -36.1956 4.15592 98.318 43.0313 -123.254
-10.0943 11.7262 2.75124 -81.399 42.7102 -74.8527
-8.7156 -14.545 -1.74018 53.3548 -91.2165 33.9765
-9.01307 -15.0562 1.75548 14.4899 -77.544 -123.173
-8.19573 -11.9196 -2.83437 95.2305 -99.6661 111.134
-8.7594 -13.8858 -1.37704 38.952 -57.9105 89.5405
-8.85862 -17.7793 0.0166027 24.9786 -83.6459 -30.0239
-8.96302 -14.8343 0.371872 13.6589 -73.3087 -17.0417
-9.78651 5.52966 2.09337 -74.03 -212.856 -130.242
-8.18376 -3.0004 -6.43057 84.0929 -197.386 16.9087
-10.2325 -2.79657 4.21473 -129.548 8.14047 -84.9217
-9.92534 13.9118 3.02618 -100.808 -13.9654 -120.18
-7.88144 -24.4876 10.0242 81.428 -85.4896 43.1071
-10.079 12.4934 2.65241 -140.859 -75.3164 -126.473
-10.0281 14.9513 0.57067 -148.355 5.22999 14.7225
-8.30374 -13.5073 1.55295 22.6527 -76.1127 -109.289
-7.84538 -15.0146 0.788213 62.4348 -87.1363 -51.3139
-9.64148 7.72614 -0.115767 -119.613 -197.136 -5.3603
-7.63217 -15.3298 1.15196 76.4671 -91.2728 -46.2791
-9.05327 12.1061 6.24058 -75.7636 43.9289 108.622
-7.06461 -12.8957 -2.37913 112.895 -171.631 112.263
-8.13111 -13.5426 -1.66323 0.661602 -86.718 104.259
-9.28942 7.17007 5.47631 -115.902 52.2512 71.9181
-7.09531 -18.2959 -3.16036 101.241 7.29044 155.108
-7.23554 -17.3147 0.45026 78.9094 -85.1439 -25.7717
-9.30168 12.6936 1.06806 -126.649 -49.8586 -62.0512
-9.56387 14.0725 1.13924 -158.089 47.249 -9.24467
-8.7463 12.3587 4.01226 -86.4935 -6.14829 -199.583
-9.07841 12.975 0.41226 -128.8 -47.5185 41.8177
-6.77414 -15.2984 -0.932102 99.0073 -56.2902 54.9318
-8.5468 17.3952 1.40931 -91.8761 2.03054 -30.7341
-6.16925 -15.4923 -0.378153 139.928 -87.7605 -16.4387
-6.06283 -13.0959 -2.68466 147.292 -86.0734 146.065
-9.2303 15.503 -1.8061 -169.337 -60.3288 156.588
-8.13035 15.2876 -0.21846 -60.0793 22.1246 44.8121
-7.03122 -17.9271 0.941083 44.4238 -84.8471 -98.4948
-8.09043 16.8953 1.7785 -70.5308 33.1321 -10.5194
-8.16552 12.0337 8.87805 -80.5623 22.4342 59.5607
-8.76521 14.2229 0.658422 -140.179 -52.2962 4.6732
-7.39715 -16.3506 1.95403 -7.91238 -61.2372 -82.6363
-5.99107 -14.5373 0.226868 122.57 -80.5829 -31.4161
-8.35135 10.1323 -4.29623 -112.008 -58.2558 191.889
-5.38065 -26.059 7.17718 166.114 24.5851 -60.2234
-6.84156 -16.8694 2.81263 15.7578 -120.705 -72.5382
-6.15245 -11.4734 -1.06434 75.9364 -175.374 99.0929
-6.24483 -15.5247 1.55954 56.4114 -74.7067 -94.9109
-5.52651 -1.40849 4.70297 119.303 17.8047 146.175
-7.29866 17.2733 0.645051 -58.4382 39.7241 -4.51293
-5.86258 -16.8692 2.75565 78.9722 -61.7889 -88.3976
-8.27626 13.1923 0.569912 -174.112 -95.1146 -31.9958
-7.63386 9.39541 3.00617 -112.297 -68.1637 -187.158
-5.84629 -15.2092 -2.1808 64.9981 -43.9504 -75.9778
-8.08692 13.9425 0.366027 -160.489 -60.7595 23.1803
-4.57566 -14.9107 0.294668 177.53 -68.2669 -45.7302
-8.04101 11.4764 1.66113 -168.557 -123.502 -106.633
-5.85713 -11.5995 -3.00128 38.1381 80.6777 -155.868
-5.46285 -15.6022 0.223846 76.1193 -74.3858 -32.3069
-6.59014 16.5931 1.21926 -44.1718 42.1513 -50.2103
-5.28107 -8.3953 -10.9318 83.4485 -73.6101 27.8706
-5.8176 -16.0233 -0.670172 23.2727 -67.6641 39.8399
-5.93979 -15.2103 -1.92539 7.19709 -111.147 242.56
-5.64715 -18.9579 0.238611 36.1462 -76.2441 -36.9771
-7.27518 15.8579 -0.021885 -132.177 9.49362 44.1797
-6.6173 15.0334 1.78809 -76.0156 19.8449 -117.752
-7.20046 14.2202 1.20986 -138.197 107.91 -72.0475
-3.83206 -14.4399 -1.14343 178.302 -67.0143 102.803
-6.22332 -9.81137 10.9292 -61.6752 -27.5888 27.4718
-5.79038 6.56837 9.63708 -20.8721 110.671 -50.4646
-3.60409 -14.0692 0.888025 194.746 -41.0093 -76.3701
-6.49136 18.5111 -8.40588 -96.464 -1.22979 131.931
-4.65244 -17.3817 0.602499 81.9331 -75.8582 -12.7616
-6.68563 14.7477 -0.237597 -124.699 -11.1611 36.6487
-6.89772 17.743 -0.289674 -149.461 -136.84 37.6889
-7.08247 13.2787 -0.707566 -174.276 -77.1471 84.7949
-2.98332 -11.971 2.41274 209.408 -32.9793 -137.69
-6.25451 13.8115 -2.68552 -116.534 -11.545 183.161
-4.23112 -2.81416 -6.13503 80.9803 -5.60112 -153.312
-3.28113 -16.2395 1.06469 171.459 -55.3118 -90.7521
-4.26454 4.4416 -1.71666 71.4029 -187.106 23.3055
-3.252 -15.7213 -1.09308 170.39 -60.1967 40.3313
-3.69206 -15.4515 -0.982057 120.883 -67.3199 30.5218
-5.56649 15.573 -1.05531 -68.0288 28.9048 69.7474
-5.54788 11.7691 6.26811 -66.9342 84.5514 -118.281
-5.8286 15.909 -0.709687 -97.7027 14.616 73.9465
-4.23574 -19.6272 -2.30323 60.1711 -77.2435 61.5694
-5.65733 19.9305 -1.32719 -81.5169 45.7457 44.8634
-3.13432 -12.9117 1.50681 168.012 -46.9369 -112.14
-3.51331 -12.5223 2.36167 129.684 -52.4302 -166.048
-6.54623 13.4027 -0.212861 -172.253 -61.162 -68.7443
-6.13407 11.6894 -3.56891 -135.906 -38.394 142.9
-4.13614 -17.9662 0.943308 47.8525 -60.4951 -32.5544
-2.73122 -19.0794 -1.52014 182.998 23.6728 -22.3782
-5.90907 17.6825 0.820988 -136.487 2.11056 -15.5565
-4.12571 -8.08382 8.54485 34.869 -148.411 -94.8282
-3.19364 -18.3288 0.659739 126.02 -73.3845 2.47378
-2.83316 -32.652 5.59624 157.406 -190.928 119.28
-3.7421 -16.348 -2.52411 63.0051 -64.6581 87.8712
-3.96845 -20.6306 -1.08198 34.8145 -75.9605 -15.8914
-5.63145 13.4036 2.47615 -133.069 -22.0481 -129.705
-2.40045 -15.5644 0.547385 180.666 -130.751 -0.623534
-3.81307 -17.1904 0.843956 35.4394 -63.4569 -27.8585
-3.79798 -17.737 1.11377 26.3741 -73.3228 -43.5971
-2.40074 -0.591534 -7.64339 161.189 104.772 -2.92455
-3.18336 -16.7783 1.19352 80.8659 -77.7847 -103.61
-4.93108 19.7154 -0.326582 -100.829 38.4581 -10.0682
-5.17735 18.0519 -0.663202 -136.038 15.5607 0.611659
-3.35285 -17.3673 -0.654012 29.8309 -65.2993 -28.9834
-3.01888 -19.8198 -1.65222 52.6882 -72.5992 63.2716
-1.27444 -18.5763 0.772932 224.47 -92.8299 -58.7231
-2.37261 -19.557 -0.430501 111.044 -67.2651 -5.79198
-4.19743 16.5317 1.17267 -81.3521 34.0684 -95.9146
-4.64218 16.8044 -0.556091 -135.374 9.6002 -2.96001
-4.65703 19.492 4.9107 -139.86 -1.14352 15.503
-4.37649 18.8253 -1.1902 -114.658 31.5327 43.6012
-4.93429 9.50137 -6.6503 -170.447 12.9952 58.7607
-4.57322 15.3352 -1.53675 -141.333 74.7357 100.003
-1.43685 -12.9648 3.34928 159.557 -25.9246 -173.208
-1.28494 -16.8645 1.64735 172.48 -36.3251 -61.4585
-2.0695 -20.3361 -0.14954 91.4914 -64.522 -23.924
-3.38272 19.169 1.28682 -44.4252 54.7538 -55.7824
-4.35522 16.5632 -1.97616 -143.828 2.2622 83.6516
-1.95724 -17.457 0.94877 89.5019 -56.6185 -85.653
-4.44303 16.7584 -3.40037 -157.601 33.0344 194.945
-1.69269 -13.8549 -1.71706 115.212 -157.226 31.656
-3.10748 16.7831 -2.30777 -26.2748 28.4915 158.254
-4.52437 17.5989 0.756949 -168.087 -4.62453 -39.24
-1.93232 -18.3328 0.898719 86.4223 -64.4367 -84.1749
-3.80585 24.5034 5.1214 -109.944 -161.456 -126.729
-1.81037 -17.232 1.99515 80.9726 -56.8069 -148.555
-3.46743 5.74598 -1.19408 -86.4115 -167.654 -45.9932
-1.7746 -16.0177 -2.47119 80.8349 -51.8051 123.396
-4.06019 16.2679 0.0824876 -154.833 3.28733 -40.1743
-1.33676 -18.0766 0.371655 114.932 -55.2781 -54.0825
-1.89134 -17.6949 0.984266 49.9808 -64.5891 -18.8298
-2.21164 -18.0263 1.15467 16.2062 -60.4999 -102.909
-3.463 15.9846 -0.690634 -110.736 21.4746 19.2212
-0.301449 -5.85194 1.25645 199.467 216.627 -57.2612
-4.11427 17.9553 0.94403 -187.836 -44.0588 -53.4201
-2.94988 20.1428 -0.337133 -82.0441 51.759 43.3833
-3.23766 16.171 1.3312 -124.795 10.25 -106.002
-0.321975 -14.8568 1.37666 159.883 -20.4368 -138.317
-0.460898 -13.6878 3.04044 140.165 -31.3373 -139.39
-0.82399 -18.505 0.226328 94.9747 -56.115 -1.04456
-2.9516 16.3011 -2.88848 -120.01 -36.5779 -71.6783
-1.29125 -20.5674 -1.22363 44.0223 -70.4266 40.5099
-3.1929 17.9035 -0.716139 -160.281 7.33018 16.8849
-3.00954 16.5195 -1.93194 -146.041 12.8868 92.2611
-0.68331 -17.7303 0.636296 84.5844 -53.8573 -26.3512
0.383016 -14.7509 0.18424 189.36 -9.01702 30.5356
-1.74365 18.7936 -1.11957 -22.9908 61.3211 63.6228
-0.970837 -18.0539 1.3351 48.0595 -60.0676 -56.1277
-3.19586 13.7395 -1.54366 -173.081 -35.9358 118.573
-1.75524 19.9399 -1.64821 -30.059 64.4855 95.3292
-0.263564 -16.9763 0.499509 111.932 -42.7062 8.32191
-2.6412 14.5403 1.48356 -139.33 3.95224 -114.627
-0.778789 -19.3116 -0.811788 35.7113 -64.35 75.3451
-0.808802 -18.983 -0.641583 17.548 -62.5269 7.97003
-0.298716 -19.5477 -1.23192 65.8715 -61.8598 87.8328
0.173694 -14.8832 2.62835 112.02 -37.1508 -110.449
-2.2805 7.32761 -3.95347 -138.616 149.037 37.1747
-1.78819 15.2413 -2.91013 -96.5932 29.3929 151.6
-2.10886 33.5532 6.5416 -133.009 142.598 104.342
1.08829 -14.8093 0.851075 176.941 -5.74832 -87.9455
-1.0844 30.6822 2.06824 -46.1608 259.33 9.76795
-0.704651 17.9846 0.317502 -13.4437 59.0199 19.853
-2.11924 14.915 -0.890488 -164.302 0.232203 31.9715
-1.02991 17.5488 -2.30096 -57.3577 54.7515 135.303
1.52263 -15.0397 -1.08784 194.626 6.73421 69.2814
0.619691 -17.0824 2.00055 103.271 -43.429 -65.3096
0.832426 -16.5295 -0.997171 119.44 -34.3436 64.008
0.202048 -20.0843 1.20799 36.9659 -64.8149 -59.2562
-1.46401 17.8665 -0.159011 -129.609 41.8063 4.59647
-1.60062 13.3504 4.95651 -147.526 30.2606 -144.308
-0.110385 -18.9463 0.139633 -2.77816 -20.0917 66.6219
0.881452 -15.2567 1.10382 92.9484 -34.2074 -124.103
-0.728312 20.3468 1.96044 -71.6622 61.4899 -41.4151
-0.981041 17.5942 -0.995779 -104.449 45.0155 6.71189
-1.28818 16.2751 0.409103 -139.078 23.8689 -50.4722
1.26761 -17.9008 -1.82199 108.385 -44.2891 114.197
-1.23892 16.4906 -0.974527 -140.89 56.079 78.1139
1.14434 -15.9292 1.38668 95.2932 -38.3979 -80.1904
2.5776 -18.9512 4.40109 235.839 -95.432 19.7337
1.79097 -17.7564 1.51442 154.858 -23.5449 -69.3683
-0.399617 16.9849 1.91749 -72.2698 49.7165 -51.6506
0.224759 0.096043 0 -13.5846 0.317809 0
-1.4067 13.8305 1.23279 -178.578 -25.9051 -90.558
-0.372491 17.9966 2.09398 -79.6445 52.5861 -58.4968
-0.474707 17.3283 0.521626 -108.238 91.7321 -16.7784
-0.901829 12.0857 7.25495 -154.753 64.2812 -27.1861
2.69497 -15.3647 -0.422272 191.162 27.2604 26.6679
1.24262 -20.5998 1.34038 42.6263 -65.6689 -33.6954
1.02176 -17.8172 1.19245 16.0238 -57.2965 -12.0497
2.08533 -14.0437 -3.90655 106.97 -15.9844 201.069
1.74484 -15.0091 6.08907 62.8651 -48.3748 46.4866
-0.0437105 16.0745 0.823474 -118.723 33.6437 -33.1716
1.67614 -23.6383 0.220296 49.2184 37.2475 -6.84114
-0.391021 14.2689 -1.70388 -163.559 6.97545 80.7682
2.52984 -17.8017 0.773984 109.839 -37.5089 4.74154
1.61302 -18.2198 0.0283961 4.68229 -8.55705 25.5868
1.6803 16.1986 0.474175 -4.17077 -38.0059 0.78375
0.838553 18.5323 -0.368636 -90.1978 57.8062 40.1591
2.78328 -4.11626 -9.40069 91.4044 -65.7121 -92.2551
-0.00587155 14.6512 -0.0773335 -190.744 2.01842 -18.0052
3.01033 -9.87823 -8.80919 105.396 101.844 -17.3578
3.36562 -14.3468 -2.85011 140.401 0.608566 164.492
1.03253 19.2655 1.75781 -103.51 60.8323 -87.6462
0.170916 10.9466 2.22332 -191.756 -67.4552 100.217
1.60487 18.1101 -1.74648 -50.8883 63.8062 60.944
1.7823 17.595 -1.04353 -43.3259 57.5647 37.7004
2.91774 -16.5409 -1.0865 69.2525 -41.0709 113.829
1.62182 14.8575 1.89219 -60.1602 53.2121 -151.001
4.12344 -16.6401 -1.27122 185.158 20.2964 24.162
3.923 -18.4362 0.309105 144.645 157.398 -8.10602
3.62097 -16.5455 -1.76561 107.351 -26.7353 110.734
3.96255 -13.8564 2.88077 139.568 -147.82 -174.335
3.50531 -16.4448 -0.734052 92.7704 23.7536 -48.4048
2.47961 19.0391 0.457995 -9.36849 63.867 9.84495
1.39472 15.4239 -0.658775 -119.092 110.526 56.3118
0.989236 16.3437 0.0210595 -170.564 45.2212 -4.76298
2.17165 19.8809 0.278492 -58.1689 70.6694 -45.6273
1.0369 14.6316 -1.72922 -171.987 21.0537 119.467
3.33365 -17.2025 -1.26248 54.8312 -46.4994 126.567
1.989 18.408 0.388929 -88.9784 62.9925 -43.4921
4.75843 -13.5879 -0.911759 178.952 49.6387 61.6044
2.06546 17.9583 1.41617 -94.4296 58.9367 -105.048
2.26745 17.0758 1.07344 -74.5854 55.2318 -89.4877
3.69527 -4.20681 -3.87698 64.0034 145.153 248.898
3.07512 18.2811 0.719399 -3.46049 63.2894 -75.4647
2.68424 15.0764 2.17373 -47.7079 97.6512 -96.4091
3.83376 -20.1107 -0.220576 66.4388 -56.012 -3.25446
2.30261 20.4235 -1.4378 -87.1009 0.524892 47.6987
4.86415 -13.9629 3.71816 163.829 -24.3215 373.212
4.96842 -15.5202 0.57271 169.512 28.7492 -17.7391
1.84905 17.7621 1.28081 -147.317 -19.913 -62.1807
4.50019 -14.4842 -3.68291 115.384 -3.37278 175.625
5.09076 -20.0632 -5.83961 172.625 107.387 220.102
2.35524 16.026 -1.30268 -101.51 57.4212 39.2175
2.55023 21.066 -9.87106 -91.3861 95.1815 -207.579
2.61837 17.906 -0.763382 -89.174 116.707 18.9724
3.08462 17.0965 -1.52665 -59.869 60.8275 126.076
4.04502 -17.8564 3.11673 23.4918 -56.3775 -135.83
4.30261 0.76318 11.7109 37.0525 111.438 20.4273
2.62273 16.6774 1.10794 -130.366 51.5075 -84.9763
5.11516 -17.5087 2.0247 115.034 -21.753 -121.002
2.95569 13.5398 -6.47446 -120.544 93.5455 55.8122
3.93839 20.5954 -1.10489 -31.7987 76.0893 30.6163
3.07351 17.6726 -1.10372 -121.49 113.035 31.4015
5.72426 -17.184 -0.485565 141.271 10.6294 23.5116
4.91546 -17.9449 3.39475 53.2985 -52.1186 -19.2351
4.2719 20.444 0.398673 -19.0628 11.7995 9.02502
4.55787 -6.32613 -5.28792 8.26238 111.237 -38.6304
6.35077 -13.5907 -0.726804 183.586 60.2017 -1.90007
5.15628 -20.3979 -6.95168 62.928 -47.5602 49.1856
5.52137 -17.5996 0.244574 94.4613 -26.3878 -13.3969
5.38404 -16.3475 -0.735732 77.6568 -27.7911 35.3581
5.26264 -15.3205 -0.943751 65.3449 -50.7483 59.4888
4.17536 17.7584 0.773497 -43.6127 70.2263 -25.5446
5.1443 -18.0844 -2.18698 52.1261 -49.7027 136.656
4.28087 14.6901 2.22286 -34.2939 60.9121 -144.057
5.28629 -17.0555 -2.00343 63.1903 -86.0108 151.739
3.30687 2.72815 -2.70498 -134.467 -147.595 -14.8934
3.76011 -1.77241 -6.73387 -94.6998 -89.5418 16.9726
3.18718 14.5018 -2.86855 -155.551 55.1257 137.496
5.40802 -19.4061 0.381562 61.906 -50.7725 -18.272
4.72354 18.1649 -9.25742 -14.3512 71.5156 37.4758
3.25206 13.0498 1.5794 -163.223 48.6706 -127.712
4.63583 20.4812 0.43134 -47.832 33.5166 2.69628
4.27793 16.9966 0.504215 -86.4281 75.1578 -60.6582
4.76556 19.0909 -0.63506 -63.9216 73.8521 61.1502
5.18133 12.6261 11.8097 -25.519 46.5433 -56.8403
4.52318 15.3053 -1.23398 -92.554 65.5519 92.9526
4.81793 18.5244 1.33147 -66.4008 172.434 -70.0795
5.82355 -19.3418 -2.38416 33.0999 21.4834 44.8382
4.47674 15.7554 -1.34853 -111.778 64.7825 53.661
4.67461 18.624 -1.5527 -94.2662 80.1482 60.8333
6.50118 -12.3734 7.10132 79.0616 -32.6399 4.4695
6.10497 3.79611 -0.751543 38.2481 -125.582 -102.588
6.49999 -15.8372 1.01687 71.9238 -29.4704 -86.4397
6.79864 -15.0384 -0.268155 97.2344 -7.43324 -42.533
5.21094 18.4209 -2.65457 -61.07 131.151 -31.082
6.76561 -14.7337 -2.32852 90.7544 -10.5657 82.9764
6.28286 -13.3705 1.38109 35.8813 -131.517 -52.9304
4.56214 22.6366 7.52544 -137.233 -2.79807 -91.2728
7.17115 -16.3233 1.13869 120.067 12.2252 -21.1362
4.76133 16.9767 -0.490563 -120.694 36.4839 -1.82976
5.02186 33.0092 -3.44551 -102.209 59.7144 -77.9196
5.39098 18.498 -0.733889 -73.4419 -55.0554 34.8334
8.0043 -15.5121 -0.28152 171.421 58.583 -35.9025
7.2839 -14.692 -0.996728 99.2355 -4.23751 67.7554
7.17961 -14.8613 -2.13249 84.2253 -13.9438 173.532
7.30888 -7.34425 -3.88838 97.0484 84.1316 225.104
6.88396 -18.5912 -0.99195 49.5961 -49.9372 49.4294
5.80636 18.6795 -0.729403 -64.1222 83.4568 31.682
5.6898 17.2739 -1.00656 -77.5872 81.7127 49.3204
7.99306 -16.5738 -0.181554 148.15 23.1484 48.2459
4.35672 -2.69812 -0.304517 -214.706 213.469 19.0795
7.65888 -16.8725 -1.86382 108.612 -10.8598 46.5845
6.22063 15.0856 -2.64086 -36.811 70.6287 131.933
8.20287 -12.1371 2.052 159.926 92.1341 -68.2988
4.98123 14.7944 1.05347 -169.1 69.8821 -53.7169
7.72134 -17.8506 1.15565 100.209 -18.3093 -49.4848
7.41878 -5.0096 0.984921 64.2166 257.465 -54.7905
4.3655 6.46208 2.32891 -240.416 17.4193 -149.995
6.88427 -1.06425 3.89887 2.54555 129.48 -250.658
8.14316 -14.0498 0.0382322 125.683 20.2974 -52.2123
5.43654 13.8524 1.70271 -145.967 82.8883 -26.43
7.96584 -17.0545 0.491956 98.6411 -15.338 -96.7922
6.79646 12.2911 -3.43375 -21.8266 61.4452 179.619
6.17445 16.231 -0.478362 -86.0971 24.3629 14.451
6.2627 19.2844 -0.459139 -82.0001 87.9138 14.9274
8.30008 -18.0959 0.510304 119.232 0.716601 22.651
5.92366 14.9053 0.622636 -125.295 82.9435 -47.6973
5.25664 12.5884 -1.14297 -200.269 159.851 90.5427
8.96923 -12.7182 -0.53685 159.984 85.1003 -117.001
7.06509 -1.6183 4.91384 -35.1513 -112.482 16.6176
5.64539 12.6995 -0.848955 -185.315 86.4561 67.1483
8.5124 -17.8918 0.0254954 99.2237 -25.3547 -72.4851
6.75389 16.8862 -0.702103 -76.9246 93.1158 -1.51883
7.49182 6.77156 1.84605 -4.21277 193.559 35.9516
9.07347 -15.036 0.488598 148.849 59.9461 -30.9026
8.17883 -15.8639 0.337174 57.0824 -35.565 -84.1211
5.87268 20.851 -4.77478 -173.019 -0.689538 -14.9237
8.51584 -16.1374 0.873311 86.308 -18.647 -44.4142
5.11693 13.8999 -1.37809 -252.736 209.16 119.256
6.94226 16.8922 1.36693 -73.6009 85.7491 -35.2005
5.21666 7.43466 -2.02788 -248.606 -24.6793 36.5386
8.16693 -15.2157 -1.94998 40.5454 -43.6282 56.1107
9.34945 -13.0561 2.68229 157.885 81.8867 -100.677
8.77502 -16.6392 -1.95966 96.6631 115.055 57.8995
8.93208 -13.9556 -0.817102 110.557 -1.17695 -93.8598
7.19863 11.0368 3.05897 -72.1006 83.5595 -210.942
9.33102 -12.5322 2.0821 127.467 58.0424 21.3148
8.24953 19.9467 3.2229 18.7286 73.3382 48.0123
7.2191 17.2904 2.23199 -90.4135 83.5827 -83.2154
7.23169 10.1552 -3.2519 -95.7542 92.0619 172.046
8.03998 34.3857 -4.15373 -24.8265 257.159 -76.4384
9.61336 -15.8678 -0.950603 123.229 14.2633 0.575005
9.39104 -13.8074 2.30855 99.2297 13.3501 -135.566
8.49918 16.7898 -1.7304 8.36957 64.7967 67.1131
8.44521 14.0237 5.13066 -1.53046 73.3093 21.3565
8.64069 15.3908 -0.851534 15.305 6.6114 49.4362
8.3548 17.0413 -0.212906 -24.473 77.6181 -50.2234
9.36357 2.98083 1.21168 75.2545 -119.118 91.7683
7.84617 28.6121 -10.4353 -80.18 14.1723 37.243
7.70211 14.5662 -2.81452 -101.529 95.4834 95.6323
7.3265 6.64651 3.44198 -143.512 118.633 -184.399
10.2443 -10.4615 -1.68214 138.534 126.378 87.7302
8.51474 14.8884 -1.44616 -40.2858 81.0513 53.3582
10.1441 -3.09946 -4.91681 118.138 -97.0693 24.6645
10.2894 -13.3442 -0.0246003 127.721 51.804 42.8489
8.50024 14.4241 -2.28247 -52.5087 82.0273 104.846
8.79679 10.104 -5.01486 -23.8298 119.54 62.3769
8.91872 15.5239 -0.998486 -12.4992 121.583 53.7434
10.2272 -16.3182 0.180954 115.821 1.65326 -70.2151
8.23777 12.5701 -2.80353 -85.86 92.3059 139.871
7.58281 15.534 -0.13742 -154.152 101.998 -29.2518
7.55008 9.28883 -1.04609 -163.573 -28.5968 0.622057
10.6386 -10.5625 -0.636266 139.641 115.829 24.0579
10.3656 -13.797 -0.473969 108.755 19.5314 53.8271
8.58456 10.4571 -1.71845 -68.4851 154.334 138.47
7.95623 14.6702 0.389967 -137.318 108.464 -51.6109
10.5002 -6.98889 1.24722 111.897 184.439 -32.5987
10.3355 -14.3047 -0.0256532 85.8463 -0.41584 0.153012
8.10709 10.3606 -2.39393 -136.104 105.62 119.289
8.73599 11.0507 -1.11108 -75.6343 274.37 100.108
9.72708 36.4317 -10.9772 21.8027 13.8366 82.6236
7.56028 13.0986 -0.331818 -196.717 284.427 -1.38534
10.0327 -17.8322 1.85167 42.5589 -69.7005 128.969
10.5564 -14.7966 2.28187 89.5364 -1.6559 -133.592
9.39819 17.164 -2.28254 -26.0515 83.3676 99.055
10.7653 -16.7114 -1.0888 106.97 -6.33977 4.61762
9.54386 18.7023 0.113351 -15.4005 81.0488 -27.3944
9.21861 15.9476 -1.25236 -48.7745 87.4543 39.2002
11.204 -14.2303 0.570033 137.093 60.7165 -25.4638
9.82036 10.9092 5.10033 -1.53667 162.773 38.351
9.44794 17.7476 -0.861117 -43.0383 87.0151 76.547
9.41313 16.2132 1.33886 -55.9677 -37.198 -85.1105
11.0392 -12.1441 -2.38283 99.8107 30.0792 113.019
9.71772 17.8526 -1.80372 -38.1762 55.3895 69.3676
10.9651 4.79833 -5.6373 85.6239 -6.43344 -94.8029
10.0578 11.4136 -7.17456 -13.471 74.7779 3.46809
11.145 -16.7043 -1.78278 92.1149 -17.6284 45.9087
9.66523 6.50249 -3.63864 -55.7588 120.333 210.174
11.0666 -16.9999 0.743111 82.6358 -19.2188 -52.0179
10.204 16.3494 0.162419 -4.52368 76.1842 38.5312
11.4068 -9.44733 1.50653 113.998 103.283 -73.1035
9.98676 32.6261 1.69227 -30.1595 316.823 53.2359
10.103 12.019 -2.40614 -31.9231 87.5233 114.4
11.5826 -12.829 0.772805 109.489 32.4483 -79.4286
10.0094 4.57061 3.42362 -48.8372 132.33 -195.209
11.9268 -9.77874 1.03595 137.625 162.544 -61.5341
10.7173 0.137128 3.72554 11.7982 131.01 -216.357
9.57543 11.7046 -0.595436 -107.61 111.648 73.1952
11.9263 -8.25517 0.389617 117.194 180.738 18.9464
11.9913 -7.53356 2.97096 120.209 -16.8961 -154.526
11.8477 -10.7797 1.06177 102.957 49.9628 -65.2859
12.0137 -7.89254 2.90028 116.336 171.699 -114.334
9.50068 7.32341 -2.5473 -134.917 151.891 112.36
9.11339 12.1699 -1.5204 -176.816 126.567 42.7854
9.56679 11.6799 -1.50315 -133.376 63.9151 126.983
11.3009 -4.1242 -2.81629 35.1507 241.891 -43.552
11.9216 -22.3606 7.64818 96.6981 139.818 -129.773
9.83954 -4.32018 3.65371 -111.012 123.296 -90.057
10.2208 16.6147 -0.793605 -81.8584 103.975 9.50001
10.5003 15.0419 0.550417 -55.2015 98.2391 12.4926
11.2727 10.7212 0.0569985 21.1475 78.7762 70.0607
10.331 13.3525 -0.0640062 -73.3424 147.206 45.3542
11.2702 10.1726 3.39357 19.3845 125.453 -239.979
10.5246 11.3291 2.31565 -57.8983 102.632 -162.457
10.708 12.0043 0.244614 -39.7328 96.5348 -72.3085
11.979 -6.74754 -0.753521 86.0943 221.85 -3.74435
9.63094 4.77022 -0.0495965 -152.796 191.469 -91.014
10.1562 15.7298 0.755836 -108.604 99.4288 42.9608
10.3165 13.3643 0.96697 -94.3356 112.287 -16.6521
10.8874 11.7078 -0.475995 -41.6275 136.81 8.21373
10.9385 16.4327 1.78235 -36.9123 92.0161 -58.4307
12.7309 -10.6979 -1.05581 138.498 118.015 84.1017
12.2008 -5.59229 -1.88546 80.2411 169.279 101.968
12.1187 -7.35806 4.11787 69.2571 36.5213 -210.547
12.5162 -10.6206 1.28264 107.472 65.0465 -93.4178
10.4822 16.6886 -0.352693 -101.602 65.4948 13.485
10.5292 14.5817 2.13306 -100.233 128.102 -32.7996
12.6456 -10.5543 -1.45547 107.404 55.8623 71.9324
11.7697 -2.07954 -5.64398 18.5486 203.605 -37.5358
12.9822 -13.1282 1.20317 136.451 96.8858 22.2099
12.553 -2.82524 5.12684 90.7418 -50.0594 29.3498
11.5904 15.8295 -0.851864 -4.92 103.063 -62.3184
11.8142 3.33833 -11.9795 14.0945 100.028 -34.3253
11.2457 7.69188 -1.23374 -44.4856 184.635 44.499
11.6322 -2.13083 1.65318 -8.58916 240.86 -90.3093
12.7178 -12.8417 1.30365 97.8801 21.2465 -113.512
11.867 -1.82805 2.43658 11.937 207.793 -121.649
12.5193 -18.0834 -8.34816 68.8265 -21.7278 33.6892
12.5663 -5.09366 0.61683 72.9129 190.802 -2.94859
11.165 8.12246 2.77464 -67.4231 138.652 -159.276
12.0679 15.7219 0.149481 18.2064 67.7732 -38.1226
12.8161 -13.88 0.447921 86.496 -3.45088 46.109
12.7179 -13.4487 -0.480819 62.5938 -24.0878 74.9284
12.3386 -1.78881 -0.994951 18.1965 226.734 28.6224
12.3727 48.4695 -36.5666 5.28929 183.643 -142.375
13.4155 -9.97522 -1.16824 105.482 69.4713 91.0834
13.2794 -9.39617 1.96307 91.5843 47.3512 -98.6693
11.8677 11.7439 3.78533 -50.7641 219.752 275.013
13.2858 -7.02978 -1.04051 89.6595 110.664 76.3387
13.4197 -9.2659 -0.162131 102.868 94.6838 53.5071
13.1293 -5.59897 3.55914 72.9667 88.7864 -177.847
12.5968 12.0258 -1.02925 17.4667 64.4527 32.1522
12.8784 -3.07281 1.63674 44.2222 194.109 -74.268
13.2268 -5.99742 0.711484 77.8662 181.46 -55.8671
13.2632 -13.0151 2.95509 80.4126 -2.66943 -35.9879
11.7519 10.276 -1.01294 -70.7082 118.637 86.8493
12.6858 -2.21941 2.2897 19.2985 203.075 -136.322
12.621 11.4047 0.902804 -4.24428 81.4114 -83.8407
12.0464 14.4657 0.738181 -64.1589 60.9413 29.7244
13.8328 -8.87037 3.11231 111.246 188.563 -142.772
12.9291 9.42573 -6.41722 19.7097 106.125 -22.5237
12.0381 10.3791 1.50011 -71.051 132.023 -64.3615
13.0475 9.20703 2.49622 28.945 103.887 -28.3745
13.8118 -10.0203 0.492505 99.4854 61.7446 -8.8917
12.4515 14.9183 -0.750812 -37.0958 104.659 7.01732
12.1533 7.82327 -3.23096 -66.9015 199.121 111.314
12.7312 -1.68484 -0.384821 -9.75914 220.349 -0.000251083
12.539 11.5913 1.57963 -28.8708 102.09 -122.39
13.5331 -4.27842 0.863266 66.9039 180.363 -43.9964
12.6478 12.2507 -0.605019 -21.2661 27.7195 35.4914
12.5214 8.47139 0.151265 -36.522 50.1434 164.672
13.7876 -6.48777 -1.75362 88.5709 110.732 66.6615
13.3738 -2.89721 0.0348975 40.5548 195.038 -27.2111
13.8281 -5.41062 -6.67019 84.2331 31.3086 55.3324
12.0413 10.8411 2.18674 -96.4079 50.2903 -166.075
13.4192 9.65438 -1.29435 38.337 40.5163 96.1264
13.1309 11.415 2.04885 6.84858 129.933 -118.126
13.0199 2.71255 -2.50193 -6.21715 143.291 140.545
12.9613 -2.04118 -7.76351 -16.4556 -70.9644 2.45337
14.1936 -12.8767 0.103307 105.433 35.2768 -26.149
13.5892 -2.80634 1.66407 45.2465 178.452 -74.6017
14.3018 -11.7079 0.988905 114.311 54.1395 -77.7758
13.6669 -2.33276 -3.13125 50.1334 63.5332 197.355
13.9754 -12.3548 0.452388 80.5272 0.273218 -82.5418
12.5238 10.531 1.67306 -65.3999 227.048 -90.5653
14.0631 -7.04457 -0.543508 85.0231 136.986 -55.4563
13.7971 -11.0494 -1.8644 58.0479 -20.1293 94.2547
12.1599 9.60134 1.12464 -105.017 148.257 -42.7342
13.8123 -3.28329 2.24654 58.8709 119.435 -127.521
13.8419 -4.12816 0.66419 59.8118 186.667 -14.0046
12.929 11.8592 -0.702015 -32.9134 107.399 14.793
12.6838 11.405 -0.220572 -60.787 127.015 41.6123
12.2641 8.97918 -1.61068 -111.076 93.2565 78.7853
14.4386 -8.20521 -0.651498 103.976 125.078 88.9019
14.5642 -9.79113 0.280582 115.308 94.8665 -15.7065
13.1827 2.00689 -2.16747 -22.0117 183.599 120.411
12.8946 15.2312 -4.41262 -53.8171 191.053 -126.209
12.7954 9.69376 -0.29229 -66.5708 146.706 27.4696
13.7699 -1.39994 2.16217 30.0792 160.237 -128.413
14.1353 -9.8873 -1.12117 62.5209 2.91396 -41.1961
14.6347 -12.7203 1.8145 111.487 44.7695 61.5226
13.7783 9.82158 -2.24431 25.8681 -7.46667 -32.2014
14.0832 -3.29817 2.47148 55.4872 135.783 -122.939
14.392 -5.85075 -0.205558 81.9167 157.227 -1.53263
14.5507 -7.10034 -1.8608 94.0181 132.014 70.9393
13.7539 8.41753 -3.1054 12.7565 79.0913 134.483
14.3308 -4.14293 2.43425 67.6108 109.221 -138.402
13.5153 12.8185 0.27603 -13.8009 65.272 -20.8117
13.3739 8.48758 -0.988665 -31.8629 123.529 102.054
14.85 -10.7463 0.444966 111.671 81.5038 13.4357
13.2598 7.76479 0.520975 -50.7509 322.526 -24.4978
14.7639 -7.01284 0.39497 98.3137 32.1873 6.15328
14.4112 -11.3122 2.16756 61.6603 -18.6986 16.3979
14.4843 -3.70243 1.97673 65.8167 103.026 -155.121
13.8936 10.1692 -1.59322 6.91685 79.4298 142.418
13.6336 9.03546 1.71057 -22.8493 110.671 -59.7432
14.9228 -11.0638 -0.060801 97.326 93.4885 30.1119
14.3566 -1.76296 0.527549 38.4306 173.323 -77.5397
12.7965 9.09902 -0.734763 -116.966 172.869 20.1712
14.9437 -9.26652 1.08126 94.1202 -30.103 -49.1131
14.2223 8.50865 -1.93648 21.0511 72.6564 119.437
14.9114 -6.71506 -1.5986 88.1835 120.832 139.178
13.5844 11.0945 1.77917 -44.4799 134.371 -96.7629
13.8289 6.09689 1.04254 -22.4026 143.11 -70.514
14.1589 0.965521 -2.52704 8.99456 156.806 146.705
14.9664 -6.88801 -2.47438 88.0828 113.323 107.206
14.0848 -0.629017 0.424493 0.038534 217.819 -14.2762
14.4498 0.0874792 -1.90248 36.242 111.695 135.973
13.3217 10.0434 -0.1375 -75.8963 148.873 18.4258
14.6441 -12.9828 -1.89759 55.4434 -34.6884 77.0082
14.8555 -5.88316 -0.668965 72.8728 75.9346 82.1866
15.0488 -9.98403 -1.41761 90.5402 40.5619 125.647
15.0333 -18.1249 9.15604 86.8961 -0.801033 95.0035
14.3252 10.6654 0.490206 14.0267 76.653 18.3023
14.7505 -8.32143 0.87298 55.4168 102.926 -49.9169
14.0765 17.2694 -2.02603 -16.8906 230.587 36.8934
14.4178 3.51258 -1.64369 13.0853 122.937 110.509
14.2176 8.6437 -0.381083 -10.7544 106.144 0.278285
13.8908 4.78442 -3.98471 -43.4529 217.101 -63.4212
15.2131 -5.77044 -3.34566 82.7679 66.6947 25.7201
15.1977 -9.31898 2.3771 80.4652 119.215 -70.799
15.472 -10.989 0.251993 105.347 58.4616 8.01812
14.264 11.7628 -0.652688 -16.7695 110.3 23.8536
14.1088 3.95305 -0.382124 -34.8359 172.393 18.4894
15.4629 -9.48371 -0.76449 97.6763 57.9747 47.5045
13.6989 8.73164 -0.79039 -79.2719 171.88 12.7307
15.2441 -8.46448 -0.640879 67.0433 8.34009 86.0032
15.5428 -13.8008 0.0704631 96.2671 9.26982 -31.1545
15.4793 -6.48512 1.42235 87.3645 97.2815 -41.9689
15.5149 -6.8239 -0.814644 90.8541 116.133 93.4792
13.799 7.29097 -0.729463 -80.2945 177.211 85.1492
14.6525 10.571 1.3856 4.21939 90.54 -35.2724
15.6538 -5.3485 16.2265 102.637 119.55 141.711
14.3519 13.4454 0.672752 -26.7028 113.065 -71.7037
14.3795 12.5535 1.03519 -24.4253 116.788 -50.8517
15.3929 -14.1769 0.118292 75.2251 -19.1743 -47.4387
14.9887 -4.85981 2.18176 34.3209 -78.2055 -80.8738
14.9316 -1.08871 1.29459 27.2721 185.376 -56.7949
14.6003 4.17517 -2.02726 -6.72841 128.667 124.746
15.3701 -4.04755 -0.53459 69.1649 142.702 27.2794
14.7479 14.6881 3.42617 5.02551 72.2149 -105.452
14.716 -0.170121 -0.888709 -3.05164 197.488 65.5634
14.6564 4.44671 0.660203 -10.0527 197.676 -58.7402
13.9068 10.5872 6.58653 -85.0166 112.265 -77.9009
14.9508 -0.375707 1.66389 18.3162 171.49 -87.809
14.8288 10.7629 1.8383 5.12953 88.4206 -62.0041
15.2344 -1.06195 -1.15103 42.1127 148.627 72.1037
14.7644 0.838241 -1.24191 -4.84276 189.409 66.8822
15.7696 -11.8586 1.25648 90.3047 20.0406 -95.1389
15.7391 -9.31626 1.53373 85.156 35.3685 -43.1346
15.0276 4.01711 1.16897 12.3783 163.973 -60.2175
14.9944 13.7572 0.418978 4.12398 93.4804 -60.4569
15.209 4.38191 2.01776 23.9554 92.6407 -110.05
14.9811 12.9368 -2.18123 0.597182 106.64 4.38495
15.4696 -1.71182 -2.3998 48.5283 126.554 115.962
14.8348 11.8572 1.06147 -17.7936 115.078 -67.3452
14.9948 0.992117 -0.525879 -4.46935 183.977 23.4733
15.6278 -8.10513 2.73902 55.5315 -19.3234 -117.722
15.5049 -1.46032 -1.08333 40.9961 160.333 16.1968
15.2637 4.20688 1.43314 14.3159 114.425 -99.4283
15.5027 2.71648 1.67192 34.7612 77.5973 -107.828
15.3466 8.94171 -1.94323 18.214 80.5244 95.6805
15.5058 5.07331 -3.28685 27.1292 72.8585 185.476
15.4697 11.7206 0.996425 21.2155 75.4773 -8.13398
15.9469 7.57081 -1.17022 66.7706 88.9907 62.8571
15.1966 3.22531 0.870516 -10.7084 149.123 -41.1573
14.1924 12.9379 0.388736 -110.556 -22.8 -8.61585
14.9923 9.61984 -0.687342 -33.8298 133.67 89.0636
14.2561 18.2843 -3.55798 -112.707 10.4111 122.251
16.279 -7.60031 0.141733 86.6545 58.1501 41.0195
15.1975 -0.509238 5.92401 -21.0981 158.451 78.9916
16.1209 -12.2443 0.53043 65.6011 -23.7788 -33.4711
15.985 -1.74669 -1.30997 50.9957 130.674 97.9329
15.7738 5.93666 -1.617 29.6585 68.8921 100.222
16.5158 -9.63076 1.49146 98.8807 65.0262 -45.0903
15.1412 5.70985 -1.35282 -41.8258 113.237 76.4883
16.0812 6.0033 -0.461006 45.985 37.7566 13.9469
16.0573 0.900698 -2.15829 31.3124 107.233 144.312
16.0376 18.8768 3.93315 29.3184 241.987 177.312
16.5856 -5.60192 -0.319888 80.7883 115.062 3.44992
16.6344 -10.7682 0.563952 84.4051 16.4103 -9.73504
15.6343 3.67169 -10.7385 -18.4275 136.25 98.995
15.7084 9.32481 1.38596 -13.1942 124.227 -64.0436
16.5933 -5.4699 -0.726058 73.1731 70.1591 36.2395
16.3461 7.0918 0.0694954 47.9053 84.8118 -29.9252
16.5774 -5.829 2.56286 70.124 43.4728 -108.789
15.8103 2.17216 4.8988 -12.1394 21.8913 13.8586
17.1339 -8.5131 0.696401 115.758 69.6184 18.8021
15.763 3.75742 -2.11941 -22.0304 -71.5263 -6.9725
16.4505 0.0721132 -2.09059 42.7978 92.238 90.9505
16.4874 -0.415792 1.56836 45.8894 109.128 -100.682
16.9863 -10.0375 -1.38916 94.861 46.8919 85.3725
16.7342 1.12807 -0.0529279 67.0207 150.87 -4.16083
16.6299 1.61214 -0.976452 51.736 38.483 83.4013
16.3582 6.13424 -0.257507 22.8066 92.5185 -16.085
16.6254 8.20181 -0.0659656 48.3565 50.4978 -2.66427
16.2675 2.72346 -1.94197 12.7964 146.488 81.1582
17.15 -8.12197 -0.680218 98.6757 91.2891 58.2171
16.4949 3.30451 -1.00048 31.7803 90.4639 92.2106
16.2746 5.55047 1.22207 9.70174 119.486 -104.944
16.1844 12.4186 -6.48928 -0.372745 55.9543 92.3174
16.2612 10.5356 -0.214157 6.93834 312.216 101.201
16.78 -3.07531 -0.0760671 58.1208 110.702 35.866
16.4963 7.32324 2.27041 26.5704 80.4487 -91.0453
16.9824 -6.24876 0.575954 73.797 26.9576 28.2436
17.039 -6.26189 -0.760064 77.3314 59.5231 93.5609
16.6421 -0.475544 -9.26998 35.208 1.31994 41.9664
16.8862 -1.5139 -0.0142492 57.8059 101.551 -0.644224
17.2451 -9.57363 0.00879712 91.5642 44.2474 46.0329
16.5252 4.31363 -1.45328 18.0764 124.689 100.671
15.7643 8.07401 0.486503 -57.5765 169.705 -10.5437
17.0069 -2.4086 -0.287568 63.2896 49.1073 27.4683
16.7783 0.0669998 -0.350405 38.4209 136.401 58.1578
17.1147 -4.81204 0.134289 69.8965 62.9698 -24.3101
16.7675 8.70917 0.536555 33.4676 40.6063 -45.1272
16.958 10.2114 1.64578 31.163 103.764 -27.6799
17.0738 5.92006 -1.17634 39.4905 63.8396 56.4508
17.3666 -2.40594 2.57252 63.7118 105.844 -77.0195
17.8489 -3.81902 -5.21603 109.047 48.2078 70.6335
17.5076 -9.38751 -0.963901 74.4437 2.07332 59.6832
17.6864 -6.70812 -1.00781 91.839 117.387 32.4006
16.8579 10.7514 0.236593 8.07275 100.212 -80.5637
17.2829 0.364305 2.32719 45.718 118.204 -115.502
17.6075 -5.15343 -1.93024 76.2917 76.1381 99.9411
17.2101 5.82989 1.31587 34.9326 70.7399 -94.2304
17.7603 -6.70323 0.482297 84.576 71.5535 20.6582
17.4657 -0.0364676 1.52987 50.4609 91.3348 -98.7155
16.9001 31.4947 -2.26987 -5.77742 104.41 -18.8538
16.6471 10.7231 10.0493 -31.3717 72.0994 -197.379
17.7787 0.202054 -2.96896 71.0511 73.6775 54.7487
17.6617 -1.21038 0.518761 56.2374 100.89 -10.6312
17.9244 -11.175 0.105943 79.1835 -1.35419 19.5728
17.6557 0.283761 4.15165 52.3864 -11.3509 -31.4128
17.7579 -3.87134 -0.47453 61.205 52.7841 -132.935
17.9533 -5.2016 -0.325555 80.0401 73.9629 2.59123
18.0448 -8.20359 1.23388 88.5994 48.0571 -14.779
17.9417 1.28177 0.275514 68.3429 75.4405 20.321
17.8523 -0.335755 -0.722465 53.5446 103.743 -13.3944
18.1639 -6.76509 1.1687 84.311 68.3417 -19.7906
17.8754 0.357569 0.0549869 53.8559 69.7878 -9.73166
18.0229 -7.72134 1.13951 67.9673 27.1872 -22.2495
17.6651 5.51882 1.25589 30.2525 98.5212 -90.9169
17.5837 6.57056 0.661191 10.0255 -40.4925 32.8128
17.515 7.06561 -0.172656 1.23069 125.8 17.6216
17.9388 6.33821 0.803174 43.2801 60.6326 -63.9589
18.133 -1.14716 1.54769 58.8028 103.68 39.9001
18.3027 -3.51997 0.536285 74.3395 92.1843 -38.3647
18.3849 -6.35236 2.34092 78.2023 41.3078 -90.3284
17.8613 2.72787 -1.20369 22.589 133.25 62.5944
18.3136 -2.88368 -0.993906 64.4663 70.7356 70.9008
18.1215 5.85562 0.0451162 41.0914 76.7813 11.6154
18.476 0.293882 1.09213 61.208 35.5491 -97.1572
18.4233 1.76756 1.91888 40.1976 47.9006 -72.4385
18.5349 6.76813 1.55623 49.3415 51.2128 -110.049
18.0101 39.7552 -7.54484 -7.8017 58.7411 75.4117
18.6137 1.59604 -0.728794 44.5145 92.272 60.2329
18.8436 -2.72695 2.05113 66.7442 58.2293 -112.826
18.9374 -2.88489 -1.55993 71.3414 66.8679 105.524
18.5135 3.84451 2.95829 24.0443 135.409 -46.7123
18.8194 -2.2628 2.89565 51.6159 119.335 -54.163
19.0627 -3.97624 -2.22054 73.1268 61.3859 -12.8466
18.722 3.7035 0.150271 37.559 92.4025 -19.8571
19.054 -3.1226 0.0668738 69.9848 80.7319 7.2513
18.0373 8.64731 4.71929 -33.3573 228.393 -43.4637
19.2443 -1.91667 1.48431 62.9265 -63.1673 -60.708
18.9086 -7.13999 0.0933105 25.1143 -4.40058 51.2354
19.521 -6.86686 0.957808 85.8286 50.4263 -3.45075
19.4679 -1.1197 -5.18643 66.7296 77.2759 -31.4039
19.4568 -0.226706 -0.597013 62.0656 69.7356 3.34536
19.5543 -16.3017 10.5998 56.2612 67.2638 -151.101
19.6599 2.89294 -0.387097 63.4896 19.9699 -21.4768
19.3986 3.09694 -0.0367714 26.0992 137.026 -8.82343
19.9325 -1.09805 0.613086 64.1644 97.6834 -13.6552
20.1246 7.00303 -0.371513 -42.54 111.836 31.3393
22.4307 12.2097 14.8224 37.0173 118.502 22.9608
nan nan nan nan nan nan
19.4344 -3.35285 0.0315876 69.5536 92.6534 9.59262
21.1214 -2.28653 -0.145324 72.0271 18.9715 21.2507
