-64.4126 0.911715 21.1111 -0.16831 -0.0196883 0.0982645 5.54303e-05 106
-58.222 -2.82037 4.18981 -0.148573 -0.0794677 0.015489 -3.49609e-05 190
-56.2966 6.93608 -20.1662 -0.263579 -0.0229509 -0.0837145 0.000273665 20
-51.7721 -31.8003 2.00244 -0.102825 -0.140679 0.00973579 -1.52565e-05 250
-49.1359 -9.96011 2.31661 -0.0930707 -0.100831 0.00641242 -0.000131121 314
-43.7436 30.1567 24.6619 -0.127642 0.0200837 0.127666 -7.18323e-06 11
-41.2309 14.7566 -20.9106 -0.0959056 -0.0352779 -0.0478219 -0.000178023 387
-40.9944 22.9006 2.56161 -0.445191 0.199331 0.0446727 0.00123372 51
-40.944 -15.0442 -4.76883 -0.105211 -0.118991 -0.0243206 -0.000123493 287
-40.2713 -31.7231 -2.72918 -0.298606 -0.257245 -0.0231621 0.000730746 381
-39.2786 35.6969 8.62929 -0.12145 0.0411745 0.0778366 -9.18084e-05 468
-38.5097 -24.1103 0.391833 -0.0196297 -0.138874 0.0146272 -0.000150828 64
-36.1962 -6.78625 -4.39418 -0.212638 -0.133609 -0.0118013 5.79999e-05 109
-35.8504 54.347 45.346 -0.296851 0.372883 0.34796 0.00201894 449
-35.5738 -39.7429 10.8682 -0.262035 -0.341903 0.119549 0.00101944 200
-30.8649 -3.55984 -4.00421 -0.0130046 -0.144527 -0.0140788 -0.000266177 26
-29.5024 -18.4226 15.2721 0.0365626 -0.0821843 0.0493981 -0.000263239 263
-27.528 5.05272 6.26856 -0.0437788 -0.149359 0.0283755 -0.000279388 217
-27.3462 5.48125 18.4252 -0.0543334 -0.113609 0.0129815 -0.000273779 312
-25.6614 -19.9232 1.45327 -0.146828 -0.206105 -0.0092921 1.6397e-05 317
-24.3787 -8.87915 -7.67896 -0.221546 -0.141044 -0.0548269 -1.20854e-05 325
-23.8469 50.3596 3.38004 -0.113416 0.0921836 0.00995471 -8.97979e-05 98
-23.2109 3.14333 21.8283 0.00984835 -0.125866 0.0895065 -0.000240723 476
-20.9526 27.9417 3.42323 -0.0141956 -0.0330628 0.0479916 -0.000333717 231
-19.9499 -6.51429 9.81006 0.0678935 -0.147997 -0.0402572 -0.000363747 213
-19.6509 -8.4284 5.41032 0.0963919 -0.141379 -0.0313533 -0.000377599 383
-19.254 9.51641 2.76208 -0.0366864 -0.140248 -0.00129864 -0.000445895 143
-17.8251 3.99855 -5.82085 0.0509608 -0.158789 0.0387869 -0.000468735 310
-16.9922 13.8116 13.792 -0.0941908 -0.121816 -0.0123628 -0.000333871 289
-15.4605 22.7332 3.99481 -1.00366 1.18096 0.266996 0.0150082 90
-15.2531 0.186616 -1.07466 0.076588 -0.177478 -0.0945162 -0.000528058 137
-15.1211 23.5329 1.62076 -0.135805 -0.0727547 0.00392894 -0.000297675 410
-14.3412 66.5267 8.58195 -0.1077 0.310452 0.0734933 0.000526401 108
-14.2596 -4.76976 -1.69853 0.168692 -0.15735 0.0126802 -0.000492467 272
-14.1364 -15.2878 -2.5512 0.0784488 -0.12793 -0.0114148 -0.000454304 174
-13.8625 -29.8812 10.2504 -0.0144282 -0.196096 0.0873173 -7.30489e-05 112
-12.9099 15.5876 9.3492 -0.13131 -0.0620675 -0.0182303 -0.000426756 124
-12.5986 -6.38993 1.55984 0.0755445 -0.24153 0.0724896 -0.000446407 364
-12.2918 5.68888 0.108892 -0.2111 -0.186498 0.0519925 -0.000410057 279
-11.9292 -5.04614 -1.63634 0.156562 -0.169675 -0.0553827 -0.000605142 212
-11.3376 11.8093 -2.48028 -0.250762 0.0737169 0.0240041 -0.00032437 340
-11.3195 -6.22194 -0.0707133 0.0618428 -0.247693 -0.0337132 -0.000553262 417
-11.2022 22.717 4.37639 -0.147239 -0.0725726 0.00512973 -0.000317725 3
-10.7301 14.0788 6.46338 -0.108505 -0.125281 0.113065 -0.000411738 322
-10.5899 3.35669 -0.291811 -0.140691 -0.25316 0.0279385 -0.000595662 126
-10.5782 3.99395 0.92592 -0.0945965 -0.262182 0.0177148 -0.000614302 29
-10.3207 4.96142 3.40027 -0.138844 -0.259759 -0.0291176 -0.000498922 27
-9.99663 2.22707 2.81585 -0.00615341 -0.284184 0.0910279 -0.000620052 409
-9.96769 -4.17974 0.864532 0.0875274 -0.29632 0.00295039 -0.000556088 156
-9.61135 44.8012 8.35771 -0.10736 0.127627 0.0267142 -9.0073e-05 7
-9.41752 16.9696 20.6756 -0.152616 0.151808 0.127305 -4.99044e-05 482
-9.37039 -8.70865 0.467526 0.153768 -0.19555 -0.0470915 -0.000575856 290
-9.32567 -5.33809 10.0506 0.183304 -0.0654048 0.155025 -0.000462635 459
-8.52601 -3.13881 -0.0975783 0.06227 -0.313835 0.0289509 -0.000730701 249
-8.39764 -28.1802 0.608783 0.125212 -0.0378673 0.00123374 -0.00031805 495
-7.83757 -4.45542 2.67428 0.0237978 -0.184412 0.0121457 -0.00111225 458
-7.79148 0.683296 0.463363 -0.00659372 -0.345084 0.0448365 -0.000838279 427
-7.55162 -0.145318 1.38777 0.096359 -0.343343 0.0484118 -0.000818265 384
-7.51565 -4.62917 -1.64982 0.125247 -0.377485 0.0472881 -0.000389406 72
-7.47531 -4.94998 0.146295 0.190337 -0.27438 0.0140024 -0.00069585 141
-7.23797 -6.41166 1.95553 0.130571 -0.305211 -0.00248411 -0.00057828 397
-6.55185 -13.8324 16.5151 0.159558 -0.0834236 -0.0328719 -0.00034577 125
-6.3732 -5.69285 1.20533 0.186679 -0.306004 -0.0225249 -0.000642195 356
-6.27309 -4.51855 0.579689 0.218419 -0.268231 0.0478691 -0.000850172 367
-6.25864 -3.50756 0.712858 0.138086 -0.256482 -0.187545 -0.000983592 460
-6.15584 -0.644364 1.3663 -0.00759745 -0.39574 0.0365852 -0.00098454 197
-5.78496 -15.752 4.5521 0.201495 -0.044905 -0.0902345 -0.000401678 292
-5.62288 26.9866 24.0281 -0.0725284 -0.0396711 0.10567 -0.000229324 370
-5.62011 0.520769 -0.583458 -0.0175521 -0.266154 -0.0567164 -0.00173816 111
-5.53746 1.88642 -1.10825 -0.211369 -0.410204 0.0134448 -0.000767393 104
-5.53621 12.9085 1.07127 -0.246842 -0.00710629 0.027658 -0.000501469 327
-5.23759 4.32527 0.606719 -0.0979802 -0.301726 0.0928844 -0.00115001 338
-5.231 4.47357 -5.40418 -0.0365984 -0.316334 0.012805 -0.00079358 157
-5.07812 -5.13568 0.201938 0.210176 -0.283217 0.0108485 -0.000951913 273
-4.94497 1.46035 2.69779 0.00231707 -0.448821 -0.0363638 -0.000880751 214
-4.91594 -3.58549 0.19043 0.314572 -0.326382 -0.0070464 -0.000768801 477
-4.78819 -8.21135 1.97623 0.25012 -0.178153 0.00836117 -0.000697704 303
-4.70752 -6.83799 -0.8818 0.268456 -0.255089 0.0229094 -0.000636885 257
-4.67872 0.90612 1.16819 0.208289 -0.438791 -0.0235519 -0.00106953 77
-4.60996 -12.1662 -3.02781 0.244466 -0.0309918 -0.097225 -0.000497161 132
-4.45185 1.83362 -0.784885 -0.148226 -0.413021 0.00366154 -0.00135884 286
-4.33362 4.27575 0.0400484 -0.16406 -0.310244 0.0314181 -0.00127725 360
-4.07088 5.24 -0.965443 -0.384589 -0.100905 0.0288745 -0.000870906 182
-3.9993 16.4221 -2.04226 -0.152295 -0.0384939 -0.0197695 -0.000577551 140
-3.82103 9.30549 1.19201 -0.254756 -0.12409 0.00436067 -0.000731991 456
-3.6123 -12.3712 1.32781 0.239365 -0.0221072 -0.0599036 -0.000581225 229
-3.58472 -12.3373 0.157848 0.211278 -0.0540769 -0.0434073 -0.000663835 50
-3.5307 -6.34372 0.611703 0.359496 -0.146393 -0.140029 -0.000651441 6
-3.36218 -22.3192 -5.38145 0.140445 -0.124122 0.0785778 -0.000280548 479
-3.34407 -14.4595 -1.72926 0.234231 -0.0684705 -0.0642445 -0.000438598 219
-3.34383 12.6339 -0.561494 -0.265535 -0.0806916 -0.0672762 -0.000445926 94
-2.96461 11.1862 4.43896 -0.19673 -0.00968725 0.0192046 -0.000763725 418
-2.71096 -7.90204 -0.0215922 0.313454 -0.255644 -0.0868045 -0.000426619 185
-2.70084 11.0446 3.60779 -0.227299 -0.0729648 0.0202791 -0.000689144 187
-2.64921 10.2716 3.48731 -0.283143 -0.0697039 -0.0246185 -0.000584228 380
-2.5343 -5.95029 0.659263 0.306084 -0.194261 0.0126102 -0.00110038 326
-1.85476 14.4763 0.153859 -0.303476 -0.056241 0.0173505 -0.000259173 457
-1.75424 -7.47378 0.565254 0.31143 0.0370842 -0.157948 -0.000853169 218
-1.53047 -5.74046 1.64436 0.450919 -0.0050414 -0.108041 -0.000683876 433
-1.38206 -4.65132 -0.134881 0.47974 -0.21717 -0.00150505 -0.000841878 391
-1.32783 11.3738 4.00922 -0.203278 -0.0362046 -0.0201124 -0.000761298 243
-1.2408 -9.13741 1.52852 0.35943 -0.0558266 -0.0222656 -0.0005073 333
-1.12532 14.5436 -0.905949 -0.428459 0.0720829 0.0323459 0.000331096 416
-0.813812 -8.77204 -0.671562 0.267052 0.00829804 -0.117195 -0.000882781 58
-0.757384 -3.48531 0.170174 0.595263 -0.0724812 -0.101334 -0.00118908 238
-0.62636 -3.80251 -0.808072 0.538533 -0.133398 0.0121474 -0.0012498 256
-0.561686 14.1425 -0.207969 -0.30055 0.0584919 -0.0787191 -0.000258396 202
-0.499828 0.00154581 0.00254003 0.0143835 -0.899002 0.250068 -0.0195647 300
-0.49846 0.0133019 0.0246399 -0.153078 -0.876502 0.24847 -0.0197039 346
-0.496567 0.0543569 -0.00981427 -0.125201 -0.895767 0.227045 -0.0195834 130
-0.494098 -0.022868 0.0710288 0.303396 -1.01663 0.0375105 -0.0179712 118
-0.491398 0.00266695 0.0905093 0.149025 -0.957694 -0.0183511 -0.0191432 274
-0.482718 0.0411825 0.120521 0.016704 -0.948283 0.00784144 -0.0194158 254
-0.481338 -0.0985788 0.0920743 -0.014697 -0.884839 0.405566 -0.0190831 485
-0.475691 -0.152529 0.0125042 0.579381 -0.771234 0.234349 -0.0188561 432
-0.473394 -0.147917 -0.054047 0.149162 -0.810849 0.216754 -0.0205131 258
-0.473173 -0.0251499 -0.159436 -0.0210303 -0.802183 0.236751 -0.0206278 38
-0.47182 0.115065 -0.11861 -0.299584 -0.784376 0.0585 -0.0205763 79
-0.466842 -0.156344 -0.0870413 0.425779 -0.715248 0.247264 -0.0202894 278
-0.466244 -0.153207 0.093419 0.0882215 -0.856345 0.407838 -0.0193494 405
-0.463696 0.0793584 0.168572 0.0834884 -0.872421 -0.0788687 -0.0201742 105
-0.463076 0.154422 -0.106571 -0.334346 -0.879567 0.39492 -0.0185092 53
-0.457234 -0.167838 -0.11133 0.535518 -0.729808 0.297564 -0.019344 323
-0.454379 -0.18944 0.0850939 0.250596 -0.761445 0.226225 -0.0206845 294
-0.453086 5.99921 1.89439 -0.413393 -0.0179353 0.176656 -0.000716625 152
-0.452887 0.190494 -0.0886418 -0.312318 -0.889528 0.316916 -0.0188547 163
-0.447354 0.191694 -0.112346 -0.263112 -0.920162 0.326851 -0.0186331 265
-0.446473 -0.0787175 -0.210089 0.022883 -0.759577 0.214841 -0.0211187 102
-0.44489 -0.226787 0.0247141 0.691695 -0.801326 0.264253 -0.0175615 425
-0.437247 -0.240354 0.029046 0.750048 -0.747825 0.32886 -0.0173228 302
-0.433756 0.210253 0.12757 0.00570908 -1.03823 0.0501755 -0.0183161 99
-0.433043 -0.243052 0.0562943 0.504702 -0.736393 0.367844 -0.0191846 335
-0.4316 0.251652 -0.0119973 -0.381337 -1.02375 -0.144109 -0.0174234 59
-0.424935 -0.089543 0.246877 0.179898 -0.727594 0.0268747 -0.0215078 242
-0.423828 0.236592 0.119561 -0.140171 -1.00971 -0.0368909 -0.0185016 164
-0.420794 -16.1789 -0.224342 0.152874 -0.0247773 -0.187461 -0.000402741 260
-0.418353 -0.21366 -0.170555 0.264818 -0.83452 0.229676 -0.0198914 393
-0.417429 -0.22912 0.150769 0.348728 -0.90528 0.132326 -0.0190347 251
-0.416427 -0.17425 0.214312 0.0938367 -0.715231 -0.0277645 -0.0217577 113
-0.412572 0.0641177 0.274668 -0.020964 -1.20084 -0.053492 -0.0159783 430
-0.407129 0.0795271 0.27881 -0.0367871 -1.20516 -0.0166422 -0.0159216 426
-0.405786 -0.284988 0.0632773 0.603678 -0.715557 0.106636 -0.0194569 431
-0.400468 -0.225769 0.195899 0.232862 -0.740575 0.163641 -0.0210798 240
-0.394547 -0.28875 -0.102919 0.935483 -0.391236 0.48575 -0.0171173 284
-0.394506 0.230075 0.203476 -0.115134 -1.18506 -0.00720073 -0.0161409 374
-0.393633 0.301023 -0.0657566 -0.509382 -0.794808 0.0595427 -0.0194136 392
-0.385628 0.31804 0.00355697 -0.64298 -0.899942 0.100784 -0.0172972 245
-0.380063 0.271198 0.178394 -0.362766 -0.832734 0.0245944 -0.0198487 332
-0.379422 -0.243956 -0.215279 0.607 -0.598777 0.367846 -0.0196196 500
-0.378213 0.25714 0.20113 -0.400197 -1.0205 -0.0884583 -0.0174603 19
-0.374477 -0.328067 0.0456165 0.86242 -0.574934 0.360348 -0.0174768 171
-0.364227 0.180434 -0.290752 -0.582231 -0.478931 -0.0467742 -0.0214463 69
-0.35794 -0.346182 0.0419682 0.912372 -0.44186 -0.0739521 -0.0185567 215
-0.355214 0.135041 -0.324028 -0.611946 -1.42337 1.2335 -0.000517349 43
-0.354384 0.352465 -0.00802631 -0.721562 -0.842964 0.0581561 -0.0172894 353
-0.352193 -0.152685 0.319869 0.719257 -0.864526 -0.377769 -0.01622 150
-0.343146 -0.341842 0.123897 0.508706 -0.0986976 -0.277401 -0.022843 134
-0.34263 -0.321062 0.170831 0.359108 -0.722181 0.163039 -0.0207853 491
-0.335448 0.262331 0.261352 -0.55005 -0.794953 -0.0014884 -0.0191769 480
-0.329313 -0.135502 0.350622 0.466945 -0.898195 -0.171235 -0.0184246 401
-0.329096 5.00613 0.397057 -0.399724 0.0674904 -0.0445092 -0.00144432 399
-0.324555 -0.361274 0.117548 0.396921 -0.312389 0.0493073 -0.0234066 234
-0.319268 -0.318393 0.215747 0.465124 -0.619948 0.101822 -0.0211883 65
-0.318703 -0.383433 0.0343722 0.918224 -0.456428 0.02772 -0.0184349 378
-0.318159 0.176542 0.34244 -0.286768 -0.923647 -0.193779 -0.0189365 244
-0.311482 -0.213317 0.326938 0.802185 -0.794906 -0.258208 -0.0166416 34
-0.294436 0.403995 0.00969038 -0.635503 -0.946646 0.0685245 -0.0168457 447
-0.288112 -0.395923 0.0998444 0.55276 -0.245283 0.238753 -0.0223714 276
-0.285381 0.0718346 0.403935 -0.127053 -0.663949 -0.49392 -0.0206309 419
-0.274081 -0.372511 0.189855 0.435276 -0.640896 0.0935152 -0.0211975 406
-0.264273 0.424442 -0.00252982 -0.802513 -0.664951 0.12764 -0.0181096 439
-0.262389 -0.0810551 0.417477 0.73986 -0.952926 -0.399857 -0.0149189 442
-0.26177 0.425588 -0.0113602 -0.901069 -0.528059 0.117468 -0.0181076 239
-0.253834 15.0605 -0.149894 -0.238714 0.0312753 0.0239575 -0.000463977 71
-0.248419 -0.347855 0.258718 0.812583 -0.220909 -0.197469 -0.020342 441
-0.242823 -0.434696 -0.0447002 0.620415 0.182501 -0.18826 -0.0221685 466
-0.241545 0.435613 -0.0401363 -0.993428 -0.520981 0.0550212 -0.0171309 471
-0.230166 -0.245228 0.369319 0.755842 -0.52 -0.496787 -0.0182215 100
-0.229789 -0.277999 -0.345921 0.519539 -0.0803819 0.132588 -0.0231754 407
-0.229435 0.443635 0.0154072 -0.75615 -0.761272 0.140656 -0.0176963 493
-0.22923 -0.442782 -0.0244399 0.619239 -0.242301 -0.357009 -0.02148 295
-0.224179 -0.44074 0.0735457 0.745111 -0.00738419 -0.345742 -0.0207868 359
-0.218151 -0.446484 0.046056 0.626388 -0.106742 -0.351013 -0.0217536 490
-0.206388 -0.21735 0.39996 0.456354 -0.463243 -0.316019 -0.0217427 444
-0.201029 -0.449451 0.0867394 0.672569 -0.253829 -0.381178 -0.0208649 496
-0.199594 0.0657062 0.45342 0.497136 -0.469299 -1.55189 -0.00703927 422
-0.19905 -0.0358074 0.45717 0.729846 -0.446244 -0.961464 -0.0146532 247
-0.198764 0.414634 0.196383 -0.519049 -0.680668 -0.0533395 -0.020403 331
-0.195075 -0.261764 0.378052 0.767839 -0.467617 -0.445805 -0.0187315 304
-0.19347 -0.430354 -0.164998 0.954123 -0.184281 -0.216382 -0.0188124 9
-0.184557 0.452161 0.106081 -0.718545 -0.96892 0.0711422 -0.0158857 452
-0.178577 -0.455925 -0.0986824 0.657141 0.193035 0.00280852 -0.0220933 89
-0.176528 0.108527 -0.454772 -0.929005 -0.522147 0.617419 -0.0155315 189
-0.174549 -0.452599 -0.12076 0.748313 0.0739642 0.00150532 -0.0214712 154
-0.173275 -0.172633 0.434914 0.549773 -0.446869 -0.367141 -0.0210717 165
-0.169813 -0.445707 -0.148074 0.766872 -0.345861 -0.101207 -0.020542 366
-0.159799 0.393682 0.262517 -0.519794 -0.383058 0.0413863 -0.0224118 222
-0.150109 -0.439734 0.183405 0.622022 -0.501861 0.00437382 -0.0210307 428
-0.148277 0.342229 0.331668 -0.62019 -1.11994 -0.490177 -0.0132998 487
-0.141827 0.472056 -0.0838648 -1.10553 -0.29227 -0.0320365 -0.0168217 328
-0.140895 -0.426444 0.219534 0.777494 -0.378126 -0.0807955 -0.0202924 177
-0.135733 -0.477876 -0.0555672 0.262103 0.288391 0.255718 -0.0236483 4
-0.130827 -0.165984 0.452856 0.672801 -0.418405 -0.668752 -0.0182943 349
-0.126 -0.482199 -0.0364005 0.549764 0.165989 0.0820438 -0.0229109 95
-0.112749 -0.464524 0.145208 1.09109 -0.034914 -0.0931449 -0.0175186 158
-0.109272 0.466796 0.141881 -0.789339 -0.520891 0.0368649 -0.0194031 408
-0.105184 -0.324389 0.365305 0.798325 -0.464476 -0.246258 -0.0193024 470
-0.08717 -0.441264 -0.217369 0.68576 0.181833 -0.0545948 -0.0218575 488
-0.0869254 0.20397 -0.447661 -0.924798 -0.540938 0.816603 -0.0136801 40
-0.0862569 -0.445586 0.209025 0.80994 -0.300018 -0.0543827 -0.020335 281
-0.0763872 0.481393 0.104252 -0.820439 -0.581347 -0.0137661 -0.0187578 342
-0.0740653 0.344525 0.354633 -0.663218 -0.732385 -0.389885 -0.017951 127
-0.0740082 -0.472169 0.146417 1.08817 -0.0525702 -0.110987 -0.0175121 475
-0.073558 0.413648 -0.270298 -1.03801 -0.0648514 0.161688 -0.0180973 282
-0.0701353 -0.476236 -0.133357 0.897436 0.200043 -0.0899348 -0.0196905 345
-0.0656004 -0.478291 0.12976 1.09523 0.0288471 -0.137344 -0.0173847 46
-0.0593218 -0.495971 0.0189815 0.843546 0.202983 -0.137986 -0.0201828 159
-0.0583059 -0.443547 0.222576 0.766389 -0.242749 0.0268301 -0.0209726 10
-0.0489752 0.477892 0.136336 -0.830778 -0.264583 0.0296301 -0.020275 47
-0.0477801 0.465755 -0.173651 -0.941157 0.348637 -0.0870748 -0.0186886 339
-0.0454752 0.4976 -0.00697654 -1.1393 -0.397321 0.216665 -0.0156213 451
-0.0349313 0.486313 -0.109423 -1.05072 -0.0823987 0.314296 -0.0174554 115
-0.0347685 0.460946 0.189282 -0.711731 -0.524792 -0.0856002 -0.0200916 5
-0.0246619 -0.497872 -0.0338711 0.87051 0.258229 -0.122289 -0.019772 277
-0.0207897 -0.499366 0.00452638 0.866385 0.374341 -0.117353 -0.0193557 155
-0.0163194 0.498529 0.0342641 -1.0364 -0.14313 0.138196 -0.0180407 415
-0.0112348 0.498646 -0.0277064 -1.20813 0.0170233 0.123885 -0.0158028 465
-0.00507222 -0.493038 -0.0821553 0.936883 0.370505 -0.0841213 -0.0186188 394
-0.00245649 0.493373 0.0802027 -0.825487 -0.543421 0.0296236 -0.0188971 371
-0.00121523 -0.184674 -0.464502 0.0307562 0.225119 1.46408 -0.0112869 388
0.017534 -0.193786 -0.46014 0.0445397 0.156058 1.26058 -0.0149243 8
0.0198532 0.465434 -0.181141 -0.90385 0.145523 0.258483 -0.0193524 296
0.0199239 0.481322 -0.132626 -1.06617 0.412135 0.171407 -0.0166675 194
0.0327672 0.102753 -0.487517 -0.770445 -0.690759 1.66062 -0.00110736 227
0.0389925 -0.437227 -0.238642 0.727233 0.302809 0.0900559 -0.0210889 413
0.0390196 0.35451 -0.349997 -1.28173 -0.656647 0.786003 -0.00819135 484
0.0532293 0.496289 -0.0262098 -1.20525 0.0740459 0.089908 -0.0158451 31
0.0558293 0.362804 0.339 -0.738286 -0.0820204 -0.253197 -0.0211674 196
0.0571907 -0.140147 -0.476435 0.0531646 0.077617 1.02338 -0.0184039 352
0.0785558 -0.371449 0.324988 0.899057 0.437386 -0.215079 -0.0184752 149
0.0851329 -0.489888 -0.0516935 0.645066 0.451252 -0.020663 -0.0211285 1
0.0856425 0.419868 -0.2572 -1.13585 -0.903627 0.886665 -0.00693074 57
0.0883552 -0.439643 0.220897 0.915325 0.0891006 -0.242764 -0.0193513 375
0.0900109 -5.33269 3.19774 0.293903 -0.304534 0.0458153 -0.000877471 386
0.0974026 0.227871 0.433524 -0.715548 -0.392387 -0.706243 -0.0177526 73
0.0998701 -0.460242 -0.165547 0.706766 0.289559 0.10293 -0.0213277 114
0.103426 -0.478942 0.098161 0.982857 0.452839 -0.135397 -0.0175803 443
0.106232 0.436674 -0.217938 -1.22907 0.0755411 0.516427 -0.0138828 122
0.111001 -0.487085 -0.0127677 0.805128 0.55317 -0.134373 -0.0189364 271
0.116331 0.390693 0.289062 -0.789973 0.327673 -0.0870127 -0.0203947 123
0.132044 -0.482084 -0.00542802 0.804185 0.673329 -0.213547 -0.017846 147
0.133997 0.0489238 0.478798 -0.302482 -0.279288 -0.593085 -0.0217624 462
0.135573 -0.479537 -0.0383016 0.69867 0.565252 -0.233248 -0.019622 2
0.138025 0.470851 -0.0955814 -0.8827 0.340309 0.196579 -0.0191706 395
0.147572 -0.472978 0.0659407 0.887752 0.651449 -0.228937 -0.0171027 129
0.148657 0.475013 0.0442413 -0.915654 -0.277247 0.247149 -0.018913 62
0.156025 0.303489 -0.364999 -1.02613 -0.167865 0.7842 -0.0144158 52
0.158434 -0.389053 0.269785 0.75618 0.502722 -0.442654 -0.0186597 133
0.164503 0.471637 -0.00742142 -0.904336 0.467769 0.20194 -0.0182883 434
0.165494 -0.471128 -0.0081453 0.7872 0.743801 -0.138509 -0.0175785 167
0.171672 0.388312 -0.263504 -1.25145 0.0436167 0.51818 -0.0135371 269
0.174695 0.261284 -0.388403 -0.647452 0.34247 -0.0315902 -0.0216586 255
0.177516 0.329436 -0.331166 -1.05472 -0.139217 0.780392 -0.0141342 307
0.188131 0.440813 -0.141372 -0.878941 0.462341 0.120641 -0.0187599 36
0.192095 -0.4439 -0.125773 0.68159 0.831202 -0.0612476 -0.0177666 184
0.192871 0.381855 -0.258152 -1.20926 0.215376 0.558322 -0.0136396 334
0.192752 21.5886 -0.0818441 -0.133899 -0.0367451 0.0287646 -0.000453316 347
0.206572 -0.400375 0.216036 0.870573 0.219159 -0.280475 -0.0194891 400
0.207677 0.429404 0.149696 -0.527413 0.620782 0.350551 -0.0200885 161
0.20943 0.445986 0.0816446 -0.719506 0.0952976 0.217558 -0.0214404 402
0.209647 0.237868 -0.386244 -0.87337 0.0541791 0.499081 -0.0186717 181
0.222654 0.286293 -0.343771 -0.899583 0.127295 0.423746 -0.0187328 285
0.229363 -0.145194 -0.419077 0.0192508 1.00261 0.346445 -0.0179992 306
0.2335 -0.274274 -0.346149 0.311119 1.02274 0.365527 -0.0170441 403
0.239223 -0.434043 -0.0647173 0.769319 0.637803 -0.097744 -0.0187083 461
0.247214 -0.388663 -0.193637 0.485018 0.593204 0.110703 -0.0212704 206
0.248818 0.433093 -0.018502 -0.721861 0.496754 0.0876344 -0.0201618 86
0.270213 -0.408819 -0.09905 0.749892 0.690676 -0.0764327 -0.0184695 486
0.271731 12.9935 1.8982 -0.158251 -0.0434567 -0.0335934 -0.000776332 266
0.274567 0.288061 0.30172 -1.0455 0.319008 -0.563077 -0.0155806 275
0.279949 -0.336251 -0.240603 0.400664 0.634785 0.0983091 -0.0214516 41
0.282724 -0.403464 0.0819154 0.795829 0.651454 0.071199 -0.0183862 355
0.289003 -0.407606 0.00117192 0.73913 0.847355 -0.0115571 -0.0171138 92
0.293887 -0.395365 0.0854652 0.636354 0.906627 -0.00943178 -0.0173318 421
0.302567 0.338307 0.209758 -0.447246 0.727182 -0.157911 -0.0202892 21
0.303259 -0.395247 0.0354098 0.53447 1.12895 -0.0279856 -0.015272 363
0.305197 0.389848 -0.0670181 -0.731704 0.477937 0.0929701 -0.0201913 283
0.30625 0.374465 -0.124975 -0.838841 0.813093 0.133613 -0.016377 467
0.307746 0.325988 -0.221088 -0.887598 0.490478 0.354009 -0.0177965 324
0.309222 -0.375949 0.113616 0.646452 0.975939 -0.0627384 -0.0164175 343
0.321646 0.343941 -0.166078 -0.712047 0.757231 0.222591 -0.0179712 497
0.323745 0.365574 -0.105724 -0.838738 0.516512 -0.00344937 -0.0189541 436
0.329798 0.3743 -0.0333723 -0.367785 0.709481 -0.0661177 -0.0209822 61
0.333483 -0.221597 0.299381 0.0736668 0.536725 -0.546617 -0.0213009 362
0.339864 -0.356172 0.0862471 0.57212 1.00902 -0.122054 -0.0165076 88
0.341692 -0.333551 -0.148138 0.832153 0.851211 -0.196133 -0.0159054 68
0.343907 0.242049 -0.269818 -0.456172 0.331482 0.301816 -0.0224603 361
0.345376 0.222005 0.28494 -0.983475 0.394532 -0.598637 -0.0157542 44
0.345439 -0.279369 0.228113 0.932072 0.311904 -0.22037 -0.0186883 120
0.348901 -0.0588268 -0.352854 0.194196 0.962934 0.316688 -0.0183573 153
0.352002 0.125759 -0.331284 -0.859652 0.611162 -0.28047 -0.0175817 469
0.352623 0.272516 0.225341 -0.569991 0.578176 -0.392714 -0.0199469 93
0.354798 0.330136 -0.122443 -0.698056 0.873043 -0.127362 -0.0170961 191
0.355962 0.336224 -0.100952 -0.486264 0.881023 -0.141084 -0.0185492 45
0.363026 -0.152166 -0.307782 0.246962 0.876693 0.121559 -0.0197392 246
0.36573 -0.336881 -0.0515958 0.542318 1.00465 -0.118674 -0.01677 253
0.366049 0.25128 -0.228871 -0.342607 0.648118 0.169027 -0.0214867 18
0.368721 0.272326 -0.198427 -0.650985 0.642373 0.200068 -0.0195477 116
0.373371 0.281642 -0.175277 -0.358809 0.844119 0.0602015 -0.0197469 450
0.377664 -0.196554 -0.261791 0.244149 0.887403 0.132792 -0.0196055 270
0.385214 -0.305431 0.0902911 0.492737 1.08168 -0.143512 -0.0160496 350
0.397216 0.197496 0.230451 -0.657283 0.648691 -0.40262 -0.0186621 195
0.39729 -0.232953 -0.193893 0.517689 0.707835 0.0232918 -0.0202051 315
0.400851 0.281587 0.0973112 -0.615662 0.830606 -0.0909671 -0.0182953 142
0.402639 -0.294658 -0.0273001 0.496714 1.08957 -0.196982 -0.0158113 320
0.409334 0.105778 0.266004 -1.22524 0.872417 -0.608873 -0.00856836 201
0.409403 0.255561 -0.130512 -0.14877 0.85656 -0.218292 -0.0199805 385
0.410055 -0.190033 -0.213596 0.481546 0.706826 -0.00232233 -0.0204341 301
0.41623 0.260665 -0.0924718 -0.27796 0.844946 -0.193549 -0.0198337 329
0.424315 -0.194816 0.177483 0.669863 0.636845 -0.0862049 -0.0196395 136
0.425856 -0.0930327 0.24422 0.426883 0.735262 -0.375876 -0.0196166 15
0.427994 0.257136 0.0240645 -0.50062 0.875826 -0.063431 -0.0186204 321
0.429495 -0.254061 0.0306198 0.360092 1.15457 -0.179192 -0.0156599 221
0.435373 0.0565979 0.238088 -0.178809 1.03518 0.080446 -0.0180903 148
0.438497 0.0912094 0.220902 -0.27962 0.987199 -0.0345146 -0.0184431 235
0.43985 0.231095 -0.0515816 -0.23381 1.03988 -0.0780868 -0.0178852 183
0.447825 -0.153848 0.159901 0.191945 0.892477 -0.129628 -0.0196972 135
0.455342 -0.180726 0.099979 0.0933727 1.20976 -0.28431 -0.0152936 139
0.461122 0.191153 -0.0281011 -0.224771 0.987549 -0.175286 -0.0183987 448
0.46264 -0.0814447 0.171143 0.394176 0.887006 -0.368277 -0.0182659 25
0.46564 -0.122784 0.134186 -0.0915664 1.12328 -0.0472158 -0.0170525 146
0.469387 0.074917 -0.153399 -0.151318 0.866718 -0.104946 -0.0201197 382
0.469844 -0.10902 0.128897 -0.471749 1.02475 -0.605846 -0.0147892 412
0.471043 0.153073 0.0675237 -0.497998 1.06741 -0.178546 -0.0161361 207
0.472178 -8.21103 -0.175401 0.319438 0.0335065 -0.0173187 -0.000872839 228
0.473173 -0.161162 -0.011017 0.304045 1.19103 -0.146301 -0.0154232 170
0.475077 -0.14223 -0.0623328 0.206629 1.22852 -0.136083 -0.0151939 173
0.476504 0.147131 0.0350951 -0.159454 1.08335 -0.124451 -0.0174122 78
0.480675 0.0359828 0.131653 -0.219258 1.13968 -0.204499 -0.0163365 121
0.491268 -0.0910002 -0.0138502 0.253359 1.17416 -0.0942506 -0.0159358 446
0.491767 -0.082828 0.0344403 0.0174151 1.13551 -0.085274 -0.0168999 336
0.492922 0.0813788 -0.0168643 -0.0282629 1.14347 -0.159074 -0.0166709 344
0.494011 -0.0223348 0.0732986 -0.210939 1.00044 -0.0634479 -0.0184453 369
0.497655 -0.00366995 -0.0450399 0.199474 1.11429 -0.0169054 -0.0170042 297
0.4995 -0.0158598 0.00939895 0.22284 1.13914 -0.012133 -0.0165865 483
0.648453 3.05963 0.223291 -0.502112 0.0951124 0.0314684 -0.00234808 209
0.694146 -5.01435 0.624067 0.429911 0.178181 0.00711036 -0.00109686 84
0.917093 37.5004 -39.889 -0.0340281 0.0426352 -0.157186 -5.52644e-05 319
1.08163 8.57361 0.351812 -0.29023 0.146419 -0.000471811 -0.00078485 379
1.14113 -10.7797 -1.07162 0.301575 0.0173319 -0.0321532 -0.000570793 160
1.26772 6.92948 1.08406 -0.393638 0.0212163 0.0584906 -0.000761155 211
1.3254 -6.95252 0.529225 0.46345 -0.00385449 -0.0603221 -0.000395941 210
1.42499 -44.9031 -0.722524 0.122863 -0.385495 -0.00876436 0.000745415 354
1.6268 -5.61619 -1.16265 0.343032 0.121712 -0.0753375 -0.00123327 341
1.63834 -8.63394 0.142552 0.385952 0.0839949 0.0515117 -0.000430536 248
1.82399 8.29238 0.231719 -0.317618 0.0823701 -0.0198255 -0.000796297 316
1.89242 -41.3729 9.02687 0.107418 -0.0736876 0.0367877 -0.00018038 305
2.0145 7.09639 0.195369 -0.278648 0.0872704 0.0812061 -0.00111981 128
2.26945 -5.09619 0.132287 0.383292 0.291957 0.00205873 -0.000789071 288
2.31016 4.82266 0.0156627 -0.208011 0.190288 0.0632032 -0.00181586 280
2.35618 26.5905 -1.38974 -0.0997828 0.248065 -0.0368577 -1.23035e-05 398
2.3683 8.32509 0.422082 -0.318204 0.0983714 -0.0209003 -0.000746424 372
2.41691 -9.14925 -0.266631 0.2327 0.132703 -0.0558327 -0.000852419 404
2.42944 5.49125 0.761182 -0.273123 0.22721 0.0593539 -0.00125429 423
2.51391 8.82907 1.39918 -0.250564 0.0972055 0.00382428 -0.000894575 348
2.71853 -0.232734 0.396806 -0.138678 0.219219 0.127172 -0.00401199 22
2.8424 8.46588 -0.165794 -0.289065 0.125154 0.00901044 -0.000778841 87
2.85803 -4.71308 1.99678 0.321107 0.194101 0.0112414 -0.00125151 455
2.93459 9.25308 0.443883 -0.274626 0.130194 0.000322236 -0.000709037 16
2.95297 5.35011 -0.0496901 -0.225395 0.215094 0.0922771 -0.00138555 453
2.96064 7.00458 1.12092 -0.426834 0.081812 0.21939 -0.00014485 411
3.18119 6.4672 -0.124875 -0.337176 0.193913 0.0327459 -0.000781839 259
3.249 5.30957 -1.06831 -0.386828 0.241497 -0.00840883 -0.000679003 358
3.31499 6.01255 -1.67361 -0.395898 0.291969 0.0241964 -0.000252772 241
3.41757 9.69021 1.31623 -0.283041 0.0845377 0.00708342 -0.000660978 13
3.41748 6.08947 0.813548 -0.215955 0.222328 0.0404199 -0.00116744 39
3.41912 -0.445847 0.550821 -0.0929713 0.231168 -0.0635211 -0.00316659 145
3.65813 6.11352 -0.929477 -0.350969 0.219505 0.0133186 -0.000667669 138
3.73438 -6.46059 3.05321 0.378176 0.0351886 0.0333467 -0.000641807 492
3.7736 4.46607 -0.336199 -0.197305 0.201896 0.0750913 -0.00160106 28
3.89634 5.25401 0.266968 -0.212418 0.219634 0.0550019 -0.00130699 107
4.21246 0.0545664 0.564938 -0.148176 0.315401 0.0603516 -0.00215909 83
4.26457 -10.8948 0.290649 0.307055 0.048125 0.0100418 -0.000463696 186
4.30697 -3.15247 0.0530113 0.267486 0.318673 -0.0525886 -0.00124267 472
4.34712 2.83703 -0.602447 -0.220654 0.40427 0.00941402 -0.00106565 42
4.49499 3.08336 0.85019 -0.216841 0.329585 0.0406849 -0.00128268 365
4.59986 5.92872 0.0448708 -0.215109 0.210921 0.0199719 -0.00109603 424
4.64368 6.92927 -1.18573 -0.265189 0.21614 0.0461843 -0.000738796 168
4.77363 5.12512 -5.36551 -0.231453 0.247478 0.0622729 -0.000674938 396
4.78378 8.03825 0.17354 -0.306665 0.112321 0.0496968 -0.000654033 85
4.79426 14.6879 -0.345809 -0.103838 0.0657771 -0.119894 -0.000624556 56
4.7983 15.6742 -0.311022 -0.0127829 0.0577023 0.100306 -0.000677707 33
4.88214 1.43485 0.75994 -0.182204 0.464655 -0.00385999 -0.000872532 82
4.89254 41.5846 13.4102 -0.0695114 0.0716926 0.030435 -0.000216196 368
5.04497 9.24666 0.897229 -0.248469 0.129284 0.045492 -0.000679166 377
5.07026 -0.273304 0.594563 -0.188312 0.21641 0.133183 -0.00181988 216
5.14235 6.17561 -0.757645 -0.250193 0.194898 -0.0086758 -0.000919471 414
5.16157 32.7421 -8.11528 -0.142964 0.0607283 -0.0476845 -0.000201293 76
5.23021 8.17783 -0.736221 -0.237529 0.23841 0.069088 -0.000546296 232
5.3358 -10.4775 0.252519 0.287214 0.0577959 -0.0239452 -0.000522833 445
5.47841 16.2179 -0.584955 -0.00584392 -0.0163414 -0.0294998 -0.000722469 144
5.53194 -1.4911 -5.07734 -0.0772077 0.253486 0.190952 -0.000966093 291
5.71631 -6.13776 -0.679243 0.307731 0.0876206 0.00621273 -0.00084538 60
5.7273 -11.212 17.5193 0.141364 0.0261935 -0.100119 -0.000387567 389
5.78403 -0.41645 0.5708 -0.138167 0.504183 -0.100895 -0.000373487 438
5.80733 1.1962 2.39944 -0.248519 0.355156 -0.0461165 -0.000766589 54
5.84519 3.79422 -2.05039 -0.27843 0.239574 -0.0305644 -0.00087172 299
5.87409 42.4913 -26.7906 -0.0147478 0.206649 -0.119638 0.000110555 49
5.99008 3.04958 -0.440696 -0.146845 0.294211 -0.00350919 -0.00117982 193
6.20703 7.34393 -1.22621 -0.243772 0.194757 0.080529 -0.000640521 474
6.27214 -1.05768 1.08775 0.0579468 0.638229 -0.119717 0.00071934 237
6.36644 -1.63067 -0.724003 -0.0309305 0.410984 -0.0570629 -0.000808579 252
6.45836 2.26924 -1.13878 -0.07283 0.327892 -0.0491156 -0.00108109 63
6.45842 8.75295 2.01459 -0.173282 0.259665 -0.0474338 -0.000506779 373
6.46557 -8.39077 0.721577 0.203005 0.199782 0.0215467 -0.000667388 489
6.47556 -1.34886 0.229096 0.0104932 0.592082 -0.115308 0.000386151 151
6.54745 -9.29275 -3.91751 0.163679 0.178197 -0.0180099 -0.000671672 203
6.7497 -0.392189 0.156533 0.0670713 0.583928 -0.00920092 0.000311396 293
6.76531 -12.4148 0.56782 0.206607 0.137671 0.101509 -0.000433749 309
6.79624 -23.3291 9.92577 0.113609 0.0633485 -0.0314697 -0.000364286 204
7.06322 9.42184 -3.0442 -0.215644 -0.0310463 -0.0490712 -0.000716034 224
7.10882 8.88932 -3.88936 -0.215482 0.0260296 -0.0850292 -0.000699582 440
7.12985 10.0411 -3.39298 -0.290001 0.057673 0.0941367 -0.000376763 96
7.35985 -7.50625 1.26516 0.256248 0.193822 -0.014174 -0.000534106 70
7.56299 14.6468 -3.75932 -0.178234 0.12236 0.101858 -0.000382354 298
7.57307 -3.94958 -0.421168 0.197986 0.270544 0.00712105 -0.000758963 205
7.72542 9.64521 -2.81458 -0.241875 -0.00514298 0.00139631 -0.000620434 178
7.7434 7.2306 -3.32879 -0.162387 0.235336 0.0983354 -0.00055422 481
7.84547 2.26476 0.815868 -0.0594134 0.362953 -0.0400934 -0.000667734 12
7.90683 -27.7365 22.1091 0.108756 0.0248274 0.0910386 -0.00021439 23
8.02134 -1.4651 0.156478 0.164292 0.324195 0.049157 -0.000692008 175
8.0767 7.25137 7.14085 -0.131957 0.189998 -0.107261 -0.000555732 225
8.1015 -4.42498 -0.225672 0.178695 0.23504 -0.0270368 -0.000804284 330
8.22031 -2.53173 -0.630733 0.0746086 0.30879 0.0116568 -0.000817785 166
8.23577 -6.8527 -5.46596 0.188188 0.221317 -0.00407119 -0.000511696 117
8.34005 -3.77233 -1.28126 0.0931592 0.278814 0.076517 -0.000775718 236
8.57858 -5.17931 -0.527783 0.178929 0.257996 -0.0840054 -0.000585458 169
9.41205 -4.95642 -0.724372 0.183749 0.317944 0.00434366 -0.000329449 24
9.50371 46.2203 -22.8464 -0.0542408 0.104948 -0.129168 -4.69223e-05 351
9.55816 2.53683 0.982968 -0.00190713 0.366423 -0.033925 -0.000411444 37
9.83481 1.07215 -0.689004 0.106837 0.313696 -0.0203625 -0.000571495 435
10.5478 -6.30984 -0.761343 0.0673076 0.24476 0.053921 -0.000594143 494
11.0215 -8.62939 -7.80361 0.214361 0.137151 -0.0495926 -0.000359849 81
11.3868 5.15904 -1.77877 -0.0598451 0.244968 -0.0421286 -0.000581418 267
11.5585 21.7004 -4.64824 -0.0382276 0.154 0.0101992 -0.000341547 97
11.9754 -8.12435 -10.0677 0.115852 0.119553 0.145784 -0.00040302 80
12.0205 38.2356 3.24794 -0.0074611 0.276726 0.0162519 0.000169755 55
12.298 5.18192 1.96267 -0.0896791 0.249906 0.013375 -0.000484984 35
13.1781 25.1096 2.26602 -0.00876413 0.189219 0.0298201 -0.000209588 180
13.8667 -3.02389 0.597478 0.116018 0.18916 0.0689395 -0.000542497 14
14.6201 -9.71365 -0.956535 0.0712557 0.157032 -0.00786626 -0.000524841 101
14.6466 -7.8426 -4.7524 0.116935 0.201247 0.0560544 -0.000365135 357
15.299 -19.8709 15.482 0.0875548 0.0861307 0.000277847 -0.000329852 454
15.8672 3.61823 3.22618 -0.0932033 0.203483 -0.0684923 -0.000411017 199
15.9876 27.9193 -4.79163 -0.105574 0.0998664 -0.0201222 -0.000249763 313
16.4504 -36.0915 -17.2029 0.111709 -0.0163013 -0.0698781 -0.000178954 478
16.8704 9.81629 14.0683 -0.104184 0.12774 -0.0121598 -0.000348784 198
16.9805 1.97027 -0.301461 -0.0283043 0.252071 0.00981917 -0.000328386 131
17.2337 -14.1379 -2.4858 0.102868 0.137651 -0.0373065 -0.000364057 179
17.2786 -43.7823 2.82602 0.132204 -0.066331 0.00677658 -0.000128071 188
17.7987 -14.447 6.50077 0.0777412 0.14424 -0.0198951 -0.000354316 473
18.0213 37.2076 -4.98335 0.113926 0.395801 -0.0529391 0.00077757 75
19.0323 13.4699 -2.93655 0.0341133 0.214387 -0.0495962 -0.000221989 223
19.1223 48.3614 21.6358 0.0185425 0.202209 0.0791213 7.49052e-05 376
19.4652 -7.39454 -5.3188 0.0524249 0.178261 0.00814172 -0.000365439 91
20.7591 12.6437 9.83015 0.0153638 0.085506 -0.119686 -0.000340054 48
21.0978 10.6965 0.603912 -0.0636087 0.0881232 -0.0276077 -0.000449683 172
23.1069 23.4746 -9.74419 0.0272096 0.164655 -0.0893732 -0.000139905 429
24.3819 -4.78674 3.98721 0.0297319 0.161309 0.0192925 -0.000326237 67
25.4158 -6.38122 -32.5444 -0.00813055 0.0583131 -0.118728 -0.000189397 30
26.3896 9.08083 -12.4857 -0.0515081 0.0798443 0.0148273 -0.000351045 110
26.4971 -3.37812 1.93244 0.12044 0.120455 -0.0414531 -0.000274658 230
28.5609 -33.7116 -10.0966 0.146619 -0.00432957 -0.0471148 -0.000127452 226
29.7272 -34.8905 11.1052 0.146317 -0.00873965 0.0554988 -0.000111503 162
30.1027 17.9312 -13.1557 0.000721158 0.120345 -0.00935127 -0.000242917 208
31.4659 -27.5632 14.8497 0.134163 0.0113529 0.0296712 -0.000162798 32
32.4709 -12.0828 25.271 0.0419646 0.0593421 0.127158 -0.000157416 498
33.2788 -4.98255 -6.93685 0.0605801 0.131108 -0.0532892 -0.000215704 264
33.9728 -27.1464 -14.9972 0.125822 0.0292237 -0.102396 -0.000101926 176
36.0911 29.0784 -1.6043 0.0890647 0.136195 -0.00614515 -0.000103793 463
37.5764 222.55 41.0347 0.215018 1.43203 0.268912 0.0135034 262
40.658 6.99345 0.373104 0.0637345 0.136843 0.00180386 -0.000160534 66
40.7297 29.5244 -3.00521 0.113495 0.160881 -0.00270047 -5.72351e-06 233
41.7528 -3.77558 -6.82954 0.196385 0.0165758 0.0146672 -5.01782e-05 390
43.8102 -14.5401 -29.2227 0.0945117 0.0256996 -0.142712 -4.15532e-05 437
46.6015 42.5541 36.1756 0.323761 0.374394 0.285778 0.00186979 103
46.8758 1.34493 -22.5644 0.283833 0.0776765 -0.188624 0.000523392 464
49.6254 -12.441 11.9761 0.12582 0.0438618 0.0471643 -0.000113027 420
49.9051 13.0058 15.4039 0.357428 0.144791 0.100797 0.000760752 220
54.7206 7.05986 -10.0844 0.128014 0.107644 -0.0698997 -1.74843e-05 192
57.5862 1.64703 -16.3748 0.127807 0.00535961 -0.0503492 -9.05952e-05 337
61.4626 22.6183 -10.9581 0.216324 0.135485 -0.0398793 0.000228897 311
61.7634 25.2463 26.5822 0.188134 0.107955 0.0860901 0.00016634 74
67.9341 -11.2449 -48.3178 0.798545 -0.092417 -0.56499 0.00588534 308
76.5677 26.8044 -12.7065 0.292617 0.129907 -0.0387192 0.000497771 318
77.4089 105.042 25.4292 0.309093 0.459887 0.102193 0.00189021 119
86.2154 39.0729 -6.76941 0.479491 0.246223 -0.0207126 0.00168682 268
93.528 39.346 -63.6071 0.766497 0.349581 -0.528008 0.00607386 499
93.5286 9.43243 -31.8015 1.11697 0.147716 -0.415351 0.00888628 261
93.5278 23.6925 -31.2727 1.33457 0.371845 -0.44618 0.0131169 17
