-5.58503e+06 -12209.8 21861.6 -19390.8 -42.3915 75.9018 56
-45740.3 10699.8 38153.3 -160.911 37.6387 134.224 544
-37697.2 12800.6 26807.9 -144.967 49.2251 103.091 353
-35839.6 36837.5 -28260.7 -121.493 124.868 -95.7978 284
-35202.8 -39402.1 -19550.7 -119.202 -133.406 -66.1734 232
-20609 -5678.01 15147.6 -76.6071 -21.1103 56.3105 262
-20153.8 -4872.24 -4586.28 -73.3967 -17.7479 -16.7092 822
-19412.9 20818.4 -10656.7 -70.4179 75.5162 -38.6525 684
-18868.4 -13075.4 2983.62 -68.717 -47.6241 10.8661 42
-18352.7 4601.18 -4583.11 -61.7056 15.4828 -15.4022 138
-15195.4 4865.96 14194.2 -51.4975 16.4866 48.1038 554
-14923.7 1208.92 -10309.8 -52.4921 4.24826 -36.2721 31
-14723.3 12718.1 72599.7 -51.6545 44.6196 254.703 43
-13905.2 -3781.45 -4910.54 -50.728 -13.7928 -17.9156 13
-13360.4 9362.52 -39932.7 -70.7746 49.5967 -211.536 885
-12900.2 7878.71 5026.82 -49.6008 30.2941 19.3293 519
-12401.6 8408.74 4727.55 -41.6414 28.2237 15.8723 768
-10533 6693.38 -226.005 -55.4685 35.2479 -1.19016 188
-10354.4 2191.89 7926.64 -37.6953 7.98499 28.8714 685
-10332.9 11323.3 -1538.88 -40.2493 44.1199 -6.00195 258
-9982.69 -6519.75 -1503.16 -34.2738 -22.3573 -5.20261 591
-8595.96 -20865 4787.32 -28.897 -70.1353 16.0991 810
-8568.99 -9627.64 5448.36 -29.0264 -32.6562 18.4465 268
-7917.6 -7196.95 -7376.29 -28.8291 -26.212 -26.8649 662
-7746.9 -45988.2 -45207.3 -26.2341 -155.692 -153.082 700
-7623.68 4943.25 24475.6 -26.2224 17.0036 84.1862 760
-7533.25 2158.85 -1777.88 -25.9101 7.39817 -6.1273 669
-7446.94 -4564.39 -5108.48 -25.2587 -15.4845 -17.3128 903
-7279.41 5541.85 6262.2 -24.6733 18.7445 21.2206 68
-7229.03 957.927 -2592.29 -26.8527 3.55475 -9.63942 813
-7198.23 -2997.4 6470.83 -24.4356 -10.1758 21.9638 606
-7041.25 -163.532 -5595.61 -23.8156 -0.544174 -18.9278 277
-6137.01 5137.32 -1386.46 -21.2131 17.7432 -4.79227 367
-6055.84 -389.01 -1007.47 -21.0691 -1.36774 -3.50726 299
-5903.34 -2690.36 -1813.12 -22.6899 -10.3466 -6.97167 707
-5821.26 3700.82 549.725 -20.0017 12.7144 1.90131 508
-5794.94 10185.3 -2864.45 -20.3807 35.8079 -10.0758 1
-5722.61 4948.37 1504.61 -19.9139 17.2427 5.23533 857
-5684.75 -2306.12 4428.28 -19.4824 -7.91116 15.1831 802
-5637.7 -3550.39 -1687.41 -19.05 -12.0005 -5.70282 963
-5593.18 4648.27 3596.57 -18.9485 15.7118 12.1866 941
-5472.83 -2273.22 1363.96 -18.4879 -7.69635 4.5947 46
-5281.08 -1259.34 -498.359 -18.3684 -4.40043 -1.73964 619
-5099.85 -728.838 -531.204 -17.8469 -2.55324 -1.8622 610
-5088.14 5853.87 1341.17 -17.1012 19.6798 4.50183 687
-4976.01 -2191.79 2388.22 -26.3548 -11.6217 12.6533 626
-4930.1 1712.98 -3922.49 -16.5404 5.71709 -13.1621 490
-4875.79 14741.9 323.978 -16.7876 50.744 1.11662 848
-4808.34 -38275.8 170.96 -16.1663 -128.679 0.572245 274
-4683.7 -595.791 5610.45 -17.087 -2.17293 20.4669 796
-4675.07 -4211.91 14177.8 -15.8433 -14.2258 47.9918 103
-4590.3 43809.9 -14776.3 -17.4492 166.534 -56.1692 671
-4544.65 1686.87 2446.08 -15.7979 5.84815 8.52669 164
-4523.84 3574.86 -127.377 -15.1393 11.948 -0.42138 819
-4500.14 -2028.31 4070.37 -15.3148 -6.90217 13.8505 927
-4272.16 -2998.56 5057.07 -16.4175 -11.5347 19.4452 47
-4165.38 -4434.75 4977.14 -14.92 -15.8761 17.8322 805
-4145.72 1337.92 1676.54 -14.9517 4.80954 6.02712 176
-4097.7 -7383.17 3529.1 -13.9729 -25.1723 12.0302 661
-4072.04 -1429.29 5488.15 -13.9963 -4.9023 18.8698 530
-4057.15 1117.56 -2308.44 -14.1025 3.88381 -8.0433 126
-4022.89 1782.74 -2273.98 -15.1435 6.7027 -8.56378 73
-3922.44 2745.96 1100.92 -14.5431 10.1836 4.08486 83
-3841.96 -4569.95 9827.92 -13.1659 -15.6619 33.7457 348
-3761.83 590.943 -3683.45 -12.9997 2.03616 -12.7229 465
-3693.5 -1289.87 2099.03 -12.5119 -4.37931 7.13048 259
-3683.3 4123.46 2689.85 -12.787 14.3595 9.37248 916
-3640.19 -394.889 -18524.3 -12.3805 -1.34303 -63.0015 434
-3529.18 10434.7 396.908 -12.1467 35.9075 1.37434 607
-3438.75 -2357.82 355.019 -11.9164 -8.13183 1.22526 17
-3437.35 -1180.9 2991.92 -12.509 -4.29951 10.8919 69
-3367.97 -2955.24 -1304.32 -12.3761 -10.85 -4.78152 123
-3312.26 2273.84 -1604.45 -11.6867 8.02041 -5.65811 668
-3298.01 -2184.82 4854.43 -12.4205 -8.23137 18.2855 135
-3279.56 1100.44 1463.96 -11.1252 3.72706 4.97349 633
-3186.87 3829.61 -605.702 -10.9653 13.1578 -2.07757 420
-3112.15 9186.38 3469.18 -17.3482 51.2033 19.3381 210
-3032.35 761.789 -1071.97 -11.0318 2.75131 -3.89464 311
-3008.92 -778.299 8071.61 -10.5121 -2.71851 28.1993 63
-3008.88 4365.35 -637.421 -10.562 15.3247 -2.19734 298
-2991.32 8733.08 -3474.75 -22.7509 66.4192 -26.4275 495
-2965.29 299.745 -72.8214 -11.376 1.1498 -0.287474 379
-2963.75 -730.321 -1508.23 -10.0305 -2.46913 -5.05018 142
-2924.15 2554.6 1025.92 -10.8275 9.47198 3.80562 547
-2909.12 -1170.74 1725.25 -11.2913 -4.59717 6.72076 217
-2900.16 1103.8 -2591.77 -10.5121 3.99556 -9.39362 630
-2813.54 1725.99 916.204 -9.57305 5.86782 3.10519 342
-2789.61 -930.245 -398.327 -22.2744 -7.43183 -3.18358 536
-2744.04 -2846.37 -5127.95 -9.22427 -9.55735 -17.2341 269
-2726.02 2422.27 141.265 -10.2456 9.10311 0.533985 472
-2719.71 340.016 -376.173 -9.50782 1.18953 -1.30399 282
-2683.56 -1683.63 -2827.27 -9.47179 -5.94243 -9.99069 912
-2643.39 -371.874 2239.63 -9.20577 -1.29869 7.80347 688
-2586.99 -534.773 -7348.06 -8.67869 -1.81441 -24.6697 799
-2546.53 120.876 -1657.66 -10.0965 0.476554 -6.57534 800
-2538.56 85459.9 33340.2 -8.5957 289.69 113.015 8
-2535.22 -451.665 -387.708 -8.78068 -1.57062 -1.32062 363
-2504.98 -972.456 -1219.29 -8.75439 -3.44381 -4.28132 167
-2504.41 3499.85 4780.11 -8.80307 12.3053 16.8103 873
-2501.31 -3241.43 -3154.26 -8.83176 -11.4435 -11.1546 585
-2495.44 5282.11 3011.57 -8.38599 17.7544 10.1184 381
-2494.91 -63.0827 -2288.84 -8.43837 -0.257755 -7.77232 131
-2460.79 -6123.87 -22125.9 -8.30142 -20.6901 -74.8905 496
-2411.2 437.243 1166.43 -8.37542 1.52052 4.04612 738
-2406.8 1965.06 -721.187 -8.34838 6.83566 -2.51214 228
-2344.04 -1959.03 3233.01 -8.0636 -6.74801 11.118 855
-2324.18 -1715.72 -1012.82 -8.1145 -6.00184 -3.5447 985
-2318.03 -1268.31 2715.31 -8.20417 -4.49996 9.60978 179
-2304.76 -1573.52 1039.05 -8.12973 -5.52568 3.67531 615
-2265.1 -783.203 1591.45 -8.21782 -2.86559 5.77082 226
-2241.37 -1228.16 -947.833 -7.55611 -4.12923 -3.18308 448
-2241.3 584.718 -451.546 -7.50243 1.98684 -1.52142 726
-2215.69 3193.68 805.692 -7.66709 11.0127 2.78898 163
-2173.02 4223.1 -5588.14 -7.40278 14.3799 -19.0259 970
-2153.94 81.7205 1467.64 -7.57499 0.304748 5.12543 151
-2135.71 -383.235 -295.703 -7.10903 -1.29814 -0.972593 672
-2124.77 -1109.81 1237.88 -7.17104 -3.71883 4.16969 422
-2098.34 238.858 251.944 -7.00829 0.774063 0.859563 301
-2097.51 2062.44 593.166 -7.88425 7.73338 2.2387 720
-2089.81 -1567.98 -1645.71 -7.16307 -5.36803 -5.66746 518
-2063.51 2239 -328.409 -6.89233 7.45269 -1.09321 1000
-2057.63 2556.03 1387.7 -7.72911 9.60905 5.23017 102
-2040.46 178.39 -2536.69 -7.00995 0.571743 -8.72129 295
-2031.34 -899.427 641.428 -7.11314 -3.16816 2.24124 719
-2023.66 7352.93 -3111.57 -6.84966 24.8915 -10.575 872
-1989.86 -14.0265 498.958 -6.89069 -0.0722114 1.72429 319
-1959.51 221.917 -115.936 -6.79014 0.750024 -0.419469 901
-1937.75 1077.04 -1114.99 -6.79522 3.77593 -3.91252 94
-1917.08 3714.81 -1177.51 -7.15282 13.8422 -4.39335 708
-1911.36 1433.36 3423.56 -6.458 4.89368 11.5798 347
-1906.93 -4880.83 -5268.9 -6.40351 -16.3853 -17.7107 218
-1897.66 534.921 884.502 -6.697 1.88432 3.11216 891
-1862.07 1601.09 183.796 -6.28194 5.42425 0.622119 505
-1833.12 1789.77 -3514.31 -6.40801 6.22731 -12.3518 976
-1827.73 -42.3852 809.976 -6.37243 -0.168617 2.8242 99
-1820.95 592.119 1626.14 -6.54311 2.06997 5.88504 257
-1806.94 2154.2 -1962.83 -6.03775 7.18593 -6.56083 691
-1777.37 21.476 609.104 -6.14183 0.0510502 2.10495 790
-1760.73 111.398 932.577 -6.59314 0.408165 3.50427 10
-1754.87 -573.722 2352.26 -6.57999 -2.16172 8.83549 549
-1743.46 1446.42 815.394 -6.25316 5.22896 2.8829 880
-1725.45 -165.602 -609.655 -6.23902 -0.646877 -2.21016 447
-1711.49 1453.68 632.092 -5.92763 5.04067 2.18912 983
-1698.02 -437.369 549.85 -6.1431 -1.59508 1.98371 315
-1668.55 -5795.2 860.598 -5.59429 -19.4718 2.90109 55
-1659.26 43.0616 146.085 -5.72503 0.128849 0.487975 390
-1627.89 -149.779 -56.9181 -7.0068 -0.645944 -0.263718 481
-1583.78 570.57 1045.7 -5.46973 1.96695 3.62512 841
-1574.71 -1645.08 27.2795 -5.7227 -5.98977 0.10045 285
-1565.42 1348.65 -1596.94 -5.332 4.57858 -5.44288 11
-1559.39 -3090.04 -1671.95 -5.5552 -11.0284 -6.0323 989
-1538.02 -91.2415 -75.6768 -5.50369 -0.320787 -0.271371 197
-1497 1073.71 1230.04 -5.1827 3.72604 4.26905 16
-1483.51 -2437.5 -2770.1 -7.26405 -11.935 -13.5668 836
-1481.05 -430.383 1452.98 -5.21719 -1.51448 5.11361 389
-1470.05 -3136.03 -1562.11 -5.18452 -11.0575 -5.50466 898
-1469.35 -6076.64 2873.24 -5.35187 -22.1704 10.4841 511
-1442.64 -472.921 -1076.16 -4.97145 -1.64058 -3.73347 113
-1440.26 922.697 1084.91 -5.19575 3.35576 3.91278 580
-1435.25 4136.58 -833.95 -4.78487 13.8617 -2.77367 560
-1426.74 3531.83 2534.82 -5.47944 13.5765 9.74615 18
-1424.33 -2939.16 413.337 -5.18145 -10.7158 1.51526 251
-1417.38 3795.55 345.524 -4.86551 12.987 1.16842 868
-1400.44 600.245 1152.24 -4.92061 2.09293 4.05586 243
-1396.24 298.57 -1658.36 -4.67649 0.929737 -5.64998 783
-1358.95 -3738.72 -808.153 -5.38109 -14.7975 -3.1956 74
-1352.41 -1829.34 -494.773 -4.67088 -6.36198 -1.67724 992
-1290.66 3707.9 785.64 -4.44634 12.7111 2.73715 915
-1280.61 3337.93 -5163.84 -4.40514 11.4691 -17.7733 429
-1276.66 2548.48 2059.79 -4.59674 9.16179 7.40897 91
-1276.66 -91.5294 685.73 -4.3306 -0.351227 2.33066 727
-1273.14 952.588 -446.277 -4.7402 3.53563 -1.67641 763
-1272.29 -59.2838 100.622 -4.34487 -0.205393 0.354828 155
-1266.74 -438.644 -111.455 -4.34177 -1.52236 -0.41183 178
-1261.53 870.896 407.779 -4.84793 3.2824 1.54328 702
-1259.28 1338.3 -455.758 -4.70851 4.9718 -1.73509 189
-1247.9 -274.58 728.36 -4.31833 -0.957594 2.53416 154
-1233.91 1094.97 -715.033 -10.2323 9.07093 -5.9277 689
-1231.85 639.244 -77.4932 -4.22666 2.15946 -0.256317 586
-1218.63 -7.59292 -2409.42 -4.24987 -0.0306439 -8.42923 236
-1216.84 1115.33 1895.36 -4.06223 3.77461 6.38219 281
-1207.7 1409.08 -856.39 -4.11732 4.71452 -2.86402 982
-1194.12 -1190.98 2843.15 -4.17009 -4.2189 10.02 808
-1188.66 -197.627 1006.72 -4.68209 -0.786555 3.97158 525
-1183.01 869.72 -1846.19 -4.16805 3.07303 -6.46764 419
-1173.82 75.5985 657.065 -3.99205 0.207486 2.24305 899
-1173.25 -886.9 -861.419 -3.93223 -2.9997 -2.91058 620
-1171 4469.74 -2680.89 -4.51547 17.176 -10.3179 82
-1156.22 733.634 -309.74 -3.93294 2.43487 -1.0637 111
-1153.51 -240.087 425.446 -3.94166 -0.819444 1.48734 744
-1149.61 2276.74 -212.914 -3.88413 7.66672 -0.719114 95
-1143.48 -213.357 133.372 -4.2274 -0.809281 0.50635 33
-1142.51 -605.409 -3049.13 -3.82812 -2.02036 -10.2117 364
-1132.86 -9754.15 -4188.31 -3.93075 -33.8453 -14.538 153
-1116.95 6167.95 848.642 -3.85605 21.3017 2.9348 198
-1111.36 5794.2 -1787.53 -3.84589 19.9184 -6.13463 789
-1102.02 -639.189 -598.553 -4.07798 -2.45077 -2.24049 955
-1090.13 1615.38 -154.492 -4.06711 6.02997 -0.588139 480
-1088.43 434.597 -236.738 -3.62543 1.43132 -0.851899 859
-1081.37 1086.97 741.545 -3.68316 3.68836 2.52299 925
-1080.7 131.742 -903.219 -4.0205 0.469021 -3.37437 776
-1072.32 315.548 -1501.91 -3.64711 1.0682 -5.08209 676
-1059.34 -883.803 -1217.6 -3.94948 -3.32707 -4.56922 62
-1038.26 855.48 -1114.52 -3.47504 2.90863 -3.74615 590
-1029.15 2616.4 7035.7 -3.47255 8.83669 23.6425 175
-1013.97 -2138.37 434.653 -3.5333 -7.53169 1.55797 756
-983.937 7743.16 2438.89 -3.37459 26.2223 8.27342 49
-960.178 434.443 453.043 -3.26451 1.52476 1.54298 27
-930.707 -2281.47 -428.95 -3.18716 -7.9405 -1.47118 618
-915.913 -324.986 -193.954 -3.07335 -1.16505 -0.616687 89
-915.715 -1263.77 -341.819 -3.27044 -4.53225 -1.22978 621
-905.096 -743.558 -520.198 -3.15302 -2.60063 -1.81072 951
-902.447 -1735.81 -917.785 -3.18007 -6.11985 -3.2381 844
-892.065 2554.74 407.135 -3.32051 9.62144 1.55205 279
-873.933 -470.162 -909.827 -2.97514 -1.5667 -3.12982 71
-872.056 1024.88 1218.75 -2.96631 3.46219 4.14665 692
-867.144 607.596 39.5018 -2.91665 1.96081 0.123617 552
-860.249 -1338.14 -2215.27 -3.0887 -4.82312 -7.9893 203
-858.212 -388.24 -228.889 -2.93015 -1.26519 -0.796244 129
-855.446 1450.6 -111.144 -3.01933 4.98429 -0.449146 406
-850.18 -619.948 -770.463 -2.88387 -2.10176 -2.59143 327
-841.939 1755.75 -199.669 -2.92632 5.99674 -0.67263 572
-838.952 -3155.97 -1122.93 -4.4339 -16.7064 -5.9492 165
-837.396 2565.77 2470.24 -2.90129 8.8302 8.53701 555
-836.068 -989.893 -447.189 -2.77804 -3.29716 -1.47112 489
-809.094 1133.74 71.4489 -2.72182 3.75492 0.215879 432
-805.072 197.896 1113.45 -2.71895 0.644688 3.84632 238
-804.119 338.194 1064.8 -4.47141 1.84974 5.90638 755
-802.286 465.105 -254.101 -2.72057 1.58191 -0.876172 977
-790.447 1439.96 320.908 -2.6561 4.81638 1.08721 919
-781.121 -1238.01 -1008.16 -2.64873 -4.20937 -3.41575 550
-774.107 543.617 4222.93 -2.79318 1.96135 15.2516 333
-771.288 2787.11 2109.36 -2.69953 9.74872 7.37383 375
-757.016 240.554 1687.44 -2.53225 0.786773 5.69689 909
-752.045 -462.071 -326.193 -2.48911 -1.55765 -1.08483 847
-747.931 -206.814 -423.082 -2.48414 -0.658205 -1.37174 937
-744.213 -1450.53 -68.0263 -2.48197 -4.846 -0.220867 50
-729.14 1707.39 -109.05 -2.41858 5.66564 -0.35537 996
-712.332 1124.11 -39.9479 -2.45073 3.78449 -0.140073 820
-711.005 -767.21 287.923 -2.43305 -2.61552 0.988979 660
-699.73 -1197.76 -7403.96 -2.83244 -4.84814 -29.9665 959
-698.517 -524.037 -374.819 -2.33064 -1.79869 -1.27638 224
-693.901 -1404.82 -352.484 -2.49786 -4.98992 -1.26326 570
-688.347 -241.43 -279.913 -2.30674 -0.805293 -0.949799 629
-682.42 1813.21 -716.654 -2.30702 6.09588 -2.42375 470
-681.009 244.354 1979.91 -2.26448 0.843032 6.63049 358
-679.913 461.17 -145.729 -2.43449 1.53037 -0.531221 336
-677.784 1822.3 -3840.31 -2.33835 6.20672 -13.2218 388
-676.617 -1967.22 -23.8492 -2.26256 -6.6155 -0.067515 144
-674.999 -1302.04 320.246 -2.24145 -4.33431 1.09649 181
-673.871 437.255 11.0397 -2.24119 1.40597 0.0595913 634
-649.548 -849.279 135.3 -2.11844 -2.84718 0.44647 476
-648.89 -200.467 -94.1204 -2.08755 -0.725699 -0.316354 750
-640.311 800.346 73.5582 -2.25009 2.83952 0.280704 266
-639.598 -333.725 -1445.18 -2.21967 -1.22589 -5.01713 12
-635.867 242.732 -136.249 -3.72378 1.40686 -0.801107 667
-629.817 -713.612 444.876 -2.24405 -2.52434 1.58091 57
-628.483 2005.92 -925.966 -2.16772 6.90784 -3.17309 296
-616.855 -1820.88 -649.825 -2.09293 -6.30407 -2.23761 722
-609.536 -2394.95 358.378 -2.03282 -8.07963 1.23441 75
-574.037 -444.848 1044.83 -2.43637 -1.91536 4.48131 890
-532.701 -414.079 -450.943 -1.72754 -1.41554 -1.488 220
-530.243 278.565 1048.89 -1.77817 0.92426 3.54361 267
-521.711 260.372 -86.0756 -1.63636 0.76241 -0.186833 739
-516.856 -512.019 -321.164 -1.69176 -1.77294 -1.01991 871
-509.603 1197.81 -957.698 -1.80187 4.20262 -3.35427 793
-509.259 292.495 -1133.02 -1.68704 1.01938 -3.88887 743
-509.152 99.7051 -611.605 -1.77032 0.341196 -2.14028 331
-502.86 -392.557 -215.936 -1.56789 -1.33034 -0.678611 386
-482.18 738.816 1171.79 -1.89681 2.9062 4.60449 15
-473.504 -211.085 -16.9999 -1.40283 -0.648052 -0.0462011 645
-453.43 -317.603 -99.2152 -3.17255 -2.29867 -0.710278 737
-448.012 -1833.78 -1322.42 -1.51561 -6.19796 -4.48295 807
-441.066 -1137.72 445.103 -1.47535 -3.89261 1.56176 948
-425.501 -1670.77 -402.288 -1.47605 -5.76167 -1.37488 803
-423.18 4445.93 -656.209 -1.47525 15.3313 -2.27308 340
-410.848 -423.053 -624.589 -2.07309 -2.1419 -3.15211 440
-399.524 215.449 140.622 -1.19763 0.643425 0.412183 233
-380.075 -283.287 475.574 -1.26095 -0.940736 1.67521 21
-377.626 -277.461 -62.8214 -1.06819 -0.83001 -0.176624 109
-370.935 966.239 -686.498 -1.26995 3.25373 -2.32129 701
-357.189 1166.54 -571.831 -1.25664 4.19309 -2.05183 283
-354.941 -23.2948 -502.513 -1.15933 -0.0839337 -1.66165 341
-342.481 2641 140.675 -1.15628 8.83238 0.47503 32
-332.016 1790.13 5602.13 -1.19385 6.43646 20.144 843
-331.611 1114.72 202.883 -1.16096 3.98604 0.739933 9
-329.496 876.13 -427.927 -1.21118 3.20844 -1.58469 863
-329.345 -1040.05 813.866 -1.10097 -3.56948 2.79071 592
-327.472 390.39 -624.606 -1.10593 1.24622 -1.99508 520
-327.177 281.603 416.019 -1.0723 0.959059 1.40261 405
-325.445 -504.676 -327.674 -1.04681 -1.66228 -1.04975 177
-308.728 -1186.58 792.922 -1.03347 -4.13459 2.84786 546
-302.802 173.261 249.225 -0.859006 0.451801 0.724238 22
-298.88 309.397 -494.628 -0.998756 0.892708 -1.68854 545
-291.377 2813.43 739.203 -1.01736 9.8239 2.60383 735
-290.077 -650.67 -1495.2 -0.988947 -2.23608 -5.14592 648
-281.876 -81.5949 180.911 -2.04914 -0.608979 1.33779 416
-274.911 330.219 -68.2112 -0.902603 0.873309 -0.274153 276
-270.631 640.119 1344.22 -0.931158 2.17523 4.45654 110
-269.476 -77.8464 -37.5654 -1.44789 -0.483988 -0.241544 567
-269.377 -791.69 -574.967 -0.855459 -2.58304 -1.90867 456
-264.088 305.157 -2143.35 -0.844701 1.0513 -7.19604 510
-262.936 -1490.14 -2761.54 -0.963673 -5.46276 -10.1215 835
-254.643 359.445 430.857 -0.814962 1.05618 1.38434 654
-254.183 639.935 -1708.3 -1.42026 3.54342 -9.49642 158
-253.933 -600.933 -23.2728 -0.78091 -1.89563 -0.0583643 28
-253.154 2411.24 2643.54 -0.873277 8.24134 9.04148 134
-252.147 95.4942 -10.7508 -0.514063 0.111894 0.103208 603
-251.531 769.686 -116.646 -0.845647 2.46476 -0.409585 77
-243.608 64.4465 0.716688 -0.587167 -0.131788 0.00544397 23
-241.754 -319.28 -609.075 -0.732992 -1.05907 -1.97078 517
-234.947 102.622 62.0304 -0.655522 -0.0409787 0.195353 865
-228.311 773.089 532.339 -0.798762 2.55716 1.7525 373
-227.887 139.691 -140.382 -0.494964 0.281792 -0.30668 532
-226.541 -814.296 -48.0691 -0.746983 -2.77925 -0.157374 206
-225.155 25.1186 86.2443 -0.411662 -0.178236 0.213491 244
-221.603 -722.468 106.445 -0.797277 -2.68935 0.396043 344
-219.401 323.651 115.17 -0.665868 0.864461 0.287289 811
-218.685 1630.36 -708.134 -0.776877 5.58255 -2.41043 988
-216.155 -2506.46 1092.6 -0.916058 -10.6481 4.64061 709
-207.088 307.671 122.352 -0.843872 1.18754 0.432326 86
-206.283 -273.538 -60.7885 -0.551125 -0.718368 -0.163576 335
-197.795 -93.4475 145.903 -0.292786 -0.386426 0.355164 280
-196.899 5.42628 -1014.2 -0.717496 -0.0085591 -3.41194 107
-189.836 93.6423 299.975 -0.549293 0.136349 0.801532 587
-188.094 -460.431 146.095 -0.566296 -1.62339 0.499558 785
-186.909 -40.2543 63.1979 -0.15878 -0.30881 0.0847801 7
-186.701 -5.05236 135.054 -0.280545 -0.260164 0.286429 409
-186.032 20.9203 21.1095 -1.10052 0.0235772 0.11711 736
-183.996 859.987 69.2873 -0.701494 3.02901 0.234884 332
-179.728 1324.04 250.388 -0.553153 4.46847 0.856955 858
-174.109 -64.9329 -318.606 -0.413245 -0.213855 -0.809546 288
-170.434 2590.57 83.8158 -0.589887 8.64598 0.312146 108
-168.71 -51.3117 -35.5161 -0.0359748 -0.358757 -0.0458248 762
-166.834 215.886 172.72 -0.578176 0.409167 0.516265 305
-166.78 20.3142 -161.818 -0.258814 -0.216727 -0.369139 235
-156.268 -3.52246 -91.7654 -0.836021 -0.295229 -0.601846 952
-147.832 48.832 59.7064 -0.0252254 -0.221238 0.0343503 995
-139.594 -770.586 475.715 -0.426883 -2.52627 1.52009 145
-132.873 -302.868 185.395 -0.640311 -1.59853 0.959113 928
-131.569 681.145 728.21 -0.463992 2.23059 2.48833 36
-130.725 -264.149 51.057 -4.41986 -8.46661 1.73719 368
-126.574 3581.93 876.334 -0.454214 12.8878 3.14878 229
-125.603 113.368 244.409 -0.190537 0.136348 0.693456 53
-121.866 111.472 152.433 -0.510809 0.307795 0.560869 425
-117.287 -50.1887 79.1545 0.153946 -0.39581 -0.0115751 452
-112.086 -1555.74 695.046 -0.383543 -5.17822 2.28469 121
-107.3 -109.398 -55.1293 0.230446 -0.356406 -0.0380483 795
-106.853 1998.61 -479.452 -0.354676 6.78834 -1.62729 887
-102.578 65.0051 -9.05366 -0.316404 -0.181556 -0.0404555 408
-99.7005 1097.66 -394.362 -0.389563 4.21619 -1.50668 767
-95.3484 -328.431 33.8076 -0.125593 -0.932412 0.169582 969
-92.8192 114.476 -29.96 -0.318356 -0.264469 -0.00732078 748
-92.6067 2256.73 -2143.15 -0.31892 7.53179 -7.18581 127
-89.6561 195.238 157.04 -0.337581 0.304787 0.344591 670
-87.8094 174.045 -111.656 -0.41505 0.151188 -0.269219 854
-86.0456 -23.4839 -53.1129 -0.207535 -0.382474 0.0823262 85
-85.3293 -77.2661 67.9229 -0.0659775 -0.590293 0.138492 45
-80.8994 324.017 -173.3 -0.24564 0.809526 -0.45993 195
-80.2935 787.821 1200.41 -0.27154 2.74616 4.17805 2
-74.6389 -55.2475 12.7603 -0.454728 -0.727686 0.134285 908
-73.9067 693.755 918.826 -0.326787 2.54565 3.4237 966
-73.2436 88.4614 11.2272 0.0732879 -0.491207 0.0211401 635
-73.1794 184.085 -203.479 -0.262859 0.372926 -0.407201 433
-72.7587 96.9521 19.3267 -0.479399 0.0338716 -0.0172954 647
-69.7478 275.02 53.8029 -0.390155 0.585114 0.169244 815
-65.2775 -13.9125 -61.143 0.41094 -0.410564 0.482266 856
-62.5379 -681.84 156.641 -0.163597 -2.15637 0.519911 162
-62.3343 7887.56 -6277.22 -0.219588 27.6681 -22.0193 765
-61.4474 867.069 737.629 -0.160333 2.98062 2.51129 483
-60.9278 809.715 -713.79 -0.503854 6.68487 -5.88891 632
-60.1649 -111.166 29.777 0.0112261 -0.632606 0.094722 946
-57.8775 248.814 236.438 -0.232277 0.933407 0.874783 352
-57.5043 -97.0263 -27.3246 0.541537 -0.0244784 0.101286 372
-56.3927 -7.656 -16.5142 -0.216992 -0.928363 -0.210566 171
-54.8809 -6.33472 -33.0652 0.25519 -0.529211 0.939815 968
-53.6804 30.9021 19.0362 -0.63529 -0.494209 0.175926 125
-53.3395 591.358 -425.461 -0.238561 1.98175 -1.51463 830
-52.9897 -54.8453 -15.3916 0.843665 -0.32604 0.244674 879
-52.2753 694.742 1096.38 -0.20531 2.29562 3.75691 245
-50.9598 1232.13 339.164 -0.2292 4.39197 1.25678 837
-48.1713 -48.6079 -40.6046 0.0254269 -0.529978 -0.18805 174
-47.8217 -7.83323 27.2488 0.208698 -0.989857 0.0285933 424
-47.6288 -6.04461 4.50215 0.94975 -1.03443 -0.194124 932
-47.3315 -7.30771 0.0778808 -1.23795 -0.910207 -0.456022 487
-44.4492 -22.5671 -33.6276 -3.30518 -1.94111 -2.91353 318
-41.7415 124.878 -53.6085 -0.0585778 -0.173895 0.0574704 883
-39.4524 148.612 143.099 -0.288149 0.0789754 0.263671 377
-37.8308 10.2635 7.29407 0.315687 -1.12089 -0.0985183 588
-36.9055 -0.12935 1618.01 -0.112058 -0.0216985 5.4533 658
-35.5255 24.0796 42.4606 -0.448066 -0.772447 0.285545 943
-34.4229 44.7745 -6.43197 -0.241814 0.0851848 -0.178521 864
-33.9397 -159.187 15.838 0.0226761 0.0677639 -0.0765807 504
-33.4248 29.3772 64.0745 -0.401816 -0.376435 -0.732151 415
-31.873 102.1 -6.16224 -0.395398 -0.469727 0.0913326 463
-31.1435 -2154.33 -1126.56 -0.0998732 -7.57527 -3.95724 574
-30.509 -2.6561 1.07047 -0.638974 -1.48478 0.412371 457
-30.3159 -14.7761 0.326962 0.711 -1.35095 -0.126236 747
-29.7221 -42.4794 -37.4798 0.453761 -0.771845 -0.0474653 597
-29.5604 24.4002 -0.561161 -0.0976773 -1.45293 0.17254 769
-29.3504 -9.38744 36.0138 0.636654 -0.364241 0.158458 664
-28.9686 103.152 18.865 -0.336012 -0.469852 -0.103733 625
-28.7196 38.2258 95.8875 -0.179879 -0.196197 -0.492996 398
-28.6497 18.2441 10.1701 -0.826142 -0.448165 0.766546 502
-28.4311 38.9106 28.2645 -0.86122 -0.559083 0.227864 100
-27.6209 54.3417 -17.877 -0.160584 0.0308468 -0.379131 78
-27.5543 -32.962 29.1842 0.538438 -0.589605 -0.673974 326
-27.2772 11.9924 -7.85278 -1.27107 -0.791027 1.02128 371
-27.197 -23.0049 -18.3624 0.775608 -1.37737 0.220528 917
-26.5964 -6.69177 -5.36884 0.654852 -1.11313 0.0915151 886
-26.5324 2.1338 2.07479 0.276886 -1.2005 -0.0277413 741
-26.2039 12.5669 -9.81365 -0.56159 -1.07987 -0.241703 553
-25.7792 25.8564 -20.1763 -1.02052 -0.818553 0.426573 223
-25.5545 28.8049 -8.36688 -1.25658 -1.02062 0.046888 809
-25.0873 27.4363 29.877 -0.391173 -0.562817 -0.900179 980
-24.8295 163.256 -7.29957 -0.0877108 0.128716 0.0698936 782
-24.1848 9.94441 -7.74432 -1.39616 -0.951364 -0.56202 378
-23.7033 -118.681 -81.8753 0.14184 -0.43457 -0.331154 114
-23.5248 -23.566 -1.06101 0.873663 -0.178797 0.270594 393
-23.1709 0.968035 -11.5388 0.218363 -1.462 -0.562056 823
-22.9386 1755.6 694.98 -0.0709107 6.56596 2.62416 933
-22.8603 -5.01865 -0.221843 0.501821 -1.68602 -0.0514939 351
-22.6802 -13.4779 1.73567 0.380541 -1.63965 0.389977 484
-22.6159 -0.551204 0.054566 -0.184975 -2.0117 -0.107311 598
-22.389 -47.0056 -7.30966 0.914927 -0.0845131 -0.0329588 926
-22.286 -181.766 53.2681 -0.0694425 -1.11283 0.295608 728
-21.4307 5.60919 5.0875 0.455161 -1.22614 1.47024 759
-21.4191 10.9165 -21.5896 -0.693771 -0.802423 1.28882 439
-21.346 -34.3231 11.0839 1.21563 0.266728 -0.42985 309
-21.0918 557.077 -187.785 -0.135515 1.79603 -0.575479 920
-21.0622 -13.0077 -7.5186 1.44396 -1.55071 0.528568 513
-21.0059 16.284 32.256 -0.0221081 -1.00029 -0.289743 771
-20.93 32.0764 -21.3539 -0.852616 -0.212324 0.933251 981
-20.5464 114.218 16.5036 -0.376193 -0.371894 -0.00938141 710
-20.3314 3.40415 -5.83982 0.373174 -1.57904 0.51277 435
-19.9348 34.7197 -1.04117 -1.50555 -0.0512529 -0.474247 878
-19.0354 -21.5422 -3.08221 0.743605 -0.776924 1.27276 833
-18.3569 19.5442 38.1562 -0.9798 -0.0341847 -0.274487 711
-18.2105 -4.9365 8.00691 0.321034 -1.93256 0.220155 949
-17.6286 -21.2939 10.3433 1.04272 -0.775596 -0.979986 897
-17.0333 2.31182 -2.70875 -0.347798 -1.51278 0.0861237 242
-16.9072 -17.4836 6.17063 -0.00522044 -0.94924 0.5057 297
-16.3741 -21.0474 -32.2517 0.497301 -0.698759 0.632597 211
-16.0211 -9.57074 2.79813 1.68257 -0.933372 -0.161278 307
-15.905 -229.986 65.1799 0.26296 -0.46675 0.20391 696
-15.6428 18.8647 -12.0261 -0.7343 -0.932273 0.524788 942
-15.4319 -6.86541 -3.9764 1.6445 -1.3797 -0.726145 609
-15.0776 4.04861 -26.4885 -1.38445 -0.891862 0.444355 690
-14.9729 0.210857 4.10147 0.401481 -2.08755 0.830593 673
-14.9443 -27.4915 -0.577798 1.03055 0.525026 -0.372 303
-14.6471 9.56539 -2.34715 -1.47017 -1.15941 -0.387621 70
-14.3932 11.0477 9.75715 -0.865257 -1.31865 0.997688 781
-14.3245 -3.17499 -2.16074 0.370974 -2.06911 -0.0577711 147
-14.2563 -9.96774 -6.66951 0.602152 -2.04869 0.0752383 644
-14.2548 10.5313 2.38532 -0.905863 -1.2466 -0.262269 87
-14.2297 4.76244 -21.5098 -1.23935 -1.14003 0.546375 222
-13.9254 -14.4838 0.435769 1.70807 -0.969941 -0.0828624 385
-13.3206 30.9864 20.9119 -0.962109 -0.722369 -0.196137 548
-12.6131 -2.97335 -1.81699 0.723888 -2.48605 0.366843 717
-12.4682 2.63457 16.0515 -1.1441 -1.48233 -0.655471 477
-11.751 2.58078 -8.49069 -0.430399 -2.03491 -1.1774 939
-11.3868 11.0831 8.69064 -1.46425 -1.69542 0.183499 740
-11.3188 -66.457 -23.0974 0.582218 -0.203253 -0.0751926 637
-11.3089 25.361 -1.44618 -1.49909 -0.568764 -0.124605 40
-10.6022 -0.918833 -22.1169 -0.346071 -2.03774 -0.0425441 923
-10.5473 4.04264 0.836358 -0.408309 -2.46888 -1.21584 263
-10.3891 -26.6492 -21.678 1.10568 -0.755588 0.599216 851
-10.3484 -32.5709 9.37386 0.886257 -0.484329 0.0311329 488
-10.3136 -2.68504 1.66736 0.799823 -3.24032 0.135924 475
-10.1551 -31.4747 18.0325 1.18795 -0.243096 0.211358 278
-10.1099 117.449 -84.6222 -0.365409 0.120382 0.213637 225
-9.96519 -45.4246 -47.1339 0.676909 -0.155231 0.182976 170
-9.89501 3.22903 1.3949 -0.283359 -2.47344 -0.594157 561
-9.33222 37.6847 4.73765 -1.17482 -0.0529468 0.622126 653
-9.23361 11.5421 17.4603 -0.59109 -2.02651 0.567774 355
-8.92107 -0.0883908 -1.57565 -1.41533 -3.06938 -0.473543 61
-8.55661 15.3386 1.72271 -2.26371 -0.575739 0.0627867 119
-8.5492 -2.18252 -2.93275 0.324237 -2.97063 0.225712 302
-8.41847 -10.3214 5.9873 0.505835 -2.2656 0.237383 729
-8.10849 597.652 -98.6742 -0.0800586 1.83702 -0.294767 531
-8.08669 -0.814695 -2.16455 -0.345684 -2.87337 1.05785 172
-7.98927 39.7171 33.5795 -0.609272 -0.4688 0.647334 643
-7.77305 7.53704 -1.31644 -2.13719 -1.20927 -1.01582 940
-7.75375 -3.49564 -1.08382 0.218217 -3.12499 0.835859 571
-7.31289 -66.6976 -12.8343 0.497462 -0.763941 0.27189 524
-6.94093 33.1401 -13.1732 -0.895784 -0.930802 -0.414575 72
-6.8983 84.9941 30.6869 -0.476017 2.37728 0.851345 894
-6.86576 11.9469 2.94179 -2.11001 -0.0445954 -0.23856 675
-6.7169 -16.3439 1.67817 1.27371 -1.81711 0.980406 641
-6.66449 4.98871 -0.868036 -1.9795 -1.57264 0.533087 291
-5.68874 -9.1362 11.8688 1.38102 2.09328 0.818655 840
-5.61843 13.9042 0.963294 -2.28412 -1.19484 0.228659 54
-4.79169 -6.72216 7.46697 1.31759 -2.25105 -1.71761 230
-4.7303 5.76336 -0.496504 -2.76168 -1.3927 0.274759 791
-4.51643 5.427 -2.28651 -1.96287 -3.02376 0.326255 482
-4.2936 41.2603 19.0705 -0.945833 -0.105703 0.00601457 703
-4.24228 -26.9644 -4.08579 1.41171 -0.415779 -0.120279 642
-4.20312 8.15975 5.36769 -1.75568 -2.6324 1.10637 200
-4.09309 28.7409 -2.4727 -0.873885 -0.282508 1.3643 860
-3.98558 -1.86425 -0.564548 2.46611 -3.89673 0.78359 93
-3.98745 6.84397 -0.69417 -2.03096 -2.36381 0.273614 911
-3.84124 14.6672 -9.37153 -0.871379 -2.11758 1.00124 361
-3.51263 -19.562 -6.05217 1.43412 -0.918422 -0.389054 250
-3.46416 120.922 -78.3628 -0.361435 0.00663802 0.139681 832
-3.43821 14.67 1.48816 -1.59159 -0.99944 0.803685 827
-3.34648 12.1471 3.71359 -3.00579 -0.791945 0.316813 905
-2.56557 2.12977 -0.791871 -3.62977 -3.38821 -0.582991 369
-1.87442 10.4993 0.322924 -2.55998 -1.88283 -0.650456 124
-1.84651 -5.40594 0.218184 4.35136 -0.790857 0.0871333 516
-1.77713 5.80537 -2.17334 -4.11966 -0.820454 0.0113822 497
-1.6873 252.607 104.428 -0.0910204 2.76022 1.16048 853
-1.51817 -28.8607 -2.37516 1.29493 0.230741 -0.132695 825
-1.49238 -22.9041 20.3265 0.545656 -0.867304 -1.20476 953
-1.3073 30.4886 -21.1225 -0.896625 -0.440089 -0.286931 156
-1.09962 -1.2296 -0.463632 6.54237 -3.89467 3.58843 330
-0.741798 20.5832 0.0585278 -1.67604 0.632166 -0.251948 766
-0.346713 -34.2244 -3.48549 1.0042 -0.107285 -0.308685 918
-0.221788 24.7902 -2.86413 -0.930841 -0.987116 0.380162 990
-0.176167 -26.5787 7.4245 1.53109 -0.689541 -0.0540848 602
-0.092388 -21650.7 8518.17 -0.00427264 -72.7713 28.6444 183
-0.0466665 -22.0527 5.37884 1.66532 0.457299 1.10942 594
0.161351 17.2206 -6.83723 -1.73953 -0.480621 -0.211614 216
0.326669 25.1637 6.2747 -1.1534 1.40829 0.0618034 512
0.436287 12.584 21.2448 -1.65649 -0.946717 0.525959 681
0.479704 -612.593 443.04 0.0281952 -2.11047 1.45703 41
0.549222 5.57781 -2.00876 -3.43705 -0.0475022 -0.188022 649
0.811358 200.881 -129.475 -0.240168 0.336349 -0.29077 194
1.13096 8.57011 2.53822 -1.79215 -0.0417343 -0.375075 657
1.2488 16.9263 -6.76063 -2.14051 0.202489 0.140828 573
1.25586 23.9068 5.23749 -1.63897 -1.11128 1.10876 345
1.28393 -26.5787 -10.7544 1.54206 -0.955346 0.913774 273
1.32039 129.719 -545.627 -0.0152933 0.267491 -1.68336 444
1.37458 -5.48088 0.489759 3.37319 1.02394 -0.43209 973
1.97963 5.16347 -0.182538 -3.68283 1.95649 -0.388745 914
2.20892 82.9607 2.95756 -0.772932 -0.40352 -0.0334133 401
2.21469 -465.191 -1062.51 0.0783522 -1.56612 -3.62613 936
2.22634 3.46924 0.830561 -2.70435 2.78108 0.529861 556
2.37306 -3.62362 0.404525 3.86971 1.48781 0.692581 921
2.44664 12.3876 -0.671341 -2.32544 0.757428 0.077418 806
2.48468 21.2039 -0.0495184 -1.48027 0.771861 0.69593 137
2.53244 15.4605 3.53739 -2.53007 -0.168799 0.216349 677
2.6285 -3.52259 -0.608183 3.29971 2.51525 0.319771 997
2.74919 0.270177 0.389685 -0.998086 3.4019 0.016838 838
2.82322 -1.27788 0.0212211 -0.0707435 5.38225 0.620087 310
2.9481 -15.5581 -18.8423 1.41924 0.836296 -0.520617 34
3.50503 -154.16 78.2196 0.343349 -0.0769734 0.0601528 469
3.65259 -15.0388 -6.69884 1.22723 1.94562 0.539247 666
3.9198 -14.3975 1.88617 2.66806 0.796579 1.05717 485
3.98515 -14.9072 5.83218 2.52884 -0.2439 0.0889613 866
4.01612 -14.3888 3.7586 1.47195 1.81894 -0.181174 589
4.29256 -937.228 224.127 0.0344241 -3.25616 0.778806 494
4.33428 28.8823 -10.6696 -1.35222 0.30419 -0.161184 471
4.45088 -8.99779 7.72332 1.80754 1.30904 -1.82837 414
4.46391 -910.378 -795.337 0.0441039 -3.13294 -2.71865 139
4.64104 3.48655 0.369112 -2.73135 1.81829 0.266842 501
4.71552 -0.160435 -0.0796434 0.758441 4.8062 0.492748 605
4.8168 65.4003 -158.481 -0.265242 -0.057665 -0.0765483 272
4.87301 9.48962 3.51347 -1.22332 0.58792 0.549965 498
4.99621 -13.5818 -4.48773 2.61494 0.654812 0.19243 730
5.15163 6.81912 -0.401242 -2.05731 2.30742 -0.374328 294
5.45282 1.16343 -0.343735 -0.481222 3.20699 0.242565 824
5.55394 1.15965 1.17903 1.00312 4.55017 1.19972 579
5.91108 -2.94239 -1.71649 1.89746 2.84608 1.09953 249
6.12438 40.4743 -1.35597 -0.434445 -0.660876 0.187741 733
6.31116 -0.822376 2.16536 0.705456 3.18623 0.12714 392
6.32382 3.43426 0.330479 -1.84656 1.96591 0.490823 80
6.37297 -14.1784 -0.791649 1.82393 0.871186 1.03655 215
6.47017 34.9968 0.353293 -1.2605 1.13871 -0.360918 190
6.4966 -4.91819 0.447567 2.01751 2.30481 0.997851 945
6.57473 31.7929 -12.5213 -1.12944 -0.590991 0.491377 92
7.04505 -55.2553 18.1219 0.563704 0.402084 -0.99123 515
7.05002 413.792 -14.3505 -0.0569627 1.20016 -0.0208306 566
7.23584 9.06009 -1.80925 -3.10139 0.819947 -0.497089 565
7.49477 -15.4213 0.549437 1.3493 0.853264 0.648363 965
7.54006 -4.64937 0.88888 1.56593 2.34576 -0.114647 631
7.8566 15.9533 1.4658 -1.18648 1.07804 0.145825 529
8.1221 13.7496 0.971092 -2.25875 0.62747 0.89633 219
8.12862 2.23676 2.87489 -1.17909 2.96662 -0.413074 275
8.32647 4.02508 -0.183142 -1.70649 2.25175 -0.123513 38
8.77754 -1.60818 2.202 0.752092 3.01822 -0.945754 929
8.78826 -14.1217 6.75346 2.00016 0.34733 0.0136474 426
8.83595 184.2 -42.8961 0.0172164 1.81228 -0.476369 682
9.50361 -30.5762 21.2041 1.08428 0.388979 -0.394208 116
9.64299 -36.9021 -38.6971 1.03365 0.126747 0.0952565 5
9.82435 -20.7988 -21.1295 1.03865 -0.042089 0.688489 316
9.9923 488.47 -1296.23 0.0261789 1.598 -4.30054 540
10.1256 -7.63195 0.657218 1.66406 2.37283 -0.728256 169
10.1904 -24.1947 -70.6924 -0.330276 0.61676 0.557286 464
10.2808 -4.18025 -0.187316 1.7532 2.89879 -0.035879 339
10.5512 6.78999 1.75605 -0.97373 2.43487 0.488975 428
10.6613 -6.87219 4.33866 1.72244 2.12092 -0.888347 79
10.6834 -1.06568 -1.00609 0.806903 2.3439 0.0319509 775
10.9074 -0.258522 -7.06096 0.135814 2.63343 0.632188 522
11.2088 -20.7039 -15.4569 2.0759 -3.4649 -2.65129 650
12.4683 27.4215 -6.55001 -1.3826 -0.611126 -0.0543014 19
12.4768 4.33062 -0.275463 -0.911295 2.49705 -0.713265 455
12.5362 6.34035 0.283583 -1.09379 1.67638 0.0739314 14
12.5896 -10.1594 8.51589 1.65367 1.21355 -0.976579 507
12.8132 -25.4486 14.7487 1.54052 0.657775 -0.449279 944
12.8971 11.5217 7.47672 -1.43591 1.48606 -0.33632 543
12.9679 -9.17267 -1.02374 1.98775 0.802089 -0.147057 935
13.0421 -0.121721 -0.369536 0.752061 2.2567 0.521157 876
13.3665 -955.71 328.329 0.0745103 -4.60489 1.59231 136
13.8684 23.9336 -3.63101 -1.33401 0.833077 0.158473 528
13.9259 -24.0984 -3.03574 1.74796 -0.513838 -0.971839 975
14.7168 20.5166 11.1539 -1.13774 1.34532 0.145751 697
14.9079 30.0172 3.0514 -0.88927 0.573372 0.604159 930
14.9467 11.0408 1.54987 -1.14302 1.38981 -0.328429 442
15.2995 8.21154 5.29641 -0.831105 1.32363 1.00486 26
15.3327 36.9545 -38.6992 -0.483921 0.238879 -0.469178 778
15.384 -76.5264 -0.866891 0.438147 0.472596 -0.00679267 562
15.9826 28.7804 -3.08088 -1.332 0.658924 -0.0348119 265
16.0101 -339.682 -17.117 0.17061 -1.42372 -0.0698468 680
16.306 -4.73988 2.75021 -0.280103 1.14382 1.9044 538
16.7308 71.1579 -38.0805 -0.745407 0.0270877 0.480473 718
16.8556 -18.3793 6.4101 0.998424 0.978913 0.716033 812
16.8701 -60.2707 -691.976 0.100943 -0.164375 -2.40176 201
17.248 -22.5109 -6.20903 -0.0836686 0.510449 -1.56366 117
17.3505 34.3275 12.1617 -1.27831 -0.416371 -0.227938 817
17.6953 24.3401 -1.58244 -0.8315 0.789302 -0.215849 52
17.7584 36.2588 -56.1461 -0.548767 0.263626 -0.510841 160
18.6098 -204.644 5.94229 0.336123 -0.262227 0.014476 514
18.8755 31.0191 2.75563 -1.01857 1.36779 -0.0264257 834
18.8788 -0.447345 0.741617 0.00938135 1.56639 -0.650476 895
19.0275 -8.36075 -8.79833 0.143284 1.60338 -0.606382 98
19.1887 -15.2405 -3.88974 1.19239 1.18452 0.224673 984
19.4656 6.23879 10.2536 -1.52695 1.13512 1.08719 359
19.5592 -54.1948 2.81132 0.596279 0.235808 -0.0950965 623
19.5614 -43.9118 12.3926 0.542792 0.907605 -0.211867 693
19.7793 1.17697 -1.89901 -0.251164 2.21092 -0.333505 663
20.1807 21.1828 14.8627 -0.856085 1.04874 -0.600297 60
21.4597 -3.27814 14.6305 1.41885 1.48365 -0.679458 798
21.5903 29.4517 -44.3384 -0.557273 0.152085 0.512909 204
21.8096 -16.006 -52.017 0.640143 0.654025 0.131273 786
22.0339 -5.42059 1.06127 0.353179 1.46521 -0.0361899 356
22.3067 -51.1847 36.4 0.679404 0.0167599 0.547236 900
22.4138 -22.2553 -1.36524 1.04791 1.60253 -0.000537898 875
22.9933 1.54203 -3.35933 0.203522 1.23152 -0.652247 960
23.518 28.0358 9.2851 -0.727453 0.887462 0.688796 180
23.796 -6022.56 2982.5 0.133622 -20.643 10.2189 37
23.9981 -37.583 -17.2742 0.770396 0.667792 0.543024 814
25.327 28.6991 -7.25897 -0.860673 0.637163 0.0226126 76
26.0384 112.361 -230.847 0.031241 0.70267 -1.47899 993
26.0913 1.72942 3.32788 -0.354837 1.43693 -0.262237 593
26.463 -27.1464 8.42054 0.721833 0.741382 0.0255111 39
28.1453 16.6925 3.28242 -1.01336 0.985322 -0.338463 596
28.8135 47.118 58.0204 -0.509052 0.0680329 -0.708129 884
29.1074 11.4776 -49.5632 -0.74382 0.449432 0.0975098 956
29.3616 -135.931 168.247 0.282032 -0.0499528 0.398729 120
29.5756 -1.08985 12.8456 0.119691 1.38527 -0.569631 698
30.8415 -1150.2 -802.491 0.0716109 -4.60554 -3.24492 893
30.9616 -436.224 -1070.04 0.0865508 -1.47394 -3.59817 628
31.5606 8.14313 30.8607 -0.252581 0.695435 -0.22156 826
31.839 24.9761 3.06672 -0.765976 0.85838 0.251985 338
32.0562 -9.56248 -0.997312 0.242011 1.27158 0.817732 678
32.5018 -239.419 44.7097 0.165081 -0.903781 0.0873071 395
34.1992 -16.4633 -9.20517 0.341008 1.12895 0.177753 972
34.2479 -157.348 138.527 -0.170034 -0.289656 0.188054 713
35.5984 -183.514 -256.579 0.493002 -2.37916 -3.34438 105
35.6403 280.997 378.645 0.100975 0.787086 1.09395 423
36.473 33.2708 -25.2163 -0.556194 -0.679312 0.109419 581
36.5702 88.2582 244.777 -0.0294273 0.0394975 0.539963 646
38.113 -46.3426 -21.5145 0.841515 0.280903 -0.378675 239
38.4634 25.4247 -92.3601 -0.365769 -0.0970664 0.438654 595
39.455 -12.2762 0.732196 0.457606 1.26564 0.190773 246
41.003 24.3042 -9.89754 -0.64447 1.06707 -0.149319 846
42.912 -121.502 108.058 -0.00428976 0.120381 0.075629 132
46.1395 -7.50218 2.84242 0.429344 0.454211 0.617706 617
46.225 7.49059 10.036 -1.09728 0.741023 -0.510291 731
50.515 -682.144 -67.8701 0.24605 -3.08609 -0.302566 306
52.7359 2495.27 -1425.19 0.170202 8.34286 -4.78179 852
53.2068 25.9715 22.5489 -0.183309 0.846575 0.227731 612
55.7345 1545.41 1007.55 0.161618 5.5026 3.61455 971
57.5221 -80.4575 -11.9336 -0.141959 0.60894 0.0510021 252
58.3887 76.7493 -27.6233 -0.671957 0.0941115 0.121203 686
67.6359 -22.1414 -199.662 0.00783074 0.215876 -0.339788 695
68.8949 18.6374 -220.719 0.052946 0.0425886 -0.352481 839
69.623 230.053 -692.132 0.18822 0.648498 -2.2271 784
70.0059 1601.87 832.697 0.475335 11.0024 5.72442 870
70.8517 19.961 -56.298 -0.389074 0.453547 0.444095 575
70.9662 -175.778 52.9771 0.283099 -0.0681793 0.0707639 874
76.4553 59.1617 -20.1469 -0.633135 -0.0846475 0.0517551 974
77.6801 24.0824 -93.191 0.0116618 0.0800242 -0.0835363 652
79.8483 131.239 -61.2983 0.0429254 -0.130632 -0.0154108 627
81.6601 -7.20854 13.2228 0.246216 0.40732 0.299109 751
87.4379 92.4992 40.7818 -0.411195 0.340913 0.00286886 58
100.366 -210.713 -85.7518 1.0459 -1.92277 -0.793637 600
100.368 -138.757 5.08441 0.401724 0.113098 -0.00442324 227
108.651 91.1024 57.2238 -0.241439 0.251176 -0.0495364 526
110.124 -5.73061 -137.087 0.119884 0.239494 0.00663462 557
112.423 -8.07585 -207.388 0.04004 0.164993 -0.480432 492
114.617 -183.139 -40.301 4.07739 -5.57568 -1.42643 954
116.653 -323.534 -181.347 0.412994 -0.907812 -0.555026 493
118.983 2301.01 3605.64 0.41541 8.02811 12.5819 290
122.104 6.12554 -206.786 0.0452298 0.155854 -0.493299 209
128.434 -116.441 174.838 0.333233 -0.0181368 0.395272 84
130.173 107.634 -105.978 0.0358156 0.216566 -0.117311 391
130.184 13.4699 -14.1156 -0.279512 0.279324 0.0265466 998
130.543 244.574 85.3481 0.133285 0.619928 0.238873 889
131.304 101.366 -95.9009 -0.00974283 0.158278 -0.14266 757
131.316 -220.321 130.348 0.442107 -0.376852 0.350313 106
132.294 671.603 -350.598 0.448213 2.31977 -1.20642 397
132.458 -351.426 147.252 0.449171 -0.999724 0.479814 774
142.053 -2079.32 7919.87 0.47664 -7.08828 26.8508 466
142.745 -125.054 -10.2912 0.0708675 -0.102402 0.0979686 349
143.827 -2811.44 -1343.74 0.513895 -9.49346 -4.5447 293
144.307 -3699.02 4981.89 0.501745 -12.912 17.4014 317
146.388 993.236 -155.348 0.37296 3.58436 -0.617055 506
147.961 -72.8349 -20.8986 0.0941721 0.0721217 -0.0724657 869
152.895 -1313.78 -489.029 0.685451 -5.82975 -2.16886 325
153.954 242.302 247.224 1.17327 1.90021 1.92887 421
155.944 -17.8451 104.401 0.182106 0.324111 0.181979 248
161.603 -1321.89 627.652 0.614344 -4.72485 2.25859 770
161.607 -162.542 524.575 0.502167 -0.419004 1.73531 459
163.445 -60.9001 -188.593 0.286523 0.0866453 -0.503816 240
170.637 188.175 692.184 0.559213 0.593392 2.25032 411
172.114 144.101 -85.505 0.310706 0.405362 -0.229483 714
173.631 71.9855 36.259 0.0608741 0.209872 0.0615028 451
175.686 -483.018 -76.5574 0.657991 -1.6317 -0.271627 491
176.823 27.6101 -425.465 0.482927 0.111441 -1.27939 322
182.37 -2385.16 -946.86 0.633364 -8.25317 -3.26583 90
182.438 1739.5 2628.63 0.656629 6.30152 9.52172 462
187.216 -623.768 -182.487 0.739781 -2.35005 -0.674127 861
197.806 96.0174 122.609 0.407004 0.080766 0.158866 533
199.282 -2597.46 7439.76 0.683299 -8.90658 25.5066 394
206.339 199.593 -262.273 1.12821 1.14434 -1.45462 35
218.309 111.339 57.9907 0.327709 0.496728 0.179441 979
218.693 -3776.91 497.433 0.77005 -12.9714 1.69282 271
231.452 353.689 461.305 1.60222 2.59462 3.39377 168
243.73 1084.21 -995.995 0.820031 3.70668 -3.4183 558
244.571 79.2775 142.457 0.486479 0.294842 0.317137 924
247.782 418.102 336.959 0.767122 1.43884 1.16739 794
252.016 98.3326 40.3645 0.906004 0.458765 0.11751 749
252.792 307.556 -50.0239 0.694751 0.916092 -0.174133 329
254.724 -1694.89 1866.75 0.891439 -5.9213 6.52195 537
258.763 -85.9921 -124.611 0.620449 -0.0959858 -0.322668 611
259.811 -1123.37 676.552 0.887823 -3.85751 2.34013 292
263.19 -183.38 -161.256 1.20924 -0.820304 -0.711886 96
264.44 38.9606 145.45 0.621959 0.127608 0.254629 130
270.836 2421.85 -3236.64 0.947072 8.67866 -11.5985 468
276.928 11989.4 10193.7 0.931045 40.2485 34.2307 346
279.235 -269.542 189.196 0.886591 -0.687427 0.580421 213
280.598 9880.27 4622.65 0.956453 33.9991 15.9072 365
281.766 136.824 855.944 0.958059 0.476053 2.93354 192
282.897 -1080.31 -326.088 1.03778 -3.72703 -1.15154 450
283.203 487.113 -649.604 0.963927 1.67771 -2.15835 321
284.609 -56.6014 1142.92 0.976367 -0.148072 3.90399 384
287.869 -57.245 -124.32 4.0739 -0.773268 -1.76861 383
292.811 714.117 -405.823 0.976232 2.44568 -1.38195 624
293.937 164.566 -356.729 0.783989 0.451107 -1.15495 438
303.336 1201.9 606.661 1.02936 4.0939 2.0802 499
305.127 26.5267 345.024 0.836872 0.0857343 1.09216 828
328.984 4422.45 -248.094 1.20096 16.0994 -0.902995 202
343.644 794.311 473.359 1.37721 3.26899 1.93487 314
343.719 -1198.76 -1117.79 1.26159 -4.35051 -4.05468 613
343.89 -612.311 -258.539 1.18586 -2.10024 -0.874179 380
349.822 -97.7235 -4088.89 1.30161 -0.360156 -15.1955 569
352.217 -357.427 308.791 1.46723 -1.45773 1.25636 639
361.726 -1466.24 1061.56 1.21089 -4.9598 3.5988 764
366.904 564.894 1017.23 1.27352 1.919 3.48656 659
377.249 -1231.33 6632.83 1.444 -4.71338 25.3867 801
382.068 18.9761 -80.4992 1.10078 0.202103 -0.225344 640
384.709 -432.706 703.823 1.37673 -1.42337 2.4643 622
387.605 1112.45 -49.7752 1.31708 3.83708 -0.164801 732
387.649 -3067.18 -643.241 1.34678 -10.6145 -2.24184 962
391.903 -143.942 -24.9577 1.19321 -0.285309 -0.0796372 938
402.718 2916.46 -962.752 1.38734 10.0411 -3.34378 636
407.97 1591.41 671.465 1.44363 5.68477 2.41329 862
413.763 -717.358 -232.863 1.44755 -2.40317 -0.820352 270
416.549 931.375 -410.499 1.47604 3.29097 -1.44392 958
420.961 605.758 -1129.54 1.43236 2.01994 -3.85235 922
426.471 -581.306 -304.019 1.45488 -1.86592 -0.98598 247
430.135 2554.54 565.84 1.4738 8.78937 1.94051 478
431.235 364.99 27.6429 1.54816 1.25171 0.114206 986
434.865 -980.651 644.609 1.45547 -3.23696 2.16124 256
440.868 2261.47 226.063 1.45838 7.55498 0.784821 264
446.293 2089.83 -95.6263 1.5171 6.9372 -0.312144 564
457.343 -316.188 -246.449 1.51214 -1.03029 -0.829792 724
457.638 -743.983 -1709.41 1.55576 -2.5111 -5.81329 354
460.403 276.008 -72.8444 1.50569 0.902178 -0.259005 725
472.894 1032.48 -57.6211 1.66684 3.67482 -0.215832 437
477.884 523.056 -397.926 1.60519 1.69784 -1.3092 576
481.242 -15.4393 736.94 1.55943 -0.070157 2.38075 253
482.039 -527.245 560.962 1.63328 -1.78848 1.89321 829
486.571 391.42 -1206.78 1.67553 1.39623 -4.21231 65
491.345 -148.728 -47.9021 4.12062 -1.24929 -0.417032 261
511.275 -179.44 -170.55 16.981 -5.9535 -5.67157 578
516.428 692.973 454.785 1.99286 2.68475 1.77674 366
521.966 6.21385 56.4568 1.69729 0.109229 0.163368 877
525.588 -2736.49 -341.022 1.79298 -9.26434 -1.15848 196
528.729 1359.95 997.113 1.92229 5.00274 3.66852 474
532.029 2958.16 410.222 1.80149 10.1599 1.41803 323
533.552 386.39 48.8484 3.86172 2.84627 0.339794 140
537.1 11.8855 -143.157 1.62429 0.0294854 -0.421516 608
551.208 -452.903 -82.7929 1.97658 -1.45857 -0.270987 255
552.479 -211.831 791.536 2.56677 -0.977875 3.71361 742
554.579 2219.21 1084.01 1.90548 7.62838 3.73727 48
558.491 -276.45 -276.628 1.86904 -0.816981 -0.903503 146
564.304 6078.4 2294.85 1.94369 20.9867 7.93181 745
581.304 -1554.2 -5813.07 2.00177 -5.26612 -19.6941 601
587.432 1637.63 553.48 1.93575 5.4571 1.86453 173
588.433 -644.367 -152.759 4.00308 -4.36579 -1.03873 300
596.618 682.103 -224.213 7.06502 8.11959 -2.65589 193
605.14 -2014.3 -1396.59 2.1084 -6.9576 -4.831 761
613.935 -484.022 135.36 4.93492 -3.88103 1.08441 199
653.892 475.285 645.053 2.11216 1.55899 2.10796 849
657.061 -1659.02 -2442.71 2.31569 -5.8418 -8.61059 842
665.292 -1653.84 -717.49 4.95797 -12.3296 -5.35003 286
667.254 -162.493 -74.2133 7.05799 -1.70525 -0.788913 892
673.64 -978.695 -79.9391 2.23917 -3.25626 -0.281333 208
687.035 730.9 727.706 2.26995 2.39142 2.41655 902
690.655 1149.65 -1119.89 2.31238 3.80192 -3.71996 978
698.167 -2702.88 -875.83 2.42676 -9.38493 -3.05513 400
701.881 -1938.23 836.517 2.47896 -6.65651 2.89316 289
710.425 -826.778 -535.693 2.58292 -2.96481 -1.92359 370
713.485 104.553 -98.4934 2.66943 0.473455 -0.25115 29
722.341 58.0336 -165.911 2.52305 0.215868 -0.562473 152
725.769 -64.1993 359.036 2.4544 -0.180277 1.2111 382
733.896 -298.482 -1252.78 2.81349 -1.16018 -4.95483 6
737.377 -321.168 1516.57 2.6935 -1.15543 5.49853 412
741.405 -167.228 279.315 2.50401 -0.522815 0.964608 754
742.539 524.554 2428.19 2.4815 1.79759 8.35832 441
748.343 2846.94 -218.617 2.57484 9.79012 -0.776142 88
757.246 163.229 637.629 2.69213 0.599461 2.24837 254
759.202 -488.912 -1808.44 2.59811 -1.61943 -6.08186 122
765.205 367.743 980.289 2.60746 1.18983 3.31341 431
768.671 -534.392 -257.863 2.5796 -1.77265 -0.847117 679
769.254 -305.221 -50.2664 2.93303 -1.1315 -0.184013 81
788.866 -235.596 -756.307 2.62937 -0.777135 -2.58498 445
805.288 956.671 -53.1495 2.92292 3.48975 -0.211952 818
817.603 -140.928 -233.573 6.56176 -1.12196 -1.87519 888
821.313 -790.208 1700.96 6.24699 -6.00797 12.937 961
839.285 5825.52 553.388 2.87462 19.955 1.90037 59
843.131 1468.43 -655.075 2.86068 5.03386 -2.23053 343
888.741 -601.241 941.541 4.08546 -2.75701 4.32972 950
892.525 6658.36 8180.02 3.05503 22.9028 28.119 436
904.556 -726.839 -755.194 3.25388 -2.59221 -2.72595 850
916.561 -998.648 332.922 3.17984 -3.45044 1.16335 350
931.858 196.496 -1565.3 3.17719 0.674758 -5.3326 328
951.725 -7503.06 10687.8 3.22692 -25.4684 36.273 734
960.335 203.137 -62.9548 3.20149 0.721461 -0.201329 141
961.496 1042.27 -158.641 4.02524 4.37241 -0.667211 683
969.787 -277.766 663.136 3.44262 -0.973057 2.35491 509
993.208 5712.43 2669.16 3.70676 21.3047 9.9609 967
1023.11 -434.444 937.098 3.54048 -1.42756 3.27082 308
1042.49 641.162 -1319.65 3.5767 2.11409 -4.50017 541
1058.37 -1686.55 2.40089 3.67359 -5.8371 0.000714918 453
1058.52 -812.842 370.807 5.17166 -3.93193 1.81471 410
1068.08 -1245.04 4087.52 3.67523 -4.28201 14.0601 404
1076.67 -695.981 852.02 11.4985 -7.4294 9.07802 716
1087.35 -102.533 294.03 5.12114 -0.458432 1.3516 149
1115.27 -3212.09 1431.04 3.83004 -11.09 4.95386 694
1116.89 -3391.67 -1406.37 3.80495 -11.5497 -4.78489 402
1128.03 363.765 907.422 3.74386 1.25067 3.02139 777
1128.82 2709.12 932.228 3.88624 9.35147 3.21041 773
1140.63 -1432.52 672.852 4.22763 -5.29435 2.49832 651
1143.41 -612.199 -101.775 3.91 -2.12058 -0.378951 115
1152.66 -22.3372 -539.245 3.89437 -0.0490274 -1.84901 24
1153.92 768.355 -368.042 3.83847 2.57403 -1.21645 577
1182.43 -649.687 -236.86 3.98348 -2.14641 -0.815155 407
1187.53 322.889 -1390.97 4.05001 1.10642 -4.73659 957
1188.82 544.72 -2355.87 4.07179 1.85376 -8.05774 604
1196.76 -3017.38 685.212 4.8771 -12.2955 2.80413 205
1197.01 1544.67 1155.15 4.34217 5.61979 4.1929 207
1210.54 2699.7 1574.73 4.6597 10.352 6.05094 214
1214.63 -1105.64 -250.632 4.21281 -3.80139 -0.882815 187
1224.55 -964.087 -78.3297 4.40315 -3.39032 -0.336356 64
1227.1 -334.208 -1118.43 4.49794 -1.20235 -4.07228 403
1228.92 -839.662 -654.503 6.82709 -4.65329 -3.63566 287
1230.46 521.359 -1496.87 4.41495 1.86896 -5.36487 418
1230.68 -883.992 584.368 4.18433 -3.03899 2.03455 758
1238.83 -2334.31 -14.046 4.64547 -8.75335 -0.0540582 721
1249.66 1459.2 -328.374 4.84176 5.66179 -1.27262 797
1257.89 -3829.16 1764.82 4.32403 -13.2373 6.11742 867
1268.23 -1211.08 -65.5917 4.54544 -4.32879 -0.232344 4
1271.4 -918.943 -2697.99 4.29809 -3.07475 -9.02457 705
1286.03 -190.445 842.939 4.53806 -0.663167 2.98292 542
1287.71 -157.558 -598.323 4.37385 -0.515748 -2.05546 313
1287.87 -1954.11 928.848 4.65261 -7.08272 3.40604 599
1288.41 -1153.14 -1956.85 4.3743 -3.91881 -6.64629 221
1290.12 -3398.69 -6477.87 5.48697 -14.4539 -27.55 582
1294.25 880.337 1324.03 4.42166 2.99713 4.53328 212
1297.8 -605.093 -683.936 7.20632 -3.35414 -3.79849 460
1323.83 -349.788 440.611 4.72768 -1.20598 1.54224 467
1328.81 48.7993 -100.797 4.47078 0.201142 -0.358142 399
1334.75 2007.18 1954.2 4.66838 6.9627 6.81086 479
1369.29 -6022.11 4020.19 5.05332 -22.2229 14.8359 665
1383.77 11489.7 -3111.24 4.88324 40.3951 -10.9435 500
1384.99 3400.15 1358.81 4.74598 11.6922 4.6833 413
1438.9 1143.22 -580.597 4.83095 3.80311 -1.9699 159
1441.04 134.874 60.1345 5.16662 0.487706 0.21656 473
1446.05 3757.98 -403.561 8.05582 20.9322 -2.24888 458
1473.37 1961.65 354.446 4.97866 6.60006 1.19608 563
1495.52 79.9548 -497.404 4.96694 0.23961 -1.65522 237
1516.31 5714.68 -2343.7 5.19148 19.5806 -8.03046 376
1532.54 3905.01 -3568.78 5.22383 13.2809 -12.0182 539
1538.09 1149.72 24.5201 5.13566 3.84924 0.103871 584
1555.12 1445.72 104.798 5.33783 4.98013 0.361141 185
1557.79 -284.258 922.806 6.14484 -1.11405 3.63754 104
1616.22 5148.02 -686.864 7.07947 22.5521 -3.009 97
1636.47 -157.938 259.034 5.83318 -0.549648 0.932658 991
1655.59 2936.12 1518.51 5.66202 10.0044 5.1886 234
1668.93 -358.275 79.8073 5.70182 -1.21322 0.289611 387
1671.51 1403.49 -2559.34 5.77499 4.79443 -8.85108 535
1675.85 -1350.93 -1227.84 5.67271 -4.58225 -4.15035 704
1689.42 13705.8 3444.94 5.81914 47.1685 11.8795 947
1722.06 1476.69 -2170.82 6.34411 5.44125 -7.99668 101
1736.49 4834.77 -4207.08 5.99219 16.6053 -14.4815 753
1781.15 1095.46 2208.57 5.97802 3.67785 7.41632 166
1818.52 8689.57 3894.76 6.23567 29.9537 13.4292 656
1850.4 962.858 498.204 6.61696 3.43689 1.7824 706
1860.62 2876.13 3590.55 6.76638 10.4604 13.0586 312
1869.37 -8055.6 -2300.81 6.77901 -29.211 -8.34416 831
1872.39 -175.174 811.592 8.6514 -0.798739 3.74476 845
1945.82 681.016 731.225 6.59591 2.35561 2.5471 30
1964.29 -593.681 -1034.32 26.8765 -8.12161 -14.1519 910
1980.47 391.819 2485.1 6.75283 1.34557 8.45437 374
1992.07 606.372 42.9327 7.22906 2.21713 0.149397 934
2024.01 1525.87 1530.19 6.92014 5.21042 5.24082 454
2060.28 2945.41 -6792.53 7.01491 10.0272 -23.1182 334
2090.42 531.859 1043.51 7.60795 1.94059 3.80228 304
2106.07 -629.92 -801.389 7.52918 -2.24577 -2.87483 112
2118.02 -4431.37 4182.58 7.28762 -15.2345 14.3774 715
2123.48 -2483.28 1618.26 7.16549 -8.36008 5.45537 446
2137.5 -1050.14 -1154.71 7.46095 -3.60078 -4.00264 816
2173.3 13194.4 10439.2 7.37696 44.7951 35.414 788
2188.42 -1414.01 -690.057 8.93484 -5.71273 -2.7983 907
2190.02 1141.24 811.577 8.12105 4.18761 3.03737 320
2219.75 6325.45 -103.741 7.65134 21.7595 -0.359331 161
2226.03 869.358 -24.7074 7.47833 2.93989 -0.0759361 821
2230.36 -166.484 -387.057 7.4683 -0.546318 -1.28896 157
2268.19 3764.16 -2412.78 7.66191 12.7357 -8.18122 931
2269.74 -4607.47 2966.17 7.88096 -15.972 10.2917 779
2310.88 -9008.97 3242.97 7.82637 -30.476 10.9399 449
2349.16 -5527.42 -201.788 8.71855 -20.5451 -0.734786 752
2361.12 1945.63 2117.91 8.12217 6.65669 7.29596 150
2391.19 -552.506 -671.485 8.11625 -1.85938 -2.25403 994
2391.53 5648.37 8264.06 8.63338 20.3688 29.804 503
2449.94 -2377.56 -2960.71 8.46545 -8.2456 -10.2754 804
2461.67 859.219 -1008.18 8.32925 2.91621 -3.41714 461
2483.52 245.224 -396.19 8.94731 0.887292 -1.43304 904
2567.66 2337.79 -1162.61 8.86092 8.06147 -4.01242 241
2569.52 332.066 262.083 8.86929 1.20354 0.964136 25
2573.58 197.932 1428.23 8.97794 0.713439 5.00356 787
2603.31 -484.368 1532.57 8.73555 -1.62206 5.14538 906
2626.42 -3464.29 6550.38 9.17322 -12.134 22.9688 723
2712.13 -10814.2 -7469.33 9.11873 -36.3398 -25.1086 987
2732.91 1857.5 564.191 9.26242 6.30762 1.89465 20
2765.53 -11486.2 -2044.38 9.25403 -38.4338 -6.8408 896
2871.89 -9870.01 -2158.13 10.4162 -35.792 -7.8262 551
2881.47 2506.15 -2039.22 9.756 8.4558 -6.89069 559
3005.98 679.089 -3315.39 10.0636 2.27452 -11.1012 427
3079.48 -435.676 -391.926 10.4309 -1.47224 -1.33148 534
3111.21 -5092.96 -104556 11.2865 -18.4753 -379.275 357
3162.15 709.605 -830.978 10.8632 2.40086 -2.88376 184
3183.47 364.092 -2102.73 11.417 1.31194 -7.55445 324
3240.72 -1062.44 -2795.95 12.0338 -3.91641 -10.3906 712
3350.25 -1880.62 -2885.13 11.4096 -6.39888 -9.81823 523
3370 -4107.74 -2409.1 11.7445 -14.31 -8.3964 143
3468.2 5591.1 -2086.37 11.8832 19.1548 -7.14755 568
3485.16 709.561 -782.858 11.7066 2.41823 -2.61528 772
3736.21 1569 -2104.74 12.8571 5.37881 -7.25775 260
3851.98 -3670.41 -2466.48 13.4271 -12.7848 -8.59327 186
3870.9 -736.612 2347.16 14.3172 -2.72995 8.68128 964
3915.77 -136.119 2741.84 14.0557 -0.482992 9.85718 999
3962.54 250.27 -483.373 13.7118 0.882912 -1.67907 521
4032.37 -487.61 1901.44 13.5412 -1.60683 6.3716 67
4249.36 -4896.11 -378.057 14.7289 -16.9537 -1.33196 337
4411.86 -3077.85 2764.82 15.1925 -10.6184 9.52579 417
4496.14 -4705.22 4913.53 15.5728 -16.2977 17.0283 881
4507.87 9986.31 6430.78 15.5179 34.3699 22.1347 44
4916.35 -774.093 3749.35 16.9032 -2.68396 12.8621 792
5226.14 -23509.8 -8365.45 17.5697 -79.0258 -28.1281 191
5273.73 -2004.34 1012.06 17.7274 -6.73433 3.39774 674
5288.38 15004.4 -20693.1 18.1305 51.4363 -70.9519 231
5421.07 -3379.57 2674.31 19.2033 -11.9715 9.47237 583
5448.37 3905.08 3818.44 18.7512 13.4181 13.1351 486
5467.32 4295.61 -7252.41 18.9461 14.8842 -25.1267 655
5601.27 3908.93 -3237.71 21.0378 14.6812 -12.1685 133
5675.26 -373.036 796.655 19.6651 -1.27233 2.75648 148
6167.57 3240.64 -3831.62 22.1844 11.7201 -13.8336 616
7024.09 -11042.7 -5422.02 24.4954 -38.5147 -18.9098 430
7812.03 26975.5 15752.9 29.6947 102.538 59.8794 396
9373.12 964.134 -1100.04 32.2939 3.31857 -3.81117 614
10726.6 -3885 958.645 38.6699 -14.0391 3.48221 913
10868.4 -4447.67 1166.12 38.1188 -15.5896 4.06428 128
11918.7 29709.8 9732.92 40.406 100.71 32.994 118
12019.1 17036.9 -14704.6 42.4085 60.1385 -51.8988 882
12190.4 -3473.08 -8978.52 40.978 -11.6497 -30.191 638
13730.7 14917.9 -13547.4 46.5469 50.5593 -45.9188 362
15102.9 -496.807 9228.72 51.9463 -1.70889 31.7411 746
15417.2 -124053 43671.4 52.205 -420.041 147.881 66
15980.3 5552.13 -1848.38 54.1626 18.8 -6.26647 51
17841.1 -43049.5 7216.12 59.9818 -144.729 24.2607 443
18091.1 -228.474 -5152.16 65.0112 -0.820843 -18.5164 780
20165.3 3060.93 23719.8 71.1754 10.8046 83.7224 3
26026.2 -2700.16 3689.9 93.3128 -9.68306 13.2323 699
37683.9 20841.4 -23305.6 127.741 70.6476 -79.0016 527
50834.1 -14807.8 -10443.5 179.428 -52.2722 -36.8587 182
51823.6 -7245.65 25147.1 175.479 -24.5183 85.1474 360
