-28.4835 10.0219 8.11333 106.039 -33.2665 -59.2518
-25.3418 9.36151 -5.10878 80.5436 -182.658 84.1732
-23.7012 1.08639 -7.1569 107.926 -118.371 32.1633
-22.8012 -13.3079 -3.07979 94.1667 -2.35047 60.9553
-19.6536 -1.39301 -1.53607 94.0393 2.40609 36.2031
-19.5967 5.74269 0.237303 75.4928 -81.6526 -20.7075
-19.202 -2.65296 -1.57982 109.165 -48.9868 -74.2272
-19.3057 -3.43718 -0.352961 96.4901 -76.931 -27.8168
-19.3288 1.82598 0.503295 80.4433 -83.9819 25.3918
-19.0922 2.36441 -1.33617 91.8037 -24.0235 -64.0544
-18.5952 -15.6936 7.20387 135.145 68.7079 -41.067
-18.9483 -14.1561 -3.52122 97.3385 -116.783 -13.4892
-19.0214 -1.47092 -0.568567 86.6379 -116.394 -20.2591
-19.2435 -7.54707 4.68985 61.1434 -147.296 91.2201
-18.807 -3.48105 -1.13129 99.8742 -79.9359 -59.3198
-18.9805 3.71302 -2.80372 77.6194 -70.2198 -67.0895
-19.0868 -2.35628 1.34202 64.4478 -35.248 -46.3526
-18.9637 4.11486 -3.01183 69.7975 -64.4614 41.1959
-18.7524 -0.11373 -0.886666 85.8805 -60.2466 -33.2793
-18.4485 -5.85687 1.05072 101.627 -16.7838 37.5358
-18.4556 -3.0654 -0.791647 94.7034 -64.2719 -25.8067
-18.3083 -7.93009 0.542721 108.802 0.694201 23.9913
-18.5532 3.21754 -2.45041 71.7984 -84.3862 -53.9639
-18.5799 4.72946 0.793457 55.9252 -119.778 46.7009
-18.2499 -2.71866 1.14684 87.5619 -51.3358 34.1724
-17.9772 -6.09886 -1.98293 105.389 -30.6818 -86.1574
-18.2902 10.4875 -1.001 62.9919 -123.401 -24.7531
-18.1429 8.72138 -0.425114 66.1131 -80.8842 -22.295
-18.1281 -0.839057 1.93306 66.7085 -145.827 70.0536
-18.2254 6.89054 3.27911 52.7965 -105.906 -18.7218
-17.8281 -2.76493 1.88351 87.9031 -54.4323 64.4886
-17.6119 -8.2672 -0.803104 109.208 -23.2547 -30.1444
-17.9332 1.81523 2.02768 75.7464 -73.1804 87.2509
-18.0022 4.65974 -1.55107 62.9834 -96.0322 -15.268
-17.7074 -1.97643 -1.45285 89.5218 -22.3972 -53.0613
-17.7445 -0.398236 0.470671 83.5861 -58.6869 24.7441
-17.9311 7.07985 0.222308 64.0204 -85.3324 -0.0837458
-17.6705 -2.97766 -2.52182 89.0053 -96.65 -80.381
-18.1077 3.93772 -2.60312 44.7793 -72.4889 0.437076
-17.6366 -5.02255 -0.166475 90.156 5.66143 -11.8538
-17.8105 1.1593 -2.41754 72.7197 -98.4806 -94.1841
-17.607 -4.50339 1.80146 92.1174 33.8894 50.8546
-17.486 -6.95292 -2.01586 102.923 -69.2626 -82.9265
-17.4612 -5.32297 1.0668 102.068 -16.0982 43.2117
-17.4257 4.13769 -2.55371 99.5408 -183.587 -4.22199
-17.681 8.7615 -0.281393 72.3603 -69.9329 -6.5084
-17.2995 -5.60424 0.733804 108.1 -84.9855 69.4786
-18.0669 3.74559 0.588434 31.2686 -159.267 45.7625
-17.874 3.04421 1.51851 47.6349 -120.469 32.7562
-17.7879 8.82955 -0.386965 55.917 -93.3341 5.50123
-17.5854 3.70064 0.579601 75.6832 -61.7694 -57.5388
-17.4525 -10.8389 3.36032 87.0299 -87.1721 93.961
-17.5046 4.86103 0.46787 80.1193 -42.113 -11.7302
-18.1946 4.1567 -0.275015 10.8461 -286.565 6.49598
-17.3138 -24.0557 7.88504 98.1315 20.7239 47.4605
-17.2343 7.39624 3.69823 104.175 -28.83 15.8786
-17.6146 7.13169 -1.52765 65.6174 -77.8952 -71.3617
-17.6535 -0.366865 0.268401 59.0924 -67.6924 -31.5846
-17.1086 -7.34473 -2.28112 107.607 -103.034 -110.959
-17.3124 2.6293 -2.14278 81.1097 -36.3197 -83.0391
-17.51 4.61547 -1.11156 54.6222 -107.155 -31.8255
-17.174 -0.4896 -1.73618 86.9084 -42.4848 6.40029
-16.925 -8.84426 -2.16115 110.67 -14.9141 -83.0866
-17.6626 -0.768579 0.321863 31.4129 28.1857 -4.50218
-17.2358 5.41699 -3.43941 71.9379 -73.8937 -57.0837
-17.5455 8.93439 -0.49191 36.1036 -240.09 -13.5999
-17.4178 3.88064 -2.88254 45.993 -69.4817 -108.777
-17.25 -1.34439 -0.518119 61.5313 -176.018 -6.11548
-17.482 6.88753 2.13908 35.0616 -124.292 82.6946
-16.9348 -2.87601 -1.32399 88.5852 -61.4339 -48.0517
-17.4454 5.16041 0.690509 35.6615 -138.343 11.8042
-16.8494 5.18674 -5.05939 91.6452 -46.6129 -106.548
-17.2931 2.43967 -0.265702 46.6303 -167.699 -3.92444
-17.0237 3.37489 0.76785 70.9778 -61.5116 73.8481
-17.0797 -0.661045 -2.53771 63.3894 34.7494 18.2007
-16.7948 -3.01889 0.354931 88.1815 -67.7949 2.74947
-16.6478 -8.2014 1.32742 96.5832 0.352514 59.105
-17.2967 4.4945 -0.48409 31.3521 -137.892 -40.1181
-16.9722 7.28085 -2.22213 61.2283 -81.157 -58.3594
-16.5259 -10.2392 2.78148 101.961 13.0212 98.0449
-16.5239 -7.51868 3.48536 100.418 -28.6436 25.051
-16.607 -6.54863 0.741334 91.2168 -5.68736 45.0722
-17.0519 0.79246 1.05854 45.7368 -152.514 40.6114
-16.8425 -1.30726 -0.857348 65.677 -157.53 -43.2253
-16.948 4.22093 0.0574913 54.2578 -97.0579 -23.5542
-16.9017 5.58197 -1.18728 54.0557 -94.9756 -44.4326
-16.4733 -11.2544 -0.476894 94.0875 32.5915 4.40268
-16.9141 2.35453 -0.70784 49.3147 -127.774 -57.5758
-16.429 -5.95597 -0.973168 97.4694 -43.3407 -44.5092
-16.5105 -5.93299 -0.31874 86.6535 -43.1322 -12.3305
-16.6413 -0.287891 -0.873107 65.7429 -114.807 -43.7792
-16.1128 -7.44747 -0.603556 110.257 -53.9967 -20.2396
-16.4848 3.76264 1.46434 73.0042 -73.0773 15.8945
-16.5592 0.764861 -0.348555 64.7003 -103.803 -10.0876
-16.7646 7.69617 -1.72762 40.4021 -106.35 -50.7648
-16.5136 -3.83323 1.04032 59.0845 -105.837 43.4233
-16.319 -3.4486 -1.59909 77.8316 -87.4608 -76.5343
-15.7414 -9.27192 0.228775 131.665 -84.691 11.7912
-16.2747 0.134401 -2.89118 77.1444 -42.945 -115.449
-16.9396 6.15 -0.147965 6.02417 -153.638 12.9522
-16.5366 0.494245 0.505199 44.6124 -167.026 60.5628
-16.2176 -1.01338 1.34573 76.0603 -89.558 57.429
-15.9377 -6.66901 -2.6734 102.843 -27.0971 6.5362
-16.2259 -9.07782 0.29806 71.8456 35.5188 3.63282
-15.8336 -8.07219 0.634078 110.455 -42.3557 28.2745
-15.8854 -13.4306 -1.05839 105.026 -103.449 28.5782
-16.406 -3.9415 2.70592 50.5319 -86.3293 -29.4366
-16.2095 -1.71396 -1.53774 56.1572 -169.235 -70.6024
-16.4083 8.84226 -2.49668 35.3247 -105.68 -118.859
-15.7977 -10.7535 -0.645472 91.0982 33.4178 -3.42782
-15.9296 -1.67576 -1.42477 75.0311 -74.9963 -82.7177
-16.1167 -0.247247 -2.05618 52.0068 -139.495 -79.9403
-15.9051 2.08202 2.48067 71.8862 -46.4986 105.252
-15.3729 -5.96157 0.809407 124.523 -186.351 18.2788
-15.5659 -2.94718 -0.810496 102.315 -65.4525 -39.5601
-16.2393 1.13799 2.55023 33.1132 -164.175 77.0691
-16.4625 5.20454 -2.028 10.1035 -156.919 -86.9376
-16.0641 1.15408 1.18083 46.362 -127.866 45.7395
-15.6308 -4.11992 -4.24745 86.5625 -60.5986 -162.857
-15.6507 2.11275 3.86506 84.3705 -99.6268 103.303
-15.7986 -1.32513 4.01049 69.0352 -91.5728 168.544
-15.8314 -2.40162 0.227214 65.6633 -135.393 14.1515
-15.7223 -0.572896 -2.42662 74.5194 -70.1625 -96.5784
-15.6038 -6.18223 3.04329 85.5591 -6.58473 138.107
-15.5161 -4.55496 0.999512 88.0791 -134.219 29.845
-16.073 5.01018 3.15565 32.3598 -116.793 113.695
-16.0612 2.80069 -1.5281 27.1624 -147.945 -50.3462
-16.2193 5.41424 -0.867809 2.89181 -112.9 -4.40729
-15.3529 13.3105 -5.1945 87.8583 -97.1654 -64.1277
-15.1399 -7.76134 -0.55348 108.416 -41.1845 -20.2809
-14.9548 -9.17866 2.40581 122.401 -58.2065 102.834
-15.9128 2.15177 3.84073 23.8554 -155.262 133.346
-15.2696 -4.83993 0.912164 87.0888 -146.639 26.4484
-15.2845 -3.8327 3.02071 85.2675 -31.242 157.695
-14.9937 -11.5566 0.463925 108.202 4.03822 34.2162
-15.7312 11.804 1.78641 34.3915 -107.417 79.3359
-14.7127 2.07917 -4.00981 133.117 7.2056 -46.8783
-15.482 9.26444 0.0792772 55.7803 -76.9748 -13.3271
-15.3949 8.36136 0.916164 63.7955 -60.3471 56.2313
-14.8451 -10.5723 0.190838 116.115 -30.781 -6.58419
-14.9153 -11.3399 -0.597818 108.857 1.43594 -17.1637
-15.1873 -5.81371 -2.00984 80.6153 -53.3595 -87.5471
-16.0161 6.67786 1.95958 -3.9425 -159.076 90.0167
-15.4062 12.3547 -0.219292 51.439 -88.2423 -2.47227
-15.6725 2.43835 1.57272 22.0199 -154.661 75.8153
-15.0082 -8.97086 -0.953082 86.1204 21.6136 -52.7979
-14.7229 -7.74745 -0.0999436 112.6 -130.613 -8.53619
-15.8151 4.44592 0.0503661 -6.78229 -164.424 -1.86269
-14.1041 -6.24461 -3.71226 160.096 11.4198 -59.4343
-15.067 11.6531 1.69591 64.0423 -180.103 -97.0148
-14.9671 -4.77007 -0.0164338 73.6974 -145.631 -11.0532
-14.3434 -12.6091 0.0359033 135.334 -51.9978 23.9058
-15.3438 6.22662 2.82558 27.9164 -118.071 126.276
-15.5206 7.18299 -1.50741 7.18196 -130.789 -76.94
-15.3257 5.75867 -1.76608 25.228 -117.376 -76.0578
-14.6567 -3.61271 3.56492 90.2887 -98.1229 135.027
-15.167 -1.76715 -3.57655 39.2026 74.2767 -43.9913
-15.374 3.33268 0.612775 18.3148 -144.197 28.4904
-14.8795 -2.21652 -1.69369 64.2335 -134.312 -66.823
-15.6151 -1.28887 6.27467 -14.0203 -318.252 299.574
-14.6255 -6.98369 -3.82915 82.9302 8.51577 -151.925
-15.6872 3.52796 0.715149 -23.8354 -189.819 25.4009
-15.0328 1.06052 -3.0131 40.2272 -126.811 -86.6545
-14.8716 4.82093 -2.62848 55.0108 -134.189 -58.5469
-14.286 -5.96732 2.09526 98.2813 -66.3352 81.2413
-14.0159 -9.26676 0.0197031 122.424 -78.3337 5.22369
-14.8449 7.52754 3.8928 40.0557 -88.7155 -10.6859
-14.7371 9.93841 -0.543913 46.7332 -82.3891 -86.2503
-14.1427 -7.81671 -2.45984 104.895 -60.2187 -98.2115
-14.062 -14.6552 0.85753 112.53 25.5073 38.4827
-14.6633 -0.115572 -4.26733 51.3119 -123.181 -170.503
-14.1945 -6.69663 2.63124 95.5749 -97.77 103.153
-15.2659 6.48125 1.2253 -10.9046 -151.298 84.1996
-14.742 8.21944 -1.13678 35.1493 -97.1316 -10.8078
-14.9603 5.01788 -1.95134 13.0312 -132.925 -83.451
-14.4769 4.12155 -0.574912 51.6639 -8.33175 -90.3333
-13.7516 -6.09979 -2.18191 123.542 -75.1904 -75.0941
-14.0311 -9.24005 -3.52906 95.3278 -6.38947 -157.302
-13.7983 -11.4197 -2.26716 117.163 -29.3997 -71.3308
-13.7781 -28.6412 14.7541 108.8 32.5548 -99.5761
-14.4394 -3.05891 -7.45928 41.6081 -59.6406 -4.94394
-13.9619 -13.8478 1.04631 86.1261 46.3049 35.3661
-13.624 -14.3381 -0.12211 119.681 1.73456 -18.758
-13.2176 -11.9017 0.034075 159.711 -2.28724 10.158
-13.9938 -4.49009 -5.72993 78.9773 -67.1996 116.368
-14.7702 8.22393 -0.157138 -5.05743 -144.154 -19.8179
-14.4752 11.9585 3.1619 23.7964 -105.32 74.5853
-13.7403 -5.14137 0.698073 92.7147 -163.005 18.5735
-14.0403 8.97769 -2.92537 61.3521 -55.0453 -109.554
-13.3373 -9.08718 -2.32241 129.528 -79.8953 -90.4788
-13.5825 -21.3997 4.3182 104.678 -131.37 -25.1592
-14.4044 8.4403 2.46339 17.8827 -111.577 40.658
-13.2831 -9.25195 1.54799 128.499 -88.0175 67.435
-13.2501 -8.69108 -0.339838 126.408 -101.554 -11.7507
-13.7406 -5.91033 -1.3453 76.5828 -195.462 -50.0122
-14.2119 -11.4911 -0.624456 29.2455 -85.6382 64.1259
-14.603 12.1555 0.414052 -13.0858 -137.706 -40.5105
-14.7282 9.03707 1.61784 -26.2583 -152.147 40.0861
-13.354 -9.75469 -0.248991 109.526 -34.8429 -23.1892
-14.1804 0.463345 3.20489 27.1857 -132.111 128.667
-14.5392 8.22951 -0.886149 -9.75796 -140.903 -19.1935
-13.3644 -5.563 3.23044 93.7373 -114.185 162.859
-13.1681 -12.3629 0.665394 110.298 -0.440855 21.1014
-14.1393 11.8188 2.03907 13.8148 -114.043 96.7765
-14.4665 12.2229 -0.268364 -18.8593 -266.683 20.7132
-13.3971 -13.0437 1.18873 77.6157 49.7014 41.5306
-12.8136 -9.27236 -0.687651 126.532 -131.985 -25.9995
-13.1184 -15.4152 -0.370097 89.2726 62.3369 -9.45339
-12.6783 -10.3337 0.550728 129.076 -62.9243 9.60361
-12.466 -14.2978 -0.372798 132.939 -13.2787 -27.3068
-13.3562 1.87347 -6.55141 43.4222 -233.929 -257.444
-13.7664 13.5948 1.64394 2.17062 -124.402 27.7344
-12.8175 2.64734 -4.87003 95.1688 6.92829 54.2218
-12.5172 -11.3021 1.56487 123.343 -54.192 83.602
-13.5677 13.9578 -0.949441 18.4448 -105.536 -89.9534
-12.4638 -9.37817 1.55252 126.064 -108.655 67.3915
-13.5405 4.89075 -3.51547 10.0051 -120.521 -134.01
-14.1408 12.8921 1.04291 -49.8842 -108.976 8.17053
-12.5393 -10.3984 0.246096 108.4 -23.1636 16.2911
-12.651 -5.23108 -0.881173 86.7771 -170.274 -45.1043
-14.2593 10.874 4.40581 -73.7492 -168.822 146.645
-12.6535 -10.4601 3.13807 83.6802 22.2911 132.209
-14.1159 13.7398 0.616586 -61.6697 -66.6362 -16.4908
-13.8997 7.75035 -2.54506 -43.1337 -158.716 -127.497
-12.5995 -4.12066 -4.41466 82.6394 -125.41 -189.196
-12.7675 0.410179 -4.75614 61.2948 -21.3057 -192.092
-13.2611 15.1438 -1.50932 11.5948 -110.923 17.838
-11.902 -13.0968 3.07202 137.802 -164.503 56.5022
-13.601 -2.06555 0.35736 -32.3665 28.1254 -104.071
-11.8616 -18.3092 -1.93074 138.799 166.001 158.429
-13.1822 10.6509 -0.455327 4.68092 -113.059 -6.11613
-11.9237 -15.2504 1.05428 117.417 19.6713 32.1395
-12.1805 -6.58879 0.905135 90.6757 -173.675 25.6261
-11.9853 -14.5936 0.397206 107.21 28.5561 25.4544
-11.7743 -10.2053 1.44515 124.318 -80.7927 46.9299
-13.0188 3.31129 3.42799 -2.28096 -151.361 136.636
-13.0114 11.95 -5.05661 -13.0143 -214.022 -145.184
-12.2425 -6.33449 -0.43256 55.6555 -218.722 -26.0733
-11.243 -9.29769 1.96143 152.125 10.3684 98.1433
-13.6304 7.59273 -0.729704 -85.0404 -180.826 -31.4879
-11.3856 -13.517 -1.4121 131.927 -9.64153 -54.5879
-12.59 13.0574 2.18366 5.03536 -106.852 119.065
-12.2923 11.0222 1.82312 28.508 -85.3051 86.5705
-12.3829 14.8701 -0.808006 18.9839 -61.8715 73.5131
-12.7224 -0.917595 -0.301597 -28.4141 -225.978 -3.67275
-13.22 5.05927 -2.63413 -82.109 -191.911 -103.133
-12.7008 8.88584 -1.44674 -36.9652 -138.62 -60.7839
-10.8974 -11.1272 5.47552 139.483 -63.9571 87.0762
-10.8693 -15.275 -0.532964 138.189 -4.9843 -32.2282
-11.5998 -3.73431 5.84303 64.8859 -12.4069 235.065
-12.7585 10.0918 0.736253 -52.5223 -152.291 -1.02705
-12.953 9.53275 1.18996 -74.9107 -157.35 16.9036
-10.9693 -11.5995 -0.464091 121.814 -30.1602 -24.2573
-12.5929 9.21357 1.9361 -40.4859 -138.769 32.3762
-12.2502 11.2815 -1.98903 -10.2953 -117.388 -124.99
-11.2717 -14.0538 1.09885 83.8733 46.2175 -28.7377
-12.2828 8.06925 7.37719 -27.9346 -10.0288 19.517
-10.4148 -15.3318 1.59443 148.941 -15.5892 54.722
-10.5372 -11.161 1.40806 132.576 -62.43 160.356
-10.5284 -13.1858 1.72268 130.043 -29.6144 73.1415
-10.0982 -13.9344 -0.946762 164.976 -44.373 -35.6985
-11.5497 10.56 -0.00023885 20.7479 -229.747 9.29346
-11.6575 11.5756 -0.503252 7.46464 -52.691 -84.4207
-10.2292 -12.2471 1.14115 144.976 -78.6431 32.7332
-12.6231 8.34758 2.61544 -94.2353 -166.227 77.3589
-10.3206 -11.83 0.952767 134.402 -50.3664 33.6882
-10.826 -7.29518 4.88556 79.5402 -8.37309 188.98
-11.3554 17.1937 -0.0309288 20.8395 -104.396 -21.6713
-10.7068 -12.6422 -1.31085 84.4556 29.7687 -45.4057
-10.2228 -11.464 3.57361 115.379 -30.7034 156.175
-10.402 -12.91 -3.42645 93.7002 23.9623 -149.154
-9.89295 -11.6858 -0.707965 140.325 -76.2961 -60.9886
-9.86867 -14.0873 -0.225488 136.035 -11.0105 -0.847366
-9.83698 -10.9112 -5.72415 139.108 -74.6113 -115.999
-11.1167 -3.37867 -3.16263 11.3861 -222.663 -126.456
-12.0911 9.05917 -2.78811 -96.5855 -153.596 -56.7497
-9.87582 -13.6391 1.82169 122.166 -6.92884 82.4787
-9.94906 -8.53518 0.501029 110.412 -213.988 17.2179
-11.3387 6.39278 3.6306 -31.7442 -126.32 195.505
-9.71172 -9.1501 2.33099 129.247 -173.987 96.7849
-11.5251 9.87372 1.18356 -74.5693 -250.772 34.1955
-9.29233 -16.3802 0.367374 146.011 -0.703503 -23.5398
-11.3549 16.1659 -1.70549 -62.7089 -16.2544 -70.3465
-8.9795 -13.5024 2.24338 170.973 -62.7698 94.2756
-9.57849 -8.48751 -3.97998 105.707 -131.936 -159.245
-10.7063 10.2594 -4.16349 -7.08626 -98.9696 -199.883
-11.19 13.8236 1.6571 -57.0318 -112.234 37.6749
-10.741 14.8457 0.0308078 -13.1695 -130.232 -36.7841
-10.5599 11.9444 9.41817 4.35201 -54.5382 44.8809
-9.39498 -12.9956 -1.27703 118.941 -4.58336 -44.3209
-9.88954 -11.1214 3.17831 63.9114 -111.225 -37.8919
-8.9506 -15.6835 -2.43187 152.459 -6.3139 -86.0455
-10.7405 5.39139 -4.54641 -37.432 -129.143 -181.702
-9.27889 -11.5621 4.92736 84.226 20.1804 192.725
-9.04429 -13.7291 2.63751 93.3203 27.6224 73.7028
-8.55628 -12.3293 3.08958 141.217 -57.6242 128.566
-8.78314 -15.923 -2.76405 118.429 23.5889 -75.1185
-8.33619 -12.923 1.89142 159.382 -73.5058 79.7212
-9.9882 11.0676 9.79658 -6.45629 -72.2381 -16.7792
-8.81977 -12.1551 3.62284 108.269 5.8212 163.821
-9.16073 -14.206 -0.121912 72.3858 50.3948 30.2752
-10.4058 12.0976 1.18832 -55.1549 -121.348 32.9173
-10.3626 8.46818 2.39001 -68.8531 -121.27 148.396
-8.31717 -10.2813 4.24973 128.554 -74.9945 145.802
-10.6541 8.55962 -3.41743 -107.28 -61.0421 100.336
-9.54398 15.6009 1.11097 1.49089 -100.034 -22.4223
-10.1936 15.0926 0.106984 -71.0537 -132.343 -19.4354
-8.53381 -14.4959 -1.30261 93.7347 32.5859 -18.2383
-7.83498 -14.5203 0.764678 162.732 -30.6833 -15.2776
-8.51709 -14.3433 -0.143768 92.8607 35.7772 -25.9474
-8.05847 -15.5366 -3.50802 128.704 12.1107 -107.001
-10.6174 13.5731 -1.22467 -128.264 -173.611 -52.5152
-9.18145 13.8184 1.5142 10.6672 -97.1837 39.703
-7.862 -11.3487 3.01571 138.74 -45.5965 125.395
-9.7301 11.2882 4.66703 -51.4927 -114.573 175.876
-7.49986 -12.7703 0.867012 164.813 -93.3432 37.7737
-7.35772 -32.9492 11.7275 176.759 189.493 -125.139
-10.2166 14.7662 -0.845668 -108.387 -137.427 -39.057
-9.82828 10.5435 -2.81728 -70.2575 -120.395 -128.904
-8.37228 -8.83484 -5.57996 67.1815 10.8906 -225.615
-7.63204 -8.85816 2.72164 140.67 -166.259 113.936
-9.16997 15.6694 -2.13267 -32.6567 -141.465 175.775
-9.55535 15.9164 -0.539863 -76.2231 -123.726 5.55019
-7.09315 -12.1944 -1.68692 165.355 -84.4292 -66.5229
-9.74979 15.481 4.50709 -100.101 -99.0789 191.304
-8.41309 16.1718 0.376482 5.75143 -97.3049 -8.7247
-7.18914 -14.3561 1.67177 126.26 6.01764 49.1763
-9.25857 16.5055 4.75723 -83.415 -148.832 -24.0892
-9.24328 15.8543 2.48826 -85.3014 -52.878 96.5602
-8.50131 13.5162 -2.94809 -14.3405 -97.1915 -113.536
-9.31977 13.9362 -1.45373 -100.655 -120.613 -34.734
-9.07582 14.6311 -0.584394 -79.7193 -119.323 1.7053
-8.65426 14.0612 2.20217 -38.7359 -108.272 68.1645
-9.15283 14.1481 1.49503 -89.0732 -123.724 86.0114
-6.71033 -17.7749 -1.53831 138.345 31.6987 -67.0135
-9.27806 10.302 3.18676 -122.704 -134.735 112.379
-6.46458 -19.7627 -2.24977 150.149 145.062 49.3448
-7.10257 -15.7239 -3.18139 80.673 48.3769 -117.891
-7.0916 -15.3749 -0.330649 79.5878 50.2895 -17.2894
-8.79007 15.4782 0.0324148 -111.859 -129.588 19.7678
-7.89495 18.6562 0.574823 -26.2932 -112.349 48.1571
-5.78369 -14.9788 -1.38984 180.669 -23.716 -75.8241
-7.6229 -9.37633 10.3209 -5.15409 51.0036 -59.5823
-8.01082 18.1971 -0.659144 -48.1981 -116.905 -6.07058
-6.87827 -14.7869 2.54232 62.2423 29.1071 101.133
-6.57361 -18.2673 -1.12467 88.4063 63.8531 -25.6164
-8.0645 17.1788 0.643249 -64.1463 -116.032 46.0463
-7.27046 15.6864 -0.869253 12.489 -90.0847 -51.8779
-5.73827 -16.0253 1.12608 146.109 -67.067 17.2864
-7.30624 14.3179 1.74947 -15.5309 -93.5924 67.2213
-7.24891 13.199 0.83542 -14.7427 -17.493 -147.969
-6.58033 -16.2044 -1.47531 49.3953 72.0408 -84.9816
-8.09428 14.5139 1.85912 -101.16 -114.372 92.9855
-6.19074 -14.3546 -2.82673 82.2225 37.8428 -104.567
-5.95939 -13.9856 2.22704 99.5171 56.1681 86.4664
-5.73244 -15.1661 0.120134 113.03 -86.2227 -69.6139
-5.67736 -17.7653 -5.65116 116.707 46.2379 96.1487
-8.03103 12.6718 0.45661 -123.418 -112.945 33.899
-7.40123 14.6797 -0.458585 -64.4729 -322.954 -146.444
-5.21004 -17.5585 0.021339 147.501 21.5742 55.0285
-7.48211 14.118 -2.89032 -81.3916 -113.967 -100.094
-7.96754 10.7597 -2.38811 -140.943 -126.909 -86.236
-7.52699 12.4947 -3.08812 -98.2563 -106.944 -108.573
-5.37784 -19.3559 -0.830636 112.681 116.733 19.4566
-5.24632 -20.1663 -6.14483 125.293 90.7841 55.2492
-5.37592 -15.8085 -0.188733 111.413 32.8913 42.0468
-7.14019 14.3855 0.142683 -67.7463 -103.023 21.5579
-6.64923 15.3277 -2.64232 -37.2278 -96.4814 -90.3277
-7.05774 12.4524 -5.17101 -79.4988 -154.711 -38.944
-4.07679 -14.0773 1.98951 216.59 16.9423 51.7084
-4.70062 -25.0954 3.27561 154.419 198.927 -121.373
-7.1937 11.874 -1.94653 -100.387 70.9481 61.5516
-5.70772 9.77421 6.26789 26.2038 44.1344 -115.949
-4.59837 -18.0548 0.649745 135.634 44.1773 29.3977
-5.21085 -18.9004 -0.363349 65.2769 25.4871 -82.9213
-6.83529 33.8954 9.51141 -96.9279 -133.46 38.9637
-6.9544 12.4823 -1.26531 -113.108 -75.5815 -160.117
-3.75329 -16.281 -0.128543 198.274 -18.8938 -8.8619
-6.22135 -1.48056 -2.75824 -47.0609 -185.927 -29.9905
-7.23967 12.5155 -0.748571 -161.898 -109.426 -14.6999
-3.89177 -10.3728 -4.59796 168.225 -72.7307 -176.454
-7.12797 6.73523 5.68872 -164.099 -140.308 68.2194
-4.2927 -16.0525 -1.27708 112.521 39.918 -49.545
-6.63526 12.6989 5.12836 -124.545 -37.1039 -78.1154
-6.39564 16.1277 2.13539 -110.218 -77.4825 73.7118
-4.76994 -17.1293 7.56534 51.1681 21.0177 220.541
-6.36875 14.723 -1.56702 -108.307 -103.194 -45.9546
-4.28461 -18.4384 -2.9368 91.0532 63.9547 -90.7615
-6.53555 12.379 1.61683 -135.896 -102.319 81.498
-6.15887 16.7545 0.0393373 -98.9334 -100.037 5.10865
-5.6163 19.0645 1.35924 -47.2789 -108.854 39.3901
-3.75852 -10.034 -4.81827 133.475 -144.822 63.1363
-3.08959 -14.7839 1.64604 194.059 -15.2855 63.8733
-3.60292 -24.0326 10.1456 128.92 113.176 -39.4427
-3.27426 -14.7298 0.65966 157.814 -3.76217 70.7467
-3.57946 -16.477 -0.777291 122.817 38.7971 -48.0297
-3.31945 -29.0982 -1.14646 146.45 311.105 -136.169
-3.34625 -13.9 1.80877 143.022 5.80216 115.854
-4.05648 -16.1703 0.942096 63.8895 64.1013 38.908
-5.18184 14.0548 3.27929 -68.4435 -90.662 150.785
-4.55694 18.3514 -1.02324 -12.0568 -98.9251 -57.1211
-2.78919 -17.0745 1.36707 160.098 27.7285 39.1669
-3.15009 -17.9297 -0.595217 121.882 59.0572 -25.2959
-3.52621 -6.78807 -8.45999 76.8103 156.487 -109.566
-2.48835 -16.1037 0.615337 175.335 11.7052 27.5797
-3.42348 -18.9873 -1.19991 73.5262 79.0786 -33.2038
-3.16229 -16.0141 -2.27579 95.2653 54.3404 -92.4103
-5.62941 15.5911 -0.162774 -152.314 -85.5859 -4.20356
-5.64292 13.2209 3.06311 -153.884 -93.1171 114.546
-4.79453 16.6449 -0.590849 -81.2358 -95.2465 13.2522
-2.00254 -12.5539 3.45059 183.142 -25.8118 138.078
-3.63484 15.3296 4.04306 1.26512 -103.123 151.865
-4.50836 18.1911 -0.193519 -88.2937 -53.5671 -18.2019
-2.18403 -15.2568 3.19988 139.777 144.978 155.661
-1.63229 -10.8098 -4.37673 193.68 -73.5478 -158.032
-4.54014 14.9234 -0.559025 -100.465 -93.3732 -34.4096
-2.49824 -14.5797 -4.73325 99.5323 78.0591 -47.9626
-2.34329 -16.3927 2.85484 111.141 -61.8591 92.2043
-1.99606 -15.1235 1.29213 135.445 68.2594 53.7081
-1.71595 -17.4583 2.23808 149.439 -47.8923 113.359
-1.98205 -16.6656 -1.01325 111.52 75.5063 -95.9538
-5.41236 6.14704 -3.71186 -237.231 -34.2306 -145.013
-1.75089 -16.0677 -1.03532 106.066 55.2005 -29.1268
-2.18021 -12.4922 3.65791 60.9006 -64.6796 -145.329
-3.3364 19.6068 0.0936062 -55.3169 -102.141 -50.0331
-2.22417 -17.8399 -0.70799 51.2023 72.2972 -45.463
-5.24166 19.7343 3.35324 -253.39 72.137 111.703
-3.33706 17.2737 -0.440907 -64.7931 -91.8717 -65.5486
-2.04877 -20.3966 -1.52135 59.6615 92.0081 -5.28421
-3.04991 16.9757 3.17835 -40.8844 -86.6364 132.328
-4.01769 14.3249 -1.27102 -139.099 -151.645 -62.5078
-2.63031 19.375 2.21638 -12.2054 -96.5108 93.438
-3.08038 16.306 -0.331083 -58.3261 -86.6335 -58.3973
-1.89315 -17.0016 -0.340116 59.0133 76.527 -30.0541
-5.00036 5.37601 -0.335817 -250.641 -77.3504 46.4045
-1.31856 -9.9196 -8.22405 110.909 1.18924 106.588
-1.69663 -17.5479 -0.433873 72.0029 84.9263 -34.7946
-2.67148 35.8854 2.12643 -30.9648 -12.5746 -7.39607
-2.35239 18.2817 1.46261 -6.29245 -90.5017 62.5089
-4.44464 5.80588 0.465127 -215.335 201.703 18.5086
-1.71514 -17.2216 -1.65456 50.7605 76.3041 -19.6459
-3.33289 17.2871 1.57653 -111.69 -23.1645 52.8064
-1.31396 -19.5934 0.379795 83.217 83.3068 69.7446
-3.04938 18.6638 -1.83192 -95.713 -94.496 -87.7465
-0.437534 -15.3987 -0.998962 149.509 41.8613 -28.3934
-0.84233 -17.6343 0.0274933 104.854 67.4489 -15.4051
-2.70915 17.9265 1.21021 -82.9395 -91.5034 36.8917
-0.912398 -3.32577 -0.573511 92.9712 -192.547 32.8087
-3.42982 12.9254 -3.50304 -163.247 -57.671 -120.409
-3.19393 14.4029 2.77965 -156.241 -63.2048 138.496
-0.787363 -16.332 1.18986 81.8784 69.117 93.7505
-0.167034 -0.520505 9.53708 143.212 25.8008 88.4277
0.0695525 -16.4817 -0.944554 165.598 43.0115 -11.088
-1.26302 -17.5991 -2.92289 30.5362 85.3783 -96.1295
-0.520764 -2.60168 -11.0236 100.849 16.5921 -83.6239
-2.71791 16.1129 -2.2824 -130.577 -82.7807 -80.5499
0.439234 -14.3831 3.26079 171.043 26.2651 144.376
-0.564653 -19.5807 0.997063 67.6331 88.7108 66.2513
-1.10816 17.5076 1.02256 -6.06849 -86.3187 14.4468
-3.13304 16.7506 2.46378 -209.905 40.222 85.5416
-2.2926 -3.28189 -2.86144 -139.248 -146.004 7.87471
-1.82801 17.4821 -2.78202 -95.8394 -86.1893 -99.9295
-2.06269 15.0435 -3.37997 -124.764 -23.2892 96.4985
-1.85052 15.7841 0.381488 -104.049 -72.8185 43.1777
-1.68617 18.0177 -1.3194 -90.6313 -86.1576 -39.8754
-1.99852 19.2914 0.25395 -126.46 -38.0925 35.0326
0.364454 -17.1951 -2.9165 92.8038 61.236 -97.0196
-1.3487 17.3596 0.588447 -91.4162 -154.482 51.4033
2.11155 -9.98669 1.04233 246.081 -109.687 47.6812
-2.18467 15.2111 -1.14301 -181.354 -52.8965 -53.5973
-1.301 21.4953 -16.2538 -96.9328 -78.9918 -101.357
0.289946 -17.4729 0.121459 56.7813 79.3925 -23.453
-0.904869 14.6324 -4.12078 -63.3791 -67.5277 -142.554
-0.021106 -18.4882 -0.242415 21.0337 90.9145 11.6335
-2.2358 14.0611 1.82609 -200.158 -22.9335 63.4493
-1.15925 19.6288 0.0714844 -95.5716 -36.7454 21.8985
-0.324425 0.0935953 0 -13.2384 -0.458737 0
-0.19909 -16.8476 2.64543 -1.52132 126.664 55.5032
1.73228 -21.1918 3.80928 181.848 218.55 -105.574
-0.90385 16.5923 -2.4828 -80.5238 -82.6405 -84.1184
-0.567589 17.7957 0.828753 -55.3786 -83.2072 64.9902
0.573436 -20.133 0.497618 47.1703 96.2265 43.6753
1.45035 -15.6718 0.323883 130.637 60.0564 33.3629
-1.33179 19.1125 2.92728 -151.119 -174.091 -134.577
-0.362526 19.5594 -1.49414 -65.8594 -90.8127 -40.8504
0.69329 -18.8364 2.16853 36.2269 91.8594 70.1265
-1.57645 17.6765 -4.61985 -191.443 -158.756 23.55
-0.13011 17.1216 0.543963 -50.304 -84.5984 39.9239
0.998589 -17.6062 -0.995346 48.1673 85.9548 -57.7805
1.93593 -12.6201 -4.29291 136.754 50.4773 -158.891
-0.399488 -4.901 -5.07335 -108.924 -62.5765 65.4913
1.53417 -16.7847 -3.94062 82.4793 82.4885 -141.259
1.55932 -15.564 2.58219 82.091 77.5235 123.51
-0.920685 14.9046 0.443151 -165.167 -34.7079 -35.3556
2.06837 -18.3446 0.65395 131.218 76.7335 -2.90436
1.63734 -18.0087 -2.42963 88.0312 84.3611 -78.2825
1.71314 -19.7127 -1.03437 93.3755 99.4849 -19.1773
1.73299 -16.9686 -2.4432 90.8348 84.3552 -79.9171
-0.438815 15.8335 0.890385 -128.859 -64.5155 55.7881
-0.535392 15.7971 -0.485891 -138.589 -97.8058 2.16781
2.84874 -15.2486 -1.48432 185.434 55.1499 -41.0605
2.19741 -19.1553 -0.585181 112.275 91.246 -1.65175
0.469435 16.5037 -1.81116 -60.8662 -31.4592 -98.3413
0.348103 16.8221 3.48579 -74.2283 -78.0468 118.62
-1.04251 21.9088 -0.33426 -224.364 142.117 1.34092
1.57361 -19.51 -1.22193 29.8516 97.3262 -59.4724
1.47524 -17.3001 0.555363 5.85348 86.5121 -19.2759
0.353881 17.2809 -1.87261 -105.829 -65.1226 -55.3241
1.26839 12.3112 0.432304 -16.2873 -155.145 -2.93157
0.329752 15.4806 2.47792 -112.891 -60.4482 88.2781
0.39337 18.8518 0.989083 -115.493 -73.2309 63.4263
1.54706 -15.7933 0.994586 -8.26068 130.946 21.508
0.386935 30.2899 -5.88066 -124.871 -199.702 -40.0174
2.24481 -18.9424 2.28548 58.1913 95.765 83.9156
3.50932 -14.8013 2.92842 180.448 52.642 95.9545
0.276924 15.8007 -1.28048 -151.312 -42.6487 -45.2185
2.93276 -17.7263 -0.25712 110.656 -28.3861 39.9013
2.62805 -17.0959 -0.45925 76.9961 88.7727 -27.1991
3.70172 -15.6307 0.601688 169.331 68.1505 42.5333
3.71752 -15.8854 -2.53819 170.46 76.229 -85.1256
3.56485 -34.9634 9.27539 155.13 85.5915 58.8179
1.74987 18.5867 0.762248 -26.7636 -90.2025 4.88419
2.9027 -17.8392 0.152535 86.8847 92.7322 -2.60371
3.71143 -12.7424 -2.97402 166.42 58.0951 -106.637
3.22429 -17.4437 -1.73574 107.718 90.1929 -48.7356
0.205943 6.80163 -0.864545 -196.148 -94.7416 8.46353
4.3266 -13.5003 -2.14269 192.681 71.9086 -71.5751
2.67176 -19.9801 -0.140032 26.7638 100.512 -38.7754
0.591061 17.0571 -1.22616 -188.397 -31.2407 -23.7926
1.57195 22.2675 -1.5276 -92.9223 5.87612 -69.5982
4.07545 3.47165 -6.60021 155.062 93.4391 55.4979
1.62152 19.0094 1.78018 -90.4202 -82.1179 56.7343
0.776996 10.1425 -4.07175 -177.42 50.3017 -182.666
1.89073 17.7406 -0.312172 -68.7008 -75.0885 -27.5551
2.13763 20.3716 0.223182 -56.8729 -91.6311 34.3748
2.47954 17.9212 -2.25151 -26.2651 -84.9427 -69.5271
1.79141 13.6168 0.698112 -103.247 -187.064 35.1409
4.62209 -15.3006 -2.13939 176.085 164.83 -7.46784
2.12164 18.6599 0.468477 -75.776 -126.91 -0.982874
2.33376 14.7823 -3.5767 -61.5894 -59.7203 -139.168
1.88789 17.7649 1.01609 -109.033 -61.6607 49.5088
3.28985 -18.6563 -0.0724437 29.0719 210.938 -7.47928
2.10781 20.6138 -3.43265 -91.3778 -28.3888 -6.25197
4.02167 -16.0328 0.739726 97.0302 92.5205 3.2762
4.81445 -18.1735 0.441083 171.596 7.05918 -4.68171
1.97659 14.7043 0.141975 -119.935 -102.44 15.8977
1.03091 15.1329 0.331971 -219.25 15.1385 47.8585
1.54658 16.569 -1.62645 -176.938 -19.198 -46.7762
4.8319 -11.9905 -3.72602 146.364 76.3378 -172.462
2.20691 19.7071 0.176367 -117.126 -71.6476 16.1564
5.40974 -11.4143 -3.17397 200.42 62.8091 -135.202
2.90385 17.8046 0.680784 -48.5901 -145.065 4.63807
4.39626 -14.045 -1.9577 93.7884 81.3589 -113.71
3.86577 -14.5776 6.93284 40.1369 72.7848 -6.72281
2.49757 19.0244 0.582392 -98.4858 -70.8429 32.4313
1.72072 12.8023 2.492 -177.051 11.0791 119.437
4.27378 -14.2505 -3.76992 72.2273 86.691 -113.737
4.44307 -16.1503 -0.778635 82.9772 92.7116 -70.6239
4.92497 -12.8096 -2.70555 122.497 77.2265 -141.407
4.58591 -14.9804 -1.86422 72.2239 88.2351 -78.6012
2.50791 12.1136 3.76462 -136.154 1.12643 170.737
5.45103 -15.6958 -0.932431 156.184 97.0897 -64.6751
3.46599 18.1346 -6.43819 -48.0158 -77.077 102.042
2.81644 17.8683 -0.653697 -116.543 -49.0388 4.03649
2.69979 17.8498 -1.26128 -131.524 -60.1985 -87.5817
3.43108 12.4849 7.8706 -60.9701 -56.2627 -137.843
2.68828 15.9884 1.23767 -144.625 -29.4299 102.543
3.10243 17.594 -0.174579 -115.15 -55.3386 -40.2546
5.23693 -15.3363 1.58114 95.0904 96.231 61.9074
5.18713 -16.8777 2.78445 82.404 98.1894 110.775
5.79081 -13.3886 -4.07739 138.184 95.3487 -127.875
2.38136 11.3121 -3.49416 -202.783 126.373 -76.8952
4.32526 -17.2985 -2.50574 -10.7398 87.5891 -138.963
4.18305 -1.15186 -5.95468 -27.5601 142.429 7.31546
3.37699 12.5396 -5.40367 -115.821 -12.7798 -202.295
3.88516 15.4866 2.76195 -78.441 -54.4715 132.045
4.90997 -16.3687 3.72867 21.2638 91.0156 117.033
5.10384 -15.6011 3.39495 36.6626 90.6058 104.883
2.9489 11.9786 2.099 -186.615 73.4027 114.718
3.62032 24.8294 -7.44705 -127.592 -205.012 110.779
3.0635 12.3406 3.54013 -185.808 -34.3369 119.212
5.0583 4.87464 10.7174 -1.1807 88.822 -71.4934
5.82769 -12.5295 4.30962 74.9993 92.9613 200.343
3.73735 14.1732 2.92493 -135.385 -16.9858 140.018
5.82988 -5.98711 -11.4804 56.4896 -24.5651 -7.01386
5.56488 1.93385 6.14883 26.3079 155.147 240.726
7.43185 -19.2923 -1.57107 200.244 62.1023 -55.7195
5.77483 -19.1986 -0.310708 27.325 105.001 -1.08981
4.66506 -5.64025 4.80217 -83.4377 -83.2218 -23.1667
6.31391 -16.5365 0.836958 74.0633 103.194 -1.84566
7.3096 3.24805 -1.10511 171.635 228.309 -58.1462
4.94239 12.7658 3.89745 -70.0872 -41.0699 178.545
4.04808 14.172 2.27068 -163.998 6.00122 66.66
4.1433 1.0086 -0.313728 -168.89 137.451 -104.175
4.54819 19.7886 2.85368 -130.483 149.114 93.421
6.55333 -4.52386 -8.13742 66.6463 161.4 52.0875
7.50737 -12.8656 1.3146 157.862 104.241 24.5273
4.69079 14.7318 3.79303 -123.265 51.7061 130.598
6.4947 -13.0608 -2.45915 52.1722 144.913 -35.5277
6.19481 -17.2121 2.1526 7.96328 91.8765 -42.0824
7.63513 -12.7912 -2.61309 141.969 107.459 -81.1223
4.50343 17.1259 2.27116 -169.248 -34.9064 30.7404
7.39412 -15.9683 -1.3453 117.89 114.706 -70.3821
6.34462 -17.2389 3.32642 5.23201 94.9856 132.611
5.22517 15.3573 2.03883 -109.061 -39.7758 106.329
6.19967 -15.6065 -0.323512 -16.074 164.961 56.1536
5.94134 4.00747 -6.19697 -50.0612 118.003 -242.386
7.14592 -15.0613 2.70099 63.6739 102.812 107.407
6.7645 -19.1219 -4.03647 14.312 114.355 94.4927
5.70108 15.7145 0.796011 -98.7936 -44.1266 56.2716
5.88436 38.9474 -6.42576 -82.0672 -42.5116 -33.3875
5.04579 16.6529 0.21203 -165.776 -70.9902 14.1243
6.88483 -17.7425 4.05436 13.5484 56.3551 144.025
6.63386 -1.54025 -4.5291 -13.8379 -135.416 -81.3969
5.18076 15.6053 0.189372 -158.35 -6.04609 -21.4729
6.94647 -14.932 1.45509 15.5571 73.1319 57.6655
5.1376 17.2387 0.566931 -164.971 -1.85371 -44.028
6.20082 13.0905 2.93091 -60.4078 112.965 16.5194
6.93946 -18.4016 -0.369084 11.5346 104.104 -18.4074
6.69512 -16.3399 -0.835029 -17.1968 -10.2335 -55.4148
6.16505 17.4121 -2.08567 -84.1552 -63.3727 -41.0249
5.57271 18.0496 -0.313452 -147.031 -37.7589 14.0857
5.86902 12.3543 -2.09143 -118.923 -154.571 -82.4156
5.9767 16.8566 0.423559 -111.34 -46.725 42.7813
8.67466 -12.5133 1.70418 153.689 119.805 67.0724
8.18269 -12.1574 3.8192 93.6709 109.348 161.275
7.51651 -14.9332 0.716449 25.0891 100.413 35.6004
6.09098 10.0848 4.8824 -120.658 52.8375 206.041
5.98934 16.9197 1.66589 -140.637 23.6906 38.9915
6.5647 13.1124 -1.89177 -86.962 24.8443 90.9999
6.38897 18.3682 2.17224 -108.209 -60.7526 71.5211
8.19706 -12.4251 3.53444 63.8243 107.01 177.045
8.65786 -17.3708 -4.16651 88.4348 -20.3885 -169.864
7.11199 14.6868 5.16599 -65.3627 -44.1405 -20.7881
7.72564 -17.6781 1.03262 -10.1126 98.631 49.4905
6.64572 8.89958 -4.49737 -117.392 77.6772 -191.705
6.80243 17.2578 1.09966 -106.128 -88.399 72.576
8.81687 -9.6825 -0.0450195 93.0461 273.484 -9.22685
8.27048 -15.943 -0.300482 38.3144 111.103 -13.2293
7.09797 17.7914 1.1907 -78.2671 -14.5359 53.2028
6.99102 17.7343 1.81915 -93.4103 -59.4221 101.413
6.73948 13.5112 -4.1958 -128.993 1.19531 -155.493
6.19936 11.1605 1.62075 -187.337 11.0615 79.1074
6.82112 16.4968 0.941136 -126.519 -30.6987 6.43096
9.53858 -12.0107 0.65297 141.854 139.697 25.8445
7.5333 16.7123 1.0764 -57.3668 -72.3507 70.1059
8.7059 -15.69 -2.87047 58.8623 114.348 -118.09
8.24651 -14.5637 -2.41522 11.7565 95.1169 -81.1017
6.34066 13.7748 -0.666026 -181.402 53.0381 -44.8128
7.71426 19.7165 4.55731 -46.6782 -89.0459 16.3145
8.51825 -11.7431 6.19859 17.8074 66.15 -50.0742
6.9219 12.1549 -3.68547 -141.938 56.1015 -156.274
7.33491 39.7165 3.45592 -101.363 21.4911 32.3605
7.51867 18.9525 -0.942798 -85.4725 -73.0601 -24.1178
6.42797 14.2818 0.14125 -196.376 77.744 22.6992
7.36669 13.5239 2.29621 -103.742 -16.8653 115.378
7.9165 13.3177 1.1521 -52.5521 -111.138 48.4312
7.58411 13.8532 -2.53489 -114.961 -9.10317 -63.246
8.47161 -14.573 0.472665 -27.529 78.3816 62.4304
8.73424 5.51215 -1.24193 -1.75669 256.591 -53.9889
7.29555 13.2242 2.43409 -149.179 22.772 81.4195
7.66463 15.129 -0.0925864 -117.931 27.3405 10.5843
7.37129 13.3772 -1.21149 -150.762 23.609 -67.5281
8.02816 12.5264 -5.95971 -87.7327 -23.0937 57.3689
9.18625 -12.9097 1.17027 25.7288 102.796 88.1111
7.88682 17.4416 -0.702975 -114.316 -46.5325 -63.1285
8.27926 15.4358 5.78482 -75.7995 55.4413 -6.12962
7.52558 13.8194 -1.16755 -151.641 33.3554 -66.0228
7.86037 13.5334 0.640342 -123.076 98.408 47.1388
9.2901 -13.1462 4.77137 17.0451 100.896 163.507
9.46007 -13.0497 -1.84089 30.9798 107.767 -34.0767
9.10894 -14.8175 -2.90435 -13.5793 90.1449 -73.9771
10.5236 -13.3577 -0.162839 125.921 143.459 30.1569
7.79402 14.5929 1.75413 -145.853 -57.994 19.6365
7.78073 14.1944 1.47888 -148.992 109.709 119.015
8.49168 16.7703 1.59934 -81.2456 -59.3413 31.4812
11.1335 -19.7093 4.48503 180.676 62.7371 -16.6315
10.3435 -12.7771 17.3122 102.194 85.27 288.655
10.2182 -14.1862 0.479517 76.5171 139.378 23.6448
8.15036 18.3056 13.6447 -133.125 97.4847 204.773
10.6476 -12.0863 -0.186586 106.227 142.141 -19.405
9.88621 -3.0443 5.23666 26.9514 127.14 220.611
9.08531 31.4556 -6.18594 -55.2766 -264.615 153.419
9.94795 -12.6344 1.72365 28.9977 107.852 65.0857
10.8274 -9.65352 1.56249 115.835 145.218 59.2189
8.15226 17.5525 -2.01459 -150.528 112.88 -89.5819
10.8695 -12.9608 3.39033 107.943 243.367 231.166
7.82868 15.9184 1.61608 -203.833 -129.861 130.782
8.33845 13.7944 0.793732 -153.582 51.0196 25.5391
7.85619 10.1196 0.00325084 -201.523 -117.501 -10.2638
8.46302 14.5005 1.39104 -147.824 21.3207 37.0023
10.3563 -15.8497 -0.895744 26.5063 119.865 -50.7793
8.43152 14.1735 0.582129 -165.491 50.2071 16.6866
10.6423 -13.3949 0.16509 47.5387 134.203 -26.5826
9.54656 5.08548 -5.04316 -71.2822 110.188 -211.95
10.5044 -15.0611 -3.25354 23.32 116.349 -85.9091
10.622 -14.7368 0.184499 34.1138 118.771 53.689
8.6238 13.9324 -0.188187 -171.219 79.6911 16.8041
8.90637 20.1778 -8.5333 -143.506 46.6654 -73.6795
8.58241 13.2467 2.63732 -177.673 15.0017 -116.102
8.66996 12.9115 2.61028 -172.846 95.1457 77.8257
10.5036 -14.408 -0.943127 8.67698 106.583 -44.3326
9.16438 16.6353 -0.371285 -125.948 -24.3105 11.6532
9.55002 7.32644 -2.02176 -95.5311 220.656 -89.2138
9.2455 9.09414 6.37423 -125.992 -21.6898 138.66
10.132 -17.7833 6.4637 -39.9729 76.0941 95.4488
9.65369 17.3484 -3.0869 -92.0989 -32.5772 -46.4466
9.83204 11.8154 -2.7894 -84.0091 -20.7964 -120.553
9.55064 13.7133 -3.301 -119.629 -1.25392 -115.893
9.3327 18.8254 -0.48686 -143.673 214.925 -24.7508
10.0211 11.3349 -3.6691 -75.655 -29.8011 -131.02
10.9905 -16.1519 -2.72762 19.6685 114.196 -61.7337
10.804 -1.98727 4.50938 -7.13818 -123.744 68.7204
11.1164 -9.76293 0.532292 15.5024 223.904 64.0225
9.7284 14.1421 -0.0349364 -126.02 1.22113 17.8846
9.9315 11.4523 0.83248 -113.998 -69.3965 34.722
11.5691 -15.3363 1.29237 38.2664 137.879 15.3598
11.6806 -11.1585 -1.94789 44.9335 123.811 -44.6186
9.84621 14.5158 -2.15957 -140.812 29.9214 -95.6486
12.355 -9.25519 -0.689128 107.691 154.207 3.90018
10.5279 6.3293 -2.54533 -79.8856 190.285 -121.764
10.5649 6.62821 -11.4726 -77.6533 59.6009 61.731
10.6961 5.95695 -6.21546 -73.5341 188.637 10.9458
10.146 11.8913 3.03141 -128.503 40.492 94.1445
10.9278 5.67317 -4.04292 -55.883 236.652 -15.6123
10.4387 6.92713 -0.326725 -104.861 199.859 2.91895
10.3801 -4.42457 -6.49822 -112.292 -44.7653 60.975
11.7767 -11.8931 -4.25371 26.1073 104.865 -73.4893
10.3573 8.66754 2.72686 -118.689 140.653 118.672
10.5543 12.7705 -2.41349 -99.3429 -17.3948 -78.0297
10.1452 12.2964 -5.78853 -142.264 148.027 -23.618
10.7051 48.1162 -36.4454 -89.3656 -211.764 156.507
11.7367 -11.2162 -3.18189 13.0086 116.074 -132.609
10.9362 15.9186 -1.31903 -76.0864 -61.7227 -33.5002
12.4053 -13.1933 1.67577 65.1465 145.378 42.3383
10.8181 7.73784 3.20655 -104.044 101.079 138.303
10.7084 11.8688 -0.813702 -122.821 25.4199 -63.6983
11.1657 7.08104 0.240894 -78.1485 206.068 31.8481
10.6572 9.89482 0.376856 -136.602 116.376 18.5963
12.031 -12.1606 -0.0159762 -5.51885 108.159 0.324507
10.9512 13.3586 -0.555011 -114.241 -41.8214 -19.7632
10.8912 10.6043 -1.78939 -123.923 75.2517 -67.7752
11.3573 12.6546 0.345656 -80.7272 -36.5038 35.105
13.0301 -6.80993 -0.848322 73.5534 170.291 -73.5521
11.5023 5.8181 -3.22655 -79.847 189.248 -133.107
11.408 14.6196 -2.74087 -93.7933 23.7224 -115.831
12.7567 -8.4384 2.57616 37.4371 144.344 2.30208
12.3584 -12.6252 -3.12968 -4.06094 110.838 -130.731
13.2975 -10.9479 -1.60075 84.8192 167.409 -28.3459
11.1721 15.7037 -2.14846 -131.541 -6.0006 -65.9802
12.8357 -12.9309 -0.785259 31.6977 132.479 7.69923
11.3104 23.4077 -0.32079 -121.121 64.7682 46.6916
11.7244 12.0277 -6.30256 -81.343 18.5996 29.5567
11.2819 15.0876 -1.04986 -129.817 3.92586 -51.0261
12.5571 3.8298 -8.38187 -10.4834 -41.861 -37.7251
12.5299 -15.162 -1.34207 -13.7905 112.64 -49.8006
11.4741 14.1702 0.350603 -122.44 4.41565 25.203
13.3491 -10.492 -0.757274 57.5448 164.954 -29.9429
11.2686 9.14263 1.75255 -150.368 52.8252 75.2012
12.9254 -10.9729 1.63919 13.703 121.243 49.2949
11.6629 11.3645 -0.312987 -116.982 24.5479 3.12707
13.0932 -6.31318 -3.23891 23.3489 -58.9007 58.238
13.0759 -13.7915 -2.50954 20.752 125.189 -60.9857
11.4455 13.2372 2.79452 -142.45 40.513 80.8296
11.2002 13.2916 0.0131333 -168.467 82.8333 -12.6422
12.1753 11.7571 1.0431 -74.4007 18.3582 -43.0258
13.6829 -7.57011 -4.89348 67.7889 168.728 -95.2618
13.1588 1.06192 -0.177528 15.349 209.605 -37.1376
12.956 -14.8507 0.227666 -6.33714 111.748 52.5005
11.9595 7.72756 -0.18108 -106.811 189.701 -15.3407
12.0581 11.6464 4.04907 -99.5213 -9.70484 132.999
12.1609 10.1464 2.46428 -93.503 3.29573 137.734
13.197 -14.4285 -0.749254 9.15557 121.386 12.1797
13.1581 -9.16955 2.26363 0.999076 117.66 114.029
11.9199 14.4316 -1.65313 -127.64 7.7557 -65.2285
12.6111 4.7535 -1.42729 -60.1474 188.11 -75.4698
12.9157 -4.86183 -4.48968 -33.13 86.8232 -209.993
12.0621 11.2729 -1.66743 -119.715 134.097 -54.8789
13.5801 -9.36446 1.60432 30.3829 145.208 36.5656
13.9261 -7.97887 -1.54129 63.1231 168.563 -105.823
12.1406 8.42493 3.01032 -116.467 77.5675 121.289
12.3621 6.76721 3.41889 -99.7692 125.805 143.723
12.1025 5.57749 8.02557 -133.197 138.389 22.1263
12.679 8.05538 -3.12679 -82.5564 -80.8433 -10.3144
12.3514 7.89573 1.48237 -116.111 154.451 66.2042
12.3782 7.34603 1.73222 -114.223 168.959 62.4052
12.847 9.73336 2.54705 -69.2462 -38.8371 91.4305
13.9519 -4.08855 1.89935 39.905 186.654 87.2439
12.8926 4.93782 -1.00245 -67.0189 187.566 -23.3671
13.2395 -16.177 -5.80985 -36.5342 118.729 91.9294
13.1717 -12.3317 2.43372 -43.3325 81.568 67.2621
13.4357 2.6858 -0.781763 -17.7754 239.537 2.53704
12.8316 4.88905 -3.03485 -78.9176 146.662 -125.425
13.402 1.67265 2.26676 -24.4273 186.14 100.874
12.6942 11.9623 1.11037 -96.7587 -15.8261 11.8202
12.6001 12.4089 -0.161456 -107.568 -3.31961 -40.4573
12.7371 7.64507 2.79597 -98.2602 77.729 106.292
12.5612 7.82034 0.443838 -117.542 148.672 23.9182
12.4958 8.39435 -0.821972 -124.369 102.14 -41.5463
13.4344 2.91233 0.411856 -33.4213 200.631 -7.18249
12.8733 9.97967 2.886 -90.0142 -2.85878 116.092
12.7117 15.2093 -1.09082 -107.607 -50.1094 -115.519
12.7843 12.4914 -0.791007 -108.133 -6.57491 -66.5868
13.7892 -13.6811 1.57122 -8.3373 288.328 -168.195
12.7417 15.0281 -1.68556 -113.136 -7.59738 20.2691
13.2534 4.38587 -1.41674 -64.6695 172.795 -75.9606
14.0083 -4.10345 -1.49367 10.2558 159.353 -73.4935
12.5747 8.28509 -5.3623 -134.243 87.8247 165.507
13.9865 -9.66114 -2.35651 5.09422 124.866 -73.2977
12.5473 0.477173 -2.06385 -138.278 -89.2291 10.1576
14.3286 -4.57435 0.372292 37.8547 178.464 25.2519
13.9638 -7.25702 -1.57476 -2.46201 124.191 -63.4825
12.8868 15.2255 -1.93734 -110.243 -24.9931 -54.5066
13.5048 0.429213 4.82697 -61.1104 71.6358 191.308
12.8361 12.6286 -1.25241 -130.362 34.734 -64.887
13.228 9.62985 -1.29152 -103.487 108.741 -59.9925
12.9626 2.67449 4.68475 -130.24 2.10835 -25.395
14.0993 -4.29734 5.46593 -18.1835 -21.0692 -13.9728
13.9144 -1.38601 -3.72377 -37.6468 117.853 -177.992
13.388 6.18544 -1.91783 -97.8626 148.446 -87.1723
14.712 -9.77871 -0.48185 31.4017 159.496 -25.9431
14.1617 -11.9151 2.12915 -23.7845 102.36 35.7491
13.6465 5.07715 -2.49309 -76.2781 160.525 -69.8336
13.6426 4.31073 3.54208 -78.8427 94.1662 129.874
13.9155 -10.1445 1.99208 -55.3781 66.7284 94.1657
14.5705 -0.153525 1.0494 9.02906 216.069 13.1301
12.9436 11.8386 1.04558 -152.915 -20.1297 -243.808
14.0273 3.20854 -0.935811 -45.8569 185.585 -43.9017
13.9596 1.7425 -2.92938 -54.7946 126.308 -125.308
14.183 1.79071 -1.51492 -34.2261 199.556 -52.8287
14.6122 -0.188499 -1.87418 7.63739 205.644 -119.071
13.502 7.91165 -2.55444 -103.632 65.2348 -95.2867
14.0204 3.57522 0.0327237 -54.2203 189.797 -16.9284
13.7114 6.10677 -1.05504 -90.1129 165.644 -58.0397
14.7401 -7.03689 -3.33863 11.0954 42.8028 -153.731
14.3105 -11.1511 1.14391 -32.3403 96.4629 -52.9705
14.51 -10.0969 -3.19858 -13.3733 115.453 -106.262
14.0613 2.3499 -2.56463 -59.7224 140.299 -123.124
13.7202 10.6458 1.97922 -100.952 0.53616 95.9742
14.7026 -6.54979 -2.45426 -3.6998 135.79 -89.0421
13.8211 7.23401 -2.46098 -95.0335 45.4125 -108.74
14.8099 -6.84184 1.49261 -4.73971 127.489 72.1119
14.0273 -7.09225 -1.21511 -84.562 -29.5317 -85.2127
14.3723 -8.28386 -2.5144 -54.1459 77.4766 -26.4708
14.6804 -1.77097 2.01203 -24.6611 147.281 72.7051
13.9385 12.8136 0.537459 -99.3371 -24.8285 -14.4644
13.7265 12.6658 -2.00796 -123.087 -46.6989 127.604
14.748 -6.18143 -2.07574 -22.9787 111.478 -98.6622
15.3458 -2.13713 -1.45438 26.3709 212.18 -60.1013
14.1935 7.0707 4.24433 -94.5903 23.3725 182.404
14.5739 -10.3133 2.46223 -56.9699 69.9363 -2.52065
14.5359 -12.3382 1.30976 -64.0151 69.0335 79.7751
14.7314 0.625236 -3.1827 -51.3082 124.156 -135.969
14.069 20.7868 3.65661 -117.463 185.152 87.5449
14.935 -3.40616 -3.56434 -33.3821 67.6249 97.5759
14.6252 -3.16109 -1.15212 -64.8447 150.509 -49.002
14.9195 -10.4789 -2.74663 -37.6455 93.9523 -73.5102
14.5314 4.73563 1.75757 -79.8103 134.241 69.9479
14.7936 0.764262 -4.20529 -53.9959 115.555 -146.694
14.1852 9.24435 -2.94284 -115.218 59.3401 -98.3682
15.0651 -1.30822 1.03955 -29.3918 143.227 69.8985
14.4803 5.24948 -2.67032 -88.0872 45.2741 -104.23
14.2966 7.86833 1.42949 -112.537 103.709 83.6351
15.295 -4.27557 1.89181 -14.4633 150.676 46.6578
14.517 7.65326 2.42844 -94.476 13.4557 97.3551
14.1292 30.6994 -2.64223 -133.105 -150.266 1.21168
15.1645 -0.78518 -2.56483 -34.4942 169.74 -42.9598
15.3906 -5.83406 2.46284 -12.2119 134.651 86.1924
14.7187 4.84142 -0.305425 -82.8103 147.201 21.969
14.728 25.2048 10.0645 -96.7655 62.2536 120.703
15.4996 -6.16541 0.0808884 -20.3088 128.433 -11.2851
14.0486 16.0043 2.35818 -165.147 128.311 -72.7003
15.3259 0.996091 -0.232651 -39.6266 177.869 0.258104
14.9744 3.34669 2.36085 -76.1475 120.431 116.657
14.8204 4.83193 3.64116 -95.2225 84.2094 138.894
14.7532 8.71712 -0.82871 -104.726 32.016 -11.7029
14.7156 8.39161 2.58449 -110.009 73.14 96.4946
14.6186 12.9289 -2.85481 -121.026 3.52369 -70.1938
16.0617 -4.60639 2.29348 21.0121 181.347 79.412
15.3764 -2.11473 2.54928 -50.8209 109.097 74.8516
16.1974 -7.47114 1.86389 17.3678 181.844 9.72941
15.0133 9.2688 -1.52564 -102.579 12.7492 -94.5208
15.9635 -0.379028 -2.77279 -10.4836 227.38 -144.823
15.4852 -6.87007 2.71788 -58.718 71.2902 77.8788
15.3743 -7.61422 -2.1396 -71.4017 45.0778 -120.724
15.2097 6.23673 2.64802 -98.1446 51.7372 85.8767
15.9196 -1.02109 1.11081 -30.5561 165.942 74.3435
16.0494 -9.59439 -0.904089 -18.1556 127.63 -22.9843
15.3972 6.5289 0.137593 -82.9467 -13.484 15.3381
14.9171 10.7702 0.521781 -131.82 53.2071 16.2706
15.6726 1.9761 0.580804 -57.8721 151.858 27.2157
15.5055 3.47336 2.6023 -77.9622 124.193 93.0828
16.0046 -1.11814 3.92164 -38.2459 153.526 130.29
16.2022 -2.22222 2.81881 -21.2514 168.435 80.4204
15.9549 -3.39019 -0.667145 -46.9707 171.906 -78.1409
15.4647 -0.353676 -6.27854 -96.3511 4.728 105.949
14.9948 35.9804 -3.54534 -143.244 -251.701 121.258
16.0475 -1.54976 1.96542 -38.7489 148.463 109.789
15.9219 -12.7635 -1.69886 -52.9001 91.2632 -41.1731
16.0593 -15.4185 11.3769 -40.2638 136.811 11.2031
15.5898 3.5597 1.67472 -88.4537 77.7636 93.0762
15.5051 8.93429 -1.25608 -98.7799 -31.5905 -42.3835
16.0553 -2.36949 -1.86496 -45.1327 100.397 47.2159
15.6949 9.23779 -1.07602 -83.3254 18.2092 -25.9338
16.2636 -4.73312 0.568718 -28.5266 80.5249 2.22803
15.309 4.04262 1.8059 -124.874 -84.221 22.8426
16.2106 -6.93804 3.56208 -37.2871 110.174 117.429
16.478 -7.88664 -2.11035 -11.4393 134.778 -73.5338
16.2572 -9.0091 -0.9448 -33.4508 44.7359 -49.8995
15.7384 3.78609 -2.4872 -86.1088 95.8047 -97.3769
15.5795 12.6052 0.347415 -102.182 10.6353 -35.9849
15.7022 5.23039 1.90836 -94.6569 115.297 52.0345
16.361 -5.84731 1.09049 -30.5704 163.299 26.0264
16.0715 9.80297 1.39056 -64.2805 18.1234 62.2431
15.9491 8.87871 -0.157058 -85.0609 -19.344 -1.76159
16.6535 -9.10159 3.87399 -16.3623 134.503 38.4687
16.1749 -11.2974 -0.819181 -66.5932 72.6939 -32.4409
16.7386 -4.71456 -0.357511 -12.5838 154.815 -15.4633
16.4557 -1.81614 -0.384244 -43.2493 131.787 -46.4214
16.0812 2.82833 2.33429 -82.2262 20.4431 78.2153
15.9365 7.63269 -2.45686 -100.894 15.8346 -89.984
15.9935 7.44753 1.14239 -95.9896 9.29211 56.8505
16.8433 -6.03234 0.887379 -17.8385 150.716 8.03159
16.6182 -1.38876 2.85391 -40.5566 150.362 85.5441
16.5924 -6.56808 -0.3339 -47.0948 100.699 -48.256
16.8329 -5.85282 1.15273 -34.3702 121.162 46.1309
16.0212 7.36999 1.35219 -116.313 92.4371 62.2739
16.8472 -11.3653 -1.12183 -36.1724 112.559 -26.9849
16.4508 1.58782 1.29577 -77.9439 117.315 31.0275
16.1452 8.4223 -2.38211 -108.319 41.7807 -86.7159
16.8137 -9.30794 -2.54174 -42.9554 106.971 -90.3049
16.529 2.56641 -0.0365323 -79.0167 97.7017 -0.438859
16.4073 4.79265 -2.40503 -92.2885 97.5928 -115.715
15.4724 10.1874 0.873246 -188.777 41.8258 29.4255
16.734 -3.29999 -1.95035 -66.2163 81.126 -111.804
17.1315 -7.11232 0.518061 -27.9261 132.994 4.89588
16.7494 6.68006 -0.202751 -70.0404 119.533 -3.13107
17.1831 -0.00654323 19.1514 -31.6066 142.071 -2.77642
16.8632 -1.98293 0.75809 -63.7486 101.059 36.2752
16.8395 -0.182334 0.797693 -75.2768 59.9634 25.5022
17.1076 -4.24715 1.67615 -49.918 107.024 33.7507
16.7424 3.43326 -2.44529 -89.6491 77.8205 -95.4153
17.1455 -0.39191 -0.140736 -57.2248 140.183 5.35559
16.63 8.39992 0.739865 -120.025 85.7999 -62.0998
16.8717 7.6809 -1.74398 -99.3339 3.39732 -60.3942
17.3241 -8.51983 0.10956 -54.5237 95.6172 -12.5431
16.9768 -0.189611 2.33333 -89.4556 -11.7895 -58.1631
17.2172 -4.28277 1.56023 -66.1705 70.2887 19.6099
17.1816 -1.69708 -0.808038 -70.4856 89.9647 -21.6581
17.1609 1.97186 -0.737169 -77.647 108.113 -84.9045
16.9438 7.88368 0.478862 -102.578 20.7685 9.51931
17.128 2.799 0.0372011 -86.2317 94.8376 -12.9612
17.3993 -3.05875 2.90335 -63.5991 98.0367 85.1994
17.1876 3.64977 -1.12141 -89.9636 90.6251 -5.89145
17.219 2.95054 -0.322425 -89.8742 56.5378 -8.67935
17.7725 -5.71021 -0.443956 -41.3346 128.264 -49.5958
17.1661 3.31748 -1.11836 -105.626 27.2596 -76.0569
17.398 -1.28476 -5.44495 -82.7438 74.1811 -109.263
17.0061 -6.22881 2.02251 -122.114 50.4261 42.7913
17.6876 -7.89142 1.44535 -69.6054 72.9716 57.9834
17.3196 6.649 -0.625574 -110.132 50.3565 -17.9987
18.0195 -6.74331 2.05866 -48.3166 115.953 83.0196
17.6253 2.95849 2.82736 -87.6281 96.7267 22.135
17.4916 4.85481 1.66581 -103.406 66.2323 56.6665
17.8426 -1.48747 2.15186 -68.7943 103.734 99.493
17.7891 2.96604 -0.444121 -74.5418 61.0199 69.0038
17.6077 7.68862 -2.85279 -98.7098 -7.86132 -105.238
17.8248 3.9496 1.00466 -78.0778 54.3262 15.1627
18.1141 -6.44982 1.75344 -53.0786 110.19 39.0155
17.8795 -5.52429 0.123557 -79.0128 81.6542 -27.534
17.4595 7.82656 -0.365881 -124.995 92.8435 -7.21221
18.3031 -3.43312 1.63059 -46.3197 139.116 54.5866
17.9935 0.234652 1.84535 -84.1898 81.9299 67.7348
18.0078 1.59784 -2.75783 -88.1884 27.9521 -90.7716
18.2213 -9.53898 0.83232 -68.7428 83.6208 15.8138
18.2864 -2.97715 1.19301 -62.9194 111.598 13.8804
17.9355 2.60509 0.404092 -98.9371 118.481 -67.9504
18.2783 -1.61087 -0.178116 -68.2351 102.253 4.66955
18.4992 -1.2429 0.373276 -56.1926 150.548 35.1533
18.3587 0.507955 -0.999814 -75.7251 104.967 -36.64
18.9374 -4.58713 1.30439 -31.6943 123.685 10.6804
18.619 -3.15149 0.241601 -66.2059 109.341 -25.6678
18.6806 -5.14215 0.487024 -61.6619 103.031 -21.9074
18.575 -3.82644 -1.43859 -73.0688 83.2581 -94.447
18.7838 0.0869254 2.67799 -83.0848 78.6554 101.423
18.7253 -4.02312 -1.04239 -92.5577 -39.0901 -62.8011
18.8314 0.410956 0.331809 -85.1211 92.2292 5.64911
19.2899 -1.41391 -1.7494 -42.8163 69.8988 99.5357
18.7356 -11.289 3.26821 -100.568 180.768 -208.693
18.958 -1.04756 -2.37251 -82.5202 82.2797 5.93768
18.873 2.45251 -0.379983 -94.9003 60.9257 7.36903
19.0593 1.98034 -5.59442 -91.0248 74.1016 12.6809
19.138 0.667639 0.390654 -88.3734 104.097 7.90458
19.0994 3.21356 -1.14324 -95.2318 -4.99057 -15.2975
19.3565 2.77276 0.00259018 -96.7269 91.2634 -16.244
19.8288 -3.9174 0.682302 -75.2123 94.9026 -10.1954
20.4478 14.8607 13.4552 -138.726 7.98928 -92.9456
nan nan nan nan nan nan
18.5298 -0.106633 -2.53793 -86.2764 70.123 -111.349
20.6641 -1.22171 0.682632 -99.0702 33.452 19.1444
