-4907.09 -1639.28 -8788.35 -18.8777 -6.30325 -33.8105 102
-3847.84 -4445.05 -23356.8 -15.3737 -17.76 -93.3164 392
-3510.97 -409.039 -1181.62 -14.0005 -1.63398 -4.7099 305
-3479.76 -15485.5 -343.491 -13.7095 -60.98 -1.34898 378
-3268.78 -2146 3915.9 -12.584 -8.2265 15.0669 303
-2723.22 1697.79 -2060.44 -11.3949 7.09669 -8.62504 207
-2517.55 -2673.63 437.373 -9.91968 -10.533 1.72558 155
-2445.06 -1338.09 -437.653 -11.7231 -6.44173 -2.10904 17
-2381.85 -3429.05 -2700.6 -9.155 -13.1853 -10.3786 146
-2339.94 467.559 1487.14 -11.6223 2.31445 7.40278 66
-2245.05 1341.64 -2517.48 -11.1537 6.66305 -12.5173 234
-1821.63 1953.41 309.925 -7.21393 7.7324 1.22725 482
-1725.68 -1203.36 -128.336 -6.85828 -4.77678 -0.542544 173
-1691.28 1116.04 1135.8 -6.78247 4.45571 4.5593 263
-1533.31 457.472 -1028.62 -5.96572 1.80509 -4.04203 306
-1477.62 881.279 56.7942 -5.87561 3.48657 0.224577 358
-1462.72 -1887.41 1356.96 -5.69969 -7.39559 5.31471 324
-1205.6 403.775 -1066.88 -4.73628 1.57114 -4.18106 108
-1168.6 41.5538 947.744 -7.18617 0.261 5.82538 497
-1163.57 1807.09 1220.84 -4.59523 7.11543 4.8092 98
-1142.35 2503.58 700.509 -4.44909 9.65445 2.70339 218
-1066.54 -880.097 460.549 -4.16454 -3.47109 1.80847 94
-1003.59 -1039.35 -1412.89 -3.85526 -3.96606 -5.42062 490
-975.47 1169.44 -65.6841 -3.83358 4.57015 -0.2607 244
-945.811 2862.17 -1718.4 -3.63578 10.9869 -6.59793 421
-921.115 1366.73 -495.195 -3.81105 5.63387 -2.03856 167
-905.382 -2590.92 -1718.07 -3.57126 -10.2042 -6.7707 185
-887.072 -1381.29 1361.45 -3.47108 -5.41588 5.33253 90
-861.89 -2312.8 967.14 -5.31273 -14.2406 5.9923 10
-847.947 1445.05 622.066 -4.04056 6.92362 2.97959 456
-829.416 -1355.02 1789.08 -3.45433 -5.64953 7.45708 73
-818.283 1212.96 876.815 -3.55164 5.23476 3.78711 301
-793.364 -794.451 -276.057 -3.2294 -3.19729 -1.1324 332
-789.588 -760.087 -57.6048 -3.19538 -3.09195 -0.221948 124
-778.286 -610.975 -724.15 -2.93552 -2.35137 -2.77754 308
-777.862 1125.62 76.1129 -2.95866 4.23458 0.293918 6
-740.93 -368.67 114.161 -2.84369 -1.4353 0.441086 216
-739.763 -430.268 -311.77 -3.24992 -1.91759 -1.39203 181
-697.03 -592.086 -434.779 -2.72232 -2.37368 -1.72592 404
-694.578 1242.68 968.033 -2.66285 4.71315 3.69954 58
-677.926 -307.385 -167.926 -2.55431 -1.25806 -0.666188 448
-641.362 -331.021 -616.835 -2.42541 -1.27405 -2.33747 313
-622.701 -48.7498 -601.548 -2.32179 -0.210996 -2.233 441
-622.346 166.847 27.363 -3.48273 0.918941 0.157259 419
-619.724 -72.1975 427.578 -2.33644 -0.292157 1.58234 254
-611.117 1244.79 -684.925 -2.35526 4.76752 -2.63369 204
-590.169 -59.2467 350.253 -2.19325 -0.227983 1.33252 133
-580.449 -1353.13 1124.66 -2.26288 -5.31866 4.41372 7
-563.752 278.129 53.4587 -2.14641 0.988126 0.210124 217
-554.308 296.199 187.472 -2.04593 1.10844 0.728487 316
-526.888 -1283.57 691.965 -2.00235 -4.90662 2.64438 277
-522.765 -1636.88 -2044.5 -2.07759 -6.51708 -8.15916 119
-520.101 -414.08 311.228 -1.97754 -1.61444 1.19424 493
-509.71 -455.709 -151.503 -2.68912 -2.42974 -0.780856 416
-509.449 -584.36 32.3187 -2.36214 -2.74525 0.161391 445
-505.694 31.135 -60.8725 -1.72704 0.0642594 -0.232542 239
-503.724 -382.858 -460.747 -1.87578 -1.48032 -1.78386 276
-493.283 237.979 -29.174 -2.32521 0.960395 -0.131154 284
-467.916 36.8256 65.6805 -1.66413 0.0611191 0.233847 135
-444.075 36.6133 -134.515 -1.5046 0.0397863 -0.473583 472
-440.924 -82.2191 79.5397 -1.47351 -0.366981 0.286668 340
-438.541 257.289 175.981 -1.53937 0.91716 0.648522 423
-425.96 -844.552 670.825 -1.62752 -3.31321 2.61685 114
-423.323 446.719 1.70432 -1.55636 1.56076 0.0127102 63
-418.458 1946.74 2001.42 -1.64912 7.66511 7.88082 399
-418.216 85.3925 127.093 -1.40446 0.357404 0.451909 487
-417.885 436.516 251.092 -1.60405 1.55121 0.942316 374
-417.604 -156.132 -111.305 -1.42306 -0.5614 -0.372954 471
-414.436 -692.955 -79.3232 -1.5504 -2.66784 -0.28679 366
-383.614 782.81 -311.162 -1.58031 3.2018 -1.27137 414
-378.694 -292.828 9.39852 -1.24219 -1.03669 0.0335738 484
-353.043 879.696 566.215 -1.59347 3.95402 2.55573 226
-346.29 -797.132 -275.127 -1.39813 -3.16288 -1.10021 425
-340.813 250.224 -52.4672 -1.21592 0.741742 -0.177054 206
-328.427 149.255 39.2082 -1.1075 0.411672 0.0891647 97
-307.906 -168.777 20.257 -6.6492 -3.6752 0.431793 136
-304.598 154.084 -223.024 -1.02665 0.407572 -0.740588 273
-299.079 742.964 -488.732 -1.23284 2.95029 -1.90433 297
-294.16 -41.3628 19.8199 -1.16591 -0.29958 0.113013 196
-292.51 -109.914 85.1798 -1.11308 -0.540768 0.341288 168
-265.964 177.119 1402.87 -1.37043 0.905777 7.20077 160
-262.353 -415.161 113.945 -0.850558 -1.53872 0.407261 407
-257.937 -2606.03 -3915.92 -1.01644 -10.2747 -15.4383 282
-250.983 484.729 506.083 -1.01675 1.79465 1.96976 489
-247.151 90.1066 288.13 -0.841046 0.215456 0.993482 115
-236.766 165.034 -74.33 -0.768585 0.440746 -0.241845 440
-234.452 -61.6173 294.575 -1.5881 -0.566025 2.06119 251
-233.614 -434.478 400.636 -0.900638 -1.79276 1.5861 214
-228.937 -2636.59 -2287.76 -0.881201 -10.1708 -8.8178 130
-226.43 -266.161 234.59 -0.681421 -0.877797 0.794258 498
-218.15 -583.081 309.804 -0.78646 -2.13007 1.13045 62
-217.194 46.0325 46.6278 -0.621924 -0.0584328 0.108345 55
-212.653 -342.196 144.633 -0.788082 -1.35937 0.556199 368
-204.253 57.1254 100.045 -0.46498 -0.018454 0.21096 446
-203.524 163.835 -188.377 -0.630222 0.372258 -0.571739 260
-200.697 -5.45605 48.4657 -0.284884 -0.135089 0.0628797 54
-200.181 23.9038 28.2455 -0.637334 -0.0354191 0.0284313 231
-198.118 -953.018 -1381.78 -1.19534 -5.80087 -8.55167 337
-192.714 -366.698 47.7978 -0.556333 -1.24975 0.157792 406
-188.549 122.086 -159.266 -0.562287 0.259645 -0.410466 243
-186.424 59.373 -906.834 -0.750918 0.208354 -3.39832 162
-185.537 594.574 -89.1854 -0.743736 2.14305 -0.333343 300
-185.214 6.52086 93.9495 -0.5981 -0.105872 0.390906 304
-183.393 -207.712 -34.0637 -0.359616 -0.647574 -0.0909249 289
-181.219 116.669 -78.6714 -0.607132 0.190468 -0.235999 11
-169.811 1412.17 -769.048 -0.808263 6.59479 -3.59284 219
-154.659 -59.2525 -86.9194 -0.0958923 -0.339702 -0.164404 433
-149.489 240.154 -79.6686 -0.524051 0.582148 -0.215502 397
-148.294 -816.714 -339.475 -0.533814 -3.07154 -1.26876 118
-132.963 114.219 -92.8829 -0.510866 0.261278 -0.293667 357
-132.11 -5.69576 16.8352 -0.349916 -0.210357 0.0859447 76
-131.934 -103.456 9.67926 -3.82252 -3.1401 0.300245 172
-128.772 302.8 1085.48 -0.50918 1.17101 4.19849 390
-124.377 673.762 637.842 -0.478518 2.50927 2.36567 396
-114.946 87.4595 -13.2797 -0.243525 -0.280819 0.0732046 371
-114.167 1357.82 247.336 -0.459486 5.41118 0.988332 131
-111.04 508.736 55.6853 -0.467125 1.77968 0.187091 53
-110.269 -41.2433 64.6459 0.142665 -0.208768 -0.00226598 477
-105.193 77.6978 -23.2742 -0.673193 0.243028 -0.0918119 111
-104.934 194.509 -16.7783 -0.403353 0.282372 -0.0474316 112
-104.757 -554.558 -390.006 -0.393615 -2.22611 -1.54622 465
-103.091 -157.086 -92.7857 -0.0998766 -0.333684 -0.157229 309
-99.8014 -593.293 831.136 -0.375691 -2.33671 3.25496 26
-98.9669 110.843 18.6838 -0.782505 0.491131 0.109848 363
-96.9534 -43.5427 -45.4131 0.359854 -0.152723 0.153152 333
-95.367 -65.7924 23.9349 0.400157 -0.12605 -0.120979 209
-93.6949 68.9107 -11.3834 -0.790001 0.232885 0.0419429 460
-92.261 -535.799 526.6 -0.489078 -2.9151 2.86171 31
-91.9268 -100.768 203.437 -2.24 -2.44107 4.86549 69
-89.1883 -283.912 -394.343 -0.308455 -0.977045 -1.40558 30
-88.332 101.525 -233.33 -0.256547 0.0907316 -0.666092 435
-86.5071 -319.655 -109.146 -0.251809 -1.13267 -0.320462 365
-83.675 3.19859 1922.06 -2.94361 0.108458 67.7349 262
-83.6096 42.0049 34.8534 -1.03902 0.111759 0.134766 400
-82.9342 189.039 -84.6829 -0.23844 0.339952 -0.176523 290
-69.3965 309.969 217.089 -0.335374 0.971147 0.7014 387
-68.8615 -9.6516 11.352 0.878529 -0.221389 0.0332548 344
-66.7361 -132.609 -219.334 -0.000616793 -0.298656 -0.628744 258
-66.2498 -54.2925 4.69038 -0.0250355 -0.656655 0.0440825 449
-65.2376 611.067 -386.815 -0.235967 2.22235 -1.40005 495
-64.4965 -334.24 76.5183 -0.42976 -2.85525 0.703455 64
-61.6904 -4.02733 -3.37507 -0.0428642 -0.401142 -0.0480379 203
-55.9855 221.561 31.895 -0.206427 0.431279 0.185406 212
-55.3551 -24.5544 -14.4508 0.25419 -0.502322 -0.151888 230
-53.6253 683.112 -1229.26 -0.215236 2.67966 -4.88183 373
-52.7719 27.5692 28.8404 0.0307047 -0.615054 -0.231745 103
-51.8331 -660.109 13116.3 -0.377885 -4.79194 95.1967 23
-51.2579 7.30617 1.28244 -0.6795 -0.496116 0.150981 61
-51.1967 -52.2976 16.3868 0.149519 -0.883301 0.000461956 364
-51.0032 -23.0093 0.616443 -0.220252 -1.03454 0.0300832 311
-49.891 7.47176 6.07389 -0.291857 -0.618857 0.0449292 24
-46.4636 -22.1705 18.8068 -0.255226 -0.883241 0.483402 485
-44.2943 24.2621 -41.6321 -0.0108782 -0.576872 0.141258 227
-41.8748 22.6206 -15.4482 -0.77028 -0.166053 -0.086462 180
-41.824 9.17018 -23.22 -1.64884 -0.387268 -0.885981 381
-41.0255 -25.0588 -26.6833 -0.732456 -1.35612 -0.605013 274
-39.9724 139.669 -4.28679 -0.308986 1.1193 -0.0501725 351
-39.0499 3.49935 12.8397 -0.439291 -0.853677 -0.0619657 82
-38.0414 -36.0106 -19.7906 0.722201 0.2037 0.436724 335
-37.5434 -14.2695 -18.3779 -0.118243 -0.801709 -0.192947 208
-37.002 -164.402 -12.4001 -0.179472 -1.0128 0.0115798 375
-36.7332 -46.133 -34.5589 0.51704 0.193741 0.0566532 74
-36.4198 44.2148 -6.24689 -0.335268 -0.594462 0.0467252 457
-35.8139 37.2456 -28.4324 -0.449344 -0.664919 0.0524062 67
-35.1809 43.9849 -24.6186 0.180401 -0.436348 -0.112732 408
-34.7221 42.9234 -41.2005 -0.498171 -0.32059 -0.0520313 393
-32.1325 3.5638 -17.5321 0.297726 -0.731071 -0.0143924 25
-31.9915 -10.1645 11.5376 1.30318 -0.534593 -1.02591 189
-31.1961 -25.5819 9.3838 0.432168 -0.958474 -0.0897076 420
-30.9426 -3.07578 -19.113 -0.00327789 -0.849192 0.360137 152
-30.8436 -241.069 118.301 0.0384788 -0.670126 0.250215 275
-28.8457 -7.55744 11.562 0.913551 -0.853814 -0.486205 451
-28.203 -12.637 4.89453 -0.355658 -1.51694 0.214582 48
-27.9125 -167.067 -178.074 -0.121695 -1.054 -1.09683 415
-27.4459 168.563 -84.841 -0.237009 0.271302 -0.187648 287
-27.3576 -6.44476 10.9253 -0.714565 -1.94766 0.5568 439
-27.3221 106.33 18.57 -0.30739 -0.396836 -0.0525598 137
-26.5129 2.72525 -1.04678 -0.782366 -1.36077 0.691356 382
-26.4223 6.31796 -15.3928 -0.0441397 -1.27608 0.0543779 353
-25.8475 -32.7249 -11.1287 0.600102 -0.857567 -0.325895 429
-24.1452 -76.6307 8.10606 0.055868 -0.265862 0.0839183 236
-22.6808 -10.4595 -1.44334 0.947524 -1.15296 0.717156 478
-22.2839 12.2299 -0.587603 -1.17129 -0.889297 -0.289912 315
-22.1021 -4.86369 -0.946705 0.416446 -1.61848 0.290165 444
-22.1022 -1.95522 1.87855 -0.208204 -1.47862 1.02144 163
-22.08 16.818 8.63543 -0.32494 -1.39999 -0.326869 488
-21.2244 20.002 -2.8822 -1.93509 -0.102235 -0.365774 158
-20.6635 -0.411142 1.88425 0.26939 -1.11576 0.168741 283
-19.5485 -19.5403 -9.44999 1.14734 0.248622 0.699084 99
-19.2131 -24.2487 5.57787 0.242882 -1.35814 0.803588 107
-18.5876 26.5729 -2.229 -1.16242 -0.341572 -0.5217 409
-18.4896 1.54538 1.18024 0.766497 -1.82716 -0.610252 321
-18.4794 -27.931 1.32868 0.336137 -0.981325 -0.109962 286
-17.7605 -6.97441 7.99634 0.442453 -1.30249 -0.726735 5
-15.5797 -47.1746 79.1975 0.394197 -0.115438 -0.534291 89
-14.9792 4.45254 1.52446 0.562575 -1.96865 0.148676 9
-14.2697 3.62758 -1.18399 -1.40458 -1.31214 0.42576 51
-13.9745 0.532243 1.43986 1.53126 -2.69985 -0.468445 153
-13.6228 -0.872455 -2.11849 0.133971 -1.91554 1.32479 232
-12.7232 -4.65805 -0.901249 -0.349393 -3.04381 0.780831 458
-12.3424 19.5836 -1.57927 -1.51928 -1.47878 -0.0876922 434
-11.8554 -6.33219 2.19039 -0.919495 -2.76393 -0.906417 380
-11.7996 14.214 3.40258 -0.806592 -0.982366 -0.511959 325
-11.338 285.354 -65.8847 -0.138142 0.792373 -0.185087 12
-11.2008 -36.4354 -22.8793 0.392888 0.033303 0.61331 159
-11.1927 11.3289 -4.2505 -1.526 -0.850622 -1.17944 122
-10.1371 15.7924 -4.39382 0.0978168 -0.478042 -0.90575 376
-10.0037 10.6317 2.41571 -1.80814 -0.010303 0.810783 95
-9.88388 -42.2766 24.8468 0.801416 0.465048 -0.9556 110
-9.48038 8.89626 -8.42295 -1.8523 -1.43687 0.994 117
-9.22261 5.8604 -2.35411 -0.610962 -2.49509 -1.57307 228
-9.05514 -1.58272 1.75429 -0.403845 -2.95175 -1.61853 34
-8.21996 -1.54105 -1.01181 -0.683086 -4.08945 0.305276 33
-6.98928 59.7455 -158.151 0.0610379 0.419633 -0.180138 105
-6.60839 -2.92376 8.79427 0.905156 -2.45907 0.299915 476
-6.47455 -16.9597 9.22864 1.02058 -1.02341 -0.99326 65
-6.45956 -2.90768 0.925973 -0.486188 -3.04474 1.11761 197
-6.22484 0.317389 -6.99816 1.18505 -3.14213 2.03511 86
-6.22133 -46.2352 -6.43631 0.778178 0.131127 0.0506544 491
-6.02123 -8.80285 7.04624 2.51889 0.877079 0.94174 125
-5.72041 5.69444 -2.82732 -1.42681 -3.67362 -0.8904 201
-5.58957 3.55727 1.91855 -0.203826 -3.53766 0.542541 494
-5.32302 14.9636 -6.92845 -1.8438 -0.26942 0.24047 468
-5.21431 30.0355 -2.78574 -0.935085 -0.122345 0.337423 47
-4.95491 -42.7115 -11.6713 0.617139 0.368089 -0.229 46
-4.64716 -5.5152 3.61711 1.46476 -2.38164 1.2703 42
-4.63832 37.1652 12.1939 -0.838471 -0.903781 -0.51105 466
-4.33342 -21.0986 0.0354144 1.66044 -0.064401 -0.29178 195
-3.74131 11.2599 6.21084 -2.01059 -1.03578 -0.0447809 249
-3.46399 8.7149 -9.43224 -2.47375 -1.27753 -0.259509 430
-3.12497 11.1801 -1.2363 -1.80239 -0.823736 0.237077 187
-2.9828 -23.0914 12.9588 1.05539 -1.12872 0.572477 266
-2.61488 16.5398 1.0663 -1.58093 0.458572 0.570811 199
-2.54404 108.792 -42.2868 -0.387776 0.973809 -0.436776 101
-2.34033 -13.3207 10.6955 2.02075 1.31742 -0.607386 499
-2.03346 -48.052 11.7515 0.782743 0.591371 -0.22706 184
-2.00372 3.12244 0.641661 -3.34446 -4.22888 0.971064 242
-1.13598 34.482 42.0198 -0.685277 -0.402241 -0.180748 343
-1.04835 26.8332 -14.9516 -1.24386 1.0294 -0.122868 2
-0.460322 8.27477 -0.638657 -3.18407 -1.10787 0.192888 450
0.0724559 14.3009 1.0554 -1.92967 1.4466 1.07246 193
1.13332 -18.988 6.06086 1.29092 0.60428 0.607252 345
1.16467 8.69316 -4.12983 -2.56292 1.42877 -0.557592 398
1.42136 2.38588 1.89243 -5.4033 1.21412 -2.51973 139
1.96616 8.87892 -10.6026 -2.34307 1.08296 -1.36328 176
2.17971 -11.5306 -0.746778 2.53512 1.32896 -0.623107 16
2.79456 31.5738 -0.903633 -0.47109 0.687952 -0.115433 470
3.50482 -2.94424 1.33095 1.69851 4.50579 -0.319695 256
3.69422 -5.54761 -6.36394 2.06608 2.35559 0.969375 447
3.99243 -43.1624 7.09813 0.566117 0.603713 0.619372 143
4.311 81.2217 4.49919 -0.430541 -0.485354 -0.11511 240
4.62615 12.3253 -4.73206 -1.37317 2.79145 -0.184201 469
4.72638 -38.3617 -5.95175 1.0059 0.754632 0.0265425 126
4.96532 -8.41807 -1.93112 0.129562 2.8733 1.07839 3
5.04027 7.7445 -2.47958 -0.599987 3.77434 -0.923753 422
5.07421 -11.4625 -5.86475 1.38454 1.79982 -0.14384 386
5.26251 -32.5261 -26.7425 0.903252 0.182093 0.23991 285
5.37479 13.6257 1.83068 -2.44358 -0.279935 0.0253492 205
5.42646 -30.8447 7.53462 0.787898 1.54747 -0.316851 395
5.69585 -27.8045 0.804315 1.11465 0.252187 -0.571157 379
5.84501 28.9049 -7.233 -1.12689 -1.02122 1.12469 452
6.05421 4.18012 -0.56974 -3.29419 1.60063 -2.26905 71
6.08394 18.0604 9.66634 -1.82313 0.199679 0.291023 479
6.18887 5.65248 -2.49849 -0.142326 1.77516 0.222354 475
6.40881 3.48805 0.590392 0.362112 2.27549 -1.50076 44
6.80077 10.013 -11.8457 0.190003 1.02805 0.501915 264
6.84016 -0.553063 -1.0613 -0.948928 3.11935 1.24649 486
7.18287 -13.5875 -1.98872 0.895347 1.89655 -1.16731 154
7.76526 -20.3411 0.956546 2.17987 -0.588853 -0.220997 442
8.35937 1.87438 -1.35933 -1.16007 2.84446 0.643883 292
8.59943 -8.18925 1.1491 2.92212 0.954941 -1.56007 255
8.66983 -85.5324 -17.061 0.243728 0.216217 -0.0413646 299
8.76003 2.05923 -14.2589 -0.00763025 2.15126 0.69517 59
8.77135 429.07 -165.533 0.0358032 2.15609 -0.803139 149
9.62976 -9.44852 0.26824 1.22419 1.89819 -0.710655 354
10.1008 -2.73948 -1.02468 0.175442 2.00946 -0.0107106 213
10.3165 -371.969 214.537 0.10601 -1.19994 0.732631 428
10.7507 -5.27454 -0.308506 0.0977233 2.68764 -0.295435 140
10.9574 15.2016 7.67169 -2.11801 0.359658 0.392428 120
11.1219 -15.5245 4.46382 1.45832 0.589012 0.256474 338
11.2551 467.787 17.0922 0.00926415 1.57168 0.0711905 83
11.2961 35.0727 1.50443 -0.286302 1.88142 -0.209225 246
11.4704 22.6063 -10.842 -1.30028 0.596196 0.41345 320
12.0426 -33.1742 15.604 0.900519 0.236357 0.181208 170
12.1103 -5.13569 9.09775 0.581859 2.28157 -0.0392282 385
12.4303 272.191 248.836 -0.0261914 1.51747 1.37522 128
12.6187 -0.802224 3.56181 -0.521811 2.47258 -0.555477 15
12.656 21.2611 -1.84905 -2.20667 -0.289587 0.0231171 496
13.2007 4.65322 4.698 -0.722662 2.1042 0.604891 116
14.0691 60.8355 7.1773 -0.449775 0.781086 0.052772 52
14.5029 -29.4846 -13.1056 1.17832 0.219961 -0.67926 339
14.7819 -14.8422 0.352186 0.3129 2.28852 -0.343099 492
14.8743 -29.2542 10.5551 1.15106 -0.266098 0.102694 188
15.8303 -42.9689 2.26588 0.921096 0.0868975 -0.20391 127
17.3059 18.3921 3.37459 -0.39356 0.775416 -0.458252 29
17.9764 599.904 -363.5 0.0906904 4.08707 -2.4649 454
18.0232 9.57269 -34.668 -0.556851 0.59253 0.0716804 265
18.2814 -15.0066 2.49442 -0.486975 2.23185 -0.0696986 22
18.6887 -1266.75 2035.77 0.119277 -5.03171 8.11486 92
18.7746 -300.773 22.919 0.153667 -0.806178 0.0589128 215
18.8057 -92.8285 35.1105 0.730335 -1.41283 0.823273 370
20.0868 16.8876 1.45442 -1.88721 0.230954 -0.534967 462
20.4725 17.8902 -5.68154 -0.118381 1.35619 -0.324284 179
21.0791 -11.537 1.80271 0.138367 2.00827 -0.487065 268
21.495 2.95415 -0.242515 -0.208091 1.24429 1.09906 177
21.7723 46.2241 0.466422 -0.576303 0.0960329 -0.0400644 148
22.0054 26.6655 -2.76494 -1.573 0.0970286 -0.0816611 223
22.4112 118.387 -201.976 -0.141212 0.221245 -0.477792 369
22.4357 401.824 -100.463 -0.014655 2.3196 -0.610221 307
23.5416 157.934 179.272 -0.132884 0.317836 0.454524 151
23.8682 27.8007 15.7374 -0.871707 -0.604156 -0.0746887 355
23.9489 14.3851 -11.6395 -0.192382 1.35091 -0.96022 241
24.2245 15.15 -2.55693 -1.91747 0.0955152 -0.248482 191
24.8435 -10.3934 -6.2313 1.13202 0.914993 0.227842 106
25.3422 38.5187 -3.07996 -0.652942 0.659186 -0.0506594 56
25.4007 53.7526 -17.7666 -0.537497 -0.00390351 0.326745 280
25.6886 11.1952 -8.72384 -0.497131 0.827219 0.84901 81
29.1359 34.0412 -17.5272 -0.195672 0.764137 -0.00425981 259
29.2298 -13.8189 10.2875 0.470963 0.579224 0.36175 123
29.3668 -15.5161 63.75 0.357974 0.316346 0.0831816 247
31.1756 33.4575 2.77938 0.209408 0.491764 0.351726 178
31.3892 11.3512 -2.3745 -1.5774 0.80082 0.423172 174
31.4493 37.4652 5.17347 -0.691062 0.53036 0.0965462 418
32.5933 -32.5844 -164.919 0.190642 0.164151 -0.122932 150
32.9047 -41.3407 3.45539 0.959014 -0.259598 -0.147188 164
34.041 49.8292 19.4971 -0.621906 0.180574 -0.130644 296
35.1356 72.9149 3.4778 -0.141969 -0.0442382 0.125255 27
35.8549 -79.8894 43.8943 -0.0168957 0.509152 -0.23092 38
36.532 -31.7702 3.7393 1.54426 -0.471288 0.259149 348
39.3314 17.1843 16.931 -0.918191 0.214193 -0.204099 334
40.8101 19.5209 12.8804 1.75482 1.21352 0.385435 347
41.9425 124.065 -38.1667 0.11506 1.09456 -0.292642 8
42.9973 -20.6866 6.67637 -0.217004 0.988872 -0.257735 411
43.414 39.2144 12.6774 1.09372 1.24239 0.44222 144
43.5037 -6.90927 7.37916 0.37945 0.888754 -0.185971 294
45.2083 46.322 2.87543 -0.773225 0.15955 -0.0294969 372
46.2763 3.65088 35.0327 -0.182732 0.543147 -0.0300265 70
47.6611 -2.23735 16.9667 0.274353 0.695181 0.0855289 13
50.1831 -521.038 -286.722 0.230204 -1.83726 -1.02752 100
51.5487 -64.7164 -18.9795 1.15623 -0.630026 -0.0346691 104
53.6052 -24.7008 -35.987 0.0760324 0.513778 0.0554679 190
57.2199 -48.6054 5.60525 0.174429 0.575622 -0.0618139 229
59.245 -240.975 78.6637 0.283226 -0.531351 0.205772 57
59.7207 -22.4647 -1.47588 0.0598289 0.607579 -0.089147 235
60.9134 22.008 26.3096 -0.104437 0.508337 -0.0363242 80
61.2735 -287.584 -43.8939 0.338277 -1.32326 -0.165037 224
61.7518 3.75994 5.18954 -0.725671 0.64739 -0.285256 141
64.2291 381.115 -26.2109 0.101789 1.22995 -0.0877136 362
64.3452 -139.188 51.0227 0.188414 -0.030666 0.137898 233
65.4409 158.035 -32.9874 0.0299751 0.472262 -0.139929 142
69.1078 -67.3311 52.7929 -0.39228 0.280658 0.0332269 253
72.1656 66.9255 13.2967 0.76932 0.734749 0.35985 43
73.0968 190.608 -132.066 -0.0344606 0.497129 -0.348694 481
83.2493 111.184 0.653729 0.451171 1.0746 -0.00290178 432
83.5019 -86.7857 3.64691 0.378332 -0.0352369 0.0147904 14
84.1795 -85.9297 -39.5336 0.161716 0.371847 0.0697448 1
84.4099 57.411 -63.0855 -0.363564 0.281428 0.119176 45
88.5837 66.1145 -13.8542 0.176392 0.646642 0.00167854 113
88.9248 185.339 -232.666 0.255668 0.738293 -0.916822 388
89.1845 221.084 6.79195 0.131639 0.530987 0.0178789 60
90.2568 2079.41 3925.18 0.345523 7.99234 15.0844 248
94.4553 292.016 -128.529 0.214354 0.967316 -0.34113 336
95.3835 20.7265 6.41028 -0.536026 0.140843 -0.214128 84
95.5895 157.613 -249.352 0.266205 0.365222 -0.723894 272
97.7804 -41.1753 -72.8628 -0.0232313 0.337888 0.125458 237
102.01 -192.874 -605.807 0.424945 -0.77002 -2.41772 377
102.406 -6.31066 -2.154 0.665166 0.388496 -0.01504 350
106.817 2990.26 1689.88 0.45003 12.5019 7.07065 252
108.452 1487.39 -189.483 0.40428 5.86808 -0.77099 431
110.216 76.8009 -80.5271 -0.10509 0.16327 0.0424226 50
113.187 -238.926 60.6339 0.558196 -1.14008 0.258647 198
116.623 18.9507 33.0096 2.09506 0.844959 0.786188 330
125.545 -220.787 -81.0613 0.437118 -0.469932 -0.19411 257
128.203 88.0537 47.1536 -0.0994129 0.230965 0.0545703 443
128.873 -1060.95 -349.069 0.549214 -4.14375 -1.36506 474
131.836 6.80015 -116.223 2.86233 0.309432 -2.47704 175
134.345 92.55 214.459 0.743573 0.454757 1.1389 96
134.651 -206.047 28.5933 0.438671 -0.382651 0.0620926 389
137.358 -386.271 671.651 0.614082 -1.69446 2.95746 210
147.363 -4190.72 -1511.25 0.567342 -16.0859 -5.82433 293
150.852 -78.1707 62.2923 0.309219 0.0229567 0.161188 359
155.952 -9.88685 21.9784 0.734352 -0.0230866 0.0390835 28
160.38 -336.735 -57.3394 0.566316 -1.20184 -0.211504 165
161.888 -4589.69 -3440.68 0.623189 -17.6543 -13.2343 394
167.506 75.6669 14.8361 0.0870893 0.276403 0.0206755 109
171.974 -714.954 -296.576 0.718439 -2.74784 -1.18541 145
174.251 285.145 220.148 0.466451 0.99148 0.724312 480
180.4 249.705 -176.944 0.52011 0.912937 -0.500888 19
191.534 132.493 33.541 0.303704 0.452932 0.0674934 211
192.218 1.04186 40.8595 0.724855 0.15129 0.0945824 85
192.847 -2381 2425.79 0.726573 -9.36667 9.57841 35
198.44 -268.292 -61.5616 0.682883 -0.737546 -0.168043 157
213.086 206.421 -82.5565 0.549724 0.775197 -0.234979 250
214.603 -56.8618 -1188.84 0.85044 -0.202105 -4.63227 129
219.612 -326.707 -29.4196 0.855177 -1.19852 -0.128327 88
219.839 151.046 -77.5093 0.526929 0.504728 -0.162722 40
222.633 1475.11 -3102.34 0.92327 6.12433 -12.8729 202
223.612 -920.705 1502.94 0.947122 -3.9017 6.35909 41
241.081 -257.852 -85.1618 0.942102 -0.859363 -0.317973 467
246.598 -1307.46 -665.508 0.997442 -5.07633 -2.59284 401
247 -1133.83 119.193 1.09492 -4.93471 0.519811 383
248.556 630.059 8068.33 0.983113 2.48825 31.8778 342
265.947 305.645 -335.674 0.887715 1.07884 -1.18186 245
272.37 -333.454 120.727 0.984369 -1.13832 0.437118 39
281.69 43.8649 21.8059 0.733325 0.278299 0.066783 72
294.076 687.007 -145.871 1.07715 2.69658 -0.512127 186
303.128 104.303 96.3815 0.996522 0.404302 0.313608 161
314.747 -914.48 107.33 1.23018 -3.51628 0.414289 278
316.736 5103.69 292.854 1.39356 22.4815 1.29034 367
318.857 555.601 -308.662 1.18453 2.09666 -1.16696 302
323.276 266.283 25.5863 1.23254 1.12734 0.126748 461
337.298 246.744 20.5077 1.06118 0.899402 0.0518749 77
358.449 128.243 -40.2763 1.1528 0.511699 -0.0737511 326
363.062 -655.783 719.31 1.43878 -2.62975 2.919 349
363.71 2452.29 -1296.55 1.40358 9.4564 -4.99104 413
370.375 71.4781 -81.5382 1.24939 0.310643 -0.239339 323
375.655 -312.901 299.842 1.43634 -1.13023 1.13881 417
384.088 -56.3447 294.402 2.17563 -0.32658 1.72512 346
392.821 -780.855 -81.9255 2.86281 -5.66975 -0.600451 269
400.097 199.512 161.82 1.33116 0.730231 0.5584 75
400.303 -7.48429 -157.789 1.34776 0.092726 -0.562458 261
400.601 133.735 -63.518 2.27166 0.801526 -0.405211 288
403.994 -833.639 385.9 1.61427 -3.25808 1.51157 436
411.565 -3458.53 -4244.47 1.60497 -13.4892 -16.5522 455
423.445 -401.497 164.45 1.71375 -1.47154 0.690047 182
424.862 -294.034 178.689 1.7134 -1.03862 0.70524 78
429.532 384.599 -476.046 1.72162 1.54628 -1.89319 18
451.037 199.54 -77.616 2.59546 1.20304 -0.418717 79
455.713 848.164 221.885 1.68806 3.20759 0.888234 391
475.84 -926.048 -1207.71 2.12487 -4.12886 -5.37998 500
479.35 578.49 -116.003 2.36589 2.94294 -0.582954 225
486.326 2665.41 -3120.32 1.94114 10.6472 -12.4653 459
510.596 -420.591 538.855 1.9431 -1.55007 2.02103 37
523.355 308.033 -93.3126 1.84998 1.17772 -0.344195 318
547.054 -671.049 -261.063 2.15808 -2.5662 -0.978897 4
565.548 -163.936 -116.551 5.2324 -1.50473 -1.07181 319
570.59 -42.0291 132.828 2.59757 -0.157012 0.596731 295
571.215 510.945 -643.406 2.52876 2.28456 -2.89059 147
577.93 -1511.43 -258.067 2.17992 -5.7589 -0.95069 352
586.78 -38.3424 -181.232 2.09876 -0.0963891 -0.636551 171
606.982 153.579 -228.026 2.31959 0.600837 -0.828583 341
638.117 -2105.73 1881 2.45553 -8.05767 7.22926 87
645.536 -1027.29 1680.89 2.5347 -4.01658 6.56405 314
659.924 -2096.83 -645.219 2.76618 -8.78782 -2.70562 328
690.19 -475.653 92.3152 2.57415 -1.7245 0.346229 21
692.012 -202.629 -338.569 2.59314 -0.708885 -1.27216 473
693.549 405.903 -377.697 2.57218 1.569 -1.43176 192
716.313 100.541 -393.865 2.64258 0.418496 -1.49147 291
725.181 218.86 112.134 2.81586 0.862717 0.436099 20
728.308 444.841 -414.867 3.03231 1.86435 -1.73491 322
731.631 -247.823 -129.255 2.80421 -0.916487 -0.482554 424
838.907 -262.251 228.412 3.43043 -1.04609 0.919322 384
842.332 1177.17 1454.95 3.20795 4.52091 5.58222 220
862.138 171.628 -93.2175 3.53032 0.72625 -0.37444 279
878.063 -868.521 362.55 3.34181 -3.27191 1.38816 68
885.081 489.441 -2683.6 3.61441 2.00752 -10.9862 331
910.511 -1075.98 -4927.74 5.5638 -6.57474 -30.108 132
945.083 -991.334 5252.52 3.92154 -4.11221 21.7869 93
967.017 -762.31 -940.831 3.70488 -2.86599 -3.6109 312
988.054 1173.75 -737.827 3.85548 4.62322 -2.8875 36
1015.35 279.084 306.49 4.83252 1.34679 1.4813 464
1025.09 -220.934 644.812 6.3594 -1.2686 3.98201 298
1056.94 -715.213 -844.042 4.36121 -2.94967 -3.47595 405
1100.09 -1506.35 -18068.5 4.32497 -5.92055 -71.0288 134
1116.55 63.2785 11612.7 6.42553 0.364549 66.8294 356
1151.61 500.064 -977.207 4.55901 1.98484 -3.86866 402
1170.79 2582.15 283.128 4.58417 10.1365 1.1101 410
1173.34 -116.64 -1459.63 4.61753 -0.457275 -5.75744 166
1248.84 -312.246 344.476 4.80591 -1.17583 1.33649 438
1252.26 -826.792 -331.566 4.86788 -3.21299 -1.2913 281
1285.2 -181.724 -1379.31 4.90094 -0.667628 -5.27948 453
1310.79 1076.77 2275.01 5.3469 4.39437 9.27818 138
1343.32 626.41 -240.917 5.14769 2.43781 -0.917579 360
1511.17 -409.019 544.847 6.06124 -1.63092 2.20132 169
1535.72 1167.18 -309.664 5.92046 4.46329 -1.21126 310
1561.77 1326.49 1076.74 6.34904 5.39272 4.37354 156
1573.68 -1060.76 -376.112 6.19373 -4.10369 -1.46834 427
1628.34 367.029 -1696.82 6.21831 1.43641 -6.47544 267
1654.94 -100.843 -494.348 6.75029 -0.383277 -2.02575 200
1700.54 1589.05 1029.01 6.64622 6.22293 4.03059 49
1714.22 -10008.3 538.547 7.32336 -42.7514 2.30037 183
1784.32 2345.46 -708.103 6.86366 9.03349 -2.72345 329
1825.51 1446.41 1776.21 7.04155 5.58605 6.85832 221
1838.83 140.978 -1793.45 7.05883 0.563907 -6.88833 426
1971.92 -1032.7 1506.96 7.62776 -4.03671 5.90808 361
2059.65 1011.65 1986.82 8.4284 4.1465 8.13615 238
2111.27 -567.774 -1628.86 8.39044 -2.26151 -6.47974 483
2141.17 -3224.35 -259.844 8.40728 -12.7045 -1.01658 437
2188.19 -3001.34 6328.73 8.63209 -11.8333 24.9604 403
2240.45 2204.64 -1924.94 8.79875 8.7596 -7.59887 194
2382.31 866.658 -2894.43 9.24364 3.38474 -11.2912 91
2396.64 -997.641 -462.324 11.7879 -4.90187 -2.26978 327
2516.81 -311.674 793.097 10.0402 -1.24978 3.17396 222
2611.56 -2222.71 -638.673 11.5565 -9.83311 -2.82598 271
3235.67 -2772.45 2489.49 12.8605 -11.0144 9.89355 32
3576.37 -334.715 573.639 15.33 -1.42154 2.46028 270
4018.37 -272.903 4741.98 16.4763 -1.11886 19.4456 412
4707.81 -12888.8 -10936.6 18.9 -51.7416 -43.9047 317
6579.03 -1123.69 3747.97 25.3132 -4.30562 14.4184 121
22660.5 138.993 2486.76 94.3104 0.578627 10.3491 463
