-23.7355 8.13208 8.33601 -241.95 87.6826 50.576
-20.8181 7.10472 -6.2632 -188.893 -62.9619 -57.3082
-20.3692 15.8159 -7.79021 -223.976 -13.8105 -2.25522
-19.07 -13.6353 6.77567 -116.331 -126.814 52.1955
-19.5037 -8.27565 -5.25003 -187.821 -145.81 5.08874
-17.5871 -4.56232 0.878802 -51.8705 -60.5125 -77.7888
-18.0444 0.981157 3.02745 -139.316 -59.7037 -64.0031
-17.0065 -7.39114 -0.529308 -42.4989 -130.519 6.7837
-17.0793 -1.26222 -0.494927 -87.5792 -154.032 9.92649
-17.4604 -5.04499 -0.958247 -129.854 -85.5643 21.0349
-17.5094 -1.01007 -2.93306 -153.766 -13.588 6.20116
-17.4225 2.00126 1.28551 -148.445 -85.8536 -21.3925
-17.2912 2.1365 2.50231 -140.9 -88.2267 -49.7257
-17.0427 -3.95922 1.12748 -122.045 -104.342 -27.744
-17.2429 -2.60611 -1.49197 -144.033 -227.266 -46.7056
-17.1599 -2.78813 -1.37194 -135.905 -74.1162 35.0966
-17.0663 -2.18731 3.41984 -128.418 -85.5164 -75.908
-16.5085 0.922139 0.0100595 -75.5054 27.0987 -73.0875
-16.3955 -5.14226 -1.27363 -70.1013 -169.581 15.4843
-16.7853 1.06966 -3.30416 -119.356 -114.442 51.8295
-16.4593 6.34061 -0.480089 -88.0922 -182.323 20.32
-16.6882 -4.77586 3.14079 -113.672 -105.334 -75.9018
-17.0336 2.79566 2.62968 -149.088 10.4729 -54.9372
-16.638 0.949356 4.57642 -117.598 -144.714 -94.8026
-16.7889 1.54957 0.899506 -140.354 -73.8282 -24.8808
-16.6224 -0.634527 3.22384 -124.648 -119.14 -74.225
-16.5313 6.23358 1.47417 -121.128 62.0087 50.134
-16.5604 -2.48818 -1.66956 -124.919 -67.8931 38.855
-15.3223 -6.39252 1.33795 -5.34374 -179.138 -32.8091
-14.3189 -9.8076 -1.54766 92.5496 -141.971 54.227
-16.0803 -2.63947 -4.0571 -84.8981 -136.297 91.0243
-16.7088 5.38274 0.739543 -151.583 -89.4479 -18.9585
-16.4008 12.5678 -1.38357 -126.129 -71.0497 -30.3611
-16.1529 -1.77461 0.716395 -105.125 -114.864 -19.3256
-15.3483 -6.43313 -4.08335 -25.8742 -94.2874 83.2432
-14.9411 -5.12219 -3.69559 10.5752 -186.07 83.8587
-16.4979 3.19509 1.24471 -149.144 -39.2753 -30.6297
-16.2538 -16.3134 2.40533 -125.806 -247.801 115.482
-16.567 5.70695 -1.05908 -158.828 -33.2263 21.4916
-15.9874 -2.80032 -1.13282 -101.972 -114.289 24.7302
-16.2717 1.06705 -1.12886 -142.632 -61.8994 34.0153
-15.4454 -1.40562 3.4398 -62.8551 -149 -82.3184
-16.4677 8.0538 1.27271 -164.859 10.7216 -10.5019
-15.964 -7.17147 -3.56021 -114.843 -102.823 92.0746
-15.6701 -5.00661 0.477533 -87.6773 -134.094 -2.08784
-16.1128 -4.68127 -1.62011 -132.783 -27.4407 51.6484
-15.4886 -1.60369 -0.270816 -74.7014 -149.962 3.51211
-15.3554 -1.06923 -2.67923 -62.9177 -155.916 59.3691
-15.879 -3.19436 0.842383 -115.796 -99.6275 53.6172
-16.0252 -3.47842 0.537659 -134.343 -50.8952 -9.29035
-16.0355 -0.0334883 1.95989 -135.512 -35.577 -49.2612
-15.3824 0.225604 2.69428 -71.1279 -113.631 -71.0802
-15.7257 -2.87104 -2.21797 -105.961 -210.978 6.567
-16.0239 1.20574 -2.30761 -137.842 -64.3565 61.1473
-15.9841 3.36069 2.76633 -135.437 -93.3213 -78.1049
-16.1939 6.15224 1.86759 -156.834 -4.07127 -72.7694
-15.0163 -20.5626 -9.81003 -40.9975 -93.7456 79.0988
-15.2211 0.0189467 0.422599 -63.8799 -158.381 -11.1054
-14.9878 0.650488 -1.12407 -42.0652 -245.909 68.9939
-15.0802 -8.30814 1.24533 -51.2526 -163.446 -21.2855
-15.6403 -2.74171 -2.04251 -107.907 -89.4362 -24.8661
-14.2308 -31.0807 14.191 31.8169 -237.684 48.1688
-15.7493 -5.19778 -2.36682 -119.561 -88.7224 51.7171
-15.4024 2.19055 0.399771 -88.5717 -166.496 -6.47396
-15.6592 -1.41065 1.79904 -116.629 -91.96 -38.6588
-15.4388 -2.66754 0.750254 -95.7361 -110.178 -18.8087
-14.6527 -8.83574 -1.96054 -18.9028 -176.119 51.8452
-15.0048 -3.113 -0.17301 -55.9933 -151.803 12.0368
-15.7394 -2.11716 -2.97325 -134.321 -172.593 95.7735
-15.3349 -7.51623 -1.56245 -94.2853 -122.782 26.6367
-15.3209 -7.2383 0.553223 -93.0215 -122.076 -17.3212
-15.0924 -9.14764 0.940057 -72.1827 -154.403 -13.1688
-14.9522 1.30203 0.97563 -59.0675 -183.9 -23.8747
-15.6089 5.80271 2.58295 -124.866 26.8176 -122.148
-15.7371 2.93086 -1.04456 -139.662 -41.376 20.7288
-15.3769 1.68824 1.63339 -104.208 -73.2915 -33.7696
-15.066 -5.61658 2.43638 -75.6632 -142.411 -69.6285
-15.5038 -8.87372 -0.539866 -119.244 -101.475 -2.39195
-15.557 1.99461 -1.44335 -131.377 -32.1362 -14.7877
-15.4968 1.51527 1.76961 -127.724 -69.9822 -44.7004
-15.4325 -3.82665 -1.97595 -122.507 -74.6117 36.5001
-14.9813 -10.637 -1.54527 -81.4481 -142.831 33.5994
-14.706 -0.0298594 -2.67402 -55.5693 -170.316 59.3907
-14.4445 -3.558 -1.26431 -30.1089 -161.06 114.366
-15.7592 6.09372 -4.13565 -161.59 3.92279 -6.65095
-14.3205 -3.4688 -1.05442 -19.3939 -182.479 33.0448
-15.3865 1.76997 0.075025 -126.46 -75.5483 5.58538
-14.3566 -9.3749 1.41106 -30.6211 -168.806 -26.1301
-15.6085 6.60756 1.37894 -155.875 -18.39 -60.6498
-14.5922 -4.198 -3.54525 -57.8666 -156.792 69.7605
-13.9063 -4.17417 -3.12861 10.2328 -186.566 70.8515
-15.3976 5.35303 0.931508 -139.249 26.1267 -2.3328
-13.1215 -9.25592 0.399374 84.4927 -188.5 -6.98979
-13.4489 -8.17215 3.234 51.3562 -177.422 -62.9511
-15.3299 3.62969 3.1498 -136.539 5.58151 -75.6726
-15.4311 5.11444 -3.45087 -146.659 -26.5225 77.0837
-13.7715 -7.50486 1.31128 17.7836 -176.849 -1.35381
-14.3431 -8.01231 2.0684 -40.1741 -152.681 -49.7832
-13.9189 -9.56073 3.13028 -0.802247 -174.075 -80.7062
-13.6727 -3.00204 -1.50083 22.732 -197.435 33.2545
-15.5468 0.423495 3.36089 -166.304 -47.811 -14.7145
-15.1241 -1.40744 0.467362 -124.341 -91.5792 -11.2427
-12.0106 -0.35811 -1.92737 178.285 -177.567 41.4118
-14.5997 -19.8504 14.7158 -80.7246 -290.06 97.1334
-14.9151 -8.60225 -0.2217 -113.805 -95.5215 -9.16466
-15.208 5.6862 3.48605 -142.927 1.13034 -30.0463
-15.4666 3.22171 -1.98511 -170.09 -174.857 108.462
-14.6182 -1.67037 3.77233 -87.1443 -122.797 -88.6915
-13.4453 -3.12178 2.54206 27.4854 -185.561 -60.2999
-15.1895 6.07218 3.58065 -147.239 -49.6116 -85.6898
-13.7851 -10.3049 1.50843 -8.57937 -178.089 -10.8797
-14.176 -2.06295 -1.63228 -49.1951 -161.692 45.306
-13.856 -3.24167 2.8601 -18.6834 -174.91 -46.1884
-15.0882 9.32448 0.175239 -146.062 50.8612 -7.16138
-14.3713 -4.2701 1.10022 -75.6668 -127.792 -17.3429
-13.7546 -2.84391 2.67565 -18.8454 -165.446 -135.325
-14.2958 -7.78246 -0.72408 -73.1633 -134.355 20.5405
-13.8426 -3.66218 -7.80627 -30.5636 -160.463 116.525
-13.8048 -4.73874 -1.22515 -27.0624 -160.1 31.6048
-15.064 7.37772 -2.57809 -154.479 -101.18 65.1986
-15.0411 9.89299 0.940526 -155.015 43.511 -18.6883
-14.5736 4.40193 -0.987233 -112.658 -134.15 29.6851
-14.2527 -6.38891 4.09094 -81.2061 -315.033 30.9449
-14.35 -0.170926 -3.08233 -92.8743 -106.603 74.022
-14.5638 0.684518 6.149 -114.859 -82.9451 -148.898
-13.608 -8.29819 -0.0964325 -21.1291 -159.731 -2.9805
-13.6997 -6.72014 -2.87837 -32.068 -161.701 64.8669
-12.4738 -8.50621 -2.42419 89.0288 -169.984 58.1834
-14.9648 13.3136 0.710178 -158.583 35.8182 -26.486
-14.7842 7.42741 0.923621 -141.5 12.0886 -73.3455
-14.4585 13.6736 0.197361 -111.027 82.9994 -96.8274
-13.8961 -10.6964 -1.07707 -55.1721 -152.971 31.7278
-14.4923 -3.54663 -5.56726 -115.2 -71.2048 120.21
-14.4575 6.73638 -3.1611 -116.459 -39.9951 107.146
-14.3642 4.89545 -0.858202 -110.609 -145.083 26.593
-14.7939 9.09767 0.144915 -154.039 22.8997 2.35808
-14.5249 2.56503 3.14038 -127.836 -92.6263 -65.6689
-14.7825 8.14973 -0.151489 -155.465 -10.1029 -26.4623
-14.1455 1.07313 -3.93205 -93.5908 -134.361 93.6706
-14.5982 5.46652 -3.5196 -139.805 -2.23967 54.9578
-14.6806 8.72711 2.90501 -149.599 28.158 -61.6279
-14.4596 2.41358 4.43469 -127.789 -25.6595 -104.254
-14.2749 -0.725999 -6.64371 -111.921 -61.2934 132.334
-14.1507 3.03957 -5.07087 -101.942 -101.139 123.923
-13.7958 -5.30986 -0.727999 -67.5421 -127.398 12.9557
-13.5318 -5.68891 1.02232 -42.0452 -144.842 -20.3501
-14.0289 -5.48804 6.3014 -91.9749 -104.244 -137.599
-14.7646 9.48138 -2.03136 -166.188 -24.3407 38.0938
-14.3648 4.21644 -2.26437 -127.855 -67.5404 50.8574
-14.1467 -6.83654 2.26118 -108.386 -83.6423 -43.6748
-14.3678 6.33852 0.0627497 -132.682 -5.33751 25.9173
-13.0603 -4.66049 -5.0207 -3.6244 -170.099 114.688
-13.1408 3.65683 -3.77634 -23.7132 -209.096 86.3933
-14.1271 3.00857 3.58575 -125.38 -65.5293 -67.6828
-14.1415 -7.65809 -0.00878536 -130.605 -76.022 5.52638
-13.9612 -0.777547 3.4782 -113.805 -96.7435 -77.0774
-14.3514 3.439 1.88217 -154.141 -46.7221 -17.0328
-13.7036 5.59259 -0.56637 -90.4717 -158.686 19.2987
-14.1963 7.71671 1.80255 -141.187 -113.648 -36.592
-14.2221 -2.30171 -2.58935 -145.204 14.7729 -16.0292
-13.3815 -10.7634 -1.12947 -62.285 -140.237 20.3806
-14.2288 8.69577 0.00445547 -148.224 -125.724 -9.48059
-13.9685 3.44285 3.70476 -123.456 -50.5163 -87.3001
-14.3711 10.0938 3.08575 -164.318 7.85554 23.7406
-14.2641 10.6364 -0.542651 -157.604 36.8228 -0.722993
-14.0728 6.0437 1.82264 -138.964 -75.6158 -37.1127
-13.732 -4.87153 5.82031 -106.25 -70.3617 -137.458
-13.9411 3.83607 -4.14095 -127.101 -6.78126 93.3631
-13.5217 2.67903 -6.79131 -85.749 -132.432 137.87
-11.5331 -2.83756 5.80576 104.594 -163.674 -147.254
-14.037 8.99818 1.76143 -145.404 27.7161 -60.9494
-13.9645 6.11173 0.326917 -138.732 -57.2501 -10.1498
-12.8605 -8.23648 -3.32216 -29.9639 -152.292 71.8365
-12.4876 -4.69349 -4.8954 2.34114 -151.869 111.885
-13.4863 -11.2549 -1.25707 -97.0346 -120.942 33.6787
-12.447 3.42209 -4.45969 6.05377 -201.049 101.46
-12.2239 -20.345 -4.09634 24.7008 -122.731 6.75912
-13.254 1.29593 -6.01532 -78.914 33.0854 -18.5783
-14.0184 8.7249 1.02388 -155.407 -17.6063 -32.1507
-13.7193 4.12884 -6.60703 -127.746 -72.1936 149.919
-12.7115 -5.57387 -6.21218 -38.0125 -143.715 137.371
-13.447 4.88493 0.588991 -115.784 -143.689 -7.15765
-13.1243 -13.114 0.278922 -85.9004 -127.818 -9.98295
-13.5572 5.82526 -0.6239 -130.231 -111.538 11.3999
-11.5795 -2.60591 6.66498 64.0168 -158.419 -161.285
-13.8694 8.45474 -0.817382 -163.767 -43.054 37.1518
-13.6312 3.31864 -1.69776 -141.783 -108.401 38.7014
-13.862 6.41717 -1.66741 -168.104 -3.06721 -27.9551
-11.1955 -6.52735 -5.30851 93.9252 -152.447 124.609
-13.6438 7.92827 1.31354 -149.543 -15.5095 -14.2495
-12.2227 -2.42538 -5.22275 -9.02653 -158.856 138.153
-12.382 -7.95737 1.59696 -26.7857 -143.833 -41.8353
-13.6035 8.67476 1.65969 -149.167 0.565889 -40.9325
-13.1188 0.808722 -9.92818 -101.895 -91.1277 11.3372
-12.0674 -10.4671 3.5871 -6.12667 -160.849 -105.609
-11.0789 -10.8032 -1.10697 83.7268 -167.256 24.0882
-13.1802 8.55202 -2.47067 -126.676 52.5744 45.4424
-11.739 -12.9426 2.66249 14.582 -172.755 -58.998
-12.2693 6.21417 -0.617279 -38.1806 -227.685 16.3057
-13.4922 6.21806 4.07834 -159.856 -1.78737 -99.9471
-13.2804 8.09459 2.85746 -140.334 -125.449 -61.2579
-12.6938 5.93012 1.8894 -82.4069 -164.249 -38.0369
-13.4481 10.634 0.0450306 -158.102 -79.4326 -5.35961
-12.6082 5.2572 -0.818051 -74.8429 -181.121 25.9975
-11.5462 -6.48219 -0.226314 30.0262 -216.144 23.1277
-13.3543 8.41533 2.67512 -152.296 -55.1459 -44.0321
-12.829 6.86702 1.86246 -100.661 -187.52 -46.1695
-11.3416 -26.6331 8.64987 46.5273 -146.552 -41.1153
-11.9679 -11.3335 2.32802 -20.4735 -157.792 -77.4089
-12.9866 17.1244 6.33154 -122.964 12.6554 -42.8664
-12.6682 -10.9314 -1.50141 -96.2838 -110.077 39.1159
-12.5275 -7.81363 -5.18759 -84.3899 -99.3653 117.514
-13.2473 8.77052 -1.53377 -156.049 -87.7084 37.1235
-12.8785 5.88357 2.55405 -120.81 -108.848 -60.5627
-11.2881 -12.257 -2.97047 36.6341 -176.801 34.9784
-13.0995 2.19244 3.30483 -146.017 -97.2574 10.7586
-12.437 4.19847 7.47167 -84.4617 -123.877 -167.343
-12.9967 7.40806 3.03645 -141.948 -90.7637 -72.7767
-12.8006 10.0239 0.772729 -132.682 51.8691 -7.55548
-11.7802 1.79495 6.12203 -37.1325 -175.357 -143.716
-11.386 -9.39129 -1.61099 1.75821 -151.894 49.1822
-13.0366 18.6605 0.426852 -167.486 -54.7074 -13.9223
-12.8609 9.36915 -2.96505 -151.171 -100.106 43.7205
-13.1037 11.0014 -2.10994 -176.193 -59.9458 35.2778
-12.9494 10.7602 -0.204078 -166.679 -31.39 14.9423
-10.625 -9.09696 -3.41974 64.14 -162.122 51.8261
-12.94 11.0889 -3.13346 -167.455 -3.7869 75.415
-12.7766 10.6265 1.66187 -156.303 16.3127 -50.791
-12.6575 7.66233 -1.73463 -144.942 -68.2233 41.6878
-11.44 -7.99081 -6.59569 -27.2864 -128.147 142.733
-12.5173 12.5862 -0.00440926 -134.601 78.2684 -3.93933
-10.4426 -12.285 -1.26063 70.8425 -167.666 39.5574
-12.8562 -2.01369 0.447369 -171.717 9.46219 0.647794
-11.6491 -9.45124 5.92435 -53.645 -124.88 -131.341
-12.3735 10.3206 1.51502 -126.548 -32.4483 -65.4748
-12.1924 8.6537 4.09344 -113.528 62.6063 -100.902
-11.6654 -11.3803 2.25217 -69.282 -123.232 -6.22891
-12.6219 10.3153 1.86975 -167.788 -38.3267 -30.582
-12.0414 6.60658 6.55105 -126.625 -79.0345 -153.941
-12.2763 11.3139 4.86867 -155.644 29.1649 -102.128
-11.3403 -9.59697 1.63443 -62.7878 -118.309 -42.8871
-11.9428 3.05429 4.53535 -124.381 39.4377 -63.2748
-10.2584 -13.796 -1.18383 35.7746 -167.911 25.6093
-10.0374 -35.2435 6.65992 56.4743 -119.13 -98.4157
-11.8397 10.7431 4.33352 -130.317 55.7596 -60.3604
-12.0496 9.62105 -2.5688 -155.207 -91.3245 76.3218
-11.149 -4.15241 -7.16262 -67.1842 -84.404 172.313
-9.86839 -9.09162 -5.14012 54.019 -147.084 92.7708
-11.3856 1.41431 7.4131 -99.7607 -9.00478 -172.875
-10.7712 -10.1669 -2.33115 -39.1604 -131.451 75.1427
-11.9038 9.49679 -4.17256 -153.88 -19.4117 106.014
-10.1068 -17.6566 -6.87599 22.2177 -161.381 -31.7549
-11.7982 13.2782 -3.17402 -148.891 60.1882 69.4694
-11.7028 -5.14354 0.127082 -139.733 27.7361 -66.5658
-11.6736 7.54602 2.7963 -137.631 -68.5715 -87.3941
-11.5457 9.56381 3.0375 -135.702 25.6187 35.4703
-12.0769 18.1638 -0.525902 -190.473 -135.868 1.11923
-10.4714 -10.9202 0.166464 -33.3625 -136.634 -25.6432
-8.99756 -10.5063 -5.76986 112.767 -139.402 126.528
-8.76696 -25.2323 8.13014 133.612 -91.8264 -25.3516
-10.4134 -10.9969 1.31623 -33.733 -132.963 -17.9434
-11.3738 1.30253 -4.44197 -130.324 -70.8334 -84.0184
-9.61104 1.51722 -6.46603 43.5197 -200.266 -12.388
-9.91341 -13.7249 -8.78206 12.1219 -163.47 -0.575501
-11.6145 9.79087 1.76515 -157.034 -63.0445 -48.3629
-8.93571 -12.7395 0.00482512 105.319 -151.587 -17.2451
-10.843 -1.68521 -9.05703 -84.8298 -48.3332 211.797
-9.1869 -8.42685 -4.73375 75.7514 -219.578 95.8513
-10.4262 -8.39506 -7.33932 -47.447 -112.65 175.132
-9.74878 -4.90094 3.8507 9.20244 -218.922 -42.6539
-11.2146 10.4571 -0.131744 -137.684 27.8081 -19.1529
-10.7483 7.86049 1.14071 -97.6279 -206.807 -21.1548
-11.3415 9.77785 -4.80558 -157.513 -74.7018 125.853
-8.25646 -12.619 1.28928 147.985 -130.549 -42.0247
-11.2024 10.3342 -5.06321 -148.777 -7.02606 110.379
-9.26575 -21.3121 8.54509 42.3305 -189.173 85.1243
-9.50596 -18.552 -1.57954 12.8279 -136.208 3.27729
-8.95857 -17.4952 -6.42028 64.5746 -73.9173 132.993
-10.7882 13.8679 9.82324 -117.431 -127.393 -233.61
-9.43597 -11.7656 -2.39918 12.0478 -150.676 24.5031
-11.0452 10.001 3.00911 -150.278 -11.662 -67.179
-11.0902 9.92624 -3.11805 -156.065 -71.2145 64.9288
-7.71623 -12.4239 2.52822 168.588 -101.006 -68.4328
-7.45195 -10.6133 5.32722 185.222 -84.1291 -119.793
-8.92 -12.508 2.11363 38.7314 -154.197 -38.7575
-8.3835 -11.9933 0.908868 89.6606 -140.568 -28.7625
-8.60495 -13.2509 -2.09645 63.8773 -120.914 47.9266
-11.023 12.2144 -0.795769 -179.908 -30.3152 6.57378
-10.9429 11.7954 3.43368 -172.157 -42.641 -76.8895
-10.5598 -2.61212 -3.87157 -135.663 -178.697 33.7192
-9.70958 -11.7029 -1.71867 -53.642 -122.244 17.7948
-9.15934 -11.8768 -3.28245 -1.79138 -116.209 78.7505
-10.7008 9.92354 -1.15798 -155.168 -54.908 24.6355
-7.56899 -12.2007 -3.35407 152.001 -127.282 92.3482
-8.81206 -12.3007 1.88021 24.4949 -148.885 -45.1346
-10.4282 7.45634 -4.95337 -136.622 -78.3945 116.003
-9.71024 -0.991218 4.06161 -66.897 -190.844 10.5428
-8.59817 -14.5239 0.995843 42.7975 -157.158 -22.428
-10.4305 13.2621 -2.04789 -141.959 63.1877 81.387
-8.9447 -14.9971 0.678904 -15.4685 -157.791 -28.3724
-7.87119 -1.72773 1.22703 88.6176 10.6466 159.267
-10.3983 9.54082 -0.308979 -174.074 -12.5714 -12.1944
-10.0652 11.3799 -0.649229 -144.925 21.0818 52.3887
-10.1531 10.3764 3.29303 -154.018 -29.5141 -73.8565
-8.85936 -12.5519 4.38387 -26.0882 -139.981 -108.943
-10.1897 11.6277 3.22028 -163.787 -4.68443 -64.9307
-8.79358 -12.4352 0.728744 -26.6544 -134.988 -14.5031
-8.92952 -6.16919 8.71068 -48.3774 -88.938 -202.977
-6.89587 -14.1642 3.01327 147.951 -124.145 -81.2784
-6.84467 -13.5653 -1.92646 147.067 -126.483 33.3825
-6.62975 -18.5994 -0.945942 161.314 -61.8573 -27.9174
-6.16557 -15.5494 2.02939 207.04 -170.014 -52.2218
-9.67719 13.6469 -3.96021 -144.619 56.1651 83.2222
-8.36762 -11.1161 3.88531 -15.2209 -131.782 -96.6838
-9.56731 14.5362 4.27826 -135.496 84.7348 -67.0967
-9.30769 11.5855 -3.54315 -115.311 65.6723 74.4357
-6.68065 -11.1962 3.90456 145.334 -101.509 -99.5883
-9.89938 12.8426 -3.64385 -176.186 -28.0247 78.0917
-7.50634 -6.99659 -3.19717 44.7655 -216.84 89.1822
-6.26486 -11.8582 0.532384 160.565 -192.636 1.82739
-9.61848 11.7233 0.132808 -175.799 -55.6068 -0.629947
-7.29877 -14.6177 4.56334 48.9223 -133.063 -71.5775
-7.64287 -15.1106 3.06719 11.0273 -159.582 -89.1601
-9.09253 9.62351 5.04697 -140.531 -23.0607 -122.744
-9.00226 15.5772 -1.92032 -136.496 94.1949 -5.10518
-8.84842 12.7445 -4.49649 -122.306 122.2 37.656
-6.16105 -26.7184 2.66739 136.616 -325.136 137.732
-7.1626 -13.0586 3.57398 25.8587 -139.362 -83.0324
-6.84669 -6.32809 -10.9728 55.7322 -106.828 -21.887
-9.05223 13.0097 0.975411 -163.378 -1.8347 -14.2179
-7.71832 -10.9153 -3.87869 -35.2935 -141.986 91.4309
-6.85703 -13.139 0.925681 47.9852 -139.401 -29.6199
-6.97467 -13.439 -0.387955 35.7547 -108.829 -81.618
-8.81031 15.33 -0.465866 -147.927 68.8846 35.3413
-9.04814 12.2967 -3.79206 -172.446 -25.2451 66.4552
-9.0997 16.4435 -12.2825 -178.2 -214.934 257.212
-8.41798 19.1261 -0.504093 -112.157 -30.5459 5.86564
-6.19311 -10.706 5.90522 107.347 -104.993 -146.886
-5.83492 -2.87466 -7.17701 142.111 96.6512 -36.5365
-8.30026 16.5177 1.15561 -109.992 120.548 -14.0195
-8.57753 12.856 0.0441402 -140.006 44.12 -8.80002
-6.16807 -13.1523 -1.60461 98.2185 -132.04 24.5791
-8.65144 12.8369 0.481232 -163.84 0.278673 -21.7299
-8.22286 14.039 -5.07754 -133.361 74.1392 98.8643
-5.80932 -15.7444 0.570419 105.288 -150.497 5.25824
-8.51126 15.1426 2.45815 -166.633 44.875 -21.0894
-6.21763 -14.7924 0.85271 57.0735 -148.656 -9.42918
-8.613 12.5207 -0.925804 -185.18 -81.5978 23.7949
-6.83 -13.3165 4.26702 -15.294 -188.883 -56.3001
-8.09684 10.2985 -5.2446 -142.63 -59.6638 123.454
-5.02716 -15.1757 2.91827 157.737 -108.917 -50.9505
-4.69146 -10.3292 2.4552 187.65 179.388 -48.7007
-7.76575 10.1664 4.25998 -121.713 92.2673 -58.7641
-7.63689 9.9406 4.86013 -113.372 -177.24 -114.148
-6.39165 -12.7718 0.599324 10.2587 25.1944 -160.934
-6.83355 -14.1385 3.6766 -40.1744 -130.249 -69.6604
-8.11203 22.179 -1.29264 -168.799 -35.8348 10.1686
-5.79742 -2.54252 -2.42617 58.032 -17.7386 -172.355
-4.88564 -11.7107 6.99908 144.822 -81.8358 -149.308
-6.14871 -16.2773 1.04282 9.2991 -155.986 -33.9793
-5.61753 8.34097 -2.1412 48.8104 -157.65 14.4968
-7.87607 13.9566 -1.15213 -176.31 1.93655 42.8575
-7.51017 19.1511 4.67973 -149.328 -5.54202 -146.514
-6.02585 -13.6864 -1.51493 -3.65071 -134.892 34.7851
-6.9039 10.4995 3.51329 -111.775 95.1003 130.48
-7.17695 13.489 5.52167 -139.355 48.226 -100.494
-5.34216 -16.8893 -3.54212 38.2963 -159.889 48.1582
-4.70066 -17.0432 -0.279938 94.726 -150.125 -7.38932
-3.81973 -13.7764 -0.49992 181.098 -73.7073 29.7444
-5.78653 -11.9558 -7.18189 -19.421 -172.498 221.304
-6.37594 13.9953 -1.1968 -92.8381 88.4965 41.4915
-4.8022 -14.1782 3.41935 62.5523 -147.816 -92.8915
-4.93707 -14.0605 -4.33234 43.162 -133.479 72.1016
-3.83658 -13.6244 4.35946 150.056 -84.9943 -124.965
-4.9757 -15.6856 1.61279 27.0652 -136.683 -26.676
-4.14855 -9.6538 -2.32602 101.679 -210.168 22.4066
-6.37607 11.8448 8.20977 -120.585 48.7709 -171.367
-6.83311 -2.82937 5.86895 -167.942 -4.64165 -61.8386
-2.76714 -15.8472 3.73386 234.829 -174.135 38.1388
-6.10726 15.2754 1.91737 -102.564 106.028 -2.10971
-6.49265 11.6744 0.00871732 -155.918 -152.643 -5.58996
-3.53266 -12.2761 5.9595 130.761 -90.1577 -118.632
-3.80512 -15.9054 1.5467 102.985 -132.228 -49.5978
-4.67903 -4.38077 10.1903 14.8103 -176.321 -52.0956
-5.95682 10.9056 7.09578 -112.4 74.4156 95.6499
-6.06816 16.436 2.01409 -124.803 78.7696 -22.8927
-2.85634 -14.3978 -2.56096 191.122 -60.0595 60.834
-3.9816 -17.8419 0.386758 77.5399 -150.968 -23.3271
-5.62421 15.4879 0.710826 -87.6092 113.943 -1.42611
-6.24105 5.63904 3.59991 -150.847 81.1793 92.3301
-4.52884 -17.8684 -0.674098 15.4533 -163.106 -19.8358
-6.43785 13.5003 5.30655 -177.98 -16.1659 -108.108
-2.87722 -13.9039 2.74889 172.448 -70.8683 -79.5629
-3.83129 -15.2888 2.79082 76.1509 -130.761 -76.9594
-5.02498 3.77858 10.2452 -45.3547 133.87 -5.23877
-4.39543 -14.8852 1.41494 16.7318 -136.062 -22.6659
-5.26806 14.7899 2.26423 -70.9628 113.238 -42.1847
-3.73966 -15.9459 2.71075 73.3432 -142.037 -75.78
-6.0153 13.1276 2.38251 -161.083 8.83776 -54.0712
-4.02398 -17.1744 -2.96293 36.5823 -156.34 52.6468
-6.22405 14.0499 0.21548 -184.858 71.0044 16.4696
-4.18089 -15.1851 2.0182 8.20967 -147.824 -36.3852
-3.50374 -15.0715 5.17158 68.7187 -129.946 -131.933
-3.46682 -14.0315 -5.06688 68.7463 -119.842 105.993
-5.75623 13.3426 -0.533087 -162.135 12.2982 41.4407
-5.43831 10.8864 -8.30888 -143.014 -10.433 162.823
-3.83552 -15.012 0.0205561 13.4512 -138.589 -30.349
-2.72208 -15.1407 0.289437 104.884 -115.457 10.0911
-2.87849 -16.2928 0.237504 86.3423 -134.914 0.0101828
-4.5339 -8.68625 9.74788 -85.9256 -69.4816 74.3089
-5.56924 12.2892 1.28356 -192.029 106.933 -3.72596
-1.66911 -15.1591 -0.989122 193.019 -42.048 23.4007
-4.59042 13.8049 4.29502 -101.253 85.2141 -103.663
-5.20817 14.6304 0.520589 -171.532 13.2842 7.33622
-2.30976 -13.2803 4.92981 106.899 -100.947 -93.0321
-4.75216 10.4071 6.98212 -140.117 -23.0752 -164.04
-2.51571 -15.6087 1.1849 77.1196 -129.352 -22.1551
-2.89591 -15.3381 1.34844 38.9983 -139.364 -13.4918
-1.72371 -16.303 2.96703 154.63 -100.748 -59.0318
-1.84953 -14.9021 -2.35857 116.839 -105.56 56.2382
-5.00477 16.0206 -5.16991 -201.212 11.329 140.379
-3.7778 9.2829 8.55123 -87.9243 132.099 -84.3731
-3.77126 14.1159 -2.54043 -89.0436 96.1811 61.4192
-4.01943 17.5652 -10.8781 -120.07 80.6101 87.8617
-1.69396 -15.2252 3.33796 100.58 -116.61 -53.0389
-2.19575 -17.9307 -2.0541 36.0041 -157.584 32.9749
-3.5594 17.8724 -2.24838 -102.224 131.387 36.6421
-2.45336 -15.7424 3.36705 5.58412 -136.953 -92.3987
-1.98135 -15.7781 2.50468 41.2444 -136.666 -47.2794
-3.9732 14.8147 -0.996585 -157.369 79.0492 41.7608
-1.738 -17.1538 -3.10723 61.0894 -144.963 77.7737
-1.19306 -15.9816 -4.24861 108.288 -121.04 100.145
-4.11692 14.5517 -0.165223 -187.778 4.02725 23.5788
-3.36414 14.7499 -2.30572 -118.316 84.1277 66.9243
-1.21794 -13.6991 3.787 91.9565 -99.8077 -112.703
-0.183103 -16.2137 -1.73809 193.641 -54.2802 17.2762
-3.76946 11.0892 2.73766 -162.741 165.058 -62.9156
-3.57982 14.219 -1.03461 -147.679 54.5756 33.6727
-1.02066 -14.2438 3.08505 95.3394 -106.749 -69.8493
-2.36377 15.2716 -5.682 -38.6213 101.135 139.74
-3.9954 14.5997 1.24668 -201.521 -31.8363 -27.7963
-3.35172 13.3406 -6.59004 -138.038 50.0763 161.669
-3.89522 13.6011 3.92913 -195.219 -66.3114 -93.6892
-1.52665 -16.8751 -2.43335 30.3938 -146.279 67.7984
-2.22363 16.952 2.45131 -57.0337 136.557 -47.1655
-3.23381 19.8329 -1.10693 -172.077 -51.2651 34.4281
-0.387055 -12.9524 -8.14246 110.559 -77.1842 173.242
0.087499 -13.6061 -6.33361 147.889 -62.8022 143.254
0.555572 -13.9701 -2.22456 190.567 -12.9971 54.3383
-1.15389 -16.604 -0.783901 13.0526 -143.1 4.7168
-2.44476 17.8296 -0.0870275 -117.312 123.532 -10.9817
-2.80972 11.923 -6.53772 -155.86 15.2639 119.623
-2.17987 14.9102 3.2296 -95.6186 105.309 -85.6925
-0.0292848 -16.0375 0.628568 115.241 -114.179 7.91148
0.521828 -20.9437 0.471904 154.373 67.6802 -6.31441
-2.58371 16.7064 1.12145 -155.417 80.1142 -11.112
-0.625082 -17.5969 2.45335 35.9153 -150.133 -50.805
-2.86075 14.2847 -2.54334 -196.403 -14.4316 77.2119
-2.39619 13.186 5.21094 -150.952 38.323 -111.948
0.963045 -15.3394 0.934429 182.55 -41.3245 -14.2766
1.01019 -21.3806 -10.3943 186.04 13.1098 182.735
-1.14417 16.4513 -2.46603 -29.4851 141.121 55.3326
0.671468 -9.86299 6.58008 149.736 -201.262 -152.445
0.989784 -12.6917 -4.72087 176.705 -84.726 370.02
-0.99903 17.4674 -3.66722 -36.233 149.183 83.037
0.524086 -11.6085 -7.96273 113.154 52.8523 -55.3611
-2.39739 14.0491 1.31677 -192.117 1.2612 -66.0711
0.264547 -13.1516 4.7422 67.2686 -112.137 70.9423
-1.37649 9.14712 -0.115404 -97.1872 -133.458 -48.8505
0.618024 -2.44843 -6.8688 98.8953 -80.442 -128.935
-1.90037 16.7593 -0.641851 -151.759 94.4897 -2.35028
-1.61385 17.1392 -2.09071 -127.965 113.038 36.0514
0.235768 -18.0665 2.0142 45.8751 -153.219 -26.0029
-0.370664 15.7356 -0.137704 -15.8499 135.367 20.212
1.05945 -15.0853 -4.11872 117.704 -98.422 97.1134
1.96186 -14.206 -0.64663 201.991 -3.00142 -5.01095
-0.982615 17.9407 -1.27767 -90.763 138.022 39.6135
0.50089 -23.2185 0.359824 54.0358 -69.1357 -5.50835
-0.0432182 -17.5066 -1.33926 -3.11977 -102.734 63.7367
-1.17734 26.7816 7.65142 -120.978 -44.7224 -97.4433
-1.40799 15.709 -0.461479 -148.766 83.3311 -5.26103
-1.32298 18.4927 4.31014 -153.081 85.0252 36.3818
1.27193 -16.1051 0.373707 103.379 -50.1423 -49.1032
-1.21104 12.8783 -3.66485 -154.107 138.553 87.9571
-0.835005 14.67 -1.07889 -120.214 90.96 15.1598
1.71502 -13.6484 -7.36856 129.199 -67.1815 150.124
0.614113 -15.6151 1.39592 19.6952 -132.995 -6.14853
1.2347 -14.7643 -3.54366 78.5017 -111.984 103.046
-0.00779026 23.3413 1.74376 -48.5248 381.241 18.3912
-0.949395 15.6426 -3.71999 -155.507 75.3135 70.5245
0.513003 0.0839747 0 -11.8776 0.725387 0
2.30295 -16.5155 -0.979369 159.133 -65.8421 20.1306
0.291155 15.417 -5.16861 -58.8924 129.398 118.026
-0.910064 8.71489 -7.59864 -183.285 54.2857 26.2933
-0.728358 15.1479 -7.52761 -168.945 105.331 169.676
2.30539 -16.1078 4.59099 131.584 -97.9564 -105.697
-0.310979 15.0945 3.60262 -132.538 81.1487 -94.5491
-0.145658 16.2522 -1.15341 -126.74 37.3573 -80.6708
-0.426778 15.3401 0.965529 -164.631 74.98 -37.6981
-0.573801 16.776 1.5839 -179.239 73.3641 -33.8334
1.94729 -15.2712 -3.99174 66.6758 -120.05 114.337
1.42481 -17.0731 -0.538263 11.5619 -88.5956 24.3673
2.08731 -7.19184 -9.1709 76.9634 118.939 218.688
2.16472 -17.8164 -0.137097 79.8826 -141.91 -4.05781
0.439374 13.7909 -6.10573 -99.4153 95.1783 130.775
0.89286 17.9191 2.77217 -71.1127 148.143 -30.5776
1.6841 16.1866 0.431938 3.47142 35.5512 2.83728
3.79717 -15.9907 0.526299 197.771 -13.0235 -35.2589
0.374445 15.3665 -3.86827 -151.66 85.1866 78.8768
1.2177 14.9939 2.95756 -70.2363 122.136 -40.4648
3.14467 -16.0916 0.52763 113.887 -102.749 -11.6122
0.575175 13.6887 3.93749 -143.674 67.9784 -102.048
1.40629 15.8891 3.276 -77.1035 129.324 -46.1715
0.515259 16.8005 -1.05145 -165.961 86.0361 12.8337
0.25094 17.9847 2.07436 -196.137 37.5772 -46.4417
0.939911 28.6398 3.89303 -135.333 283.328 127.755
0.901152 3.65047 -4.56678 -141.404 173.574 17.7556
4.23921 -13.5342 3.45274 187.757 33.6738 -55.6436
3.38573 -14.8743 -1.47805 97.3595 -98.5474 30.2493
1.37761 15.675 -1.09169 -103.292 120.374 1.96009
4.30055 -16.2139 -1.23767 175.673 -51.2854 44.9078
2.5562 16.6276 0.216464 2.07799 144.618 11.3507
0.795181 13.8111 -4.08159 -178.101 26.6495 105.521
3.49528 -18.2752 -7.67269 82.3987 -135.171 15.8902
4.14215 -15.7353 1.5457 145.435 -60.5276 -14.9948
3.54266 -13.3942 -2.20814 85.1585 -115.761 52.1927
3.25802 -1.73839 10.6442 54.1122 108.951 71.0882
3.47981 -15.8504 3.64117 72.2116 -128.653 -3.22722
3.61266 -14.2592 -5.24977 83.2216 -156.835 134.913
1.47577 16.004 -0.25218 -129.264 118.537 3.65241
2.98991 15.9222 2.34846 10.3062 140.722 -68.3198
3.3135 -15.6725 5.95314 40.1264 -132.297 -114.922
3.75636 -17.2645 0.765099 82.5426 -133.833 -15.6259
2.6456 15.3986 -1.82141 -33.1749 132.267 31.1087
1.94102 14.3913 0.86481 -104.645 163.46 -13.592
3.72252 -16.0359 -5.0905 72.1117 -126.98 119.811
4.96401 -13.9294 2.0757 191.197 24.4425 -113.222
2.64454 15.7488 -3.00082 -41.1236 140.456 50.0251
4.29354 -14.0837 0.685417 122.157 -73.4768 -41.4819
1.59907 22.9387 -1.41034 -149.521 392.428 108.278
1.74209 11.9802 7.88347 -146.842 87.6472 -114.826
1.85152 14.8924 1.50244 -137.458 94.5118 -46.0118
4.40538 -13.7258 -4.03892 115.872 -75.0984 68.3282
1.62129 14.1259 -1.54987 -165.028 66.1092 26.3571
2.8654 12.9011 5.12806 -49.8333 116.05 -134.704
4.41312 -11.002 6.62932 103.626 -85.5854 35.6056
4.93901 -13.7596 1.1895 155.05 -42.8363 -49.2989
4.70909 -13.8261 -2.44093 126.197 -68.9188 59.7907
5.3706 -14.1786 4.76508 190.889 19.9052 -83.536
4.85725 -15.7457 -2.79482 136.737 -84.8255 35.9021
5.30872 -15.5697 1.1455 181.108 -9.62852 -27.1198
4.78106 -8.81651 -8.65613 124.235 47.265 196.094
4.56965 -14.3538 2.87272 96.8577 -97.8845 -77.4039
2.78678 16.2813 -1.2363 -81.7521 136.636 36.4196
2.58097 14.4864 1.51289 -112.676 102.886 -27.7902
5.23017 -17.1605 -0.0168383 149.631 -79.2621 23.7147
3.34235 17.2749 1.27168 -45.5177 154.781 -41.9986
5.10202 -16.5078 2.18793 129.052 -96.2041 -41.7784
4.94183 -13.7721 -5.85341 111.515 -78.8625 154.99
4.13579 -8.45062 -4.15669 27.9631 77.4429 -59.9599
3.59692 12.127 4.18897 -33.3421 159.12 -81.7386
5.36832 -15.8192 2.60406 128.646 -89.8722 -89.5311
2.56379 10.0306 7.47409 -150.603 114.292 6.29265
3.2646 16.9091 3.60136 -93.5075 142.742 -75.2737
4.78632 -18.7996 -3.24924 57.0863 -65.0908 31.9489
4.93923 6.37045 1.55395 63.2071 -102.211 -100.516
2.61171 13.6757 3.16825 -175.405 36.5549 -80.3518
6.02503 -13.1555 1.50185 161.987 -0.371087 29.3923
3.79572 14.9582 2.99363 -60.648 127.763 -80.0417
4.46841 19.1087 0.17837 0.81094 101.493 10.3118
5.16005 -9.76271 2.47763 61.7506 -183.67 -44.0469
5.87328 -16.3912 1.62522 131.613 -103.061 -68.5623
4.43374 17.8321 -1.72306 -12.7288 163.073 24.1259
6.02055 -13.1961 1.29904 144.205 -62.766 -92.5358
3.84982 16.049 1.32915 -75.5146 141.001 -39.4878
5.42661 -16.5109 -2.03161 77.3999 -129.441 42.449
5.61038 -10.4332 2.14337 93.6145 221.801 -47.5594
4.24487 14.8542 -4.2312 -43.0952 133.156 112.705
4.79224 15.6304 -9.59857 7.27004 148.002 -5.39
6.38613 -15.3488 -0.913336 159.22 -56.5846 -3.65464
3.24224 13.3648 -3.39834 -156.688 69.6438 68.9955
4.10547 19.3383 -2.4158 -72.3504 90.7208 38.8397
4.04266 15.7125 3.66206 -80.3415 135.172 -93.2704
6.17865 -18.306 -3.13554 130.347 35.501 46.1989
6.64589 -12.7031 -3.53152 176.508 73.5196 75.6876
4.81333 12.5724 5.28798 -13.58 122.606 -126.665
6.16182 -14.8772 1.80843 119.391 -88.9559 -38.2216
3.95193 12.1718 -1.86797 -106.671 172.853 50.4416
4.91921 15.2738 1.29707 -22.875 144.985 -20.7848
4.45042 14.3869 -1.14232 -72.9196 189.674 14.6028
6.99495 -12.5657 -1.13422 179.298 63.0795 19.9825
4.43473 17.8563 -4.76714 -75.3164 183.24 -240.275
6.92744 -13.787 -0.96976 166.462 -9.86894 40.4878
4.4736 13.9153 -2.10045 -85.7693 125.2 31.4013
6.70559 -13.3765 5.18162 135.5 -48.3476 -118.242
7.00144 -0.792457 -5.20315 156.741 -105.659 1.64729
5.47264 10.9343 12.4444 -1.28834 99.8741 -1.68167
7.1313 -15.4969 1.72237 154.913 -70.5214 -65.7248
6.48806 -14.2445 2.17753 90.2129 -103.777 -78.2098
5.44867 18.6643 0.34911 -24.8383 122.233 4.46006
7.58696 -14.8234 1.10252 179.382 -5.3393 -21.6071
7.41855 -13.5032 -1.638 148.83 -42.4453 48.9038
7.47667 -10.6954 1.90171 152.401 143.869 -25.3754
4.20762 13.8364 0.324433 -180.743 66.6358 -17.4004
7.20914 5.45524 -0.879006 112.664 -99.6886 92.2973
6.84206 -13.4522 -3.08686 74.4926 -108.552 44.547
6.46617 -3.8683 9.23049 32.8239 117.973 -220.258
4.39748 11.8611 -0.107163 -180.922 -15.5514 104.771
4.70468 14.4857 0.125158 -157.228 115.044 -4.41958
5.92697 16.4561 -1.95237 -39.509 154.307 55.1303
5.00582 17.2683 2.58695 -131.405 59.6002 -53.254
7.83662 -15.6929 -1.13356 148.904 -79.8312 -0.435012
4.78127 13.3975 -4.27713 -158.366 84.5842 105.548
5.65421 0.298573 -6.7548 -73.1111 -92.6649 -13.6673
8.25996 -12.855 2.34067 183.079 110.801 -53.7231
6.03135 13.7419 2.80941 -41.6266 245.204 -60.5139
5.46293 10.7619 -7.36692 -101.151 148.442 24.2766
5.36441 14.6631 2.92667 -111.927 122.475 -75.615
5.9621 14.4431 1.81754 -62.9866 146.292 -55.2423
5.59543 14.2469 -1.73931 -101.526 185.165 24.875
7.89607 -13.5436 -0.0276845 126.992 -63.5871 0.0316427
6.28596 14.5557 -1.82848 -34.8399 205.633 -41.1751
8.28922 -11.2321 3.04206 158.397 56.1189 -62.6055
8.02376 -13.9823 5.11273 131.464 -66.9349 -116.49
6.70673 12.7326 -5.41621 -7.39552 133.559 113.332
8.25431 -12.1701 -4.75396 143.331 -25.1501 96.5515
6.92132 10.2878 -7.22071 9.34504 112.513 155.008
7.40222 17.2783 1.99299 54.1876 157.6 59.7261
7.19107 2.14025 0.954912 29.1048 213.299 42.217
8.55538 -12.8713 2.48662 154.902 -25.931 -71.8395
6.32977 13.0529 -3.22227 -67.7071 129.719 82.6153
8.70578 -6.76435 6.228 166.864 -49.2884 -133.279
8.71076 -11.8134 -0.0493552 163.72 134.769 19.6717
9.00254 -12.7423 -2.85797 187.458 64.5523 75.0167
8.52452 -15.4369 -2.70311 136.507 -90.4952 35.6198
8.81253 -11.2702 5.27325 163.293 127.807 -95.5115
6.7298 18.7418 -1.46472 -45.7661 29.5562 29.7603
8.49746 4.68821 -3.24696 129.563 15.102 -114.723
6.51106 15.8747 -2.81478 -68.6604 158.209 50.7764
6.10316 5.84485 -2.23383 -112.79 -127.785 -26.0602
6.9175 15.8542 -1.39086 -35.1012 161.589 26.7944
7.84843 14.4358 -1.89873 52.6719 74.255 43.0758
8.65964 -15.6818 1.85303 127.18 -93.3079 -46.0008
9.28588 -14.5781 0.649349 186.63 33.7976 26.3576
8.95075 -11.3167 2.44801 149.884 -0.284341 -57.1636
7.47014 0.951283 4.28849 -2.09263 -113.718 37.4517
6.71039 13.4963 -2.46292 -86.1256 130.979 44.883
7.10447 14.561 -2.04305 -48.3734 153.727 42.2813
8.2025 6.02787 -4.34494 55.9097 -127.601 17.8415
8.03509 11.6673 4.38924 35.8579 131.408 42.8993
9.15909 -24.2735 10.1126 144.281 33.6881 -89.1647
8.5653 -15.3552 -1.09435 84.6427 -144.813 130.369
7.0155 29.9551 -1.5433 -74.6515 202.398 -89.0447
6.45549 12.5219 -5.75481 -133.295 116.291 117.597
8.22329 12.9799 1.65619 41.1238 182.657 -32.3614
9.48438 -11.499 3.27864 157.115 14.7096 -82.8411
9.60851 -11.2334 -2.96782 157.622 6.30105 61.7216
8.16573 26.898 -2.247 11.9962 395.545 -90.7701
8.7342 34.2111 -12.2252 63.6274 174.051 29.7871
9.44769 -11.2931 -0.631206 134.488 180.38 -6.87631
6.68641 11.2888 4.3173 -140.277 103.762 -114.022
7.17697 15.2784 -0.42436 -93.3163 109.563 -3.90071
7.74473 16.3289 -0.764724 -50.0234 168.484 12.1145
7.75162 14.8397 -0.772413 -54.295 94.785 11.5781
8.4562 14.4311 0.907629 13.7219 148.82 -48.524
9.8873 -12.636 3.74241 148.918 -36.6004 -101.787
8.72599 12.0223 -2.13309 27.5575 183.771 46.5074
7.35356 21.5085 9.14592 -109.865 97.3492 -53.2304
9.88883 -1.57101 4.20907 141.427 -59.909 50.4556
9.78711 -9.03739 -4.03864 129.922 135.676 88.2789
8.098 13.9418 -0.631649 -43.0448 162.818 -4.54063
8.20305 14.1102 2.07259 -39.0637 155.865 -27.3116
8.86075 6.93243 -6.12905 16.2838 157.892 36.9442
9.95195 -7.77797 8.55202 119.153 2.0963 -181.288
10.3804 -10.9854 -3.11869 159.202 21.7527 81.1348
8.4128 8.61095 7.55749 -36.5097 127.924 -186.34
10.2319 -13.0742 -0.594089 138.566 -64.5862 45.6641
10.4421 -10.8702 -1.33548 156.744 48.7734 49.9783
9.33809 6.74038 3.98513 41.9269 202.41 58.8665
8.957 12.3155 -2.54873 -0.553171 142.562 44.1648
10.6484 -12.5691 6.10228 166.506 139.465 -121.518
10.2952 -9.04038 0.649535 124.594 158.271 -0.0686714
9.93049 -9.25035 -1.70627 83.2264 210.957 -53.7041
10.5585 -9.94816 4.03931 145.434 3.35334 -84.8106
9.38235 15.929 0.712485 27.5703 159.408 -25.4536
10.341 -16.6529 -8.65347 120.514 -100.471 -4.96082
10.607 -9.10463 -2.672 143.638 73.7922 67.7293
11.0251 -12.2883 2.65485 171.482 -0.427583 -69.3189
9.89336 -2.76386 8.30865 58.5232 124.73 -188.527
8.37983 12.2898 1.64345 -92.5407 144.43 -42.4395
10.8883 -10.8574 0.663018 155.271 14.2329 -6.24861
9.21325 11.854 -4.47834 -12.1976 141.436 89.2513
9.76754 13.8072 -0.697203 40.7916 144.405 37.2233
8.8367 14.5353 3.95274 -53.7695 155.572 -68.9811
10.7898 -12.272 3.59466 134.778 -60.025 -21.0417
10.8116 -9.69028 1.90809 132.204 145.427 -49.7874
11.1187 -12.979 0.67546 162.593 -23.462 -24.3181
10.6668 -12.2097 -2.11058 115.487 -82.2332 68.8657
11.2517 -11.3719 0.61276 173.586 46.6262 -13.6414
9.82663 9.16191 -6.87404 31.6686 121.268 -28.4088
10.213 8.41761 -1.49351 69.8344 121.998 66.6298
8.37491 11.2934 2.197 -114.277 139.726 -17.5188
10.8275 -7.26579 7.30037 127.132 59.3851 -152.775
8.96659 7.5879 -6.88116 -58.7739 132.085 148.637
10.2496 6.86683 8.51588 68.1533 163.797 -212.373
9.20476 26.795 -10.7094 -41.3039 139.825 -10.814
11.1064 -8.59262 -3.13387 144.824 76.251 55.4106
11.4029 -13.0406 0.360197 170.277 -13.7776 66.3044
11.383 -10.5367 -2.58093 162.295 82.2558 81.3507
11.2407 -5.81776 -7.54176 140.893 5.76073 22.9574
8.45452 12.4732 2.18461 -138.206 131.565 -46.2394
9.81137 13.1776 -2.05239 -5.48621 153.308 31.6072
11.6028 -11.9817 0.124807 171.403 29.7463 14.6952
9.90194 14.8927 -2.50664 0.961577 160.844 68.7192
9.64602 6.49842 -4.68667 -26.9617 192.417 123.6
10.128 23.9131 0.427427 15.5437 444.299 57.9134
11.4459 -9.70004 0.70999 142.68 98.6649 -54.9422
10.7413 -6.4675 -4.51821 69.5678 183.716 -60.4958
11.462 -11.7114 2.25181 138.032 -54.32 -76.2045
11.3439 -8.03742 1.78969 123.171 151.982 -37.8701
10.277 9.45399 -4.80654 14.3862 136.018 97.7569
9.70124 9.87053 -5.74566 -44.9554 142.984 120.134
11.7092 -9.64306 -3.32991 153.356 93.7083 58.9901
9.53984 11.6915 -4.77892 -62.1669 154.813 78.1719
11.8163 -7.35517 0.238293 158.368 -0.484813 7.57466
10.8819 0.95341 -10.5916 65.5445 109.518 -85.4419
11.2247 -7.19881 3.19114 98.7897 170.332 -63.1336
10.1546 16.1826 3.14842 -11.442 36.3815 -74.722
9.9474 4.40947 -3.26389 -33.0662 308.766 89.9379
11.0314 13.3985 0.983682 70.5608 133.664 -35.4583
10.9796 -6.32172 4.99551 63.7336 188.795 -104.491
11.9886 -12.5472 -0.722721 158.134 39.6986 28.2604
11.8261 -9.01606 -0.1609 141.189 123.116 -2.36014
10.3888 3.50275 -8.08973 -10.1303 142.734 183.052
12.0793 -8.1145 2.10924 155.189 -69.4568 -41.7548
11.2881 -6.70293 -1.57487 71.7474 206.914 22.7226
10.562 1.40744 7.55548 -2.05214 145.565 -169.824
11.7931 -8.03431 0.938613 117.816 158.618 -10.3343
11.7859 -5.74881 4.94515 116.794 98.6528 -110.893
11.0898 12.7209 0.569413 46.5407 167.574 -62.8058
11.7897 -10.024 -3.84831 115.947 -67.8836 81.064
12.3318 -11.7026 0.0616413 168.159 6.84333 8.70986
12.1798 -9.03103 -4.58877 149.421 84.8154 124.8
8.87016 -7.27142 -0.709942 -184.173 190.328 16.7314
12.2579 -10.3552 -4.11841 152.261 -5.67602 112.78
12.2341 -9.02905 -4.7123 149.569 76.9377 90.6397
11.8412 -3.61347 -7.32586 107.874 49.8884 173.148
9.38565 19.7702 -4.19415 -137.981 91.4589 -35.2325
11.2105 -7.33898 3.56105 43.2491 218.786 -78.259
12.0113 -9.43194 -0.152289 121.679 -40.9177 -43.9835
11.775 -7.05296 0.634106 97.5034 171.987 -25.6266
12.0841 -6.33764 5.36333 127.365 85.1776 -120.373
11.5489 9.97001 -1.68533 72.1968 114.19 25.9153
12.3237 -17.1544 6.5763 148.74 -80.828 130.458
11.8754 -6.6005 3.22442 102.9 156.674 -63.329
11.5927 -6.5883 5.18045 74.3254 182.596 -119.041
11.7223 6.4284 2.99175 85.0627 139.099 -15.8556
12.4926 -10.2658 -1.77359 160.852 13.0317 41.6302
12.5639 -7.70799 12.2434 166.395 89.6377 205.945
11.867 8.25196 -3.34957 95.6029 81.0361 85.3556
11.0227 9.24104 1.82892 9.65961 144.491 -67.427
9.44191 10.1223 -2.28751 -150.635 138.013 59.8683
12.1173 -6.12399 5.05707 114.785 114.075 -105.559
12.5994 -13.2801 0.754906 159.869 -52.1841 -29.2056
12.2692 -5.78347 5.29916 126.344 81.2544 -138.235
11.6055 41.8653 -31.4996 59.6693 388.11 -296.429
11.1788 13.5365 2.97929 13.3503 159.773 -47.4855
11.8141 6.58616 -5.58239 75.7895 142.186 -49.6887
12.2917 -10.3046 1.69143 122.083 -67.6889 25.1115
9.4039 8.39588 -3.08282 -166.52 207.06 80.7341
12.465 -7.25117 -2.44915 134.669 45.9535 74.9112
12.5853 -6.94028 -3.73791 145.623 37.6972 9.58823
12.6926 -9.03036 -2.83661 154.618 79.8828 84.9666
11.2346 8.07047 -0.632401 8.65741 181.34 5.6792
10.1113 3.67674 7.33408 -103.603 141.759 -159.5
12.6215 -11.4624 3.81597 143.373 71.7808 -56.5763
12.7359 -8.293 2.2746 151.154 63.519 -33.4794
11.1677 12.0813 0.245546 -5.91327 159.525 14.2675
11.2503 8.46665 5.78231 -8.36081 147.285 -143.688
12.9461 -11.6779 3.29188 155.222 -33.4 -84.5872
11.2502 17.0666 -8.97887 -16.4409 104.743 168.68
12.6497 -11.5341 -3.49881 117.221 -90.2182 64.5774
12.3817 -4.86571 4.88493 89.3284 145.63 -112.111
13.0308 -9.60777 2.40587 150.209 -7.64651 -34.0918
12.9222 -13.0081 1.15991 139.271 -80.7947 -44.4225
10.5711 11.5033 1.50946 -94.9523 167.57 -47.1752
12.0513 9.00703 2.70724 51.7336 127.514 -75.4453
9.44639 5.73764 5.5196 -208.494 45.0508 -131.822
11.6372 3.20929 -2.15179 7.53213 208.91 36.7097
12.7511 -10.1575 1.92966 117.666 60.7548 -43.4365
12.4826 9.47023 -1.41507 85.3757 36.314 -40.4233
10.6872 7.48305 -4.90296 -93.1353 145.837 102.443
12.2894 7.94502 4.55033 64.4961 173.531 -102.865
12.962 -8.20376 -2.50684 130.862 -29.4913 78.6512
11.408 9.39908 -1.06243 -23.8483 198.455 42.6874
13.0344 -6.98681 -1.10904 133.429 117.32 23.4839
10.5892 12.4645 0.515923 -112.551 165.26 -28.3213
12.7531 -5.49868 2.21253 99.8329 156.424 -71.1333
13.4636 -10.5608 2.40903 166.644 19.0629 -36.1314
12.2776 -6.4634 -0.364588 46.9957 201.324 -1.70024
13.6764 -9.60335 0.244491 185.365 28.3512 20.8902
11.4916 13.4447 -0.961727 -32.4039 171.908 5.49478
12.8897 -2.38426 -4.80588 98.1707 106.21 120.421
12.4728 -0.595078 -5.47481 51.6267 147.742 122.105
13.5092 -8.48523 -0.771763 154.014 21.5181 39.4894
10.7662 9.43221 -1.00484 -121.621 13.941 -4.0319
12.7491 6.22808 -5.91265 72.8454 112.119 113.695
11.449 8.62327 -2.18089 -59.6527 157.486 66.7173
12.4527 10.9944 -1.35716 35.7253 80.3814 30.9531
13.0097 6.45655 -4.47282 82.7734 106.425 104.604
12.0674 4.63293 6.14692 -14.556 167.246 -138.647
12.6435 -0.366412 -7.40962 41.6677 -76.2513 -31.972
12.5176 8.72706 4.19998 28.0395 147.93 -108.979
13.6338 5.20721 -2.49711 133.708 117.758 54.3833
11.8579 10.1816 1.28396 -43.8023 165.423 -11.505
12.3652 6.27265 -2.48818 4.33166 260.081 277.279
13.0105 7.88023 -4.65522 67.9303 120.179 127.893
13.9981 -10.5456 -3.20186 164.914 0.0852186 74.748
13.8956 -10.5646 0.749337 153.453 -32.0222 -6.73199
13.5797 -7.25226 5.1953 121.65 -54.1132 -99.4338
14.069 -9.71144 -1.93037 169.252 50.6106 52.1519
11.7744 -6.81647 5.45084 -61.7088 97.7297 -69.1824
12.6163 11.8224 -0.866345 19.8602 165.061 3.33164
13.9294 -7.84897 -0.379276 149.811 84.2665 1.85542
13.5034 -4.28903 -2.68316 107.199 136.123 63.2287
13.5845 -4.41718 -4.83504 114.316 112.339 99.2649
13.4427 -2.87694 3.85343 98.7315 -95.5635 -66.9844
12.6699 6.91851 -3.49399 20.7127 84.9311 156.684
13.8245 -11.0755 1.24186 133.369 -76.6197 -29.3685
13.2624 8.41163 0.0601736 76.5729 119.74 19.5058
13.2159 -2.5488 -5.63466 71.0704 152.829 127.83
10.4337 7.58897 -2.72835 -212.493 9.46152 25.6595
12.9759 -2.15397 -4.7132 37.3816 182.814 104.507
13.3709 0.612482 -3.99824 76.0899 131.993 97.4391
12.0212 12.7067 -0.232821 -58.0291 163.691 44.0416
10.4304 8.54929 -3.93981 -216.846 259.57 106.9
13.5443 -5.1261 2.48104 91.8008 170.822 -48.0904
13.1097 10.7029 0.721213 46.6304 118.468 -18.4983
14.5021 -4.6831 -6.50201 182.165 28.8027 43.8781
14.1048 -6.73206 -1.48836 142.63 42.3072 31.1271
14.3161 -10.0477 -1.00845 162.934 -0.371232 43.652
12.1897 10.9857 2.74542 -48.4507 185.785 -21.6525
12.1754 14.3647 -0.632013 -49.9549 135.776 11.2181
13.7843 -4.92502 -1.38414 107.336 145.454 10.5597
12.9763 8.86362 -0.991863 25.932 154.143 10.9141
13.3436 -5.40718 0.717514 62.258 203.591 -11.6505
14.1571 -6.48283 4.83109 139.671 15.4372 -91.7487
14.0183 -4.54123 -3.40427 118.931 116.089 86.9981
11.9814 3.58346 -4.89523 -85.8546 176.259 95.2008
12.696 7.1154 -2.87804 -15.0759 157.796 77.8093
12.0099 9.65422 -4.22897 -84.1021 112.153 113.668
13.92 0.859705 3.96577 101.419 85.5189 -94.7744
12.8304 12.3593 0.0428213 -7.56971 121.642 31.4229
13.7603 -4.14387 3.51597 83.4006 160.816 -75.8428
14.4353 -7.24749 -2.7867 148.539 28.7315 85.2852
13.8804 2.10531 4.3425 89.8841 107.129 -95.3517
14.3742 -2.26368 0.0417593 137.423 147.923 -4.17593
14.4597 -6.51574 -0.0781699 144.94 -2.06413 29.3033
13.4217 6.11598 2.94027 38.5802 144.769 -49.0462
11.508 6.12763 -0.283776 -152.978 327.341 -2.77838
14.7281 -8.94837 -1.6705 165.143 81.5825 26.2453
14.2202 4.85376 -0.744835 114.609 62.2923 11.1772
13.3747 5.31291 -3.19089 28.8931 154.53 92.3222
12.9922 3.01383 -5.51983 -9.69598 223.214 91.1892
13.7891 8.01543 2.09187 68.7272 132.479 -27.2973
12.9747 6.91734 2.84288 -14.1361 170.934 -54.3514
14.0915 3.19732 -7.21091 94.2021 91.4408 161.207
13.8617 12.3209 5.57532 69.9123 133.306 -84.7733
13.9643 0.184081 2.43761 78.1142 173.1 -51.8881
13.7078 5.84482 -0.367199 52.619 138.749 -1.41983
13.5969 2.61537 2.54526 39.8662 162.521 -62.2019
13.9361 8.24408 3.11123 70.3683 131.319 -50.6239
14.6712 -5.94998 0.664195 141.829 38.402 -22.439
13.7096 11.2684 -2.73444 46.182 294.756 26.0038
14.4287 4.84568 0.726835 117.598 111.683 -28.0451
14.1376 6.69305 -3.9545 85.0522 115.793 82.0665
14.1879 9.43731 1.12371 88.4398 123.287 -3.30458
14.2896 4.1029 -3.74572 97.7824 91.4968 87.8103
14.6142 -5.35885 -0.864283 129.194 91.297 33.6447
14.1451 1.45832 3.554 80.9928 126.994 -87.8708
13.4055 10.2106 -1.39294 5.9754 248.296 -139.068
14.715 -3.36668 -0.879177 135.093 35.8857 24.7541
14.9586 -7.93136 0.000643114 158.589 38.1799 21.7029
13.3597 8.00001 -1.12812 -1.55949 170.722 38.4506
13.3101 4.96235 3.58554 -6.63648 261.635 -78.4137
14.613 0.677376 -2.76731 122.481 43.582 74.7037
14.0099 -4.52332 -2.29017 62.1187 186.355 58.191
13.9815 1.11368 -4.67612 58.1242 140.348 109.233
14.1151 10.9692 1.73234 70.147 149.341 -55.4281
13.8846 8.70817 -1.14526 47.125 156.466 19.7164
14.7217 -3.6774 0.00072955 129.364 89.5253 -0.673308
14.6071 -2.80438 3.7098 116.312 101.555 -88.4612
14.943 -8.93985 -2.23153 147.873 -39.5063 52.2878
14.6833 6.65528 -0.00364922 119.259 84.076 -2.81564
14.0953 -3.38953 -2.65393 60.6356 183.156 57.8803
14.9969 -6.5643 -4.0363 150.065 49.37 86.1606
15.1393 -8.83386 1.49546 163.658 9.29052 -8.5513
14.6404 -1.96905 -3.98963 113.22 87.7081 76.9342
14.1805 9.90127 -2.16343 66.747 158.184 -5.48142
14.5216 -1.51524 -5.23242 100.602 105.576 127.191
12.4997 0.29028 1.96334 -102.218 202.477 -86.449
14.108 -0.153336 1.92296 55.2224 206.929 -52.736
14.547 12.5395 -0.190089 98.6254 312.658 185.367
13.6837 0.23263 1.0347 10.4936 339.874 -20.9086
13.5933 5.94375 -0.88368 -6.54599 181.818 24.7345
15.0464 -4.61736 4.13851 137.082 89.6515 -61.6065
13.8529 7.54333 3.82296 17.8693 176.319 -83.8168
15.2417 -6.56188 -0.365678 155.144 47.0963 1.01684
15.2332 -10.5576 -0.331954 154.205 -50.6499 19.012
14.3054 -3.12375 -1.01672 62.0074 178.689 19.9163
15.3468 -7.91903 1.54441 160.121 34.8636 -13.5874
14.1632 9.31397 2.104 40.3821 166.105 -43.6056
14.1873 10.2413 2.22119 38.1024 166.519 -64.9626
15.2747 -1.43597 -4.0222 145.856 70.6972 38.755
12.5399 8.73455 -2.38553 -127.262 173.676 33.8198
14.1366 -0.0625863 -0.770435 29.3227 180.794 15.8295
14.9259 1.13262 -2.98465 102.978 100.307 82.9438
14.9896 -0.479702 -9.70966 106.876 -0.850223 -1.19098
14.1204 -0.262445 -2.3744 20.1956 226.825 -77.6905
13.5379 9.16038 5.74009 -38.146 95.5386 -147.685
15.0477 -2.94936 -1.61659 110.522 129.527 53.5528
14.448 8.6921 2.4932 48.6764 161.41 -59.116
15.489 -0.451946 -0.187823 144.01 77.1373 20.47
14.9946 3.76823 0.111318 93.8723 114.754 -16.3771
15.0423 5.16133 4.16209 98.0484 108.571 -76.2297
14.6343 -0.23808 1.73385 56.9873 155.532 -35.1483
15.1469 7.35445 1.50513 105.781 76.9458 -40.3848
15.4726 -4.83375 2.48671 136.436 32.9073 -128.044
15.5743 -7.91598 1.57107 144.013 -8.35201 -16.046
15.6911 -6.93087 4.21306 155.309 11.0741 -75.239
15.3646 -2.26576 4.75608 119.664 113.6 -99.1495
15.304 4.19877 -2.3614 112.84 86.6365 48.2869
15.4912 -3.37522 0.726317 131.304 90.2394 -7.78072
15.433 -2.05197 3.6299 124.966 86.3727 -86.7681
15.6986 -5.37113 1.3555 151.287 71.7886 -33.9789
15.1298 -0.655346 -3.63253 83.9879 150.819 68.3132
15.5705 0.519565 4.62727 127.629 -9.50068 -11.4211
13.8404 5.82191 2.00945 -45.779 182.879 -35.5196
15.3783 7.38267 2.17067 104.439 143.42 -18.9545
15.2572 1.33272 -3.60052 90.1283 137.191 88.9593
15.2049 2.61947 3.47585 81.0871 137.725 -94.0287
14.8646 -3.98236 3.86783 47.1478 147.872 101.01
15.7312 -2.60959 -0.388632 129.595 96.8061 -15.8819
14.2978 6.22717 -0.537264 -13.0566 185.416 16.8498
15.5339 3.96092 3.32808 109.124 92.7758 -83.4641
15.7462 -1.20271 0.267051 129.992 67.699 -8.9772
15.2532 3.08554 -2.43825 78.4097 342.347 94.9354
15.927 -4.29452 -2.50773 141.98 54.2783 62.7832
15.8809 -3.37695 0.58502 135.817 93.1619 44.6399
14.0729 6.44732 -3.26624 -51.0586 128.021 67.5285
15.1741 6.0907 2.72771 56.8932 158.891 -54.5545
14.9515 6.16164 -2.61846 34.1791 169.141 81.3456
15.3419 10.5299 -8.1873 71.1437 107.874 58.7974
15.2474 1.57444 4.33518 58.3429 30.3364 34.7713
15.2195 0.469174 -12.3607 51.6079 145.308 46.3525
16.1528 -0.506779 3.18074 139.611 34.9787 -87.2255
16.0398 4.66578 2.17369 120.252 85.4453 -57.0487
16.3661 -4.21024 -3.80875 151.25 50.6086 93.0855
14.7298 4.47615 -1.03004 -14.5881 201.418 8.56983
16.4455 -5.12313 -1.82006 153.495 40.5935 -21.9809
16.3788 -3.86979 4.43543 146.48 43.1218 -97.834
16.5991 -7.61973 0.983681 167.554 17.4404 0.961881
15.421 5.1398 -1.85399 48.7626 -51.1676 -15.9688
15.7934 7.97271 2.00366 82.1204 142.44 -75.2837
16.5066 -4.74168 -0.0968094 150.48 62.6938 7.16556
16.0683 3.05257 3.19806 106.7 117.723 -80.5898
15.2692 2.90852 -2.9712 27.2611 132.509 66.4914
14.8472 2.99346 -2.57191 -15.1149 200.105 77.4508
16.2613 3.85186 -0.213818 118.985 98.6133 11.2042
16.4707 5.28116 3.90522 128.628 78.42 -97.3899
15.0537 7.55098 7.961 -19.1124 153.134 -44.7092
14.7075 4.80237 -1.14168 -54.2873 203.978 15.865
16.8766 -5.22315 -0.181956 151.752 72.9714 9.22792
16.6901 -4.77975 3.9398 132.04 103.066 -38.524
16.567 0.616609 3.41805 119.472 53.1911 -60.1538
16.8428 -0.420669 2.74722 144.633 -68.3141 -50.9598
16.6521 -0.525978 -2.02092 124.403 94.4724 53.8472
16.4235 -0.358768 -2.52301 100.306 138.296 53.9867
16.1394 27.533 -1.73411 69.1847 238.054 -27.8902
16.9706 -2.76773 -4.22015 149.224 68.2675 -52.6649
16.438 7.11958 -0.0983397 87.177 -9.33765 34.0089
17.0631 -1.75512 -0.639524 144.756 65.0684 0.532122
16.9082 1.46782 0.580978 118.292 103.906 -18.1495
17.2241 2.29977 0.107634 147.002 31.7001 -22.0579
16.5672 3.91551 -0.55281 78.5411 150.401 15.9326
17.2837 -16.9305 13.3802 139.688 -8.28688 -96.3324
17.0092 0.651476 3.83457 104.566 145.275 -31.1882
17.4675 -3.19798 0.882477 148.846 87.6979 -10.229
16.2075 3.90112 0.693822 15.0911 196.453 -7.84031
17.3599 -6.66748 -1.04329 107.325 -35.7111 48.9544
15.8884 12.7614 0.55861 -42.0478 35.5532 -6.44566
15.9962 17.0932 -6.07126 -43.8046 90.6373 100.107
17.2357 36.368 -8.81395 72.1704 231.277 38.1174
18.4202 -2.58538 -0.607075 161.548 7.87325 19.4917
17.826 3.14797 5.43125 48.0784 254.588 -20.3309
20.434 8.95039 13.5361 134.162 166.211 87.234
20.0064 4.16467 -1.04421 48.5993 136.894 28.0508
nan nan nan nan nan nan
16.465 8.56687 13.8808 43.8181 115.68 -142.61
17.8025 -0.0925112 0.160055 110.423 143.505 -8.52207
