-3094.83 -1034.16 -5542.54 -18.8777 -6.30326 -33.8106 102
-2371.96 -2740.09 -14398.4 -15.3737 -17.76 -93.3164 392
-2166.89 -252.173 -729.454 -14.0013 -1.63408 -4.71019 305
-2163.65 -9631.42 -213.989 -13.7095 -60.98 -1.34898 378
-2060.71 -1356.25 2469.47 -12.5842 -8.22665 15.0672 303
-1629.29 1016.49 -1232.42 -11.3955 7.09708 -8.62552 207
-1565.24 -1662.44 271.712 -9.92029 -10.5337 1.72569 155
-1502.96 -2163.24 -1704.24 -9.15524 -13.1856 -10.3789 146
-1319.59 -719.649 -235.175 -11.7246 -6.44257 -2.10932 17
-1224.14 245.36 776.437 -11.6239 2.31476 7.40376 66
-1174.27 701.976 -1315.79 -11.1544 6.66346 -12.5181 234
-1129.04 1211.05 192.101 -7.21509 7.73365 1.22745 482
-1067.2 -744.722 -76.2452 -6.86057 -4.77838 -0.542711 173
-1040.1 688.245 698.062 -6.78416 4.45682 4.56043 263
-960.494 284.15 -640.513 -5.96846 1.80591 -4.04386 306
-915.517 -1177.39 846.719 -5.70056 -7.39671 5.31552 324
-913.418 546.482 35.2293 -5.8792 3.48871 0.224715 358
-750.788 252.901 -665.381 -4.73952 1.57223 -4.18393 108
-722.385 1123.95 759.118 -4.59618 7.1169 4.8102 98
-715.215 1576.7 440.968 -4.4497 9.65579 2.70377 218
-666.568 -546.731 286.861 -4.16879 -3.47458 1.8103 94
-633.426 -658.541 -892.426 -3.85674 -3.9676 -5.4227 490
-607.309 730.54 -40.6477 -3.83696 4.57422 -0.260928 244
-596.765 1807.39 -1084.98 -3.63606 10.9878 -6.59843 421
-562.528 -1611.27 -1068.06 -3.57159 -10.2052 -6.77132 185
-555.162 825.737 -299.444 -3.81335 5.63728 -2.0398 167
-553.804 -861.3 849.459 -3.4722 -5.41763 5.33426 90
-497.77 -812.612 1073.13 -3.45511 -5.6508 7.45875 73
-496.267 -385.08 -457.313 -2.94065 -2.35538 -2.78229 308
-493.682 718.888 47.8823 -2.96229 4.23986 0.294272 6
-483.083 -487.251 -167.256 -3.23584 -3.20376 -1.13463 332
-482.529 -462.969 -36.2755 -3.20291 -3.09918 -0.222505 124
-478.512 16.49 388.33 -7.1926 0.261225 5.83059 497
-477.24 710.292 513.161 -3.5538 5.23797 3.78943 301
-467.306 -230.569 71.7198 -2.85919 -1.44298 0.44347 216
-459.972 780.247 335.966 -4.04267 6.92721 2.98114 456
-438.877 790.093 612.784 -2.66449 4.7161 3.70183 58
-435.351 -363.928 -268.882 -2.73066 -2.38071 -1.73109 404
-431.956 -186.274 -103.787 -2.57295 -1.2663 -0.670736 448
-427.257 -245.882 -177.92 -3.26301 -1.92516 -1.39751 181
-408.154 -208.521 -392.083 -2.43447 -1.27871 -2.34618 313
-399.342 -28.4586 -386.728 -2.3332 -0.21185 -2.24404 441
-394.723 -44.0697 275.187 -2.35362 -0.294117 1.59426 254
-384.93 786.938 -431.999 -2.35727 4.77161 -2.63594 204
-378.73 -37.2718 221.807 -2.21496 -0.230141 1.34532 133
-363.167 -842.428 700.851 -2.26401 -5.32128 4.4159 7
-356.935 189.275 117.215 -2.06948 1.12098 0.736337 316
-356.595 182.719 33.1829 -2.17334 1.00167 0.212654 217
-351.838 -945.623 391.847 -5.3136 -14.243 5.99327 10
-338.082 24.8476 -38.3339 -1.77069 0.0672071 -0.237643 239
-334.592 -812.369 438.013 -2.00407 -4.91079 2.64663 277
-329.604 -258.577 196.191 -1.9936 -1.62713 1.20383 493
-323.302 -1011.2 -1261.16 -2.07793 -6.51815 -8.1605 119
-323.128 -240.354 -289.023 -1.8886 -1.48996 -1.79545 276
-306.039 30.7768 42.9336 -1.71549 0.0657227 0.241055 135
-297.538 32.6034 -88.4198 -1.55492 0.0446177 -0.488682 472
-297.242 -46.5946 51.6228 -1.52702 -0.376162 0.29614 340
-289.401 168.446 113.182 -1.57232 0.936411 0.661574 423
-286.621 78.2557 12.2058 -3.5213 0.929378 0.158929 419
-282.096 -320.145 16.7886 -2.3774 -2.76266 0.162329 445
-281.126 50.6367 83.0286 -1.45894 0.367871 0.468232 487
-278.932 -101.474 -74.9515 -1.47262 -0.579682 -0.386219 471
-273.038 295.955 0.481225 -1.5775 1.58337 0.0127715 63
-269.581 -526.214 419.393 -1.6309 -3.31986 2.62214 114
-268.48 144.99 -16.4885 -2.36589 0.981185 -0.133607 284
-265.213 -436.201 -51.7173 -1.55987 -2.68356 -0.288621 366
-263.171 286.833 160.192 -1.62166 1.57 0.952963 374
-260.133 1210.84 1244.81 -1.64935 7.66618 7.88192 399
-257.796 -192.047 6.13507 -1.28184 -1.06679 0.0345376 484
-250.699 -221.691 -76.2849 -2.71239 -2.45044 -0.787856 416
-231.659 474.937 -188.912 -1.58643 3.2143 -1.27634 414
-222.012 177.454 -35.148 -1.26537 0.779637 -0.184774 206
-218.882 108.229 30.2447 -1.18436 0.448129 0.0990576 97
-211.84 -492.967 -169.325 -1.40379 -3.17598 -1.10472 425
-203.936 113.859 -150.383 -1.07672 0.434203 -0.777379 273
-199.932 499.765 320.643 -1.59701 3.96287 2.56141 226
-181.29 -56.4468 51.1574 -1.22239 -0.578289 0.372623 168
-180.547 459.285 -305.619 -1.23728 2.96145 -1.91171 297
-179.694 -265.886 74.4173 -0.875164 -1.57636 0.417694 407
-176.544 -11.9301 8.61951 -1.30919 -0.314474 0.121333 196
-164.432 68.6688 190.453 -0.888579 0.234044 1.04872 115
-163.934 7.54696 40.1454 -0.494997 -0.133114 0.113978 54
-160.357 -1619.64 -2433.82 -1.01647 -10.275 -15.4388 282
-159.571 -180.218 156.871 -0.716047 -0.917687 0.8292 498
-158.849 119.769 -49.8156 -0.866416 0.51169 -0.272543 440
-153.077 311.857 316.38 -1.02402 1.80908 1.98461 489
-152.82 56.8009 76.442 -0.619444 0.0317619 0.287413 446
-149.124 49.5602 34.39 -0.817443 -0.00541048 0.151854 55
-146.69 -261.523 247.582 -0.912203 -1.81382 1.60577 214
-144.991 -141.355 -24.6349 -0.451155 -0.74375 -0.107175 289
-144.339 -1660.16 -1441.22 -0.881266 -10.1716 -8.81845 130
-142.333 -377.75 200.833 -0.794164 -2.15059 1.14135 62
-140.269 125.804 -130.935 -0.694467 0.426878 -0.631451 260
-138.028 -244.345 32.3383 -0.587241 -1.30645 0.16524 406
-135.632 -209.528 90.3162 -0.822038 -1.4129 0.579048 368
-135.417 -23.5059 -65.7551 -0.323211 -0.402117 -0.283159 433
-134.352 90.1307 711.333 -1.37178 0.90668 7.2079 160
-130.545 94.4605 -116.404 -0.655563 0.323517 -0.491403 243
-127.811 25.6904 23.7844 -0.907928 0.00782834 0.0726434 231
-117.665 16.0109 51.5018 -0.849224 -0.0842405 0.509475 304
-116.162 93.697 -53.0304 -0.765771 0.305039 -0.306581 11
-114.222 39.3341 -580.037 -0.753668 0.209265 -3.41198 162
-113.783 387.679 -57.0111 -0.75231 2.17137 -0.33755 300
-113.401 -41.9933 30.3132 -0.0256541 -0.347658 -0.0104255 209
-109.964 -21.1464 -50.1238 -0.0849319 -0.293474 -0.0522925 333
-106.373 -15.968 54.9681 -0.241886 -0.308038 0.209347 477
-104.793 13.7211 2.59147 -0.0132984 -0.224648 0.117343 344
-96.9463 -521.29 -217.442 -0.536313 -3.08514 -1.27442 118
-96.6039 179.937 -57.5603 -0.583011 0.683998 -0.248676 397
-92.1962 778.886 -424.038 -0.808818 6.59945 -3.59537 219
-88.6135 -117.922 -73.4096 -0.212399 -0.493795 -0.254294 309
-83.3385 -396.007 -560.636 -1.19612 -5.80461 -8.55702 337
-79.8471 190.28 682.057 -0.510251 1.17354 4.20758 390
-78.88 -6.61608 92.8577 -1.69134 -0.583687 2.18669 251
-78.3655 432.471 410.357 -0.480313 2.51908 2.37497 396
-78.1807 102.26 -18.3319 -0.51983 -0.005357 0.0271023 371
-76.0072 81.8477 -58.9885 -0.700658 0.443873 -0.433212 357
-71.884 33.4545 18.1651 -0.0126304 -0.407638 0.105206 469
-71.052 13.771 5.48909 -1.06216 -0.1572 0.158957 76
-70.035 838.087 152.409 -0.460019 5.41754 0.98949 131
-69.8674 59.1346 -8.80888 0.0132103 -0.346866 0.0891431 422
-66.8053 -339.989 -240.961 -0.397737 -2.2475 -1.56132 465
-65.8351 336.178 37.5364 -0.47569 1.82105 0.191665 53
-64.9113 -100.721 -153.786 -0.0437654 -0.373701 -0.748018 258
-63.6887 -368.694 518.276 -0.376843 -2.34347 3.26445 26
-62.8191 41.9979 58.9683 -0.132419 -0.394559 -0.158837 189
-62.3751 159.574 -11.5851 -0.486726 0.462419 -0.0616979 112
-61.7086 90.3303 -164.105 -0.302508 0.150615 -0.787896 435
-61.3305 -207.315 -77.1181 -0.276409 -1.21955 -0.351445 365
-59.5337 -52.6558 -13.9072 0.594105 -0.159903 0.102158 158
-59.2194 -188.977 -257.835 -0.31711 -1.00463 -1.44355 30
-59.1627 -34.2007 70.4965 0.257554 -0.346082 -0.129958 110
-56.9447 149.032 -64.471 -0.307646 0.508703 -0.250808 290
-50.7534 -58.2294 10.7105 0.248104 -0.359615 0.0984809 395
-50.6064 -42.4209 23.0697 0.223866 0.211584 -0.247656 69
-49.0898 -3.18081 6.13792 0.212036 -0.656907 -0.0169807 24
-46.199 -12.807 -27.9665 -0.603208 -0.562386 -0.314918 335
-46.051 -24.3127 25.111 0.903026 -0.0170135 -0.34934 476
-45.498 -32.2019 9.41294 0.0727357 -0.793725 0.0988297 492
-45.4388 -4.94172 6.06187 -0.196548 -0.891838 0.105146 439
-45.184 -255.227 251.165 -0.492549 -2.93497 2.88126 31
-44.7858 -22.1029 100.238 0.199152 -0.357091 0.0654909 89
-42.5019 396.947 -251.919 -0.237981 2.24118 -1.41199 495
-39.4181 1.65322 12.5409 -0.346747 -0.867761 -0.0938544 82
-39.0188 -19.8211 -9.18055 -0.745911 -0.807807 -0.580102 74
-38.84 -5.50985 3.09025 -0.443623 -1.19341 0.306014 268
-36.6686 214.173 147.965 -0.347478 1.03246 0.744052 387
-36.0902 50.471 2.97444 -0.124552 -0.885802 -0.0996102 52
-34.3149 172.286 13.1343 -0.247222 0.612034 0.205251 212
-33.8888 0.414767 14.6224 0.379239 -0.931957 -0.265656 451
-33.7266 -171.305 91.541 0.0181026 -0.795927 0.314662 275
-33.3657 -8.08013 5.56869 -0.772426 -1.27815 0.390766 184
-33.0345 20.5375 -7.54892 0.301422 -1.01983 -0.23602 400
-32.953 425.741 -760.385 -0.215474 2.68271 -4.88729 373
-26.9064 36.3674 -10.7235 -0.847048 -0.0529437 0.347794 2
-24.3186 40.0183 3.14128 -0.359716 -1.19172 -0.132669 418
-23.786 26.5921 -12.0477 0.211265 -1.07601 0.663303 148
-23.2348 -1.4785 1.94128 -0.226075 -1.31978 -1.24684 177
-22.3855 12.4777 12.149 -0.719117 -0.825652 0.296181 193
-22.1297 -35.616 7.19895 0.830839 -0.510243 -0.213519 420
-22.0609 -12.2099 -3.45112 1.6647 -0.550081 1.10766 393
-21.3444 -52.2918 7.34703 -0.535621 -3.20999 0.76934 64
-20.9442 -4.58833 -0.469669 1.806 -1.34074 0.221415 457
-20.6758 -32.1302 15.159 0.951926 -0.019522 -0.251634 376
-19.5611 11.6039 15.3183 -1.08943 -0.770046 0.730167 256
-19.182 -14.802 6.17239 0.396566 0.0878671 -1.76791 479
-18.1785 1.89654 12.1478 -0.794622 -1.37577 -0.0332792 5
-16.985 0.147042 -6.59118 -0.499907 -1.9414 0.50697 470
-16.9592 17.0883 -5.40716 -1.40024 0.0980304 -0.780188 25
-15.8403 13.5101 3.36025 -0.0312067 -1.76954 0.280655 47
-15.6334 16.0498 1.24863 0.19579 -2.24175 -0.241889 350
-15.5561 -200.082 3977.37 -0.377886 -4.79195 95.1968 23
-15.2513 -17.6746 -4.09345 0.897146 -1.49587 -0.361114 429
-15.0833 -1.63512 -7.7339 0.568826 -1.80708 -1.02649 104
-14.8149 -58.4489 -64.77 -0.169715 -1.28303 -1.34572 415
-14.6104 -9.58303 3.57278 1.49595 -1.19873 -0.402441 16
-14.5642 -0.704688 1.29308 1.13444 -2.25023 0.364546 42
-14.4168 -56.7919 -4.91146 0.154576 -0.967025 -0.210894 299
-14.2582 -4.6538 1.82722 1.20371 -1.55105 0.961488 338
-14.2037 24.5347 -9.59656 -1.12351 -0.446943 -0.610414 353
-14.1995 15.122 -8.77259 -0.844751 -1.44855 0.347726 101
-14.0788 -20.5739 6.99208 0.704449 -0.560645 -0.672368 409
-13.9713 1.14581 -2.76511 0.18517 -2.22353 -0.773223 116
-13.8781 -31.5836 -12.6611 1.30613 0.526076 0.322457 230
-13.8705 -6.68308 3.82245 0.400733 -1.08082 0.788327 176
-13.8588 -43.3789 -10.7049 -0.401648 -1.83197 -0.118746 375
-13.1998 -8.29231 -7.56527 1.63343 -1.06252 0.210507 432
-13.0002 79.0825 -36.53 -0.364356 -0.252202 0.263998 255
-12.946 28.2016 -7.05308 -1.55851 1.32957 -0.384972 111
-12.7028 1.03905 5.61048 0.158521 -2.84258 0.474354 9
-12.6807 -36.611 -24.9203 0.647072 -0.544442 -0.0770808 262
-12.2525 -34.3238 -24.1582 0.353721 -0.14049 0.525228 159
-11.9736 15.2457 -126.471 0.0376229 0.501609 -0.513957 105
-11.574 -14.121 -8.97551 1.27232 -0.928487 0.732988 274
-11.4759 16.7116 -6.0461 -1.70942 -0.375057 0.0256369 44
-11.3783 2.50054 -0.344654 1.55732 -2.62731 0.941425 195
-11.3558 9.16199 -1.16639 -1.53446 -1.77121 -0.282682 208
-10.8613 -32.7344 -8.11784 0.4599 -0.800091 -0.50243 447
-10.4442 -12.189 -10.3029 1.30913 -1.34597 0.650687 386
-10.3958 -56.0698 29.7403 0.684407 0.294926 -0.261438 485
-10.3406 2.60649 -1.4925 0.361303 -1.91148 -1.21628 3
-10.0243 7.03232 -1.58063 0.165646 -2.77969 0.572818 266
-9.95095 -3.24706 0.0426777 -0.0809708 -2.13221 1.46582 232
-9.83801 -17.89 2.90041 1.62945 -0.50484 0.0405555 444
-9.70192 -30.6876 7.44937 0.812888 -1.34795 0.368678 411
-9.59028 -2.67315 -2.99044 1.27289 -2.75437 -0.333282 139
-9.41529 8.52883 4.06385 -1.33018 -2.44189 -0.772528 106
-9.16375 15.7938 -0.672673 -1.32262 -1.94766 0.177242 61
-9.11889 -16.7697 11.9139 1.83363 0.767858 -0.188774 499
-8.73879 -14.9504 -1.71842 2.05051 -0.126064 0.412418 172
-8.17565 -11.5193 -4.67013 1.97348 -1.60904 -0.00637448 178
-8.18184 -94.9395 -0.935497 0.369061 0.190437 0.0494787 22
-8.16871 13.4671 -4.73966 -1.67214 -0.378182 0.0242541 140
-8.1423 -4.07154 3.95124 -0.175136 -3.69623 -0.61605 190
-7.9745 54.1162 -24.9125 -0.17262 -0.260908 0.223694 265
-7.64422 3.98687 -2.89223 -1.17675 -0.951728 1.2443 117
-6.99771 -16.1345 9.70086 0.987707 -1.1264 -0.943739 65
-6.92321 -24.991 -3.73878 1.78178 0.958781 -0.041876 8
-6.475 -14.0144 5.01665 1.99475 0.623538 -0.10059 197
-6.42467 -15.0912 9.65087 1.67108 -0.185718 -1.02683 449
-6.40916 24.2848 -5.55791 -0.92188 -1.12386 0.335208 179
-6.34182 37.4455 4.18019 -1.27502 1.51572 0.249356 363
-6.26869 12.6198 5.82769 -1.38088 -2.14982 -0.337484 348
-6.15855 -18.1796 12.3118 1.33646 -0.259779 0.960782 430
-6.09461 -2.067 1.6907 1.72446 -2.65514 0.906975 180
-6.08847 -25.6626 8.514 0.366365 -0.197611 0.159611 450
-6.10148 5.05217 -4.05081 -1.65562 -2.90251 0.342587 170
-5.69443 -42.2318 -11.1054 0.620629 0.315697 -0.249101 46
-5.58231 -14.1916 5.99886 1.4967 0.363268 -0.242304 249
-5.34363 38.2736 15.6533 -0.934223 0.776101 0.613947 103
-4.37417 -0.635417 -1.48293 1.07536 -5.35533 -1.34926 334
-3.99188 -43.5294 21.3825 0.710378 -0.24849 0.395216 107
-3.44309 131.984 -61.6481 -0.259671 0.513354 -0.305041 287
-3.33691 7.01032 -5.03884 -3.07137 -0.784073 -1.94401 381
-2.80741 -3.43996 -1.23294 4.06984 0.197082 2.36202 236
-2.79875 -7.23865 1.15881 3.21519 -1.36337 -0.144958 48
-2.69131 7.28523 -8.03338 -2.12563 -0.100927 0.886546 292
-2.63082 25.3978 7.53091 -0.0331571 -1.611 -0.188994 475
-2.63219 13.0229 8.60897 -1.22423 -1.08818 1.73606 59
-2.55845 9.95309 -2.48603 -2.6975 0.678342 -1.01881 15
-2.13581 -14.5269 1.12438 2.23962 0.935919 -0.195903 460
-1.95164 -17.9698 -9.30299 0.678779 0.996098 -0.475105 43
-1.92241 10.7236 -0.424184 -1.33629 -3.28115 0.228371 408
-1.83386 -7.65339 -2.53873 2.73684 1.06372 2.3895 136
-1.29806 -19.6396 7.02439 1.41089 -1.44189 0.525851 188
-1.19598 -44.0375 -20.343 0.597612 -0.453672 -0.476586 380
-0.703014 -19.2306 -0.015732 1.79464 0.509049 -0.326591 347
-0.628167 13.2933 -1.80452 -2.75797 -1.40648 0.408608 235
-0.458771 -18.7881 4.83684 1.73965 0.464145 0.226615 199
-0.0383467 17.7717 -0.875943 -1.18112 0.52046 1.44668 264
0.0970374 -254.556 142.935 0.106754 -1.25302 0.762843 428
0.218738 0.163858 2.01065 -2.59936 7.77813 2.5096 468
0.346494 -2.98045 2.56972 4.97741 -0.718102 -1.57634 345
0.324558 36.9695 4.60872 -1.00233 -0.914291 -0.524164 70
1.16817 -4.16725 2.12124 3.27004 2.6649 -0.821628 51
1.28947 16.5126 0.26655 -1.45362 1.93608 -0.762968 246
1.5383 -22.0842 2.77341 1.45802 0.892816 -0.435341 187
2.04787 204.128 -46.9269 -0.139937 0.913345 -0.212959 12
2.24439 4.33451 2.31922 -3.68757 1.91642 -0.55716 351
2.65659 37.6272 -27.1883 -0.913248 0.266907 -0.142059 241
2.76226 10.7781 -8.9218 -2.0658 0.985412 -0.72934 478
3.26351 -52.0501 5.69158 0.843051 -0.756249 0.0869654 229
3.29932 76.0371 -28.8062 -0.360294 -0.340712 -0.0579994 29
3.78732 -11.9943 -0.116131 1.6438 1.15474 -1.27413 494
3.78552 -218.462 16.8868 0.158241 -0.920916 0.0677195 215
4.0511 8.138 -1.40119 -2.54687 1.55892 -1.43752 213
4.14624 -13.0632 8.8016 1.57394 1.48692 0.4753 152
4.27947 14.5631 0.128156 -1.86253 0.787719 -1.39981 385
4.49076 20.723 -1.8042 -0.847305 1.83813 -1.15367 227
4.91281 -9.66544 -2.56185 2.98265 -0.0123095 -1.81242 280
5.06401 17.2483 4.23943 -1.03876 -1.32161 0.762506 175
5.09972 26.8213 2.6087 -1.45027 -1.12349 -0.636722 80
5.28134 219.626 -87.4734 0.0372603 2.2216 -0.828823 149
5.99828 -13.8037 -1.23681 2.81613 -0.293867 0.700222 296
6.10846 -4.79523 -0.7686 1.57639 1.83053 -0.167942 203
6.08262 8.16792 -3.58558 -1.31125 2.26081 0.219162 95
6.10093 118.491 19.199 -0.360503 0.132836 0.036549 137
6.26571 3.86757 -5.76731 -1.77791 2.99473 0.585212 154
6.39266 7.12066 18.8527 -0.983624 0.903941 -1.12124 123
7.00299 -56.4262 1.66355 0.757504 0.698686 -0.0196341 311
7.15801 -8.7773 -0.350758 -0.00519455 2.98341 0.664104 315
7.23755 -783.655 1256.67 0.11929 -5.03285 8.11669 92
7.84923 -4.35887 -1.43321 3.33799 0.466497 0.319766 144
7.95436 7.00549 -2.89581 -0.665063 1.52779 -2.68832 125
7.99682 7.95481 2.01921 -1.75025 0.379715 0.883595 330
8.13155 -5.8846 1.67097 2.22579 1.39948 -0.153376 283
8.33615 10.7576 2.02635 -2.21982 1.85096 -0.090294 205
8.50288 14.8152 0.757695 -2.40214 -0.151034 0.60314 126
9.06619 -2.78904 -0.30095 1.72845 3.01697 0.371495 56
9.22871 206.327 -126.129 0.0921302 4.12562 -2.48836 454
9.48204 6.1139 1.39731 -1.40833 2.6341 0.103859 122
10.1885 24.6444 5.93435 -1.28405 0.36842 0.45461 488
10.3079 314.742 10.1816 0.0107383 1.62357 0.072978 83
10.5438 -13.9364 -6.9894 1.91829 0.0472225 0.157159 99
11.6166 -29.9881 -24.006 0.838409 0.442265 0.451751 285
12.12 8.86414 11.2674 -1.28622 1.23543 -0.122839 228
12.1647 -3.50205 0.478558 0.181024 2.52077 -0.147292 354
12.1884 -45.2567 -140.142 0.231105 0.0905058 -0.406422 150
12.41 10.82 -7.83957 -1.54416 0.786302 0.115453 163
12.6833 13.6488 -5.79718 1.32119 2.11464 -0.218092 27
12.9283 21.2677 15.6408 -0.588535 0.200873 -0.78623 143
13.0946 -6.38042 9.0546 -0.377679 1.96511 -1.44943 71
13.1641 -8.29968 8.50478 1.73865 1.98252 0.0109222 67
13.1904 -0.861293 6.62902 -1.67175 1.90476 -0.658452 486
13.2991 -11.085 -3.85451 -0.135453 2.5653 0.410494 286
13.3698 4.07037 0.79835 0.30653 2.52005 0.792699 321
13.6996 -33.5831 2.07862 1.41177 0.0412429 0.118086 434
13.7846 -9.04351 -9.44046 1.14419 1.12114 0.321383 34
13.9261 -4.56216 11.8612 0.884608 1.68973 -0.957569 382
14.7289 123.289 113.858 -0.0187592 1.60763 1.45806 128
15.2625 2.54433 -9.64269 -0.446842 1.30129 1.24725 81
16.0295 88.6119 -2.35438 -0.243043 -0.147585 -0.236748 86
16.0813 0.120837 3.47137 -0.381652 1.28887 -0.0365953 398
17.1657 2.83079 28.3906 -0.369063 0.917485 0.320092 491
17.3997 20.7853 12.011 -1.01525 -0.660247 -0.030509 355
18.0091 -9.50254 3.31915 0.413562 1.8833 0.261036 242
18.6273 88.963 8.6376 -0.448515 -0.161176 0.0251851 153
19.4467 62.6422 6.00011 -0.481539 -0.427906 -0.333002 370
20.8113 11.4448 4.66293 -1.47998 0.918934 0.654316 120
22.7303 -14.1023 -5.31913 2.0508 0.734412 -0.366095 113
23.4425 -4.47901 -9.07982 0.465469 1.45315 -0.578721 320
23.463 41.7442 -15.9009 -0.461719 0.406235 0.16179 259
23.5731 175.699 -41.0371 -0.00534898 2.41761 -0.633923 307
26.3228 -57.0068 1.29313 0.879074 -0.76823 0.0376903 14
26.6884 53.1424 13.8455 -0.836234 -0.289902 -0.0996865 325
27.1503 13.3888 20.8523 -0.745819 0.177627 -1.32139 247
27.5064 -102.827 52.1956 0.165539 -0.00423713 0.0400808 38
27.598 -154.628 -27.1062 0.368677 -1.47855 -0.190503 224
27.9751 -343.478 -187.431 0.23275 -1.86591 -1.04322 100
29.8121 1.3986 -5.79116 0.419813 0.991196 -0.144444 379
30.719 -183.906 56.9641 0.312101 -0.671468 0.250333 57
32.6517 -31.4404 -2.75038 0.447467 0.821088 -0.200305 127
32.9287 -15.6927 -22.2104 0.504126 0.910185 -0.170328 339
34.9411 -4.44605 -7.5515 -0.585224 1.33108 -0.243494 343
34.9698 93.1516 -149.424 -0.115118 0.313197 -0.629906 369
35.0268 -3.34882 -11.4082 -0.639514 1.12395 0.866433 364
35.3243 122.401 130.056 -0.107489 0.433483 0.581553 151
36.684 9.07981 11.5083 0.545526 1.09865 0.514445 466
36.8475 -36.9706 17.5664 0.811399 0.176385 0.169623 462
37.8483 84.1849 11.9388 -0.223383 0.371774 -0.0323952 240
38.7915 -31.749 6.10803 0.960629 0.349773 -0.00715718 223
40.5537 -122.602 33.2219 0.30956 -0.337842 0.235339 233
42.0348 13.1252 1.90857 -0.486129 0.828619 -0.280895 294
42.2719 -17.1555 21.8151 0.669686 0.416619 0.370589 201
51.1308 -24.1873 3.04797 -0.236955 0.858546 -0.257437 13
53.9041 259.976 -17.5808 0.115468 1.30276 -0.0926796 362
54.9681 -5.48324 2.21815 0.737313 0.709215 0.0459418 372
55.4879 -105.313 -39.2657 0.41959 0.0181853 -0.0758978 1
56.2796 99.038 -16.8594 0.189604 0.798602 -0.201936 142
56.4973 -122.87 34.0808 0.64039 -1.31616 0.305413 198
57.086 1312.13 2477.05 0.345536 7.99262 15.085 248
58.0526 7.85026 -8.14084 0.0532906 0.690926 -0.0728523 442
58.3955 25.4552 -56.6532 -0.130486 0.398678 0.0995887 452
58.9776 46.0461 98.6787 0.853719 0.53558 1.31885 96
60.0278 -18.5386 -12.9887 5.4176 -1.5602 -1.11095 319
61.0246 -118.589 -372.565 0.429653 -0.779043 -2.44606 377
61.4394 -22.8232 -7.81913 -0.146609 0.558751 -0.113807 164
61.4692 -40.6221 21.7913 0.208326 0.464862 -0.092692 458
62.3527 -5.99702 14.3973 1.40852 -0.0767848 0.164164 28
62.8239 111.382 -140.775 0.29547 0.81461 -1.01295 388
63.6125 1790.04 1011.08 0.450063 12.5028 7.07118 252
66.1516 -59.3114 -23.4514 0.19837 0.472761 0.0738861 174
68.5862 120.118 -176.101 0.299978 0.422633 -0.8113 272
69.5678 -48.0748 22.8107 0.393633 0.341843 -0.070008 141
69.6245 923.837 -115.441 0.404682 5.87349 -0.771673 431
70.4197 -39.0869 13.8116 0.104218 0.403264 -0.0249316 33
72.6354 195.482 -94.1174 0.244532 1.05423 -0.381158 336
73.4514 -25.2522 17.0425 0.223113 0.350187 -0.096934 191
73.5715 162.998 4.85912 0.201388 0.694262 0.0228215 60
73.9174 137.118 -94.6016 0.0261508 0.628978 -0.43986 481
76.1042 -662.782 -217.901 0.550299 -4.15293 -1.36808 474
78.2593 -223.187 387.013 0.617815 -1.70504 2.97582 210
80.7687 -170.444 -60.5272 0.500458 -0.591656 -0.238056 257
84.609 -65.4951 -72.892 0.289154 0.155346 -0.124132 237
85.9643 -27.6356 2.50764 -0.0552245 0.520727 -0.0456594 496
88.8186 -163.288 21.8068 0.522088 -0.522281 0.0810963 389
89.4093 -78.0145 38.4788 -0.0376379 -0.0456378 0.241106 253
92.8972 -2646.45 -952.102 0.567362 -16.0865 -5.82454 293
100.868 21.0948 -61.6785 0.0322724 0.449182 -0.147381 45
102.062 -2894.87 -2170.18 0.623199 -17.6546 -13.2345 394
102.835 -450.447 -182.483 0.72257 -2.76547 -1.19263 145
104.565 -218.321 -36.5207 0.601588 -1.27569 -0.223968 165
109.178 54.1439 -76.5822 0.136535 0.306457 -0.130457 50
109.905 -13.0786 28.8833 1.04636 0.133208 0.170934 85
110.522 -74.3537 42.5148 0.54942 -0.119587 0.257074 359
116.146 2.58959 23.4821 0.0657323 0.212783 -0.132978 84
117.553 -235.686 -24.1911 2.87755 -5.69917 -0.603505 269
123.094 -1481.77 1506.23 0.726634 -9.36742 9.57917 35
125.703 58.5385 37.7682 0.166978 0.382953 0.143116 443
128.157 187.884 148.996 0.498363 1.04087 0.762957 480
128.542 159.485 -126.964 0.566624 0.973901 -0.546675 19
130.587 -194.29 -44.6953 0.736414 -0.813436 -0.185479 157
132.668 -546.057 892.325 0.947638 -3.90383 6.36256 41
132.901 -37.4435 -743.811 0.851922 -0.20251 -4.64052 129
133.997 887.158 -1866.51 0.923339 6.12479 -12.8739 202
135.769 -209.024 -16.8715 0.897841 -1.26309 -0.133838 88
141.807 -659.728 69.2524 1.09697 -4.94415 0.520803 383
148.16 44.7197 11.9082 0.332021 0.368234 0.041341 109
148.222 -172.699 -53.7756 1.00053 -0.924582 -0.338886 467
150.806 -819.937 -416.495 0.99835 -5.0812 -2.59532 401
154.177 391.186 5008.06 0.983118 2.48827 31.8779 342
155.841 84.8099 25.9358 0.455214 0.546196 0.0933459 211
156.823 128.79 -58.6618 0.63392 0.850332 -0.267017 250
164.589 99.5108 -60.2231 0.63634 0.57532 -0.202038 40
173.198 -24.6977 127.253 2.23333 -0.334926 1.76843 346
176.412 -222.374 78.117 1.01953 -1.182 0.452695 39
179.387 55.7625 -24.1423 2.36072 0.830233 -0.418262 288
179.845 201.072 -221.112 0.909049 1.10303 -1.20844 245
182.953 2945.44 168.98 1.39359 22.482 1.29037 367
190.336 427.365 -96.5402 1.08543 2.71554 -0.516281 186
196.481 -576.425 67.5007 1.23432 -3.52839 0.415709 278
199.65 83.081 -37.0279 2.65884 1.23025 -0.43005 79
202.73 156.265 13.2522 1.28812 1.17163 0.130759 461
203.607 64.1986 65.0475 1.08943 0.434929 0.34322 161
204.705 353.561 -196.212 1.19525 2.11526 -1.17728 302
205.835 16.4299 14.9804 0.860841 0.293295 0.0763579 72
224.776 -403.033 438.763 1.44285 -2.63708 2.92702 349
228.958 1544.42 -817.383 1.40378 9.45777 -4.99177 413
233.227 158.829 15.3906 1.11403 0.936707 0.0552266 77
236.79 -203.577 189.736 1.46019 -1.15042 1.15789 417
244.752 78.0727 -32.8352 1.22542 0.536264 -0.0827056 326
247.36 41.0887 -57.8717 1.32339 0.323931 -0.256143 323
248.825 -520.452 240.599 1.61917 -3.26826 1.51627 436
251.612 295.235 -59.8917 2.38225 2.9624 -0.58688 225
257.487 -2163.56 -2655.45 1.605 -13.4894 -16.5525 455
257.987 -259.322 97.8432 1.73681 -1.49406 0.6989 182
259.092 -193.416 110.443 1.74492 -1.06129 0.718589 78
263.74 235.694 -293.727 1.73444 1.55774 -1.90743 18
268.524 -16.3099 -102.858 1.40533 0.090438 -0.58483 261
270.527 128.535 107.498 1.37401 0.751092 0.575578 75
271.791 -529.558 -691.071 2.12644 -4.13193 -5.38398 500
293.426 539.803 136.503 1.69378 3.21818 0.890959 391
299.973 1643.26 -1923.62 1.94123 10.6476 -12.4659 459
319.728 -26.8412 75.1929 2.63604 -0.160044 0.605733 295
323.655 -271.45 344.409 1.95294 -1.55825 2.03146 37
328.154 291.359 -365.572 2.53645 2.29141 -2.8992 147
339.513 -424.242 -166.912 2.16706 -2.57732 -0.983246 4
344.659 194.334 -60.0754 1.8767 1.19312 -0.348907 318
368.593 -958.411 -166.772 2.18151 -5.76305 -0.951406 352
376.382 -444.803 -2037.36 5.56393 -6.57489 -30.1086 132
383.289 95.6436 -148.099 2.34442 0.607078 -0.838045 341
384.082 -29.0057 -119.746 2.12822 -0.0984639 -0.645692 171
394.342 -1253.11 -385.453 2.76688 -8.79006 -2.70631 328
402.169 -641.645 1050.65 2.53559 -4.01799 6.56637 314
402.373 -1332.15 1186.95 2.45585 -8.05873 7.2302 87
414.238 -99.0701 262.317 6.36975 -1.27095 3.98855 298
436.77 265.597 -248.067 3.04325 1.87102 -1.74113 322
442.4 -134.377 -216.114 2.60952 -0.713773 -1.28017 473
442.511 -309.712 59.0021 2.58783 -1.734 0.348056 21
446.132 254.995 -239.983 2.58413 1.57592 -1.43823 192
454.055 135.798 70.1441 2.83568 0.868673 0.439162 20
461.675 -159.584 -82.7967 2.82267 -0.922803 -0.48584 424
461.997 60.279 -250.339 2.65794 0.420576 -1.49986 291
499.701 28.2818 5197.1 6.42555 0.36455 66.8295 356
509.019 -161.648 140.002 3.44456 -1.05054 0.92319 384
522.593 101.783 -57.2024 3.54614 0.729366 -0.376162 279
534.321 743.099 918.975 3.20914 4.52256 5.58426 220
538.078 296.708 -1628.87 3.61489 2.00779 -10.9877 331
551.011 149.678 164.16 4.84344 1.34977 1.48458 464
557.047 -554.216 229.204 3.34677 -3.27684 1.3902 68
568.612 -596.559 3160.96 3.92162 -4.11229 21.7874 93
611.221 -487.074 -594.06 3.70802 -2.86848 -3.61396 312
617.828 729.806 -460.552 3.85795 4.62615 -2.88935 36
638.111 -431.943 -510.231 4.36496 -2.95221 -3.47894 405
684.898 -937.978 -11249.7 4.32497 -5.92055 -71.0288 134
713.804 309.458 -605.694 4.56256 1.98637 -3.87167 402
729.969 -72.733 -906.801 4.61973 -0.457493 -5.76017 166
730.688 1609 176.552 4.58479 10.1379 1.11025 410
784.768 -518.231 -207.556 4.8721 -3.21578 -1.29242 281
787.207 -199.301 216.101 4.81234 -1.17744 1.33826 438
797.462 654.888 1384.25 5.34762 4.39496 9.27944 138
814.619 -117.619 -872.379 4.90323 -0.667956 -5.28194 453
848.947 392.289 -152.794 5.15252 2.44005 -0.918447 360
929.128 -252.405 333.46 6.06539 -1.63205 2.20281 169
952.2 808.739 656.841 6.35062 5.39407 4.37463 156
967.251 738.629 -193.362 5.92296 4.4652 -1.21177 310
978.975 -666.73 -235.126 6.1964 -4.1055 -1.46898 427
1006.75 -64.0386 -299.827 6.75433 -0.383528 -2.02695 200
1011.18 -5904.13 317.711 7.32338 -42.7515 2.30038 183
1031.32 229.121 -1075.11 6.21977 1.43674 -6.47696 267
1062.45 991.6 642.04 6.64749 6.22411 4.03136 49
1125.38 1478.2 -446.639 6.86444 9.03452 -2.72376 329
1149.49 910.117 1117.77 7.04243 5.58676 6.85918 221
1161.13 86.8392 -1132.12 7.06014 0.564006 -6.88961 426
1239.6 -645.152 939.74 7.62901 -4.03736 5.90903 361
1250.49 613.571 1205.71 8.42933 4.14696 8.13705 238
1264.92 -527.032 -244.411 11.7898 -4.90266 -2.27014 327
1305.74 -350.655 -1006.77 8.39173 -2.26186 -6.48074 483
1334.05 -2004.69 -162.25 8.40774 -12.7052 -1.01664 437
1359.51 -1865.34 3932.53 8.63216 -11.8334 24.9606 403
1395.75 1363.7 -1195.43 8.7993 8.76014 -7.59934 194
1494.9 541.716 -1810.45 9.24415 3.38492 -11.2918 91
1502.1 -1278.7 -367.371 11.5573 -9.83381 -2.82618 271
1552.88 -191.686 488.375 10.0419 -1.24999 3.17449 222
2001.04 -1715.06 1539.7 12.8609 -11.0146 9.8938 32
2104.65 -198.244 337.447 15.331 -1.42163 2.46043 270
2436.63 -165.491 2875.19 16.4766 -1.11888 19.4459 412
2893.41 -7921.58 -6721.77 18.9 -51.7416 -43.9047 317
4148.96 -710.348 2363.8 25.3134 -4.30565 14.4185 121
13606.7 83.4452 1493.25 94.3104 0.578627 10.3491 463
