-27.2265 9.41041 8.97105 -153.594 57.2766 20.5106
-23.4794 5.82351 -7.07209 -112.052 -85.6095 -34.1768
-23.6459 15.1347 -7.61032 -147.693 -67.7729 24.5784
-22.1835 -10.5487 -5.01524 -115.527 -113.279 22.9872
-20.5336 -15.4315 7.48232 -47.534 -76.3988 27.4466
-19.9317 -0.0722122 1.84278 -73.3986 -61.3997 -72.6103
-19.6599 -1.21519 -2.74419 -89.2808 -9.73564 16.1063
-19.4841 0.469952 0.881864 -84.4075 -90.3212 -25.2096
-19.2015 -6.37357 -0.56993 -66.2085 -65.8262 23.7374
-19.2268 0.560622 1.57769 -77.5259 -93.0924 -56.929
-19.2337 -6.43786 -2.2526 -80.7367 -211.932 -40.2677
-19.0134 -3.98335 -0.730401 -73.1225 -62.4549 38.8261
-19.1172 2.89714 1.61194 -86.3695 0.571943 -62.4319
-18.7938 -3.59527 2.0196 -66.1675 -75.5998 -85.5295
-17.9848 -5.474 -0.482433 10.0219 -43.1362 -78.6255
-18.6614 -5.64091 0.619141 -60.0539 -87.8084 -30.8398
-18.8443 3.69477 0.393042 -89.9101 -105.435 -20.9678
-18.7292 0.23756 0.446757 -78.7209 -77.0811 -27.2735
-18.831 4.97589 -0.660089 -97.4392 -51.9052 24.5278
-18.1048 -3.87337 -0.310479 -26.4296 -145.371 11.3487
-18.8381 8.01198 1.05655 -103.642 -17.2554 -14.5807
-18.365 -0.926702 -2.32089 -58.325 -114.905 61.7293
-18.5974 2.43058 0.683497 -88.2644 -49.1526 -34.0474
-18.2975 -2.66379 1.85802 -64.0283 -113.616 -83.2202
-18.1729 -6.45168 1.74849 -53.1339 -85.9661 -84.5646
-18.1916 -1.56377 2.81908 -57.1222 -143.915 -107.868
-18.2419 -3.58489 -0.955095 -64.5047 -57.4372 43.5018
-18.1485 7.12406 2.2942 -60.92 38.8472 43.6611
-18.4342 5.90962 0.564843 -96.783 -25.0986 -77.1449
-18.1077 10.9943 -1.8664 -66.2293 -112.244 -24.7545
-18.2658 -0.0264553 -0.512725 -82.7126 -63.829 36.9398
-17.2594 -9.42629 -0.397894 17.1352 -101.457 8.41222
-17.9593 -20.1133 4.32205 -66.4207 -184.786 103.975
-17.511 3.02998 -0.117475 -29.0588 -198.994 21.3995
-17.9421 -5.02137 -0.687215 -73.6865 -10.5838 55.7662
-17.3425 1.36187 -1.24601 -16.6563 23.1693 -71.0708
-17.9426 0.0661201 -1.19221 -78.909 -66.6937 67.361
-17.9138 -0.643833 1.05848 -76.6038 -34.4634 -54.6136
-17.8837 -4.25528 0.362941 -75.5036 -37.5135 -10.8772
-17.8626 1.66292 1.34669 -76.7076 -102.251 -85.419
-18.0933 5.9901 -4.13385 -102.9 -17.1278 7.74749
-17.5059 -3.6984 0.364234 -46.6665 -105.542 -21.2451
-17.1398 -7.91167 -0.971832 -11.7922 -147.15 19.4265
-17.4892 -8.73689 -1.87826 -56.7609 -75.2927 101.725
-17.968 -0.409881 3.01374 -108.211 -47.9244 -25.8509
-17.6951 2.13768 -0.659081 -81.6634 -50.2863 23.7365
-17.8486 6.10613 0.298151 -97.863 -40.5801 -63.6862
-17.2908 -4.68544 -0.676109 -44.1707 -101.458 27.9289
-17.423 -4.81651 1.73999 -57.9792 -85.8542 49.2176
-17.6056 -5.02324 -1.24422 -76.4638 -160.474 103.303
-17.955 0.126888 -0.065807 -112.166 -181.02 112.239
-17.0877 -4.90725 -2.37925 -27.257 -123.402 102.411
-17.3616 -6.57633 -1.41179 -62.0844 -68.3706 58.3989
-17.3162 6.10063 0.411702 -67.7228 6.12451 -127.596
-17.3777 1.38646 -1.65692 -74.2295 -38.0886 -9.41273
-17.2236 -2.95112 1.08431 -59.5439 -84.5315 -43.7561
-17.5179 4.51519 -2.02956 -89.515 -43.3534 86.7789
-17.105 -6.41548 -2.04289 -48.9471 -195.19 14.0045
-17.2565 0.270302 0.951902 -70.8856 -73.2251 -49.527
-17.0554 -4.20145 -2.41244 -51.1321 -77.5044 -17.1493
-17.358 5.6517 0.865282 -82.4285 6.9982 -5.46837
-17.1175 -10.3682 -0.565813 -62.6198 -68.1337 -0.469618
-17.2457 3.62372 1.76119 -80.0271 -7.04824 -84.3728
-17.1043 -5.00123 -1.29335 -66.036 -59.3678 42.2658
-17.1275 0.422223 0.168888 -70.0362 -79.5103 5.17081
-16.7368 -7.17009 0.428257 -31.3676 -113.125 -3.67025
-17.293 5.04933 2.00783 -90.909 -69.0857 -95.5894
-17.237 5.54603 2.87195 -86.6541 -18.4415 -41.1825
-17.2955 5.43218 -1.38549 -98.377 -123.693 72.2281
-17.2824 10.3629 0.593025 -98.9771 8.29343 -21.3958
-17.1744 9.93667 0.0472738 -90.1129 17.391 -7.56258
-16.7359 0.381556 1.00732 -48.4421 -77.036 -38.4348
-16.6504 -4.48576 0.406026 -39.9953 -97.9188 -20.8589
-17.2696 13.5554 0.235163 -102.707 -10.9382 -28.1831
-16.492 -0.731667 0.277315 -33.1569 -169.351 -7.66604
-16.8361 -2.94146 0.261073 -68.8789 -84.1723 -12.5332
-16.3375 -4.13533 -0.20287 -19.3795 -140.242 4.34418
-16.5245 -9.41493 -1.06093 -38.9421 -93.5076 31.2583
-16.4892 -9.13266 0.240084 -37.762 -93.7758 -18.7361
-17.2057 8.79705 -1.31982 -110.787 -56.2395 44.0052
-17.0254 9.2358 0.181364 -98.8782 -9.00634 1.79391
-17.0389 7.74741 -0.601913 -100.303 -37.8251 -25.199
-16.0919 -3.92629 1.92886 -8.01441 -139.988 -91.8286
-16.1728 -1.73314 1.39736 -16.2715 -111.217 -78.3439
-16.8005 7.42665 -0.362526 -86.7238 -13.7743 -74.4609
-16.0054 -3.71817 -1.58396 -8.38461 -147.866 66.9097
-16.839 8.96599 1.76459 -94.9515 -2.6222 -69.8811
-16.4519 -10.0021 -0.372945 -59.3562 -63.2797 -8.14559
-15.8915 -2.70289 0.219926 -9.78098 -154 -12.2459
-16.5906 5.27462 -2.47653 -85.7162 -20.962 65.5102
-15.9091 -11.5439 0.687407 -18.293 -118.634 -16.0296
-15.9432 -7.90586 1.17164 -21.7667 -119.114 -76.0467
-15.9602 -12.7926 -0.924592 -27.6804 -102.269 37.9666
-16.7911 9.94544 3.40705 -110.322 -27.0512 12.4704
-15.3621 -7.87263 -2.53846 27.595 -69.5342 94.939
-16.597 2.5397 1.53669 -100.497 -57.2286 -23.0227
-16.3137 0.901533 1.92392 -74.3344 -98.8411 -74.6175
-15.5376 -10.8833 0.844645 2.00769 -130.309 -24.9676
-16.5717 10.9706 -0.539843 -104.163 -0.761696 1.16207
-15.5457 -5.63391 0.0386617 -2.85933 -136.845 12.2935
-16.1285 -0.75986 3.41805 -61.5883 -82.9694 -165.849
-16.1002 1.97341 -0.449476 -59.4149 -145.512 32.2444
-16.2495 1.90496 2.51893 -74.5132 -33.2333 -116.567
-15.5475 -1.89429 0.538031 -6.02777 -183.213 -26.5573
-14.9841 -9.29106 0.736671 47.4599 -152.143 -36.486
-16.2443 6.06891 0.5063 -79.5842 -26.9694 24.9742
-16.0649 -4.67053 -3.34555 -62.1652 -57.0187 135.968
-16.3763 6.29151 -0.158565 -95.1683 -152.078 -9.22982
-15.2992 -21.5962 -8.17562 11.7551 -20.4531 110.59
-16.0527 5.86012 -1.23139 -63.5085 -62.0215 115.002
-16.1585 2.93762 -1.32699 -74.903 -80.1342 57.2113
-15.2899 -3.59299 0.0929323 10.6195 -241.243 70.9203
-16.3178 -1.98328 -2.79209 -92.2562 22.2679 -6.68124
-15.9604 14.7159 -1.47187 -58.2251 33.682 -94.7881
-15.7052 -3.7334 2.14255 -34.4646 -113.611 -99.1656
-16.2238 5.54743 1.12323 -88.4405 -136.976 -41.7593
-15.577 -24.2771 15.9718 -28.2884 -213.705 43.8377
-15.8616 2.26524 -0.377194 -58.1435 -157.834 28.7958
-16.2951 8.17752 0.442725 -102.873 -47.0945 -34.7668
-15.248 -2.95539 -1.57851 -3.474 -165.433 66.9129
-16.1414 9.22185 0.664759 -93.0858 -3.98323 -65.2918
-15.9886 -8.74937 0.0864157 -78.3437 -47.572 5.40147
-16.3613 6.18436 -2.10093 -115.75 -25.0331 -21.4406
-15.7973 -1.75877 -4.18347 -59.7258 -57.0783 151.451
-16.0656 4.57484 1.13381 -86.7034 -94.2621 -42.3344
-16.2939 7.47769 -0.156097 -111.51 -70.8995 38.918
-15.8849 1.79821 2.32219 -73.315 -74.0288 -78.1053
-15.5431 -1.99778 -1.72397 -40.9551 -103.023 82.5366
-15.1769 -6.77417 -2.24712 -6.09788 -137.965 79.9855
-15.9563 4.95653 0.143347 -86.8509 -76.6457 -10.9884
-15.6119 -8.08181 1.4473 -56.7302 -57.8016 -50.2194
-15.2681 -6.34597 0.77136 -24.1574 -109.531 -20.6369
-15.5051 1.21649 -2.7993 -50.4531 -108.745 137.87
-15.6977 2.47825 2.10078 -71.9894 -60.9295 -97.581
-15.7337 3.61189 -2.42056 -75.6261 -19.7733 104.973
-14.34 -8.17549 -2.151 61.6221 -163.246 94.2046
-15.248 -11.6225 4.50782 -29.9488 -284.237 16.0182
-15.1517 -9.87253 -0.350831 -21.9837 -103.84 22.4522
-15.3566 -1.26559 -2.21224 -42.3543 -134.278 104.554
-15.5248 -2.41797 2.05623 -62.634 -91.3563 -86.8666
-14.5662 -11.6138 -1.01471 31.9802 -140.812 57.1273
-15.8303 7.43927 1.03184 -98.4601 -42.319 -18.3634
-15.2155 -7.12513 3.76031 -41.1843 -82.459 -155.392
-15.7847 8.44102 0.909801 -98.2335 -29.26 -45.4871
-15.6847 1.36295 -0.985136 -90.9616 -116.763 43.4494
-15.8602 6.01283 2.24658 -109.004 -23.105 -111.157
-14.5565 -6.22548 0.736215 20.3734 -144.313 115.501
-15.5292 2.77253 -3.84568 -77.0154 -84.3558 168.416
-14.6308 -10.4108 1.15497 10.2422 -120.862 -55.4938
-15.7872 8.97077 -0.0483222 -107.451 -113.746 -5.36393
-14.4798 -12.0122 0.922484 19.5736 -131.852 -30.2457
-14.6234 -4.78325 -0.808019 0.899982 -150.065 49.6437
-15.4143 3.74533 -0.410515 -79.9882 -128.425 13.224
-15.1722 -5.94376 3.29515 -56.0788 -51.6463 -153.601
-15.5963 7.23163 1.84348 -102.131 -82.5167 -51.9891
-14.2518 -6.50681 -0.457045 30.3615 -165.437 35.7408
-15.7632 9.66268 -1.44457 -126.219 -96.0688 41.5383
-15.5567 7.01735 -0.852865 -106.147 -115.386 41.3523
-14.8735 2.70908 -0.218884 -40.8412 -173.451 20.7033
-15.3189 5.71193 1.72473 -90.7585 -149.745 -69.358
-14.454 -13.0245 -0.50169 -5.87105 -111.921 34.5386
-15.059 2.27896 0.449477 -66.3249 -156.443 -8.98077
-14.5691 -7.34979 -0.484961 -18.2385 -105.575 15.0938
-15.5485 17.1968 0.175659 -117.986 -117.297 -14.9984
-14.775 -13.017 -0.643117 -47.9669 -78.8711 37.0533
-15.4499 9.91887 0.0583884 -117.501 -67.4855 15.2242
-15.2407 0.459826 3.39693 -96.9035 -102.062 -0.900085
-15.454 10.7126 -1.74974 -118.288 -41.7864 84.0662
-14.6156 0.328394 -4.23182 -36.8762 -137.921 157.338
-15.4458 -1.7946 0.445944 -122.718 16.1165 -0.907731
-14.9869 9.21533 -1.62053 -77.828 21.7106 52.6572
-13.9792 -6.31648 -5.58504 17.8628 -143.375 140.08
-15.0709 5.64064 1.70078 -93.3018 -113.673 -81.1686
-13.8824 -7.35659 -0.647726 21.1362 -139.323 34.9279
-13.2847 -34.2922 14.6203 79.8266 -124.207 -1.94904
-13.7881 -6.156 1.98622 29.4557 -158.861 -54.7205
-15.0974 7.38617 -2.13062 -102.733 -129.493 52.6826
-13.8662 -9.30988 -1.68304 15.9097 -134.069 72.9376
-15.1036 10.6085 0.742531 -108.01 -20.6622 -55.0763
-13.542 -12.2834 1.65573 47.0512 -136.335 -89.198
-13.6924 -5.60678 0.275399 28.95 -151.029 -140.721
-14.7349 16.8612 5.4173 -74.8859 -46.5461 -63.421
-14.5014 -0.779736 -9.45473 -53.9539 -91.3492 45.1362
-15.1506 9.36721 1.29181 -119.705 -72.6985 -36.1489
-13.5456 -13.0757 1.27916 39.0325 -137.679 -15.7579
-13.8745 -8.01793 0.643972 5.63571 -121.228 -23.292
-14.0761 -12.8709 -0.747586 -14.5527 -99.3139 23.6899
-14.2379 1.82804 -6.1657 -31.153 27.7035 2.61419
-13.3402 -7.26259 -1.82343 57.7335 -166.985 79.6142
-14.7211 10.6338 0.621223 -84.9699 15.9671 -9.99884
-14.5929 3.84821 1.44178 -73.1635 -126.012 -67.6397
-13.5891 -10.8098 -0.144937 26.2267 -126.732 -2.56546
-14.2319 -14.9421 0.0995663 -38.3891 -79.1653 -10.6613
-14.7926 6.27506 -0.969664 -97.3779 -92.6394 46.4787
-13.0794 -10.3329 1.25122 64.6089 -146.096 -5.82191
-12.3269 -11.9717 -0.572497 139.158 -104.284 58.0234
-14.1985 3.45232 1.01691 -53.7496 -205.855 -51.2739
-14.4787 13.5778 -0.0719712 -87.8088 32.8204 -3.81361
-12.8984 -6.31012 -0.887329 69.0791 -181.578 37.4786
-15.0106 15.3196 -0.491911 -143.627 -194.473 2.89504
-14.606 11.4975 2.97725 -109.089 -10.5328 -115.993
-13.967 -12.5159 -0.787177 -50.0484 -69.4228 43.1775
-13.1795 -0.0384922 -2.18594 22.1095 -215.793 96.9457
-14.2006 9.47338 0.347504 -80.4763 -67.0033 -68.8434
-13.7535 2.94155 1.18282 -36.4728 -180.018 -43.4621
-12.5957 -6.22249 1.43463 72.9177 -169.626 -67.343
-14.3782 7.78188 -1.18534 -109.444 -121.823 83.0072
-13.5402 1.99762 -0.348401 -29.4156 -194.103 28.079
-13.6259 -9.30163 -3.02286 -38.9718 -69.7257 132.043
-12.756 -7.45233 -2.90921 41.3578 -149.309 128.723
-13.0144 -10.622 -1.99463 15.0709 -119.714 81.2367
-12.189 -10.9913 2.0616 96.1306 -144.359 -72.2976
-13.5391 1.95217 4.38668 -39.3526 -134.828 -188.322
-14.2137 8.89672 -2.23391 -108.655 -51.5018 117.378
-13.8008 9.48653 2.24484 -68.4438 31.1115 -112.137
-13.0079 -7.88676 -3.67751 6.73635 -120.528 154.863
-13.8791 5.06319 3.72216 -81.6921 -99.5192 -172.133
-14.0253 13.9397 -1.89131 -104.168 12.8695 78.4269
-13.7447 3.64619 3.32087 -79.85 27.835 -77.0842
-13.7465 11.3996 3.17478 -85.973 17.277 -73.558
-13.9867 8.43285 0.884636 -112.714 -94.9205 -53.0713
-13.7752 -4.52261 -1.02022 -95.5962 44.6329 -65.1343
-13.7108 6.15604 1.21621 -93.6534 -92.5782 -94.5506
-12.4947 -10.2054 0.833324 16.5156 -112.451 -46.149
-12.581 2.12767 -0.31979 5.05341 -242.649 17.9693
-13.5533 9.73557 3.5617 -92.2179 -7.96549 24.0367
-11.3014 -12.2349 0.268066 127.212 -151.402 -8.16602
-13.7296 8.2199 -2.5083 -114.118 -106.206 138.835
-12.0969 -7.17118 -2.83559 45.1879 -131.478 125.567
-11.9937 -0.128398 -2.59124 48.6569 -207.166 113.938
-13.8048 11.3507 -0.660484 -136.979 -71.4381 9.12386
-13.2938 0.0489147 -5.76091 -87.5811 -73.3214 -66.3959
-13.4443 9.92341 -3.02456 -106.106 -42.3413 124.68
-12.0347 -5.08678 -2.70241 33.229 -146.063 152.223
-13.4605 8.42403 -1.91493 -113.575 -103.326 73.8214
-13.2655 10.6414 -0.457133 -95.2814 -8.90708 -18.1626
-13.5938 10.7317 2.01619 -129.721 -81.978 -86.5311
-12.5284 -13.1783 2.08194 -27.2503 -80.666 -13.7935
-13.3173 9.51992 1.77038 -108.105 -45.7021 -75.6341
-12.7801 1.2199 4.23469 -57.8352 -13.6122 -193.497
-11.9838 -13.7266 0.932636 21.2276 -114.417 -83.2364
-11.834 -12.937 1.67184 35.5139 -120.365 -114.972
-12.0876 -1.26842 3.48087 4.39136 -176.603 -160.721
-12.2439 -11.3317 3.50136 -12.1082 -88.8967 -148.014
-11.4564 -21.8827 -3.86523 66.0139 -49.3729 20.6461
-13.0666 8.70159 -0.702188 -114.04 -87.4683 27.9233
-10.594 -11.1882 -1.35644 129.395 -135.983 64.8809
-12.1008 -11.3604 0.851669 -22.0557 -82.0092 -47.3
-13.0974 9.05704 -0.509832 -133.456 -45.0048 -10.7904
-12.5031 11.2898 5.53364 -77.0627 -171.474 -260.811
-11.9905 -5.4861 -4.0009 -26.986 -67.7658 192.091
-11.5878 -9.96836 -3.95813 12.7921 -97.0908 161.392
-11.159 -15.5476 1.57406 54.5127 -123.43 -66.4915
-12.5944 -5.60919 -3.18354 -95.5676 -164.706 46.0771
-12.5769 13.9755 -0.592015 -102.131 15.8404 86.1401
-11.9962 -2.46838 -5.16373 -45.1879 -41.1855 236.976
-12.1241 4.0865 0.745207 -57.9523 -228.015 -24.481
-12.4829 5.90009 -2.82118 -96.9516 -101.817 129.769
-12.7179 11.2208 2.01426 -124.174 -44.5104 -74.1745
-11.0362 -11.7376 -0.720726 40.8358 -115.358 53.3379
-10.7062 -10.0141 0.177419 68.8609 -187.802 23.2563
-12.5145 9.57804 1.9316 -114.805 -64.3432 -83.0998
-12.6488 12.0007 -2.1998 -137.223 -71.3707 88.4217
-12.2728 11.4227 0.269137 -106.27 -18.6157 53.1493
-10.1546 -5.25473 3.70672 102.012 -145.018 -179.662
-11.1418 -12.1401 -0.974618 -1.04694 -92.8244 81.0445
-10.3419 -14.9508 -2.2861 74.3966 -129.719 44.2045
-10.2239 -28.4037 7.70066 84.1959 -50.917 -69.6859
-12.3691 10.4388 0.118257 -137.812 -94.3321 -1.06865
-10.9488 -10.095 -4.12421 -10.2866 -80.6395 195.437
-9.41225 -5.57018 3.1127 141.291 -149.33 -163.072
-11.8904 14.2289 -2.41913 -107.305 7.69256 94.4953
-10.7507 -12.9614 -0.278812 3.55774 -95.2725 -25.4956
-8.61019 -3.39903 -1.16174 214.554 -171.353 46.8728
-10.7008 -12.9729 0.970988 2.99847 -91.4418 -21.9629
-11.6269 15.5842 3.00532 -98.816 32.4041 -79.9154
-9.26743 -8.9635 -3.01848 129.761 -125.738 139.354
-9.32934 -13.3738 -0.662021 119.448 -125.437 27.2161
-11.9062 12.289 -7.51835 -141.929 -265.408 292.2
-11.7572 11.5178 -2.5438 -136.513 -66.793 77.6212
-11.6053 12.613 0.703743 -127.686 -46.4898 -17.1708
-10.5871 -4.24249 4.12876 -31.6511 -182.081 -3.71049
-11.0277 12.3888 -2.16475 -80.0893 24.0165 84.5223
-9.22477 -11.6272 -2.43328 98.8518 -126.311 62.1232
-11.2519 8.95719 2.79632 -105.341 -55.4838 -136.643
-10.3587 -13.4748 -1.36468 -18.7704 -78.5973 23.2014
-11.0949 16.7585 -1.95414 -101.73 38.0216 1.6371
-9.35582 -16.2938 -0.710585 70.0227 -115.79 28.9587
-11.553 10.7673 -0.490975 -150.385 -122.334 26.3085
-9.44139 -19.9339 -7.22862 56.3252 -96.1766 -7.23495
-8.93226 -14.8211 -0.545569 104.739 -120.743 42.7792
-11.1047 16.0833 0.154444 -113.5 14.2712 35.9503
-11.2237 12.4814 0.094362 -129.512 -43.8421 -22.7737
-9.4269 -16.1485 -8.54547 45.8482 -111.717 29.6194
-10.7016 14.4865 -3.72328 -88.467 74.9745 52.0509
-11.1355 15.4886 2.0268 -132.708 -8.42058 -28.9447
-9.31705 -8.52491 3.00975 42.4449 -195.936 -54.6893
-8.78531 -36.3012 4.78202 89.3818 5.32481 -118.54
-10.7424 13.2533 -0.108301 -106.601 -1.29681 -8.70472
-8.66327 -11.3637 -3.40187 86.4147 -111.713 107.831
-9.01876 -20.3716 -1.4789 45.1343 -68.6326 8.61324
-10.7847 20.9408 -1.08164 -136.185 -111.045 14.3252
-8.96414 -14.0243 -1.91083 44.1356 -106.016 32.0599
-8.59354 -1.96633 -6.4974 75.3257 -199.859 10.1796
-9.51012 -7.52418 4.97865 -16.3342 -65.242 -227.213
-10.1088 18.0645 -0.389162 -80.0814 -95.4138 7.43328
-10.2835 14.9189 -3.23634 -101.361 23.8146 113.538
-8.93305 -13.5402 -1.83723 29.7341 -72.1339 87.8201
-10.6844 13.5982 -0.383412 -144.296 -46.0784 45.6138
-10.3203 8.98432 -2.97621 -110.803 -93.3791 138.012
-9.95719 18.1253 0.88229 -78.3817 60.4036 -17.5971
-8.95943 -17.2874 0.172354 15.7033 -101.827 -29.9091
-9.05896 -14.6048 2.38896 5.08832 -92.9183 -120.951
-9.00476 -14.4056 0.459098 4.31198 -88.4664 -16.6003
-8.27837 -23.9643 9.76787 72.9833 -110.627 53.3708
-9.63907 11.4665 3.13073 -91.611 54.7417 -71.7539
-8.00417 -14.8063 1.38837 68.2972 -106.886 -44.933
-8.14386 -14.5136 1.05194 54.0892 -102.436 -50.329
-7.62749 -11.9631 -2.95397 105.195 -184.457 109.428
-9.86514 18.5184 2.03098 -119.329 -71.1976 -158.483
-7.59762 -18.2742 -3.955 93.5475 -11.7221 151.323
-8.39429 -13.0684 2.11504 13.9608 -89.8841 -107.322
-9.37051 6.61627 2.76244 -83.9464 -206.425 -127.646
-7.6215 -16.8165 0.582535 71.1432 -102.838 -25.2206
-9.36993 13.939 3.64 -110.781 0.518755 -116.648
-6.80747 -12.6066 -3.43392 140.521 -99.3853 142.804
-6.87532 -14.9865 -0.291617 133.07 -103.554 -16.7777
-7.2659 -14.9566 -1.21413 91.6547 -71.9851 53.7858
-9.52692 -2.82972 4.64172 -139.747 5.21151 -80.2711
-8.10811 -13.0486 -2.19886 -7.77964 -100.492 102.194
-6.22518 -26.1018 7.46637 159.989 -2.54085 -52.5785
-9.31523 12.8437 3.3001 -150.862 -62.1048 -123.309
-8.63066 11.8388 5.6566 -84.9134 56.3507 114.745
-6.60765 -14.0719 0.389161 115.953 -95.4088 -31.0785
-8.98941 8.72403 -0.0875742 -129.23 -188.476 -5.46302
-9.2256 14.8755 0.492414 -158.281 20.7306 15.2669
-7.23889 -17.4285 1.44915 36.9818 -103.177 -97.1978
-8.65775 6.8756 5.08529 -125.167 59.5229 77.368
-8.26901 12.3504 5.03492 -95.2898 6.69845 -194.769
-6.12765 -1.49631 3.92912 113.179 16.285 150.58
-8.6142 12.911 1.38659 -135.891 -36.5221 -60.7409
-6.5265 -10.526 -1.57511 69.304 -186.711 97.666
-5.48205 -14.508 0.531022 172.204 -83.5204 -45.2757
-7.33204 -15.9796 2.37651 -15.564 -78.0079 -80.3396
-7.79214 15.123 -0.450297 -68.3222 37.9193 44.4397
-8.04223 17.3281 1.56422 -100.448 20.078 -29.1714
-8.71238 13.7816 1.18351 -167.501 61.7009 -8.03222
-6.51726 -15.0866 2.047 49.7466 -90.5765 -92.9837
-8.38049 13.1794 0.193912 -137.804 -33.8975 42.1096
-6.90109 -16.1881 3.17991 8.60589 -137.821 -69.3832
-6.25333 -16.4937 3.20542 72.6308 -79.0961 -85.2501
-7.69811 16.6684 1.8273 -78.6983 50.5595 -8.63935
-7.7209 11.8782 8.54009 -88.7751 34.8508 68.5814
-6.16458 -14.9317 -1.77943 58.719 -59.5928 -77.9941
-5.8401 -15.1655 0.390771 70.202 -90.3371 -31.9696
-7.74294 10.4016 -5.27804 -120.311 -47.5504 186.806
-8.32153 15.7657 -2.61282 -178.366 -44.0425 154.205
-4.60298 -13.8107 1.28145 190.373 -55.478 -75.2001
-8.00927 14.448 0.63203 -148.821 -37.3646 5.34136
-4.74488 -14.0452 -1.6732 173.745 -81.7832 101.282
-5.69694 -7.98601 -11.0409 77.696 -82.084 16.4341
-6.036 -11.9805 -2.18266 31.9351 68.3765 -158.476
-6.97166 17.011 0.666372 -65.8232 57.5224 -3.82877
-4.06032 -11.7609 3.11941 205.631 -45.2964 -134.738
-5.81636 -18.5006 0.429723 30.1676 -95.6721 -36.6092
-5.91945 -15.62 -0.874736 17.159 -84.0742 39.0147
-5.95782 -14.5841 -3.17787 1.00893 -126.572 239.773
-4.16023 -15.8997 1.53217 167.496 -71.9866 -89.352
-5.06249 -16.9315 0.666765 76.838 -93.6515 -12.0948
-6.33949 16.3204 1.47586 -50.8679 59.2359 -48.7816
-7.02629 9.71858 3.96763 -119.854 -58.1908 -183.429
-4.12565 -15.3578 -1.29882 166.461 -76.3177 39.0657
-3.99601 -12.6261 2.08385 164.213 -60.185 -110.211
-7.22778 14.2125 0.244546 -168.36 -46.0913 23.4848
-7.34581 13.6429 0.734097 -182.135 -81.1134 -31.3003
-4.30736 -15.0519 -1.13725 116.658 -83.1377 29.4033
-3.67198 -19.1402 -1.39907 179.569 3.79379 -23.8832
-4.17486 -12.2095 3.21567 125.616 -65.2563 -163.057
-4.6376 -2.77594 -5.31949 76.3256 -8.50365 -159.181
-5.66323 5.9727 9.86763 -26.8139 117.128 -40.2984
-6.20131 14.8816 2.39333 -82.6364 35.3833 -115.513
-7.14016 12.08 2.20908 -176.355 -111.189 -104.562
-4.62121 5.39812 -1.83202 66.7446 -181.888 21.448
-5.88302 -9.6363 10.7511 -67.9337 -37.682 38.7256
-3.64079 -31.555 4.95905 153.954 -224.195 124.7
-6.5656 15.7571 -0.251079 -139.298 25.9213 44.0134
-3.33019 -14.8352 0.548841 177.587 -146.48 -0.0533893
-4.53422 -19.1625 -2.61525 55.5793 -97.3629 58.9787
-3.83722 -17.8883 0.644756 122.296 -92.1689 3.15047
-6.45989 13.614 1.57981 -145.22 122.318 -70.5575
-5.96966 18.4573 -9.06318 -102.888 17.9864 122.777
-3.22941 -1.13331 -7.60335 158.173 103.817 -10.8479
-4.37102 -17.5938 1.10918 43.4041 -78.9451 -31.4695
-6.01678 14.7577 -0.427008 -131.233 4.18146 36.2829
-2.43515 -18.0342 1.07516 222.417 -111.808 -57.7299
-4.05689 -15.9593 -2.9719 58.9164 -81.4151 84.9657
-4.29324 -7.28737 9.00916 30.4737 -156.318 -85.6514
-6.09968 18.3954 -0.484314 -156.134 -117.98 37.2657
-5.19536 15.3723 -1.41382 -73.5849 44.9736 68.4254
-5.18249 11.2921 6.86153 -72.4745 96.4913 -111.391
-4.13621 -20.1694 -0.995999 30.5825 -97.1255 -16.9627
-5.62943 13.8265 -3.62728 -122.646 2.82722 179.778
-3.59265 -16.32 1.72732 77.299 -94.9455 -102.035
-5.21592 19.6283 -1.55569 -87.1234 66.2823 43.3401
-6.15506 13.6358 -1.1453 -181.06 -63.1147 83.7848
-3.98458 -16.8052 0.98578 31.3667 -81.0921 -26.892
-5.30263 15.7814 -1.09112 -103.434 31.08 72.9694
-3.92249 -17.2989 1.33639 22.3465 -91.4932 -42.2994
-2.94115 -19.1443 -0.399044 108.221 -87.3441 -6.21995
-5.40885 11.8507 -4.29887 -141.83 -26.1369 138.732
-2.17582 -16.6212 1.96093 170.585 -53.7102 -59.5489
-2.26018 -12.7881 4.23723 157.547 -39.2962 -169.169
-5.63106 13.6765 0.144571 -178.487 -47.0528 -68.7417
-3.28248 -19.3786 -1.97519 49.3836 -92.9336 61.351
-3.49675 -16.9719 -0.501479 26.254 -83.112 -29.5679
-5.18157 17.614 0.899047 -142.176 20.4559 -14.6539
-4.9226 13.4744 3.14119 -138.481 -8.06515 -126.713
-2.53756 -19.9351 -0.0249032 89.046 -85.4185 -24.0014
-2.28507 -12.994 -1.87575 113.081 -171.095 29.7709
-1.33558 -6.95707 1.54951 198.505 209.849 -55.7709
-4.3918 19.4517 -0.273272 -105.618 58.7951 -10.3744
-2.41533 -17.1064 1.39017 87.1795 -74.5526 -84.3898
-2.37451 -17.9388 1.33261 84.1358 -83.2543 -82.9684
-1.92884 -17.7309 0.651101 113.17 -73.8596 -53.5209
-4.45456 17.9125 -0.66422 -140.969 34.2458 -0.0786517
-2.22468 -16.8812 2.75957 78.8303 -74.5069 -146.001
-2.18832 -15.6968 -3.1035 78.7302 -68.2611 120.43
-3.76162 16.3012 1.66659 -85.444 51.1155 -94.3856
-1.15062 -14.7024 2.08996 159.029 -35.7898 -136.438
-2.96102 16.5807 -3.1215 -29.4145 45.8176 155.344
-3.14118 18.8225 1.57212 -47.7916 74.4708 -54.2654
-2.14456 -17.3022 1.07878 47.8553 -82.7442 -17.747
-1.18677 -13.4806 3.7539 139.231 -45.4416 -135.781
-3.76725 18.6004 -1.4126 -118.827 50.9684 42.2241
-3.92458 16.6999 -0.538922 -139.752 27.0098 -3.52754
-0.600889 -14.6562 0.0251798 189.142 -24.2973 30.6275
-3.9161 19.4346 4.81428 -144.239 19.0905 20.5493
-2.28855 -17.6537 1.68495 13.8581 -79.0122 -101.376
-3.82492 14.8975 -2.05071 -145.62 90.4087 98.0824
-4.03373 9.40304 -6.9336 -175.013 22.8142 51.6674
-1.31417 -18.1536 0.231013 93.8106 -75.1384 -0.806262
-3.59468 16.4976 -2.40383 -147.88 19.4454 81.3286
-3.00773 6.59731 -0.951516 -89.7293 -161.146 -47.0829
-3.22293 25.2615 5.76239 -113.536 -135.5 -121.002
-3.61073 16.5325 -4.40096 -161.7 50.3201 190.782
-0.843564 -16.6995 0.454699 111.294 -60.1866 8.81328
-1.12003 -17.3932 0.770973 83.6002 -72.084 -25.6051
-1.5155 -20.135 -1.42987 42.539 -91.544 39.1082
-3.63739 17.5657 0.958119 -172.237 13.656 -38.3267
-2.87708 15.8212 -0.788134 -113.97 37.9948 18.4419
-1.21708 -17.6835 1.62203 46.8956 -78.61 -54.5595
-2.51453 19.8087 -0.561169 -84.8389 72.4964 42.8923
-3.2435 16.1979 0.290699 -158.544 20.1607 -39.9581
0.16654 -14.7313 1.30469 177.495 -21.0999 -86.7762
-0.408187 -14.642 3.19297 111.836 -52.4769 -107.362
0.507693 -15.0257 -1.44383 195.574 -8.89699 67.9271
-1.61867 18.4143 -1.44609 -24.7258 80.6271 62.2539
-0.961576 -18.9149 -1.20014 34.7869 -84.1838 74.2576
-0.639577 -19.1632 -1.68371 65.3473 -81.9467 86.2686
-2.57952 16.0652 1.87696 -127.749 27.0001 -104.276
-1.59355 19.5404 -2.13755 -31.783 84.971 93.3085
-3.12614 18.1256 1.21818 -191.495 -25.2801 -52.2666
-2.31923 16.4379 -2.50712 -122.683 -19.5404 -74.4431
-0.897235 -18.5968 -0.680856 16.6515 -82.0255 7.27823
1.34536 -18.3944 4.28437 237.747 -114.791 24.2373
0.209901 -16.2976 -1.32609 119.915 -51.3876 62.7649
0.0817621 -16.8015 2.33296 103.579 -61.0172 -63.0209
-2.24189 16.3989 -2.40444 -148.69 29.9901 89.956
-2.35076 17.8073 -0.801433 -163.074 25.888 16.0867
0.981529 -17.5765 1.86947 156.213 -41.8972 -67.5709
0.396241 -15.0295 1.74425 93.561 -49.9307 -122.554
-2.28728 13.8814 -2.15396 -175.835 -21.559 116.586
-0.632595 17.6199 0.213445 -14.1313 77.4938 20.118
-1.90957 14.4725 2.07358 -141.618 19.0305 -112.715
0.701034 -17.6128 -2.40868 109.348 -62.7239 111.934
-0.841327 29.2367 2.01082 -47.1362 290.331 11.8828
0.00956057 -19.6826 1.51156 37.0554 -85.4491 -57.8098
0.646108 -15.6782 1.79831 96.171 -54.8056 -78.4904
-1.28112 15.0392 -3.68738 -98.135 45.1159 148.087
1.69419 -15.4562 -0.559289 193.337 11.2251 26.143
-0.728909 17.2076 -2.99562 -58.2401 72.7869 132.475
-1.55375 6.53037 -4.13353 -140.532 156.158 32.9506
-0.0956093 -18.7804 -0.206547 -2.8837 -39.6903 66.5501
-1.41177 32.7041 5.97886 -134.765 176.958 110.792
-0.354061 19.9616 2.16899 -72.1851 82.4075 -39.2457
-1.25973 14.8653 -1.0535 -165.967 15.7114 30.9433
1.52344 -13.9151 -4.93727 108.786 -30.5081 196.361
0.294524 0.0940815 0 -13.3071 0.416456 0
-1.01489 29.0376 0.489673 -150.82 302.587 110.085
-0.78666 17.5915 -0.182347 -130.707 60.2136 4.41649
1.01738 -20.192 1.51088 43.7774 -86.8354 -32.1947
-0.435826 17.3033 -1.02737 -105.127 63.1297 5.65656
-0.829848 13.15 5.68926 -148.707 44.0182 -138.694
-0.0232824 16.6716 2.17929 -72.4495 67.183 -49.4925
0.935281 -17.462 1.2511 17.0321 -75.6023 -10.7729
1.41293 -14.7093 5.82804 64.4716 -63.7951 52.6551
1.95162 -17.5492 0.746861 112.107 -55.8629 5.52942
0.0420263 17.6652 2.39073 -79.7721 71.0933 -56.1333
-0.562263 16.0983 0.669692 -139.963 40.6829 -49.8835
1.41528 -23.7547 0.255081 50.798 12.5928 -6.59026
0.0885248 16.7959 0.606999 -108.379 109.418 -16.1824
2.62608 -14.3033 -3.69445 143.438 -14.2836 160.999
3.14918 -16.6913 -1.39247 188.835 2.96005 22.7641
-0.475412 13.92 1.69872 -179.457 -11.4664 -88.9841
2.2999 -3.76187 -8.89138 93.9959 -69.7705 -101.712
2.4536 -10.3746 -8.69047 108.178 91.2605 -26.4442
-0.0958238 11.7128 7.37244 -155.186 76.6156 -19.568
1.58348 -18.1161 -0.104476 6.34118 -27.4391 25.5331
3.15962 -19.193 0.350165 148.247 137.752 -7.75885
1.69648 16.3431 0.468566 -2.41326 -21.0702 1.27334
0.572533 15.8476 0.992936 -118.383 50.2176 -32.2091
3.2254 -13.0443 3.77609 143.226 -161.72 -170.778
2.54887 -16.274 -1.67366 72.0555 -58.1047 112.331
3.05211 -16.353 -2.33451 110.76 -43.8205 108.541
3.8143 -13.8014 -1.22848 183.309 35.3747 60.4577
3.01249 -16.5146 -0.480474 96.1068 6.60868 -49.0093
0.459018 14.1863 -2.11748 -163.432 21.7622 78.7372
1.3039 18.172 -0.575838 -89.0341 76.8524 39.6459
3.99816 -13.7913 1.76932 168.345 -38.7341 375.858
4.0726 -15.6189 0.662902 174.117 12.5477 -17.087
1.86373 17.7201 -2.05707 -49.0571 82.3948 58.9331
4.17839 -20.5553 -6.96281 177.347 86.2143 213.325
2.00134 17.239 -1.23578 -41.3352 75.6389 36.4947
3.03827 -16.9053 -1.91517 58.1128 -64.2023 124.845
1.92874 14.533 2.66964 -58.2814 68.4593 -148.546
2.52017 18.6458 0.405417 -6.76449 83.4195 10.2883
1.56632 18.8871 2.20692 -102.102 80.6296 -85.5368
3.35112 -4.94638 -5.156 67.6305 140.314 244.065
3.88679 -14.4196 -4.58232 119.679 -18.3946 171.232
3.47651 -19.7547 -0.202971 70.2017 -76.7023 -3.4728
0.98399 14.5931 0.0163538 -190.13 17.2179 -18.0269
2.46645 19.4495 0.514363 -55.7258 91.0735 -45.1899
3.08307 17.8932 1.10867 -0.257648 82.0571 -74.4726
1.16546 11.261 1.69602 -190.955 -55.8746 102.199
2.0082 14.8002 -0.948856 -117.257 126.175 55.445
4.50157 -17.3389 2.64604 119.969 -39.854 -118.507
2.44427 18.0213 0.613361 -86.6248 81.8929 -42.947
2.64713 16.7336 1.53433 -71.9895 72.7747 -88.0826
2.92308 14.5206 2.66697 -44.7668 112.981 -93.8395
5.37742 -13.8589 -0.71458 189.581 45.9005 -2.64823
2.54877 17.594 1.9567 -91.9788 77.3835 -103.237
4.97253 -17.1833 -0.605996 146.753 -7.24003 22.9312
1.87114 16.0558 0.0457079 -168.982 62.0368 -4.72564
2.74712 20.3543 -1.68065 -84.4279 21.7202 46.0513
3.90996 -17.5057 3.81147 27.6137 -74.7268 -132.154
1.92603 14.4748 -2.34356 -170.351 36.1711 117.284
4.09634 0.182406 11.5669 41.3976 111.867 32.5154
2.87435 15.6759 -1.50196 -98.7352 73.8675 37.7379
3.01618 20.5036 -8.76175 -88.4421 116.736 -217.149
3.07261 17.2421 -0.859355 -86.1665 134.911 18.1184
3.38527 16.7252 -2.17594 -56.4728 78.3738 124.082
5.01322 -17.4054 0.3133 99.8846 -44.5682 -13.0995
4.62289 -17.6161 3.48352 58.2268 -70.5737 -15.6492
2.60752 17.8077 1.59933 -144.919 -1.41344 -60.6492
4.81296 -20.0848 -7.18432 68.0749 -68.576 41.8107
4.96354 -16.1501 -0.916826 82.9922 -44.6674 34.4795
4.90643 -15.0073 -1.24939 70.5944 -66.484 58.3159
4.94119 -16.5537 -2.78435 68.4713 -103.433 149.167
4.85707 -17.7676 -2.88903 57.2957 -68.3104 133.941
4.0906 20.1335 -1.26017 -27.6077 97.2174 29.37
4.50018 -6.88281 -5.07026 12.966 104.309 -43.993
5.06918 -19.0795 0.475141 67.3175 -70.7485 -17.8165
4.35694 20.3163 0.350542 -14.5671 32.9794 9.40945
3.29071 16.3559 1.54531 -127.22 68.6491 -83.55
4.44491 14.3262 2.9632 -29.7394 75.9605 -141.282
3.57163 13.0104 -6.74304 -117.084 107.294 48.911
4.38811 17.3363 0.903542 -39.1374 88.429 -24.6587
4.78265 17.7347 -9.42179 -9.40208 90.1359 27.7459
3.69397 17.0286 -1.26309 -117.905 131.009 30.1538
4.23932 -1.30198 -6.80005 -90.4893 -91.0902 9.9285
6.06976 -12.1638 7.05503 85.5519 -45.3758 11.8253
6.27195 -14.9509 -0.0465634 103.974 -23.0171 -42.673
5.63284 -19.3904 -2.60909 39.0364 1.33916 42.218
6.52476 -16.3336 1.24467 127.119 -4.75608 -19.8856
7.0887 -15.7657 -0.0942932 179.171 42.2928 -36.0779
6.27265 -14.631 -2.75154 97.4812 -25.8231 80.2899
4.86897 20.2407 0.415945 -42.8651 54.6645 3.13519
3.99391 3.48521 -2.6189 -130.597 -144.284 -17.6524
6.10561 -15.6328 1.46214 78.4361 -45.8117 -85.1033
5.88663 4.43546 -0.21673 44.4599 -121.234 -103.034
5.29691 12.3435 12.0662 -20.0584 59.4962 -44.3985
3.98403 14.1685 -3.57274 -151.738 69.9974 134.072
4.71253 16.5513 0.817354 -81.7071 92.5537 -59.9377
7.19827 -16.64 -0.43133 155.964 5.87159 47.9006
6.07623 -12.6445 1.65128 42.2855 -144.966 -51.3248
7.34628 -12.5757 2.39976 167.92 79.2377 -65.9469
6.74524 -14.6223 -1.3451 106.473 -19.4722 66.5006
5.08178 18.6456 -0.950326 -58.7677 93.4259 60.2922
4.08851 12.7548 2.237 -159.317 62.0565 -125.657
6.78149 -7.75695 -5.04389 104.319 76.2356 220.336
5.14684 17.5693 1.69081 -61.1844 191.099 -68.4698
6.71919 -14.7406 -3.02608 91.403 -29.3226 170.755
4.98877 14.9153 -1.71234 -87.5585 81.2237 91.3697
7.07035 -16.7613 -2.0995 116.208 -28.336 44.4986
6.6042 -18.2716 -1.24523 56.5795 -69.0701 48.2391
5.14859 18.1475 -1.86334 -89.108 99.217 59.024
5.51091 17.6804 -2.48464 -55.4631 149.843 -33.7361
7.17621 -17.6975 1.40868 107.897 -36.7764 -48.1244
5.04224 15.3679 -1.62261 -106.768 80.9239 52.0869
7.46446 -14.1094 0.309057 133.726 5.64947 -52.0028
7.06141 -6.3294 1.26605 71.7075 251.429 -53.5901
7.42805 -16.9194 0.992648 106.588 -32.9886 -95.9669
7.65435 -18.0408 0.3911 127.459 -18.067 23.1069
8.10985 -13.1185 0.0720558 168.773 71.6236 -117.177
5.75456 18.7236 -0.912266 -67.6079 -35.6777 33.9584
5.53593 32.592 -3.02996 -96.6645 93.7797 -81.2422
5.37217 16.7321 -0.479472 -115.36 53.985 -2.33295
5.25946 22.5775 7.97462 -132.052 20.705 -83.1655
8.27153 -15.2982 0.647375 157.782 44.1456 -30.295
6.39143 14.67 -3.31693 -30.235 86.056 128.763
6.12024 18.1857 -0.891441 -57.8874 102.572 30.822
6.84867 -1.73271 5.18694 9.68229 127.955 -245.796
6.07392 16.7937 -1.25923 -71.4296 99.3751 48.1154
8.49972 -13.4386 3.19602 167.076 68.0698 -97.5662
7.96981 -17.702 0.401565 107.736 -43.8417 -72.2229
6.88763 11.9323 -4.35469 -14.7017 74.002 175.471
8.04027 -15.9881 1.10095 94.8658 -35.335 -43.3633
8.32931 -13.9041 -0.327371 119.468 -15.6573 -94.4027
8.24487 -17.1822 -2.25375 105.456 97.4114 55.6773
7.85601 -15.6278 0.772614 65.3853 -51.9141 -83.4977
8.6392 -12.7926 1.96472 136.736 44.8468 23.4064
6.60117 16.0518 -0.551798 -79.4088 41.1294 13.9075
6.66786 18.7655 -0.53511 -75.2335 107.643 14.4024
7.92997 -14.9398 -2.23482 48.8898 -59.2783 53.9044
7.48932 5.74509 1.65349 3.57651 199.957 37.7506
5.84256 14.3837 1.32881 -163.381 85.0096 -52.4488
7.22453 -1.02933 4.81162 -27.7043 -113.796 21.6636
5.45674 -3.79711 -0.402537 -209.486 209.974 18.7014
6.17633 13.3772 1.83433 -139.85 96.9958 -24.5769
8.94262 -15.8902 -0.950496 132.806 -2.25189 -0.413474
6.5546 14.4265 0.868131 -118.74 98.1437 -46.896
8.84556 -13.8317 3.00455 108.654 -1.02368 -132.73
7.13112 16.3481 -0.691938 -69.6647 110.339 -2.24258
8.12552 19.5012 2.96327 27.2297 93.8019 51.2011
5.59892 6.35067 3.09972 -235.104 24.0695 -147.09
7.30162 16.3923 1.54515 -66.1564 103.002 -33.6673
9.49212 -11.0833 -2.13194 148.716 115.109 85.6991
8.9426 3.58928 0.73152 84.728 -115.637 92.7275
7.54938 10.5673 4.14368 -64.3948 94.7425 -207.081
9.59318 -13.5696 -0.246879 137.985 37.7859 42.684
9.49806 -2.58565 -5.02882 128.282 -99.9705 19.4812
6.27881 11.7179 -1.60912 -194.162 172.396 89.062
8.53316 15.3065 -1.10531 24.2232 22.5637 48.3917
8.14267 32.9394 -3.74356 -16.4012 292.011 -80.5009
9.59287 -16.2737 0.544738 126.059 -15.2884 -69.799
8.42569 13.5977 5.00315 7.2396 87.6258 26.612
9.87934 -11.1292 -0.759043 150.229 104.49 23.3193
6.5887 12.2095 -1.19465 -178.853 99.3554 66.0489
6.75144 20.7868 -4.68181 -166.361 20.9535 -19.8308
7.66482 16.8004 2.65657 -82.6269 101.256 -80.6283
9.76754 -13.8535 -0.751757 119.16 5.14835 53.1601
7.70507 9.64442 -4.13414 -87.9372 102.302 168.112
8.45463 16.5831 0.0484145 -15.7222 95.0524 -50.2811
9.88538 -7.92328 1.41233 122.431 176.585 -31.1982
8.93293 3.66626 -3.91644 26.1534 -144.734 32.2718
9.85644 -14.2561 -0.0263638 96.2941 -15.261 0.12589
6.41183 12.7693 -1.99247 -246.603 222.906 117.438
6.48981 7.53855 -2.2109 -242.384 -16.8828 34.3151
8.23674 28.4455 -10.5946 -71.7759 43.822 26.2914
10.4562 -14.4991 0.700321 148.275 45.7498 -24.7894
8.95458 14.8425 -1.27413 -3.20201 137.299 52.5323
10.1751 -16.6241 -1.10922 117.795 -23.6635 3.47257
8.69611 14.4194 -1.71835 -31.3176 96.24 51.6837
8.89185 9.45077 -5.32225 -14.6223 129.638 56.9693
10.0574 -14.7399 2.96771 100.201 -17.0076 -130.79
8.20394 14.0234 -3.30164 -93.2049 110.291 92.4002
8.74509 13.9515 -2.81913 -43.5158 96.7309 102.136
9.77924 -17.4125 1.17638 52.8332 -87.9814 130.471
9.58231 36.2415 -11.3703 31.8273 51.6033 70.9619
10.4854 -12.2607 -2.96158 110.943 17.3773 110.178
8.04741 6.00926 4.3877 -135.442 125.146 -180.227
8.65654 12.0503 -3.52025 -77.0311 105.052 136.507
8.91203 9.62216 -2.43143 -59.3527 164.686 136.236
10.4851 4.81612 -5.127 96.7259 -1.43244 -100.345
10.7782 -9.95258 1.88099 125.466 93.1418 -71.3022
10.6307 -16.5585 -2.01522 103.382 -34.908 43.9091
9.59274 18.2209 0.255142 -5.44511 100.196 -27.1876
10.6018 -16.8449 1.01063 93.8528 -36.8 -51.0775
9.50282 16.6755 -2.78915 -16.2127 100.911 96.3639
11.1738 -10.5904 1.35191 149.556 151.866 -60.2588
9.7964 10.029 4.88473 8.66064 173.566 43.5198
10.9768 -12.9556 1.18248 121.155 19.0279 -78.3683
9.10007 9.59095 -1.62696 -66.3215 284.948 98.6297
8.3581 14.9542 0.0148253 -145.781 117.788 -29.2993
9.44174 15.4419 -1.45171 -39.0481 103.722 37.773
8.37437 9.40702 -1.04592 -155.205 -18.8632 -0.46568
8.64296 14.0596 0.656528 -128.614 123.337 -51.0383
9.64056 17.2384 -1.25555 -33.0925 105.152 75.4044
11.2793 -9.16625 0.29003 129.191 171.582 19.2892
11.3285 -7.42138 3.7632 132.264 -24.66 -150.941
8.78702 9.77881 -3.00518 -127.247 116.03 116.416
11.3709 -8.75789 3.48417 128.427 162.949 -110.952
11.2748 -11.0039 1.39711 114.919 38.6123 -63.9716
10.095 10.9884 -7.16923 -2.98854 86.3806 -3.98949
10.1943 15.9008 -0.0380626 6.08152 92.9051 38.5745
9.67296 16.3536 1.77618 -46.0161 -20.2497 -83.4441
9.88423 17.5071 -2.15782 -27.9663 73.7382 67.27
11.3811 -23.0134 8.29675 108.757 116.156 -121.413
10.1108 30.8759 1.4105 -19.6964 349.654 54.8191
9.92316 5.85689 -4.71748 -45.5461 126.691 205.714
10.6212 -0.54318 4.83619 22.8831 130.727 -211.787
11.9708 -11.2755 -1.48882 151.261 106.528 82.7324
10.2358 11.5257 -2.99198 -21.3337 99.7129 111.53
8.55654 11.58 -0.32355 -188.231 297.097 -1.72523
11.4933 -7.87686 -0.731639 98.2471 214.126 -4.51424
11.0818 -5.36605 -2.58112 46.7653 236.824 -46.3334
10.2303 3.86904 4.42551 -38.2898 136.643 -191.021
11.9177 -10.9236 1.76325 120.113 53.8122 -91.7828
12.2319 -13.5883 1.084 149.481 82.9453 23.3864
11.1263 10.2775 -0.306758 32.7784 89.6473 69.892
11.7447 -6.45255 -2.40848 92.6431 162.924 99.6797
11.133 9.48847 4.62787 31.0186 135.603 -235.676
12.0471 -10.8098 -1.82402 120.179 44.7266 70.1879
11.7199 -7.52365 5.19709 81.6097 28.7657 -205.588
12.0413 -2.55628 4.95786 103.475 -52.8289 34.5754
12.1685 -12.9102 1.88847 110.761 7.84929 -111.79
10.1027 11.0872 -0.973337 -97.3219 123.433 72.3392
10.8793 11.4643 0.619055 -28.49 108.68 -71.8195
10.7526 14.4832 0.483798 -44.124 113.531 13.0232
10.7909 10.7597 3.15117 -46.7867 114.056 -159.526
12.1471 -6.06724 0.630126 85.7181 184.895 -2.29881
12.1214 -17.9118 -8.49584 81.5961 -40.4254 24.9153
10.6781 12.5451 -0.299158 -62.3815 160.586 45.1403
12.3256 -13.8169 0.207187 99.5163 -17.8454 46.424
11.6352 -3.12937 -5.43084 30.7037 200.785 -43.2715
10.6123 16.0211 -0.840323 -70.9843 120.881 8.64545
11.0945 15.9018 2.07978 -25.4395 108.772 -56.3908
11.0681 10.9597 -0.517072 -30.1923 148.517 7.69299
10.3836 -4.94596 4.10917 -100.438 118.411 -85.972
10.1699 6.51137 -3.1221 -124.618 158.998 109.351
11.7026 2.80839 -11.7624 26.3104 103.168 -46.6469
10.2278 11.3103 -2.15723 -123.013 75.8296 125.01
11.5782 15.2432 -0.525701 7.12537 119.157 -62.9998
11.7665 -2.90042 3.05994 24.2146 205.22 -118.725
12.3517 -13.28 -0.868087 75.5899 -37.9676 74.1857
11.6389 -3.37381 2.11645 3.51153 237.865 -88.2998
10.7725 12.7381 1.05024 -83.3216 125.792 -15.5943
11.9341 15.3191 0.346827 30.6721 83.8702 -37.8435
12.8245 -10.3033 -1.6371 119.062 58.8924 89.5748
12.8422 -9.72712 -0.439272 116.461 84.7591 53.1648
10.6867 15.1626 0.530438 -97.7101 115.431 43.6056
10.0013 11.4735 -1.73748 -166.782 138.786 41.0683
12.761 -9.61133 2.46872 105.069 37.4452 -96.311
12.7773 -7.58119 -1.43328 103.157 103.008 75.0105
11.44 6.70872 -1.46065 -32.6693 192.018 43.0738
10.3925 3.76111 0.422871 -142.304 195.797 -90.7695
12.708 -6.04151 4.47048 86.3561 82.6866 -173.574
12.8028 -12.9589 3.13223 93.9167 -16.1688 -32.8039
12.7797 -6.91958 0.999086 91.3407 174.645 -54.947
10.9753 16.2945 -0.421525 -90.3925 82.6025 13.0751
12.204 -2.95961 -1.14025 30.9433 224.141 27.4967
11.0151 13.8695 2.29633 -88.9795 142.819 -30.4791
13.2105 -9.82005 3.84309 125.241 178.744 -139.077
12.607 -4.07013 2.01682 57.4445 190.289 -72.3277
11.4786 7.37652 3.59216 -55.616 146.631 -155.879
13.2506 -10.3081 0.537046 113.497 51.144 -8.35163
12.305 47.3589 -35.7088 18.1134 233.351 -179.864
12.4652 11.6522 -1.19275 30.4838 76.7244 30.9794
12.5444 -3.26602 2.98968 32.4021 200.111 -133.502
13.2831 -7.04131 -2.09385 102.593 103.639 64.6247
13.1419 -5.20048 1.08877 80.732 175.336 -42.9574
13.346 -5.5555 -6.93564 98.311 25.5913 48.2296
13.6621 -11.9508 1.3893 128.782 41.8121 -76.4965
13.6003 -13.0179 0.238668 119.822 21.7977 -25.9567
12.8549 8.63798 2.63535 42.3926 113.105 -25.6915
12.7847 8.84436 -6.27947 33.0644 115.563 -29.1107
12.0926 10.5653 2.34587 -38.2817 231.226 278.047
12.6019 10.9452 1.33495 8.86851 92.9833 -82.631
13.512 -12.316 0.879258 94.77 -12.5504 -81.8039
13.1198 -3.89991 0.175993 54.3032 191.397 -27.0864
13.5762 -7.73253 -0.253957 99.3424 129.229 -55.84
13.9185 -10.2516 0.361176 130.049 84.396 -15.3642
13.1766 9.41273 -1.78897 52.1398 50.4046 94.4704
13.8521 -8.82761 -1.11073 118.624 116.155 87.9367
12.0806 9.62696 -1.46034 -58.2813 128.916 85.5156
12.7405 -2.82284 -0.383569 3.48601 217.884 -0.399647
13.3102 -3.72327 2.0458 59.2033 174.959 -72.632
13.3623 -2.65487 -4.14522 64.155 60.9055 193.463
13.451 -10.9091 -2.34746 72.1787 -31.5318 92.0132
13.4618 -3.89241 2.90099 73.0149 115.639 -124.774
14.0086 -12.9113 1.48933 126.313 31.4218 63.2057
13.4865 -5.08343 0.734706 73.9834 181.776 -13.2697
12.7171 12.067 -0.78723 -8.07003 40.344 34.7481
12.648 11.0239 2.20963 -15.763 113.789 -120.353
12.6035 14.3267 -0.784786 -24.0521 119.802 6.21525
13.0527 10.7036 2.65518 20.4546 141.358 -115.615
12.3402 14.1025 0.58153 -51.4476 75.7568 30.3939
12.6702 8.18363 -0.703772 -23.4075 58.7726 164.293
14.0155 -7.76232 -2.22288 108.814 124.216 68.7774
13.0098 1.96014 -3.22314 7.31607 145.641 137.491
14.2222 -11.1343 0.373796 126.721 70.0854 13.8538
13.9201 -6.64763 -0.196936 96.5875 150.643 -1.74099
12.3677 9.6602 1.82923 -58.3258 142.366 -62.5953
13.7648 -9.87027 -0.903742 76.9883 -7.35731 -42.2258
12.461 6.76452 -3.7981 -54.0703 206.593 107.598
13.0046 -1.66628 -7.751 -2.94989 -72.8521 -5.61217
13.7494 -3.99207 3.10142 69.9233 131.918 -119.974
14.2057 -7.15707 0.361754 113.317 24.8041 6.5432
13.9334 -4.69624 3.14456 82.2646 104.566 -135.425
13.569 -2.22692 2.82152 44.2728 158.263 -125.751
13.5992 9.82839 -2.06991 40.0841 2.75119 -34.426
14.3692 -11.5129 -0.216865 112.498 81.7017 29.9508
13.0577 11.2633 -0.776498 -19.3878 119.358 14.0162
14.0444 -11.1784 2.07542 76.4169 -30.3784 18.5943
14.0957 -4.22503 2.77528 80.6356 98.8483 -152.565
14.4067 -9.08017 1.33261 109.324 -39.6226 -47.8311
13.254 1.0476 -2.78528 -8.25814 185.085 117.77
12.5025 10.5448 3.04146 -83.597 61.3784 -163.265
12.8225 9.3185 2.1376 -52.189 237.239 -88.5343
14.4053 -7.32026 -2.31565 103.373 113.469 137.067
13.6429 7.97972 -3.79318 26.9898 87.5705 130.823
14.4607 -7.45369 -3.02266 103.33 105.806 104.289
12.958 10.7088 -0.435797 -47.4251 138.439 41.2481
14.53 -10.1621 -2.06504 105.865 30.0678 123.767
14.5335 -18.0618 8.63325 102.216 -19.6098 104.197
13.1319 14.1902 -3.74332 -40.2591 206.24 -130.379
13.543 12.4381 0.383132 0.271262 78.3637 -20.4575
14.4291 -6.25808 -1.09329 88.054 69.5817 81.2251
14.1105 -2.65667 0.928216 53.2061 170.929 -76.74
12.6653 8.80075 1.34275 -92.0553 157.74 -41.428
13.8126 9.72397 -2.3271 21.3142 89.7259 140.301
14.3088 -12.7605 -2.29104 70.4619 -48.0501 74.7883
13.0993 8.90093 -0.43389 -53.0742 156.29 27.0769
14.875 -11.2566 0.209564 121.063 46.8663 8.25358
13.4958 7.81894 -1.51505 -17.8788 131.936 100.696
14.2147 -0.492433 -2.60191 51.1212 111.423 133.557
14.415 -8.82849 1.12918 70.5458 93.9549 -48.8485
14.0668 8.10394 -2.54998 35.7436 81.2511 117.038
14.7342 -6.09778 -3.46826 98.2881 60.4888 22.1641
14.9058 -9.75372 -1.00852 113.407 47.9433 46.5566
14.7307 -9.90733 2.73677 95.9768 109.156 -68.1016
12.8007 8.46604 -2.01429 -97.9859 102.272 76.8574
13.7079 8.43176 2.01504 -8.62497 119.689 -57.7736
14.0661 0.148653 -3.28013 23.6604 157.299 143.606
13.48 6.06583 0.646409 -36.8239 329.536 -23.8774
14.9927 -13.804 0.231907 112.086 -5.08379 -30.9801
15.0703 -5.95149 15.4384 118.55 113.61 158.092
14.0388 -1.75732 0.497197 14.6567 216.458 -13.7892
14.2058 10.2329 0.393634 28.8489 87.4731 18.7516
14.993 -7.40437 -1.29709 106.661 108.673 92.3297
14.9756 -6.96886 1.63552 103.146 90.2344 -40.3562
13.9002 5.33441 1.40507 -7.97699 148.972 -69.2027
14.8466 -8.48023 -1.0851 82.6468 -0.472107 85.0583
14.303 2.86319 -2.21182 28.0066 126.183 108.444
14.9525 -14.0313 0.364084 90.9564 -33.8258 -47.1617
13.7711 10.3611 2.27552 -30.2363 145.449 -94.6017
14.9612 -4.77492 -0.674415 84.8922 138.037 26.6359
14.1184 16.0166 -2.21089 -2.226 247.76 34.6706
15.2497 -11.9241 1.74611 106.378 7.66764 -93.5254
14.2272 8.06477 -0.381288 4.03664 114.77 -0.118137
15.246 -9.4695 1.75258 101.214 25.5843 -41.4025
14.7619 -4.43817 2.59435 49.7657 -82.9951 -78.3464
13.6722 9.23821 -0.232671 -61.8233 158.813 18.2231
14.7415 -2.04716 1.58511 42.6806 183.643 -55.2666
14.3046 11.1522 -0.774351 -1.91072 122.15 23.0987
14.0711 3.64224 -3.64264 -28.8947 221.361 -67.3506
14.9663 -1.82978 -1.52146 57.7872 147.041 70.6746
14.583 10.0667 1.56414 19.4132 101.217 -33.7196
13.3619 8.17235 -0.837049 -103.304 181.751 19.343
14.2437 3.04559 -0.47683 -20.0795 175.935 18.0327
14.8071 -1.26441 2.11416 33.7737 170.543 -85.7965
14.6739 14.2656 3.96226 20.3157 87.2245 -101.553
14.5878 3.49389 -2.66802 8.44679 132.582 122.237
15.1674 -2.36299 -2.99376 64.426 124.366 113.094
14.754 10.269 2.15409 20.5033 99.3036 -59.8946
14.4595 11.9066 1.29571 -9.42174 129.437 -49.6119
14.684 -1.19441 -1.22605 12.2317 196.669 64.4278
14.4438 12.815 1.04266 -11.7204 126.652 -70.7723
15.2888 -7.97849 3.34101 71.5705 -27.6727 -114.496
14.6609 3.40643 0.962881 5.19156 201.648 -57.864
14.9145 3.15312 1.47766 27.9349 167.609 -58.8085
14.7415 -0.147402 -1.58494 10.4966 189.663 65.3758
15.0352 3.88691 2.58229 39.6626 96.8873 -107.598
15.2417 -2.2876 -1.16385 56.9549 158.296 15.0198
15.5485 7.08438 -1.49261 83.1043 96.5589 61.4381
14.0658 7.81129 -0.853884 -64.7963 180.383 11.869
14.9242 13.2273 0.73135 19.6729 107.455 -59.8255
15.7764 -7.87736 -0.0715933 103.268 50.0729 41.0332
15.2719 2.30496 2.22604 50.738 80.1644 -105.742
14.9293 12.3413 -2.19689 16.1438 119.72 2.10684
15.949 -9.93688 1.7206 115.701 54.8192 -43.3957
14.1708 6.34765 -1.16896 -65.7117 184.202 84.1152
15.1398 3.59941 1.94445 30.1111 118.419 -97.6175
14.9693 0.0341639 -0.645981 11.108 184.409 22.8512
15.2022 8.49476 -2.43344 34.0826 89.5429 93.3525
15.3146 4.67872 -4.23867 43.134 77.8871 181.462
15.728 -12.0811 0.702399 82.1193 -36.4095 -32.8118
14.8789 11.2215 1.4075 -2.33905 127.01 -66.0245
15.3093 11.2908 1.03539 37.2022 87.3964 -7.07337
15.6683 -2.41913 -1.81392 67.4202 128.436 96.2549
14.3028 9.97021 6.96937 -70.3066 122.888 -70.8116
15.5686 5.55985 -2.13183 45.9333 74.8295 98.2176
16.1423 -10.8183 0.612637 101.395 5.1809 -9.11808
16.1125 -6.18081 -0.336751 97.7395 108.874 3.10669
16.4775 -8.84669 0.596565 133.165 60.5565 19.4637
15.2027 2.44097 1.08127 5.09854 151.985 -40.12
15.7903 5.78785 -0.531882 62.5258 43.8645 13.4231
16.1597 -5.8162 -0.911757 90.1569 64.2539 35.3681
16.1596 -6.03564 3.11907 87.1013 37.2816 -105.775
15.1191 8.89489 -1.14729 -18.1596 143.22 88.0606
16.4388 -10.2482 -1.82768 112.182 36.3218 83.6531
15.2575 -1.32984 5.49483 -5.2564 157.407 84.8831
15.8426 0.341294 -2.90016 47.876 107.82 141.602
15.8333 17.5597 3.00022 45.868 260.792 180.817
16.0443 6.62861 0.224562 64.7147 91.8964 -29.7557
16.5822 -8.56929 -0.980117 116.154 82.5626 57.3218
16.332 0.341478 -0.0311637 84.1708 151.55 -4.20223
16.1956 -0.980748 2.08574 62.852 108.342 -98.7268
15.309 5.10365 -1.74535 -25.9751 118.795 74.8355
16.1749 -0.406779 -2.55577 59.7322 92.0129 88.485
16.3074 1.40719 -1.40608 68.8275 40.0311 82.1166
16.7139 -9.77211 -0.230113 109.165 34.1673 45.8923
16.5443 -6.36833 0.427514 91.1827 20.3845 28.7495
16.5823 -6.55042 -1.24311 94.7643 52.8305 92.4678
16.3204 7.91309 -0.0519252 65.4543 58.846 -2.72407
16.4238 -3.63978 -0.261942 75.3473 107.15 35.6704
14.72 13.0141 0.432183 -95.4665 -9.29798 -8.18437
15.7258 8.64982 1.7138 3.15205 133.501 -62.3969
15.6791 2.9527 -11.2173 -2.14106 139.618 87.5278
16.5313 -2.03596 -0.0108597 75.1436 99.6497 -0.656918
14.7946 18.1708 -4.18082 -97.5448 29.3541 118.161
15.8219 2.05149 4.81095 4.3092 24.0745 18.8979
16.2764 2.82431 -1.47574 48.7967 93.5994 90.8724
16.1866 5.63418 -0.173198 39.7102 98.5842 -16.3
16.6232 -2.6556 -0.429177 80.7348 46.4478 27.0805
16.6964 -5.12317 0.260006 87.4321 57.7708 -24.0916
16.1482 1.95442 -2.35681 29.6385 148.838 78.8787
16.3048 6.88195 2.73549 43.6051 87.7877 -88.3928
16.4053 -0.480847 -9.45761 52.366 0.822093 32.2088
15.826 4.11638 -2.07633 -5.59878 -67.3939 -9.14951
16.1713 4.91236 1.76269 26.5612 124.858 -103.334
16.1723 8.88116 -0.738631 23.7929 322.135 100.65
17.225 -4.05677 -5.56561 127.217 44.0873 64.9902
16.5244 -0.641053 -0.651069 55.7098 136.027 57.605
16.1337 12.0879 -6.94725 16.4259 68.6614 85.2821
16.3776 3.65254 -1.97097 35.1687 128.761 98.8354
16.5393 8.47012 0.768993 50.7614 49.5133 -44.4236
17.1523 -7.29547 -1.17267 109.897 110.043 31.2492
17.0644 -9.36774 -1.27048 92.3723 -7.67649 58.4887
16.9795 -2.94738 2.96384 81.5289 103.002 -74.0991
17.1544 -5.53178 -2.4426 94.318 70.5419 97.6128
17.2636 -7.05275 0.373526 102.734 64.3637 21.0916
16.8133 5.56952 -1.46546 57.0825 69.7763 55.0464
16.7412 9.63971 1.78407 48.662 114.025 -25.8818
16.9894 -0.250287 2.919 63.5068 118.198 -112.711
16.0119 7.16709 0.539636 -41.0279 177.533 -10.0045
16.9729 5.44383 1.80059 52.681 76.5606 -92.5582
17.5263 -8.4263 1.30656 107.04 39.3865 -13.4503
17.3521 -0.180944 -3.24342 89.2721 73.6476 51.4892
17.1471 -0.51032 2.03717 68.424 91 -96.8066
17.4552 -11.1316 0.00402756 97.5293 -12.948 19.6191
17.4796 -5.5685 -0.337943 98.4132 68.3237 2.24492
16.7612 10.1964 0.653899 25.5429 111.045 -80.0562
17.3125 -1.72999 0.572243 74.3853 99.3053 -10.0583
17.3826 -4.13267 0.216865 79.4365 48.5945 -132.995
17.3265 0.341742 4.30116 70.5405 -11.0195 -27.0018
17.6673 -7.09774 1.2676 102.889 61.0981 -18.5133
17.5287 0.886115 0.169165 86.7419 76.5255 20.5409
17.6116 -7.83732 1.25127 86.4518 19.085 -20.9945
16.8751 30.8505 -2.16465 11.7816 136.758 -21.1483
17.5164 -0.873023 -0.650607 71.899 103.057 -14.1006
17.5378 -0.00574942 0.105309 72.2332 69.9319 -9.64294
16.7557 10.3141 11.0409 -13.9921 82.9942 -186.308
17.8574 -3.98691 0.73363 93.0937 88.2312 -37.6833
17.9193 -6.54607 2.80205 97.0292 34.5805 -87.6051
17.4507 4.98961 1.72361 48.4883 103.929 -89.3178
17.7688 -1.68146 1.3356 77.4314 102.152 41.3766
17.6558 6.00296 1.13247 61.7576 67.0137 -62.9173
17.9195 -3.24138 -1.3586 83.2638 67.5127 69.6387
17.4745 6.75932 0.488763 28.2426 -33.5414 33.3923
17.8493 5.43814 -0.0153072 59.7656 82.609 11.6245
17.4517 6.3898 -0.263539 19.4051 132.724 17.3851
17.686 2.02752 -1.5246 41.0534 135.648 61.1416
18.0983 0.108449 1.59276 80.1847 35.7385 -95.7077
18.2186 6.48036 2.12226 68.418 58.0708 -108.076
18.1548 1.51323 2.28855 59.1879 49.5793 -70.2114
18.4359 -3.02026 2.62995 86.0844 55.2097 -110.33
18.5056 -3.22251 -2.10245 90.7641 63.6563 103.561
18.3222 1.11201 -1.03899 63.6885 93.6284 59.2806
18.6213 -4.28186 -2.14666 92.6738 57.0594 -15.1095
18.6288 -3.53139 0.0290266 89.5329 77.2285 7.29712
18.4903 -2.87472 3.16731 70.9802 116.598 -50.9815
18.4662 3.21194 0.252828 56.868 95.9458 -19.6365
18.3285 3.12932 3.19107 43.1808 138.959 -43.49
19.0121 -7.10621 0.9726 105.81 43.1354 -2.44545
18.8552 -1.58264 1.79452 82.6951 -64.9511 -58.9701
19.0103 -3.82276 -0.0182948 89.498 88.8722 9.59421
19.0583 -1.51708 -5.0066 86.7179 75.8625 -36.6846
19.0714 -0.587853 -0.612432 82.0575 69.2735 2.71485
18.1518 7.43397 4.92949 -14.5283 236.625 -38.4243
19.2665 2.7799 -0.274387 83.6876 22.9075 -21.8087
19.1987 -16.5978 11.3494 76.3732 50.1259 -139.608
19.5347 -1.60139 0.681954 84.6432 96.2261 -12.9745
19.2001 2.37579 0.00913624 46.1477 139.795 -8.8329
20.6789 -2.37754 -0.255129 93.7143 16.5367 21.0308
20.2799 6.3999 -0.532937 -21.5148 118.74 30.8519
22.1657 11.555 14.6551 60.1772 130.789 38.27
nan nan nan nan nan nan
17.992 39.3211 -7.91164 10.9159 99.811 67.3359
18.7168 -7.09394 -0.172873 44.6573 -11.7967 51.1656
