-17.234 7.87497 -3.35282 24.2445 -137.174 13.5435
-14.1458 -3.92597 3.9256 99.5486 -270.843 -20.7584
-14.115 -4.14356 9.51171 71.2957 -160.8 -41.4541
-15.0419 -0.882868 -3.65435 -61.5778 -197.023 26.6897
-12.8581 -3.96141 1.06596 151.679 -276.682 63.0116
-13.5513 -4.73462 5.04532 56.3293 -190.137 -28.4054
-13.0135 -3.52668 2.8998 35.838 -214.202 -19.8594
-13.4939 5.36817 11.1321 -26.9386 -149.445 -57.7694
-13.7694 1.66737 0.621755 -56.6674 -227.045 -1.60655
-12.1449 -16.0169 4.08515 98.4516 40.5011 -14.1971
-12.6794 -3.36106 -6.76502 45.1729 -207.901 38.8618
-13.4892 1.38336 -4.49674 -47.3055 -206.206 21.6317
-12.3984 -11.1868 0.567313 60.8116 -217.271 -29.7282
-12.7392 -14.8134 7.29312 20.3175 -300.719 55.4703
-12.0889 -0.105062 0.317603 63.5948 -254.037 6.26196
-11.9861 -4.98548 6.00028 48.2948 -223.549 -33.6414
-12.7499 2.07102 -9.71852 -31.8861 -174.829 45.2571
-11.9069 -4.42663 -2.98383 48.0981 -219.818 7.49753
-11.1871 -7.00665 -1.74132 101.509 -181.961 17.8414
-11.7038 -3.78592 7.51221 48.296 -179.253 -39.2707
-10.9205 -8.10126 -4.72145 117.905 -177.371 22.3755
-11.9569 -1.52754 -10.1544 2.48418 -201.495 42.4711
-12.1942 -0.473781 -1.9396 -38.5062 -225.222 8.00749
-11.0259 -6.44666 4.53751 72.817 -221.346 -11.6453
-12.4964 1.97639 5.32604 -84.6565 -208.75 -17.7974
-11.5686 -2.65248 0.794672 -2.56407 -231.17 -12.9588
-10.9182 -6.60092 -3.73565 53.624 46.5044 -93.3909
-10.1123 -9.50148 -1.8192 130.227 -170.775 8.57028
-10.9121 -5.23211 -4.30652 46.4892 -490.272 128.323
-10.0796 -7.23302 5.72225 103.633 -180.99 -34.7733
-12.1896 -12.5327 8.49069 -106.562 -464.351 166.507
-11.6676 5.30177 12.4236 -57.9605 -143.357 -60.4666
-10.3268 -5.07624 12.1261 64.3773 -169.139 -48.3707
-11.1234 -1.57229 -2.76503 -42.3836 -239.125 18.2619
-9.77591 -6.37432 9.01921 77.9481 -189.077 -54.2314
-9.02035 -9.73553 -2.103 144.328 -189.672 -2.91877
-10.9535 0.577292 -4.95579 -49.1114 -205.698 7.70501
-11.7509 4.67281 -6.63312 -129.095 -187.29 29.3274
-11.3987 6.15781 4.6827 -102.623 -168.555 -22.1462
-10.434 -2.59526 2.00463 -9.30464 -216.016 -13.3494
-11.3522 6.79275 -2.65703 -108.293 -176.41 11.3058
-10.4018 3.71807 -7.966 -27.1628 -242.873 28.8459
-11.1996 2.45328 1.05082 -112.93 -202.196 11.0089
-10.6859 -13.3594 8.40808 -68.9654 -354.835 48.3522
-9.99988 -1.79109 -6.38037 -5.39124 -7.82242 131.346
-11.3081 3.397 2.51378 -144.596 -193.718 -12.4642
-9.59367 -3.25642 11.1903 24.1253 -177.383 -56.5801
-8.32237 -9.9375 -4.16984 148.787 -137.962 20.5638
-10.955 5.41036 -5.60897 -119.861 -178.967 24.7213
-10.1588 -21.1096 9.53599 -49.5002 -413.149 -13.1089
-7.78606 -10.5739 -0.257717 170.303 -132.589 -9.7105
-9.20984 -4.96821 0.188909 26.0937 -257.915 9.1978
-10.1918 -1.13207 -3.84424 -75.9344 -245.756 -0.87682
-9.91875 -0.108501 -8.13112 -49.8014 -194.31 22.7952
-10.35 -9.71074 -3.39874 -93.517 -279.186 -32.4832
-8.39256 -7.67135 4.94497 100.78 -225.529 -17.2913
-9.71692 -9.80104 -10.9414 -33.4956 -216.235 41.3792
-9.15609 -3.86037 -2.33734 17.4724 -220.22 3.81235
-8.66167 -5.12083 9.93517 66.1872 -180.601 -34.7777
-7.77195 -16.7226 -16.2195 149.544 -186.26 42.4277
-10.0833 5.02684 -1.23151 -83.2841 -222.443 15.3624
-10.4582 0.775893 6.06226 -128.296 -218.965 -32.1365
-7.64741 -9.67056 1.35944 146.48 -171.882 -2.19232
-9.4183 -4.44507 -3.77914 -30.7772 -212.735 16.9046
-10.8737 0.413882 -0.710273 -188.062 -166.22 0.259146
-10.8817 -0.664352 4.2308 -200.455 -87.482 -50.5918
-7.35915 -5.68336 -20.5324 142.319 -180.318 235.691
-10.386 -0.52572 -6.89726 -160.314 -130.111 25.306
-9.37597 -2.70032 -2.06732 -67.1359 -253.171 8.44935
-9.24311 10.3302 -4.30724 -55.357 -137.084 -68.66
-10.1812 1.41627 -3.85641 -148.676 -213.855 21.106
-10.0006 0.398879 1.63643 -132.933 -228.819 5.63488
-9.66293 11.8024 -8.01663 -109.624 -120.2 35.589
-9.52024 -1.83466 4.71379 -96.6981 -248.995 -20.0596
-9.68139 4.28834 -9.04642 -122.548 -171.012 40.4169
-9.90826 5.75477 -2.31081 -145.999 -169.415 15.2431
-8.9282 -7.39228 2.53848 -53.086 -338.156 142.577
-9.52321 3.42726 -8.82335 -112.796 -157.569 39.4526
-7.79206 2.36127 -2.78164 38.6084 -247.033 -4.44395
-7.88944 -5.96461 0.12787 28.301 -269.551 -8.13979
-9.5906 5.57885 4.27521 -141.202 -161.624 -8.58819
-9.50674 5.44462 8.22482 -140.394 -150.838 -77.4906
-6.20861 -11.4599 2.01416 183.957 -156.519 -21.7575
-7.59303 -5.92759 3.44128 42.744 -245.617 -23.208
-8.44626 -3.74237 1.77965 -46.6095 -251.741 -7.77517
-8.50242 -2.3582 3.37151 -52.6279 -231.014 -9.83338
-9.5103 4.70503 -6.19925 -155.217 -154.083 74.6347
-6.68759 -18.8963 0.645464 121.186 -141.105 -0.431924
-8.63979 -5.91076 -3.728 -75.9671 -283.665 -87.0238
-9.29146 1.06987 0.0640036 -140.771 -196.567 -3.13201
-9.42052 0.674297 2.26254 -154.796 -213.287 -6.75748
-6.7177 -7.37844 -11.3467 112.313 -172.176 49.9114
-9.44193 -11.2044 -11.0252 -168.672 -259.326 -30.3554
-9.16769 3.77072 -2.37349 -147.051 -164.191 12.591
-9.37147 11.7703 -4.01231 -169.215 -179.452 41.7102
-8.81799 -0.514213 7.54901 -115.326 -217.307 -46.7229
-8.66586 -0.113815 -3.4707 -103.129 -200.686 22.3049
-8.80204 5.45794 -10.2751 -118.937 -142.03 56.2563
-6.36209 1.79504 11.9541 119.063 -242.237 -54.5799
-9.03554 4.59909 -11.231 -150.037 -154.588 16.247
-7.71894 0.128727 -7.26966 -20.7886 -138.604 -117.167
-6.75395 -6.39436 -4.35804 71.1305 -216.305 20.7669
-7.74744 -4.91834 6.72408 -30.0706 -234.433 -12.1065
-8.82065 12.3485 -6.81027 -138.434 -124.113 30.4977
-6.8635 -6.12031 -0.244639 54.1116 -225.956 10.2641
-7.71328 4.67091 -6.50149 -35.1092 -227.687 37.9139
-8.85879 2.35012 -5.14577 -149.86 -183.575 22.5045
-8.97212 0.962074 3.84315 -161.875 -188.629 -18.5617
-6.64506 -5.3831 7.98453 59.4139 -197.948 -24.9216
-9.01975 1.2328 1.91536 -176.991 -199.459 -4.62501
-5.41597 -11.7496 5.15578 180.462 -98.7716 -10.2808
-8.03088 -2.85044 -6.5954 -81.8054 -249.171 -81.0004
-7.30614 -4.33484 1.07547 -14.0062 -247.795 0.713004
-7.768 -2.44556 3.48803 -62.3721 -225.108 -16.7831
-7.37138 -3.51273 2.05664 -26.7248 -225.647 -13.8416
-9.14691 3.90131 -1.6706 -203.269 -175.041 -0.00884399
-5.56295 -9.43278 -1.66185 141.116 -201.159 6.19408
-7.75605 -7.74062 -1.34132 -77.5351 -272.898 -12.0195
-7.77284 6.34653 4.86002 -82.4964 -210.031 3.16463
-7.03326 -1.10342 6.07656 -9.4284 -36.7002 -152.216
-5.02726 -11.6241 6.75859 189.705 -109.358 -66.3286
-8.74539 4.61595 -0.682578 -179.873 -143.02 7.48871
-8.32255 0.775196 -5.80009 -140.575 -190.392 23.6883
-7.6675 -1.95995 -2.93297 -77.4812 -221.55 -3.53439
-8.98422 -0.54771 3.3601 -208.381 28.8925 -55.0167
-8.76288 5.77477 6.3696 -189.089 -125.243 -30.5126
-8.08483 -1.30772 5.3061 -125.23 -222.951 -37.0103
-8.69213 6.34563 -4.74343 -188.311 -127.372 20.1859
-6.55893 -6.5282 1.36163 21.9391 -277.513 -14.0408
-8.10753 0.597624 3.12311 -133.789 -181.453 -16.8939
-8.53956 7.78985 -4.74049 -176.812 -128.694 20.2501
-8.4323 5.86133 -3.30895 -167.144 -140.844 19.1869
-8.56477 9.41721 1.83077 -181.709 -126.718 -9.05147
-8.27458 2.35438 1.7043 -155.843 -161.403 -5.9655
-8.54679 7.27919 0.828048 -187.805 -119.247 -4.49669
-4.70654 -11.6039 7.42473 193.203 -115.065 -19.2726
-8.86082 6.1137 -0.828509 -222.722 -127.722 2.94426
-6.38188 -5.52998 5.63444 22.2707 -238.855 -32.4256
-5.86673 -6.49825 -7.79716 70.7055 -237.881 36.534
-8.34836 4.02667 -5.87308 -177.5 -156.735 20.0764
-4.8154 -9.87307 -2.99314 171.913 -187.416 22.5068
-6.89906 -5.14119 3.45128 -37.0259 -205.347 -65.1002
-6.4902 -3.91025 6.83916 3.11 -241.526 -38.6725
-6.13094 -6.09652 0.178614 38.6961 -251.197 2.18653
-5.89088 -6.13114 4.94976 60.2987 -227.602 -9.36974
-9.04297 -4.46422 2.71475 -262.664 -220.709 101.516
-6.184 -5.50818 5.51996 20.9943 -253.385 -32.2709
-7.84105 2.38942 -10.9853 -145.277 -159.498 46.5894
-8.3359 5.38235 5.29197 -194.749 -83.6096 -28.8782
-6.47463 13.5206 -2.27947 -14.7314 -42.3504 -8.71254
-8.25212 5.66953 -0.3653 -198.419 -127.786 0.163722
-7.94711 -1.04844 -2.26748 -169.083 -213.471 14.0422
-8.3698 13.144 -1.29407 -217.42 -79.3052 10.9173
-5.30819 -6.85513 0.11105 86.6249 -233.22 11.7318
-4.30457 -11.2981 2.1077 185.26 -150.096 -9.93992
-5.36318 -6.2259 -14.0861 79.8124 -177.023 55.9284
-8.0689 0.184976 1.31287 -192.885 -200.342 -1.30539
-6.58684 -3.4538 6.50352 -46.2117 -224.88 -29.8201
-7.37434 -0.147089 -11.5204 -125.525 -169.932 47.1138
-8.23048 4.26174 -7.23439 -211.534 -126.984 31.4138
-7.49991 15.1294 -1.21338 -141.347 -114.669 6.63182
-5.79399 -5.40351 9.95118 19.6716 -236.246 -52.0351
-5.76742 -5.08276 -8.68237 20.0311 -219.087 33.4364
-6.8241 -3.62477 -6.08729 -85.3783 -196.581 29.2659
-7.88932 2.29742 5.03092 -195.266 -158.907 -30.1496
-7.1792 9.39702 11.2084 -136.07 -115.755 -52.2009
-5.43435 -5.83582 1.90968 35.0703 -240.728 -5.83505
-4.63319 -7.20945 -12.4422 113.151 -175.866 45.5966
-5.14281 -5.84344 5.53016 62.5238 -211.162 -24.3652
-5.13639 -5.75116 8.02514 58.1632 -200.932 -50.2378
-4.79521 -11.1773 -3.4646 90.128 -66.6451 -114.793
-7.79374 2.37581 0.455836 -209.867 -147.039 2.80661
-6.26865 -4.0736 6.40247 -61.8008 -258.952 -39.0897
-4.60024 -6.85991 -7.56015 98.47 -212.604 35.4399
-5.78471 -5.4007 -4.87982 -20.1329 -275.501 3.81666
-5.70246 -4.47917 -6.57394 -12.7478 -229.636 14.6209
-7.56007 -1.46879 -2.70635 -198.851 -205.281 11.1582
-7.42324 0.294757 -1.48816 -186.315 -172.702 8.84511
-7.2328 -1.68308 -1.78649 -169.725 -204.484 5.00555
-7.30407 1.84001 -1.1432 -177.49 -144.772 3.09016
-4.29746 -7.6523 8.30998 120.366 -221.634 -37.5795
-7.36535 2.64208 1.6251 -188.896 -135.531 -2.98333
-7.55086 9.28886 0.598393 -208.086 -105.444 -1.21397
-7.30557 -1.66245 6.64045 -194.805 -400.817 208.243
-7.28527 0.14182 1.21166 -210.693 -158.451 -7.98514
-6.36523 -1.96665 1.30177 -121.22 -203.206 -17.8082
-7.37728 3.13093 -1.98853 -223.556 -111.865 8.25447
-7.23788 -0.0353248 -2.39993 -211.775 -161.533 5.75054
-7.24965 3.04248 1.42845 -213.821 -107.548 -7.29918
-6.03489 -4.07016 1.81334 -93.722 -256.56 -15.1649
-7.02185 9.63322 1.66519 -191.985 -296.152 60.8631
-6.30454 -2.19282 1.81552 -120.968 -201.142 -1.45445
-7.35748 3.93072 1.42664 -227.453 -102.889 -7.99962
-3.08529 -12.9506 -6.1346 194.058 -61.103 24.6714
-3.54784 -9.08821 1.85329 147.66 -189.994 2.8739
-6.32539 -1.63631 -5.20451 -128.343 -192.387 35.2728
-3.38804 -8.41003 3.15823 162.22 -158.529 -26.2596
-7.025 4.37322 6.91266 -199.815 -107.915 -32.2674
-7.36904 1.2306 5.84981 -238.807 -123.237 -28.4176
-2.95011 -12.3682 -1.77181 199.365 -67.7148 4.66182
-4.07032 1.84372 0.735044 80.2382 -83.1163 -160.233
-6.32293 -1.39814 10.4917 -147.318 -180.867 -44.6834
-5.28997 -10.7858 7.83391 -50.9017 -98.1716 -115.848
-7.25225 1.80087 2.12275 -248.373 -114.997 -10.5759
-6.997 7.51272 -1.97361 -224.164 -185.419 -15.396
-4.99323 -5.5575 2.43969 -25.2395 -246.96 -5.31836
-7.18152 6.05596 -4.8688 -243.984 -76.4775 8.76789
-5.61112 -2.33686 7.36446 -88.2411 -201.344 -37.2572
-7.15112 7.35385 7.79928 -241.308 -100.407 -29.4985
-3.78294 -9.84345 2.53414 89.618 -185.556 -33.5961
-2.88738 -9.90238 -0.215807 177.414 -120.968 35.9402
-4.71217 -5.77844 -4.64899 -9.33234 -275.44 12.5146
-7.20899 0.120827 -1.6874 -258.093 -110.799 7.06965
-6.81441 4.63483 2.78061 -219.642 -39.775 -10.4781
-6.84334 2.03514 -0.399478 -224.848 -92.5885 -37.4874
-2.50755 -10.9321 1.82243 204.859 -140.015 -6.1776
-5.06276 -5.11829 2.34493 -49.3965 -266.943 -16.054
-6.37394 -0.540471 -3.68345 -181.094 36.8358 -69.1927
-2.91995 -9.30352 -1.10049 160.806 -217.195 17.7267
-6.56 4.76098 -5.7195 -201.675 -81.948 27.5364
-7.21528 3.47841 5.21856 -270.585 -36.0163 -20.4855
-5.48342 -3.04344 8.30272 -100.946 -220.698 -41.9274
-6.9087 1.85588 -1.1881 -242.99 103.942 51.3258
-6.97767 2.27337 6.0605 -253.395 -84.5469 -25.8623
-6.76923 -0.690924 -6.9079 -233.046 -143.321 36.7643
-4.11264 -6.28481 -5.91037 30.1179 -266.673 30.1368
-5.40785 -3.18448 1.21474 -100.77 -215.863 -4.25007
-6.35914 0.643596 11.063 -198.052 -128.948 -45.9429
-6.26228 8.09465 -11.4448 -188.704 -75.278 41.6525
-5.68514 -1.16275 -13.5672 -131.426 -161.956 64.7211
-6.37291 6.97229 -7.26148 -200.339 -91.4654 34.5564
-6.0737 12.272 -1.80933 -172.1 -88.3382 12.0977
-6.81592 4.9865 5.83552 -246.48 -95.6545 -26.3913
-2.16968 -14.7753 4.22917 213.821 -34.3864 -19.0347
-6.66146 2.16131 -1.82425 -232.986 -104.426 48.1562
-2.41222 -9.94293 -2.58839 189.067 -133.923 21.6318
-2.48817 -8.97766 -0.52103 178.64 -183.475 -11.1346
-6.75674 1.23813 -3.04115 -246.115 -74.0189 13.9807
-6.18282 11.4958 -1.31228 -193.934 -68.3454 9.35561
-5.67068 -1.80944 3.19961 -151.379 -177.249 -17.3433
-6.45753 3.15455 3.12978 -231.597 -82.2805 -12.645
-6.58094 12.7353 0.349434 -245.564 61.724 -35.5855
-2.60967 -7.98157 -3.75416 147.662 -208.411 1.43114
-5.95566 -4.02514 0.668228 -185.172 -216.684 -4.96846
-6.70483 1.29741 -2.64434 -259.899 -81.463 13.8772
-1.81065 -12.5689 -5.59596 223.935 -68.2239 30.3447
-6.39095 0.150487 -4.15687 -234.635 -114.582 17.2823
-6.48489 -0.933957 -3.48351 -243.972 -336.504 109.142
-5.61795 -2.92826 1.98389 -159.258 -197.321 15.9647
-2.85288 -7.42021 0.930493 114.722 -225.099 -3.91531
-3.97241 -5.17256 1.63562 2.83824 -245.794 2.19755
-5.79133 12.0055 3.16938 -178.589 -69.4434 -11.3471
-5.99379 6.93109 -9.50783 -206.684 -48.375 46.9195
-6.57474 5.65791 4.16769 -264.87 -46.924 -14.5378
-4.20741 4.78465 10.0732 -31.7582 -173.137 54.2046
-6.22036 -2.03624 -0.297348 -232.143 -157.921 -6.75629
-1.55899 -12.5424 -0.719403 225.91 -108.256 25.8311
-4.12365 -5.99134 0.401589 -29.8955 -286.909 -21.1407
-4.0817 -4.98247 2.10656 -27.7076 -239.149 -4.10978
-4.37612 -4.13227 -2.73787 -58.0337 -227.27 12.3305
-5.32479 0.740628 -13.3047 -152.939 -101.736 64.217
-6.02598 -2.10466 0.253217 -222.641 -150.941 -8.94416
-5.57496 -1.33371 -9.30189 -178.558 -146.605 41.0165
-1.91049 4.24905 -3.99881 182.416 -86.9385 -46.4915
-5.71787 -2.93876 -2.49269 -196.888 -194.444 13.8619
-2.07506 -7.07095 5.2241 163.965 -168.387 -57.8559
-5.50341 8.84795 13.3097 -177.782 -54.8886 -57.6339
-6.3946 8.45961 1.01741 -266.788 -195.27 -48.904
-4.44838 -1.37675 5.79987 -74.1902 -264.586 -3.30556
-2.36595 -7.24897 2.41959 131.497 -184.607 -24.99
-7.03266 8.24512 -2.09382 -333.413 17.7045 -100.67
-6.01698 0.537088 -3.16415 -233.95 -91.3639 9.3942
-6.04173 3.1452 7.5505 -237.346 73.4548 -68.4055
-5.80917 6.50288 4.59028 -216.358 188.024 -71.1987
-2.23791 -7.26382 -4.58309 138.355 -178.807 22.69
-5.8211 9.47256 -2.10604 -218.643 -60.7677 13.3261
-6.22105 4.55489 1.81952 -259.85 -41.4518 -10.5084
-6.3277 5.44708 1.95056 -271.764 -46.3753 -4.33699
-5.7572 10.3462 -1.86691 -215.178 -64.4837 12.1784
-5.69513 -1.31818 3.70833 -211.506 -125.786 -12.1874
-1.72873 -8.4501 4.31348 182.229 -195.343 -33.7565
-6.05854 -2.27105 -3.5907 -247.939 -63.6366 24.0808
-4.86061 -3.2168 -2.11215 -129.522 -199.536 -2.34955
-2.0726 -8.03427 3.5661 144.113 -223.982 -11.4295
-3.38584 -5.62809 4.05726 12.922 -247.796 -12.6715
-5.71272 4.32082 11.4664 -220.213 -56.2621 -55.8603
-2.09366 -8.81582 -15.5217 137.536 -45.244 68.4465
-5.62966 2.26411 -11.0796 -215.348 -52.8764 38.8328
-5.64321 0.591947 -9.71183 -219.815 -86.2261 39.5664
-5.82616 4.35261 3.38472 -238.473 -38.8666 -17.4704
-2.88613 -4.77283 0.321568 53.1485 -205.206 96.9964
-5.9209 -0.288217 0.83155 -248.311 -70.2867 -2.07259
-5.80095 4.79998 -0.199631 -236.508 -40.7268 4.89974
-5.48046 -0.445722 10.6938 -206.091 -97.7451 -50.2501
-2.66988 -5.99578 -7.39867 70.5186 -219.884 45.1885
-3.30713 -6.29163 -3.06138 7.00383 -283.316 6.01927
-5.87509 1.60666 3.73739 -249.287 -27.1328 -19.1637
-6.14909 -0.138325 -2.49601 -276.572 -19.5119 -22.232
-5.7003 3.1395 0.868099 -232.504 -81.9639 -4.18957
-5.55918 6.9139 -7.2983 -220.444 31.6426 51.7899
-5.8398 6.81465 5.66852 -248.76 -39.5347 -33.514
-1.8532 -7.80548 6.07028 146.25 -212.89 -43.6181
-4.51392 -0.572081 15.8785 -118.396 -123.657 -73.1357
-6.00492 1.62758 4.50278 -268.681 33.544 -17.2988
-1.99332 -6.90473 -6.17961 127.784 -182.546 14.4675
-5.70393 2.97805 -0.409995 -241.779 -5.93268 -24.3914
-3.50904 -4.9622 1.40761 -25.0446 -242.218 -22.695
-5.13547 -3.19318 -2.92632 -188.817 -183.284 15.7201
-5.70647 6.32046 -6.63499 -245.673 -149.56 44.938
-5.75945 3.86117 -4.54479 -250.938 -37.4643 24.936
-5.21784 4.78981 -8.00602 -197.182 -61.2924 -82.5325
-4.20081 -1.71743 -7.11851 -97.4195 -207.197 33.3572
-3.52903 -4.66911 3.19074 -32.1652 -250.77 -8.92004
-1.3531 -14.6638 2.59788 183.503 10.3598 -1.68715
-1.08974 -2.83956 10.8095 205.684 -99.2202 -43.3589
-5.30677 3.85133 6.15815 -213.89 -80.0792 -26.2085
-1.60852 -7.63182 4.37038 153.119 -228.083 -36.7872
-5.72661 3.64389 -2.41145 -256.823 -36.8839 15.2919
-5.05599 13.7794 3.52212 -193.593 -78.3948 -17.7262
-1.23314 -8.23462 -3.47829 180.278 -155.882 21.8472
-0.941786 -15.0893 -0.939554 203.36 -6.75812 14.38
-1.01547 -11.0433 5.16547 195.479 -60.7282 -19.2977
-1.91298 -6.69509 -2.50201 104.471 -210.763 9.24879
-5.64559 8.16163 1.42725 -267.582 -18.0638 -7.51042
-5.45968 4.10783 -1.73844 -249.679 -4.31037 6.04703
-5.59843 4.2107 2.34351 -263.808 -0.302479 -11.6763
-0.845466 -14.3604 8.35721 203.971 -7.02413 -23.6403
-1.32021 -15.4314 -4.48338 154.966 -141.17 6.06923
-6.09078 0.448323 -4.19202 -320.547 -185.863 -44.3267
-4.2531 8.0066 2.57892 -139.523 -152.992 45.2105
-5.29593 2.48082 5.84609 -243.589 37.5073 -28.162
-2.03198 -6.92445 0.0827584 80.0918 -270.449 -4.31737
-1.15925 -7.86834 9.33077 163.686 -159.17 -41.6201
-3.47229 -1.10237 -15.5665 -67.7293 -239.748 100.98
-5.08816 6.18283 5.38012 -229.641 -46.31 -20.7055
-0.921297 -8.17082 -0.834766 184.169 -204.16 -10.7273
-6.79872 2.10971 3.96556 -400.183 140.718 114.609
-5.22265 2.83783 0.809376 -246.253 68.8085 6.78668
-5.04111 2.99687 8.12594 -229.007 2.79453 -37.9252
-1.95644 -10.8784 -16.9462 77.1805 23.7036 80.7603
-4.82825 10.2743 0.772428 -210.666 -63.5292 0.00641859
-1.38897 -6.76694 -11.5229 129.42 -185.808 63.1657
-4.9666 6.27733 -4.0402 -228.187 -12.2449 17.5739
-4.90086 5.27433 5.80831 -224.141 -21.8094 -18.1382
-4.86954 4.91313 6.79789 -221.234 -6.50538 -31.8382
-4.28466 0.946362 -16.5443 -163.436 -51.904 76.6091
-2.54528 -6.01427 -4.94469 8.91188 -265.108 28.7975
-0.654466 -8.51572 5.17022 195.285 -137.634 -31.3558
-1.42574 -4.3699 3.36537 118.621 -165.465 87.6644
-2.10094 -14.3358 0.52398 45.3389 -265.135 -0.852357
-5.20633 5.82721 -1.78438 -271.744 27.3024 6.48895
-4.68171 3.20351 -7.40489 -223.732 30.0789 32.4081
-4.91106 4.23563 4.00675 -247.287 53.0174 9.32564
-4.74743 5.02416 -1.14151 -231.854 54.1249 20.1176
-4.67202 -2.28719 -0.260119 -228.212 -127.577 4.08638
-3.3098 -4.68612 5.96753 -92.9829 -227.916 -18.7958
-4.90805 5.07295 -6.13783 -252.147 26.9215 26.464
-2.11875 -6.38174 4.18028 21.3462 -274.636 -15.8007
-5.01651 4.82563 4.74611 -266.818 53.3707 -37.736
-0.830358 -7.13725 3.1168 146.551 -203.557 -12.2291
-1.92652 -6.59421 2.71148 36.7535 -281.271 -1.12836
-1.59013 -6.00801 -8.25444 68.139 -230.616 49.5913
-4.48484 6.42472 -11.8586 -222.182 -16.5571 52.4285
-4.65691 5.04587 4.06077 -242.323 77.2539 -46.8303
-1.23499 -4.7895 -4.05904 96.711 -210.164 19.0966
-0.350728 -8.02283 -8.01336 183.799 -130.612 29.1885
-4.00889 1.47946 13.5193 -179.672 6.18516 -62.3426
-4.59438 4.22457 -5.17474 -239.338 48.461 9.15023
-4.69925 6.85419 6.63045 -250.368 18.2982 -31.7625
-4.67691 4.69779 0.460625 -248.552 123.893 -3.79214
-0.997275 -6.33303 5.71658 114.954 -205.488 -32.0094
-0.0554853 -9.34518 6.27206 205.477 -94.4008 -32.3852
-1.14413 -7.57948 -6.5142 94.1955 -269.577 -58.4077
-0.126172 -8.51989 4.46792 195.129 -104.033 -20.6443
-4.85481 5.58088 1.44137 -275.38 81.9697 3.75728
0.0148623 -8.75915 -5.06894 206.997 -98.3036 19.3122
-4.16906 9.42915 4.7038 -209.24 -28.0973 -22.2343
-1.09337 -3.55762 -10.1468 95.8928 -249.069 53.5649
-4.1517 12.3315 6.74035 -211.855 166.641 25.7635
-4.24861 9.50855 -0.993343 -222.57 -30.6601 2.87207
-3.98572 3.65327 7.71489 -197.455 126.595 -38.5287
-4.61904 5.82574 3.82174 -260.724 46.7513 -33.0805
-4.12747 4.03676 -3.94736 -216.431 118.098 11.5983
-0.95387 -6.87882 1.29365 96.6991 -259.296 -4.76314
-2.10601 -5.58797 6.77713 -18.2965 -247.685 -38.7807
-3.62619 15.4132 1.83048 -172.218 -83.8238 -5.48624
-4.23688 8.02552 3.07665 -233.885 -1.5706 -11.2627
0.447222 -9.24596 5.18145 230.444 -113.055 -27.9119
0.391446 -15.8746 10.1752 223.237 -10.1499 -35.6441
-4.22798 11.0315 3.03762 -236.694 -14.8992 -11.0544
0.521597 -10.7133 1.08776 234.109 -69.1687 -4.66433
-4.1658 7.23439 0.712072 -232.716 12.9015 -4.65398
-4.47051 4.41482 -2.81326 -266.415 58.8615 -42.9553
0.0197914 -7.47253 9.19845 172.736 -178.743 -40.9308
-4.20733 5.28877 5.01729 -247.48 101.294 -19.8178
-4.27258 10.204 -4.93457 -254.677 -8.60817 25.5094
-4.23068 5.46361 1.5664 -254.87 123.566 -5.46289
0.166027 -7.4886 -3.67206 181.132 -209.852 2.05957
0.28795 -19.8478 11.715 192.815 -197.283 25.5414
-4.06313 -2.41315 -1.21715 -239.959 -9.97684 -35.8408
0.524404 -9.28092 -6.07319 215.27 -84.3777 32.566
0.128619 -7.29535 -0.022326 168.193 -172.194 -0.230118
0.787347 -9.2008 -2.76978 233.001 -130.022 53.2989
-0.688508 -6.05014 2.89353 86.3723 -242.418 30.9706
-4.08902 5.80937 0.00110314 -251.866 100.729 3.10747
-3.91446 5.51342 4.12389 -238.412 103.447 -29.7974
-5.08495 12.5589 -5.77048 -355.748 134.682 -73.1677
-3.9297 12.3237 0.438233 -242.298 -15.0231 -7.10763
0.886407 -10.3988 -0.57996 235.684 -87.4907 12.2253
0.683701 -10.4335 -3.29947 213.983 -62.9475 25.4326
-4.01506 6.60843 1.0996 -252.838 67.1477 -21.3427
-1.46877 -5.9557 -0.807432 -0.743951 -260.225 -3.63496
-3.77451 7.47466 -3.05536 -231.959 -51.291 13.6063
-4.00951 8.39571 1.75039 -256.861 149.147 -13.4557
-3.52502 9.27026 4.14567 -208.933 70.2142 -35.4702
0.624329 -7.84887 7.49077 202.992 -143.52 -42.4158
-4.0942 2.51241 3.20911 -268.022 -32.165 19.7379
-0.500926 -6.26674 -9.33403 88.5236 -242.858 43.6392
-3.56573 5.17894 0.929218 -217.477 131.069 1.39207
0.925508 -8.71017 1.62477 224.6 -136.76 -12.1395
0.464164 2.84225 2.81409 175.648 54.3967 -116.29
-0.063781 -18.0408 3.79768 122.056 71.527 -16.1972
-3.57653 11.8578 4.96446 -227.649 -20.331 -19.9751
-3.75073 4.7362 2.20048 -247.883 -3.67984 4.42398
0.267927 8.68604 -4.89645 151.086 -25.1203 61.5295
-3.29966 0.493978 6.32213 -203.348 57.7566 -6.10288
-3.2711 8.60676 12.0009 -205.945 1.01552 -55.9748
1.13849 -11.7179 -5.67761 226.801 -34.641 37.6622
-3.86004 10.4499 -6.47193 -270.141 -102.289 63.5702
1.08765 -8.83951 0.786548 216.966 -88.874 1.37097
-3.26411 5.9 0.177372 -216.325 174.481 -3.01076
0.695744 -7.54427 3.50726 175.339 -214.22 -17.6856
-3.42809 6.68945 1.64405 -237.925 61.0394 1.30607
-3.41496 6.51494 3.129 -237.273 80.0088 -15.6378
0.969096 1.56345 0.859304 197.358 -59.5847 76.6582
-3.52605 6.33094 -0.376003 -249.694 125.343 -5.52342
-3.2886 9.74911 5.62779 -226.263 -0.475682 -27.0184
-3.44154 7.3863 2.24677 -245.783 66.7667 -14.8491
0.954758 -16.7892 -0.160523 188.079 32.4066 -10.9755
-1.70849 -3.29152 7.96532 -80.2972 135.605 90.039
-3.50971 8.26561 -3.27903 -260.759 68.6287 10.0876
-2.94969 5.54274 6.03626 -206.878 140.6 -5.75699
-3.17941 6.11432 1.9984 -230.273 -53.2201 38.4306
1.80954 -8.54153 -0.773881 265.235 -66.7238 17.9945
-2.7479 16.3001 18.1226 -187.516 31.1674 -86.0274
1.58488 -9.13786 -0.353042 239.926 -102.2 7.13286
1.29019 -7.65487 6.93595 206.522 -88.7358 -26.8919
-0.0255283 -6.30837 4.76504 70.6904 66.203 151.251
-3.29874 7.25051 1.23772 -255.738 98.5232 46.2093
-3.08353 8.87482 4.03683 -237.346 35.6213 -8.65932
1.40915 -10.2499 -5.12146 205.614 -27.8853 26.556
1.64535 -5.52366 -0.167772 227.814 -67.8417 7.8975
-0.440368 -5.67355 1.33458 20.4843 -243.533 8.17007
1.35899 -6.89555 -2.54256 198.349 -168.641 28.9812
-2.89543 8.90691 -3.22015 -225.408 18.8527 15.5197
1.84086 -9.92361 -0.214971 240.726 -3.1248 267.607
-2.59806 4.23125 0.504603 -202.609 -41.46 -104.102
0.541421 -6.512 -3.479 108.144 -249.071 13.3692
0.754034 -5.98032 5.22937 127.543 -208.928 -38.9947
1.78604 -11.2817 -1.84125 229.219 -85.1744 14.6785
1.42011 -13.0378 -7.09454 187.75 19.3928 29.5132
1.79446 -11.5694 -5.21667 223.052 -17.8079 13.9309
-2.88793 11.6618 0.279798 -242.583 37.6632 -3.62811
-2.76314 11.6563 -4.24114 -231.971 10.4709 5.76462
-2.83067 10.6363 -2.85934 -239.194 14.3272 13.9209
-2.9457 8.34988 -2.32047 -250.72 45.1003 20.5144
1.73138 -9.97659 -4.90466 211.089 -21.3342 13.0303
-2.48096 6.03612 0.663304 -208.241 107.055 54.6111
-2.84075 4.77049 7.65969 -244.311 55.6966 -37.9469
-2.48893 8.83518 6.11721 -210.87 17.5231 -40.2432
2.04138 -8.33829 -3.24689 235.892 -84.3518 15.1189
1.98945 -2.93248 3.50569 227.83 -126.814 -12.1336
-2.4145 -5.15055 3.14919 -212.722 -26.2733 -49.0257
2.16696 -7.61968 1.90887 236.131 -161.179 -15.096
-2.74124 4.97933 0.0250498 -253.923 56.5582 -36.3753
2.57889 -4.8523 -6.91529 270.397 -21.245 -26.5646
0.82495 9.49182 5.78234 92.9715 -18.6262 -61.5343
-2.46417 7.26428 3.58285 -235.067 109.787 -23.0512
2.01288 -4.65092 -6.73965 209.357 -49.0284 -51.8778
1.95345 -6.49991 3.67561 200.61 -157.843 17.1116
-2.14044 6.60922 0.779205 -206.698 116.901 -15.6502
2.08566 -11.8397 3.05554 212.587 -14.5933 -34.9138
2.25841 -7.54758 -8.27855 227.26 -99.2778 47.2555
2.50779 -8.83743 3.47378 249.166 -82.5111 -5.1432
-1.72885 5.72329 -6.08594 -172.334 155.803 23.6208
0.657834 -5.74882 9.7602 60.6539 -243.533 -32.0385
2.32979 -10.7 -9.18458 224.403 -18.8985 52.004
2.08789 -13.9773 3.72247 198.869 20.7557 -20.0357
2.364 -10.3372 -7.71077 225.013 -24.8202 25.1131
1.05826 1.0637 3.8886 93.899 -228.053 -10.4823
0.990409 -11.1895 -3.91547 86.9535 -221.547 -5.71846
2.47809 -10.4732 -6.03625 233.025 -22.6116 38.0431
0.110516 -8.48787 -3.93342 -2.74884 -238.068 35.7721
2.04766 -14.0764 0.492909 188.394 36.402 5.90705
-2.06639 7.25116 -5.57981 -220.502 167.197 23.2626
-2.11712 7.19304 8.35567 -229.98 125.784 -32.3412
2.46957 -9.22712 -1.02546 225.21 -218.32 158.698
2.31102 -6.3389 5.19339 209.231 -148.398 -36.8013
2.03839 -5.96086 14.764 181.142 -69.7743 -58.238
2.84467 -9.64407 -3.84773 256.687 -50.9315 21.6141
-1.73938 6.22724 -4.46591 -199.167 -158.704 -10.0929
2.64147 -7.27329 6.36213 235.807 -132.317 -33.5803
2.44072 -12.4455 -0.0130614 214.952 10.1178 -3.25568
-0.717135 5.95756 3.64227 -101.836 221.065 -11.0359
0.543983 -8.80946 -1.52358 21.789 -223.43 13.4353
-1.96625 11.4435 -5.43778 -227.572 19.4033 33.9816
-2.14725 16.5797 0.960467 -245.884 129.941 -6.58168
-2.1185 9.55321 -0.839279 -244.476 75.0455 9.39448
2.66965 -9.16665 3.25078 230.812 -28.1856 -4.37679
-1.91718 8.05113 -8.00904 -225.233 72.4867 41.6574
2.33256 -8.2025 12.5124 195.191 -21.879 -48.2213
-1.2132 6.92501 1.51442 -159.082 242.428 0.0306299
-2.07582 8.53486 -5.82195 -244.974 98.8736 28.1176
2.26926 -7.94792 -6.29729 185.737 -228.53 -83.1273
-1.59618 9.21814 -9.05595 -198.682 9.29373 42.0256
-1.20266 15.8225 -0.64915 -161.794 152.431 -0.201764
2.99021 -7.95544 -5.84294 252.766 -96.6809 26.9873
-0.0107609 6.8759 -10.6942 -50.8062 216.358 53.2397
-1.62238 8.1144 -8.88081 -214.951 89.5078 36.7777
2.80975 -6.96224 -3.25825 225.259 -35.2458 -27.0619
1.74204 -5.16387 -4.3709 118.937 -205.26 5.27024
2.93534 -6.89366 3.37785 232.804 -93.9071 -3.63431
0.447549 5.65562 -1.03095 -15.3515 246.427 13.9769
-1.82066 9.5359 2.81261 -242.307 65.733 -5.90623
-1.8171 -1.95238 0.307609 -247.419 -11.339 4.59261
-1.06165 4.00428 -5.1177 -173.396 209.058 -12.8576
2.94028 -11.9354 5.47245 223.895 -51.0319 -7.65171
-1.35313 7.10137 -5.27735 -202.728 169.31 42.5797
3.12154 -7.38502 -2.3933 240.062 -61.6184 22.6955
-1.55438 10.2743 3.54935 -224.957 42.2849 -20.2729
-1.43497 8.07582 5.3504 -214.64 82.9556 -23.0485
-0.549074 6.49331 -2.80561 -128.494 195.12 20.3058
-1.79838 11.0449 -3.20911 -253.065 55.727 7.24343
3.32082 -7.55911 -2.7627 254.19 -92.4577 23.6628
0.489759 5.93127 -4.39752 -32.7288 257.331 19.0983
2.74558 -5.43429 -4.75027 184.936 -174.017 32.5633
-0.998695 7.07376 6.30359 -189.936 197.246 -11.3432
3.53011 -10.4894 -2.46345 259.636 -20.5778 4.46416
-1.32656 10.7992 -9.39633 -222.814 33.3756 50.8085
2.90364 -13.0317 3.08655 196.942 40.8614 -12.1361
1.1106 10.5742 0.195542 18.0674 175.301 6.10195
-0.222111 6.45153 0.601389 -117.655 228 5.4458
0.931637 0.0300447 0 -4.24961 1.31733 0
3.43863 -6.49703 0.873807 243.184 -121.065 1.79839
-1.20348 10.7511 -5.32933 -219.417 37.3663 20.3524
-0.557972 15.6253 8.90057 -155.545 -42.4463 -41.4824
3.22157 -7.57537 -5.28287 215.896 -31.8725 34.0157
-0.941567 7.61356 -2.89259 -201.613 120.295 33.5458
3.35516 -6.10228 2.91224 223.56 -180.257 -22.8542
2.57581 -4.93554 -6.80518 142.4 -250.06 88.2609
3.26938 -8.68576 9.56552 206.895 6.08375 -41.5597
3.63112 -9.78353 -0.371087 240.747 -8.46813 -2.08045
-0.951049 10.0011 -2.00316 -215.168 49.6369 7.95225
1.83578 -9.92418 -0.38385 59.0262 -19.1327 -83.344
3.90828 -7.08702 1.51985 262.288 -74.0365 7.27154
0.90872 6.32767 -6.57403 -36.4853 272.732 28.9681
-0.663084 7.71364 -6.80345 -197.823 167.545 26.4199
-0.526765 7.42472 -1.21377 -185.507 213.929 -21.4663
3.45579 -8.08795 10.3365 207.822 8.20959 -55.6165
-0.272508 3.43335 5.90759 -163.016 162.838 -5.22802
-0.0785239 3.5545 -3.33606 -147.616 168.029 130.615
4.00453 -7.73167 -0.995027 256.808 -43.974 16.3702
1.78169 5.55067 4.9046 35.2004 252.176 -29.9694
0.0996361 6.65437 1.54249 -133.363 220.083 15.9991
3.47527 -5.23493 1.90269 201.939 -117.381 -34.5613
3.70778 -10.6496 -1.91344 220.185 24.364 7.53283
-0.409759 8.31406 9.43577 -189.377 70.8979 -46.2503
3.48797 -13.3338 1.18176 197.025 45.894 0.818598
-0.590815 9.17775 5.87078 -209.276 72.9387 -25.4787
3.52939 -8.85988 8.81538 196.188 21.6461 -38.2484
0.939477 6.51817 4.0118 -63.4038 258.483 -13.0751
1.8321 5.90386 -0.357439 25.0174 261.585 10.5444
3.77087 -4.83299 -5.49792 217.585 -97.498 36.3064
0.522776 -3.36244 3.9415 -106.383 -132.078 145.457
4.22699 -7.57025 1.78776 261.524 -46.3614 3.92325
3.57109 -4.44443 -6.62008 195.584 -143.145 25.8191
3.66822 -4.6649 0.123498 204.816 -145.572 34.4515
4.07095 -6.78263 -6.01323 244.429 -44.8244 38.7411
-0.0829103 7.18487 -8.36344 -175.992 184.696 27.9639
4.09283 -7.0167 -2.55004 236.943 -29.8596 9.81611
4.37601 -7.10805 -0.322369 256.808 -24.6873 -2.58801
-0.0455093 7.66985 0.436938 -184.257 151.208 -6.2304
4.25445 -4.81828 -1.40308 241.94 -61.3316 21.378
4.41269 -5.63731 -1.12238 256.021 -135.046 11.29
4.14689 -1.47524 -4.37742 225.894 136.562 18.0974
3.87143 -9.8502 8.65507 197.713 29.8329 -33.1994
4.42437 -7.21417 -6.99561 250.732 -22.9951 27.9374
4.26797 -5.59625 7.85121 235.191 -47.8335 -24.8595
-0.354241 10.8498 6.11596 -230.199 76.0586 -26.4753
4.48433 -4.92863 -4.08104 248.585 -111.802 18.9538
3.0958 5.79895 -1.23689 108.766 277.343 63.318
-0.170281 8.98231 5.4065 -216.978 103.14 -19.4159
4.30623 -4.83651 2.28351 227.388 -159.378 -10.7514
4.83026 -6.54538 0.697588 278.617 -56.753 9.74955
0.664238 4.80958 0.962871 -139.399 156.159 137.218
3.98027 -5.01298 -13.4661 189.969 4.46665 63.3488
0.142311 8.3993 -1.97237 -192.365 192.577 22.374
4.70731 -5.73394 6.62791 261.055 -55.2336 -18.0808
4.16114 -4.5586 -5.60031 204.435 -173.84 16.5943
3.67015 -16.6515 1.17685 153.856 74.2022 -56.1469
4.55662 -6.24787 1.53009 241.535 -25.6294 -10.826
3.93208 -13.2411 5.3021 177.464 62.3907 -18.3281
4.21719 -10.4457 3.44742 205.701 -47.3744 -15.049
4.53475 -8.49206 0.223037 235.488 90.7693 -2.76561
-0.369133 19.9281 -0.447877 -254.413 64.1882 -3.9807
1.18456 0.940086 10.3179 -100.954 184.765 14.8303
0.723573 6.69405 14.0509 -149.417 145.438 -53.8968
1.24084 6.23179 -4.73281 -101.738 202.021 23.0051
0.437294 10.502 -9.61732 -181.825 49.4909 44.9722
4.89747 -7.34285 2.58068 258.091 4.85503 -13.1852
4.82698 -4.32561 -4.81049 250.108 40.1332 -7.67775
-0.0591098 10.6004 -0.90156 -236.778 89.1969 -2.34364
4.23424 -12.1635 5.33615 186.533 57.5818 -18.1703
1.18321 6.50031 7.99353 -118.458 190.898 -38.7611
3.50178 7.47872 -3.40755 111.717 188.423 15.0609
3.66713 17.8119 -10.5843 128.103 445.089 -89.6942
0.144308 7.77057 0.326381 -226.648 78.0483 -12.0293
3.62023 10.3981 -4.09453 117.406 -40.9131 -26.4076
4.6592 -2.98615 8.47835 216.306 -107.334 -27.3129
4.8986 -4.1846 -1.79838 236.857 -3.82753 10.5994
3.36995 -8.32815 17.0631 84.0702 53.4655 -81.3974
5.07321 -3.87906 -1.08058 250.682 54.0165 13.7116
4.40605 -13.2071 1.65361 181.543 64.9773 -13.5055
2.21996 0.112143 0.471219 -36.6599 501.594 29.8645
5.13736 -5.58566 1.92064 251.466 -78.9186 2.31399
5.0573 -7.59386 5.94638 241.398 25.2389 -8.48554
1.14923 8.77983 2.56874 -149.773 210.177 1.21578
5.35932 -5.72494 -0.364095 266.608 -16.3914 -33.2711
0.980694 7.95879 8.77308 -170.917 160.111 -25.1184
4.5626 2.50498 -6.44087 180.954 136.806 33.6305
5.40248 -5.49599 -7.14168 264.187 -0.465033 35.2464
0.668629 9.89366 1.38765 -206.234 117.967 -1.7721
5.09319 -8.22844 -2.19496 231.484 19.6772 17.4396
3.27994 4.99669 -6.99022 49.4456 254.989 -92.1213
5.16646 -6.87933 0.0314347 232.599 33.767 -0.500991
0.617351 10.969 -6.32957 -223.663 96.6872 25.4537
4.99924 -8.48362 -8.19896 210.82 44.1824 30.4907
5.5437 -6.45105 -0.401679 264.895 3.7719 4.51481
3.33205 9.75277 -0.338508 41.6046 251.831 9.41162
5.11466 -8.74915 -6.55747 218.279 45.8717 34.3671
5.40825 -5.15417 7.74837 244.82 -19.5321 -73.7338
5.49654 -5.72787 -4.77073 253.169 1.52881 24.3336
5.63083 -4.89587 7.83201 260.707 -2.98689 -33.0778
1.18687 14.6945 10.2492 -181.493 171.514 -67.5418
4.49745 0.750979 -4.18243 146.35 169.211 36.5384
0.811422 11.3902 0.129035 -220.795 65.6209 0.743392
0.992031 9.66646 1.3596 -202.906 117.976 -11.9698
5.76433 -7.28552 -0.560482 269.248 7.10441 5.28873
5.03671 -11.3212 4.93116 192.272 67.5011 -33.3379
2.00517 7.44934 -3.37608 -109.732 263.028 7.00215
5.40021 -1.48835 -5.51324 226.412 39.0757 30.9404
4.60219 -2.33567 16.1626 145.419 186.502 -82.0077
4.08713 -8.17021 -1.21647 87.9162 180.465 40.5926
5.26455 -9.47794 -4.92344 204.71 63.2912 23.0601
4.93699 -1.53336 2.98312 171.679 163.857 15.4909
5.77554 -1.98659 6.39935 253.454 21.7252 -36.5892
5.65765 -6.68424 0.904554 241.121 37.0776 0.796443
1.08764 10.4299 -5.90757 -213.034 93.7744 15.3199
4.31413 1.40853 2.73321 106.448 256.803 -9.20714
5.74457 -6.8196 -1.60651 248.099 39.2653 39.0261
5.95121 -5.21833 -0.766321 268.205 26.0835 -78.4257
5.48524 -1.46916 1.83447 221.039 128.664 -14.4785
1.22584 9.35932 2.82085 -203.726 172.754 6.64932
5.21594 -6.66962 -9.14742 192.272 58.2109 46.7104
5.46514 0.802465 -1.07432 216.873 91.4976 1.59471
5.60104 1.16162 0.126401 224.628 124.45 -2.15651
2.92093 5.68917 -9.31105 -41.7347 239.003 41.5767
5.4701 -10.3855 -1.52803 207.39 64.4924 -4.73591
4.90804 -13.3036 -0.631861 150.996 79.1919 -87.0647
4.41378 2.76966 1.34177 100.751 206.119 72.6135
6.06542 2.81637 4.40896 263.571 -55.369 -13.2215
5.23848 -10.3489 8.82584 180.944 65.1693 -39.7193
4.77528 -7.80532 14.9125 134.889 68.6923 -65.9283
5.67873 -6.77287 6.85495 221.707 50.8467 -32.6674
5.91014 -4.01221 0.613144 242.471 40.0124 -4.31902
5.88607 0.827555 4.01292 239.078 -2.39717 33.8388
5.91705 -6.40816 0.435466 242.034 49.0529 -15.5405
1.31273 22.2576 -21.0594 -217.846 -11.2106 81.2618
3.51655 5.54369 -2.80033 -0.743598 240.998 6.74682
5.08119 3.97149 2.36818 154.405 223.702 -17.7118
5.90458 -5.50912 6.71704 235.808 46.3015 -32.1238
6.24421 0.279981 1.09295 268.855 45.0004 -15.6446
6.22589 -4.30807 -0.506619 265.685 32.9611 -5.46576
6.47892 -2.31056 -1.35182 290.796 -17.7817 9.12772
6.34316 -6.43402 1.1346 272.478 36.7873 0.383016
3.92698 5.96554 -2.40587 31.0774 286.551 2.38395
5.60722 2.21424 5.97811 197.769 -98.4492 -15.1559
5.22033 -14.5452 -2.22976 157.655 94.5234 2.68532
5.2722 -15.2683 -6.49065 162.788 148.951 24.5251
5.84569 -5.50785 -6.5372 219.681 48.0692 21.4088
1.62621 18.367 -1.4411 -201.697 176.45 -4.19134
2.74236 6.41203 6.36587 -92.0959 216.191 -34.985
4.18555 3.66342 9.46039 49.2345 175.618 112.897
5.49591 5.47497 0.787229 178.89 114.261 -43.4616
5.19857 -4.30469 -4.067 149.252 91.3246 -161.592
5.33178 -13.3433 9.36654 162.394 77.239 -42.2334
2.47689 9.54685 -12.2325 -127.409 221.924 -33.5468
5.43154 -1.55601 -1.92999 165.529 167.632 -88.6787
6.09611 -6.91926 8.13413 231.183 64.8702 -31.128
5.39636 2.27963 -2.45949 160.387 177.566 4.07933
5.84378 -3.27451 7.33754 204.173 72.3694 -35.0794
5.35529 -13.4267 8.55967 148.782 84.3585 -32.9589
4.25224 3.85589 9.79734 33.918 207.786 -46.9956
2.21351 0.52823 -1.52079 -170.996 112.943 102.644
5.11788 -4.20219 0.304645 117.281 214.456 80.9457
3.88036 5.43213 -4.55731 -6.74689 250.386 10.1902
6.62471 -12.3858 14.5076 263.887 -161.569 50.1133
6.52788 -8.33162 4.73776 252.674 33.8638 7.09605
6.51901 0.384957 7.41185 248.09 107.579 -37.607
2.25639 15.8044 0.262984 -177.128 -7.99401 -4.13494
2.45945 8.68708 -13.7337 -157.725 92.0052 46.5457
6.27659 -8.16524 -3.67539 221.383 70.6076 25.5491
6.0017 -11.7008 4.07664 193.474 81.7758 -13.4999
4.79012 2.5962 -12.5547 70.5423 179.216 50.6358
6.36346 -0.808075 -3.99544 225.482 103.845 14.7455
2.89051 7.26268 -4.80836 -120.074 198.748 29.3092
4.24153 1.84507 6.90789 7.85765 231.231 -23.2025
6.0127 -0.0133905 -8.17073 181.763 139.479 37.8391
6.57832 -0.401303 4.25581 237.821 107.231 -23.0742
1.99986 13.1837 -1.78954 -218.644 53.339 9.4484
3.42238 7.1965 -2.78045 -77.4511 268.658 18.1478
6.40001 -0.322703 -7.2666 218.101 -5.04186 -89.9743
2.14863 10.4346 -2.83459 -205.195 129.498 21.7456
6.28926 -1.1033 -6.85218 204.822 106.63 31.8471
6.33493 -5.98526 -9.77957 209.077 65.7048 47.902
5.49376 3.78697 -2.23313 120.365 235.55 21.6708
3.42007 13.0188 2.15375 -85.9085 -16.7138 -37.8927
6.30416 -1.78356 -12.8317 200.305 98.2798 55.3993
5.31546 0.635472 -3.74168 100.831 248.859 15.4983
2.84397 8.9056 12.7891 -149.247 78.076 -59.6344
6.44468 -4.88662 -8.64608 207.818 350.786 138.025
6.5688 2.01586 2.98734 218.718 125.488 -16.6427
6.84953 -4.73004 -3.99377 246.568 66.4082 22.0617
6.53073 -3.74705 -6.05509 214.577 86.0234 35.1597
6.34306 -3.32655 7.64808 195.113 100.091 -32.0586
3.93516 6.71598 3.49285 -45.4289 276.091 2.37596
6.80339 -1.61902 -0.675156 238.898 109.693 6.48652
6.70725 -1.26902 6.33791 224.789 106.292 -32.4014
2.55122 -1.92048 7.2618 -189.318 -29.4565 7.21442
4.75843 4.8662 1.93141 27.8807 249.442 -3.77275
6.01369 13.7645 -10.154 151.46 676.712 -512.489
6.2716 -0.446848 -9.67342 171.887 141.676 31.4855
4.4464 4.40444 10.0455 -11.2879 205.858 -54.5242
4.13989 5.70326 4.08616 -41.7881 229.646 -3.37842
7.01156 -1.97494 5.33651 242.068 45.7636 -13.9997
6.80484 -1.01202 2.50616 219.829 175.869 5.62176
2.85323 9.49302 4.27669 -176.643 127.096 -18.9134
4.60807 5.92572 2.88533 -3.65836 275.187 -20.0012
6.54992 -10.5012 6.13 189.122 83.242 -24.9311
3.53772 7.77735 0.438108 -110.883 256.713 -9.07873
6.64116 1.4607 0.998876 196.845 179.538 7.81722
6.48763 0.850052 -0.849358 179.406 167.454 15.2597
6.30796 -1.96917 8.14943 161.374 203.732 -35.8173
6.84463 -1.08844 6.63492 211.928 129.214 -19.2954
5.80978 4.69864 1.70478 106.862 266.329 -12.6561
5.60681 2.13789 2.46934 83.9576 545.009 -89.056
6.59159 -5.59266 -7.48425 180.037 105.143 36.7907
6.75861 -0.264752 -6.74613 193.829 148.711 25.6009
5.95678 1.34565 -3.88001 114.028 175.489 -84.4829
5.39621 3.47422 -9.28242 55.9511 217.514 35.7656
6.22706 1.90513 3.31024 136.83 243.055 -42.1327
3.09684 9.49639 -2.30284 -175.06 131.678 26.3564
5.74667 4.05486 2.91015 87.9235 244.603 -28.2612
7.32303 -3.6594 1.27058 244.309 91.8124 -8.35506
7.00021 -2.42246 0.835151 208.341 121.096 -11.3273
7.22141 -3.09824 6.10803 227.864 116.769 -31.4269
5.24771 8.46632 0.0586519 31.2575 263.392 6.56568
6.705 -8.93209 -10.1122 174.831 91.8528 44.6937
6.69418 0.429225 -9.37655 170.579 162.909 53.7265
5.93419 -2.01536 -6.31602 93.5666 182.651 -28.3713
6.95051 -4.72563 6.71039 190.837 109.134 -33.6515
4.5971 6.04849 4.58803 -45.2359 243.278 -4.75999
5.72858 5.93353 1.51568 66.9531 -77.0182 67.5816
6.94618 -7.80128 4.2181 187.007 132.209 -16.7618
6.46902 -15.5694 6.27482 135.455 97.6401 -26.3395
5.17747 5.09245 -8.36016 6.44793 236.674 46.1644
3.80456 7.76198 -12.3847 -134.832 160.144 61.4439
6.71383 0.942375 5.50196 149.566 178.778 -32.0507
3.3097 10.921 8.96011 -193.26 111.662 -32.8327
7.37 -5.28805 -6.7954 207.928 115.67 34.0454
7.24505 3.17544 8.09241 179.882 213.546 -12.7724
7.2447 -0.0330679 2.82942 178.323 173.425 -1.39174
7.2802 0.192554 4.66803 180.908 174.648 -9.62878
7.20549 -13.4158 1.07542 169.357 103.905 -2.20217
7.78251 -6.61416 -4.37875 226.301 100.986 17.5607
7.55557 -7.41219 -5.8725 202.129 107.707 18.1844
4.07479 8.21798 -2.32467 -144.193 171.596 15.8982
7.42538 1.42071 3.84869 182.384 213.237 -25.9012
4.89147 6.03272 -10.6025 -70.9298 198.283 42.5927
7.10177 -14.1082 -0.196915 148.07 92.5059 -4.62672
8.02876 -6.17254 4.32192 234.887 115.516 11.6619
4.6615 22.2451 10.239 -102.02 211.973 -3.27974
3.94113 10.4222 0.0560202 -177.117 144.235 10.3075
7.74522 -4.34233 6.93393 200.63 127.878 -39.0116
8.16663 -3.38931 -3.03219 240.184 -88.094 27.3412
5.64395 5.41824 5.92875 -10.9076 233.562 -32.8891
3.78637 7.33683 -0.592985 -196.485 182.431 14.3951
4.65286 7.73816 -3.2301 -111.293 242.467 8.00314
4.22263 7.5445 -2.667 -155.108 195.514 22.3456
7.6306 0.209813 -1.37982 180.42 210.107 -23.9803
6.92366 -2.34917 -2.33419 104.634 554.386 47.5887
4.88458 6.8891 -1.50888 -98.3031 203.168 1.53302
8.35821 -6.6523 0.51159 246.58 107.356 -4.95742
7.90447 -13.3769 -6.19315 199.054 286.441 49.2142
7.71426 -11.9587 -4.39604 175.365 99.0176 22.8669
6.77908 2.74675 -3.94761 81.7543 220.476 9.91893
6.3378 1.54285 0.509996 31.3975 288.585 -47.8211
7.08914 0.889302 -8.1083 105.129 189.29 29.615
6.2813 5.33012 -4.00094 24.5835 267.318 23.658
8.14162 -0.522181 4.96405 206.809 180.544 -38.3834
7.84671 -10.9571 -4.65606 175.03 107.007 19.2954
7.62208 3.22136 -4.12041 147.409 -60.856 -92.083
7.87608 -5.59803 -8.53638 172.092 116.041 39.4649
7.94218 -10.5518 -1.68018 177.992 106.077 5.6898
7.746 2.63603 1.39232 155.429 187.515 -7.33162
4.6227 0.790219 4.95017 -157.29 226.188 -22.324
5.85123 6.00883 -2.60275 -36.0764 252.39 16.1191
8.39569 5.79659 -1.63413 216.535 58.2742 24.741
6.45713 -0.885892 4.8941 23.9444 310.955 -19.8548
7.92224 -1.95734 -0.211745 165.43 158.239 -4.43925
7.75082 4.60288 -2.44313 141.179 161.471 10.8885
8.30467 2.99153 -8.87037 194.39 177.94 -30.776
9.25352 -0.875353 6.20503 288.621 207.436 189.956
8.10461 -9.60743 3.86894 171.065 154.621 -22.1225
5.77675 6.29765 -0.913059 -65.2458 234.566 -8.53721
6.82598 4.54224 -2.27779 36.9942 267.287 7.44365
5.0307 8.28999 -10.4166 -143.297 120.891 30.2204
5.11738 8.18458 9.06419 -135.802 149.864 -36.6056
7.4221 3.85143 -5.04218 91.5653 257.904 28.8194
4.60907 4.36122 1.13873 -195.885 193.37 8.9659
6.41429 10.42 -3.60312 -16.8898 245.814 7.12317
6.36667 5.63347 2.8135 -21.621 253.55 -17.5808
5.1808 8.922 1.35529 -140.889 213.671 1.90955
8.2189 -5.02389 -3.2546 160.594 325.626 -5.47841
8.42045 -7.31377 2.91959 177.224 115.09 -10.596
8.30756 -0.610989 -1.76794 162.91 197.866 4.35985
5.70374 10.5408 2.83068 -96.9003 177.265 -71.4083
7.81664 2.87793 4.42458 112.621 244.655 -8.47279
7.50643 2.45047 -7.47068 75.325 215.393 26.2126
8.88923 -3.94651 -1.14765 211.208 149.325 6.94196
7.8682 0.34008 4.4719 108.406 193.726 -34.0625
8.15226 -0.205209 8.16569 135.978 191.603 -43.641
7.64957 2.90387 -2.99735 85.8727 236.487 5.00374
8.35047 -2.02902 4.46675 152.22 165.266 -10.0075
6.7005 2.14759 -1.53116 -14.1543 275.002 0.531086
5.52826 8.30255 -0.376158 -131.862 224.996 -7.66048
8.42356 -5.4828 4.77236 154.797 146.537 -23.551
6.26364 3.3533 1.27555 -61.0973 255.277 -2.31485
5.84501 7.65922 7.05339 -102.788 199.664 -38.2411
7.17365 12.7758 -2.46952 27.2308 194.222 9.00242
8.66123 -0.849875 4.59156 169.248 201.446 -21.7017
6.79861 5.05869 7.42688 -16.1055 301.979 -224.904
8.82056 -0.204374 1.67384 183.871 37.318 65.9889
6.73348 5.64713 7.03955 -23.4913 246.068 -36.7316
8.07395 -2.23278 -0.737344 109.594 210.771 -1.51943
8.99581 9.84074 -0.0282219 200.228 432.083 -36.9383
8.83181 -2.69584 4.55915 182.105 175.682 -16.1109
5.76223 8.02242 -0.106639 -125.089 206.947 -8.20049
5.4548 17.3058 -2.41385 -159.415 143.292 15.8044
8.05802 -5.61583 13.4867 95.3482 122.67 -58.7358
6.75073 6.20212 6.16827 -40.5567 262.754 -23.7187
8.59485 -0.387249 -1.24851 138.598 197.541 -0.869926
8.82691 -0.596363 3.58663 160.381 210.692 -13.5772
8.6032 1.32088 -9.82161 131.851 127.51 86.0884
8.60192 1.34292 -0.806059 130.717 232.917 -5.43573
7.57576 3.92774 -3.47993 28.7021 249.495 13.1378
8.42909 -7.16283 -3.30635 112.438 186.963 7.9392
8.7594 -3.08229 -6.64079 144.485 165.259 40.3391
6.02428 10.0436 1.58108 -127.563 233.762 66.9735
9.1085 -6.31152 -11.4463 178.537 113.869 -78.4459
7.3847 4.1799 3.90441 7.20336 242.807 -24.9794
5.50913 10.7875 -1.20614 -179.356 136.534 16.263
9.04549 -9.78563 -1.7169 171.918 74.9636 111.646
8.18153 10.5331 5.80145 84.5303 175.891 -27.4579
8.9497 0.0838524 4.65464 158.884 219.511 -28.6056
8.29798 -3.90606 -14.4963 87.6681 139.757 63.8086
6.15572 3.35506 -6.79793 -127.309 222.616 32.6997
5.4559 11.5601 -10.3373 -197.63 155.515 58.4188
7.97707 3.48979 2.81554 45.8 246.972 -1.57941
8.01807 0.624939 14.2459 49.6501 175.453 -71.1708
7.30739 4.74942 -3.02414 -23.6305 222.061 4.40754
9.68553 16.8133 -8.39429 212.538 508.025 -52.118
9.39092 6.22253 -0.66545 178.24 8.57134 -29.0491
7.61695 4.47566 -4.46629 -3.25524 -67.1316 -72.2737
8.08047 3.04389 -0.267994 41.8345 250.67 -9.21843
6.41725 8.34012 -6.03988 -125.965 200.292 19.0493
8.69183 1.7921 -0.469302 97.9934 231.118 13.0105
7.11452 6.20355 2.41547 -61.2814 210.476 -7.07497
9.3142 -8.34021 -1.30701 151.799 135.747 4.86768
8.13421 4.58387 -1.1323 33.3316 276.841 2.11892
7.87846 3.89182 -6.2192 7.01705 217.557 32.7321
8.50997 -3.92625 -9.20334 68.1629 204.702 50.2008
6.91643 8.59858 -2.92473 -93.4204 476.374 132.044
6.01764 13.2971 7.26013 -182.933 74.7763 -34.5972
7.04207 6.62996 -0.357683 -83.928 236.198 0.440472
8.86639 -0.371975 10.9509 96.9057 188.728 -55.2959
9.12484 -7.20023 -14.5949 116.704 253.65 186.246
8.05888 4.71272 -4.45149 7.96136 264.927 12.4634
8.33534 6.84158 -1.1135 30.1741 207.608 1.64398
7.02399 7.20334 7.64986 -103.055 176.837 -40.8233
9.70585 -3.11249 -5.70568 162.936 184.061 37.314
6.23117 12.4687 2.21503 -188.604 109.932 -9.52177
7.16568 -5.20931 -4.25786 -98.3537 164.367 -28.5075
9.62559 -2.39996 6.72724 140.56 202.15 -28.1273
9.72062 -10.6023 1.77333 144.768 168.622 -80.3624
8.83513 13.7901 -7.579 53.3006 351.247 -106.402
7.87278 1.24896 -3.72223 -44.1762 241.998 20.8969
9.23697 8.06394 -14.5075 90.8127 235.547 44.8153
9.01723 -10.8383 -6.58646 66.3249 273.267 37.8717
7.23895 7.67908 -6.5348 -110.918 205.204 23.9868
9.83641 -15.4146 1.73925 133.447 258.404 -6.27304
7.22982 8.12735 2.45723 -128.049 197.266 -19.5672
9.90961 -1.62106 -11.7252 137.386 73.223 53.6239
7.20029 6.5902 -13.459 -134.069 218.387 58.8801
9.83385 -3.69043 5.32876 127.487 280.891 -117.638
10.4049 1.15331 17.0079 184.089 165.817 19.8126
7.70128 6.89384 3.24342 -86.6599 207.886 -20.9103
6.85193 11.4329 -5.45942 -174.335 120.166 34.8864
8.71404 13.3026 2.9208 8.07169 427.419 -81.2992
10.2627 -3.88509 -5.29028 160.634 126.596 22.8778
7.00473 10.5354 4.02354 -166.853 129.838 -37.7386
9.1294 3.8238 6.14458 40.5247 250.65 -15.7503
9.76667 -4.17826 10.9946 99.7305 168.608 -48.1499
9.37697 0.883853 -9.84285 55.102 198.364 37.8722
9.69571 -2.01607 -2.75916 86.6748 235.865 22.4402
10.0215 3.73935 -1.40908 111.998 205.104 24.0862
10.1449 -1.79887 -2.61434 121.386 202.119 18.6429
8.04918 5.01291 11.2113 -94.739 175.994 -14.2578
8.75889 1.30557 -6.66833 -26.1522 210.657 -49.2791
9.0103 4.16839 -3.91585 -3.379 222.574 11.2477
8.06426 -0.704511 -6.03011 -98.0714 506.336 68.7046
9.45689 -0.337323 -12.0065 37.9429 169.205 48.9469
10.2411 -7.96634 -8.34487 111.879 195.955 18.1191
8.87602 2.2489 -2.45248 -25.2195 270.318 2.79972
10.3404 -8.25949 6.30038 117.102 242.801 -26.2314
7.72106 4.08108 -6.93556 -146.548 120.882 -49.8842
7.78902 9.28411 2.74622 -140.413 209.22 -10.9802
10.2645 -1.87299 -5.73919 105.105 184.257 32.2663
8.00115 8.72136 -1.38149 -120.41 219 0.030772
11.2357 -9.30433 5.02782 199.787 220.843 34.4964
10.1512 2.2521 -0.977201 80.9909 252.962 -4.67972
10.4316 -2.62496 4.63667 108.371 192.346 -14.9012
10.5498 -3.85829 -1.80087 119.769 191.621 10.5433
9.17892 5.43826 5.67521 -35.1816 226.867 -30.1656
10.0448 1.71433 -7.18911 40.6436 223.989 15.1011
9.69195 6.49452 -0.141049 -4.52047 222.776 -6.83426
8.84126 2.3206 5.34693 -90.0363 178.198 73.3119
8.79228 7.61871 -2.37762 -109.56 179.438 5.65512
11.5284 -6.06976 0.882786 160.066 183.917 0.453401
8.76907 9.19135 -7.91782 -126.996 146.797 42.1201
9.77553 10.2686 -0.488959 -29.0549 -42.7311 -40.1428
11.3797 -3.80963 -1.178 121.323 196.934 7.77614
10.9503 0.0891318 1.49585 75.7569 218.137 3.10403
9.80198 10.2867 4.39335 -53.1578 203.358 -16.4217
10.5633 2.64168 3.18588 7.09937 221.648 -16.923
9.63198 6.88272 -5.72722 -88.4011 175.121 20.8473
11.7757 -5.86396 -1.16976 124.131 192.936 -2.98779
11.8883 -6.92167 -5.49192 124.811 178.344 34.8044
12.8559 -3.13908 -2.07404 220.183 141.426 11.5711
9.18602 11.837 3.69437 -145.588 193.325 -15.9876
11.4136 -0.238585 3.06328 75.2954 240.867 8.86017
11.4718 4.60316 -0.991119 74.03 234.159 2.66053
10.5842 11.7523 9.33782 -15.3787 270.721 43.768
11.369 -0.721779 -4.70474 60.0539 197.856 30.2984
12.2274 -1.33071 8.05351 123.691 184.738 39.3227
11.9575 2.52471 11.1024 95.4334 156.075 -58.6972
11.7259 2.07258 -2.19574 66.5273 239.996 31.0721
11.7086 -9.62257 7.2834 61.4886 11.1555 -2.15856
10.0151 8.63493 6.07464 -108.298 153.024 -31.521
10.9818 4.10738 -9.73337 -41.2838 202.561 35.8751
10.7594 5.64535 0.297097 -75.3915 219.637 -2.18423
12.5357 -3.99886 3.14443 92.4532 191.304 -8.34768
10.8694 6.22202 -8.0665 -75.5468 186.686 40.3465
11.5567 2.10614 2.46015 -9.33558 208.96 6.94578
11.4761 3.75239 8.48547 -44.4296 181.801 -46.3671
12.9533 -1.01094 -5.56032 90.6059 155.677 20.9531
12.3304 -1.04723 -8.39594 27.8191 178.613 32.2636
12.3262 0.987225 3.30208 25.3839 231.881 -21.7231
12.3763 -3.73017 12.8463 14.6429 140.619 -52.9828
11.4633 7.3763 1.04278 -97.6825 177.18 -10.1438
12.9723 -5.38299 -8.05792 45.1811 165.776 26.874
11.6146 9.65682 -4.88664 -96.0751 97.088 78.0157
13.5798 -5.73541 -1.58857 93.9926 197.859 1.48863
13.9088 7.99146 0.716862 114.055 143.881 0.264559
14.0707 8.73102 -9.16973 113.72 225.155 19.7846
12.7143 3.37008 3.76822 -26.6481 213.631 -14.8236
13.1471 1.818 1.68811 12.2797 238.958 -16.6216
13.4061 10.7118 -1.54634 -17.9357 250.333 -65.0429
13.6967 6.47255 -0.572725 7.06506 97.0427 -12.2585
14.1137 -9.06875 5.4458 37.5977 155.334 -47.1721
14.0289 1.3017 -4.47097 -26.9608 196.926 24.156
14.7289 -3.16719 -6.02775 -39.2872 233.15 32.5929
15.1362 -14.2131 -1.30277 -57.4946 76.8024 6.10271
15.6943 -10.3948 -0.0865277 -9.7735 303.035 -4.69829
16.6863 2.25979 10.2085 -70.5463 86.606 -48.759
17.6142 5.2882 -3.23422 -64.5043 76.7552 -5.68221
17.8114 -5.46018 -7.87415 -67.8166 274.151 44.4603
nan nan nan nan nan nan
12.9134 2.13497 -8.40264 46.7647 173.133 46.9108
15.2927 -1.38054 -3.35004 19.0833 211.085 3.61584
