-29.1593 10.2248 8.55656 55.9734 -15.6852 -44.7469
-25.8239 10.8595 -5.7924 36.1166 -164.961 74.6457
-24.4335 2.09903 -7.37435 66.101 -115.5 19.5373
-23.4223 -13.1757 -3.58006 54.0111 -25.3053 55.1258
-20.3001 -1.40206 -1.83565 59.3188 -0.0190145 33.2468
-19.9828 -2.2078 -0.92581 75.0971 -53.1549 -76.3304
-19.6054 -16.1548 7.49778 101.906 41.0369 -28.285
-19.9763 -2.74421 -0.109879 62.3496 -82.218 -28.1923
-20.0835 6.39922 0.414053 41.0265 -71.0519 -20.1237
-19.8606 2.53556 0.279882 46.3979 -80.1234 26.0471
-19.7241 2.55189 -0.772017 58.0713 -19.7396 -65.8225
-19.6291 -13.0291 -3.37518 63.808 -140.24 -19.4547
-19.511 -2.76178 -0.609734 66.5662 -85.2733 -60.7741
-19.6093 -0.453844 -0.388912 53.0711 -117.955 -21.0703
-19.4909 4.28793 -2.20104 44.199 -63.2192 -71.3657
-19.6095 -6.21215 3.86301 27.4075 -159.087 98.5495
-19.3361 0.407271 -0.591945 52.7844 -59.9363 -34.5302
-19.1706 -5.66274 0.717875 68.9233 -26.7539 39.0341
-19.0935 -7.8694 0.331066 76.2797 -13.002 24.7265
-19.4827 -2.03221 1.73084 30.9545 -39.0194 -43.646
-19.4067 4.63668 -3.3421 36.472 -56.8155 35.6499
-19.1179 -2.48483 -0.562229 62.0456 -69.0235 -26.9564
-18.7358 -5.78273 -1.22255 73.4672 -40.9528 -88.8563
-19.0169 3.9189 -1.964 39.1647 -78.1219 -57.7405
-18.8523 -2.25267 0.84222 55.3193 -55.5976 35.8649
-18.4065 -7.99695 -0.536146 77.885 -37.3315 -31.2773
-18.9065 5.72361 0.383666 23.3787 -110.606 47.678
-18.437 -2.27183 1.31101 56.3857 -58.7479 67.198
-18.6801 11.4645 -0.778919 30.8863 -104.258 -26.2731
-18.2274 -6.29658 -1.28309 71.8701 -80.6836 -85.7093
-18.3313 -1.76648 -0.982615 58.1992 -25.621 -55.1233
-18.1954 -5.13925 0.684826 71.0653 -25.1524 44.6901
-18.561 9.34623 -0.229091 34.2356 -65.1476 -22.8415
-18.5515 0.426766 1.3121 34.8514 -146.049 72.8018
-18.4363 2.43165 1.25748 44.1498 -69.4312 90.0177
-18.2902 -2.11834 -1.80677 57.7508 -100.978 -84.0587
-18.2541 -4.75805 1.34733 60.9463 25.8298 53.537
-18.0871 -4.82353 0.127898 77.3257 -93.946 70.1612
-18.2665 -5.02919 -0.0627542 58.9502 -3.05704 -12.0415
-18.3168 0.111694 0.253124 52.2492 -58.8809 25.3486
-18.1384 5.68761 -2.49579 68.6203 -174.9 -8.59517
-18.5278 7.74678 3.41314 20.8885 -93.1199 -12.9034
-17.9886 7.58291 3.53007 73.5455 -15.8188 22.1297
-18.3945 5.4495 -1.40624 31.375 -87.1802 -17.8173
-18.2884 1.99963 -1.58422 41.3604 -95.6511 -97.5657
-18.0153 -24.0323 7.40906 67.416 -20.9799 60.674
-17.8936 -6.39358 -1.30415 77.1658 -114.848 -113.964
-18.3329 7.7569 0.221162 32.5261 -72.3923 0.300749
-18.057 -9.99534 2.521 56.1683 -105.151 98.9721
-18.157 9.29148 -0.222847 41.2275 -54.2191 -6.93947
-17.738 -8.64115 -1.42578 80.5207 -30.0574 -86.119
-18.049 5.18367 0.565191 49.2259 -33.3668 -10.8239
-18.0908 4.20271 1.0714 44.6875 -54.8613 -56.0544
-18.3419 4.53033 -2.585 13.1419 -65.0813 -4.06059
-18.0329 7.74411 -0.898814 34.6561 -64.9281 -73.399
-17.867 2.9207 -1.40798 50.5398 -31.475 -86.0401
-18.121 9.56096 -0.431197 24.7379 -77.3061 4.78692
-17.7798 -0.118757 -1.77683 56.5286 -42.9728 3.34915
-18.1349 4.0585 1.22299 16.3768 -114.201 35.1023
-18.0151 0.220536 0.538781 28.1188 -67.7565 -30.8557
-18.1849 5.08887 0.188467 -0.184805 -151.461 46.3936
-17.5571 -2.32153 -0.898077 58.6042 -65.8824 -49.9334
-17.7118 6.00928 -2.91775 41.5773 -63.9205 -62.5414
-17.4988 5.54549 -4.09713 61.7859 -37.2666 -114.387
-17.8342 5.50161 -0.827494 23.9339 -98.2858 -33.4769
-17.3415 -8.13548 0.806067 67.0304 -13.8092 60.8997
-17.4147 -2.4083 0.328213 58.4457 -72.4366 3.3391
-17.2671 -10.2655 1.91177 72.5739 -4.76501 102.022
-17.2518 -7.20821 3.23982 71.0469 -41.3829 30.8574
-17.636 0.186291 -0.460974 31.2338 -176.859 -6.95853
-18.1352 6.59536 -0.328775 -20.656 -276.98 5.96657
-17.4932 3.87747 0.123941 40.9916 -55.168 74.5528
-17.2547 -6.44447 0.346041 61.7797 -16.945 45.973
-17.6683 4.44777 -1.91934 15.5364 -62.1979 -112.839
-17.1322 -5.53178 -0.580784 68.2869 -53.2585 -45.815
-17.4832 -0.955441 -2.67348 33.3703 33.3159 13.6666
-17.1469 -11.4411 -0.510888 64.8572 12.888 3.54235
-17.7852 -1.00541 0.358019 0.656381 26.6219 -3.90867
-16.7456 -8.46291 0.12507 103.382 -99.9858 12.087
-17.7096 10.9317 -0.37038 5.5097 -222.647 -14.3348
-16.9291 -6.91875 -0.423774 81.5125 -66.3998 -21.1114
-17.5502 3.86672 -0.229593 16.3836 -162.077 -4.35015
-17.1196 -5.51079 -0.209624 57.4214 -53.0122 -12.7771
-17.6376 7.90249 1.40728 4.58611 -111.357 85.6921
-17.358 7.92017 -1.69969 31.4128 -67.905 -61.7049
-17.6065 6.31119 0.58281 5.24417 -128.271 12.8971
-17.2678 0.0635221 -0.477021 36.0481 -158.463 -44.3419
-17.2739 5.02324 0.260326 24.5427 -88.9548 -23.2569
-16.6539 -7.6387 0.384683 82.191 -55.9353 29.1314
-17.2261 6.35485 -0.793758 24.4223 -84.5404 -46.1087
-17.3033 2.10228 0.699087 15.9141 -149.863 42.0973
-16.6914 -6.37903 -2.70734 74.4632 -38.3825 1.86592
-17.0688 0.705539 -0.487866 36.4609 -114.339 -44.9184
-17.4219 5.64698 -0.133722 1.22759 -128.973 -40.6165
-16.6584 -12.4247 -1.29617 76.7189 -125.765 26.5107
-16.9763 4.36179 1.31482 43.9312 -65.967 18.2889
-17.1976 3.43767 -0.204897 19.6997 -122.635 -58.3137
-16.8536 -2.66464 -0.925008 49.0042 -92.6789 -78.6514
-16.9785 1.65445 -0.258548 35.5686 -101.61 -10.6046
-16.3185 -4.30288 0.64482 96.9364 -195.076 19.5225
-16.8038 0.503969 -1.87031 48.3993 -42.3519 -119.47
-16.7378 -0.2318 0.838692 47.4227 -90.5544 59.2694
-16.8847 -2.88741 0.656744 30.0789 -111.565 44.8542
-16.7096 -9.30808 0.264195 43.2293 19.5483 4.11684
-16.4512 -10.9515 -0.610456 63.0593 14.5721 -4.51333
-16.9724 8.54946 -1.27489 11.1202 -92.1688 -53.3205
-16.3182 -2.35741 -0.462201 74.5817 -69.9901 -40.6267
-16.7826 1.93185 -0.0218228 15.6887 -164.768 60.9257
-16.7042 -3.16317 2.93726 21.784 -92.4079 -24.5176
-16.4433 -1.01431 -0.698779 46.8996 -77.2587 -84.4818
-15.8856 -8.59904 1.49792 95.5537 -73.563 106.123
-16.2466 -3.56219 -2.80597 58.8498 -67.2016 -168.82
-16.558 -0.238726 -0.915378 27.701 -170.771 -72.6634
-16.3919 2.46588 1.55129 43.8234 -42.5133 108.649
-16.2474 2.95496 2.94086 56.6419 -95.1417 109.107
-15.738 1.99949 -3.57144 106.598 10.7345 -53.4066
-16.2112 -6.07341 1.82557 57.9014 -17.2023 142.199
-15.9484 -7.34057 -0.373763 81.3665 -54.2372 -21.0659
-16.1459 -3.35809 0.733487 60.5516 -140.954 31.3196
-15.3675 -6.29067 -3.16801 134.4 0.543172 -65.3434
-16.2334 0.0375597 -1.57256 46.75 -70.5615 -99.9556
-16.2616 -0.523541 2.5219 41.1803 -93.0905 174.051
-16.4301 0.958944 -1.34885 23.7459 -138.749 -82.8178
-16.2651 -1.21272 0.103149 37.78 -138.4 14.4248
-16.5752 9.68013 -1.44971 6.70061 -89.5262 -122.169
-15.7226 -10.2177 0.246067 89.51 -48.774 -6.19937
-15.8016 -11.4943 0.164671 81.4076 -15.9469 34.7294
-16.8492 7.42448 -0.258523 -23.2709 -141.729 12.5878
-15.9822 14.0373 -4.59727 60.6145 -73.3694 -72.5562
-15.7295 -11.2569 -0.444635 82.1919 -18.1532 -18.0514
-16.3292 2.2481 0.776078 18.2393 -124.799 47.3935
-15.8929 -3.53346 0.676193 59.9953 -153.761 27.8007
-15.391 -12.0543 -0.170752 109.433 -73.3288 23.7667
-15.892 -3.5308 1.63409 58.1635 -37.596 161.584
-15.5711 -6.55485 -0.0254193 86.2359 -142.89 -8.63695
-16.3885 2.54557 1.86353 4.79947 -160.83 80.8237
-15.7555 -5.30423 -1.23724 53.7182 -62.9475 -90.2807
-16.2172 5.9762 2.14771 4.33954 -107.162 118.187
-16.4113 6.51529 -1.26051 -18.4021 -146.615 -89.7077
-15.6254 -9.08199 -0.489319 59.4863 5.94465 -53.9994
-15.8161 8.81196 0.423076 36.6816 -45.4047 57.3401
-16.1606 4.05419 -1.08067 -0.793868 -141.866 -52.561
-15.8333 9.85098 0.19365 28.5833 -60.3335 -13.0782
-15.7207 13.0125 -0.196108 24.4094 -66.1713 -2.83006
-15.8958 12.632 1.08657 6.94417 -86.136 81.7528
-15.3128 -2.73534 2.3694 64.2263 -103.535 140.046
-15.4773 -3.47288 0.0791153 47.2387 -152.642 -10.9887
-15.9849 3.47389 2.6574 -3.81691 -150.241 138.855
-14.9548 -8.51267 -0.0255532 97.1972 -93.673 5.21378
-15.4931 13.1097 2.51908 37.4923 -158.471 -93.2712
-16.1079 6.34326 -0.822469 -25.1334 -102.604 -5.8684
-14.4851 -11.7819 -0.0538949 135.549 -22.8149 10.1314
-14.9151 -14.7522 0.518139 87.3074 -0.00782862 39.6395
-15.2183 -6.99847 -2.48555 56.9836 -3.6124 -157.258
-15.0142 -5.34454 1.37637 72.7918 -76.0793 84.1754
-14.9292 -7.23118 -1.5914 79.5969 -73.207 -101.632
-14.7023 -5.39946 -1.51535 98.7629 -85.0888 -78.2295
-15.3088 -1.0385 -1.10263 38.0057 -137.01 -69.185
-15.7307 3.75287 0.905062 -5.22196 -149.151 77.8929
-14.6937 -11.0699 -1.63237 92.3566 -48.8673 -74.645
-14.9001 -5.79637 1.71871 70.2661 -108.509 106.828
-15.8474 7.99484 1.16608 -31.5594 -146.21 92.6427
-15.2214 5.9387 -2.10101 28.8741 -124.738 -62.5924
-15.3778 -2.39344 -3.16675 12.6889 70.6013 -49.7959
-14.5425 -14.2325 0.0408345 95.1541 -23.0331 -18.8111
-15.4557 7.19344 1.71182 1.19242 -106.329 130.092
-14.6014 -28.6814 15.4895 84.0986 -17.1647 -73.2675
-14.7359 -9.1072 -2.14157 70.3032 -22.2876 -162.072
-14.3432 -8.32112 -1.52187 105.414 -94.9114 -93.7273
-15.4146 6.72342 -1.0947 -1.44213 -106.447 -78.4672
-15.2536 2.14622 -2.23976 13.9365 -123.914 -91.1276
-14.2806 -8.41439 0.952884 104.487 -103.25 69.5403
-15.4028 4.54936 0.361695 -8.38063 -137.231 29.3087
-15.6236 5.82783 0.0660212 -34.0283 -155.366 -1.76008
-14.2298 -7.74139 -0.235549 102.47 -115.704 -12.2385
-15.452 8.25155 -0.830589 -19.6729 -117.288 -78.8954
-14.983 0.948692 -2.75968 25.5659 -122.345 -176.436
-15.0166 10.566 0.205168 20.8982 -64.5387 -86.464
-15.0659 8.23003 3.9523 14.0907 -74.9741 -3.8756
-14.5879 -14.131 0.73223 61.2983 22.0089 36.875
-14.3719 -20.0857 4.49906 80.3494 -167.21 -17.4927
-14.4251 -3.69109 0.531877 68.214 -170.511 19.6225
-14.5579 -3.87227 -6.68622 54.1545 -74.3861 105.497
-14.8011 4.15882 0.209673 26.2367 -1.14629 -90.5662
-14.1871 -9.3719 -0.0467297 85.5509 -51.3903 -23.4241
-14.9214 8.98875 -1.03393 9.40336 -82.1249 -12.6794
-15.3628 1.4691 3.63601 -40.8601 -317.801 307.888
-14.0095 -12.2551 0.477653 86.6372 -21.7802 22.0727
-14.6771 -2.51837 -7.35388 16.3302 -64.4199 -17.78
-15.3496 5.1368 0.489877 -50.7172 -182.133 26.4219
-13.798 -8.05511 -0.457442 103.347 -146.883 -26.9681
-14.4518 9.37734 -1.9551 36.5973 -39.0835 -113.683
-14.947 6.12308 -1.21458 -12.9057 -123.144 -86.118
-14.2861 -4.17341 -0.902287 52.2173 -204.022 -51.9142
-14.0611 -4.53059 1.79749 69.877 -122.828 167.067
-13.6858 -9.70368 0.4632 106.104 -80.2352 10.4736
-15.0434 7.73274 0.488194 -37.1678 -138.836 85.6069
-13.5087 -14.063 -0.133953 110.3 -37.8506 -27.7207
-14.5588 12.767 2.49149 -1.3934 -83.7897 79.4168
-13.9544 -13.363 0.820249 53.8344 26.765 43.2336
-13.4766 -10.7393 0.83006 100.697 -73.2482 85.6006
-13.4471 -8.36141 0.95775 103.487 -123.931 69.5051
-13.7787 -15.8237 -0.285383 65.8744 35.2001 -10.0128
-14.3448 -10.6552 -1.17274 4.46436 -104.756 62.5087
-14.4376 9.33246 2.09172 -7.13523 -96.068 44.5689
-14.2958 1.59982 2.0673 2.47632 -130.2 133.118
-14.6024 9.3991 0.01525 -30.514 -128.744 -19.9225
-13.5312 2.56527 -5.29711 72.2406 11.4404 45.3583
-13.3695 -10.111 0.103403 85.8405 -40.9204 16.579
-12.9914 -11.5667 2.55847 116.096 -185.73 61.3306
-12.9599 -19.5881 -3.28205 117.154 132.996 153.763
-14.1397 12.7038 1.18656 -10.7112 -92.6802 99.4829
-14.3672 13.2419 0.760254 -38.1861 -115.563 -39.455
-14.3327 9.37658 -0.71302 -34.7762 -125.511 -20.562
-13.2937 -3.7173 -0.484427 64.207 -177.874 -46.2462
-13.2694 -10.5645 1.97047 61.1317 4.04546 136.515
-14.3777 10.2744 1.25821 -51.4642 -135.266 42.5421
-13.6187 3.87698 -4.27408 19.999 -228.728 -266.59
-13.2069 -3.00349 -2.74441 60.1928 -131.469 -195.227
-12.837 -15.292 0.76799 95.8451 -6.8223 33.6893
-12.7484 -9.42204 1.0279 102.945 -97.7316 49.0302
-12.4616 -9.309 1.09777 131.436 -5.77023 100.704
-14.1821 14.4221 -0.444902 -43.6755 -243.339 20.0757
-12.8099 -14.7173 0.174146 85.6174 3.12187 25.9261
-13.1892 0.590639 -3.05802 38.7378 -20.4184 -198.688
-13.6128 14.7515 -0.164985 -5.13336 -80.5521 -90.8361
-12.8608 -5.03424 0.676321 68.8849 -183.589 26.9732
-12.4286 -13.3201 -0.929028 111.162 -32.896 -56.5667
-13.6694 14.5543 1.39072 -21.6138 -99.886 30.3393
-13.513 5.88996 -2.32914 -13.4552 -111.064 -138.952
-12.0098 -10.4815 4.67784 119.497 -82.6291 95.7969
-11.9707 -15.1035 -0.250291 118.262 -31.3129 -32.8773
-13.2496 15.9739 -1.65061 -11.3964 -83.8463 15.0824
-12.6199 -4.39323 -0.20386 34.0523 -227.819 -26.6009
-11.9285 -11.2416 -0.250801 101.852 -49.9319 -24.8545
-13.1117 11.5372 -0.398704 -18.116 -93.7208 -6.85078
-11.6129 -15.0683 1.10867 129.708 -41.9267 57.0144
-11.4373 -13.4342 -0.630653 146.156 -68.0559 -37.0328
-13.5913 13.7244 0.963612 -73.8773 -85.8033 9.90229
-13.4105 9.05521 -1.42312 -66.7673 -144.001 -130.819
-11.593 -10.5283 0.0120399 113.27 -81.1733 161.438
-11.5624 -12.8193 1.07684 110.773 -52.1291 75.5005
-11.3946 -11.4653 0.848998 126.097 -99.1251 34.4281
-13.2073 -2.29095 1.25269 -55.575 24.323 -102.579
-12.8896 4.58998 2.21973 -24.7372 -144.372 141.405
-13.4649 14.1994 0.753749 -85.5207 -42.3556 -15.2877
-11.394 -11.2957 0.653961 115.454 -70.366 35.0498
-11.9009 -14.3346 1.33767 63.7087 21.5665 -26.599
-13.5028 12.2398 3.10293 -97.7462 -148.629 153.018
-12.0624 -3.59582 3.76483 44.3145 -18.7494 243.176
-12.4351 11.6659 1.06052 7.04691 -65.5591 88.99
-12.7897 13.697 -3.76088 -35.3676 -191.592 -152.693
-12.4426 15.2791 -1.43577 -2.55339 -35.6797 71.5001
-12.5276 13.87 1.13753 -16.7423 -83.4109 121.834
-11.021 -10.929 -0.175562 122.066 -95.8288 -61.698
-10.955 -10.1754 -4.67473 120.955 -92.8209 -124.905
-10.9599 -13.8738 -0.216277 117.854 -35.238 -1.22952
-11.1328 -11.1026 2.19547 96.7604 -50.2365 161.032
-11.4215 -7.16156 3.21321 60.1815 -20.897 195.825
-11.3458 -12.7928 -0.907887 65.2613 7.6931 -47.2869
-10.3798 -12.847 1.41073 154.033 -85.5524 97.3557
-10.8473 -13.4646 1.09442 104.09 -30.4169 84.9301
-11.1233 -13.0083 -2.11015 74.9544 1.47308 -153.815
-10.7457 -7.57131 1.47594 111.394 -188.321 99.9953
-12.3702 1.04075 -0.267358 -50.1391 -225.662 -4.16254
-10.4746 -16.2364 0.567479 128.741 -28.9762 -22.7076
-10.8185 -6.61628 0.348192 92.3073 -226.923 17.9381
-12.0583 12.2 -0.893407 -31.3573 -96.9249 -127.372
-12.7818 9.08976 -0.451767 -107.857 -166.198 -32.4829
-12.2749 10.0077 -0.909893 -58.5809 -122.114 -62.7704
-11.6317 12.4544 -0.0804574 0.63419 -209.584 9.2149
-10.1914 -15.4971 -1.66869 135.724 -33.3365 -89.5203
-12.1375 10.3339 1.64035 -61.8856 -121.696 35.4464
-11.6239 11.9331 0.229694 -12.7235 -32.264 -84.5796
-12.1979 11.3215 0.738927 -74.1068 -133.588 0.252645
-11.4398 17.9503 0.156396 1.06039 -73.8348 -21.5425
-11.9384 8.08797 7.14668 -48.9046 3.98619 32.0888
-10.3427 -12.8468 -0.883713 101.722 -26.9803 -46.1528
-12.4001 6.67329 -1.72175 -104.242 -181.563 -106.813
-10.4104 -7.27728 -2.57192 88.2819 -145.479 -164.777
-12.1974 10.8108 1.03404 -96.6427 -139.569 18.8158
-9.64186 -12.1798 1.18737 143.65 -95.1978 82.3162
-11.1215 -1.42824 -2.04447 -7.90133 -226.624 -130.852
-9.7033 -11.7282 1.95383 125.258 -78.4248 132.819
-10.3581 -10.0678 3.47867 46.3008 -129.489 -32.0863
-9.73155 -15.9928 -2.09238 102.27 -4.09882 -79.2586
-9.17378 -14.1334 0.890123 147.837 -55.4931 -13.829
-9.68017 -12.1031 2.17828 92.132 -15.2121 168.698
-9.9279 -11.6391 3.22234 67.4988 0.0499668 199.611
-9.77378 -13.8521 1.97913 76.9216 3.6884 77.6364
-11.7035 9.71225 1.92569 -115.235 -150.418 81.2236
-9.3569 -9.54751 2.95544 113.115 -92.1134 151.913
-8.82162 -34.3078 12.7091 162.57 131.017 -103.841
-10.9693 7.42941 1.91248 -51.0522 -114.222 200.129
-8.85944 -11.8572 0.533662 150.479 -114.605 38.9528
-10.5087 12.3147 8.95157 -13.9151 -33.459 60.7629
-10.5551 11.0274 -2.4031 -25.5098 -80.4258 -205.39
-9.70853 -14.5215 -0.382221 55.9621 25.4461 29.8102
-9.10167 -15.5105 -2.55489 113.709 -14.8133 -112.158
-8.99349 -10.8597 1.90795 124 -64.8053 129.547
-10.537 15.845 0.348067 -31.6019 -103.508 -36.4216
-9.27117 -14.6553 -1.13422 78.2138 7.28636 -20.3337
-8.78211 -7.34854 1.71527 126.311 -180.153 117.677
-9.24704 -14.5315 0.0814173 77.376 10.7143 -25.9775
-8.46084 -11.3631 -1.09852 151.719 -104.772 -68.8758
-11.1557 10.3088 -2.2748 -116.647 -136.665 -61.0858
-10.7181 16.1703 -1.08393 -81.7845 11.7909 -72.6993
-10.7845 11.9553 0.878433 -93.839 -231.617 35.9513
-10.6036 14.6761 1.31796 -75.8705 -87.4257 40.2189
-10.327 6.46081 -2.93974 -55.6594 -118.749 -188.023
-9.84849 11.5981 9.85904 -23.6455 -52.5236 0.274579
-8.88179 -8.85456 -3.58555 52.1628 -4.45333 -233.351
-8.21856 -14.2873 1.23323 112.787 -18.8172 51.6489
-9.47659 16.3332 1.29517 -14.9982 -72.26 -20.3158
-9.19633 14.5411 1.15875 -5.27327 -72.5106 41.9832
-7.84809 -17.8991 -0.946921 125.597 0.745844 -69.1057
-9.84223 13.0433 0.894186 -72.6556 -99.4429 34.692
-7.7063 -20.8487 -2.6568 137.726 109.724 45.0459
-7.29457 -14.6481 -0.723649 169.165 -49.3757 -77.5859
-9.68112 9.44376 1.08897 -86.164 -105.631 151.274
-9.49457 16.108 0.27385 -88.0543 -105.174 -19.0873
-9.2038 12.1823 3.10963 -67.8576 -94.1215 182.454
-7.73921 -16.0093 -2.13701 67.7328 20.8245 -122.392
-7.71896 -15.6797 -0.178628 66.6757 23.3236 -17.7149
-9.63845 9.01455 -4.25478 -124.771 -45.7516 93.5922
-8.81097 16.7587 -3.63202 -48.2131 -113.224 170.615
-6.95122 -15.3116 0.967397 134.974 -94.1688 19.0851
-8.39199 16.8758 0.448628 -8.82119 -68.5679 -8.00138
-9.13917 11.4941 -1.6809 -86.6341 -101.181 -132.684
-7.28146 -18.6649 -0.894098 76.3143 31.7798 -27.3427
-8.30604 14.2415 -1.94327 -28.8965 -73.0401 -117.671
-5.9121 -14.1051 1.52643 207.73 -7.50292 54.7082
-9.42098 14.9575 -0.761064 -145.515 -148.719 -54.1878
-9.19508 15.8283 -0.50142 -125.113 -110.779 -40.1885
-8.81705 16.8506 -0.583233 -92.0784 -95.2081 4.57151
-7.35771 -14.9138 1.64796 49.8444 3.33438 104.672
-6.43945 -17.5971 -0.453843 137.266 -8.92006 54.6026
-8.24712 14.8775 1.59526 -53.3508 -83.0868 71.3932
-6.63703 -18.015 -6.43359 105.925 15.1794 85.5842
-6.6599 -14.2943 0.720026 102.183 -111.68 -68.8211
-6.7683 -14.3529 1.46194 88.3921 31.5512 89.584
-8.80374 16.206 2.81787 -116.091 -71.5196 197.476
-6.84842 -14.5606 -1.90035 70.8435 12.7429 -108.568
-8.46069 17.6514 4.92516 -98.6975 -119.086 -15.6739
-5.99403 -26.6016 4.29575 145.006 153.93 -114.698
-6.28373 -20.7804 -6.57006 115.182 55.2059 44.1763
-8.42924 16.1775 1.63383 -100.542 -25.0627 100.044
-8.31137 15.5381 -0.5942 -94.7173 -93.0608 0.682067
-5.43322 -15.981 -0.0509668 190.127 -46.8423 -9.00929
-6.30527 -20.2008 -0.9916 102.45 82.3357 17.859
-7.51431 -9.73774 10.7484 -18.2708 34.3876 -41.2634
-6.95138 -16.69 -0.729347 37.6197 43.46 -86.8139
-7.31712 16.3321 -0.414137 -0.167601 -62.2463 -52.9423
-6.29242 -15.9595 -0.550092 101.195 5.3231 41.3674
-8.30699 15.0971 0.740013 -104.125 -98.2584 87.8691
-8.37255 14.8601 -1.14168 -115.898 -95.5395 -36.9516
-7.6016 19.4691 0.154301 -39.7018 -79.1967 48.7445
-5.73049 -18.2843 0.390522 126.555 12.6362 30.2722
-5.31116 -9.65777 -3.03616 160.092 -90.0266 -182.908
-7.52741 19.0532 -0.601201 -61.6226 -84.5064 -7.15747
-7.11074 15.0054 1.15451 -28.0137 -68.0872 69.6763
-7.0607 13.239 2.10566 -27.1331 5.44064 -145.283
-8.14087 11.3784 2.18991 -137.69 -115.816 116.936
-7.44298 18.0359 0.240371 -77.5294 -85.3995 46.7696
-4.73871 -14.5276 1.08085 187.093 -40.6796 66.1779
-7.75059 16.4667 -0.138492 -126.094 -101.777 19.6575
-5.7305 -18.9615 0.355478 55.732 -7.35659 -82.8513
-5.22788 -16.2621 -0.838668 104.164 11.8695 -51.3332
-4.87907 -8.69952 -5.32274 125.864 -160.927 54.2872
-4.60896 -14.5735 0.043432 150.834 -29.1599 71.2906
-5.88591 9.31106 7.21605 16.1297 60.6374 -104.153
-6.78247 17.3439 0.809364 -76.7081 -294.895 -146.004
-7.15301 15.3792 1.04084 -114.284 -88.3535 95.4132
-4.55569 -31.539 0.0385818 139.488 258.254 -137.003
-4.55267 -13.8332 0.793517 136.043 -18.2435 118.003
-4.68545 -24.8075 10.4007 121.615 70.7344 -21.5958
-5.03455 -18.8354 -2.12866 82.8907 31.5851 -95.0684
-6.27197 16.0317 -1.8404 -48.3939 -69.2085 -94.1298
-6.71662 14.9831 -2.00201 -93.6242 -88.6352 -104.243
-4.60951 -16.6733 -0.356165 115.604 10.0252 -48.9678
-4.14768 -17.1702 1.01749 153.936 -1.98183 41.1976
-6.49537 15.1539 -0.0446029 -79.5034 -77.3219 21.6229
-3.9809 -16.0694 0.372097 169.565 -16.1945 28.4101
-5.17151 -17.1667 5.59803 42.5031 -8.73083 231.747
-6.89817 13.5401 0.160156 -136.244 -90.1186 34.4023
-6.61556 13.3128 -2.12496 -110.425 -84.4739 -112.992
-6.31217 13.6832 -4.79137 -91.0147 -131.913 -47.5437
-3.56657 -12.2255 2.22969 178.145 -47.2677 142.874
-4.17567 -18.2887 -0.371859 115.418 27.607 -26.1108
-3.2904 -10.0841 -2.9758 189.234 -91.5913 -164.259
-5.76281 0.136804 -2.47617 -57.4056 -186.92 -34.5001
-4.57386 -16.5876 0.598323 56.3492 35.6462 40.2073
-6.26668 11.1617 -2.46147 -111.962 90.8506 57.6735
-6.68393 11.7647 -1.62364 -153.513 -107.266 -89.6336
-4.15958 -8.08178 -7.44309 70.0768 143.452 -123.25
-5.94113 34.7624 9.0951 -107.913 -73.8212 55.0565
-3.95802 -16.3485 -1.45897 89.0049 26.2369 -95.5621
-3.37221 -16.3799 1.82931 134.832 117.419 159.876
-4.02937 -19.5102 -0.903209 66.9977 45.6342 -34.9961
-5.91958 13.0298 0.127455 -124.163 -53.3966 -160.955
-5.16096 19.8438 1.0078 -56.5773 -75.0263 41.4054
-3.14843 -15.5855 0.817664 130.86 41.5764 55.4872
-2.99146 -16.8981 1.24075 145.22 -77.6294 116.27
-3.28295 -15.7209 2.03494 106.161 -89.6391 96.3575
-3.33639 -15.1309 -4.27944 94.3824 52.2325 -55.7307
-4.41455 19.051 -0.521565 -19.8225 -66.4117 -58.4073
-5.3803 15.49 -1.15716 -118.391 -76.9089 -48.2734
-5.39046 16.6609 1.48115 -120.333 -48.9883 76.7784
-5.2531 17.4771 -0.00509102 -108.734 -70.2715 5.1336
-5.50439 12.9124 5.75953 -134.953 -14.8686 -68.605
-5.78129 13.3548 -0.615388 -173.035 -86.8998 -15.8686
-2.92802 -17.1772 -0.17646 107.16 46.1001 -96.8962
-5.65154 7.88973 5.05202 -175.025 -127.501 77.4667
-5.30755 13.1581 0.899751 -146.036 -80.0872 83.604
-4.54747 14.7192 1.95014 -76.8138 -65.6356 155.178
-2.65171 -16.4091 -0.775189 102.151 26.9972 -30.6693
-3.61519 16.0908 2.69818 -5.02066 -75.7909 157.568
-2.26484 -9.84645 -9.07495 107.7 -15.9458 91.4938
-2.68757 -11.8289 4.88163 56.6246 -85.7022 -137.792
-1.72441 -15.6306 -0.745471 147.497 14.9252 -29.8793
-4.05299 17.3271 -0.700273 -88.8299 -65.7099 12.1207
-2.64744 -18.314 -0.309603 46.932 40.8907 -46.303
-2.54654 -21.0193 -1.46295 55.6228 56.0219 -7.86621
-1.36046 -16.7144 -0.840901 164.325 14.196 -12.6254
-2.30388 -18.1334 -0.12988 68.4684 53.9177 -35.251
-2.38663 -17.5192 -0.0778311 55.2488 46.5322 -30.3886
-2.02123 -20.1477 -0.225429 80.2488 48.7806 69.8138
-1.40182 -0.738839 8.69358 141.719 24.6852 104.149
-1.74034 -18.0683 0.160238 102.518 36.438 -15.2281
-1.04089 -14.4889 1.98713 170.363 1.2134 148.791
-3.7083 18.5006 -0.034774 -95.3344 -21.7118 -18.3829
-4.26731 16.1987 -0.125121 -160.752 -57.95 -4.44922
-4.26715 13.9135 2.04861 -162.331 -69.5097 118.871
-1.70725 -1.63575 -0.851891 90.6143 -196.67 31.5427
-2.13888 -17.7355 -1.47107 47.3727 45.9313 -22.3371
-3.63476 15.6039 -0.257303 -107.459 -66.8245 -35.0853
-0.0303677 -8.9559 0.621985 247.657 -126.006 49.0797
-1.38691 -2.72303 -10.2091 99.1019 11.9611 -101.952
-2.50284 20.0451 1.39119 -16.6437 -62.2505 96.4786
-1.48751 -16.7913 0.370609 79.8306 40.3405 95.0163
-2.83085 20.3236 0.524701 -60.6117 -67.4329 -49.4508
-2.67135 17.5808 2.00938 -45.8059 -56.6013 136.702
-2.27829 18.9092 0.910739 -10.3007 -58.1793 64.5083
-2.74971 17.9215 0.128612 -70.0093 -61.278 -65.7586
-2.38173 35.6922 2.17239 -35.3165 49.4833 -3.66283
-2.55101 16.9167 0.175783 -63.1536 -57.7546 -58.4778
-1.14371 -20.1818 0.416802 66.0896 54.161 67.4155
-1.51598 -18.1881 -2.06853 28.099 54.2774 -100.367
0.148013 -22.9001 4.68856 183.309 180.127 -98.1104
-0.439687 -17.5791 -2.05451 92.6526 31.0357 -101.239
-2.78321 15.5134 -0.720769 -144.866 -125.64 -64.1764
-2.19755 19.3225 -1.05909 -100.173 -61.4805 -90.1713
-2.34076 17.3417 1.10746 -116.505 6.87445 55.0841
-1.97044 18.5656 0.881587 -86.9191 -59.7858 38.6708
0.310504 -16.0584 0.0331733 132.043 32.4958 33.6415
-1.04646 18.1055 0.889258 -7.93057 -55.3679 16.0907
-3.31909 6.39083 -2.4289 -244.58 -23.3306 -150.202
-0.202624 -18.0113 0.322882 56.8044 48.56 -23.0461
1.22413 -15.5964 -1.1174 188.793 28.3612 -43.2778
0.739199 -12.9497 -2.88528 138.946 28.2657 -164.966
0.91831 -18.8527 0.673522 133.685 44.4184 -1.75097
-0.20249 -19.1175 -0.340796 20.8204 58.2321 11.1172
-3.01034 18.9457 2.36083 -260.309 105.599 116.553
-2.5485 4.01597 0.30145 -221.198 210.031 19.156
0.161442 -20.7944 0.116431 47.7637 60.66 44.1671
-1.99185 13.3145 -2.43422 -167.795 -34.8718 -125.444
-1.56792 16.6919 -1.5679 -134.171 -54.2676 -83.8129
-2.7948 5.99849 -0.733554 -257.166 -67.4189 45.4345
-1.81841 14.8274 1.5608 -160.441 -37.8083 142.13
-0.184284 -17.7993 2.14409 -1.85224 96.5136 59.6035
-0.207424 0.096768 0 -13.6871 -0.293298 0
0.892719 -20.4057 -0.860135 95.5479 64.6166 -20.8017
0.863694 -18.5855 -1.73347 90.1176 52.5618 -81.8187
0.809318 -17.3556 -2.68815 84.4343 52.818 -146.874
0.8376 -16.1023 1.49435 84.0927 50.0021 126.929
0.934338 -17.5541 -1.73282 93.0628 54.3515 -83.463
0.374753 -19.4709 1.54497 37.1191 58.5681 73.2806
-0.985363 18.0791 -1.89604 -98.1893 -55.2838 -103.892
-0.889667 18.6099 -0.964103 -92.7802 -54.3276 -41.8179
1.20978 -19.7818 -0.566002 115.125 57.4093 -2.64811
1.92219 -15.1313 2.07553 184.989 26.6465 100.203
0.574415 -18.2001 -0.488219 49.4862 54.8369 -59.013
-0.936823 16.28 0.00557269 -106.368 -44.9567 43.4732
-0.350175 15.0922 -2.85561 -64.4084 -41.6988 -148.47
-0.968388 15.118 -4.18452 -127.276 2.87752 89.852
-1.07134 -1.99399 -2.90535 -142.035 -150.443 2.86855
-0.548265 18.5471 0.139789 -92.9759 -123.214 51.9869
-0.890118 19.458 -0.0505851 -128.847 -4.46773 35.1765
2.21487 -16.4098 -1.78205 175.444 48.1637 -88.7917
2.20893 -16.0875 0.229484 174.298 40.5928 43.2144
-0.0847914 18.3643 0.260793 -55.8928 -51.7853 65.8745
2.2437 -13.1367 -2.02852 171.428 35.6084 -110.875
-0.453339 21.9964 -15.2422 -98.3637 -41.2184 -128.565
2.19579 -35.4082 8.68969 159.98 24.5114 74.3363
-0.201173 17.1661 -1.73582 -81.4071 -53.3009 -87.6973
2.62701 -14.0075 -1.50684 198.53 47.9972 -74.6723
-0.324535 19.7809 -0.118144 -96.7693 -2.5495 21.8378
1.95292 -17.3322 -0.599383 114.789 -58.7499 39.1219
0.305205 17.7079 0.194769 -50.1057 -54.3285 40.5272
-1.2948 16.2626 1.70467 -213.549 68.8018 89.0758
0.209016 20.1788 -1.12896 -65.9315 -56.282 -43.0864
1.3027 -20.1861 -0.698291 32.3172 62.8259 -61.0818
2.7027 2.63589 -7.02376 160.794 98.6468 43.6367
1.72363 -19.6098 1.54191 61.5774 62.2578 87.1556
1.94132 -17.7184 -0.220607 80.8857 58.5121 -27.7633
2.26737 -18.0756 -1.30047 112.379 59.3198 -51.3224
2.12831 -18.4897 0.173728 91.1653 61.155 -2.31848
3.06326 -16.5948 -2.05694 182.584 137.029 -11.0985
-0.600868 15.5398 -0.670747 -183.6 -26.1915 -55.1199
1.41231 -17.9014 0.717081 8.35109 55.9179 -18.155
3.29276 -18.0816 0.477787 178.465 -24.3746 -3.88086
-0.0161439 20.4545 4.06433 -152.147 -139.632 -128.392
1.39832 13.5468 0.453974 -13.9606 -132.587 -2.16059
3.63424 -11.8605 -1.98023 208.074 42.5755 -139.544
-0.489244 14.1408 1.26304 -202.335 1.5343 66.0683
0.990881 16.6365 -0.947056 -59.544 -2.70283 -100.641
0.544096 -4.31963 -5.596 -108.698 -70.5113 56.182
1.60535 -16.7908 0.800567 -5.52039 102.579 23.0442
0.98591 17.3544 2.43256 -73.0031 -48.349 123.641
0.677182 16.2573 0.401338 -128.534 -36.6382 56.8562
3.52786 -12.5486 -2.20601 153.475 54.9957 -177.444
0.0893279 18.8982 -4.78429 -192.555 -126.905 15.3763
0.665397 16.5085 -0.500518 -138.347 -69.7115 1.31074
2.41827 -20.6797 0.195852 31.1512 65.173 -38.6911
3.1503 -16.6966 0.705226 103.157 64.0637 4.52571
0.512767 15.0789 0.744612 -165.368 -8.68494 -34.2932
1.96618 19.2091 0.713678 -23.5176 -57.3562 6.15905
1.26442 17.6977 -1.37931 -104.328 -34.7415 -58.0917
4.05703 -16.4019 -0.366319 164.281 69.1762 -65.741
1.30144 15.8722 1.69507 -111.372 -33.2144 91.8136
3.82617 -13.3685 -1.46218 129.969 54.4628 -144.889
1.38699 19.3254 0.433275 -113.843 -40.0695 64.6005
3.54972 -14.6292 -0.959705 100.589 56.4276 -116.134
3.01124 -20.3202 -0.00727382 34.507 176.956 -7.54146
1.46156 31.7591 -5.48578 -123.153 -145.731 -49.8332
3.68946 -16.8148 -0.162467 89.9499 64.0503 -71.3743
3.61438 -14.8789 -2.75644 78.9982 61.3602 -119.289
2.68541 18.5038 -1.63242 -21.7636 -53.2894 -72.8295
3.48681 -15.0833 6.93257 46.4732 47.0062 5.30248
4.54932 -14.0991 -2.93929 147.019 71.433 -133.839
1.58071 16.036 -0.879387 -149.562 -15.012 -47.0488
2.46786 18.2396 -0.0716932 -64.8589 -43.8299 -27.8623
3.92391 -15.6161 -1.17006 79.5336 61.6312 -81.1586
2.61058 20.9912 -0.0754152 -52.7043 -55.6914 34.471
0.902959 20.4978 -0.343024 -224.278 178.745 0.752586
2.36083 22.0296 -0.913989 -89.4271 44.2691 -71.6502
2.38839 19.5584 1.27548 -86.8605 -48.6098 59.3305
4.37208 -16.038 1.03346 103.332 68.9454 64.1165
2.84577 15.1735 -2.34534 -57.0425 -33.6982 -144.172
2.75789 19.5985 0.473022 -71.476 -93.6282 -0.165837
5.64086 -19.6662 -1.07689 211.39 28.274 -57.9633
4.4322 -17.5834 1.80484 90.6661 68.2263 114.65
2.66757 15.117 0.388907 -99.2864 -161.983 36.0506
3.29885 18.9071 0.635024 -43.1683 -113.108 5.77436
2.87885 20.6856 -3.34981 -86.9705 7.43739 -12.1255
1.89734 7.56224 -0.930332 -194.143 -82.2027 6.89982
2.81318 18.1478 0.580187 -104.857 -30.4731 50.8467
5.76659 1.24999 -0.593904 182.811 231.996 -59.5651
2.30194 9.62306 -2.46075 -174.587 67.3887 -188.159
2.21232 17.1834 -1.01047 -185.793 -1.53082 -25.7093
2.99524 15.4649 0.00355352 -115.514 -76.1936 16.0091
3.32669 19.476 0.29755 -93.3459 -37.4037 33.164
3.85131 18.6474 -7.26487 -41.6284 -45.1215 90.0688
5.1313 -13.2265 2.54403 84.4295 70.5489 206.099
4.74445 -16.252 2.46105 45.1655 62.9104 109.862
3.19937 20.1598 0.0354234 -112.331 -37.0231 16.325
6.08158 -13.6573 1.09182 169.495 81.1539 26.5906
4.68513 -17.0167 2.6871 29.5615 61.9915 122.486
4.3816 -17.9091 -1.28515 -3.18242 56.9887 -142.121
3.92852 12.8656 8.99427 -54.534 -34.2357 -123.096
4.38577 -2.37162 -5.96776 -20.1068 139.243 -3.02615
5.29325 -5.72472 -11.3233 66.0792 -34.6946 -26.7744
5.6215 -17.2882 0.845852 84.3407 73.7782 -0.385224
6.34546 -13.6113 -1.89088 153.956 84.4733 -84.9514
3.0609 16.5954 -1.20901 -172.78 9.5679 -49.1907
3.79875 18.1413 -0.683043 -110.701 -17.7789 2.87401
5.29099 0.578366 4.01919 35.6938 157.181 249.317
5.02596 4.06694 11.2445 7.56181 96.4907 -52.3898
3.23455 12.599 1.44008 -172.592 33.0875 122.734
3.66209 12.002 2.25918 -130.679 22.0297 175.8
6.31433 -16.8242 -0.726455 129.664 86.1738 -72.1128
3.8124 18.2194 -0.494677 -125.757 -28.8766 -89.0227
2.9148 14.8749 -0.0839319 -215.626 41.1364 48.0291
5.4904 -19.9435 -0.298688 37.0649 70.9734 -1.61705
5.92294 -5.87901 -8.51861 77.3994 152.233 37.6011
4.07031 17.9237 0.174364 -108.826 -24.4993 -40.2175
4.52959 15.8266 1.59892 -71.0741 -27.2776 135.703
3.91407 16.108 0.342124 -138.768 -1.5803 103.817
5.98974 -14.2019 -2.1318 62.9459 121.147 -39.4744
4.34836 12.5445 -3.61203 -109.017 8.97591 -209.923
7.27509 -13.4423 1.11088 167.372 97.1942 69.4505
6.5362 -15.8221 1.75114 75.4751 75.9457 111.167
6.07398 -17.8605 2.49775 18.5909 61.3891 -38.0123
4.69124 26.3902 -8.34066 -120.269 -160.423 96.9911
6.24611 -17.9139 2.15376 16.1413 64.4259 137.239
4.11175 10.1262 -2.80102 -196.967 144.839 -82.2809
5.34606 -4.87445 4.96176 -74.6824 -92.2592 -14.6815
5.50582 13.0129 2.32349 -60.9654 -18.6859 183.772
4.87456 14.2006 1.69171 -127.795 7.62546 143.891
7.30532 -12.9991 2.39498 107.01 87.4398 166.512
6.58408 -19.9482 -4.81819 25.8697 80.3813 86.7296
6.28629 -16.8992 -0.805506 -5.2358 136.632 55.1229
4.53496 11.2443 1.09112 -179.955 93.4653 117.377
4.64162 12.5332 2.48133 -178.957 -12.7435 124.321
6.70998 -18.0798 2.77705 25.3204 25.2507 149.814
6.75377 -15.4377 0.945088 27.4186 46.7385 59.6926
6.78155 -19.1455 -0.207089 23.4179 71.4599 -18.8898
8.2339 -13.1156 0.424391 157.129 117.787 26.7545
6.3235 2.95518 -4.0526 -39.3832 123.929 -251.046
6.69753 -0.35839 -3.78841 -2.26898 -136.937 -88.5314
7.82169 -17.0487 -2.66522 102.638 -50.2058 -175.629
7.5772 -13.2443 1.97648 77.4389 84.6598 181.658
6.78726 -16.1142 -0.34967 -5.49379 -38.3565 -56.3904
7.23674 -15.6744 0.403125 37.8546 73.7883 36.5379
7.93957 -11.9618 0.0350046 107.485 254.469 -9.22699
5.63627 18.3351 2.02328 -121.534 182.023 97.562
5.71536 14.1616 2.63382 -114.13 76.7041 136.048
5.42967 14.001 1.67618 -155.631 30.417 70.0196
6.12264 15.5715 1.10387 -99.1233 -12.9286 108.955
6.67012 12.0054 2.76367 -49.1948 134.615 21.4404
5.56631 -0.186351 0.588142 -160.317 138.036 -103.841
6.54328 38.9868 -6.08353 -71.2184 25.0841 -44.2001
7.87021 -16.768 -0.18376 52.2703 82.6447 -13.6368
8.1246 -16.5452 -1.82698 73.3971 86.2995 -122.053
6.50592 15.9633 0.303585 -88.1206 -16.6262 57.1727
9.48029 -20.0852 4.59088 198.377 28.1836 -8.74875
5.9265 17.2832 1.98671 -160.05 -5.04698 34.4029
6.83963 17.8127 -1.71401 -72.8043 -32.7798 -44.2806
7.74797 -18.3808 0.596741 3.30988 67.2824 50.8571
8.07569 -15.2623 -1.69485 25.8943 69.1745 -84.5893
6.88753 17.1182 0.0507116 -100.086 -17.231 43.1528
9.34821 -14.4837 -0.421781 143.03 119.192 29.6222
6.8462 13.5846 -1.36244 -107.79 -131.943 -85.3332
8.29291 -12.2153 6.5787 32.3635 45.3207 -38.952
6.50406 15.5262 0.373133 -148.075 20.9455 -20.9654
6.43433 17.1256 0.0883276 -155.671 -41.644 14.3716
7.26015 12.7876 -2.66137 -74.8975 47.2724 86.9688
6.51842 17.1097 0.942211 -154.714 27.9225 -42.679
7.61639 14.9443 5.30199 -52.535 -18.4142 -11.6948
6.79501 18.2238 -0.432403 -136.174 -6.28074 13.4261
9.37442 -13.4057 14.675 119.191 62.4948 316.115
7.08127 9.54387 3.06281 -109.128 69.8034 212.737
7.2693 18.7382 1.53661 -96.2697 -28.5311 74.6698
7.71388 17.7673 0.721445 -65.3551 16.3012 54.811
8.05231 20.3193 4.37816 -32.9679 -54.2588 24.045
9.73645 -10.8259 1.03818 133.554 127.332 61.4184
9.64111 -13.2116 -0.0175147 123.716 120.08 -19.564
7.96514 17.1963 0.462195 -43.8791 -42.8904 71.3746
7.15295 16.5729 1.31531 -129.114 52.7014 41.5396
8.88692 -13.6885 0.399859 41.3715 79.6442 89.3905
9.47175 -15.27 0.271384 93.5142 113.715 24.2739
8.67596 3.25092 -0.76546 13.3368 263.95 -55.6789
7.73855 18.0982 0.928458 -80.5556 -28.306 103.701
9.84639 -14.9525 1.36641 125.8 218.945 235.075
7.66132 17.8757 0.463942 -93.492 -57.862 73.8642
9.11311 -13.8702 -1.53126 47.0511 84.332 -36.9682
7.60316 8.15424 -2.80477 -104.932 92.3882 -197.857
8.30356 14.165 0.724355 -38.4433 -87.212 50.0129
9.06485 -13.9066 3.31987 32.9401 77.3517 170.369
8.63801 -15.127 -0.0702045 -12.6723 52.564 62.7215
8.19324 19.4237 -0.726687 -71.7736 -39.7265 -25.5427
7.79627 13.3873 -2.81831 -116.274 24.5108 -161.429
7.85587 16.623 0.87771 -113.68 -1.96072 8.00165
8.14819 39.197 3.14752 -87.8475 89.8764 38.0546
8.20023 13.5557 1.28097 -90.1515 6.62393 118.372
9.14956 -15.471 -2.24136 2.26047 63.8061 -78.3691
9.57044 -4.11617 3.28832 43.7922 120.815 227.796
9.614 -13.4591 1.14734 45.9279 85.1338 67.5141
8.08889 11.5684 -2.30553 -128.794 76.6139 -161.323
8.71796 12.6204 -6.4048 -73.1353 -1.27401 46.5977
8.86394 14.8274 5.78909 -60.8689 81.6232 3.90877
10.1425 -14.4407 0.393161 65.5117 109.95 -26.0741
7.76431 10.9712 0.924272 -175.059 30.2358 81.2403
8.51267 13.8153 -1.96764 -100.901 14.8893 -67.0903
7.8532 13.2012 -0.273604 -168.931 76.3728 -45.5858
10.0404 -16.7511 -0.449888 44.1624 91.4947 -51.8987
8.61815 14.7658 -0.183171 -103.708 53.2291 10.3354
10.2382 -15.6381 -0.280493 52.1645 92.3305 53.5561
9.12158 17.1415 1.31414 -65.9025 -29.8903 33.9775
10.2148 -15.9388 -2.48462 41.2585 89.3692 -90.8036
8.80726 17.6966 -0.152142 -99.7386 -16.0303 -63.8113
9.48605 33.4752 -7.45822 -39.127 -208.085 141.449
8.5219 12.9164 1.71082 -135.329 45.4105 84.9371
8.06903 13.4907 -0.0558758 -183.628 101.746 22.7522
8.85666 12.5702 0.228058 -108.471 120.944 47.8479
8.61067 13.0609 -0.618402 -136.769 46.5046 -69.0518
11.3216 -10.5085 -0.717 128.115 136.932 2.67768
10.3403 -15.2069 -0.55252 26.7372 80.8127 -45.588
8.77125 13.4152 -0.58783 -137.374 56.9325 -67.4833
8.98747 14.9708 1.56988 -131.171 -32.3133 22.4997
10.7283 -17.0018 -2.17181 38.477 85.3515 -65.9235
9.00139 13.128 0.439116 -134.306 133.292 120.567
9.23095 17.3102 11.7623 -117.935 128.267 226.607
10.8891 -11.6136 -0.0248224 34.5632 205.166 64.4031
11.1945 -12.1334 -1.54636 64.7209 103.506 -47.6062
11.1415 -16.3975 1.14892 57.9174 110.243 17.4618
10.3919 -18.2906 5.58544 -22.145 44.7535 105.805
10.0816 4.09158 -3.17122 -54.2018 118.041 -218.874
10.7748 -0.902407 3.87828 11.5738 -126.134 75.9275
9.38306 16.4305 -1.22438 -135.188 142.233 -92.3066
11.7386 -14.3372 1.29622 86.0151 121.379 44.8753
9.59404 13.238 0.566606 -137.895 74.4051 26.6947
11.4523 -12.6982 -3.58359 46.2189 83.451 -80.2149
9.66786 14.1945 1.05994 -131.971 46.1748 39.0927
10.2943 5.36014 -1.23467 -78.2408 231.448 -91.9539
10.3675 17.4837 -2.66001 -74.6584 -2.35322 -51.3853
10.4745 11.8955 -1.72534 -66.3287 -0.22367 -124.355
10.5899 11.4969 -2.50729 -57.7185 -9.98201 -136.252
11.5257 -12.1238 -2.01047 33.1613 95.734 -136.987
10.1745 16.7053 -0.468753 -109.068 4.61286 10.9142
9.78913 13.6209 0.433196 -149.544 74.2539 17.5513
12.2856 -8.22261 -0.206292 95.4299 157.103 -74.3981
10.0702 19.6053 -7.82555 -126.924 81.1077 -87.7917
10.2553 9.20489 5.12373 -108.971 -5.80738 148.499
12.4535 -12.3009 -1.34261 107.063 147.101 -30.8711
9.52966 11.0487 0.0918196 -186.265 -99.0425 -10.1718
9.52232 16.9055 0.473594 -188.603 -101.288 132.472
10.503 13.6088 -2.27286 -102.135 22.431 -120.617
10.0292 13.1274 -0.331657 -154.891 103.074 16.3379
10.0891 11.9816 1.91655 -156.425 116.636 81.6776
10.0439 13.0058 3.61733 -161.363 37.7444 -110.573
11.3183 3.58269 -3.87416 -36.5475 244.456 -22.4607
12.3263 -9.61341 2.53462 59.1454 128.562 6.73017
11.1464 6.05801 -11.909 -58.7612 70.5426 41.4058
11.129 4.63356 -1.47287 -61.0386 199.611 -125.135
10.4944 16.8118 -0.269119 -126.353 245.617 -25.3831
11.2409 4.27856 -6.25768 -54.4503 197.335 0.123424
10.832 11.955 0.525763 -95.8942 -49.042 35.8672
10.7344 14.0126 -0.189022 -108.165 25.6256 17.6739
11.9775 -12.9919 -0.018643 15.2977 86.2557 0.294198
12.4542 -13.9657 -0.845115 53.5906 109.041 6.27882
12.7401 -11.8276 -0.492441 80.1066 145.454 -30.9985
12.9827 -8.9629 -4.03003 90.8409 154.24 -102.909
11.501 16.3175 -1.01877 -56.5665 -33.7221 -35.4957
11.3865 49.5396 -37.4899 -70.133 -126.916 92.2727
12.2895 -13.4758 -1.9749 17.3086 88.1096 -135.034
11.2561 5.14372 -0.349174 -85.9584 210.137 2.33035
11.3231 12.8133 -1.71964 -80.2868 4.79833 -81.5402
11.2621 -4.00095 -6.96991 -93.428 -52.0274 49.2439
10.9789 14.1355 -1.31578 -122.63 54.7297 -98.5726
11.1699 11.4418 2.19327 -109.907 60.6805 98.5862
11.2947 7.38055 1.67956 -99.8098 154.434 122.382
12.7816 -5.75167 -3.71438 45.7565 -69.3044 52.1567
11.7464 5.24273 -0.0360426 -58.2151 216.56 31.9961
12.6985 -11.9272 1.1999 35.9021 101.28 51.7103
12.7868 -14.7562 -1.96201 43.1515 100.327 -64.8054
13.2642 -9.3668 -0.614875 86.6342 153.371 -107.594
12.542 4.15894 -7.98574 11.2831 -34.8973 -51.8782
12.5436 -16.0068 -0.900907 7.95698 85.5176 -51.6987
11.6253 6.80027 1.98577 -84.4927 113.587 142.676
11.2879 10.9152 -5.53599 -123.553 168.01 -33.4126
12.9157 -0.756314 0.144535 37.9372 209.676 -37.1318
11.9586 12.8633 0.0397251 -60.4413 -14.3502 35.4066
13.2036 -10.5391 1.2752 53.572 127.82 39.0278
13.007 -15.355 -0.848089 31.8617 95.4558 10.7838
12.0948 4.1356 -2.05045 -59.3181 197.701 -137.558
11.6785 11.5496 -0.25702 -103.301 45.6963 -64.5675
12.9017 -15.6904 -0.22743 16.0832 85.1704 52.4521
11.8452 13.6073 -0.37975 -94.3745 -18.4075 -20.5551
13.0388 -10.1081 1.2603 23.7066 100.84 116.978
13.4901 -5.66536 1.13029 63.6559 178.026 89.7892
12.1217 14.2919 -1.71798 -73.31 48.7621 -119.589
11.8693 9.86554 -1.18931 -104.078 92.926 -70.2945
11.7467 8.80707 0.213165 -117.055 132.48 19.0906
12.328 11.766 -6.50469 -60.4181 39.2077 18.4275
13.0931 -5.5704 -2.63929 -10.5538 77.6997 -215.978
12.7151 11.4998 1.40572 -52.7559 38.5012 -40.8632
13.8814 -6.07638 0.151189 62.2732 169.066 25.6822
12.2608 22.6518 -0.721132 -100.576 104.634 45.7452
12.2136 15.6234 -1.56086 -111.148 21.1605 -69.1345
13.0243 3.08977 -0.763841 -37.8699 194.734 -77.2993
12.3076 14.9268 -0.600576 -109.248 29.9398 -52.4095
13.4762 0.595543 -0.797088 5.5693 242.16 1.16608
13.802 -5.44447 -0.846723 34.3533 150.929 -75.4541
12.4346 14.013 0.130104 -101.602 28.8418 25.5964
13.5002 0.0518317 1.37696 -1.0848 187.463 103.939
13.825 -10.6577 -1.704 29.1976 107.137 -76.7496
12.5746 11.057 -0.337348 -95.8633 43.961 2.56044
13.4435 -17.0659 -6.55453 -13.3706 89.803 81.1263
12.8658 10.0326 1.25465 -71.7223 20.7846 140.83
13.7452 -16.0549 3.00986 15.5383 262.285 -164.069
12.8158 11.6323 2.86698 -77.8674 10.483 138.871
13.435 -12.9321 1.83266 -20.2287 59.5929 70.898
12.781 6.0251 -0.0471377 -85.2662 201.447 -15.5243
13.8676 -8.26801 -1.01355 21.6656 110.618 -65.6673
13.6099 1.15601 0.470392 -9.94736 203.972 -6.41108
14.3173 -11.0732 -0.253859 56.5363 141.273 -26.5568
12.4718 8.60977 1.08868 -129.649 68.1648 77.5944
12.5788 12.7762 2.0733 -121.493 63.0249 84.9743
13.3367 9.98675 1.73641 -46.4849 -21.707 95.0589
13.3627 3.27724 -0.792321 -44.1977 194.514 -24.9012
13.285 8.68548 -3.01147 -59.9734 -66.2568 -15.6257
13.1194 5.62436 2.14953 -77.5884 136.43 148.417
13.4049 3.58196 -1.92667 -56.1017 153.869 -129.61
12.994 10.0206 -1.17969 -97.8841 152.43 -57.2961
12.9215 14.2433 -1.07618 -105.988 32.605 -67.534
13.0438 7.68453 1.93805 -94.5282 91.46 125.466
14.3701 -2.01733 0.92724 34.1075 213.988 14.8314
12.5602 12.4648 0.122149 -147.715 105.083 -12.5132
14.1377 -4.07934 5.54058 6.3102 -28.3109 -4.41897
14.4234 -1.96202 -0.830611 32.7995 203.59 -121.305
13.7002 2.85743 -0.749144 -41.2452 178.914 -77.7677
14.5204 -7.34718 -1.98356 36.4492 30.2945 -158.202
13.4227 11.9984 0.999004 -74.0299 4.95863 13.6377
13.2601 5.82581 1.17897 -91.8927 180.22 64.871
13.2498 6.49613 0.898438 -93.8111 166.783 68.2067
13.542 9.92043 1.85963 -67.0331 14.394 120.098
13.4782 6.90983 1.85496 -75.4448 90.2738 110.225
14.2479 -12.6985 1.80266 0.864047 80.9296 39.1242
14.1224 -2.39165 -2.15604 -13.3085 114.469 -182.924
13.1505 4.33603 7.7671 -111.183 146.854 35.7955
13.4227 12.3332 0.189127 -84.9111 18.1308 -40.3959
13.9188 -0.192752 3.13502 -37.282 71.7744 198.033
14.5034 -11.0085 -2.25444 11.789 97.0508 -110.89
13.5337 15.514 -0.0844891 -84.7572 -23.4309 -116.431
14.6109 -7.66684 -1.66501 21.7137 123.341 -92.5303
13.4702 6.47125 0.233646 -94.8678 160.923 24.4833
14.3592 0.0530971 -1.04616 -9.453 200.969 -54.9998
14.9892 -3.95068 -0.92336 52.642 206.706 -62.1067
13.6102 12.4432 -0.209583 -85.1529 15.0454 -67.3925
13.4643 7.4421 -0.456435 -101.75 115.773 -42.616
14.7263 -7.88479 0.85759 20.8677 114.606 74.0823
13.6112 14.9673 -1.84635 -90.1878 18.4108 17.1887
14.3051 1.57961 -0.548985 -21.2548 189.563 -45.1482
14.4693 -11.89 1.59153 -7.36298 76.4006 -50.5503
14.2765 -10.6352 1.1625 -30.8889 48.6539 96.813
13.73 15.3132 -1.45055 -87.068 1.50218 -57.3928
14.3152 0.637567 -1.8231 -30.2341 128.254 -129.311
14.3705 1.90685 0.178573 -29.5597 194.373 -16.7296
14.1902 3.64881 -1.86933 -52.0775 167.941 -73.5504
13.6277 7.45733 -6.74585 -111.405 101.389 154.858
14.2084 3.46164 2.39123 -54.6274 100.816 134.897
14.7698 -3.02739 1.36753 0.890308 142.985 75.5672
14.8223 -7.09173 -1.20664 2.67524 99.8695 -101.416
13.6354 1.24338 -2.13417 -115.454 -87.655 6.50918
14.4585 1.11909 -1.48026 -34.945 143.177 -126.516
14.0101 8.61022 -0.762805 -79.7796 124.452 -61.7177
14.1202 4.85205 -1.14924 -73.9267 157.877 -89.7502
13.8534 12.2226 -0.681777 -107.106 56.2438 -66.5035
14.7188 -8.88297 -2.26476 -28.8785 62.5239 -30.5891
14.3739 4.62559 -0.545178 -65.684 174.794 -59.3731
13.9778 2.6338 4.86457 -106.766 6.70782 -17.0938
14.283 7.28202 -1.71046 -79.4513 78.3449 -98.8955
15.2913 -5.54024 1.47315 12.0635 142.028 49.5314
15.0976 -3.96125 -4.37664 -7.31781 61.1759 90.602
15.3666 -6.94731 1.69813 14.4609 123.447 89.7194
15.1921 -2.53355 0.427453 -3.13642 139.764 71.1054
14.5253 6.78119 -1.50166 -70.3738 57.5193 -112.074
15.119 -11.2018 -2.089 -11.5722 75.0716 -77.6338
14.6392 -6.77769 -0.469346 -59.6345 -41.5273 -86.5939
14.4762 10.5516 1.13414 -76.4165 18.9104 98.5841
15.7452 -6.13303 1.58872 48.5641 171.87 82.7037
14.9431 -10.8303 2.46328 -31.3307 51.5434 1.75131
15.0504 -0.45173 -1.98226 -25.4447 124.192 -140.321
14.9662 -12.8303 0.610134 -38.3822 47.1526 81.3654
15.3347 -2.24376 -2.17244 -8.02431 166.957 -47.0265
15.1353 -0.239632 -2.90368 -28.0023 115.903 -152.72
14.6788 12.9202 0.657796 -74.4385 -2.4985 -13.4149
15.062 -4.43369 -0.719451 -39.0507 143.786 -50.5789
14.1547 11.9128 3.14133 -129.284 0.477551 -239.953
15.9113 -8.97798 1.76424 45.1848 167.417 12.8654
15.5446 -7.2222 0.177621 6.62029 116.709 -11.0506
14.8906 6.8095 2.63414 -69.2915 35.3828 188.197
15.0981 3.53705 1.13901 -54.0524 141.288 72.3939
14.6736 12.9624 -3.09255 -98.3551 -24.4403 123.065
15.5391 -0.547637 -0.232922 -12.8349 178.093 -0.145711
15.1189 4.81454 -1.74817 -62.3478 53.956 -107.963
15.9198 -2.33857 -1.49937 17.1638 224.813 -148.393
15.3097 3.53007 -0.492492 -56.7038 154.322 21.257
14.9647 19.0137 2.87018 -92.1865 219.482 93.1215
15.2104 7.47275 1.56766 -68.6196 26.5551 100.729
15.6858 -3.03867 1.88173 -23.8479 104.529 78.6232
15.0605 8.6544 -2.06899 -89.7604 74.8005 -102.622
16.0712 -10.6154 -0.698088 9.70453 109.993 -24.3518
15.5058 2.279 1.33403 -49.6556 125.196 119.751
15.1478 6.90695 0.695532 -86.9096 116.421 85.3997
16.0495 -2.44491 0.459743 -2.81575 162.784 75.6361
15.4394 24.4555 8.93796 -70.5256 105.243 137.063
15.8619 -7.42767 2.02278 -31.4907 58.8304 81.916
16.2494 -3.65745 2.10093 6.89854 163.182 84.6105
15.5177 4.06441 2.41162 -68.8361 91.8431 144.012
15.1593 31.7383 -2.63048 -107.593 -96.0037 -3.36003
16.4381 -8.98372 -1.45787 17.1042 120.029 -76.5587
16.2001 -2.43396 2.76401 -10.2942 150.304 135.965
15.8614 -7.9393 -1.07953 -44.2593 31.5537 -123.403
15.5332 8.36746 -0.720723 -78.3759 46.7959 -13.0352
16.0404 0.648652 0.340996 -30.3285 153.993 27.9895
16.247 -2.81825 1.00121 -10.7189 144.539 112.258
16.3731 -5.38841 0.544704 -0.209436 71.6765 3.19112
15.5414 7.68971 1.72982 -83.679 87.0121 100.145
16.2718 -16.4698 11.1845 -12.2007 109.042 30.7499
16.2262 -4.84556 0.0129717 -19.0314 164.608 -78.6356
16.4092 -9.31951 -0.506126 -5.10331 28.8065 -51.111
16.3099 -3.21619 -2.25684 -17.0355 95.4625 43.5993
16.3961 -7.83071 2.51849 -8.98779 97.2695 122.591
15.5404 12.7898 -2.2249 -94.7708 25.8144 -74.5321
16.2446 -13.444 -1.32917 -24.968 68.461 -43.7598
16.4873 -7.20773 0.856658 -2.06788 151.831 27.6901
16.6547 -10.1861 3.50936 12.5256 117.659 44.8333
15.7725 9.08081 -0.696919 -75.7973 28.6435 -96.3598
16.7065 -6.01128 -0.221027 16.4193 145.374 -15.9505
15.9837 6.59039 0.00403838 -55.6676 -2.09918 15.4467
16.0481 2.37213 1.77693 -50.5381 129.145 96.7927
15.929 5.73769 1.88448 -71.0616 62.0692 89.7261
16.8556 -7.28258 0.810589 11.3895 139.035 9.49602
15.356 14.7621 2.9659 -139.505 154.862 -68.0179
16.2223 2.85851 0.857207 -60.7958 83.2551 95.1848
16.6906 -2.93845 0.0196939 -14.4768 127.544 -46.6944
16.2822 9.00293 -0.843115 -55.5293 34.004 -27.5734
16.4913 9.5641 0.841591 -35.9943 34.8947 64.1203
16.1663 -0.391514 -7.14029 -68.8429 4.07766 94.2194
16.3494 2.92727 -1.62573 -58.2141 101.535 -100.852
16.2274 9.13185 -0.879667 -71.1815 -15.9009 -44.1956
16.8286 -2.675 2.0915 -11.5261 146.7 89.7517
15.9295 10.2203 0.376947 -104.959 71.3532 17.0346
16.6137 -11.8299 -0.532265 -38.1091 52.579 -33.5824
16.988 -6.84947 0.744839 -5.02114 110.039 47.733
16.8594 -7.38208 0.0854502 -18.0538 88.5131 -48.4267
16.3872 4.19117 1.44315 -66.7529 123.357 54.8915
16.3305 12.4074 0.655113 -74.4265 32.3073 -35.0826
17.0178 -12.2414 -0.879464 -6.78341 91.9918 -28.6947
16.5493 8.97103 -0.140531 -56.8113 -3.85323 -2.01791
17.0431 -10.153 -1.74086 -13.5673 90.0027 -93.9335
16.6557 2.62808 1.63951 -53.7725 25.154 81.5875
17.2285 -8.20051 0.471444 1.8844 119.597 5.74909
16.2581 4.73561 1.59354 -97.395 -76.5337 25.7683
16.1052 37.8505 -4.56222 -116.152 -187.469 114.118
17.3115 -1.23283 19.0143 -1.67613 140.865 30.3096
16.6876 7.30469 0.642055 -67.5714 22.0713 58.3447
16.6734 7.43183 -1.65946 -72.5329 28.8784 -93.4689
16.9852 0.561812 1.01705 -48.8881 119.07 33.0036
17.1649 -3.97251 -0.968864 -36.7701 74.7468 -114.231
17.072 1.70147 -0.0324369 -49.8168 101.311 -0.498238
17.3947 -5.13526 1.37072 -19.9639 98.7918 36.3605
17.2717 -2.83859 0.43859 -34.1001 96.7858 37.279
17.2132 5.59209 -0.174019 -40.5354 130.06 -3.45477
17.0659 3.90993 -1.38596 -63.1872 105.046 -118.894
16.9445 7.99083 -1.61355 -79.5348 55.9696 -90.0992
17.4953 -1.59867 -0.185782 -27.1438 138.328 5.06759
16.8904 6.51011 0.803276 -87.6766 104.383 64.0847
17.3476 -0.698401 0.570852 -45.5724 59.1444 26.6649
17.649 -9.27355 0.216911 -24.1572 80.1047 -12.2485
17.3755 2.73265 -1.60111 -59.9913 83.0932 -98.8345
17.6436 -4.85348 1.37784 -35.8905 62.304 22.1386
17.6456 -2.45938 -0.614292 -40.2308 86.2784 -22.8709
17.9798 -6.76936 -0.012115 -10.3049 117.328 -49.9452
17.802 -3.87927 2.1435 -33.0263 91.9317 89.4953
17.6868 1.02206 0.00191988 -47.3678 110.608 -85.4632
17.6062 -0.08625 2.81577 -59.3949 -12.0177 -53.6458
17.5873 7.58699 -1.208 -69.3716 16.629 -62.8971
17.7283 1.95684 0.148768 -55.9371 98.8722 -12.788
17.6868 7.63812 0.392665 -72.4641 34.2042 10.266
17.8197 2.83681 -1.06112 -59.5346 96.164 -7.7779
17.5262 7.58867 1.26969 -90.3058 99.5799 -60.3004
17.85 2.4377 -0.244795 -59.3918 61.1562 -9.163
18.285 -7.68751 1.32473 -16.8017 103.337 85.8756
17.966 -1.91428 -4.45601 -52.0123 71.3393 -117.744
18.1397 -8.45495 0.932691 -38.4844 58.7344 59.991
16.9719 9.7407 0.611904 -160.478 59.0615 30.6856
18.42 -7.34673 1.40192 -21.3603 98.1281 41.7145
18.2864 -2.37039 1.27494 -37.4127 100.294 102.371
17.9335 3.05428 -0.452437 -75.1028 32.7577 -77.3481
18.5491 -4.60509 1.14569 -14.3319 132.02 56.9427
18.2829 2.41438 -1.03602 -43.2041 65.6273 67.6568
18.2335 2.09867 2.61252 -56.4632 101.021 26.83
18.3489 3.44744 0.865333 -46.6488 60.6879 16.7696
17.9171 -6.61171 1.63614 -91.7277 39.2487 45.9231
18.4112 -6.18267 0.36019 -47.4815 71.4306 -27.0892
18.1247 6.15842 -0.46495 -79.3059 61.4118 -18.9273
18.2371 4.24227 1.16266 -72.3395 74.0567 59.0659
18.6758 -3.91542 1.06317 -30.8208 105.52 15.8233
18.3117 7.69183 -1.9204 -67.4821 5.47832 -109.278
18.6614 -10.1806 0.688817 -36.7078 66.4497 17.1177
19.0517 -5.6162 1.20123 1.26545 114.726 12.8424
18.8287 -2.53197 0.0666965 -23.7833 147.137 35.5021
18.7136 -2.47996 -0.216926 -36.1058 98.6122 4.32279
18.5689 -0.474534 1.24515 -52.4183 81.646 70.351
18.6176 1.34312 -1.9511 -56.3584 30.4755 -94.7694
18.858 -0.402382 -0.675133 -43.3941 104.961 -38.0579
18.6387 1.56047 0.987237 -67.1415 121.982 -66.6814
18.3916 6.95933 -0.300549 -93.802 105.575 -7.78321
19.0558 -5.98827 0.672031 -28.8935 93.2875 -20.8824
19.034 -4.06881 0.461132 -33.5055 102.981 -25.0349
19.0495 -4.51294 -0.611234 -40.3868 75.9521 -96.1364
19.4973 -2.00539 -2.59388 -9.15447 66.8701 95.6786
19.1187 -0.711033 -1.55543 -53.5612 69.3492 -114.794
19.3431 -0.592754 1.77999 -49.958 78.1441 105.194
19.4078 -0.388617 0.280256 -51.8951 92.1631 6.17444
19.5109 -1.74899 -2.40382 -49.0974 79.7794 1.79187
19.4462 -12.7545 5.04216 -67.3773 159.759 -201.296
19.5335 1.90598 -0.440397 -61.5202 64.6473 6.65107
19.6848 1.32405 -5.65684 -57.3556 76.8973 2.91611
19.74 -0.236535 0.319138 -54.5906 104.374 8.51253
20.0287 1.96167 0.142786 -62.4967 95.2828 -16.103
20.3113 -4.70366 0.764571 -40.3476 87.3416 -8.93175
21.3455 -1.50019 0.511639 -62.5629 31.0616 20.1619
21.4734 14.6668 14.1444 -102.259 33.5775 -68.9351
nan nan nan nan nan nan
19.3668 -3.65187 -0.49153 -59.4523 -45.7068 -64.0726
19.7609 3.22961 -1.00158 -61.458 0.599238 -17.1425
