-54.6223 2.00641 15.494 -0.182185 -0.0193344 0.102504 5.54303e-05 106
-49.3926 1.641 3.28668 -0.167825 -0.0796138 0.0168222 -3.49609e-05 190
-45.6057 -23.6844 1.44241 -0.118377 -0.149478 0.0102814 -1.52565e-05 250
-43.2526 -4.20075 1.92644 -0.118319 -0.104606 0.00756961 -0.000131121 314
-41.0477 8.14963 -15.301 -0.282908 -0.0198469 -0.0907779 0.000273665 20
-36.6923 -15.9312 -0.429194 -0.0467882 -0.153168 0.0145948 -0.000150828 64
-36.2163 28.7579 17.3092 -0.141959 0.0306958 0.135128 -7.18323e-06 11
-35.2547 16.4942 -17.9252 -0.118342 -0.0260342 -0.0592149 -0.000178023 387
-34.1692 -8.09426 -3.30972 -0.139451 -0.129295 -0.0279666 -0.000123493 287
-32.0475 32.9842 4.188 -0.137479 0.0566825 0.080663 -9.18084e-05 468
-30.6396 -13.3129 12.0744 0.00270393 -0.099943 0.0647235 -0.000263239 263
-28.4822 4.57431 -3.01417 -0.0736169 -0.143169 -0.021219 -0.000266177 26
-23.2266 12.8665 4.28297 -0.110106 -0.125549 0.0421187 -0.000279388 217
-23.1307 11.5003 16.8875 -0.096733 -0.099095 0.042691 -0.000273779 312
-22.8709 -16.794 -1.38759 -0.328858 -0.280256 -0.0251035 0.000730746 381
-22.7872 0.872455 -3.53538 -0.276389 -0.138322 -0.0206227 5.79999e-05 109
-22.5584 9.90346 15.783 -0.0349595 -0.112787 0.126085 -0.000240723 476
-22.2 0.265726 6.37005 -0.00505649 -0.16168 -0.00281081 -0.000377599 383
-21.2759 2.21621 10.8321 -0.0199609 -0.157482 0.00371926 -0.000363747 213
-20.3745 -20.0315 4.03072 -0.286123 -0.367137 0.125561 0.00101944 200
-19.4154 28.7683 0.645162 -0.0405137 0.00392012 0.0506347 -0.000333717 231
-19.0721 33.2212 25.6611 -0.303465 0.383624 0.356581 0.00201894 449
-18.2094 4.72841 -1.79381 -0.0146447 -0.163604 -0.00724801 -0.000492467 272
-17.3382 11.6832 -6.83314 -0.0602198 -0.110917 -0.000965736 -0.000468735 310
-17.2709 44.6919 2.78944 -0.121621 0.111298 0.011192 -8.97979e-05 98
-17.1616 5.42574 -1.09033 0.0223393 -0.176722 0.0124485 -0.000493937 212
-15.6626 -7.18635 1.83778 -0.229081 -0.256021 -0.00196805 1.6397e-05 317
-15.4354 -5.65464 -1.45899 -0.0490875 -0.212845 -0.0280602 -0.000454304 174
-15.0109 11.0995 0.0113786 -0.497912 0.233357 0.0464056 0.00123372 51
-14.7413 -24.3568 0.503396 0.0984913 -0.0981977 0.00251045 -0.00031805 495
-14.7035 -9.47547 8.05237 0.108321 -0.163725 -0.0324426 -0.000401678 292
-14.4922 15.5981 2.42843 -0.129507 -0.0710308 0.0129839 -0.000445895 143
-14.2452 -7.56036 16.1232 0.109388 -0.135249 0.0460553 -0.00034577 125
-13.7585 8.95484 4.00332 -0.117065 -0.119525 -0.0767033 -0.000528058 137
-13.3891 -4.21034 3.0726 0.0455901 -0.218472 -0.0992217 -0.000497161 132
-13.2903 0.266507 -1.97549 -0.0664275 -0.118187 0.237527 -0.000462635 459
-12.9513 0.0171498 -0.663351 0.0332342 -0.225612 0.0537887 -0.000620775 333
-12.6413 -4.46182 2.06883 0.0588139 -0.265273 -0.0586622 -0.000438598 219
-12.4612 -1.32487 -1.86623 0.0842096 -0.245927 0.010681 -0.000563577 248
-12.3981 -4.31083 3.28475 0.0444081 -0.229846 -0.00358374 -0.000581225 229
-12.2709 -17.4311 4.88359 -0.0496265 -0.256892 0.106341 -7.30489e-05 112
-11.2015 6.13103 1.29568 -0.0373057 -0.213617 0.0592765 -0.000658023 433
-10.5782 -1.09375 0.522342 0.0970433 -0.265413 0.0742578 -0.0006404 160
-10.3665 19.2032 13.2391 -0.139138 -0.0674238 0.0321144 -0.000333871 289
-10.2535 -12.3426 -8.69921 0.0926751 -0.234856 0.0306819 -0.000280548 479
-9.95993 7.11491 2.27083 -0.0548564 -0.258963 0.0163983 -0.000564469 210
-9.75058 -3.41738 -2.03925 0.0919277 -0.291694 0.0337523 -0.000595205 186
-9.52439 -1.44511 1.95777 -0.0764453 -0.290778 -0.0265928 -0.000702185 50
-9.09514 -0.330909 1.87812 -0.0981487 -0.310664 -0.0686623 -0.000652235 288
-8.68509 -1.0921 0.684498 0.059188 -0.374553 0.0183969 -0.000522833 445
-8.68183 -4.83463 0.235338 0.139941 -0.301382 0.0464286 -0.000553983 70
-8.4989 -0.0586696 -3.42962 -0.412393 -0.175967 -0.123515 -1.20854e-05 325
-8.45615 1.39316 -0.0856678 0.0346681 -0.305631 -0.0438168 -0.000855155 175
-8.42371 5.45379 1.96642 -0.224107 -0.224013 0.0094047 -0.000594296 290
-8.22983 48.7418 4.41964 -0.110778 0.326479 0.0752518 0.000526401 108
-8.12554 -4.00616 0.298868 0.171469 -0.320646 0.0216099 -0.000549761 169
-8.0225 2.84559 4.26311 -0.111653 -0.283905 0.0159837 -0.000729739 58
-7.83471 0.0341363 3.12371 -0.0318625 -0.362602 0.00985434 -0.0006533 404
-7.6485 -8.90375 8.91674 0.0842958 -0.226607 -0.113071 -0.000402741 260
-7.56715 -4.49641 0.520115 0.203365 -0.28867 0.0119729 -0.000637425 330
-7.11074 -4.3483 0.206703 0.193541 -0.300568 -0.007967 -0.000700117 205
-7.02659 -4.84925 1.23361 0.186199 -0.312186 0.0133482 -0.000622159 24
-7.01936 0.235643 1.10236 0.00954043 -0.327543 0.0265008 -0.00108277 42
-6.95669 3.45692 -1.08533 -0.0694336 -0.346678 0.00933808 -0.000811794 39
-6.91204 -7.65941 -0.731586 0.18648 -0.226668 0.0207752 -0.000667388 489
-6.85951 8.81058 3.26241 -0.160806 -0.201269 0.0364607 -0.000651441 6
-6.60109 25.7849 1.28777 -0.165344 -0.00494525 0.00791198 -0.000297675 410
-6.54903 6.62597 4.50567 -0.150363 -0.259324 0.0646845 -0.000620128 218
-6.34609 -3.86234 0.0618697 0.164694 -0.269124 -0.0548094 -0.00104156 82
-5.9464 -13.1263 -4.41399 0.218263 -0.10618 0.0662568 -0.000433749 309
-5.89041 0.224262 -0.302058 -0.0290546 -0.361024 0.110027 -0.00122222 435
-5.57323 3.529 0.590137 -0.212927 -0.251793 0.0562618 -0.00118799 151
-5.54172 -10.5553 -1.17119 0.238502 -0.107341 -0.12916 -0.000511696 117
-5.49027 1.4503 1.49783 -0.0973876 -0.453797 -0.0336104 -0.000775037 63
-5.32764 -4.34279 0.239217 0.185615 -0.344497 -0.0282848 -0.000855439 166
-5.18385 -22.9311 -0.232104 0.11801 -0.436254 -0.00943148 0.000745415 354
-4.93439 -7.98061 -0.399805 0.350773 -0.151801 0.00431216 -0.000417859 37
-4.8426 -10.0255 -0.349921 0.229086 -0.103695 -0.156282 -0.000574294 203
-4.71801 -8.38621 1.05266 0.298851 -0.0508017 0.0678784 -0.00068824 107
-4.69053 -7.69905 0.407824 0.256486 -0.0992197 0.0144626 -0.000911115 12
-4.6583 -5.36623 0.589824 0.265418 -0.258264 0.016443 -0.000894174 414
-4.39793 -9.31117 -1.10209 0.188818 -0.175588 0.0379472 -0.000782468 252
-4.33608 -7.1594 -1.91502 0.24856 -0.206918 -0.0649269 -0.000775718 236
-4.14609 -7.77189 1.5851 0.317844 -0.0181856 0.00985566 -0.00076255 182
-4.06433 -10.2132 -1.61029 0.274791 -0.136534 -0.168222 -0.000359849 81
-4.05103 -36.3866 6.8013 0.106295 -0.107882 0.0437136 -0.00018038 305
-3.98154 16.4788 8.87869 -0.182221 0.038851 0.0389021 -0.000426756 124
-3.91399 4.98335 0.458639 -0.270717 -0.372761 0.0707721 -0.000609709 138
-3.77088 4.27699 -0.233214 -0.252618 -0.351703 0.0530122 -0.0010009 241
-3.45874 36.8527 6.71336 -0.112109 0.158539 0.0324125 -9.0073e-05 7
-3.45251 4.31103 0.72886 -0.279667 -0.388573 0.0467839 -0.000797567 453
-3.4011 3.20428 1.70434 -0.167003 -0.417215 -0.000940772 -0.00125087 280
-3.3521 7.65943 1.12932 -0.371322 -0.102749 0.00994972 -0.000553262 417
-3.32845 7.26619 0.198382 -0.422946 -0.10664 0.00266403 -0.000374394 364
-3.18748 7.64289 -2.0349 -0.280183 -0.132487 -0.0212664 -0.00086271 84
-3.13237 3.58956 0.402281 -0.24416 -0.325382 -0.0580921 -0.0015591 358
-2.92371 7.19848 -1.03817 -0.351942 -0.127717 0.0577918 -0.000697704 303
-2.76029 -2.47251 -0.324726 0.3565 -0.324933 -0.191253 -0.00167745 90
-2.71832 6.58971 1.32979 -0.242858 -0.250196 -0.16574 -0.000792273 365
-2.62239 17.1873 -0.870607 -0.170917 0.0250564 0.13846 -0.000411738 322
-2.60771 -7.55516 0.0716237 0.383149 -0.0208895 -0.113012 -0.000563828 168
-2.53367 3.58145 -0.265103 -0.159677 -0.357342 0.0180721 -0.00188462 423
-2.49394 8.51834 -0.663832 -0.273437 -0.0708222 0.0605407 -0.000882829 185
-2.48388 10.7718 0.62544 -0.276458 -0.134345 -0.0189267 -0.000536231 156
-2.18074 24.555 3.69386 -0.170146 0.0092369 0.0190697 -0.000317725 3
-2.16878 -11.1667 20.46 0.150371 -0.0257494 -0.0122516 -0.000387567 389
-2.12183 6.13555 -1.41199 -0.34959 -0.178219 -0.0563695 -0.00089923 216
-1.93644 -0.428731 -0.280423 0.292756 -0.776122 0.233331 -0.00159974 2
-1.69525 6.29581 -0.660366 -0.365064 -0.188449 -0.045408 -0.000839615 83
-1.67014 6.34661 -1.92653 -0.317529 -0.120504 -0.00456116 -0.00110655 438
-1.48048 -5.74175 -1.07612 0.40128 -0.0411012 0.0306111 -0.00105138 348
-1.41481 28.2401 17.345 -0.0770557 -0.00303749 0.132868 -0.000229324 370
-1.27804 -4.78342 -0.875112 0.385073 -0.0273635 -0.0114561 -0.00155384 111
-1.26375 -5.67764 -0.10217 0.371925 -0.043149 0.0372718 -0.00126382 87
-1.12836 -4.6083 0.0978762 0.389189 0.00653698 -0.0181957 -0.0016851 363
-0.965651 5.8681 -0.531209 -0.354328 -0.172611 -0.0536 -0.00110471 145
-0.802629 -1.22705 -0.39894 0.649581 -0.181043 0.0469619 -0.0053703 253
-0.733294 -3.20021 1.0641 0.478267 -0.246476 0.00353712 -0.00181245 326
-0.701923 -6.50595 -0.0082646 0.486219 -0.0387211 -0.06801 -0.000394394 372
-0.682417 3.98463 -0.756418 -0.478198 -0.220282 0.0807065 -0.0012661 209
-0.678549 6.39363 -1.26167 -0.317419 -0.105084 0.00947726 -0.00120848 293
-0.586901 -7.75329 -2.3751 0.372794 -0.142194 -0.00209452 -0.000542497 14
-0.499828 0.00154581 0.00254003 0.0119427 -0.929141 0.284506 -0.0191057 300
-0.49846 0.0133019 0.0246399 -0.122629 -0.899526 0.277087 -0.0194068 346
-0.498443 -6.30943 -0.0252183 0.431309 0.0239266 -0.00302222 -0.000808685 316
-0.496567 0.0543569 -0.00981427 -0.342406 -0.916567 0.244706 -0.0186609 130
-0.494098 -0.022868 0.0710288 -0.0402178 -1.04029 0.201986 -0.017986 118
-0.491398 0.00266695 0.0905093 -0.154969 -0.838373 -0.0467858 -0.0204597 274
-0.482718 0.0411825 0.120521 -0.239601 -0.893866 0.0489081 -0.0196707 254
-0.481338 -0.0985788 0.0920743 0.0697637 -0.924598 0.406381 -0.0186003 485
-0.475691 -0.152529 0.0125042 0.537513 -0.90242 0.372089 -0.017254 432
-0.473394 -0.147917 -0.054047 0.584492 -0.931014 0.371729 -0.0166388 258
-0.473173 -0.0251499 -0.159436 -0.0519269 -0.80243 0.235405 -0.0206152 38
-0.47182 0.115065 -0.11861 -0.338685 -0.784525 0.0554556 -0.020421 79
-0.466842 -0.156344 -0.0870413 0.800265 -0.535694 0.3136 -0.0185911 278
-0.466244 -0.153207 0.093419 0.127091 -0.908378 0.421832 -0.0186506 405
-0.463696 0.0793584 0.168572 0.0933549 -0.880504 -0.0935187 -0.0200589 105
-0.463076 0.154422 -0.106571 -0.282993 -0.900168 0.39304 -0.0184874 53
-0.457234 -0.167838 -0.11133 0.248822 -0.887221 0.261805 -0.0192836 323
-0.456116 8.14279 -1.19056 -0.370208 0.0295652 0.0367602 -0.000646126 141
-0.454379 -0.18944 0.0850939 0.116394 -0.839198 0.105505 -0.0204648 294
-0.452887 0.190494 -0.0886418 -0.438818 -0.894284 0.323456 -0.0181817 163
-0.447354 0.191694 -0.112346 -0.267376 -0.911473 0.362601 -0.0185644 265
-0.446473 -0.0787175 -0.210089 0.0131701 -0.82433 0.29288 -0.0202322 102
-0.44489 -0.226787 0.0247141 0.786362 -0.791104 0.294789 -0.0166821 425
-0.437247 -0.240354 0.029046 0.757533 -0.79092 0.34623 -0.0167646 302
-0.433756 0.210253 0.12757 -0.369261 -0.89266 0.0539447 -0.0192184 99
-0.433043 -0.243052 0.0562943 0.437523 -0.863376 0.388425 -0.0182133 335
-0.4316 0.251652 -0.0119973 -0.644407 -0.905028 -0.0838909 -0.0172538 59
-0.424935 -0.089543 0.246877 0.179898 -0.727594 0.0268747 -0.0215078 242
-0.423828 0.236592 0.119561 -0.412301 -0.875701 0.0563666 -0.0191298 164
-0.418353 -0.21366 -0.170555 0.276767 -0.873454 0.265715 -0.0193237 393
-0.417429 -0.22912 0.150769 0.348728 -0.90528 0.132326 -0.0190347 251
-0.416427 -0.17425 0.214312 0.0938367 -0.715231 -0.0277645 -0.0217577 113
-0.412572 0.0641177 0.274668 -0.0215069 -1.20238 -0.0539052 -0.0159548 430
-0.407129 0.0795271 0.27881 -0.0404253 -1.20363 -0.0243771 -0.0159408 426
-0.405786 -0.284988 0.0632773 0.62764 -0.777658 0.161104 -0.0186018 431
-0.400468 -0.225769 0.195899 0.232862 -0.740575 0.163641 -0.0210798 240
-0.394547 -0.28875 -0.102919 0.452213 -0.723741 0.370174 -0.0196099 284
-0.394506 0.230075 0.203476 -0.109426 -1.17558 -0.00802253 -0.0162887 374
-0.393633 0.301023 -0.0657566 -0.857831 -0.584683 0.0208832 -0.0182672 392
-0.385628 0.31804 0.00355697 -0.671153 -0.925615 0.0830284 -0.0167933 245
-0.380063 0.271198 0.178394 -0.426874 -0.802541 0.0241733 -0.019841 332
-0.379422 -0.243956 -0.215279 0.607209 -0.599113 0.367519 -0.019617 500
-0.378213 0.25714 0.20113 -0.399342 -1.00955 -0.106065 -0.0175821 19
-0.374477 -0.328067 0.0456165 0.899381 -0.670423 0.381268 -0.0162297 171
-0.364227 0.180434 -0.290752 -0.582231 -0.478931 -0.0467742 -0.0214463 69
-0.355214 0.135041 -0.324028 -0.611946 -1.42337 1.2335 -0.000517349 43
-0.354384 0.352465 -0.00802631 -0.78242 -0.795619 0.169239 -0.0170443 353
-0.353201 -4.60664 -0.712743 0.380768 0.0237295 -0.042568 -0.00175291 215
-0.352193 -0.152685 0.319869 0.719257 -0.864526 -0.377769 -0.01622 150
-0.343146 -0.341842 0.123897 0.499765 -0.0893526 -0.274348 -0.0229209 134
-0.34263 -0.321062 0.170831 0.359108 -0.722181 0.163039 -0.0207853 491
-0.335448 0.262331 0.261352 -0.558487 -0.799381 -0.0111718 -0.0190736 480
-0.329313 -0.135502 0.350622 0.466945 -0.898195 -0.171235 -0.0184246 401
-0.324555 -0.361274 0.117548 0.387571 -0.304344 0.0551399 -0.0234797 234
-0.319268 -0.318393 0.215747 0.465124 -0.619948 0.101822 -0.0211883 65
-0.318703 -0.383433 0.0343722 0.82923 -0.56189 0.0329958 -0.0187336 378
-0.318159 0.176542 0.34244 -0.287438 -0.920325 -0.19692 -0.0189647 244
-0.311482 -0.213317 0.326938 0.802185 -0.794906 -0.258208 -0.0166416 34
-0.294436 0.403995 0.00969038 -0.794657 -0.787997 0.188475 -0.0169505 447
-0.288112 -0.395923 0.0998444 0.684849 -0.0634191 0.195543 -0.0218179 276
-0.285381 0.0718346 0.403935 -0.127053 -0.663949 -0.49392 -0.0206309 419
-0.282737 -5.40733 -0.360103 0.373843 0.0226295 -0.0435518 -0.00141489 458
-0.274081 -0.372511 0.189855 0.435276 -0.640896 0.0935152 -0.0211975 406
-0.271746 10.5981 -3.21868 -0.270238 0.0347493 0.0840818 -0.000620052 409
-0.264273 0.424442 -0.00252982 -0.887389 -0.688503 0.126066 -0.0170164 439
-0.262389 -0.0810551 0.417477 0.73986 -0.952926 -0.399857 -0.0149189 442
-0.26177 0.425588 -0.0113602 -0.817334 -0.847022 0.125349 -0.0162536 239
-0.248419 -0.347855 0.258718 0.812583 -0.220909 -0.197469 -0.020342 441
-0.242823 -0.434696 -0.0447002 0.40015 -0.103216 -0.217552 -0.0236408 466
-0.241545 0.435613 -0.0401363 -1.14302 -0.300677 0.0867686 -0.0162366 471
-0.230166 -0.245228 0.369319 0.755842 -0.52 -0.496787 -0.0182215 100
-0.229789 -0.277999 -0.345921 0.519854 -0.0804535 0.132313 -0.0231737 407
-0.229435 0.443635 0.0154072 -0.949493 -0.679265 0.236802 -0.0161467 493
-0.22923 -0.442782 -0.0244399 0.661565 -0.0698387 -0.37962 -0.0213735 295
-0.224179 -0.44074 0.0735457 0.754676 -0.013963 -0.3668 -0.0206025 359
-0.218151 -0.446484 0.046056 0.623676 -0.108783 -0.375711 -0.0216599 490
-0.206388 -0.21735 0.39996 0.456354 -0.463243 -0.316019 -0.0217427 444
-0.201029 -0.449451 0.0867394 0.726976 -0.174136 -0.423954 -0.0203869 496
-0.199594 0.0657062 0.45342 0.497136 -0.469299 -1.55189 -0.00703927 422
-0.19905 -0.0358074 0.45717 0.729846 -0.446244 -0.961464 -0.0146532 247
-0.198764 0.414634 0.196383 -0.519049 -0.680668 -0.0533395 -0.020403 331
-0.195075 -0.261764 0.378052 0.767839 -0.467617 -0.445805 -0.0187315 304
-0.19347 -0.430354 -0.164998 0.921063 -0.24073 -0.232612 -0.0190044 9
-0.184557 0.452161 0.106081 -0.902411 -0.596321 0.226606 -0.0173787 452
-0.178577 -0.455925 -0.0986824 0.704794 0.291914 0.0139613 -0.0213869 89
-0.176528 0.108527 -0.454772 -0.929005 -0.522147 0.617419 -0.0155315 189
-0.174549 -0.452599 -0.12076 0.762626 0.0690768 -0.00905927 -0.0213399 154
-0.173275 -0.172633 0.434914 0.549773 -0.446869 -0.367141 -0.0210717 165
-0.171582 6.75453 11.2462 -0.17767 0.232614 0.242447 -4.99044e-05 482
-0.169813 -0.445707 -0.148074 0.768433 -0.342999 -0.112028 -0.0205249 366
-0.159799 0.393682 0.262517 -0.519794 -0.383058 0.0413863 -0.0224118 222
-0.150109 -0.439734 0.183405 0.622036 -0.501842 0.00442726 -0.0210307 428
-0.148277 0.342229 0.331668 -0.62019 -1.11994 -0.490177 -0.0132998 487
-0.141827 0.472056 -0.0838648 -1.1366 -0.339753 -0.0398835 -0.0161952 328
-0.140895 -0.426444 0.219534 0.775542 -0.377466 -0.0804762 -0.0203148 177
-0.135733 -0.477876 -0.0555672 0.213241 0.703899 0.334361 -0.0209265 4
-0.130827 -0.165984 0.452856 0.672801 -0.418405 -0.668752 -0.0182943 349
-0.126 -0.482199 -0.0364005 0.831705 0.396702 -0.048968 -0.0196923 95
-0.112749 -0.464524 0.145208 1.12766 0.0133849 -0.107909 -0.0169995 158
-0.109272 0.466796 0.141881 -0.850163 -0.401506 0.0370924 -0.019468 408
-0.105184 -0.324389 0.365305 0.798325 -0.464476 -0.246258 -0.0193024 470
-0.08717 -0.441264 -0.217369 0.686882 0.17953 -0.0490627 -0.0218567 488
-0.0869254 0.20397 -0.447661 -0.924798 -0.540938 0.816603 -0.0136801 40
-0.0862569 -0.445586 0.209025 0.80678 -0.301069 -0.0572272 -0.020361 281
-0.0763872 0.481393 0.104252 -0.886282 -0.296942 0.0460872 -0.0196045 342
-0.0740653 0.344525 0.354633 -0.663218 -0.732385 -0.389885 -0.017951 127
-0.0740082 -0.472169 0.146417 1.10656 -0.0943998 -0.113423 -0.0172179 475
-0.073558 0.413648 -0.270298 -1.03801 -0.0648417 0.161706 -0.0180974 282
-0.0701353 -0.476236 -0.133357 0.891975 0.1334 -0.109851 -0.0198656 345
-0.0656004 -0.478291 0.12976 1.07689 -0.167774 -0.101437 -0.0175166 46
-0.0593218 -0.495971 0.0189815 0.929561 0.464657 -0.0847168 -0.0182119 159
-0.0583059 -0.443547 0.222576 0.768348 -0.2481 0.0140739 -0.0209407 10
-0.0489752 0.477892 0.136336 -0.832959 -0.255142 0.00508896 -0.0202883 47
-0.0477801 0.465755 -0.173651 -0.94084 0.348625 -0.0871285 -0.0186924 339
-0.0454752 0.4976 -0.00697654 -1.23001 -0.137443 0.255246 -0.0150329 451
-0.0349313 0.486313 -0.109423 -1.03794 -0.400548 0.338851 -0.0165617 115
-0.0347685 0.460946 0.189282 -0.773902 -0.529494 -0.0985713 -0.0194684 5
-0.0246619 -0.497872 -0.0338711 0.759945 0.49402 -0.197004 -0.019641 277
-0.0207897 -0.499366 0.00452638 0.881607 0.456882 -0.210719 -0.0185692 155
-0.0163194 0.498529 0.0342641 -1.11761 0.0734429 0.171037 -0.0169783 415
-0.0112348 0.498646 -0.0277064 -1.29183 -0.0760296 0.156227 -0.0144041 465
-0.00507222 -0.493038 -0.0821553 0.958772 0.318859 -0.133871 -0.0185142 394
-0.00245649 0.493373 0.0802027 -0.872476 -0.251438 0.0606019 -0.0198315 371
-0.00121523 -0.184674 -0.464502 0.0307562 0.225119 1.46408 -0.0112869 388
0.017534 -0.193786 -0.46014 0.0445397 0.156058 1.26058 -0.0149243 8
0.0198532 0.465434 -0.181141 -0.90418 0.143609 0.252669 -0.0193707 296
0.0199239 0.481322 -0.132626 -1.03754 0.411446 0.165149 -0.0170606 194
0.0199878 -6.29253 -0.779251 0.496122 -0.0217608 0.0405126 -0.000419839 379
0.0327672 0.102753 -0.487517 -0.770445 -0.690759 1.66062 -0.00110736 227
0.0389925 -0.437227 -0.238642 0.70557 0.310999 0.0640455 -0.0212766 413
0.0532293 0.496289 -0.0262098 -1.2852 0.0933436 0.137661 -0.0145125 31
0.0537353 -24.898 10.8395 0.123757 -0.00688467 -0.00123514 -0.000364286 204
0.0558293 0.362804 0.339 -0.738286 -0.0820204 -0.253197 -0.0211674 196
0.0571907 -0.140147 -0.476435 0.0531646 0.077617 1.02338 -0.0184039 352
0.066725 9.44406 0.409226 -0.321983 -0.0642621 -0.0431909 -0.000636885 257
0.0785558 -0.371449 0.324988 0.924526 0.431773 -0.23268 -0.0181662 149
0.0851329 -0.489888 -0.0516935 0.312445 1.41451 0.000916797 -0.0118891 1
0.0856425 0.419868 -0.2572 -1.11319 -0.824686 0.982365 -0.00698416 57
0.0883552 -0.439643 0.220897 0.902745 0.0860771 -0.240057 -0.0195057 375
0.0974026 0.227871 0.433524 -0.715548 -0.392387 -0.706243 -0.0177526 73
0.0998701 -0.460242 -0.165547 0.651246 0.267692 0.0956533 -0.0218841 114
0.103426 -0.478942 0.098161 1.06655 0.20223 -0.0319097 -0.0176426 443
0.106232 0.436674 -0.217938 -1.16151 0.108565 0.608236 -0.014209 122
0.111001 -0.487085 -0.0127677 0.869371 0.332804 -0.291307 -0.0190668 271
0.116331 0.390693 0.289062 -0.789973 0.327673 -0.0870127 -0.0203947 123
0.132044 -0.482084 -0.00542802 0.765558 0.639794 -0.202867 -0.0185279 147
0.133997 0.0489238 0.478798 -0.302482 -0.279288 -0.593085 -0.0217624 462
0.138025 0.470851 -0.0955814 -0.811339 0.570909 0.147667 -0.0187181 395
0.147572 -0.472978 0.0659407 0.834772 0.801455 -0.238551 -0.0162828 129
0.148657 0.475013 0.0442413 -0.886218 -0.0741403 0.229989 -0.0197418 62
0.156025 0.303489 -0.364999 -1.01435 -0.192082 0.694772 -0.0153382 52
0.158434 -0.389053 0.269785 0.770962 0.49603 -0.475375 -0.0183727 133
0.164503 0.471637 -0.00742142 -0.916323 0.56043 0.179291 -0.0176104 434
0.165494 -0.471128 -0.0081453 0.794734 0.568411 -0.131502 -0.0189543 167
0.171672 0.388312 -0.263504 -1.25792 0.0517708 0.530042 -0.0133529 269
0.174695 0.261284 -0.388403 -0.650781 0.344701 -0.0317959 -0.0216219 255
0.177516 0.329436 -0.331166 -1.29463 -0.461863 1.07971 -0.00591982 307
0.188131 0.440813 -0.141372 -0.889049 0.468401 0.129878 -0.0185985 36
0.192095 -0.4439 -0.125773 0.706335 0.613352 -0.174109 -0.0193528 184
0.192871 0.381855 -0.258152 -1.21443 0.226536 0.568623 -0.0134579 334
0.197883 5.82298 -0.376331 -0.409848 -0.00941821 -0.033515 -0.00108355 228
0.206572 -0.400375 0.216036 0.94036 -0.0239531 -0.214134 -0.019201 400
0.207677 0.429404 0.149696 -0.48089 0.648364 0.351437 -0.020159 161
0.20943 0.445986 0.0816446 -0.731873 0.28221 0.255751 -0.0207742 402
0.209647 0.237868 -0.386244 -0.862557 0.0798092 0.523723 -0.01861 181
0.222654 0.286293 -0.343771 -0.846193 0.216865 0.362449 -0.0194239 285
0.229363 -0.145194 -0.419077 0.0201752 0.973759 0.362744 -0.0182831 306
0.2335 -0.274274 -0.346149 0.338939 1.01324 0.414542 -0.016813 403
0.239223 -0.434043 -0.0647173 0.659419 0.595827 -0.135066 -0.019959 461
0.247214 -0.388663 -0.193637 0.488168 0.598247 0.106184 -0.0212198 206
0.248818 0.433093 -0.018502 -0.399821 0.886584 0.110998 -0.0190201 86
0.270213 -0.408819 -0.09905 0.693653 0.591009 -0.107705 -0.0197393 486
0.274567 0.288061 0.30172 -1.04782 0.314423 -0.554986 -0.015625 275
0.279949 -0.336251 -0.240603 0.453095 0.671783 0.163799 -0.0207624 41
0.282724 -0.403464 0.0819154 0.883054 0.751408 -0.193536 -0.0163922 355
0.289003 -0.407606 0.00117192 0.663593 1.13617 -0.230344 -0.0138649 92
0.293887 -0.395365 0.0854652 0.857359 0.719561 -0.0400727 -0.0171604 421
0.302567 0.338307 0.209758 -0.470128 0.706797 -0.164713 -0.020327 21
0.305197 0.389848 -0.0670181 -0.611203 0.599584 0.121181 -0.0203457 283
0.30625 0.374465 -0.124975 -0.819393 0.804761 0.158981 -0.0166164 467
0.307746 0.325988 -0.221088 -1.03534 0.413518 0.430212 -0.0160822 324
0.309222 -0.375949 0.113616 0.473438 1.251 -0.197477 -0.013581 343
0.321646 0.343941 -0.166078 -0.707328 0.759879 0.234288 -0.0179545 497
0.323745 0.365574 -0.105724 -0.865989 0.555656 0.086283 -0.018355 436
0.329798 0.3743 -0.0333723 -0.28591 0.855498 0.0015972 -0.0199158 61
0.333483 -0.221597 0.299381 0.0736775 0.536673 -0.546681 -0.0213008 362
0.339864 -0.356172 0.0862471 0.726206 0.819319 -0.226418 -0.0171978 88
0.341692 -0.333551 -0.148138 0.696131 0.660109 0.0018562 -0.0192501 68
0.343907 0.242049 -0.269818 -0.636013 0.208734 0.379199 -0.0213177 361
0.345376 0.222005 0.28494 -0.983558 0.394333 -0.598376 -0.0157561 44
0.345439 -0.279369 0.228113 0.928448 0.308083 -0.217987 -0.0187517 120
0.348901 -0.0588268 -0.352854 0.194196 0.962934 0.316688 -0.0183573 153
0.352002 0.125759 -0.331284 -0.855894 0.557178 -0.309004 -0.017911 469
0.352623 0.272516 0.225341 -0.569157 0.577425 -0.39281 -0.0199578 93
0.354798 0.330136 -0.122443 -0.699225 0.866928 -0.148951 -0.0171151 191
0.355962 0.336224 -0.100952 -0.667454 0.740854 -0.114959 -0.0187053 45
0.363026 -0.152166 -0.307782 0.246962 0.876693 0.121559 -0.0197392 246
0.366049 0.25128 -0.228871 -0.568607 0.560434 0.263464 -0.0206067 18
0.368721 0.272326 -0.198427 -0.649118 0.6472 0.210548 -0.0194971 116
0.373371 0.281642 -0.175277 -0.358003 0.851067 0.0700405 -0.0196689 450
0.377664 -0.196554 -0.261791 0.244149 0.887403 0.132792 -0.0196055 270
0.385214 -0.305431 0.0902911 0.814122 0.735004 -0.154413 -0.0173406 350
0.397216 0.197496 0.230451 -0.657396 0.648744 -0.402501 -0.0186613 195
0.39729 -0.232953 -0.193893 0.517689 0.707835 0.0232918 -0.0202051 315
0.400851 0.281587 0.0973112 -0.388575 1.03834 -0.10046 -0.0172827 142
0.402639 -0.294658 -0.0273001 0.44399 1.17826 -0.257301 -0.0146931 320
0.409334 0.105778 0.266004 -1.22524 0.872417 -0.608873 -0.00856836 201
0.409403 0.255561 -0.130512 -0.234765 0.848869 -0.2202 -0.0198511 385
0.410055 -0.190033 -0.213596 0.481546 0.706826 -0.00232233 -0.0204341 301
0.41623 0.260665 -0.0924718 -0.586401 0.665098 -0.13244 -0.0199893 329
0.424315 -0.194816 0.177483 0.66795 0.631088 -0.0843914 -0.019703 136
0.425856 -0.0930327 0.24422 0.426729 0.735214 -0.37557 -0.0196194 15
0.427994 0.257136 0.0240645 -0.334843 0.897583 -0.0335606 -0.019263 321
0.429495 -0.254061 0.0306198 0.191319 1.23899 -0.182709 -0.0149708 221
0.435373 0.0565979 0.238088 -0.178809 1.03518 0.080446 -0.0180903 148
0.438497 0.0912094 0.220902 -0.27962 0.987199 -0.0345146 -0.0184431 235
0.43985 0.231095 -0.0515816 -0.251348 1.02629 -0.0647827 -0.0180193 183
0.447825 -0.153848 0.159901 0.197498 0.855068 -0.191585 -0.0199679 135
0.455342 -0.180726 0.099979 0.544152 1.08665 -0.251977 -0.0153728 139
0.461122 0.191153 -0.0281011 -0.129439 1.01894 -0.187727 -0.0181879 448
0.46264 -0.0814447 0.171143 0.394194 0.887575 -0.367786 -0.0182618 25
0.46564 -0.122784 0.134186 -0.0855914 1.12934 -0.0563691 -0.0169679 146
0.469387 0.074917 -0.153399 0.052922 0.846071 -0.143566 -0.0204063 382
0.469844 -0.10902 0.128897 -0.468764 1.03356 -0.610227 -0.0146601 412
0.471043 0.153073 0.0675237 -0.450314 1.18009 -0.214786 -0.0147469 207
0.473173 -0.161162 -0.011017 0.230929 1.16867 -0.173827 -0.0159423 170
0.475077 -0.14223 -0.0623328 0.121466 1.27001 -0.140504 -0.0147131 173
0.476504 0.147131 0.0350951 -0.21393 1.04362 -0.14997 -0.0177694 78
0.480675 0.0359828 0.131653 -0.12119 1.17554 -0.220679 -0.0159833 121
0.491268 -0.0910002 -0.0138502 0.283089 1.18075 -0.100167 -0.015732 446
0.491767 -0.082828 0.0344403 0.0991836 0.969448 -0.0625097 -0.0190461 336
0.492922 0.0813788 -0.0168643 0.173922 1.08835 -0.0840171 -0.0173698 344
0.494011 -0.0223348 0.0732986 0.0248384 1.03318 -0.0450437 -0.0183158 369
0.497655 -0.00366995 -0.0450399 0.234198 1.09899 -0.00742737 -0.0171232 297
0.4995 -0.0158598 0.00939895 0.207205 0.966849 -0.0361008 -0.018889 483
0.606329 10.5054 0.0858993 -0.255951 -0.0223647 -0.00447454 -0.00077516 477
0.706099 6.39234 -1.88139 -0.373393 0.013912 0.0130659 -0.000991794 492
0.935367 -7.95016 2.4168 0.364734 -0.00522946 -0.0710563 -0.000631711 299
0.979317 -4.36319 1.81351 0.296201 0.326276 -0.221453 -0.00107021 340
1.02865 -8.20667 -5.03666 0.162914 -0.0484666 -0.151876 -0.000966093 291
1.06331 -3.32547 0.241417 0.540367 0.163015 -0.180506 -0.00137706 338
1.06303 -13.4377 -2.71681 0.224158 -0.00544271 0.0103518 -0.000594143 494
1.23612 5.72288 1.94165 -0.352089 0.0203972 0.0554103 -0.00122987 28
1.31006 5.16513 1.10974 -0.390072 0.0456628 0.0135533 -0.00133137 237
1.32629 4.88659 -0.349754 -0.492401 0.167673 0.00699526 -0.000771455 60
1.40174 10.5753 -0.960685 -0.235457 -0.100249 0.0802863 -0.000717426 356
1.41801 9.45091 1.03333 -0.250365 0.0276574 0.0128903 -0.000902818 391
1.44829 12.3737 -0.181957 -0.288248 -0.103471 -0.066501 -0.000389406 72
1.6348 -28.1127 16.3054 0.115071 -0.0135393 0.117198 -0.00021439 23
1.73378 3.63917 0.214502 -0.43748 0.055254 0.0360151 -0.00187316 484
1.76821 6.92305 -1.0889 -0.347868 0.110609 -0.0211711 -0.000893844 367
1.77228 -8.11548 -2.56909 0.247395 0.146252 -0.122194 -0.000828083 411
1.90366 -7.46994 -2.85026 0.357865 0.147493 -0.0676497 -0.000555923 128
1.95548 11.1478 0.151558 -0.151589 0.0566964 -0.14557 -0.000808185 157
2.02939 -8.32202 -3.03502 0.319228 0.144929 -0.0819804 -0.00056529 259
2.27356 -8.95748 0.418134 0.292353 0.171608 0.110328 -0.000556887 373
2.39407 8.34815 -2.0302 -0.274347 0.132199 0.0240847 -0.000818265 384
2.52927 9.78309 -0.551224 -0.287587 0.140537 0.0219965 -0.000591825 29
2.70214 -7.07915 0.0656568 0.325268 0.0268049 0.128684 -0.000880363 286
2.79142 7.23766 -0.212568 -0.29007 0.262204 0.000183384 -0.000655208 77
2.79969 34.711 -30.701 -0.0331828 0.0583495 -0.172431 -5.52644e-05 319
2.97273 6.11152 -1.03249 -0.381247 0.169384 0.0541146 -0.000712353 397
2.98019 4.03211 -0.637863 -0.320655 0.27699 -0.00851577 -0.00135053 472
3.13609 -12.3914 -15.2328 0.18337 0.032112 0.0379244 -0.00040302 80
3.18061 3.79537 -1.65336 -0.411857 0.161355 0.0282025 -0.0011665 193
3.38848 11.5893 1.91432 -0.274539 0.0554941 0.0729136 -0.000498922 27
3.43149 -7.98168 1.45103 0.301387 0.131678 -0.0946478 -0.00068703 267
3.44045 5.68134 0.396064 -0.34088 0.147968 0.0373255 -0.00100687 341
3.4618 -13.547 0.634314 0.158838 0.124744 0.0503922 -0.000622254 54
3.65289 7.62555 -1.79152 -0.316944 -0.0467626 -0.103514 -0.000737778 455
4.07886 -6.36276 1.07886 0.308797 0.173897 0.0141101 -0.000851086 16
4.15573 -8.96509 0.685847 0.219999 0.0951149 -0.190991 -0.000674938 396
4.22351 -7.39129 -1.50411 0.286076 0.136011 -0.0687446 -0.000789315 232
4.41601 13.3396 -0.494715 -0.1438 0.166829 -0.0364182 -0.000577551 140
4.57874 -15.8213 -6.24838 0.223772 0.0708263 -0.00469236 -0.000365135 357
4.66787 -0.0143076 -1.20665 -0.133181 0.417317 0.0446361 -0.00138088 22
4.6748 2.4878 0.00669338 -0.192616 0.339329 0.0308864 -0.00140297 399
4.72408 4.72691 -0.418573 -0.245374 0.345886 -0.0116581 -0.000741917 249
4.83656 6.89854 -0.240365 -0.244038 0.0957511 0.0113869 -0.00105273 238
4.93419 -0.391729 -0.102517 0.0882417 0.32956 0.0375519 -0.00178856 424
4.93774 7.52848 -1.95967 -0.30811 0.19979 0.00327235 -0.000513751 279
5.08773 1.55067 -1.2489 -0.0637747 0.391266 0.227019 -0.000983592 460
5.1704 -4.38958 -0.711907 0.193058 0.306314 -0.0681347 -0.00098454 197
5.18418 3.23765 -0.595011 -0.205431 0.361848 -0.0316227 -0.000947144 273
5.58537 -2.47658 1.11829 0.215413 0.330462 -0.0252029 -0.00103594 104
5.71172 4.40222 -0.942287 -0.22688 0.351578 -0.0336014 -0.000617457 427
5.74482 6.97996 -2.45459 -0.151975 0.201091 0.0951469 -0.000880751 214
5.76918 6.0824 -1.3007 -0.291895 0.225721 -0.00413067 -0.000622374 126
6.06758 -8.26378 -3.63527 0.213702 0.202794 -0.0916292 -0.00055422 481
6.11234 -8.79001 -5.48052 0.100452 0.206663 0.0455711 -0.000696303 152
6.25478 2.50424 -0.372119 0.129824 0.454625 0.129376 -0.000350747 418
6.30714 1.53965 -0.702862 -0.0190715 0.406923 0.147948 -0.000740171 380
6.59778 30.2921 -19.6918 -0.0103127 0.231613 -0.13562 0.000110555 49
6.86486 6.80408 2.15804 -0.0223575 0.27565 0.0354 -0.000776332 266
6.96884 2.1782 -0.633924 0.0465595 0.351659 0.030357 -0.000913395 187
7.04427 -15.0578 -0.298173 0.188903 0.0203738 -0.0146464 -0.000524841 101
7.07727 9.28711 0.741857 -0.0379085 0.407739 -0.0358385 -1.23035e-05 398
7.11492 -5.07172 -1.51277 0.238585 0.244515 0.0128629 -0.000679166 377
7.30334 20.4326 -1.60353 -0.113765 0.0765546 0.0242369 -0.000453316 347
7.5089 3.42827 -0.886485 -0.125623 0.343498 0.0768475 -0.000632684 327
7.83848 2.07906 1.39688 -0.105391 0.298886 -0.00472883 -0.00089114 256
7.94113 2.13311 -0.404601 0.040956 0.344511 0.0527137 -0.000748706 456
8.63481 -8.85498 0.175707 0.217609 0.186587 0.0438615 -0.000484984 35
8.65791 36.7532 11.4455 -0.0641955 0.101869 0.0400008 -0.000216196 368
8.76196 -8.07966 -3.07911 0.139316 0.232985 -0.021327 -0.00055203 474
8.78144 -4.22106 0.63295 0.197395 0.243814 -0.0982991 -0.000604785 440
8.78811 4.69562 0.817058 -0.0559546 0.389594 -0.00366399 -0.000282032 144
8.7934 -1.81702 -2.17164 0.0134221 0.301617 -0.0300217 -0.00077776 360
8.93374 5.54061 0.511506 0.00898627 0.38209 0.00630353 -0.00027446 33
8.97629 -5.26974 -0.984138 0.163347 0.231265 0.00232739 -0.000694503 85
9.12321 3.7231 0.802892 -0.109683 0.309103 -0.0424553 -0.000580767 202
9.22599 -5.52437 7.73593 0.0933973 0.21412 0.0865475 -0.000555732 225
9.29073 6.40699 0.816482 0.369291 0.215342 0.0587195 5.90162e-05 56
9.37462 -19.5424 -0.152886 0.172211 0.0491908 -0.0441137 -0.000364057 179
9.40916 4.16613 0.297627 -0.211336 0.305167 -0.103452 -0.000286161 416
9.57351 -23.4 14.5343 0.11497 0.0383574 0.0333975 -0.000329852 454
9.62303 -39.3356 2.40014 0.141026 -0.0940717 0.00851713 -0.000128071 188
9.68684 -4.67803 -1.74675 -0.0476603 0.181956 -0.0879901 -0.000877471 386
9.88411 -34.398 -12.9446 0.12258 -0.0458254 -0.0824108 -0.000178954 478
9.99778 -5.30402 0.207524 0.0870627 0.217927 0.000543327 -0.000760085 211
10.2839 5.35184 4.45917 -0.127121 0.230639 0.0485947 -0.000558125 243
10.4562 8.74882 2.76581 -0.179276 0.196639 -0.0401659 -0.000445926 94
10.8532 13.7968 0.234181 -0.1852 0.0996927 -0.00159372 -0.000435524 457
10.8981 -1.641 -0.0231911 0.0655746 0.250953 0.0314732 -0.000707521 13
10.9033 13.7345 -1.84343 0.153523 0.458801 -0.0613855 0.00077757 75
11.6877 -20.689 6.87775 0.135479 0.0759329 0.00618667 -0.000354316 473
11.9705 21.5206 2.22782 0.0144609 0.327711 0.0210355 0.000169755 55
11.9729 10.546 -4.54143 0.0396378 0.252869 -0.0200299 -0.000341547 97
12.2759 12.3613 0.432959 0.0557868 0.277225 0.035597 -0.000209588 180
12.4057 39.7794 -15.3544 -0.0487018 0.126321 -0.138566 -4.69223e-05 351
12.7266 7.93816 -2.2971 -0.142449 0.184062 0.0340244 -0.000477964 71
12.828 27.9948 -5.13844 -0.128125 0.109724 -0.0583063 -0.000201293 76
13.4124 -11.3275 -0.70818 0.14683 0.199282 0.00404251 -0.000328386 131
13.5816 -0.142811 0.177682 0.195423 0.264539 -0.0595681 -0.000221989 223
13.7422 -15.7568 -4.94947 0.146637 0.112574 -0.0209908 -0.000365439 91
14.1101 3.95881 -7.67663 -0.0409245 0.239116 0.0293748 -0.000382354 298
15.9482 6.85401 -1.90725 -0.078769 0.0675496 -0.0368854 -0.000639994 96
16.1789 -7.78112 5.81814 0.0719676 0.185794 -0.0227069 -0.000411017 199
16.418 6.89119 -1.11273 -0.06882 0.0254835 -0.040826 -0.000656581 178
16.6536 6.87998 -1.80847 -0.0823352 0.208888 -0.0483969 -0.00036053 224
17.2604 -9.50164 3.95951 0.216411 0.0893554 -0.0274758 -0.000274658 230
17.8754 36.5466 16.9827 0.0269184 0.221183 0.0877713 7.49052e-05 376
18.0778 6.87676 15.4529 0.080771 0.118168 -0.076749 -0.000340054 48
19.8532 -32.8166 -7.28058 0.164628 -0.0293878 -0.0535875 -0.000127452 226
20.3704 -13.0456 2.5502 0.112485 0.128025 0.0313542 -0.000326237 67
20.4036 13.2125 -4.3311 0.076392 0.204633 -0.104435 -0.000139905 429
20.7158 1.87423 13.237 -0.0315779 0.150539 0.0406723 -0.000348784 198
21.0219 21.0631 -3.45073 -0.0712738 0.14475 -0.0276678 -0.000249763 313
21.0714 -33.8023 7.82495 0.163119 -0.0317262 0.0617586 -0.000111503 162
22.0704 4.71513 2.01877 0.03165 0.121829 -0.0217555 -0.000449683 172
22.8751 -6.00425 -16.4356 0.817012 -0.0963614 -0.578191 0.00588534 308
23.3624 -27.6288 12.8957 0.15574 -0.0106035 0.0406518 -0.000162798 32
25.255 -9.46516 -25.1685 0.0153072 0.0508932 -0.145216 -0.000189397 30
25.5287 142.318 25.9685 0.215299 1.43364 0.269207 0.0135034 262
26.3429 -28.2679 -9.02278 0.147356 0.0092237 -0.110893 -0.000101926 176
27.8291 4.2081 -12.6417 0.000319217 0.0925699 -0.00919411 -0.000351045 110
28.1896 21.3451 19.9599 0.336397 0.384907 0.295138 0.00186979 103
28.5365 -12.0068 -3.70484 0.109923 0.117223 -0.0616899 -0.000215704 264
29.0664 10.6771 -12.2027 0.0382713 0.138249 -0.0254254 -0.000242917 208
29.1781 4.73355 9.53585 0.388528 0.151356 0.110681 0.000760752 220
29.4073 -15.1067 17.6374 0.0688164 0.0474151 0.145616 -0.000157416 498
29.7231 -4.59001 -7.45417 0.237372 0.0115739 0.00619739 -5.01782e-05 390
30.2722 -2.99689 -11.6814 0.313976 0.076587 -0.201673 0.000523392 464
30.4371 20.9407 -1.23144 0.115072 0.155575 -0.00724783 -0.000103793 463
33.7791 20.1094 -2.80823 0.136883 0.176275 -0.00453872 -5.72351e-06 233
35.8019 7.61414 -11.9735 1.34479 0.374224 -0.449597 0.0131169 17
36.0928 -0.777602 0.263561 0.101061 0.139625 0.00211116 -0.000160534 66
38.0437 -15.809 -20.9329 0.112521 0.0189594 -0.153659 -4.15532e-05 437
41.9947 -14.7319 9.19797 0.147681 0.037299 0.0521989 -0.000113027 420
47.006 0.98074 -6.07924 0.148722 0.109186 -0.0731424 -1.74843e-05 192
48.9602 14.8963 -8.65587 0.231481 0.140575 -0.0425701 0.000228897 311
49.9671 1.33396 -13.4262 0.145161 0.00583941 -0.0551478 -9.05952e-05 337
50.9284 19.0818 21.6328 0.199638 0.112459 0.0910084 0.00016634 74
59.1607 25.194 -5.59253 0.487827 0.249886 -0.0214341 0.00168682 268
59.9254 19.4422 -10.4951 0.302593 0.133271 -0.0404207 0.000497771 318
60.0377 79.2051 19.686 0.311535 0.463154 0.102995 0.00189021 119
62.1725 25.0479 -42.0082 0.769873 0.350971 -0.530297 0.00607386 499
62.1719 5.28739 -20.1432 1.12104 0.148094 -0.416703 0.00888628 261
