-27.736 9.60102 9.03465 -134.601 50.7084 14.2775
-23.8481 5.52207 -7.18461 -95.69 -89.5734 -29.2482
-24.138 14.8874 -7.51884 -131.186 -78.2035 29.8312
-22.5653 -10.9324 -4.93144 -100.06 -105.876 26.4431
-20.6812 -15.6834 7.57119 -33.2667 -65.6428 22.2392
-20.1694 -0.284872 1.58969 -59.5269 -61.2986 -73.8268
-19.9529 -1.24791 -2.68611 -75.5842 -8.88554 17.9944
-19.7604 0.156642 0.793792 -70.8368 -90.5717 -25.7997
-19.4149 -6.59633 -0.487218 -52.8487 -61.3552 24.1126
-19.4795 0.237635 1.37915 -64.1392 -93.4035 -57.9749
-19.4974 -7.16675 -2.39023 -67.3425 -207.295 -38.6734
-19.4005 2.89671 1.3943 -73.0514 -1.43597 -63.4969
-19.2509 -4.19641 -0.59528 -59.8873 -59.6429 39.3
-19.0074 -3.85419 1.7216 -53.0902 -73.0458 -86.8578
-18.8539 -5.94044 0.511781 -47.0735 -83.8268 -31.2432
-19.1402 3.32642 0.320072 -76.778 -107.907 -21.2227
-18.9864 -0.0296856 0.351896 -65.678 -77.1816 -27.5604
-19.1529 4.79193 -0.574564 -84.3102 -55.3098 24.9648
-19.1815 7.94554 1.00516 -90.5031 -22.7926 -15.3007
-17.9351 -5.6189 -0.754432 22.4753 -39.3074 -78.2259
-18.8878 2.25827 0.564971 -75.3049 -50.7959 -34.4927
-18.5518 -1.32402 -2.1051 -45.5514 -114.168 63.2862
-18.1813 -4.3738 -0.270903 -13.8628 -142.567 11.5544
-18.5042 -3.0552 1.56816 -51.2967 -111.676 -84.4385
-18.3419 -6.74415 1.45406 -40.4976 -81.4242 -85.7058
-18.4503 -3.7809 -0.803589 -51.8112 -54.9055 44.1274
-18.3744 -2.06107 2.44302 -44.4697 -142.712 -109.732
-18.7541 5.81775 0.297104 -83.9295 -29.1725 -77.4721
-18.3445 7.25273 2.44356 -48.2942 33.8786 42.0351
-18.5371 -0.24757 -0.38432 -69.9874 -63.7576 37.2644
-18.3221 10.5963 -1.95061 -53.6274 -119.768 -23.4407
-18.1744 -20.7368 4.67868 -53.9215 -170.696 100.894
-18.1825 -5.05387 -0.493441 -61.1931 -7.09564 56.196
-18.2011 -0.164996 -0.957845 -66.4109 -66.684 68.1311
-18.4348 5.92578 -4.10358 -90.2775 -21.2641 10.6054
-18.1643 -0.762697 0.868387 -64.1276 -33.9886 -55.3016
-18.1304 -4.3817 0.324955 -63.0492 -34.5339 -11.1197
-17.1857 -9.76995 -0.368419 29.08 -94.8413 8.68093
-18.1135 1.30729 1.04963 -64.2668 -103.318 -86.2812
-17.5971 2.33804 -0.0432389 -16.9012 -200.928 21.4631
-18.3279 -0.575575 2.92168 -95.6713 -47.6006 -27.9176
-17.3858 1.44101 -1.4912 -4.62582 22.2064 -70.1483
-18.3287 -0.500365 0.323102 -99.6322 -180.958 112.191
-18.1729 5.96046 0.0772615 -85.4143 -44.7774 -63.8399
-17.653 -4.06098 0.290328 -34.4979 -102.892 -21.4798
-17.9633 1.96169 -0.576297 -69.3345 -51.7257 24.1735
-17.6713 -8.99049 -1.52427 -44.5955 -69.1763 102.942
-17.8559 -5.57503 -0.885291 -64.2012 -156.86 104.079
-17.1664 -8.4149 -0.903721 0.0938717 -141.546 20.0837
-17.6093 -5.10995 1.90906 -45.8585 -82.4455 47.9711
-17.4294 -5.03304 -0.578787 -32.1532 -98.1271 28.3742
-17.5623 -6.80774 -1.20829 -50.0029 -63.757 59.3286
-17.8135 4.36124 -1.72723 -77.3024 -46.4459 88.1131
-17.1679 -5.3307 -2.02247 -15.3943 -119.899 103.975
-17.6204 1.25335 -1.68816 -62.1268 -39.0176 -8.25682
-17.5365 6.11678 -0.0306982 -55.6681 1.89228 -127.775
-17.4156 -3.24153 0.931814 -47.5601 -82.4164 -44.471
-17.6291 5.67125 0.845618 -70.3325 3.0763 -6.06338
-17.4877 0.0163882 0.779524 -58.8696 -73.3516 -50.1454
-17.2603 -7.08639 -1.99267 -37.0543 -190.583 15.4084
-17.5086 3.59629 1.46741 -68.011 -9.55327 -85.523
-17.2184 -4.46648 -2.46985 -39.2718 -74.5288 -15.4635
-17.3202 -10.5957 -0.566969 -50.707 -60.8929 -0.0771748
-17.5936 4.80579 1.67499 -78.8511 -72.527 -96.9012
-17.3189 -5.20275 -1.14585 -54.1295 -55.8531 43.1269
-17.5229 5.47753 2.72689 -74.6385 -22.269 -43.1382
-17.3559 0.146407 0.186662 -58.1103 -79.7368 5.04949
-17.622 4.99912 -1.1341 -86.3111 -127.354 73.1281
-17.611 10.3831 0.518406 -86.9197 1.10603 -21.7889
-17.6111 13.5062 0.137327 -90.6556 -20.3217 -28.3226
-17.4723 9.98867 0.0210338 -78.1379 10.4914 -7.58905
-16.8315 -7.55606 0.415185 -19.7446 -108.063 -3.96393
-17.5752 8.5949 -1.16627 -98.7726 -62.2882 44.8832
-16.8898 0.114347 0.873321 -36.8055 -77.2363 -39.1009
-16.7751 -4.82127 0.333422 -28.4249 -94.7292 -21.1229
-17.0607 -3.23063 0.217435 -57.1559 -82.0642 -12.7037
-17.3722 7.60992 -0.688715 -88.4136 -43.1619 -24.761
-17.3538 9.19692 0.187429 -86.9991 -15.3984 1.66675
-16.5931 -1.31778 0.250526 -21.702 -168.703 -7.85182
-16.6457 -9.73106 -0.951751 -27.4598 -86.9062 31.9675
-16.6063 -9.44996 0.174973 -26.3052 -87.3698 -18.8869
-17.087 7.37276 -0.620195 -75.0106 -18.9088 -74.1478
-17.154 8.94945 1.52101 -83.2048 -8.83258 -71.0457
-16.391 -4.61776 -0.187651 -8.04315 -137.26 4.48113
-17.1593 9.84345 3.44743 -98.5953 -33.92 10.0993
-16.2157 -2.11701 1.12478 -5.05179 -109.924 -79.247
-16.6438 -10.213 -0.400856 -47.9073 -56.2967 -7.88041
-16.1062 -4.40802 1.60912 3.14234 -137.151 -93.0888
-16.8738 5.19761 -2.24751 -74.1492 -24.5994 67.1717
-16.0212 -4.22736 -1.35083 2.71258 -145.166 67.9517
-16.9314 2.33932 1.45565 -88.9136 -58.9408 -24.0683
-16.9188 10.9588 -0.535369 -92.5942 -8.36259 1.53516
-15.9122 -3.23418 0.177317 1.23843 -152 -12.3881
-16.5577 0.558347 1.66381 -62.9688 -99.3837 -75.8885
-16.0054 -8.31196 0.907202 -10.7015 -113.537 -76.7953
-15.9593 -11.9453 0.6313 -7.25437 -110.537 -16.4926
-16.0429 -13.1363 -0.792287 -16.5985 -93.3205 38.5756
-16.4941 1.78824 2.11299 -63.1919 -34.5257 -118.216
-16.6924 5.7594 -0.190411 -83.742 -156.311 -9.11228
-16.3285 -1.04668 2.84062 -50.3616 -82.374 -168.08
-16.5065 5.97043 0.592402 -68.2623 -31.1522 24.6026
-16.6239 -1.90448 -2.81291 -80.8728 23.6236 -4.74104
-16.2927 1.46765 -0.337391 -48.2096 -146.758 32.5291
-16.4045 2.65755 -1.12768 -63.6445 -82.1031 58.0833
-16.267 -4.86419 -2.87171 -50.9821 -53.7351 138.173
-16.5167 5.06827 0.977624 -77.1255 -140.706 -42.5029
-16.2594 5.64037 -0.831943 -52.3328 -66.0304 115.759
-16.638 8.00756 0.321907 -91.4961 -52.7216 -35.0447
-16.7487 6.09249 -2.17347 -104.317 -29.2975 -19.9671
-16.1489 14.8203 -1.79904 -47.1177 23.4573 -93.6894
-16.6667 7.22584 -0.0211355 -100.127 -76.0219 38.9938
-15.5177 -11.3257 0.757442 12.7721 -122.659 -25.5321
-15.2537 -8.10699 -2.20743 38.2165 -64.0215 96.6189
-16.4505 9.20039 0.438002 -81.824 -10.3698 -65.6982
-15.5427 -6.10333 0.0812205 7.91471 -132.827 12.2565
-15.5554 -2.52746 0.445576 4.75012 -181.748 -26.908
-16.3526 4.24447 0.986198 -75.4994 -97.3537 -43.0848
-16.0498 1.71654 -0.277117 -47.1046 -159.272 29.0332
-15.8116 -4.1239 1.79721 -23.5537 -110.929 -100.568
-16.2468 -8.90691 0.105057 -67.2 -41.47 5.3371
-15.9911 -1.95505 -3.65529 -48.7302 -55.8122 154.224
-16.1257 1.54024 2.04966 -62.2473 -75.2133 -79.6494
-15.662 -24.9973 16.1104 -17.4715 -196.706 32.7344
-16.2439 4.68687 0.105159 -75.7226 -80.0164 -11.0786
-15.2458 -21.6491 -7.78568 22.3463 -5.47207 116.163
-15.2404 -4.4258 0.338559 21.2051 -238.553 70.797
-14.8072 -9.81044 0.609652 57.8029 -145.579 -36.9661
-15.672 -2.35305 -1.43659 -30.1512 -101.553 83.6625
-15.7955 -8.27534 1.27211 -45.8655 -52.1537 -51.1805
-15.9826 3.54039 -2.05487 -64.6613 -22.2595 106.563
-15.934 2.2651 1.76097 -61.0526 -62.5961 -98.9555
-15.2474 -3.52608 -1.34538 7.09429 -163.248 67.951
-16.1583 7.28647 0.96736 -87.4094 -47.4385 -19.0631
-15.6671 0.83873 -2.31932 -39.6676 -109.498 139.695
-16.2246 5.92778 1.85961 -97.9242 -27.2521 -112.621
-16.1119 8.33263 0.751454 -87.2146 -35.0845 -46.0797
-15.1854 -7.24653 -1.96814 4.42329 -133.157 81.4761
-15.7289 -2.73247 1.75357 -51.8248 -89.6049 -88.2192
-15.3391 -6.72017 0.699222 -13.558 -105.043 -21.1543
-15.9868 0.957285 -0.833786 -80.018 -117.61 44.0959
-16.1463 8.56924 -0.0668654 -96.4231 -119.867 -5.32599
-15.4905 -1.72974 -1.84817 -31.6785 -133.289 106
-15.3391 -12.5976 4.55956 -19.3585 -275.947 12.8814
-15.7831 2.47797 -3.259 -66.1912 -86.2068 170.941
-15.2152 -10.2241 -0.272753 -11.4668 -96.9133 22.6766
-15.3455 -7.40489 3.21882 -30.6072 -77.4534 -157.868
-16.1874 9.32181 -1.29946 -115.191 -102.684 42.5047
-15.9371 6.93974 1.66183 -91.2394 -87.4589 -53.2232
-15.6786 3.29728 -0.36436 -69.2411 -130.914 13.4974
-15.9115 6.61176 -0.70889 -95.279 -120.152 41.9088
-15.3538 -6.11775 2.76025 -45.5194 -47.4849 -155.757
-14.4433 -12.092 -0.815951 42.0466 -132.648 57.7829
-15.9443 16.7761 0.12355 -107.114 -129.115 -15.1076
-14.1146 -8.73426 -1.82284 71.5071 -157.445 95.6168
-15.6206 5.18839 1.483 -80.0686 -153.578 -70.4954
-14.5832 -10.8209 0.961754 20.3714 -113.548 -56.248
-14.4738 -6.72028 1.13576 30.4427 -139.879 114.894
-15.8441 9.67682 0.111084 -106.698 -74.3022 15.1711
-15.851 10.5589 -1.45703 -107.481 -49.1745 85.2087
-15.8581 -1.73727 0.442428 -111.914 17.3466 -1.21597
-14.6081 -5.29918 -0.635357 11.0318 -146.626 50.1623
-15.2763 1.73507 0.417989 -55.8353 -157.892 -9.28475
-14.4 -12.459 0.81693 29.5905 -123.419 -30.8597
-15.0027 2.1059 -0.146975 -30.5013 -175.184 20.8378
-15.5637 0.105849 3.39099 -86.2626 -102.296 -3.25308
-15.244 9.28289 -1.43676 -67.3789 15.3073 53.7363
-14.9289 -13.2795 -0.514211 -37.6894 -69.786 37.4681
-15.3816 5.24213 1.41815 -82.7815 -117.487 -82.2796
-14.1348 -7.07456 -0.332841 40.2114 -160.791 36.0277
-14.6202 -7.70944 -0.432265 -8.12841 -100.395 15.4173
-15.4408 6.9314 -1.94633 -92.1864 -134.503 54.1151
-14.4624 -13.4015 -0.381613 4.14908 -102.803 34.8575
-15.4653 10.5281 0.551101 -97.455 -27.9957 -55.545
-14.7312 -0.149708 -3.6832 -26.7183 -138.034 160.14
-15.5527 9.10756 1.1655 -109.107 -79.1286 -37.014
-14.9821 16.6859 5.19308 -64.6139 -58.1905 -67.122
-15.0032 10.6803 0.586066 -74.699 8.58561 -10.421
-15.1177 5.9489 -0.807832 -87.0471 -96.9105 47.1119
-14.6762 -1.09557 -9.2905 -43.861 -90.733 51.6499
-14.8342 3.40844 1.20624 -62.9912 -128.573 -68.5825
-13.9057 -6.80795 -5.09509 27.5342 -138.879 143.834
-15.4958 14.6331 -0.481473 -133.106 -204.927 3.23348
-14.334 1.9225 -6.15152 -21.2616 26.4138 6.88425
-13.7976 -7.83316 -0.52618 30.7377 -134.11 35.3477
-13.6746 -6.70126 1.79499 38.9851 -154.464 -56.0513
-14.1148 -13.2042 -0.664891 -4.78729 -90.3131 24.1882
-14.3531 -15.2039 0.0625475 -28.4959 -68.7461 -10.7214
-13.7995 -9.76663 -1.42895 25.5044 -127.507 74.0431
-13.8434 -8.43126 0.562741 15.2447 -115.571 -23.7189
-14.7709 13.6802 -0.0851237 -77.7034 23.3851 -3.76057
-14.9718 11.4514 2.57292 -98.8783 -18.4906 -117.959
-13.5807 -6.12537 -0.212362 38.4134 -147.019 -140.795
-13.3677 -12.7455 1.34533 56.3954 -127.711 -90.2711
-14.3729 2.73626 0.838422 -43.8667 -208.076 -51.9359
-12.9971 -34.6941 14.6014 88.9653 -100.343 -12.0779
-13.3991 -13.5418 1.2235 48.3858 -128.505 -16.6312
-13.487 -11.2399 -0.153705 35.6208 -119.136 -2.4629
-13.1291 -7.83508 -1.54609 66.929 -161.814 80.8115
-14.4676 9.23337 0.108707 -70.5698 -73.5117 -69.027
-14.7455 7.35335 -0.896772 -99.3902 -127.114 83.7595
-14.1288 -12.746 -0.636933 -40.3291 -60.6928 43.687
-13.8684 2.31543 1.03126 -26.9127 -181.906 -44.2455
-12.8447 -10.8304 1.23001 73.618 -138.815 -6.68404
-14.5783 8.71089 -1.8254 -98.7158 -57.6235 118.828
-13.7496 -9.53546 -2.56289 -29.498 -63.2226 134.027
-14.0265 9.58643 1.85448 -58.8243 24.5124 -113.599
-12.6484 -6.93395 -0.756746 77.959 -177.054 38.0623
-13.6309 1.32349 -0.250831 -20.009 -195.326 28.2971
-14.1506 4.71419 3.12271 -72.0073 -102.945 -174.569
-14.3745 13.9727 -1.61803 -94.3637 3.1999 79.6722
-13.0919 -0.78608 -1.84825 31.2232 -215.587 98.3797
-13.6642 1.48343 3.73059 -29.9386 -136.069 -191.205
-14.3656 8.09699 0.700034 -102.929 -100.685 -53.6401
-11.8345 -12.323 -0.370998 147.583 -95.9018 58.3719
-14.0099 3.7396 3.05105 -70.2599 25.2854 -79.3212
-14.0329 11.45 2.9173 -76.3766 9.36386 -75.6967
-14.095 -4.36422 -1.24503 -85.9718 47.7296 -64.3732
-12.9514 -11.0279 -1.71152 24.0761 -112.254 82.5512
-14.0238 5.83018 0.887629 -84.0753 -96.7668 -95.3147
-12.3326 -6.80499 1.20013 81.5847 -165.173 -68.2811
-12.9737 -8.29777 -3.13793 15.744 -114.963 157.283
-12.6021 -7.96342 -2.46083 50.1621 -144.022 130.631
-14.1135 7.84511 -2.02522 -104.51 -111.813 140.457
-13.8615 9.69988 3.64202 -82.7502 -14.7047 21.5488
-14.2679 11.0938 -0.628325 -127.3 -79.2437 9.57393
-11.8458 -11.4823 1.80941 104.497 -136.623 -73.666
-13.8007 9.76847 -2.59009 -96.7018 -49.1821 126.673
-14.0319 10.4387 1.71473 -120.194 -89.3458 -87.8562
-13.5862 -0.205149 -5.98615 -78.297 -73.2943 -62.3489
-13.8428 8.05906 -1.65758 -104.153 -109.078 75.0869
-13.5846 10.6017 -0.519678 -86.0104 -16.2731 -17.8308
-12.553 1.28524 -0.257269 13.7666 -243.921 18.1759
-13.6807 9.35367 1.50687 -98.7875 -52.2605 -76.7979
-12.4271 -10.5865 0.672747 25.1595 -105.286 -46.688
-12.9699 1.17173 3.5608 -48.9318 -14.4462 -196.271
-11.9303 -7.62073 -2.3982 53.5323 -126.4 127.428
-12.6124 -13.4468 2.03242 -18.5467 -71.4677 -15.2246
-13.4508 8.39132 -0.604864 -104.892 -93.4249 28.3867
-11.8151 -0.846022 -2.19435 56.927 -206.905 115.638
-11.9096 -5.58859 -2.17278 41.5402 -142.417 153.969
-13.5489 8.8936 -0.546792 -124.27 -51.243 -10.4281
-12.2757 -11.6302 2.98566 -3.61427 -80.9711 -150.317
-10.8513 -12.7493 0.239552 134.937 -142.799 -8.34498
-11.9003 -14.1116 0.643487 29.5135 -104.811 -83.8134
-12.0623 -1.87921 2.92116 12.7632 -175.578 -162.999
-11.7011 -13.3433 1.27213 43.6842 -111.301 -116.035
-12.7597 10.6863 4.62545 -68.3352 -179.154 -264.428
-12.915 -6.17516 -3.02126 -86.7615 -160.682 48.2447
-12.1672 -11.6351 0.68709 -13.6526 -74.0694 -47.8508
-12.9203 14.0188 -0.29309 -93.3313 6.14354 86.4787
-13.1375 11.0573 1.7556 -115.259 -52.2484 -75.5086
-11.2182 -22.0356 -3.79049 73.8972 -34.1693 23.3072
-12.8084 5.54244 -2.36925 -88.2216 -105.821 131.616
-12.074 -5.71632 -3.33207 -18.6553 -63.9081 194.703
-12.9019 9.34716 1.64209 -106.038 -70.9263 -84.3691
-13.1137 11.7434 -1.89164 -128.344 -79.6267 89.8724
-12.3148 3.29315 0.659773 -49.5034 -230.657 -24.977
-12.1428 -2.60901 -4.33843 -36.8381 -39.441 240.357
-11.5339 -10.2965 -3.3957 20.8107 -90.103 164.001
-12.6307 11.3487 0.45305 -97.6776 -26.5151 52.9187
-10.9608 -15.9623 1.34239 62.1995 -112.555 -67.5269
-12.8363 10.1033 0.114456 -129.127 -101.487 -1.1497
-10.1369 -11.65 -1.13053 136.628 -128.117 65.7669
-10.8856 -12.1275 -0.535337 48.4489 -107.13 53.793
-12.2523 14.2437 -2.08974 -98.9772 -2.17305 96.093
-10.4587 -10.6564 0.257843 76.222 -180.707 23.1141
-11.1362 -12.4516 -0.693028 6.6741 -84.3354 81.6525
-11.9596 15.6835 2.72596 -90.6776 21.5789 -81.9313
-12.388 11.3593 -6.49977 -133.561 -273.702 297.167
-10.9754 -10.366 -3.44369 -2.69158 -73.5776 198.133
-12.2203 11.2768 -2.27276 -128.253 -74.7182 79.3193
-10.0755 -15.3877 -2.13106 81.5006 -119.252 45.7518
-9.7927 -5.75278 3.08119 108.963 -141.256 -182.081
-9.92366 -28.5565 7.45283 91.21 -31.1937 -74.9637
-10.7295 -13.2807 -0.366909 11.004 -86.2123 -25.2812
-12.0381 12.4415 0.643669 -119.538 -55.1908 -17.6441
-10.6815 -13.2789 0.89409 10.4106 -82.3768 -22.6174
-12.0644 10.3345 -0.39942 -142.255 -129.693 26.6269
-11.6075 8.75752 2.32059 -97.457 -61.6441 -138.467
-11.296 12.4617 -1.87012 -72.3816 15.4123 85.952
-11.4381 16.8763 -1.94684 -93.9576 26.378 2.98977
-10.688 -4.86978 4.11248 -24.289 -178.99 -6.56824
-11.6631 12.3192 0.0153837 -121.627 -52.4541 -22.8202
-11.4887 16.1194 0.278866 -105.711 3.11516 35.8134
-8.91493 -6.08291 2.54514 147.696 -145.346 -165.093
-11.586 15.4466 1.92484 -124.882 -19.1457 -30.325
-10.4152 -13.7359 -1.28317 -11.5772 -69.1952 24.1277
-10.9992 14.7342 -3.53986 -80.9784 64.8744 54.5875
-8.81017 -9.39167 -2.53317 136.075 -119.422 141.33
-8.90775 -13.7973 -0.56718 125.813 -116.066 27.6522
-11.1028 13.2378 -0.138368 -99.0688 -10.479 -8.62244
-7.85971 -3.98986 -0.998379 220.342 -168.855 47.6388
-11.2475 20.5387 -1.03111 -128.599 -125.463 15.0628
-8.87463 -12.0552 -2.21603 105.161 -118.15 63.7576
-9.10545 -16.6815 -0.609667 76.4471 -104.403 29.427
-9.2384 -20.2505 -7.24767 62.8203 -82.2844 -2.22021
-11.1754 13.4272 -0.225064 -136.773 -55.4623 45.8415
-9.26022 -16.5221 -8.43575 52.342 -100.435 35.516
-10.6261 14.989 -2.8403 -94.151 13.4574 115.686
-8.56197 -15.2271 -0.396907 110.841 -110.373 43.1217
-9.16226 -9.19665 2.81777 48.8655 -189.866 -56.7293
-10.6956 8.65334 -2.49559 -103.56 -99.5268 139.959
-10.3778 17.7189 -0.363085 -73.0104 -107.851 7.69676
-10.2205 18.3195 0.820591 -71.4172 47.7943 -18.1938
-9.55881 -7.74396 4.18733 -9.731 -59.9742 -230.474
-8.46834 -36.2526 4.36736 95.3948 30.4736 -121.755
-8.85489 -20.5924 -1.44783 51.3459 -54.46 9.63082
-8.80378 -14.38 -1.79817 50.3102 -96.2101 33.3573
-8.35668 -11.7412 -3.02546 92.3456 -103.746 110.098
-8.82261 -13.7788 -1.53144 35.8991 -62.6919 89.0201
-9.0338 -14.9146 1.96794 11.3611 -82.7214 -122.505
-8.32543 -2.65711 -6.45674 81.2176 -198.33 14.6732
-10.2704 18.2564 1.48022 -112.394 -83.9699 -159.759
-8.89758 -17.6258 0.0685906 21.8982 -89.7634 -30.0036
-9.94845 11.6466 2.87954 -84.8559 46.751 -73.8635
-8.98233 -14.7001 0.401205 10.5478 -78.4112 -16.9046
-9.65356 5.8956 2.31791 -77.3838 -210.838 -129.454
-8.01863 -24.3277 9.94465 78.6587 -93.9298 46.5582
-9.74594 13.9293 3.23284 -104.197 -9.14008 -119.074
-10.0032 -2.80931 4.35976 -133.03 7.1679 -83.4207
-7.9497 -14.8564 0.876697 59.6872 -92.2946 -51.0161
-8.33895 -13.3689 1.74146 19.7656 -80.7542 -108.698
-7.7609 -15.1643 1.23155 73.7865 -96.5383 -45.8577
-9.83015 12.6178 2.87015 -144.282 -70.9526 -125.493
-7.2567 -12.5922 -2.5724 110.393 -176.015 111.384
-7.2672 -18.2996 -3.42745 98.7342 0.949885 153.938
-9.7663 14.935 0.544897 -151.757 10.406 14.913
-9.42966 8.0638 -0.106428 -122.894 -194.365 -5.3978
-7.36869 -17.1588 0.494674 76.365 -91.0998 -25.6033
-8.91767 12.0242 6.04944 -78.8627 48.1008 110.73
-8.12832 -13.3859 -1.84298 -2.15504 -91.3667 103.632
-6.94232 -15.1935 -1.02678 96.613 -61.5618 54.5823
-9.0842 7.0761 5.34911 -119.064 54.7093 73.7801
-6.40859 -15.3328 -0.349501 137.723 -93.0839 -16.5617
-6.31498 -12.9404 -2.93632 145.121 -90.5676 145.065
-9.07784 12.7738 1.175 -129.809 -45.4378 -61.6512
-8.59227 12.3633 4.35595 -89.481 -1.86472 -198.096
-9.28545 13.9839 1.1547 -161.325 52.1004 -8.8456
-7.10475 -17.7715 1.1112 41.9669 -91.0153 -98.1211
-8.85095 13.051 0.33964 -131.882 -43.0014 41.9402
-8.38354 17.3833 1.46185 -94.7919 8.05463 -30.231
-6.20044 -14.3907 0.281165 120.435 -85.579 -31.3223
-8.02236 15.2418 -0.295961 -62.8662 27.409 44.7148
-5.66572 -26.089 7.278 164.169 15.5473 -57.7083
-7.37986 -16.2366 2.0962 -10.4707 -66.8707 -81.9195
-7.96437 16.8297 1.79585 -73.2989 38.9679 -9.89831
-8.93256 15.6 -2.07641 -172.452 -54.9299 155.887
-8.02204 11.989 8.77059 -83.3515 26.5914 62.6069
-8.5182 14.3065 0.65001 -143.147 -47.3446 4.89899
-6.28097 -11.1641 -1.23543 73.7686 -179.262 98.6762
-6.86553 -16.6522 2.93689 13.3805 -126.49 -71.5289
-8.15333 10.2282 -4.62646 -114.846 -54.7182 190.308
-5.73044 -1.43864 4.44754 117.331 17.3083 147.733
-6.3395 -15.3878 1.72316 54.221 -80.0477 -94.3247
-5.9965 -16.754 2.9074 76.9034 -67.6018 -87.4003
-4.88089 -14.7853 0.373722 175.859 -73.3983 -45.606
-5.95602 -15.1257 -2.04816 62.9416 -49.197 -76.6963
-7.19391 17.1961 0.652554 -60.9378 45.6876 -4.28732
-5.59203 -15.4658 0.279687 74.1903 -79.7538 -32.2137
-5.92034 -11.7336 -2.72989 36.091 76.621 -156.832
-7.43569 9.5089 3.32883 -114.886 -64.8765 -186.026
-5.42303 -8.26375 -10.9747 81.5788 -76.4822 24.0707
-7.97071 13.3506 0.625046 -176.894 -90.4992 -31.7829
-7.80506 14.041 0.325706 -163.212 -55.9009 23.2958
-5.85508 -15.8983 -0.738842 21.2464 -73.1811 39.5884
-5.70701 -18.8167 0.302533 34.1727 -82.7735 -36.8765
-6.51045 16.5121 1.30563 -46.433 47.8782 -49.7636
-7.74521 11.6847 1.84499 -171.261 -119.467 -106.006
-5.94937 -15.0105 -2.34453 5.13628 -116.361 241.776
-4.13899 -14.3169 -1.32092 176.888 -71.9833 102.358
-3.9396 -13.9914 1.01985 193.404 -45.8625 -76.0255
-6.48245 14.9918 1.99114 -78.2708 25.0424 -117.076
-7.04274 15.8338 -0.0983857 -134.633 14.9816 44.1507
-4.79208 -17.2419 0.624308 80.2819 -81.8418 -12.5467
-6.95764 14.0264 1.33405 -140.624 112.783 -71.5935
-5.75142 6.37353 9.71981 -22.8676 112.893 -47.1022
-6.11349 -9.75884 10.8763 -63.8008 -30.9737 31.244
-3.34453 -11.908 2.65002 208.274 -37.1096 -136.787
-6.32115 18.5042 -8.63029 -98.6657 5.18237 128.955
-3.57648 -16.1359 1.22134 170.239 -60.9098 -90.3394
-3.54551 -15.6094 -1.16239 169.181 -65.6128 39.9332
-6.46643 14.7599 -0.300951 -126.954 -6.04765 36.5487
-4.36931 -2.8031 -5.86655 79.4755 -6.57312 -155.362
-6.63554 17.9714 -0.354804 -151.778 -130.628 37.5703
-3.42377 -12.8241 1.70029 166.845 -51.3863 -111.563
-3.89962 -15.3274 -1.03444 119.545 -72.6391 30.1669
-4.38613 4.76348 -1.75619 69.8912 -185.477 22.6996
-3.7362 -12.4254 2.64809 128.404 -56.7421 -165.149
-6.77723 13.4058 -0.854073 -176.644 -72.5105 84.5088
-4.33789 -19.4839 -2.40874 58.6749 -84.0042 60.7418
-3.04681 -19.1111 -1.48065 181.964 17.0529 -22.8939
-6.04966 13.8248 -3.00142 -118.644 -6.75558 182.142
-5.44598 15.5154 -1.17559 -69.9239 34.2847 69.3481
-5.42927 11.617 6.46991 -68.8233 88.5868 -116.052
-4.21701 -17.8527 0.999229 46.3967 -66.6886 -32.2119
-3.10439 -32.3055 5.38696 156.349 -202.144 121.161
-5.51342 19.8416 -1.40424 -83.4369 52.6268 44.382
-3.41033 -18.1928 0.655135 124.853 -79.6974 2.70109
-5.65657 15.8759 -0.837404 -99.6742 20.1192 73.6648
-2.71217 -15.3304 0.548199 179.747 -136.078 -0.433638
-4.18409 -7.82288 8.70493 33.4231 -151.139 -91.8227
-5.89573 11.7503 -3.81466 -137.964 -34.3266 141.595
-6.24475 13.5021 -0.0937054 -174.437 -56.4902 -68.7848
-3.8494 -16.2281 -2.67506 61.6784 -70.2891 86.9543
-4.02682 -20.4891 -1.05394 33.4231 -83.0694 -16.2584
-2.67873 -0.772692 -7.63462 160.279 104.516 -5.57053
-5.66983 17.6702 0.847531 -138.468 8.23409 -15.2646
-3.8726 -17.0722 0.891793 34.1016 -69.3803 -27.5527
-3.32186 -16.6354 1.37238 79.7241 -83.5584 -103.147
-3.84181 -17.6015 1.18873 25.0458 -79.4308 -43.1903
-5.39827 13.4353 2.69958 -134.955 -17.3949 -128.785
-1.66256 -18.4066 0.874255 223.919 -99.2191 -58.4269
-4.75407 19.6392 -0.308988 -102.488 45.2681 -10.1764
-3.40289 -17.2458 -0.603501 28.6551 -71.2831 -29.1959
-2.56377 -19.431 -0.420262 110.169 -74.0063 -5.93828
-3.10867 -19.6844 -1.761 51.617 -79.4288 62.6686
-4.93925 18.0162 -0.66394 -137.765 21.8057 0.381653
-1.58302 -16.7934 1.75299 171.951 -42.1487 -60.8581
-1.71248 -12.9137 3.64762 158.982 -30.4026 -171.964
-4.05451 16.4647 1.3382 -82.7665 39.7779 -95.462
-2.22695 -20.2145 -0.108036 90.7303 -71.5344 -23.9642
-1.8914 -13.5759 -1.77105 114.57 -161.949 31.0459
-4.40549 16.7796 -0.550695 -136.917 15.416 -3.15119
-4.1758 18.7615 -1.26514 -116.118 38.0378 43.1678
-2.11129 -17.3505 1.09665 88.7806 -62.6375 -85.2829
-4.41256 19.4846 4.88148 -141.405 5.60836 17.1964
-2.08105 -18.2123 1.04406 85.7111 -70.7552 -83.8228
-4.63671 9.47426 -6.74884 -172.073 16.2798 56.4288
-4.32624 15.1984 -1.7092 -142.849 80.011 99.4218
-3.30414 19.0649 1.38281 -45.5754 61.3667 -55.3096
-3.06047 16.7256 -2.58072 -27.3383 34.2907 157.378
-1.94972 -17.1253 2.25145 80.3063 -62.748 -147.792
-1.91374 -15.9202 -2.68369 80.1811 -57.328 122.48
-1.53515 -17.9721 0.465136 114.413 -61.5124 -53.9275
-0.646744 -6.22426 1.35501 199.266 214.495 -56.7982
-4.10403 16.5513 -2.12007 -145.267 7.998 82.9266
-4.16794 16.6931 -3.73633 -159.064 38.8229 193.673
-4.23108 17.5984 0.824539 -169.573 1.47332 -38.9588
-3.6136 24.7711 5.33839 -111.209 -152.891 -124.894
-1.97699 -17.5745 1.0164 49.3015 -70.6867 -18.4797
-3.3161 6.03354 -1.11384 -87.5706 -165.583 -46.3845
-2.23864 -17.9128 1.33233 15.4324 -66.7142 -102.459
-3.79008 16.2543 0.152022 -156.165 8.92033 -40.1263
-0.598707 -14.8142 1.61553 159.694 -25.5727 -137.773
-3.26954 15.9397 -0.723586 -111.882 27.0007 18.9726
-0.703415 -13.6269 3.28037 139.937 -36.0631 -138.27
-2.80636 20.0434 -0.412102 -83.0261 58.7106 43.2455
-0.98807 -18.3988 0.228027 94.6433 -62.4973 -0.965662
-3.78698 18.0229 1.03609 -189.17 -37.8184 -53.0672
0.054894 -14.7282 0.131268 189.401 -14.1218 30.5846
-1.36686 -20.4355 -1.29319 43.5538 -77.5163 40.0664
-3.01997 16.1454 1.51413 -125.856 15.8461 -105.489
-0.829464 -17.6285 0.681623 84.3068 -59.9723 -26.118
-0.457282 -16.8942 0.484855 111.786 -48.5655 8.49089
-1.0536 -17.9411 1.43166 47.6999 -66.2917 -55.6381
-2.74234 16.3566 -2.76295 -120.974 -30.914 -72.644
-1.70299 18.6783 -1.22921 -23.5836 67.8008 63.2041
-1.70234 19.8186 -1.8125 -30.6524 71.3607 94.7121
-2.91378 17.8821 -0.745034 -161.31 13.5278 16.6286
-2.75516 16.4892 -2.09078 -147.013 18.6023 91.5473
-0.840257 -19.1908 -0.941879 35.4243 -71.0076 75.0274
-0.020389 -14.8116 2.81836 112.026 -42.2878 -109.485
-2.89456 13.7951 -1.74826 -174.104 -31.1595 117.981
-0.412649 -19.4311 -1.38343 65.7362 -68.6004 87.3635
-0.8388 -18.8655 -0.655074 17.2593 -69.0716 7.74394
0.781336 -14.7922 1.00297 177.232 -10.8749 -87.6081
-2.39862 14.5265 1.68136 -140.177 8.98657 -114.058
1.18484 -15.044 -1.20729 195.059 1.52175 68.8711
-1.62004 15.183 -3.17126 -97.1657 34.6577 150.519
-2.03934 7.06595 -4.01593 -139.339 151.503 35.7873
0.440544 -16.9989 2.11268 103.436 -49.3247 -64.585
0.625175 -16.462 -1.10754 119.67 -40.0522 63.6315
-0.681027 17.8737 0.282966 -13.6813 65.2206 19.9533
-1.00393 30.2182 2.05032 -46.514 269.832 10.4796
-1.87749 33.29 6.35773 -133.675 154.15 106.557
-0.930077 17.4455 -2.53416 -57.6866 60.8032 134.441
0.137932 -19.9623 1.31002 37.018 -71.74 -58.8091
0.720055 -15.19 1.31821 93.2087 -39.4752 -123.66
2.16792 -18.7768 4.36478 236.618 -101.95 21.2485
-1.83368 14.9074 -0.945425 -164.957 5.39812 31.6476
-0.10552 -18.9023 0.0241886 -2.81505 -26.6443 66.6379
1.52192 -17.707 1.63382 155.403 -29.6836 -68.8101
1.07929 -17.8154 -2.01888 108.772 -50.4678 113.51
0.978757 -15.855 1.52489 95.6434 -43.8966 -79.6712
-1.23884 17.7855 -0.166894 -130.053 47.9743 4.53917
-0.603853 20.2305 2.03122 -71.8798 68.5075 -40.716
-1.34436 13.2915 5.20403 -148.009 34.87 -142.521
-0.799679 17.5077 -1.00692 -104.738 51.0877 6.36373
-1.0467 16.2259 0.496313 -139.457 29.4945 -50.306
0.248176 0.0954461 0 -13.5002 0.350921 0
-0.994325 16.3855 -1.10933 -141.251 61.7636 77.7385
2.36261 -15.4044 -0.468252 192.003 21.9254 26.5088
-0.274265 16.8905 2.00601 -72.3732 55.5753 -50.9614
-0.23438 17.8968 2.19427 -79.7349 58.7939 -57.7431
-1.09675 13.8687 1.38902 -178.979 -21.1021 -90.0871
1.1682 -20.4761 1.39809 43.0361 -72.7721 -33.2148
-0.287028 17.1611 0.55043 -108.35 97.6896 -16.5896
1.89907 -14.0092 -4.25287 107.64 -20.8409 199.619
0.993512 -17.7094 1.21274 16.3699 -63.44 -11.6309
-0.633388 11.9685 7.29852 -154.991 68.4361 -24.6601
1.63512 -14.9181 6.00562 63.4389 -53.55 48.5731
1.59009 -23.6913 0.232036 49.7751 29.0421 -6.76152
2.33839 -17.7282 0.765397 110.662 -43.6566 5.00732
0.161918 16.0084 0.880522 -118.681 39.195 -32.8703
-0.107578 14.25 -1.84293 -163.615 11.9143 80.1389
1.60413 -18.1961 -0.0159294 5.23871 -14.8636 25.5843
2.62364 -4.00046 -9.23637 92.3241 -67.1059 -95.4665
3.12084 -14.3409 -3.1336 141.499 -4.36092 163.425
1.68671 16.2565 0.472588 -3.58675 -32.3769 0.947607
2.82634 -10.0498 -8.77486 106.388 98.3733 -20.4005
0.994353 18.4232 -0.438006 -89.8636 64.197 40.012
3.80079 -16.6672 -1.31245 186.496 14.523 23.71
2.79639 -16.4618 -1.2831 70.2295 -46.7801 113.397
1.69222 17.9909 -1.85118 -50.3078 70.048 60.3095
3.67059 -18.6998 0.322993 145.934 150.936 -7.99503
0.324465 14.6406 -0.0461143 -190.654 7.09207 -18.0233
1.21129 19.1508 1.90875 -103.102 67.4757 -86.9949
1.85647 17.4868 -1.10832 -42.6875 63.6311 37.3207
3.71893 -13.5937 3.18129 140.872 -152.547 -173.252
1.72522 14.7581 2.15278 -59.5693 58.3324 -150.272
3.4333 -16.4912 -1.95653 108.553 -32.4531 110.069
3.34295 -16.478 -0.649868 93.9396 18.0462 -48.6356
0.50292 11.0581 2.04868 -191.604 -63.631 100.939
2.49463 18.9193 0.440724 -8.5051 70.4305 9.99882
4.44621 -13.6673 -1.018 180.514 44.9083 61.2587
3.23707 -17.1136 -1.48105 55.9593 -52.4352 126.068
1.60029 15.225 -0.755977 -118.551 115.815 56.0564
2.27134 19.7489 0.357375 -57.3885 77.5212 -45.5087
4.57807 -13.914 3.07002 165.434 -29.1459 374.319
3.58264 -4.45615 -4.30615 65.2523 143.625 247.435
4.67245 -15.5624 0.603153 171.151 23.3596 -17.5321
1.28414 16.2574 0.0292979 -170.138 50.8601 -4.75338
2.14213 18.29 0.46406 -88.2464 69.3378 -43.3363
4.78934 -20.2395 -6.21795 174.305 100.385 217.972
3.71684 -20.004 -0.214833 67.7345 -62.9505 -3.32928
1.33424 14.5881 -1.93528 -171.544 26.1114 118.81
3.07962 18.1626 0.849741 -2.3937 69.5907 -75.1789
4.29819 -14.4714 -3.98527 116.887 -8.38795 174.265
2.39552 16.9719 1.22789 -73.7639 61.1195 -89.0725
2.22799 17.8475 1.59741 -93.6684 65.1283 -104.507
2.76556 14.9 2.33964 -46.755 102.826 -95.6094
2.45233 20.4127 -1.51971 -86.2612 7.59859 47.1775
2.52989 15.9188 -1.36997 -100.645 62.9442 38.7473
2.10328 17.788 1.38788 -146.605 -13.7513 -61.707
2.70726 20.891 -9.50678 -90.4585 102.432 -210.898
2.77153 17.6952 -0.795869 -88.2239 122.852 18.6988
4.91346 -17.4625 2.23327 116.75 -27.8068 -120.242
4.00238 -17.7501 3.35046 24.8815 -62.5349 -134.685
3.1868 16.9829 -1.74425 -58.7715 66.7196 125.487
4.23636 0.569821 11.6699 38.5248 111.648 24.4737
5.47683 -17.1941 -0.526047 143.185 4.67235 23.332
2.84722 16.5802 1.25457 -129.394 57.259 -84.5513
6.02976 -13.6883 -0.723161 185.697 55.4652 -2.15089
4.82078 -17.8459 3.42641 54.9752 -58.3088 -18.0499
3.99155 20.4536 -1.15737 -30.4191 83.186 30.2187
3.16302 13.3713 -6.56798 -119.462 98.1899 53.5426
5.35511 -17.5454 0.267657 96.3279 -32.4708 -13.3057
5.0448 -20.3057 -7.0335 64.6834 -54.6022 46.754
4.54136 -6.51571 -5.21846 9.83706 108.992 -40.4432
5.24694 -16.2914 -0.796609 79.484 -33.4398 35.0862
5.14693 -15.2252 -1.04632 67.136 -56.0301 59.1331
4.30285 20.4137 0.38285 -17.5739 18.8748 9.15873
3.28242 17.4683 -1.15757 -120.366 119.101 31.004
5.05153 -17.9895 -2.42258 53.8826 -55.9424 135.832
5.1743 -16.8983 -2.26524 64.9906 -91.8765 150.972
5.29819 -19.3088 0.413021 63.7491 -57.4694 -18.1309
4.33818 14.5774 2.47127 -32.7946 65.9707 -143.218
4.24887 17.6282 0.81736 -42.1454 76.3432 -25.2643
3.92229 -1.61648 -6.76 -93.3515 -90.1123 14.632
4.7461 18.0322 -9.31783 -12.7082 77.7726 34.2512
3.53814 2.98243 -2.67788 -133.256 -146.579 -15.8231
3.45502 14.3993 -3.10528 -154.372 60.1218 136.436
3.53316 12.9592 1.7998 -162.017 53.167 -127.103
4.71642 20.4132 0.426461 -46.2032 40.5943 2.84438
4.42554 16.8582 0.60902 -84.9045 81.0084 -60.4542
5.7634 -19.3696 -2.46066 35.1009 14.7737 43.9907
5.22301 12.5393 11.9024 -23.712 50.8939 -52.7223
4.87395 18.9537 -0.740653 -62.24 80.4287 60.9006
6.36111 -12.3109 7.09014 81.2751 -36.9098 6.92697
4.93059 18.2168 1.45219 -64.6998 178.767 -69.5844
4.68128 15.1844 -1.39436 -90.9424 70.8213 92.4802
6.62696 -15.0183 -0.194366 99.5421 -12.6384 -42.6053
6.37228 -15.7785 1.16608 74.1403 -34.9416 -86.0456
6.03577 4.01176 -0.573515 40.3441 -124.206 -102.799
6.60516 -14.7083 -2.47109 93.0538 -15.6638 82.1297
6.95974 -16.3365 1.17475 122.492 6.56548 -20.7315
4.83559 18.4762 -1.6573 -92.6014 86.5601 60.2661
4.66815 15.6355 -1.44081 -110.173 70.2081 53.1679
6.21767 -13.1363 1.47209 38.0401 -136.084 -52.4264
5.31418 18.1849 -2.59945 -59.2356 137.467 -31.9864
7.70355 -15.6061 -0.219207 174.111 53.1817 -35.9826
7.10851 -14.6776 -1.11358 101.71 -9.32424 67.3774
7.13727 -7.48639 -4.27634 99.5329 81.547 223.648
7.03027 -14.8299 -2.43198 86.6713 -19.0845 172.71
4.79759 22.6305 7.67986 -135.586 5.04377 -88.622
4.96804 16.9053 -0.487156 -118.987 42.3464 -1.99879
5.19643 32.8898 -3.3089 -100.42 71.1187 -79.0752
7.73262 -16.6059 -0.265019 150.846 17.3966 48.1597
5.51555 18.5844 -0.793859 -71.5391 -48.6217 34.5623
6.79473 -18.4957 -1.07707 51.9564 -56.3523 49.0618
7.92193 -12.2908 2.16929 162.69 87.8856 -67.5549
7.46707 -16.8455 -1.94359 111.212 -16.6985 45.9164
7.54405 -17.8102 1.24079 102.835 -24.4832 -49.0605
5.9146 18.5259 -0.783917 -62.08 89.8862 31.414
5.82141 17.124 -1.09148 -75.5789 87.6561 48.9479
7.92155 -14.0781 0.128636 128.442 15.4212 -52.1738
6.28137 14.956 -2.86807 -34.6385 75.8195 130.955
7.30397 -5.45306 1.07933 66.7551 255.605 -54.4228
7.79115 -17.0196 0.659344 101.352 -21.2377 -96.5749
6.87652 -1.28797 4.33107 4.92878 129.049 -249.186
8.08957 -18.0884 0.47083 122.049 -5.5515 22.8167
4.72644 -3.0665 -0.337411 -213.093 212.431 18.9648
5.27167 14.6662 1.14599 -167.293 74.9725 -53.3259
6.83097 12.1787 -3.74315 -19.4619 65.6726 178.343
8.68782 -12.8594 -0.333966 163.013 80.6539 -117.13
5.68669 13.7021 1.74765 -144.013 87.6461 -25.8275
6.32057 16.181 -0.503157 -83.9168 29.9729 14.2783
4.77974 6.42879 2.58755 -238.788 19.6491 -149.116
6.40167 19.1228 -0.484768 -79.7912 94.5506 14.7612
8.8113 -15.1325 0.541879 151.92 54.7091 -30.7184
8.33644 -17.8392 0.151014 102.124 -31.5395 -72.4411
6.13778 14.7545 0.704938 -123.183 88.066 -47.4585
9.07149 -13.1916 2.85534 161.047 77.3249 -99.6997
7.12254 -1.42272 4.88268 -32.6872 -112.988 18.3116
8.36225 -16.0973 0.949805 89.2158 -24.2274 -44.0901
8.07601 -15.7946 0.482693 59.8875 -41.0425 -83.9636
7.49549 6.43307 1.7829 -1.61583 195.81 36.5736
8.73628 -13.9468 -0.654158 113.597 -6.01011 -94.0974
5.60092 12.3055 -1.29922 -198.351 164.134 90.1029
8.60337 -16.8304 -2.05898 99.6556 109.236 57.1926
6.88384 16.7168 -0.699133 -74.548 98.9194 -1.76127
8.09276 -15.1327 -2.04621 43.3545 -48.8772 55.4081
7.06635 16.7355 1.42723 -71.1607 91.5584 -34.71
9.10575 -12.6266 2.04418 130.637 53.6736 22.0256
5.96359 12.5436 -0.964832 -183.27 90.8128 66.8217
6.16947 20.8421 -4.74662 -170.901 6.53283 -16.5703
8.2131 19.81 3.13819 21.5769 80.2115 49.1053
7.32 10.8867 3.4228 -69.5723 87.3417 -209.78
5.55214 13.5309 -1.58395 -250.841 213.873 118.721
9.39529 -15.8848 -0.951139 126.499 8.76036 0.245472
5.64467 7.47379 -2.09017 -246.679 -22.0923 35.8185
9.21464 -13.8238 2.54221 102.434 8.56122 -134.701
7.37219 17.1373 2.37502 -87.8692 89.5309 -82.402
8.07908 33.9237 -4.01934 -22.0297 268.944 -77.8401
7.39401 9.99083 -3.54828 -93.203 95.5347 170.837
8.48056 16.6695 -1.84579 11.3093 70.5807 66.4812
8.60999 15.3719 -0.936735 18.2904 11.939 49.1173
8.44377 13.89 5.09119 1.3954 78.1311 23.1232
9.22871 3.18567 1.05217 78.4612 -118.028 92.1435
9.99946 -10.6753 -1.83326 142.015 122.693 87.1051
8.39314 16.8986 -0.125825 -21.5674 83.4829 -50.2728
9.9346 -2.92985 -4.95714 121.594 -98.0958 22.9495
10.0633 -13.4275 -0.0987948 131.223 47.1569 42.8196
7.98122 28.5737 -10.4947 -77.4235 24.0756 33.6106
10.0216 -16.3131 0.302466 119.307 -3.99956 -70.1184
7.87421 14.3938 -2.97877 -98.8119 100.482 94.6111
10.3916 -10.758 -0.677622 143.258 112.115 23.8259
8.58038 14.7408 -1.53786 -37.3171 86.1688 52.8314
7.57149 6.43784 3.75965 -140.905 120.878 -183.117
8.93604 15.3058 -1.09108 -9.404 126.901 53.3715
10.1723 -13.8241 -0.566958 112.293 14.7432 53.6368
8.8338 9.89205 -5.12046 -20.7714 122.982 60.6097
8.58706 14.275 -2.46294 -49.5391 86.9835 104.004
10.3013 -7.30491 1.30307 115.479 181.928 -32.1509
8.38247 12.4042 -3.0444 -82.9652 96.615 138.832
10.1819 -14.2971 -0.0259058 89.3845 -5.37027 0.144053
8.699 10.1847 -1.95742 -65.4785 157.881 137.808
7.8461 15.3499 -0.086695 -151.451 107.328 -29.2853
9.68461 36.3901 -11.115 25.1613 26.4486 78.7815
7.8297 9.33385 -1.04666 -160.879 -25.3656 0.259427
10.3962 -14.7866 2.51212 93.1493 -6.78011 -132.737
10.5748 -16.6923 -1.09627 110.647 -12.1249 4.23826
9.95415 -17.7028 1.62742 46.0132 -75.8431 129.547
10.9612 -14.3285 0.613855 140.907 55.7582 -25.254
8.19019 14.4752 0.479159 -134.496 113.492 -51.4508
8.86274 10.5702 -1.28391 -72.5719 278.065 99.6751
9.43875 17.0113 -2.45298 -22.7837 89.2721 98.2165
8.33887 10.1727 -2.59936 -133.23 109.157 118.402
9.5659 18.5529 0.160738 -12.0874 87.4874 -27.3418
9.29861 15.7884 -1.31964 -45.5579 92.9356 38.7475
9.81826 10.622 5.03144 1.86549 166.473 40.099
10.861 -12.1903 -2.5774 103.586 25.8584 112.139
7.8973 12.5997 -0.329258 -194.003 288.826 -1.4996
10.8115 4.80715 -5.47039 89.3803 -4.76835 -96.7095
9.51789 17.5883 -0.993265 -39.745 93.1201 76.2116
10.9801 -16.6657 -1.86142 95.9304 -23.4056 45.2689
11.2039 -9.62162 1.6324 117.894 99.9605 -72.5463
9.5055 16.2698 1.48561 -52.6802 -31.5643 -84.6055
10.9182 -16.9584 0.832836 86.4288 -25.0976 -51.7353
9.77913 17.748 -1.92297 -34.7918 61.5462 68.7092
10.0762 11.2785 -7.17709 -9.98088 78.6949 0.981402
10.2069 16.2095 0.0956108 -0.987191 81.8101 38.5688
11.3874 -12.8789 0.909987 113.448 27.9891 -79.1225
11.6826 -10.0555 1.14202 141.689 159.078 -61.1454
9.75711 6.29095 -4.00086 -52.3841 122.527 208.811
10.0342 32.0616 1.59925 -26.6859 327.97 53.7962
10.1534 11.8616 -2.60309 -28.4083 91.6438 113.511
11.7175 -8.56418 0.356617 121.268 177.791 19.0722
11.7773 -7.50065 3.23713 124.304 -19.4972 -153.423
10.6917 -0.0898246 4.09843 15.5045 130.994 -214.962
10.0891 4.33923 3.76003 -45.3466 133.849 -193.929
11.6636 -10.861 1.17432 107.011 46.2049 -64.8865
11.8064 -8.18607 3.09688 120.441 168.882 -113.274
11.7484 -22.5919 7.86922 100.78 132.006 -127.061
9.75715 11.5056 -0.721908 -104.241 115.648 72.9535
11.2346 -4.54111 -2.7395 39.0479 240.346 -44.5064
11.8241 -7.12847 -0.746671 90.2017 219.405 -4.00353
11.2306 10.5796 -0.0643615 25.0417 82.4515 70.0465
11.2312 9.95038 3.80752 23.2787 128.915 -238.687
12.4849 -10.8971 -1.20095 142.84 114.252 83.6953
9.72973 7.05681 -2.74065 -131.561 154.354 111.423
9.79314 11.5636 -1.72234 -129.997 67.9296 126.401
10.5908 14.8645 0.528515 -51.5379 103.401 12.6772
10.027 -4.53161 3.8079 -107.55 121.74 -88.7478
10.7716 11.8313 0.369721 -36.0047 100.646 -72.1887
10.3576 16.4265 -0.809673 -78.2786 109.68 9.22053
10.4531 13.0911 -0.14252 -69.7285 151.76 45.31
9.41518 11.9448 -1.59376 -173.574 130.721 42.2381
10.6198 11.1459 2.59587 -54.2249 106.506 -161.576
12.324 -10.7281 1.4438 111.755 61.3364 -92.9283
12.0559 -5.88274 -2.06113 84.4281 167.26 101.266
11.9929 -7.41774 4.48051 73.4211 33.955 -209.019
12.7396 -13.2896 1.16412 140.882 92.2917 22.6159
12.4534 -10.6459 -1.57934 111.732 52.1796 71.3934
10.9971 16.2654 1.88268 -33.1057 97.6632 -57.785
10.9543 11.4652 -0.489989 -37.8363 140.799 8.04488
10.4749 13.1633 0.99534 -90.7166 116.861 -16.3091
9.89089 4.43632 0.108047 -149.386 193.028 -90.9871
10.3393 15.5499 0.68107 -105.034 104.829 43.2018
12.3898 -2.73718 5.07353 95.0457 -51.0137 31.1114
11.7319 -2.43114 -5.57624 22.6162 202.786 -39.4724
12.5421 -12.8723 1.4996 102.238 16.7883 -113.006
11.7841 3.16348 -11.9142 18.1797 101.136 -38.4579
11.5933 15.6433 -0.743527 -0.903135 108.496 -62.5832
10.653 16.5671 -0.375876 -97.9222 71.2434 13.3563
12.4339 -5.42163 0.621637 77.2301 188.945 -2.73352
12.394 -18.037 -8.40246 73.1294 -27.9807 30.7813
10.6977 14.3528 2.18883 -96.538 133.09 -32.0449
11.8406 -2.18702 2.64607 16.0415 207.059 -120.746
11.6414 -2.54692 1.80878 -4.55604 240.005 -89.6929
11.3173 7.36839 -1.3102 -40.5689 187.21 44.0501
12.6601 -13.8673 0.367851 90.8931 -8.25673 46.2418
12.0305 15.5969 0.21543 22.3774 73.1858 -38.0523
11.2764 7.8784 3.04913 -63.5233 141.398 -158.238
12.6034 -13.4005 -0.610348 66.9685 -28.7343 74.7255
12.3011 -2.18061 -1.04404 22.4613 226.005 28.2639
13.2263 -10.0907 -1.32541 110.077 65.9826 90.6347
13.1144 -9.47362 2.133 96.1394 44.0737 -97.9415
13.235 -9.42539 -0.254717 107.466 91.4285 53.425
13.1241 -7.21802 -1.17221 94.2177 108.176 75.9413
12.9966 -5.75002 3.86542 77.4789 86.8041 -176.528
13.0855 -6.30877 0.807891 82.4097 179.295 -55.5936
12.3575 48.1279 -36.3023 9.57218 200.342 -154.972
13.1175 -13.0042 3.01598 84.9676 -7.17609 -34.9469
12.7956 -3.40748 1.76456 48.6613 192.951 -73.6651
12.5605 11.9083 -1.08443 21.8213 68.5868 31.7801
12.6463 -2.57002 2.52468 23.6831 202.208 -135.463
11.9499 11.3576 3.30722 -46.6289 223.713 276.191
13.6334 -9.19262 3.35806 115.983 185.399 -141.625
11.8686 10.0656 -1.16286 -66.6035 122.139 86.4564
13.6328 -10.1224 0.507665 104.221 58.244 -8.71681
12.6222 11.2582 1.04756 0.12922 85.3221 -83.4873
12.8887 9.23737 -6.3751 24.1783 109.338 -24.7355
12.9911 9.02266 2.54415 33.4502 107.025 -27.4961
13.6275 -6.6764 -1.86821 93.3034 108.431 66.0218
13.4107 -4.5887 0.939041 71.5588 178.794 -43.6761
12.1517 14.3532 0.686346 -59.9554 65.9222 29.9657
13.6755 -5.46222 -6.76278 88.9818 29.4194 52.9952
12.7419 -2.06563 -0.384634 -5.34479 219.659 -0.133539
12.1553 10.1454 1.61084 -66.847 135.554 -63.8108
12.5829 11.4089 1.79083 -24.5137 106.055 -121.784
12.5097 14.7298 -0.7626 -32.7651 109.775 6.75387
13.2971 -3.23357 0.0820052 45.1673 193.94 -27.1858
12.6785 12.1967 -0.66619 -16.875 31.9492 35.2647
14.0041 -12.9315 0.148543 110.298 30.7997 -26.1005
12.2633 7.47464 -3.42216 -62.6596 201.734 110.141
14.0969 -11.796 1.12312 119.209 50.0581 -77.3956
12.5786 8.38044 -0.13399 -32.1673 53.0533 164.645
13.3463 9.57953 -1.46019 42.9664 43.8406 95.6315
13.8291 -12.3493 0.595116 85.3287 -4.00616 -82.3451
13.1127 11.1845 2.25242 11.3933 133.824 -117.359
13.5042 -3.11402 1.79246 49.9314 177.394 -73.9892
13.9091 -7.27839 -0.447204 89.8529 134.479 -55.6176
13.5735 -2.44165 -3.47152 54.8428 62.6945 196.175
13.0243 2.46308 -2.74412 -1.70453 144.161 139.611
13.6898 -11.0092 -2.02672 62.7985 -23.9467 93.5633
13.7036 -3.48854 2.46629 63.6265 118.24 -126.681
13.7316 -4.44944 0.688122 64.5771 185.147 -13.7678
12.9835 -1.91729 -7.764 -11.9583 -71.637 -0.236816
12.2025 10.7487 2.47329 -92.1905 54.0208 -165.237
14.3575 -9.95068 0.307646 120.296 91.4293 -15.6017
14.2516 -8.41785 -0.805144 108.927 122.176 88.6332
12.631 10.1327 1.8291 -61.0304 230.585 -89.9419
14.4345 -12.7917 1.70707 116.502 40.3419 62.1212
12.9797 11.6675 -0.727293 -28.4194 111.455 14.5426
14.0201 -9.88755 -1.04928 67.3866 -0.512055 -41.5645
12.3359 9.33993 1.1981 -100.755 151.511 -42.3239
12.7829 11.1796 -0.29253 -56.3643 130.904 41.5158
13.7111 -1.67676 2.38351 34.834 159.675 -127.602
14.2432 -6.1202 -0.202804 86.8619 155.124 -1.60308
13.9802 -3.53172 2.68319 60.3382 134.575 -122.024
14.3808 -7.32552 -1.98275 99.0124 129.491 70.2604
13.2144 1.68795 -2.37495 -17.435 184.205 119.602
13.7268 9.82975 -2.18746 30.6278 -4.06122 -32.9631
14.6494 -10.8822 0.421483 116.761 77.7422 13.5833
14.2068 -4.33007 2.67276 72.5418 107.733 -137.491
12.9815 14.8929 -4.19191 -49.3248 196.236 -127.677
12.4506 8.81332 -1.74634 -106.774 96.3213 78.1892
12.9045 9.43499 -0.339721 -62.1067 149.992 27.3551
14.5865 -7.06518 0.384122 103.38 29.7427 6.2871
13.7251 8.27648 -3.33679 17.5141 81.9685 133.342
13.5327 12.6992 0.311938 -9.11295 69.6802 -20.706
14.2975 -11.2743 2.13812 66.622 -22.6077 17.1408
14.3633 -3.87906 2.24441 70.8016 101.694 -154.361
13.4226 8.26954 -1.16493 -27.2152 126.409 101.662
14.747 -11.2203 -0.11292 102.448 89.6111 30.0762
13.8749 10.0267 -1.83909 11.7257 82.9136 141.797
14.7735 -9.2099 1.16579 99.2506 -33.298 -48.7147
13.3412 7.20247 0.563148 -46.1336 325.059 -24.3055
14.7515 -6.92106 -1.83886 93.3055 118.447 138.557
14.2831 -2.06227 0.661578 43.3846 172.628 -77.3194
13.6666 8.83942 1.81321 -18.116 113.747 -59.1218
14.8067 -7.08093 -2.65884 93.224 110.883 106.297
14.1789 8.3787 -2.14238 25.967 75.5683 118.708
14.8847 -10.0494 -1.63453 95.7087 37.0842 125.095
14.541 -12.9164 -2.03003 60.4887 -39.1684 76.3136
14.7221 -6.01182 -0.810973 77.9829 73.8601 81.9151
14.8756 -18.1147 8.98707 92.061 -7.07844 98.1288
14.38 -0.105999 -2.13704 41.2293 111.671 135.248
14.1364 0.693493 -2.77988 13.8943 157.065 145.759
14.0779 -1.00593 0.449011 4.91698 217.496 -14.1222
13.861 5.84609 1.16415 -17.6019 145.152 -70.1187
14.6474 -8.49565 0.959004 60.499 99.994 -49.5903
13.6549 10.8564 1.94588 -39.7532 138.148 -96.0997
14.294 10.5275 0.458272 18.9817 80.31 18.4632
12.9929 8.79523 -0.76934 -112.477 175.937 19.9069
13.4466 9.78074 -0.169343 -71.2454 152.279 18.3692
15.282 -11.0849 0.237985 110.655 54.6271 8.10152
15.0624 -5.88315 -3.38859 87.997 64.6637 24.5489
15.051 -9.52092 2.49856 85.6901 115.93 -69.9414
14.3881 3.29798 -1.83427 18.0727 124.094 109.886
14.0989 16.8617 -2.08894 -12.0068 236.456 36.1737
15.2863 -9.57952 -0.846388 102.985 54.6618 47.2167
14.2293 8.45569 -0.381381 -5.82476 109.086 0.146156
15.3685 -13.8101 0.124383 101.604 4.48525 -31.115
13.9593 4.40612 -3.87295 -38.6206 218.653 -64.7706
15.4685 -5.55294 15.9732 108.009 117.639 147.263
15.3501 -7.02171 -0.976138 96.1838 113.713 93.1517
15.3205 -6.65045 1.49434 92.6837 94.9882 -41.4559
15.1206 -8.47482 -0.78951 72.2908 5.40426 85.7395
14.2861 11.5661 -0.693682 -11.8208 114.321 23.616
15.2552 -14.1368 0.200389 80.5201 -24.0754 -47.3747
14.1623 3.65258 -0.413959 -29.9323 173.679 18.3481
15.2428 -4.29272 -0.581574 74.455 141.231 27.081
14.922 -4.72202 2.32076 39.4958 -79.8509 -80.0789
14.6381 10.409 1.44601 9.29246 94.1575 -34.7754
14.8771 -1.40922 1.39232 32.4307 184.909 -56.319
13.8296 8.42974 -0.812054 -74.4887 174.821 12.4507
14.3912 13.2431 0.796603 -21.7188 117.668 -71.4359
14.4148 12.3451 1.12275 -19.4329 121.079 -50.4685
14.6049 3.95032 -2.24232 -1.66813 130.051 123.984
14.7321 14.5559 3.60714 10.1312 77.2673 -104.214
15.6056 -11.8876 1.42064 95.723 15.9235 -94.6576
15.584 -9.37299 1.60768 90.5662 32.1245 -42.5825
14.9118 -0.672515 1.81516 23.4857 171.277 -87.1901
15.1541 -1.31883 -1.27534 47.3689 148.187 71.67
13.9314 6.98054 -0.876573 -75.4761 179.65 84.8552
14.7142 -0.512051 -1.00182 2.04693 197.333 65.2238
14.8128 10.6045 1.94479 10.2632 92.1056 -61.3373
14.6667 4.10221 0.76161 -4.97134 199.12 -58.483
14.7657 0.509812 -1.35713 0.273441 189.608 66.4196
14.9989 3.73119 1.27268 17.5774 165.285 -59.7835
15.378 -1.93016 -2.59946 53.8628 125.9 115.074
14.0473 10.3877 6.71825 -80.1586 115.878 -75.5818
15.1602 4.21935 2.20736 29.2117 94.1135 -109.298
14.98 13.5886 0.523476 9.3155 98.2001 -60.2825
15.524 -8.06773 2.94156 60.9174 -22.1213 -116.716
14.9729 12.7458 -2.18776 5.78582 111.069 3.62732
15.4264 -1.73728 -1.11085 46.3466 159.75 15.8137
14.8584 11.6522 1.17758 -12.6467 119.129 -66.9449
14.9953 0.673021 -0.566276 0.726486 184.232 23.2798
15.435 2.58078 1.85785 40.1139 78.5006 -107.197
15.2315 4.00668 1.60464 19.5957 115.826 -98.8837
15.3076 8.79792 -2.10799 23.5206 83.5825 94.961
15.8235 7.41302 -1.27851 72.2616 91.5699 62.4213
15.4513 4.94467 -3.60647 32.4867 74.5804 184.248
15.4254 11.5842 1.01003 26.5634 79.5003 -7.78491
16.121 -7.69733 0.0706263 92.2509 55.4895 41.0487
15.2077 2.96549 0.941371 -5.4397 150.168 -40.8358
15.9995 -12.1972 0.588138 71.153 -28.0082 -33.2712
16.3366 -9.7387 1.56883 104.553 61.659 -44.5518
15.8889 -1.97215 -1.47894 56.5075 130.006 97.4318
15.0437 9.38368 -0.84125 -28.6206 136.937 88.7824
15.7148 5.81448 -1.78978 35.1076 70.9149 99.6131
15.2267 -0.783399 5.78434 -15.824 158.197 81.0052
14.377 12.9711 0.403469 -105.587 -18.3078 -8.47703
15.9938 5.935 -0.484936 51.5327 39.8176 13.7805
14.4444 18.2574 -3.76798 -107.715 16.7391 120.96
16.4377 -5.79847 -0.325708 86.4938 113.066 3.33745
16.4801 -10.7914 0.580538 90.1257 12.6726 -9.53499
15.2063 5.51098 -1.48463 -36.5612 115.16 75.9826
15.9953 0.714552 -2.40716 36.8588 107.493 143.494
15.979 18.4486 3.62417 34.859 248.408 178.588
16.4586 -5.58875 -0.788466 78.8849 68.2306 35.9704
16.4479 -5.90146 2.75002 75.8318 41.4328 -107.849
16.9252 -8.62954 0.663501 121.637 66.6361 19.0342
16.2552 6.94148 0.121287 53.5437 87.227 -29.8866
15.6587 3.43395 -10.9047 -13.0034 137.456 95.2276
16.8138 -10.1138 -1.53634 100.698 43.3926 84.8499
15.7236 9.10515 1.4962 -7.747 127.397 -63.5325
16.61 0.866243 -0.0456964 72.7844 151.188 -4.17714
16.3684 -0.0876612 -2.24708 48.475 92.2183 90.1823
16.3999 -0.604581 1.74196 51.5778 108.931 -100.09
15.8237 2.1332 4.87243 -6.65741 22.633 15.5487
16.9708 -8.27613 -0.78071 104.568 88.4317 57.9533
16.5323 1.54471 -1.12041 57.4709 39.0228 83.0226
15.7935 3.87947 -2.1063 -16.56 -70.1902 -7.70321
16.5336 8.11038 -0.0613196 54.0915 53.3141 -2.68583
16.3108 5.97104 -0.229526 28.4614 94.5983 -16.1664
16.6712 -3.26553 -0.138144 63.9046 109.583 35.8223
16.8464 -6.29241 0.526762 79.6433 24.7802 28.4294
16.2375 2.46845 -2.08158 18.4247 147.36 80.4462
16.4319 3.14624 -1.15968 37.4782 91.5646 91.8194
16.8969 -6.36194 -0.921726 83.1956 57.3254 93.2523
16.2499 5.34085 1.40322 15.334 121.351 -104.47
17.0782 -9.64562 -0.0709276 97.4929 40.91 46.0136
16.2413 9.98982 -0.389315 12.5673 315.713 101.078
16.4423 7.18037 2.42698 32.2712 82.9462 -90.2148
16.1772 12.3157 -6.64602 5.23312 60.2286 90.025
16.7779 -1.68903 -0.0131266 63.6266 100.978 -0.648847
16.5731 -0.4776 -9.33817 40.9552 1.15459 38.7353
16.889 -2.49247 -0.334999 69.1495 48.2492 27.3554
16.9854 -4.91876 0.176324 75.7905 61.2726 -24.2518
16.4858 4.0956 -1.62692 23.7913 126.123 100.119
16.7037 -0.169254 -0.450954 44.2136 136.358 58.0083
16.7014 8.63462 0.614447 39.2591 43.6032 -44.9195
15.8564 7.7762 0.504527 -52.0884 172.419 -10.3701
17.6514 -3.90066 -5.33582 115.176 46.8616 68.7926
16.8958 10.0267 1.69292 37.0216 107.251 -27.0965
17.5188 -6.90816 -1.06343 97.9204 115.007 32.0358
16.9971 5.80663 -1.27353 45.3851 65.8592 56.016
17.2478 -2.58807 2.70466 69.696 104.959 -76.0911
17.3702 -9.38655 -1.06679 80.4716 -1.17918 59.3205
17.4669 -5.28279 -2.10239 82.3533 74.3163 99.2241
17.1953 0.15942 2.52609 51.682 118.273 -114.639
17.6052 -6.8239 0.446287 90.6865 69.1971 20.8153
16.8357 10.5726 0.376 13.9078 103.888 -80.4427
17.1413 5.70455 1.47842 40.8767 72.7249 -93.7289
17.3699 -0.194625 1.70008 56.4859 91.2779 -98.1377
17.647 0.0743599 -3.06234 77.1745 73.7117 53.6938
16.9019 31.2986 -2.23612 0.0789534 115.268 -19.6309
17.7786 -11.1672 0.071995 85.3534 -5.22414 19.6
17.8826 -8.28284 1.25888 94.8065 45.1924 -14.3445
17.5558 -1.38451 0.53692 62.3276 100.422 -10.4464
17.806 -5.32717 -0.329885 86.2197 72.1254 2.47721
16.6933 10.593 10.3863 -25.5905 75.7786 -193.803
17.6433 -3.96088 -0.24408 67.326 51.4176 -133.035
17.5564 0.303281 4.20404 58.4763 -11.2471 -29.9596
17.8147 1.1505 0.240188 74.5241 75.8479 20.4066
18.009 -6.88017 1.20241 90.5615 65.9654 -19.3762
17.8965 -7.76468 1.17749 74.1768 24.4996 -21.8441
17.7509 -0.515256 -0.698918 59.7021 103.576 -13.6381
17.7734 0.236536 0.0718137 60.0211 69.8778 -9.70789
17.6042 5.34552 1.41273 36.3564 100.385 -90.4379
18.1651 -3.67791 0.602466 80.6429 90.9204 -38.1603
17.8551 6.23014 0.91355 49.4725 62.7985 -63.6497
18.0223 -1.32616 1.47784 65.0549 103.232 40.4168
18.2405 -6.42082 2.49622 84.5322 39.0876 -89.4738
17.5579 6.6375 0.604044 16.111 -38.197 33.0259
17.5044 6.84432 -0.203089 7.29666 128.186 17.5533
18.193 -3.00478 -1.11621 70.7782 69.7025 70.5222
17.8136 2.49579 -1.31151 28.7646 134.13 62.1471
18.0415 5.71982 0.0249786 47.3481 78.7723 11.6254
18.361 0.232176 1.25986 67.5777 35.6336 -96.7318
18.3447 1.68375 2.0434 46.5592 48.4896 -71.7388
18.4405 6.67616 1.74606 55.7374 53.5323 -109.457
18.7188 -2.82647 2.24553 73.2386 57.2565 -112.061
18.5276 1.43546 -0.832753 50.94 92.7801 59.9512
18.8046 -2.9993 -1.74192 77.8661 65.8363 104.932
18.0149 39.6342 -7.67178 -1.55988 72.4823 72.7619
18.9269 -4.08062 -2.19722 79.694 59.9789 -13.6095
18.7209 -2.46837 2.98805 58.1092 118.493 -53.1338
18.9235 -3.2609 0.0542834 76.5505 79.6112 7.27095
18.4629 3.60814 3.03775 30.445 136.675 -45.665
18.6478 3.54168 0.184587 44.0254 93.6405 -19.7954
18.0863 8.24758 4.79227 -27.0936 231.278 -41.808
19.126 -1.80635 1.58873 69.5615 -63.8005 -60.1645
19.3629 -6.95087 0.963319 92.5484 48.0234 -3.11733
19.3046 -3.51168 0.0149597 76.2513 91.4472 9.59891
18.8559 -7.12891 0.00453497 31.6513 -6.87148 51.2428
19.3429 -1.25299 -5.12953 73.4402 76.8507 -33.185
19.3399 -0.347366 -0.602518 68.7746 69.6232 3.13695
19.4474 -16.4103 10.8563 63.0068 61.5849 -147.356
19.344 2.85813 -0.0214731 32.8055 138.033 -8.83189
19.8117 -1.26669 0.636437 71.0372 97.2557 -13.4362
20.1885 6.80595 -0.425607 -35.549 114.207 31.1955
22.3557 11.9985 14.7755 44.7685 122.674 28.0836
nan nan nan nan nan nan
19.5404 2.85695 -0.349716 70.2683 20.9622 -21.6005
20.9864 -2.31827 -0.182056 79.3079 18.1704 21.1901
