-22.5626 -13.5539 -14.8902 21.5938 -85.0768 15.7468
-21.7265 2.00572 -0.13185 -16.2623 -24.5943 -21.298
-20.4542 -0.182693 -0.426941 -11.5975 -99.0134 15.0302
-19.2629 -8.34153 -0.0396793 93.9534 -91.9854 -31.8158
-20.1771 -3.10654 0.65896 -11.6385 -12.1756 20.143
-20.3294 6.10825 -0.898347 -33.9913 -67.4139 5.87565
-19.9796 15.1793 -8.48098 -4.79508 -108.403 176.19
-20.03 0.102644 5.51247 -15.3251 -78.9777 17.4984
-20.0336 2.1023 -0.155201 -18.1919 -99.8953 -9.36249
-19.9587 -0.678987 0.544498 -10.7619 -69.2433 -4.83835
-19.4362 -4.82177 0.150353 24.4976 -126.893 8.59178
-19.7607 2.70423 -0.675954 -12.1593 57.2308 63.6094
-19.7139 3.12056 2.35239 -22.6716 -70.7245 6.90229
-19.6646 2.02984 -0.159651 -19.6009 -87.5626 -6.96609
-19.5674 1.97518 0.170608 -21.2383 -73.298 -107.927
-19.4155 1.93144 -0.559739 -16.9549 -64.3843 116.388
-18.941 7.08647 -0.754712 24.1993 -14.1419 -50.2013
-19.196 0.683929 -2.15013 -2.1231 -123.344 60.8174
-18.9182 -4.84164 0.10895 11.4642 -81.3904 19.9387
-18.9017 -2.76509 -0.0617286 4.33631 -86.7148 -61.1868
-18.8865 -7.32598 -0.108416 -0.620103 -32.9084 112.374
-18.982 -0.749243 0.181716 -12.4553 -34.2387 98.4799
-19.1122 5.71968 -1.1361 -29.4226 -57.1052 94.988
-18.5381 -5.53686 -2.30819 24.2304 -123.367 53.6441
-18.6583 -2.35991 -0.952042 8.09357 -42.5861 76.2829
-18.9813 2.27291 -0.0316557 -25.8321 -99.8659 39.1588
-18.8643 1.92394 0.061268 -16.0835 -77.1027 -72.3757
-18.9736 5.77628 -0.894584 -36.0087 -84.7888 22.5084
-18.9119 7.45495 -1.02359 -40.5387 -68.5401 17.743
-18.6132 -0.211914 -2.03995 -10.975 -105.044 -35.2782
-18.3727 -6.75838 -0.19469 6.43274 -60.4424 -11.319
-18.6234 7.25016 -0.834037 -20.2824 -46.7451 24.8538
-18.7111 4.16425 0.286995 -32.3485 -86.2775 -3.3935
-18.9836 3.13627 4.22153 -61.1765 -57.3435 -83.037
-18.6715 11.0196 -0.357523 -31.58 -27.5814 -18.9959
-18.5483 -2.23794 -0.53415 -20.8623 -70.9569 -19.2938
-18.2212 -7.02458 0.0367031 3.80508 -43.2948 65.0476
-18.2956 -1.2549 0.0717646 -6.77105 -67.783 9.72338
-18.5797 5.67382 -0.742097 -37.3138 -87.7908 -19.0907
-18.2689 -1.01158 0.884575 -6.52428 -103.006 11.3178
-18.4228 -1.15211 2.21474 -23.9505 -72.0148 -61.5838
-17.6305 -39.9001 6.4525 54.2812 45.0322 -93.767
-18.6009 5.08568 0.573045 -44.6556 -132.928 -34.507
-18.275 3.12857 2.18701 -14.3104 -61.9844 129.651
-17.3267 -11.4683 -4.08398 79.5119 -202.485 55.0022
-17.8773 -4.40956 0.375266 23.9757 -124.13 -64.7405
-18.3222 4.08869 0.607418 -29.5528 -88.2945 -103.389
-18.1161 -0.113584 -0.373196 -9.66853 -102.461 11.809
-18.0603 -0.132521 -3.68103 -5.89262 11.9095 41.6691
-17.7832 -6.70803 -0.0602432 15.9231 -82.7174 92.76
-18.1999 9.21546 0.176852 -27.9919 -26.331 -61.254
-17.8483 -1.14572 -0.229095 -4.48853 -90.0162 101.147
-17.4414 -5.94505 -1.07547 35.6267 56.8671 -30.5944
-17.9222 0.999391 -1.5363 -17.7909 -110.432 82.4843
-18.1629 8.85308 -0.6042 -45.5268 -68.3342 -45.298
-17.26 -8.58381 -0.0579909 44.1077 -105.572 -17.7958
-18.3665 7.48073 -0.928875 -69.6342 -90.5686 -16.7093
-18.1613 6.81529 -0.0834737 -52.7743 -110.892 -59.0765
-17.607 -1.88791 -0.796917 -0.29225 -115.433 119.736
-17.7542 3.92294 0.182294 -24.5317 -74.4466 24.2814
-17.3958 -6.65488 -0.0764311 10.1382 -54.561 96.1773
-17.7759 5.39495 -0.462115 -32.0474 -74.8046 -94.0801
-17.9508 9.27553 0.263188 -49.4422 -72.1379 -87.6461
-17.6745 5.80333 -0.932438 -28.7141 -42.7089 -26.3164
-17.5626 1.73602 -0.0722453 -18.306 -54.5797 -27.7875
-17.3205 -6.65439 0.427822 5.29793 -47.5341 -58.6212
-17.3728 0.176681 0.0223632 -13.2195 -103.897 0.597389
-17.0989 -11.3958 -1.26222 13.1972 -75.7374 31.5101
-17.2723 1.59556 -0.389117 -13.8043 -116.946 -35.508
-17.3424 -3.06246 0.105939 -22.685 -145.617 3.95951
-17.0158 -1.83061 -0.407419 5.58667 -134.117 -58.1648
-17.469 10.3893 -0.429283 -40.0588 -44.0186 11.0436
-16.5639 -32.3583 2.47867 49.4162 -21.3039 12.6889
-16.7015 -11.8815 0.80934 35.6711 -70.8434 79.9295
-16.9411 -9.09977 0.0555673 10.4352 -17.4436 45.8174
-17.3742 4.02667 0.270307 -36.624 -127.777 -4.22424
-17.2833 4.47762 0.245987 -29.1066 -83.2269 -37.5575
-17.5396 8.64051 -0.885047 -54.6171 -88.9394 48.2518
-17.2282 5.1764 -1.11578 -26.146 -57.8825 113.737
-17.042 -2.08506 -0.117637 -7.90653 -33.7164 -84.6375
-16.9938 -8.72823 0.0994135 -4.59111 -28.4948 2.45237
-16.8402 0.451111 8.58364 8.3973 -2.52997 -65.3028
-16.826 -1.00246 -0.241549 -2.5192 -108.516 103.183
-16.6509 -4.42374 -0.207954 11.3911 -80.5141 -93.3728
-16.5034 -5.86003 0.128387 24.9613 -111.599 -102.874
-16.7497 -1.2643 0.881597 0.429057 -90.6245 -94.9528
-16.5849 -8.25074 -1.05741 16.524 -60.2556 95.5114
-15.9837 -11.49 -7.34031 73.9598 -43.2386 220.328
-17.1482 6.73043 -0.67022 -43.1929 -76.916 -40.0182
-16.713 -8.07932 0.318729 -4.8695 -65.1501 29.642
-16.4002 -7.23627 0.461619 19.8723 -75.2152 15.1699
-16.7202 12.3625 -0.0891991 -22.8743 -8.27061 34.3258
-16.1814 -4.57647 0.861963 29.493 -137.175 -84.9274
-16.1484 -7.01043 0.154517 32.5581 -103.276 106.482
-16.0994 -14.4118 -1.09842 35.2441 -280.125 -100.19
-16.4274 -6.3989 0.273439 -3.66424 -21.6392 -14.924
-15.9292 -12.9504 5.19456 42.2433 -22.9562 -107.68
-16.214 -2.27407 0.257902 10.7196 -103.244 -147.664
-16.564 -8.60498 0.338924 -24.4758 -68.0249 -64.9125
-16.3974 0.0291028 0.0227228 -8.84648 -133.172 -99.8074
-16.1688 -21.7154 -6.16623 12.6316 -189.401 -164.392
-16.694 11.4159 -0.00620818 -48.1045 -50.4142 96.9181
-16.5973 8.71456 -0.951955 -43.1145 -58.9267 46.4358
-16.7395 3.71911 -17.8088 -60.5458 -131.539 -97.5339
-15.9135 -6.7361 0.295392 11.6143 -52.4655 -102.855
-16.5478 13.4673 0.333681 -54.5616 -44.8352 30.8549
-16.1044 8.22973 -1.17365 -14.2363 -1.94716 122.988
-16.5955 10.0626 -0.351827 -63.6847 -85.9906 -7.24206
-16.4503 5.21589 -0.407322 -49.3045 -131.993 -94.1409
-15.4087 -2.42177 -5.00231 52.86 -15.9322 -0.968839
-16.4874 8.58696 0.138085 -56.1556 -81.6165 -48.7477
-16.3701 5.12624 -0.857383 -45.961 -112.556 44.9999
-15.2341 -2.77394 2.17682 62.4755 80.1419 1.38078
-15.2947 -10.7877 -0.535968 53.6347 -98.178 66.639
-15.7954 -0.636545 0.857024 -0.243778 -161.631 -18.7493
-16.128 14.2056 0.497265 -34.233 -17.8043 47.0109
-15.8581 0.0480761 0.862442 -7.75079 -129.025 -120.377
-15.7126 -3.67835 -0.251052 5.88905 -69.3682 110.486
-14.7756 -10.1446 -0.34257 97.4753 -146.189 11.6394
-15.6169 -5.93741 0.83645 13.411 -58.6045 -191.111
-15.1541 -5.3776 9.29165 58.5954 -124.642 -125.249
-16.0271 2.13877 0.1734 -28.3256 -150.967 -28.2406
-15.5048 -12.5157 -0.875778 19.1397 -43.9833 10.5863
-16.0486 4.81832 2.96116 -42.1242 -80.5937 -33.979
-15.8757 8.22563 -0.48168 -26.5627 -30.1125 -86.3309
-16.0036 7.6325 -1.42438 -39.897 -141.483 75.8544
-15.3448 -9.84514 0.67533 21.7764 -56.1425 -99.2283
-15.5435 -0.877299 0.200397 -2.04301 -149.075 -73.9664
-15.9873 9.30482 -0.229845 -50.2016 -65.7676 -127.371
-15.2128 -5.62214 -0.124644 25.3997 -101.769 101.598
-15.925 17.8548 -10.2435 -46.6538 -46.1086 -69.843
-15.2836 -5.51263 -0.562792 15.7677 -79.8695 113.569
-15.8745 5.31536 1.04915 -47.9953 -129.393 -111.95
-15.9302 9.51262 -0.429146 -53.998 5.66067 51.151
-15.9511 9.68313 -0.329704 -57.2083 -120.669 -29.8033
-16.065 9.52562 -0.611904 -71.5202 -108.048 -12.0765
-15.8216 5.04795 -0.226714 -48.2368 -136.337 -141.162
-14.8229 -5.10465 -0.324586 49.8631 -138.47 42.773
-14.6894 -1.54856 -6.8543 60.0944 -157.317 -62.4415
-15.2009 5.79639 -1.10172 4.99259 64.4212 85.2678
-15.5685 4.80976 -0.404653 -33.3075 -89.9823 -82.6461
-14.9553 -6.07632 -0.371832 26.6964 -151.042 62.3106
-15.8074 6.48793 -0.468466 -58.5919 -49.8347 -5.03612
-14.3659 -7.08649 0.342345 80.3559 -96.711 -78.8053
-15.0534 -1.32639 -0.539794 11.7844 -185.325 59.266
-14.8158 -14.7537 0.36965 34.7371 -56.4382 60.6057
-14.9565 -1.84872 -0.502147 20.6516 -169.809 90.7558
-14.7571 -14.1163 2.09075 38.175 -71.5167 -9.96093
-14.7051 -3.35693 0.214064 43.1986 -178.564 -24.4709
-15.8506 11.9444 -2.58236 -71.8954 -76.9901 -55.8759
-15.2393 6.86112 -0.213687 -16.3932 -122.865 51.4035
-15.8307 8.41235 -0.0730425 -75.8395 -118.733 16.1895
-14.3227 -11.2003 -0.475531 72.0983 -106.711 -89.4643
-14.6658 -11.7403 -1.0077 33.3187 -59.2043 65.8014
-15.5419 5.28259 0.914251 -54.9144 -148.344 -74.6566
-15.1349 13.2307 0.871958 -16.6946 0.559486 -80.7268
-14.3751 -13.1626 -0.173785 55.9025 -82.6175 69.0499
-14.5848 -15.3951 -2.00891 33.2117 -33.093 112.686
-15.5604 6.46011 -0.508728 -65.0085 -144.374 -89.2123
-14.4734 -3.27571 0.357421 42.9701 -184.31 -69.0609
-14.4489 -2.38746 0.0267509 41.0814 -194.873 -66.8486
-15.1118 2.31228 0.0606913 -27.3209 -111.012 157.836
-14.4805 -11.5788 -0.907837 33.7586 -61.7875 38.3119
-15.5594 10.8264 0.0325987 -75.537 -83.5956 79.1314
-15.2292 3.72616 0.222206 -43.4108 -169.933 0.977044
-14.2996 -6.9353 0.109947 47.8199 -183.112 59.5397
-14.986 11.3791 -2.34618 -23.4181 -10.8604 -10.5358
-14.2874 -5.77518 0.382023 44.4019 -115.874 -128.062
-14.6951 -1.53115 0.113926 1.70675 -109.741 -138.792
-14.9838 2.66582 -0.60606 -29.4845 -118.251 142.559
-15.338 12.2211 0.236586 -67.0769 -68.0489 26.0117
-14.6317 -0.506629 0.483763 -0.689015 -175.203 77.7052
-14.364 -5.04872 0.188576 24.4224 -111.947 -113.053
-14.2851 -11.4921 -0.719404 23.256 -47.871 -16.7508
-14.7254 9.69664 1.63679 -24.9795 -28.4518 37.6578
-14.9455 5.16337 1.25255 -47.3202 -153.094 53.192
-13.8411 -13.8702 -0.361295 61.2537 -82.4993 52.7435
-14.2746 -9.317 0.361341 16.074 -49.5167 -122.599
-13.7844 -14.7002 0.265305 63.4246 -76.5268 72.3352
-14.5831 1.49049 -0.842749 -18.1893 -142.216 127.432
-14.801 12.1601 0.622475 -43.1209 -32.2364 82.4354
-13.8263 -13.0078 0.33399 53.4173 -78.1579 -25.1734
-14.0562 -2.97923 0.589976 27.7799 -151.882 -150.974
-13.8585 -9.8832 0.371588 47.3754 -82.1368 -1.26001
-15.058 6.29365 -1.21709 -73.7332 -208.598 148.616
-14.8852 9.06649 -0.369851 -62.2091 -86.7165 10.0285
-13.8674 -2.19869 -0.233232 36.4058 -216.077 15.1537
-14.7039 4.92187 5.85115 -47.1505 -44.824 -71.7351
-14.7201 4.95484 0.864074 -51.526 -125.806 -70.1676
-13.6402 -19.9854 1.51738 53.0515 -182.336 -41.5649
-14.4015 1.64934 -0.472734 -23.0714 -194.461 15.5065
-13.4399 -6.12219 0.13701 70.8028 -159.498 -19.1921
-14.3602 1.68733 -0.562018 -22.2217 -126.083 131.361
-14.3346 11.1389 0.616156 -21.4506 -8.77196 -97.6206
-12.5775 -18.1361 1.92135 147.851 37.0597 -129.566
-13.7682 -11.0395 -0.273922 29.1393 -51.8887 -144.337
-12.5426 -12.4427 -0.271257 145.568 55.9234 9.48839
-13.946 -0.694748 -0.467411 6.01506 -161.381 132.021
-13.8998 -9.57304 2.62619 10.1827 32.764 25.8962
-14.1041 1.47472 0.529583 -13.9953 -68.5863 -202.404
-13.7061 -9.31054 1.31751 23.0283 -56.0878 -140.438
-13.3252 -7.85402 -0.11415 57.8377 -125.121 72.1206
-13.1137 -7.51909 4.74356 78.7224 -201.363 52.1298
-14.1893 1.87883 -0.280718 -30.8526 -188.643 45.5494
-14.5726 8.92213 -0.0282062 -69.138 -94.207 -92.6971
-14.5429 7.89761 -0.532612 -66.5534 -117.194 -53.0989
-13.9643 0.454243 -0.673187 -9.38523 -182.953 77.7533
-12.5918 -11.8758 -5.47681 119.685 -83.1344 93.7381
-13.1271 -10.3275 -0.911194 57.7722 -85.5805 63.245
-12.5467 -9.4708 -0.383418 114.757 -155.604 -85.7193
-14.2402 5.48933 0.0368026 -53.8962 -127.141 -77.85
-14.2588 8.63821 -0.656194 -55.8076 -70.9308 102.222
-13.7076 -10.0292 0.0307101 -3.0225 -14.9093 -97.9884
-14.0983 12.8483 -2.44378 -44.8508 -31.0478 43.0773
-13.6915 0.329124 0.317679 -5.3234 -199.518 26.8804
-13.1277 -13.4646 -0.0025135 48.5576 -31.0951 21.204
-12.4614 -10.8202 0.613462 113.491 -146.628 -14.5788
-14.0295 3.55704 0.02229 -42.438 -194.171 56.8438
-12.7988 -12.6613 -0.499798 78.9409 -103.586 99.8694
-14.5467 11.6716 -1.47189 -100.749 -129.355 -18.7532
-13.8702 4.36371 -1.20324 -37.8664 -101.9 184.305
-12.7548 -9.9544 -0.346932 65.9743 -99.6565 -103.034
-13.0164 -12.9194 -0.48893 27.2329 -98.3872 121.599
-14.3257 9.00557 -0.0485657 -103.415 -143.869 -85.5325
-13.2201 -10.4086 -2.09051 5.26256 -78.4568 34.3944
-12.694 -4.3511 0.576145 55.7807 -175.566 -124.157
-12.398 -11.8173 -0.195981 84.2747 -297.445 25.4668
-12.1337 -11.8141 -0.103006 109.191 -120.583 -18.4965
-13.7369 13.7099 -1.03752 -51.9967 -32.5163 -44.2368
-13.7874 12.3682 0.185055 -63.4592 -54.1452 115.13
-13.2513 0.51403 -0.650592 -10.2158 -199.057 77.354
-12.738 -4.52438 0.644958 39.8092 -134.056 -144.845
-12.984 -10.6529 6.60934 14.0485 -80.0947 5.57102
-13.8395 9.66828 0.502343 -73.0225 -82.3067 -74.5855
-12.5479 2.92769 7.61167 49.7379 64.5851 -22.5031
-13.331 13.5523 -0.495987 -28.7185 -11.0827 -75.0133
-13.7129 9.61473 -0.0542236 -73.4248 -91.5204 95.2914
-12.3031 -13.0652 0.499774 65.8573 -75.0523 -16.3805
-13.5327 3.42917 -5.42724 -56.8578 41.9748 -15.6303
-13.3152 2.54641 -0.569141 -39.2703 -201.03 4.499
-12.7392 -0.44216 -0.490649 13.824 -205.676 140.138
-11.9989 -17.4673 5.97716 86.3486 -148.688 112.839
-13.2161 18.0847 7.78317 -35.3687 -25.3982 -54.7684
-12.408 -1.19194 0.378871 42.5496 -221.3 -0.995459
-12.6279 -12.6736 0.597363 15.3972 -32.3395 -34.3179
-12.3708 -12.2816 0.19583 36.8347 -50.6427 84.8796
-11.7362 -11.4418 -0.0676128 98.6485 -119.354 -27.801
-12.177 -12.4198 0.136498 53.6627 4.40735 -36.5078
-11.7011 -12.8718 -0.321189 92.6652 -95.5401 -41.5393
-11.9715 -12.7328 0.0281995 60.8681 -70.5187 124.584
-11.0854 -11.1947 0.462436 148.267 -146.651 -21.7603
-13.0502 3.31577 0.5371 -47.4307 -181.13 -105.269
-11.8552 -8.98905 -2.27933 68.3554 -27.4484 -161.733
-12.3831 -1.17218 0.609263 14.0105 -227.855 -30.754
-12.2497 -50.0955 37.8428 26.8063 -55.3894 45.5585
-13.3329 5.54914 -1.37625 -83.4517 -189.464 120.069
-13.361 7.6356 -0.925853 -87.3228 -2.85804 159.823
-11.7789 -16.0415 0.648412 68.7395 -64.4394 -8.85145
-13.5227 7.52459 -0.223845 -104.636 -185.331 63.2626
-11.484 -13.3054 -0.475516 96.7929 -196.287 93.4932
-12.8273 6.77174 -1.33027 -36.8291 -54.9949 217.945
-13.2579 5.78921 -0.628705 -84.5228 -199.302 -17.6452
-12.9075 3.77302 0.790305 -53.7672 -235.877 1.73673
-12.9882 20.2058 -5.85096 -64.3555 -195.512 147.555
-12.9964 9.96657 -0.200725 -70.7093 -77.0819 67.0232
-12.1167 -16.3555 0.346033 13.3002 -26.0451 37.9196
-11.0998 -10.2783 1.74088 97.3126 -175.798 -117.951
-10.6374 -10.0468 0.566498 141.09 -68.5806 -81.734
-12.8199 12.2107 0.266738 -77.8262 -65.1407 80.1995
-11.8379 -0.888501 -0.825078 18.953 -209.308 126.072
-11.8138 -4.58078 12.2382 16.6922 -89.8431 2.79796
-11.03 -15.0304 -1.11131 94.3359 -22.5692 -27.3545
-10.6132 -11.3708 -0.554381 134.856 -121.121 44.983
-10.9327 -11.9265 -0.644239 101.1 -103.125 67.2473
-11.8276 -0.586721 6.04228 12.1919 -205.836 22.3516
-10.6078 -11.324 -0.00435846 126.073 -21.4616 169.164
-12.7052 7.96498 -0.537463 -82.7201 -126.129 75.8706
-11.0274 -14.4052 -7.28468 80.6859 -185.966 -260.964
-12.8043 13.2246 -0.231782 -105.982 -96.5974 26.5448
-11.3411 -1.0182 -0.45925 38.554 -242.647 93.1897
-11.3474 -16.9179 1.64491 34.8334 -60.5108 59.1501
-10.6553 -11.6519 -0.126322 100.022 -90.2127 -88.1267
-12.1643 16.6739 1.16127 -61.8527 -25.8659 -49.8113
-11.5809 0.930987 3.33616 -5.36625 -248.82 35.5913
-12.1597 11.5671 0.883815 -69.7032 -61.0362 -117.436
-11.3719 -11.5745 -0.96251 8.34707 -49.817 -68.8294
-11.3467 -11.6382 -0.2364 10.0765 -97.191 245.047
-11.9645 16.9855 -0.0586468 -52.723 -25.065 53.1359
-11.9032 -4.64087 6.77658 -55.9276 18.7494 78.7501
-10.4962 -9.96156 0.638956 72.8951 -161.877 -47.0028
-11.9826 16.5349 1.01221 -77.4606 -36.9981 -7.36339
-12.2806 8.90056 0.31518 -109.954 -141.367 -25.332
-10.12 -9.79058 -0.671117 95.269 -115.491 163.992
-11.7854 4.49464 -0.806191 -82.9968 -199.669 35.3215
-10.2917 -17.369 -0.998848 64.6441 -48.0737 62.1385
-11.5514 14.5891 -0.518246 -60.8372 -36.6553 137.43
-10.1805 -13.2966 0.362368 69.1542 -104.4 -9.31828
-10.7042 -1.82992 -0.868837 16.1149 -128.629 222.65
-11.6123 13.3309 -0.229738 -80.2525 -54.9283 -54.2207
-11.7826 12.4676 -0.530127 -99.1218 -85.5301 -42.2496
-11.8781 8.66471 0.521133 -109.884 -151.491 -90.7255
-11.2863 14.0888 0.0232768 -57.7755 -36.6034 -0.217022
-10.0283 -13.0675 0.694643 66.8244 -63.9808 71.8228
-11.5674 16.0443 0.730236 -87.5669 -43.8502 69.5971
-11.5156 4.30732 4.52166 -90.0626 87.5479 -37.0049
-9.61278 -12.4816 -0.178078 84.2346 -71.7307 165.936
-9.62373 -16.0802 -0.703522 81.5166 -57.7991 -10.8752
-9.06954 -16.0134 -1.67572 125.927 -88.3908 37.8114
-9.98762 -17.082 -0.658394 30.856 -32.7025 -37.5149
-9.00556 -17.2778 0.172778 127.152 -21.3006 -14.189
-10.4281 18.458 -3.49152 -15.9413 22.4824 -122.182
-9.22238 -15.0504 -0.523743 98.9388 -110.38 -44.8182
-8.93648 -14.6102 -0.736579 119.57 -75.9701 18.8964
-9.72789 -12.2044 7.0187 39.2866 -44.089 -21.9783
-9.53369 -12.9654 0.888896 57.5702 -55.0708 -118.856
-11.0589 15.4378 0.928459 -96.4486 -55.0998 -3.02575
-9.00363 -17.7028 0.658424 107.038 -59.3774 -11.4065
-9.44209 -36.2202 -2.35481 55.5332 -227.503 -48.0337
-9.22274 -6.21189 -0.845187 73.9805 -118.456 201.048
-8.59401 -16.7728 -1.29994 133.203 -57.1906 -40.3405
-11.2474 11.7948 -1.3383 -131.252 -114.402 106.06
-9.64856 -12.8463 -5.51759 26.9226 -132.028 -24.5609
-9.85867 -36.0471 9.7385 3.70291 80.6427 -109.749
-10.8357 11.5874 -2.32564 -101.351 -89.5708 -15.5977
-10.5295 13.421 -0.518981 -73.3958 -48.8694 139.442
-9.07349 -18.293 0.878386 62.7297 -8.34006 -72.9615
-10.1923 -1.39365 -2.38017 -49.8625 124.988 -87.2135
-10.8588 14.0278 -0.0812451 -123.069 -97.9236 31.6888
-8.25114 2.65824 -2.43209 134.754 -132.567 98.1176
-8.79435 -7.95868 0.863281 79.9045 -101.647 -216.337
-9.19697 -19.4615 0.24281 39.8565 -31.4037 27.2639
-10.9002 11.4205 2.04221 -134.301 -116.692 113.801
-8.91576 -17.977 0.965727 49.9659 -37.6669 -103.429
-8.74498 -18.5988 -0.142512 66.8185 -39.7479 -77.5909
-10.2242 13.755 2.01875 -85.7357 -34.9508 90.2936
-8.03511 -12.968 -0.360721 130.721 -79.6353 -73.6035
-8.54344 -15.4812 -0.217054 79.4579 78.5735 87.258
-7.50519 -7.17351 1.2263 175.352 -176.164 89.4777
-7.69328 -12.3261 -0.162912 156.066 -32.705 -128.908
-7.60825 -9.17516 1.05426 157.412 -130.592 -117.213
-8.44499 -16.8323 0.725838 71.8726 -44.8379 -41.8342
-9.88983 14.8933 1.18028 -72.4628 -156.328 -62.0743
-8.61904 -16.8567 0.287747 35.3826 -79.5346 -55.4955
-9.6644 17.943 0.912657 -75.6632 -21.3316 71.4297
-9.50069 16.129 -0.285204 -62.9385 -23.3961 45.9867
-8.35241 -11.4942 4.1303 46.2224 -91.5475 -74.3876
-8.70502 -15.2383 0.198791 7.28914 33.3139 -50.8747
-10.145 10.7574 -1.13666 -136.228 -122.113 72.5516
-9.71421 17.8067 -0.795451 -95.9114 -47.5277 -20.9802
-6.68489 -13.6191 0.943352 197.661 -93.1202 -46.0575
-8.47597 -17.3684 0.835373 13.7511 -20.3514 -70.5522
-9.64317 13.5698 0.637843 -102.668 -56.3365 51.5035
-10.0982 14.5143 0.741645 -148.059 -97.8136 34.6187
-7.62234 -14.4293 -0.20124 97.0682 -241.533 -101.435
-8.29476 -14.7552 -5.32758 23.3584 -35.8895 -7.75078
-9.78606 16.0179 -0.445425 -125.176 -65.6742 -47.9693
-7.86183 -15.7066 0.733478 61.6941 -41.2745 -56.2746
-7.56574 -12.292 -0.0995608 89.6377 -124.89 -140.774
-8.79079 16.0786 0.756338 -35.037 -6.0323 83.6922
-7.68943 -15.2621 0.890745 73.6904 -43.4367 -109.129
-8.36421 -20.5869 -3.79419 2.90639 -20.5927 -38.9304
-8.56513 15.5447 1.19389 -18.7866 3.58348 -60.2882
-7.90894 -17.7818 0.859365 45.712 -32.3238 48.8956
-9.11875 16.9891 0.767881 -76.5038 -29.0268 96.5678
-8.89833 17.8113 -0.497572 -78.6806 -28.1614 51.7094
-8.94554 16.752 1.23231 -87.1147 -32.965 -50.6864
-6.99953 -13.5699 0.950605 105.847 -58.3533 -144.961
-7.59442 -37.1807 5.07838 45.2455 -164.21 64.5084
-6.22086 -11.5668 0.813631 154.975 -77.1785 -123.637
-8.13479 1.60121 -0.260846 -44.0274 -266.444 56.4913
-6.68748 -28.3528 9.79203 99.2412 60.0792 -63.6677
-8.45135 6.1422 0.916 -76.6357 -101.833 -231.683
-8.45505 14.5196 0.104739 -78.8536 -33.8429 -69.2862
-6.05663 -15.8464 0.283769 155.78 -68.8274 51.8215
-8.61354 15.9126 -0.847634 -99.6541 -54.2717 23.7555
-7.32142 -9.17092 -2.28261 23.5323 -173.043 -30.6188
-8.15819 14.8118 -0.145535 -64.3455 -24.7247 -176.366
-6.26945 -15.5762 1.53376 119.887 -56.3168 -101.435
-5.4712 -16.6133 0.513733 171.387 -60.2261 28.4437
-7.95141 14.9019 0.814268 -78.139 -31.5929 41.1812
-5.31709 -8.77516 1.02186 180.578 52.1888 -3.31915
-7.83506 14.6425 1.21901 -71.8448 -27.7205 -87.7177
-7.4191 18.9496 0.337124 -31.0169 1.06092 -51.2313
-6.15448 -11.9471 -0.282645 89.6113 -53.7097 215.593
-4.89835 -16.5757 0.344607 213.236 -246.135 0.50535
-6.50103 3.04847 -5.05281 52.8881 106.554 -3.64626
-5.93772 -18.1042 -1.12088 107.694 -37.5516 87.7032
-5.88102 -11.1891 0.975786 112.984 -64.3617 -177.799
-8.62763 12.6016 0.740142 -164.314 -94.4356 -0.00989036
-5.3565 -8.07848 -1.00312 160.249 -99.6006 190.452
-6.8107 -0.627332 -0.595729 15.3065 -130.231 256.868
-7.42345 12.6043 -7.04928 -61.017 0.11943 13.974
-6.40895 -12.8959 1.05685 39.0744 -28.692 -185.725
-5.88266 -17.7402 -0.890386 90.425 -40.7148 38.1928
-7.32993 15.9735 0.117149 -53.9928 -11.9636 87.7336
-5.65422 -17.8297 0.710891 93.2099 -47.983 -0.321327
-6.64987 14.8651 -0.674952 -19.0696 94.887 55.685
-6.50535 -2.1127 2.06712 -21.8601 133.462 99.0564
-7.46336 16.7807 0.173878 -124.274 -54.9278 -24.4042
-5.64817 -15.766 0.893156 52.3371 -30.5028 -136.725
-5.10496 -20.1235 0.258916 96.9359 -36.6562 -15.8845
-6.16168 18.7646 1.7672 -17.5197 -71.1969 -50.3135
-4.96507 -16.2951 0.284006 100.741 18.011 -15.4652
-6.65803 17.6687 -0.0674719 -78.7136 -19.5585 13.8224
-6.30541 16.4541 0.266913 -62.5245 -14.9371 -36.7148
-4.88697 -19.4703 0.308241 78.1539 -33.8333 -33.0792
-7.2453 18.3636 2.90176 -156.782 -157.638 -231.806
-6.12525 19.7627 -0.13927 -46.9553 -0.225258 18.9766
-4.21104 -15.7478 0.00406787 138.684 -43.0935 48.5705
-7.08457 14.9081 -0.334355 -154.034 -68.4621 18.9465
-6.02202 17.9044 0.00934685 -48.5347 40.5499 -154.576
-6.52425 17.5192 -0.427948 -100.019 -23.8864 124.369
-6.02661 15.74 0.159529 -50.7172 10.3222 -61.0105
-4.59801 -18.0638 0.352915 91.109 -35.7533 -51.1618
-6.9084 14.0615 -8.48898 -148.709 -12.1831 -357.818
-3.54344 -20.5195 4.89398 185.537 54.6299 2.33835
-5.89063 20.6976 6.20781 -48.6128 -5.95414 -66.4118
-5.73908 18.4476 0.385199 -38.0091 2.14143 -140.2
-6.99997 12.7355 0.100663 -163.872 -84.0289 -63.0105
-4.35744 -17.4996 0.271887 86.2546 102.066 -36.1934
-4.77103 -13.0329 -10.8916 38.5306 -13.1539 86.5179
-3.16059 -13.6215 -0.0328937 197.055 -52.2593 -68.3062
-5.52896 18.3416 -3.09338 -39.7554 4.88083 27.7212
-4.34025 -19.8327 3.01561 73.6083 -81.4585 23.7326
-3.46402 -14.7104 -1.33443 157.775 -45.7637 30.4268
-5.92332 14.3038 1.35382 -101.955 -34.1566 -182.438
-3.62187 -33.2711 4.40028 113.622 26.6191 67.799
-4.4648 -18.8091 8.62937 26.3511 -23.4086 -60.8492
-6.45509 16.1201 0.938964 -171.624 -63.0377 -27.0775
-2.58439 -14.4617 -0.0460811 210.772 -124.806 -92.0994
-3.88435 -20.4686 -0.404238 77.8397 -121.835 72.4405
-4.59426 4.78917 5.70589 3.65871 -125.884 24.3505
-3.86487 -19.751 -0.16588 75.2634 -23.3129 -61.8473
-3.9453 -20.598 -0.459549 59.0871 19.996 -1.5385
-2.71648 -15.4696 -0.342228 179.373 -30.5212 55.6117
-1.91967 -7.00036 1.5238 258.258 43.5344 -41.2204
-4.7154 -2.19307 -11.794 -25.3465 -107.739 10.1902
-3.12621 -17.1861 0.506646 131.147 8.0068 0.532147
-3.38275 -19.3728 0.741661 104.903 -30.7196 -63.9098
-5.70687 15.5544 -0.580793 -127.156 109.68 179.092
-1.76806 -16.3908 -0.18608 262.066 -169.959 -120.977
-5.73362 16.1146 -0.199453 -132.257 -202.666 8.78041
-3.25581 -15.9166 0.0123411 102.826 -24.9361 -94.7075
-3.9592 -20.2804 -0.509264 29.8213 41.2809 -7.85386
-3.77097 -15.2508 -0.324765 44.8399 -21.96 147.58
-2.71614 -22.2502 -6.2282 146.914 61.3258 109.332
-2.96138 -16.3497 0.633442 121.632 -23.0141 -56.3201
-4.28636 18.3095 -1.31125 -12.6621 9.30285 141.793
-3.54654 -18.3922 -0.431053 53.7416 -23.1909 27.1508
-4.63399 20.5243 0.259268 -55.4914 3.10995 2.63338
-3.09361 -17.706 0.288336 96.16 -30.0172 61.0245
-4.95378 16.6354 0.305706 -96.3212 -16.4891 -113.589
-4.46613 2.26386 0.596942 -53.4519 -153.792 -255.079
-3.46608 -21.2612 0.691702 41.4971 -21.6227 -33.0015
-5.12997 14.1169 0.677947 -129.521 -37.7207 -169.321
-4.65128 15.8831 1.34892 -82.2654 -65.9364 45.7567
-1.51162 -0.105322 0.0529691 222.657 -217.147 -19.5723
-1.18764 -6.58747 -0.352361 247.993 -0.429541 153.7
-3.99144 17.5379 -0.39448 -45.3573 1.26946 -127.875
-2.47679 2.90341 6.41011 102.964 83.5706 -34.1336
-4.32729 8.40783 8.89747 -95.9764 -125.828 -5.70409
-5.58884 19.8927 -4.5883 -225.521 44.9203 -8.04086
-5.12639 14.7743 0.0707297 -181.231 -66.5939 -27.348
-3.76853 16.8164 -0.402945 -60.6316 -2.3633 -114.879
-2.98278 -18.8171 0.268036 11.3637 -15.0089 76.1586
-3.92275 4.90271 10.4488 -82.7888 54.0449 66.5041
-2.26236 -17.6189 -0.128055 66.9241 -15.6502 -128.076
-1.51608 -0.776466 2.85582 140.943 152.371 7.66402
-3.91172 18.0116 -0.823353 -101.594 -9.13249 -2.66554
-1.09009 -13.4776 0.0972802 169.112 -14.1519 129.823
-1.12547 -14.9906 1.04535 161.392 -16.7502 -142.792
-1.45422 -18.8616 0.680401 127.563 -65.5594 -33.7715
-1.35046 -14.5406 5.65224 126.327 -57.0647 -71.7011
-2.0255 -16.1065 -0.892838 53.9151 -57.1312 100.542
-2.32005 -19.5708 -0.578277 15.6394 -13.6162 -8.50761
-3.43696 14.0333 1.24483 -99.9193 -20.6003 -208.067
-1.42419 -19.1388 0.506122 94.5694 -68.5705 -20.6541
-1.3285 -21.9715 12.4039 96.5709 -39.2018 178.827
-3.7667 17.7863 -0.593556 -147.828 -22.7632 72.2136
-0.895575 -17.0858 0.00855905 135.135 -7.55863 86.5284
-4.01701 14.7199 0.174697 -187.676 -45.5444 -71.0244
-1.00555 -16.521 0.77516 106.033 -15.0664 -41.9814
-1.26745 -17.5262 0.100895 79.2985 -10.1946 90.8807
-1.14014 -20.1143 0.798471 91.7114 52.328 -50.681
-1.38551 -20.4876 0.316108 62.8881 -18.1354 45.642
-2.53115 15.4027 -6.59628 -57.3778 8.79113 -30.0122
-2.28696 22.7907 -0.128382 -44.12 -97.8342 7.30531
-0.811843 -18.4429 -0.0352268 98.313 -11.5588 107.088
-0.807092 -18.9382 0.179757 92.7484 -14.3881 43.8256
-1.60035 -15.4563 -0.476979 8.45394 79.3309 0.455279
-1.19421 -18.0675 0.53965 47.2672 -11.148 -39.8173
-1.64864 18.0486 -0.35898 -0.436246 -38.7181 -25.1175
-3.36059 14.6546 0.299864 -171.388 -32.659 88.7871
-2.6502 18.1969 0.316417 -103.429 -2.71353 -117.144
-0.921684 -18.6555 0.931018 54.2535 -15.96 -64.5201
-0.818421 -15.3161 0.0906111 63.4259 -13.9459 153.561
-2.35947 16.1796 -0.327788 -90.8581 -3.41222 82.5378
0.0854273 -17.2297 -0.456551 149.822 65.5635 64.5328
-1.77487 21.1307 -0.88372 -38.7517 11.3521 36.6423
-2.36477 16.7181 0.153657 -115.438 -8.95701 -65.5979
-2.07031 15.4632 0.518804 -89.2298 -5.79762 125.039
-1.21325 18.2829 -1.01811 -13.1321 10.3089 14.9487
0.16758 -16.6152 -0.079937 120.858 -68.9075 -57.1452
-2.82689 14.6394 -0.576436 -185.439 -29.2898 -29.5865
-1.94615 17.38 -1.12467 -100.07 -1.44276 69.4756
0.322578 -19.7544 -0.596715 104.58 -10.0428 90.8386
0.34133 -18.9934 -0.156615 90.9721 -8.96056 -40.4917
1.20418 -14.6776 0.156895 172.009 17.1306 -122.093
-1.62024 15.1336 -1.15879 -109.838 -1.93339 115.541
1.23269 -16.6759 0.0408862 170.485 -2.23319 4.74379
-0.677159 20.6121 -0.422685 -35.8712 11.8451 61.4651
-2.28377 2.95886 -0.49621 -197.161 -228.417 59.6263
-0.0455347 -0.0986688 0 13.956 -0.0643861 0
-1.75145 14.8913 0.434073 -158.243 -18.3205 139.739
-1.1886 17.2662 -0.599444 -110.882 -1.87994 -6.90072
-1.35958 13.8814 -1.19008 -139.189 -4.56392 145.101
-0.558102 20.0456 0.0765481 -65.6254 10.324 -89.6615
0.144619 18.9132 -0.999377 2.44957 -29.2418 -65.2299
1.57899 -16.261 -0.381585 116.774 8.46864 34.7892
2.31253 -9.90456 -3.48546 189.232 94.7354 -92.914
-0.421551 18.1528 -0.28554 -85.0439 7.14776 27.5899
-0.417469 18.9447 -0.209313 -95.6375 7.3662 1.61401
2.47348 -14.4506 0.309075 187.778 35.922 17.5266
-1.6493 19.4899 -0.00125979 -224.294 43.3285 59.8145
1.39711 -18.3985 -1.3048 77.4486 -5.2073 63.0099
1.32841 -17.3653 -1.21961 70.1178 -4.99983 55.8129
0.304734 19.8454 -0.175529 -37.174 13.3867 -76.28
0.867674 -18.47 -0.569433 11.4125 -11.5725 -18.7243
0.569268 19.4982 0.528547 -19.3692 12.4421 -9.50679
-0.966358 17.0736 -0.826765 -173.136 -7.87291 64.7702
1.86766 -18.247 -0.296491 105.335 -45.4769 17.8685
0.33406 18.5517 -0.588307 -49.828 12.4247 58.7139
2.50097 -14.1384 0.632605 160.016 30.0527 -83.9274
1.64416 -20.8276 -1.39432 68.6691 -7.89221 45.8469
-0.649605 13.0997 -1.05663 -160.806 -8.02228 179.195
-0.170818 18.5121 0.333773 -116.612 7.65074 54.2074
0.701744 21.1603 0.680616 -46.6824 16.12 -43.0493
1.75603 -17.9856 0.514912 53.8055 -8.49783 -139.164
1.66482 -33.5626 -2.16261 42.6408 -175.93 -4.26539
2.31715 -17.9044 0.893541 100.295 1.20487 -9.18458
0.175976 15.6747 1.28095 -117.81 118.945 -35.609
2.88996 -12.7303 -6.791 150.026 -32.0156 45.5374
0.70137 16.4401 0.836563 -84.1761 9.55867 -127.881
0.734801 17.7004 -0.0423837 -84.4042 11.3411 151.419
3.04248 -16.961 -0.0511286 135.505 -12.5428 -79.4271
0.784357 18.8828 0.204176 -90.0851 16.0046 85.1981
0.769048 17.9195 0.174023 -93.1815 10.5734 86.7829
3.06755 -16.3321 0.250197 133.594 18.6114 50.7499
1.21547 18.2568 -0.725434 -54.1013 17.8053 21.0852
0.853839 20.8562 0.456738 -95.4308 10.9052 23.167
2.01412 -19.2962 0.279146 18.1236 -11.7449 -65.5353
2.11697 -20.4657 0.389411 25.0524 -11.8943 -98.1191
3.11815 -18.131 0.0970852 123.816 5.06928 -4.93679
0.0259922 17.0151 -0.53085 -184.082 88.456 2.03022
0.278259 -0.773076 7.56298 -164.907 -104.681 -16.8976
3.69524 -13.2814 -0.0421475 172.176 61.2901 92.3469
0.899298 20.1247 0.498773 -115.466 15.6218 4.58847
3.48443 -13.5354 -3.01289 141.102 4.75108 154.9
3.01018 -15.3858 0.903822 90.472 10.4979 -156.785
1.96777 18.5301 0.194549 -21.678 12.9218 104.305
0.321467 18.4779 1.78614 -187.234 -72.6735 18.0987
0.228001 12.2124 -0.594085 -213.888 1.49482 141.802
0.752932 34.617 -7.05283 -162.302 103.488 -102.955
3.797 -34.879 -7.7903 125.494 -53.5743 -85.8014
4.21208 -14.6873 0.463088 156.277 38.3633 -33.781
0.912218 13.3192 -0.0327243 -173.523 12.8024 114.303
4.03853 -9.14238 3.41137 130.571 -127.772 -46.829
0.997314 16.2569 0.55439 -176.169 18.5874 -42.5357
1.01217 16.7039 0.125866 -177.296 12.4372 92.103
1.51388 18.9946 -0.681537 -132.334 24.8245 -0.72847
2.29054 20.4524 0.808104 -59.6843 20.1933 -66.5678
2.08793 17.525 0.165373 -87.8517 33.1684 105.096
1.02885 14.3821 0.113733 -201.059 3.97142 77.4864
4.40288 -14.3665 0.0223522 130.34 33.7313 116.693
1.78121 13.0069 -0.176933 -136.768 19.2184 169.59
3.39933 -16.892 0.224698 17.8278 15.3747 -161.777
3.96567 -20.5008 -0.229342 73.1422 1.16011 -43.5844
2.91505 17.9434 1.01886 -38.0447 19.3522 26.8428
1.46605 15.0835 -0.204249 -185.459 28.615 -104.172
4.45853 -15.5757 3.77112 110.516 78.1903 63.0956
2.07105 16.0834 0.571996 -128.566 26.2984 -32.5907
4.85235 -16.4307 0.708449 135.995 30.056 -95.8327
3.90513 -19.5808 -0.545246 34.9854 -4.30787 58.249
2.8691 16.9316 1.34825 -71.7129 21.3581 -93.0428
4.80207 -16.0534 0.0607635 114.487 31.7502 107.806
5.21711 -17.7214 0.486617 149.54 39.1077 -18.4766
3.29559 17.7454 -0.470487 -44.7573 17.9958 29.6113
5.38561 -13.0621 -0.014233 162.134 70.9303 -120.733
3.39801 18.4112 -0.53251 -35.7932 26.2948 45.8045
4.53172 -3.4881 1.77063 76.1029 179.928 42.192
4.84205 -16.0151 0.43128 100.063 20.217 -20.7108
3.45666 21.2942 1.27084 -44.5441 21.4046 12.8459
3.118 2.84309 8.02356 -90.6753 -1.76703 135.066
3.45308 18.4709 -0.507551 -57.8143 13.0726 34.4915
3.61077 9.87878 -7.18584 -45.0047 125.198 115.471
2.20812 15.5632 0.301514 -186.623 28.6301 45.7852
3.27481 -1.95224 1.3886 -81.3326 195.704 -27.3867
3.39177 20.3229 1.47106 -70.2001 25.2642 -66.5764
5.16935 -22.0355 -3.40264 98.3957 222.36 138.02
3.52048 18.0942 -0.428078 -92.7035 29.7105 14.1231
5.18497 -16.7167 0.0863477 69.233 9.23368 97.465
6.0005 -16.0587 0.438534 141.933 38.8558 39.7662
6.4807 -17.1075 -0.238317 174.284 89.8357 55.0363
5.79214 -18.942 0.607712 101.56 17.6646 -46.0063
6.14859 -16.3362 0.863367 130.334 40.6293 -87.4707
3.14836 25.3378 -6.28703 -177.466 -91.6312 77.8623
6.41323 -16.9265 0.825713 143.667 10.8383 -200.727
6.33093 -16.0648 0.219223 127.314 -33.9004 -102.432
6.62897 -17.2668 -0.237582 153.781 50.0893 40.5915
4.11978 9.21773 10.4021 -95.822 50.7489 -55.7248
6.32174 -16.6686 0.585782 121.269 34.0288 1.47536
6.39439 -19.1757 -5.0353 125.647 51.5605 -2.55696
3.89757 1.15636 -6.52131 -131.757 -21.1737 -131.745
6.15924 -19.9079 0.451784 86.5098 13.1494 9.06741
4.39357 16.3232 0.19758 -89.0766 32.8651 32.3863
7.06306 -9.52251 5.78722 155.043 11.7902 -75.059
5.09215 19.6511 0.243462 -50.1987 26.0118 37.0224
6.85721 -17.974 0.645029 120.537 31.3885 -2.3182
4.06348 14.0068 0.753444 -160.701 50.8569 -150.752
4.31267 15.355 0.183079 -136.175 41.7216 31.5171
4.7502 17.4076 -1.5694 -92.9196 17.1848 94.1602
4.91495 15.5425 3.13 -79.1195 3.91742 69.1597
5.27312 10.3763 4.97136 -52.7032 -109.443 145.691
5.42652 16.6508 0.144386 -37.9654 25.1579 -40.9576
6.328 -12.6809 -4.64091 51.5438 -52.7913 132.669
4.26353 16.388 0.584975 -153.726 46.3173 15.2059
6.36049 -15.706 0.136641 52.5734 11.8367 -71.399
5.97083 -7.89854 -8.83512 5.5669 -91.9637 74.6193
6.62442 -20.214 0.726247 65.6177 6.53105 -47.6034
5.75479 16.413 -1.24246 -22.4547 70.0711 -243.79
5.07486 13.5647 -0.234119 -90.6808 142.974 -100.314
7.26588 -12.911 -0.75982 116.439 56.3881 134.105
5.41841 16.2511 -0.307532 -71.6969 33.3815 97.4779
7.00244 -15.8519 -0.257957 81.1101 26.7737 -74.6388
7.58342 -17.4362 -0.607029 119.086 43.6746 17.4401
6.92495 10.0165 -11.1155 44.6186 1.77552 1.23189
5.38846 15.79 0.207015 -115.003 15.8355 -56.4938
7.79742 -11.0119 1.66496 117.931 68.0459 -149.924
7.66538 -13.4485 0.274383 98.5477 47.1031 -187.276
7.05965 -16.8818 -0.550817 26.4368 1.43467 52.5883
5.49478 14.9167 0.889959 -129.427 135.609 -116.682
7.63892 -18.2088 6.56902 78.1757 49.1073 -151.64
5.67577 17.9185 1.1048 -118.033 -54.5173 -160.885
6.53186 18.17 -1.83067 -33.2162 75.1895 78.6936
4.47587 6.38207 0.280846 -238.936 153.784 -49.6064
7.49837 -15.0576 -0.237037 57.7177 19.3603 120.557
6.34773 18.7474 0.347728 -61.9295 37.1491 99.4061
6.10274 18.1484 -0.109879 -96.4102 39.0259 26.5381
8.19547 -14.3752 -0.240212 105.471 49.1474 -36.6965
8.67344 -12.4041 1.09893 152.65 94.8946 67.1301
8.72463 -15.6982 -0.202398 129.302 180.632 -37.8554
6.52482 16.2735 -0.535412 -95.032 50.1957 48.5438
7.38508 16.8899 -0.854716 -11.3498 17.9835 86.4139
7.94177 -17.52 -0.576687 38.6492 5.58425 6.11215
9.22755 -12.0752 -0.400393 153.254 110.312 -85.3139
8.87695 -15.3963 -0.259048 117.428 -69.4468 74.0634
6.70605 25.2148 -10.4268 -100.561 20.8066 -16.5032
6.91627 15.9097 -0.112158 -81.7684 46.9387 52.5596
8.87264 -15.7354 -0.550018 111.308 31.6849 -43.5529
6.83692 13.0246 1.35275 -114.963 67.2828 -116.748
6.96922 5.50763 6.11234 -103.967 186.569 -33.2859
8.96858 -8.36821 -0.538356 90.8072 91.4194 192.041
6.9017 35.079 -2.49706 -118.278 -136.02 132.1
6.76729 16.5375 -0.24242 -133.689 63.5695 -43.4186
7.99677 14.455 0.288676 -21.6902 50.3355 -106.949
6.64105 10.9517 0.413071 -159.143 89.5246 -145.912
6.57356 8.08892 -0.0768784 -170.837 124.617 169.233
7.88222 14.283 -0.115024 -43.7878 39.9858 111.616
8.87775 -17.0626 -1.61489 48.5061 11.0963 14.9585
6.88692 15.2198 0.150931 -149.373 73.3348 -28.7582
8.78183 -15.3373 -0.364665 38.1129 17.7734 -44.6842
7.15684 13.5431 1.23806 -129.039 80.4778 -68.9674
9.08145 -12.1378 -9.51125 58.1881 9.04951 -35.6678
10.0973 -9.70109 -0.255896 145.144 151.286 109.281
7.8905 15.5001 1.27369 -75.0806 52.1709 -37.9535
10.0381 -12.9408 -0.660253 137.082 95.8951 -21.8746
7.92543 20.9766 1.27776 -76.2452 -6.93333 -13.6772
8.11996 14.4202 0.197334 -61.0139 21.0857 -91.7183
9.67123 -9.22184 1.74725 88.6665 83.5713 -200.037
7.80344 17.8753 0.16658 -101.576 53.4602 -30.6218
8.39842 18.5864 0.372081 -47.5134 36.3489 29.6024
10.4007 -11.7576 -0.147157 150.004 127.777 32.9755
9.6032 -17.1524 -0.989893 68.3403 43.0102 33.9051
8.26294 11.792 -1.93063 -74.7146 159.126 63.8422
8.64766 15.5532 -0.145646 -36.639 33.7917 17.7403
8.13324 21.0489 7.13475 -88.6124 21.3341 -19.0476
8.68618 15.8264 -0.1348 -37.5866 37.3874 125.81
8.30804 17.661 7.74647 -78.4082 50.0385 -59.5055
9.72998 -12.0879 -1.36814 62.5248 38.0306 206.877
10.4431 -13.3263 -0.708694 115.331 88.2881 -2.89727
8.00082 7.70553 -0.353446 -135.453 121.576 187.45
9.89338 -12.4872 -7.5493 51.1667 -11.9253 -90.794
10.6043 -12.1596 -0.946888 103.318 80.3557 -40.104
7.93308 13.292 0.144927 -163.57 91.4321 -67.7577
8.38908 28.4402 -6.2057 -118.439 -53.0537 95.2835
9.50947 8.46667 -0.728836 -18.4552 36.0943 238.111
10.6452 -7.73513 -6.32201 90.0734 -32.8906 -56.6359
8.68006 16.825 1.41842 -109.369 71.7992 -51.074
10.7963 -11.8522 -0.24876 100.622 81.9312 63.8548
11.2783 -14.4827 -0.247662 142.834 99.5088 -158.839
11.0398 -5.05621 0.183324 92.8155 214.078 4.97784
10.5929 -2.69033 -0.376013 47.5626 223.871 133.643
11.4612 -14.4661 -1.00202 130.898 -10.1061 12.0494
9.13287 13.0884 -0.591092 -105.319 145.876 -21.8952
8.65791 14.5843 -0.112563 -164.005 102.6 8.879
11.076 -13.5159 -1.42457 73.567 49.7455 126.151
10.9912 -12.0974 -1.74029 54.0213 -11.7084 80.8134
10.3757 14.4734 0.904156 -19.1537 27.5841 -27.401
11.7923 -14.7876 -0.75231 120.113 33.5366 -13.0182
11.7454 -11.3258 -0.975158 112.601 106.477 131.38
11.061 -18.6517 -0.537741 40.0557 6.80954 20.2317
10.3147 14.2185 -0.544998 -41.48 41.8395 24.7817
11.7502 2.64799 -3.05088 101.068 -15.2505 94.5133
9.95778 13.4526 -0.263011 -79.3527 69.4672 -54.2811
9.83019 17.29 -0.326767 -93.0477 63.5537 70.1028
10.353 14.2765 0.729699 -42.2021 45.5927 23.6995
11.2386 -15.7843 0.243108 41.1561 157.573 -8.60553
11.7099 -16.6606 0.888572 80.064 135.745 160.887
10.8292 7.39274 -3.93378 -7.4959 161.139 18.4789
9.91111 22.0937 3.37318 -105.264 -31.0429 -33.9391
10.7945 11.2353 0.473644 -29.5014 41.7466 -204.241
11.7914 -14.8852 1.08949 61.1455 30.7045 -121.682
10.815 13.4366 -0.516386 -39.15 46.1812 -82.0434
9.43619 13.4799 -0.491093 -179.277 57.892 -58.287
11.9972 -7.02248 0.396316 70.1621 122.869 -144.458
10.0782 13.2522 -0.694531 -137.088 100.259 77.4863
11.9641 -15.3884 2.66959 47.1448 -20.4268 -63.8579
10.9977 11.4091 0.926357 -54.1675 58.144 -170.653
10.8267 14.7051 0.452311 -77.0719 69.9947 117.431
10.7446 3.85843 0.457206 -90.3827 200.276 -119.744
12.3305 -12.8187 0.261837 64.5688 49.0326 8.04424
12.1291 -12.4373 0.574134 37.8511 21.3883 -89.7035
10.9071 9.31848 0.484355 -87.3933 101.548 -131.893
11.0624 7.56163 -0.125149 -75.5814 123.194 -157.242
11.2293 15.363 0.596572 -63.7686 61.3846 84.0159
12.9537 -12.3457 -0.450637 101.303 93.6681 -45.5807
12.9047 -18.2896 0.789879 93.083 183.088 -17.7799
12.5843 -16.9238 1.864 58.5782 23.5697 -8.63068
10.8906 9.08681 -0.176317 -116.061 141.932 70.4253
12.8059 -15.8415 -0.797629 69.9474 44.1495 -34.2781
11.6334 4.4122 -0.476004 -47.8291 166.552 168.282
12.8015 -7.67923 -0.246676 61.5112 86.0516 142.484
12.1049 6.53731 0.414474 -17.0751 45.8867 -200.554
13.182 -14.8563 -1.44221 88.4493 63.9935 35.3529
12.1229 12.4861 0.0273012 -22.2503 38.5122 48.9026
13.2099 -11.304 0.319045 85.034 87.4756 22.4073
11.2531 9.38714 0.184275 -113.433 153.197 -39.5145
12.0823 12.5824 -0.724897 -32.405 45.2897 156.043
11.8093 11.9156 0.0243307 -61.0446 72.1734 47.7211
12.4385 3.13413 0.732197 0.541279 31.0096 -248.238
11.6148 9.9123 0.498818 -86.0581 117.812 -135.216
13.0472 -15.6847 -1.47167 53.837 24.7798 88.2696
12.0996 2.3119 -0.0140149 -50.2492 242.79 -18.5646
11.5091 12.6455 -1.10746 -109.754 104.315 10.1517
12.7925 0.150081 -0.280835 12.4488 235.672 26.4078
11.4337 35.467 -14.1316 -125.239 -3.26477 54.5925
13.5467 -11.3838 -0.372418 81.8885 90.5156 19.1749
12.6309 14.2233 -1.76873 -18.7582 30.6576 20.8706
13.4556 -13.9261 0.64087 61.1128 43.839 -100.284
13.9052 -8.22826 0.00155069 104.072 157.353 -27.2622
11.8857 10.047 0.33187 -104.032 135.624 -83.7173
13.8529 -9.95656 1.06581 89.8946 106.241 -84.3829
12.339 12.4502 0.468511 -61.5182 77.7089 -85.9065
12.4829 9.81448 0.77212 -53.4188 88.3575 -163.315
12.372 3.92681 0.370747 -68.9335 208.959 -101.818
14.0949 -7.12395 2.0184 94.6054 301.473 -310.237
13.5042 -7.84884 -0.661037 29.5999 206.852 272.667
13.8074 -10.7328 -1.21876 58.7311 59.2152 -50.5301
12.2738 14.3596 0.00336507 -94.4083 87.8256 92.3992
12.4218 15.1515 -0.955449 -86.6512 86.2718 19.8802
13.4261 -0.936701 -0.615665 9.9704 17.5874 202.759
13.8431 -3.88186 0.394668 48.9445 119.927 -135.913
12.6948 12.7587 0.186681 -74.3997 83.832 1.96339
13.9261 8.40385 2.25426 47.2018 139.375 -56.1237
14.0275 -13.8274 -0.978962 53.6242 35.0307 -85.6017
12.7457 8.15502 2.26954 -77.4107 126.132 137.348
14.1955 -8.12113 -0.37386 66.1302 96.8742 87.4846
14.4693 -8.41468 -0.0953265 88.9476 129.036 1.46179
12.8294 8.82836 -0.938298 -78.2459 131.741 60.1828
13.0707 9.63954 -0.00191866 -70.5242 108.481 -36.1792
13.1492 11.4375 0.316178 -65.4015 96.349 -76.7417
14.5615 -10.0704 -0.614821 74.4754 83.5788 79.1343
14.7297 -10.3419 0.537819 87.3683 112.417 -93.6083
13.6503 1.56292 -0.168511 -20.3076 195.282 -28.4638
13.3424 9.95421 -0.204171 -55.4762 88.5631 24.8908
13.2235 8.70472 2.88692 -67.7015 116.156 -155.867
12.7844 10.8642 0.386299 -111.404 128.71 -99.0359
13.8284 0.538577 -0.856218 -10.6748 137.682 198.292
13.9056 10.2698 0.549108 -11.3566 34.0314 -138.843
13.2624 9.28681 -0.201335 -80.795 136.848 -36.2794
14.7167 -6.85506 0.177105 63.399 116.122 -29.5883
14.4599 1.27417 6.77891 36.9417 71.2228 43.5687
14.5713 -10.1507 0.770317 44.5049 46.9913 15.9512
13.9842 0.394397 -0.362747 -14.238 185.036 46.3775
15.0965 -7.96486 0.688502 82.1012 76.2577 8.61772
13.9016 14.2616 0.297399 -36.6409 49.8351 -25.6498
14.8526 -8.40081 -0.352204 56.7441 78.602 79.6694
13.5379 13.7915 -0.0464465 -83.4969 94.5775 -59.0128
14.7949 -9.28994 -3.88444 40.4993 42.8136 -10.4515
14.9396 -8.85236 0.683454 54.3489 76.8 -131.715
13.6778 14.0161 -0.348707 -71.1639 84.4591 32.6327
14.6063 -9.75296 -0.15401 16.5703 4.05123 116.75
14.4357 13.3789 -0.0154875 -1.85326 22.151 -44.6755
13.7376 8.63346 -2.79518 -72.2152 117.394 -109.263
15.0899 -6.30029 0.524938 61.5278 130.488 -78.434
14.7575 -4.03477 -1.82845 27.825 -13.8275 86.6638
14.8696 -11.3573 -1.75045 33.7516 24.3529 82.7204
14.9734 -4.29639 0.525725 41.3224 111.897 96.0013
14.3577 -2.27065 5.92729 -21.1391 -20.2541 -24.7595
14.1114 14.6377 -0.136408 -46.4157 61.4971 -35.2755
13.9923 12.2663 -0.118906 -62.6663 79.5832 57.9356
14.4823 15.9054 0.0956838 -14.1057 22.8452 10.6894
14.9209 -3.11234 -0.50411 29.1255 114.684 180.21
15.0709 3.57782 2.16256 42.9726 -59.5515 59.4357
13.6637 11.7451 -0.0561828 -100.003 113.93 38.0095
14.1534 7.33966 -0.111839 -53.5871 128.166 -51.0162
14.7268 0.36517 -0.0611836 0.898427 211.913 53.3488
15.5101 -8.92111 -0.39398 76.6932 118.121 91.1144
15.3605 -6.05058 -0.0719087 61.0844 132.542 -143.569
14.4458 9.02467 0.19786 -34.8467 75.8049 -16.3737
15.2105 -7.97177 0.904127 26.7886 99.0745 67.9602
15.4677 -13.7392 0.419045 50.3775 37.7804 -82.8115
15.5843 -6.46034 0.0993806 58.7973 122.375 54.6137
14.8268 2.16772 1.26462 -16.9548 134.826 -167.712
15.8454 -9.71095 0.475541 82.9653 110.139 -11.2217
15.0239 2.40204 8.34785 0.00467826 85.7042 -77.8187
15.7311 -7.69241 0.0489596 54.0455 81.9752 -121.789
14.3881 8.88167 0.748496 -82.1168 38.9972 -101.144
15.1812 14.0348 -0.0446939 -6.78297 29.4996 -38.222
15.4588 -1.45755 -0.177892 18.2884 135.974 70.7385
15.6122 -13.7481 0.138476 32.8907 17.1436 3.43585
14.6241 7.82974 -1.36833 -65.4077 220.806 -68.3849
14.6127 21.2948 5.92866 -66.5418 -58.0325 -136.631
15.1482 0.501297 -0.161069 -14.0428 177.835 -20.85
14.8159 9.05071 0.735721 -48.8016 109.265 -85.6044
14.8376 5.8455 0.323484 -51.6006 149.647 -70.5271
15.9048 -5.34467 -0.34758 54.217 146.096 -84.7047
15.0778 11.4379 -0.0647379 -33.3177 65.0296 -23.0203
15.6275 -15.4991 -4.10611 19.4456 105.884 80.9819
15.7959 -10.5917 -0.421728 29.2664 22.8615 11.928
15.2298 8.1233 -0.375463 -31.6312 83.2567 22.7773
15.3147 16.3851 -4.65667 -25.9472 233.521 0.728735
16.1191 -10.9509 -0.794195 53.0524 51.6525 123.126
15.0193 12.8943 -0.368417 -57.9561 87.033 27.2377
15.4857 8.39032 -0.842825 -14.943 54.2156 164.126
15.1149 7.92564 -0.259043 -53.2693 112.29 -11.7727
16.0888 -4.41062 0.101836 41.0315 112.386 -48.5321
15.1737 5.13778 -0.0426632 -50.2055 170.7 27.6728
15.7873 0.611507 -0.27366 9.98159 159.804 10.3224
15.9247 -9.32073 0.621149 21.388 12.1828 -56.8653
15.7122 6.69024 -0.424364 -0.354434 28.6176 160.714
15.6435 3.64658 0.259102 -14.3179 125.55 -109.285
15.6036 27.3758 -16.2664 -28.7419 119.56 15.0982
16.285 -3.41676 -0.185006 36.0786 130.48 84.7813
15.799 3.79271 0.182821 -16.3459 92.6253 -86.1905
15.9335 0.781301 0.227444 -7.00595 109.756 -143.684
16.4807 -4.82299 1.11495 45.1216 152.101 -58.7286
15.5748 5.39477 0.00762104 -47.809 139.479 12.6588
15.8391 5.66532 -0.288696 -23.2196 96.6275 103.812
16.5818 -9.90698 0.273215 50.2127 58.2633 56.0442
16.5144 1.39403 -3.27532 38.9567 100.553 13.1176
16.172 3.98958 -0.426733 4.72624 79.8054 91.5839
15.7452 13.324 -0.377158 -39.6244 73.3395 18.0103
16.4795 -2.83568 -0.42109 32.7202 165.689 73.4235
16.3778 -1.31436 0.159427 21.9402 137.942 -14.2935
15.66 6.26797 0.328815 -49.5727 129.874 -70.5437
16.15 8.87289 -0.497228 -1.30842 26.8746 53.8786
15.8409 9.8075 0.235394 -36.3814 86.9185 77.9108
16.8381 -7.76625 -0.600176 61.3754 104.21 39.6842
15.737 6.32765 -0.213877 -50.2429 121.491 95.9328
16.4355 -1.16606 0.690793 18.6457 91.7331 -177.054
15.964 14.239 0.211587 -30.7126 52.9811 -40.1216
17.1337 -11.339 0.424469 85.0593 243.664 -4.57848
16.3837 2.73299 1.32389 0.925933 48.9673 -161.833
16.5082 -1.30315 -0.276782 13.1681 67.9728 102.126
15.9643 3.68397 0.0580832 -42.5337 101.519 80.9505
16.4174 0.649871 -0.15353 -0.838982 161.102 -29.2621
16.6087 -3.14343 0.453407 16.5621 32.1801 -110.442
17.0884 -8.39475 -0.330981 58.1613 101.148 -14.5414
17.1066 -9.62703 0.180219 58.9083 79.1072 -87.7655
16.9873 -4.71989 0.0810604 46.7736 137.102 -43.1437
16.8376 0.783908 0.171429 31.5985 118.054 -45.6526
16.9532 -5.51996 -0.84922 42.7401 106.025 57.0215
16.5147 -14.8664 3.13469 -1.11627 20.4116 86.5413
17.1785 1.44843 -0.415747 63.2312 -22.0857 2.48713
16.7135 -0.408104 -0.842349 13.7776 78.2142 84.0531
16.1799 6.53478 0.118275 -40.1158 120.984 -4.94071
17.1927 -14.5491 0.100126 58.2753 175.65 15.1663
16.6993 -4.56041 -0.879634 3.67055 81.2221 -115.873
16.687 5.55334 0.791032 2.32479 38.4131 -143.81
16.6716 0.71055 -0.145651 -0.467436 148.111 -32.8643
17.0656 -7.65174 -0.0617033 38.2842 58.7808 47.3555
16.9047 9.33536 -0.181092 18.2764 14.5559 -4.92237
16.7382 2.23175 -0.322695 1.53659 77.656 173.025
17.1138 -6.44569 -0.668838 38.3395 67.8234 21.5133
17.0266 -3.42127 0.0591576 26.6363 92.1352 11.1642
17.2341 -6.64226 0.143504 47.2073 142.555 5.02331
17.3328 -5.40983 -0.173361 48.4489 44.0635 115.807
16.5779 3.76138 -0.130537 -27.3228 161.459 8.42787
17.0072 -1.40212 0.254626 14.3302 88.2377 -60.2199
17.1299 -2.7339 -0.335586 26.0994 107.829 45.1082
16.6582 10.5395 0.105069 -22.8506 57.9444 19.0203
17.5492 -7.63131 0.65106 65.4784 127.921 -45.457
16.7137 10.8082 0.464604 -21.8345 56.667 -34.113
17.0884 -1.24685 -0.339742 13.6244 39.0693 122.031
17.1747 -5.39451 -0.940733 18.5568 48.0102 -22.3742
17.3184 -8.86394 0.532701 32.0105 37.103 65.6624
17.1474 0.907974 -0.519305 13.2197 99.0244 79.2378
17.0113 10.8323 0.508192 -1.79181 25.2605 6.54846
17.3145 -2.90643 -0.335704 27.2123 152.724 44.5128
16.8547 6.11149 -0.0174621 -21.2678 78.7103 21.6754
16.7829 8.98663 -0.348817 -29.9392 83.7684 5.10017
17.4744 1.52038 2.82588 30.5706 -28.7265 -3.5911
16.4151 10.9625 0.233925 -78.8211 64.329 -9.58557
17.0898 1.0188 -0.283304 -13.3912 76.0213 40.8736
17.6437 -7.07496 0.197657 40.9393 75.112 35.2841
17.5835 -3.35522 0.320006 33.1816 170.039 8.37185
17.7983 -5.96778 -0.550213 49.3133 95.6557 -38.2732
16.8206 10.3185 0.591533 -50.3602 114.064 -22.3271
17.6208 -4.73314 1.21893 23.2502 39.3258 -72.4052
17.0488 6.97922 0.459547 -35.1871 101.883 -107.811
17.94 -5.54128 2.4222 53.179 46.5501 13.2019
17.5552 4.36734 -0.0270718 6.05027 70.9573 13.0855
17.8935 -1.4294 -1.07404 37.5495 64.6083 27.8479
17.935 -10.6165 0.502149 41.1931 40.2852 -3.07207
17.4479 5.46806 2.64669 -11.9366 59.9542 7.92075
17.1047 -1.73723 2.48835 -46.3775 -17.5411 64.374
17.4565 9.73459 1.72708 -14.2324 166.007 -20.9343
17.8424 -6.94796 1.69338 23.4699 40.1189 70.8438
18.028 -8.64055 -0.450284 31.3034 34.8619 74.074
17.7151 11.2746 0.556722 -1.02899 28.6439 -1.58462
17.7639 5.91612 0.491414 2.3287 39.4972 -45.6168
17.5504 6.36877 0.151734 -19.5303 81.4198 -29.4997
18.2586 -9.14929 -3.52612 46.3695 62.0637 0.198438
17.8585 1.02399 -0.256848 6.12119 78.5655 -4.40156
17.7625 4.38317 -0.261997 -4.3921 71.2704 46.3072
17.4915 0.650753 -0.271879 -34.9673 203.743 -21.159
18.2793 -8.78691 -0.208071 34.4365 42.0206 -1.08446
17.9987 1.05791 -0.0296827 6.47942 71.9276 51.4218
18.3181 -6.82527 1.03743 35.7687 64.5798 22.2474
17.942 7.60462 0.315387 -2.42774 42.5427 -61.6763
17.9996 -6.02174 1.90089 3.19928 16.0573 125.121
17.8038 5.48597 0.0299928 -17.8873 88.9352 21.8989
17.9274 6.21453 -2.57312 -6.62683 65.8277 -41.4182
17.2461 6.08166 1.88463 -74.5434 22.0649 74.447
18.153 -3.38425 -0.18579 15.3762 19.8925 88.1038
18.2658 -9.94184 0.0905028 25.406 18.9688 7.49836
18.2641 -5.04156 -2.04057 21.8289 37.8619 50.2577
17.9696 9.82292 -0.0135291 -8.04586 41.4615 -105.339
18.1764 -0.656927 1.77517 9.28263 41.9048 3.14774
18.3052 -5.60249 -0.739873 17.2981 13.5924 8.41792
18.395 -3.64745 -0.222612 25.7498 85.1443 99.8616
18.5302 -10.1909 -0.188983 33.6057 29.3207 22.8698
18.5321 -3.03416 0.0406434 32.977 139.438 -74.9817
18.585 -12.9377 0.280112 37.2661 59.4641 28.1564
18.6687 -7.51044 0.485711 45.3254 86.2066 -47.3977
18.4375 7.7598 -0.656338 10.626 137.387 -104.583
18.5878 -3.59369 0.40247 23.5884 58.2849 -91.4028
18.0194 6.37341 0.0962951 -39.6553 126.898 -12.1158
18.618 -1.16499 0.210799 15.3417 56.4322 -25.376
18.691 0.231669 0.234709 9.93567 105.073 87.6234
18.6897 4.7994 -0.155627 8.69307 21.01 11.8481
18.5992 22.8199 -6.06203 -0.380403 106.548 -85.1692
18.7387 1.24503 -0.0412673 9.65053 31.0732 56.7348
18.7136 5.05635 -0.33925 6.72178 -7.8459 -56.5133
18.8082 1.13803 -0.0589112 11.7804 64.8628 -69.5688
18.5668 7.80098 -0.170026 -14.0253 60.0416 88.2439
18.6835 -7.60322 -3.00998 -6.39277 -11.9607 -34.0362
18.7396 -8.63005 2.25467 -1.10103 148.394 17.2584
19.0588 -5.18525 0.858995 30.4851 61.3328 62.7851
18.6568 4.10921 -0.787371 -10.2282 133.813 114.684
18.8386 4.50893 0.141376 -3.25602 42.7322 -45.595
18.8839 4.62898 -0.300396 -3.91808 100.488 87.3361
18.8465 2.96903 1.13626 -9.6876 108 -68.1806
19.3609 1.26097 -2.45429 40.0822 44.9599 35.9129
19.4197 3.1398 -1.95926 43.9613 175.861 -108.994
19.3866 -5.49553 3.86595 34.4837 38.1898 -22.409
19.1899 1.1761 -0.168995 14.301 61.7532 -37.642
19.1648 7.04858 -0.0440672 -9.08063 64.7495 32.1149
19.6067 -5.27388 0.84316 27.3279 45.6232 76.7875
19.6113 -1.46923 -0.0486115 18.485 56.3895 35.455
19.4033 4.84635 -0.415334 -3.63408 60.2938 90.1562
19.567 1.15914 0.0586887 8.76247 75.5459 28.0378
19.8802 -1.67976 -0.00291919 19.1895 115.483 21.7341
19.7414 4.98546 0.00792763 2.31342 46.1578 -40.2545
20.003 -3.88595 0.197514 26.5332 68.2321 -26.1464
20.1217 -7.45238 -0.760963 32.5181 45.602 17.937
19.7991 7.36229 0.124399 -5.06413 40.8081 -25.0555
20.0277 1.13469 -0.502637 5.81077 92.2251 60.8501
20.0922 10.058 2.9085 8.89726 182.149 30.8981
20.401 1.1726 -0.40012 11.5513 89.213 27.6064
20.6592 1.35296 2.36874 15.6397 5.05302 -25.499
20.7533 16.3298 -7.74488 -27.9613 18.4003 0.37763
23.5775 12.2632 4.44531 31.9742 71.7379 -40.3531
24.7706 -4.09978 7.46868 23.9359 103.946 7.62268
25.5743 -13.4436 6.93119 57.8705 120.229 -51.2499
29.1502 -10.1508 -9.0624 50.6812 -21.5764 12.465
nan nan nan nan nan nan
20.0808 -2.81756 -0.43664 14.7753 9.88955 66.3057
20.6362 1.17665 -0.476859 -0.7293 59.2344 77.0004
