-18.2235 -1.3065 1.5512 -125.079 -147.558 -22.7908
-16.1923 -14.6064 7.78337 -20.7725 -153.944 -72.136
-14.2519 -3.10272 5.87354 166.932 -282.351 -87.0097
-16.0545 -11.5348 -0.661896 -22.0333 -84.1481 3.98671
-14.1697 -7.08871 3.1186 162.746 -38.8444 -13.891
-14.5165 -4.96532 2.95008 72.7854 -200.745 -23.058
-15.1626 -0.601731 1.40558 -5.66798 -214.363 -10.7278
-14.0319 0.548008 0.217506 101.484 -337.81 3.77657
-16.1437 1.9769 -5.6049 -116.025 -256.383 -1.82144
-16.9548 -5.31867 -11.2636 -208.772 -194.436 -136.726
-13.1448 -4.61597 -7.87675 162.786 -65.6944 104.7
-13.9867 3.69383 -3.57784 48.938 -195.221 75.1614
-15.2394 0.114515 -0.81886 -78.0549 -203.613 4.79304
-14.4911 -3.66856 4.45554 -6.27322 -148.009 -51.9136
-14.8045 -4.2338 -8.50799 -40.7427 -176.411 11.6206
-14.5281 1.05619 3.98465 -43.7645 -203.553 -64.1487
-14.1646 -1.9929 -2.62293 -10.4214 -198.139 26.1629
-14.4053 -0.339256 1.15545 -43.8089 -210.629 -4.17317
-14.9227 -5.94233 -16.1029 -106.601 -144.496 82.2358
-15.1053 -30.323 9.19626 -136.802 -364.377 -1.9556
-13.7249 -6.90635 -8.39928 -16.551 -127.518 119.041
-12.1154 10.7037 1.00873 141.735 -153.908 -13.2522
-13.1688 0.0228545 6.55985 35.2863 -183.01 -72.0472
-13.9611 -2.3316 0.845536 -43.5819 -202.16 -14.0432
-12.2807 -3.9858 4.53878 122.72 -231.415 -65.2913
-13.1618 -7.05378 6.28349 33.4943 -145.381 -92.3627
-12.7057 -8.76764 0.884086 74.3375 -50.37 7.80721
-14.1013 -0.188453 4.15239 -86.039 -138.426 -52.0771
-14.8981 2.90386 -0.320599 -175.692 -137.192 7.54075
-12.0055 -6.99514 3.36713 107.344 -172.005 -48.411
-12.358 -8.70576 -1.05012 66.3379 -207.312 25.1228
-14.3395 -0.802698 0.842445 -140.285 -159.527 -13.1031
-14.5347 5.69047 1.96039 -170.986 60.3901 -42.8313
-14.113 -21.7214 1.11508 -129.638 -336.208 33.5375
-12.6611 -8.96869 1.08715 8.45825 -206.758 -41.3021
-13.825 -5.93046 1.46385 -107.245 28.8802 22.5807
-13.6611 -2.58807 4.10568 -91.4238 -186.303 -67.6993
-13.1581 -2.13052 1.33227 -47.0582 -197.599 -20.2418
-11.7033 -17.1563 3.32908 95.4353 -165.235 50.2273
-12.6505 -11.1055 0.825877 0.113866 -186.506 -8.27327
-12.4967 8.45104 -6.58201 12.9537 -66.9333 44.9276
-12.6347 -6.88556 -3.05635 -1.38414 -221.184 9.9831
-14.2527 2.22545 -4.28741 -166.966 -141.808 14.8502
-14.0463 -7.00757 0.761428 -148.057 -18.983 -32.213
-12.0712 -4.31183 6.70933 47.3426 -169.15 -78.9585
-11.9955 -7.73904 -2.37233 49.5398 -205.755 39.2969
-13.5761 2.40085 12.7575 -109.182 -141.124 4.06609
-12.8884 0.375994 -4.97515 -45.8604 -270.257 61.0947
-13.1388 4.70127 0.751863 -74.7593 -216.391 83.7851
-12.7141 -3.27725 -3.79124 -37.3561 -190.987 40.9439
-11.7245 -0.74335 -10.159 59.6358 -150.307 124.112
-12.8364 -4.3192 1.83564 -50.9216 -195.031 -32.4302
-13.4707 -0.914042 -3.47331 -115.747 -35.2558 -50.3385
-13.3234 6.7181 -1.72592 -103.514 -126.116 -111.997
-13.4288 -2.72114 -3.68483 -114.07 -176.199 41.5904
-12.9105 6.44445 -1.40197 -63.7463 -326.695 15.982
-12.1445 -5.17628 3.39928 12.2595 -184.789 -55.3944
-12.6437 1.49001 7.07986 -41.6806 -225.784 -65.7513
-12.9279 -3.77165 -5.30872 -71.4797 -198.605 65.3423
-14.4873 2.63264 0.964279 -227.121 2.59688 -16.3017
-12.2256 -6.51427 -1.45642 -4.53819 -198.511 5.99042
-13.7748 3.05691 3.47748 -160.585 -131.155 -41.8493
-12.7325 -4.91627 -1.39298 -58.3238 -278.062 138.767
-12.9753 3.6067 1.04902 -83.5717 -173.053 -12.1503
-13.5276 -4.84784 -3.39745 -140.681 -167.815 64.3009
-12.4653 -3.72483 4.28512 -35.3614 -179.171 -63.2912
-13.8866 0.631404 -0.912934 -179.726 -105.357 15.1175
-13.3101 -7.9771 9.00128 -128.387 -144.715 -24.2369
-12.4469 -9.46052 0.57539 -43.0837 -165.09 -30.2881
-12.8516 -6.54998 -3.40349 -92.1862 -199.796 53.5543
-12.8941 -5.16527 -3.54953 -103.345 -188.82 46.8829
-12.7837 -5.66924 -2.87219 -94.2765 -195.761 33.5426
-10.8152 -9.37505 -3.00112 99.3049 -175.048 35.7509
-13.8268 16.066 -14.7152 -201.708 74.3698 39.8415
-12.9096 3.27934 -2.35147 -112.042 -148.149 26.8882
-13.5363 0.452427 -4.45639 -179.518 -53.4049 44.2491
-13.0825 3.75833 4.19953 -135.004 -340.258 -81.4327
-13.8232 4.78578 -1.04655 -211.208 -71.5145 6.3425
-13.5212 2.35747 2.99347 -184.579 -88.4917 -43.6855
-13.3089 -0.616593 -4.64642 -165.32 -124.818 64.7009
-12.9837 0.190948 -5.17633 -137.381 -142.292 76.4926
-13.6261 -1.58255 -0.535889 -208.485 -39.4088 20.721
-11.8526 -1.15991 -8.61194 -33.3936 -178.489 108.781
-11.6508 -9.51486 1.02964 -14.0268 -217.53 -1.49364
-13.4078 6.60345 -4.53219 -192.048 -80.0392 21.4689
-13.2529 -1.75762 0.424749 -177.853 -109.637 -9.90068
-12.8549 3.58684 4.82204 -139.867 -141.994 -51.2286
-12.2534 -2.06114 4.86971 -80.1704 -168.968 -75.9749
-13.5159 2.95882 0.623447 -205.701 -55.4843 1.9991
-12.8566 1.41387 5.19638 -146.253 -136.732 -71.1442
-12.3844 -5.27765 1.48456 -99.6469 -184.145 -14.4055
-13.2645 -3.5238 -5.65383 -187.918 -95.889 78.0298
-12.4398 4.20638 -2.87777 -108.285 -197.748 43.0047
-12.4958 6.49965 1.36527 -115.563 -159.024 -15.1014
-12.251 0.681307 -3.65996 -91.5602 -166.044 49.6366
-12.2352 -5.01884 3.13118 -98.0566 -326.746 -14.1971
-13.3071 -0.936915 -3.63301 -204.719 67.1321 38.0682
-11.7675 -0.910463 7.82449 -52.6666 -273.908 -256.02
-13.3396 3.9922 3.01202 -209.621 -54.5778 67.0389
-13.0158 -2.79611 -3.20271 -178.198 -100.209 46.1549
-12.1083 -3.0224 -3.78052 -89.6402 -162.763 35.4765
-11.4028 -5.1162 1.8558 -21.8995 -227.103 -36.749
-12.3214 6.84203 3.67935 -113.424 -162.263 -45.0678
-11.9296 -5.47222 1.16484 -75.7692 -182.528 -6.57004
-12.2615 1.68576 6.6251 -110.57 -138.898 -86.3576
-12.7491 -1.97668 -4.82743 -165.547 -104.47 66.9458
-12.2831 -6.38758 1.96619 -119.616 -190.473 13.7423
-12.6919 -4.26304 -2.45251 -160.445 -166.439 9.65198
-13.1998 6.43809 0.355439 -211.674 -49.4529 -8.13141
-12.1072 -2.88058 0.32412 -104.219 -155.928 2.80165
-12.2104 7.99157 3.33677 -114.51 -160.881 -46.7929
-10.2695 -8.08405 -2.44957 76.6804 -178.242 8.17256
-11.7382 -4.96553 6.42285 -69.564 -108.554 -136.479
-12.5313 -1.36081 -0.427978 -148.811 -124.781 15.2613
-11.7036 -8.09415 0.895782 -68.5366 -204.602 0.205577
-12.4951 -2.81744 -5.48494 -153.001 -124.32 56.7391
-12.1538 -7.58474 -2.74786 -122.619 -186.186 46.3331
-11.7046 5.65099 6.56793 -86.7423 -166.783 -81.6816
-12.4437 -5.54004 -2.23497 -160.824 -102.61 32.805
-11.1063 -14.3042 11.9156 -28.3808 -167.361 -126.458
-12.8701 5.77497 0.233365 -209.003 -41.4904 -6.48863
-12.8261 4.55527 -6.17077 -204.668 -26.1508 76.3753
-12.4558 -2.3251 3.21075 -168.206 -99.5181 -37.0199
-12.7443 1.17196 -4.76 -197.197 -31.54 71.1293
-11.9778 -5.32612 -3.97534 -122.128 -158.22 36.3181
-12.2869 0.882092 4.48804 -157.27 -100.592 -67.7946
-11.9155 -9.19496 -7.00718 -121.4 -176.119 59.3837
-11.6514 -7.93512 -1.0542 -96.1327 -155.549 14.9017
-11.4485 -5.46321 -6.16372 -75.9893 -176.037 87.9817
-12.5432 2.48092 -0.432087 -186.382 -60.1732 7.55721
-12.5366 4.40047 0.0609576 -185.943 -82.5536 16.7482
-11.8692 -5.08419 -2.54064 -119.979 -158.435 17.958
-12.2715 0.443133 9.28371 -161.256 2.69707 39.2372
-11.9698 1.09344 -5.13044 -133.133 -127.45 70.2834
-12.7524 5.70705 1.31339 -211.654 -18.81 28.2104
-12.5581 5.06453 0.314954 -192.494 -76.0498 -45.0843
-12.38 4.40036 -6.50393 -174.985 -100.001 76.3781
-12.7204 5.02848 5.47692 -209.191 -31.9915 -74.2824
-12.2557 5.36805 2.60012 -164.979 -112.584 -44.9897
-10.3638 -8.16974 6.1143 22.16 -194.265 -56.1807
-10.9478 -5.22625 -8.36134 -36.126 -174.397 115.043
-12.4212 -0.684401 -4.65947 -183.428 7.06826 -7.2074
-11.8529 3.21932 -3.35445 -129.664 -166.645 40.1728
-12.3417 3.6613 -5.18155 -180.335 -74.7406 68.9287
-11.8829 -4.14399 5.40046 -136.994 -137.252 -63.1485
-12.009 -5.88606 3.81861 -151.611 -348.893 -176.935
-12.4813 5.18126 3.6354 -198.582 -35.1784 -50.341
-11.0069 1.02204 2.78272 -52.8779 -212.84 -26.7452
-11.8647 -6.62745 -1.14195 -140.439 -155.202 -1.2413
-11.569 9.17689 -0.916316 -112.03 -173.934 8.35228
-10.8206 -8.45094 0.0445254 -38.148 -200.311 -14.6393
-9.84779 -8.94687 -2.40786 55.8257 -186.66 34.2318
-11.946 3.52353 7.51063 -153.406 -95.2533 -101.388
-11.3018 -1.14463 6.47519 -89.5465 74.5273 59.7178
-11.2356 -8.96171 1.9081 -83.102 -120.185 -24.3449
-12.273 5.00553 -0.848839 -186.639 -73.2552 4.60842
-12.6239 7.64593 -0.924026 -225.732 13.1786 -4.78145
-11.7788 -2.13786 5.31302 -149.793 -103.801 -69.4732
-9.16104 -8.78521 -6.3751 108.226 -143.751 92.3551
-10.1809 -6.6563 7.86414 5.02884 -175.782 -92.61
-12.1545 5.27888 -4.89549 -191.485 -12.5778 112.978
-11.5537 7.12684 -4.85803 -133.931 -137.89 58.9034
-11.6592 -1.27092 10.0744 -145.584 -100.194 -126.231
-11.8123 3.60801 5.33345 -165.967 -76.346 -58.0911
-11.5416 0.0835662 -6.033 -140.617 -110.947 74.3605
-10.1836 1.83054 4.8929 -7.33317 -313.264 -73.4031
-12.1034 7.42392 -1.82071 -199.147 39.0639 9.21668
-10.599 -4.17844 0.717591 -52.3772 -205.485 -2.96252
-11.2737 5.44123 7.90873 -119.976 -136.492 -100.423
-11.3238 2.00226 5.74396 -125.395 -128.923 -77.712
-11.7197 4.68035 -5.29136 -168.8 -86.3414 70.2381
-12.0217 1.94644 0.581602 -198.81 -72.1658 -18.8843
-11.735 -4.72998 -0.0517375 -171.924 -106.702 2.71321
-12.0799 6.55673 -1.96587 -206.607 -47.7386 27.2518
-9.20393 -18.707 -9.81094 76.4586 -177.701 15.1395
-11.1385 -5.1959 6.97113 -116.16 -146.114 -104.326
-9.7478 -4.68213 9.51171 21.1568 -156.379 -115.476
-10.9429 3.46872 7.64318 -98.4228 -139.282 -95.5618
-11.2103 -5.71389 0.324974 -125.433 -147.778 -18.9331
-10.8466 10.1448 0.316117 -93.2178 -167.617 3.06019
-10.4534 -9.8409 -3.7873 -56.6567 -206.259 33.8275
-11.9938 6.86074 -5.51436 -210.433 16.5782 55.5896
-10.3762 -6.02334 -3.07583 -52.5064 -174.757 57.4556
-11.6043 0.205675 4.11806 -174.737 -44.4327 -60.7488
-10.1568 -0.557451 11.3453 -31.0498 -150.559 -143.722
-8.80273 -9.72133 7.82314 102.44 -160.599 -90.142
-11.3533 0.853596 -5.66056 -151.829 -85.3461 75.2852
-11.5235 -2.45384 -1.24687 -169.333 -126.064 24.0306
-11.7334 6.18464 -5.17548 -190.433 -67.8182 42.8148
-11.7801 2.76332 4.6157 -199.738 -62.1319 -21.3671
-10.1643 1.50652 -10.5737 -39.4726 -145.052 133.139
-11.1818 8.26465 -3.32157 -141.135 -143.628 36.3622
-11.5735 5.28118 -0.0139078 -181.761 -71.3852 0.642528
-11.3823 -3.4305 0.93322 -165.649 -78.7531 -7.79147
-9.52513 -10.8808 -5.14208 16.8695 -206.15 50.6124
-9.63338 -22.941 10.0532 3.47664 -239.157 52.3836
-9.95798 -14.798 -4.48373 -28.8736 -98.3652 59.2711
-9.77499 -2.45426 6.91706 -12.0021 -209.935 -100.087
-11.4738 6.92767 1.48847 -181.175 -66.4862 -28.8587
-10.7915 -3.77036 7.8979 -119.846 -131.906 -85.7832
-11.4547 3.93107 1.32833 -187.225 -21.1887 -20.2783
-10.5367 -6.13208 -4.07503 -96.8715 -157.566 61.6954
-10.8465 -4.10106 6.33942 -130.385 -127.345 -82.7175
-11.1072 7.57424 1.5339 -156.968 -120.1 -4.69122
-11.5765 9.12628 0.691156 -207.578 89.9725 -16.9213
-11.5662 7.21371 0.370464 -208.512 -19.3981 0.46005
-10.9485 0.882945 -5.00772 -147.38 102.889 49.0882
-11.5693 8.27462 -1.74692 -213.694 -2.34795 6.9646
-10.5146 -4.21138 -6.3796 -110.039 -197.508 80.7471
-11.4226 7.79417 3.16475 -200.37 72.9435 -41.3645
-11.104 6.6303 4.9698 -169 -93.4584 -70.0344
-11.4312 7.26063 5.55919 -202.683 -21.5681 -66.7519
-7.76435 -11.6744 2.15805 156.167 -31.6304 -100.006
-11.2806 6.45663 -1.07685 -193.511 -13.4651 18.9026
-8.71001 -12.4956 0.330243 61.2885 -164.965 5.40394
-10.8405 6.78157 3.81229 -155.735 -113.651 -50.0798
-11.0823 5.07168 -0.121949 -188.122 -132.908 3.83894
-9.51219 -9.6237 2.58734 -33.2359 -198.653 -22.2442
-7.57887 -11.9555 -0.652331 156.741 -118.16 15.406
-10.7787 6.43784 6.58188 -162.875 -90.3509 -76.179
-11.301 8.64984 -1.60121 -216.27 25.7541 2.32933
-11.2272 8.35149 0.425138 -210.703 -5.47836 -20.8056
-9.47252 -11.1199 3.75079 -39.7717 -212.606 -56.0352
-11.0168 6.20508 0.649782 -195.663 27.5429 -27.7816
-9.89721 11.3267 -4.94863 -85.4398 -180.92 61.0425
-7.68975 -11.1827 6.17037 133.04 -133.642 -84.3906
-9.56871 -6.39368 6.52498 -54.1114 -167.471 -74.8453
-10.2902 -8.36519 0.563399 -130.811 -71.9645 44.2992
-10.4294 4.36897 6.96896 -144.673 -92.4519 -96.5727
-7.59401 -11.6282 -0.206669 132.25 -167.109 3.74528
-10.8301 6.51687 -6.43065 -189.425 10.6381 68.9899
-10.6302 5.89001 -6.93052 -169.886 80.3235 74.9273
-9.95375 -32.5158 24.3784 -102.729 -536.276 407.726
-10.9228 7.51063 4.34423 -199.016 0.895106 -70.8155
-8.06275 -8.10932 1.62997 84.1677 99.5545 33.744
-9.40312 -14.2056 0.726403 -54.6361 -519.7 -57.1891
-9.71699 -8.9061 -1.77789 -88.1215 -210.536 57.9676
-9.07053 -8.58794 6.04353 -24.4561 -182.081 -67.9801
-10.6349 9.11316 -1.76651 -182.079 116.897 23.2784
-8.78021 -5.7444 -10.8996 1.9885 -156.404 148.962
-10.2659 8.33931 -3.51624 -145.73 -128.364 59.5031
-10.722 7.28289 2.03728 -192.056 -14.1399 -23.9969
-10.1159 7.52084 -6.88171 -134.204 -120.501 88.297
-8.49534 -12.365 0.96752 21.6305 -149.078 -8.06754
-10.8778 10.1778 2.11611 -216.082 -43.0911 -18.6029
-8.60666 -10.1697 0.516384 9.48774 -210.768 6.83062
-8.12171 -10.3672 3.24129 56.2266 -178.5 -33.3588
-8.62925 -10.4675 -2.52244 5.2596 -204.764 18.0474
-9.83745 -3.52376 4.37617 -118.999 -162.131 69.5308
-8.18908 -24.7426 -0.267513 44.0312 -311.535 91.4078
-10.4455 -2.6812 3.46043 -181.656 -133.306 -42.3311
-8.40494 -12.3466 0.970671 17.5631 -225.564 -8.6118
-9.65372 -7.31651 2.12384 -114.515 -148.573 -18.2284
-9.65399 9.89719 -7.30093 -116.727 -149.176 93.78
-7.37608 -15.3831 -3.52439 106.316 -124.881 40.8962
-10.4129 9.17661 0.399948 -198.251 -49.9773 -0.290414
-10.5262 9.62385 1.82297 -212.347 39.7779 -37.8855
-9.56758 -3.4331 -3.17875 -127.528 -158.553 3.46015
-10.3091 9.4984 -0.850332 -201.609 72.1445 3.51286
-9.91412 10.9282 -2.70177 -162.816 -18.3832 34.0645
-9.41256 10.4841 1.95533 -113.061 -172.036 -15.6015
-8.59647 -9.00817 3.30945 -34.6123 -184.971 -32.3337
-9.27403 9.76326 -6.83822 -104.169 -156.164 80.5586
-7.3377 -11.6525 -4.28869 86.239 -174.927 60.9971
-9.82566 9.28606 4.62058 -161.992 131.731 -48.1723
-7.3551 -10.0238 2.15517 75.3628 -233.385 -17.0195
-9.49949 -6.3201 4.88514 -138.199 -110.052 -68.6746
-8.79793 -6.40307 6.03171 -68.91 -152.187 54.201
-9.85735 7.28507 3.94583 -176.292 60.4557 -65.5546
-9.14487 1.23457 8.47629 -105.522 -108.718 123.455
-9.87646 8.99863 1.52375 -179.036 -85.043 -18.1588
-9.18976 -10.2208 -1.63849 -110.916 -180.691 30.1287
-10.1826 10.11 4.53547 -212.998 41.2937 -59.0864
-10.3272 5.05396 7.09319 -231.51 -9.23443 -16.5483
-7.58803 -12.1129 3.69417 40.2676 -213.934 -37.6273
-7.22073 -7.40361 7.53771 75.5229 -184.511 5.63391
-10.1654 10.3016 2.87342 -217.433 -10.4095 -42.4158
-9.37401 10.1345 -1.11054 -139.66 -137.184 22.0761
-7.75886 -10.9415 2.78778 18.4935 -204.483 -32.5124
-9.92775 8.55554 1.51444 -200.631 12.6657 -34.8241
-9.36443 9.40037 -4.33307 -145.227 -124.281 48.0523
-8.93122 9.80337 3.14411 -108.827 -150.724 75.7145
-8.45248 -12.1414 -1.18228 -63.2386 -215.296 21.6028
-9.65426 10.8838 -1.98327 -184.196 128.482 38.0298
-7.39556 -9.96689 4.70936 40.0651 -175.553 -66.5474
-8.56233 -10.4019 1.39852 -77.423 -192.59 -32.9445
-9.36308 8.10793 -6.91817 -157.567 -85.318 81.3408
-9.23402 4.44232 10.4188 -149.86 -33.6425 -137.226
-9.38714 8.54942 -1.12867 -165.247 105.312 -30.7066
-8.17391 -3.54756 6.59967 -50.3736 -178.545 -11.3652
-9.54381 9.05941 -2.97491 -195.107 45.0253 23.2389
-9.28197 7.13767 -7.79125 -169.243 -55.1941 111.712
-6.18163 -11.4445 4.61095 137.471 -119.193 -52.8015
-5.94442 -12.3916 -4.61318 157.886 -88.6956 64.5897
-7.34857 -17.3849 1.98781 17.4643 -101.864 -22.7796
-9.30635 7.85201 3.81717 -177.991 -15.5983 -62.196
-9.63622 10.4969 -3.01795 -212.558 23.1626 25.1815
-9.12622 8.23817 -0.716866 -163.76 76.2271 42.7574
-9.02625 8.27669 5.27901 -157.396 104.398 -62.6041
-8.48767 -3.36884 -12.329 -105.542 -183.947 170.155
-8.82126 10.2418 -4.29735 -138.733 -135.025 47.9955
-9.006 7.44576 -6.91554 -158.193 -72.007 86.8931
-9.28559 12.3953 -4.76763 -186.949 -23.8322 39.2586
-8.99291 10.8129 -1.10243 -159.201 -120.519 6.2232
-7.31927 -12.0269 1.85883 6.5052 -217.093 -20.2264
-8.33509 5.09613 -11.6625 -94.913 -108.714 148.111
-9.08453 7.74582 -7.50235 -169.496 -56.7803 94.3389
-7.83639 -10.9133 -1.82191 -46.3306 -199.27 42.951
-9.36422 10.5385 -4.81477 -199.58 77.8332 68.1644
-8.12842 -2.49015 -2.66509 -76.8262 -220.463 -72.0613
-8.41957 -5.67532 2.73869 -107.009 -149.966 -58.0074
-6.85402 -2.10403 6.20661 47.8956 87.6513 39.6029
-6.95053 -10.9744 -2.82589 36.9829 -196.893 45.8207
-9.20671 7.39204 3.77102 -188.963 -8.90416 5.47492
-9.24262 9.19523 -2.83707 -194.856 -28.348 23.1669
-7.82358 -7.91877 2.957 -60.6511 -223.321 -36.21
-7.59183 -18.0232 0.373167 -43.5369 -484.678 95.8226
-9.47297 9.76135 0.175457 -231.338 10.5028 -20.9833
-9.13311 10.223 4.38582 -198.006 -41.1402 -70.3143
-8.89486 14.8575 -3.74439 -190.925 144.782 -150.85
-7.20146 -3.14269 -3.37597 -27.303 105.271 -52.7246
-8.9408 11.7057 -1.29654 -202.674 102.124 25.0328
-8.79273 10.164 6.29502 -191.368 -38.3224 -68.393
-8.4573 10.6857 -2.4584 -162.572 -114.146 29.2781
-8.74352 10.3204 6.84676 -191.013 -45.8657 -101.622
-8.76266 9.81446 6.1601 -194.041 46.0689 -91.9453
-6.70879 -9.91823 0.944921 8.73252 -254.216 46.6419
-8.81917 10.0958 2.51673 -203.197 27.7861 -32.9455
-5.41192 -7.37254 -7.04075 134.299 -148.908 -35.3561
-6.59787 -8.36187 -3.88005 16.2368 -288.953 46.9821
-5.88067 -8.2762 2.78005 86.7424 -213.442 -41.0212
-8.56601 11.0574 0.107929 -181.735 -82.6367 2.89357
-7.88607 13.0052 0.581987 -118.738 -165.917 58.1718
-8.77877 9.14685 -7.69567 -208.79 -55.679 -245.443
-5.97068 -10.8822 2.62937 64.661 -174.605 -21.8582
-6.45629 -12.7467 2.95293 14.6166 -212.474 -45.1844
-8.53404 6.4155 -2.84091 -196.147 98.414 31.748
-8.27897 10.1602 -3.65337 -177.28 98.0171 64.21
-7.95901 10.0903 3.37403 -152.549 126.728 -57.7296
-8.52162 11.3517 0.111779 -209.571 39.3554 -8.59058
-8.3894 12.8057 1.24715 -198.614 11.176 -24.2531
-6.57374 -9.58458 7.41491 -19.2248 -177.977 -87.3823
-7.07559 -8.85843 -2.22236 -71.6825 -226.01 24.5216
-8.17231 11.2334 -1.75837 -181.671 -56.5161 49.8785
-6.9985 -8.60567 -3.36568 -65.8966 -171.735 -58.3416
-4.79148 -12.2433 2.00267 151.824 -118.791 -19.1834
-5.72837 -13.5212 -0.144074 54.794 -245.701 249.016
-8.21523 11.0815 4.34907 -192.938 -51.9886 -43.4794
-7.88457 8.12951 -9.99472 -164.342 -28.4157 117.798
-8.21961 7.04069 -0.0798181 -198.162 29.3225 -8.19554
-5.69639 -10.0695 1.38143 52.435 -238.256 -9.51546
-8.01065 5.68956 7.67942 -179.154 17.304 7.58442
-7.12385 -29.3782 12.3027 -95.2576 -301.061 19.4134
-6.45102 -7.65404 9.96218 -36.1132 -148.212 -120.251
-7.76981 12.1414 -2.80567 -169.142 -101.378 40.2368
-5.45113 -12.4093 -5.33994 61.149 -191.215 75.0352
-7.54804 13.9914 8.19736 -156.09 161.643 38.7068
-7.69847 10.5856 -3.8584 -171.523 105.685 6.06573
-4.08824 -16.5018 -2.89941 187.021 -106.582 36.3774
-7.80489 9.73219 4.09094 -182.395 -39.3765 -40.8174
-4.25609 -12.7156 5.9824 167.597 -79.732 -85.132
-6.7656 -8.28113 4.51479 -85.7739 98.6598 -0.0545364
-4.55051 -9.7641 -9.80919 133.918 -131.017 79.1346
-5.35457 -16.7568 3.07757 53.2429 -162.833 -27.751
-4.46599 -14.2892 3.47599 137.048 -466.157 -98.2549
-7.42417 11.7704 -0.623951 -159.821 -116.239 -2.48261
-6.32195 2.13285 -0.0871329 -56.112 -212.852 -44.2131
-5.17159 -12.6175 -2.04868 57.2789 -198.123 32.6357
-4.96361 -13.4078 -4.92871 76.8219 -203.166 58.0228
-5.71002 -15.4925 -0.247141 2.43075 -190.394 -5.64486
-4.47132 -12.4209 -2.34277 124.495 -149.023 38.2093
-7.72724 11.7134 4.06981 -200.227 -37.505 -67.8515
-6.48973 -12.3806 2.66504 -81.2811 -127.815 -33.8402
-4.68436 -11.8674 -1.99533 97.8776 -155.457 20.7021
-7.20185 7.4966 -11.7538 -153.259 28.5073 140.218
-7.7592 12.0684 0.168649 -209.819 18.4969 -14.5755
-7.34939 10.1747 3.88988 -179.299 -35.0108 -54.4376
-7.5897 12.2296 0.955456 -207.956 64.3707 -64.9685
-7.39082 10.6865 -0.758109 -191.553 28.956 3.38819
-7.46802 11.9806 -1.12451 -199.476 73.4121 20.6596
-7.26764 9.60146 -5.53559 -180.829 35.817 65.446
-6.54969 11.8777 3.60648 -114.739 199.054 -120.67
-7.08938 11.2651 1.46527 -172.966 113.204 -41.4398
-3.74962 -14.4161 1.25962 157.059 -148.385 -8.1762
-4.8281 -11.8316 -4.43971 43.241 -181.154 64.9775
-7.3799 11.8151 -0.854961 -210.534 -0.0756535 10.6716
-6.03228 -13.4702 -0.738686 -80.9832 -218.857 -65.0692
-6.83258 11.3243 5.60298 -162.935 -94.5925 -68.7732
-5.164 -11.7963 -1.65104 2.62614 -198.9 14.834
-4.91428 -11.6262 6.26674 24.6538 -185.915 -91.4311
-3.9504 -13.015 0.313375 118.114 -176.413 -2.51155
-7.20394 11.7704 -3.90463 -207.628 48.6228 56.0285
-5.271 -8.52169 -11.9614 -20.2368 -138.634 -47.2133
-6.93427 11.3763 2.26055 -191.214 -4.10202 -42.6663
-5.55415 6.02222 -13.1687 -56.8328 -97.9042 174.91
-3.63777 -0.094053 4.72574 132.006 -180.7 0.898224
-4.27499 -12.9258 1.8995 67.4286 -194.85 -30.059
-6.70439 0.330619 -3.04474 -174.361 63.5888 -64.8777
-6.94051 14.7839 -8.23313 -201.381 -84.3681 92.5374
-6.82688 10.9566 4.58104 -193.328 22.25 -65.5346
-3.91341 -10.5879 -1.09559 92.6911 -213.147 9.63543
-3.55582 -21.8941 -1.22539 126.034 -383.948 -137.732
-4.88016 -9.64595 -7.55357 -5.86809 -166.85 100.666
-3.33408 -13.0582 5.25524 143.902 -141.945 -60.4293
-6.41767 14.3635 0.470139 -165.979 -128.593 9.06772
-3.36983 -11.7876 -5.77614 135.46 -118.867 82.3683
-6.55598 11.3941 -5.58402 -181.536 84.6599 82.883
-2.96619 -14.6412 -2.18195 174.059 -136.142 26.2162
-2.72324 -7.28861 7.79939 179.256 -86.2275 4.60993
-4.49961 -13.8937 2.12491 -5.19465 -226.275 -16.3652
-2.82055 -13.2332 -1.66503 159.48 -132.058 32.3469
-4.0967 -13.5222 -2.04285 30.5168 -216.141 35.2678
-3.34682 -12.6637 1.08488 93.6046 -176.883 2.4044
-4.10187 -8.50262 -5.61878 17.8472 -200.102 61.9141
-2.6161 -12.4535 10.5441 164.798 -160.395 -133.107
-5.80565 13.2011 -2.67861 -155.883 150.966 36.8231
-6.11799 10.8912 4.05558 -188.785 38.034 -47.5183
-5.94892 23.9279 -11.4425 -174.234 62.9451 45.7911
-4.45092 -12.0789 9.09485 -25.7708 -203.191 42.8263
-6.00895 11.3108 -4.76783 -187.812 31.0165 66.5426
-5.09702 10.7649 3.83277 -98.2486 156.831 -30.5887
-3.72419 -10.0896 -7.55798 36.5248 -161.855 108.999
-4.26723 -16.3254 0.031316 -18.309 -172.258 -10.5841
-5.60344 -4.19756 0.861761 -157.531 -32.8699 122.706
-5.6393 10.8419 -3.4679 -178.787 44.6732 45.1888
-5.49315 13.0215 3.2898 -164.293 147.309 -23.5373
-2.14062 -13.5166 4.94926 152.785 -133.564 -53.0051
-3.34162 -12.3405 3.85776 29.0428 -196.423 -36.1773
-2.30196 -12.8768 -5.30805 128.263 -137.007 76.4941
-2.34669 -14.8455 -0.476965 122.057 -99.5734 81.8513
-2.86055 -12.6933 -4.04593 68.3891 -186.302 31.4038
-5.07742 11.7347 0.0271574 -152.707 114.089 0.0782888
-5.1121 12.0894 -7.18597 -157.494 119.019 91.6001
-1.47085 -13.4419 -2.55831 193.557 -56.3304 58.1654
-3.18671 -12.1654 2.35616 21.4194 -187.199 -22.6726
-1.86234 -9.62633 5.23838 152.469 -183.336 -69.9312
-5.10028 11.1722 6.45093 -169.774 71.8566 -73.8962
-5.16188 11.829 -3.79282 -182.046 75.3562 59.1047
-4.70007 -7.18468 2.65319 -136.277 74.1517 -85.0216
-4.44931 11.618 -3.62152 -111.928 155.362 66.4235
-5.24376 13.3101 -6.92829 -191.098 -78.2895 70.8618
-2.37142 -11.3519 8.41804 93.5694 -145.34 -101.397
-1.73493 -16.058 -3.41772 151.925 -154.055 -51.784
-5.13783 13.9674 0.433216 -191.108 -82.8317 -18.6624
-2.54506 -11.9762 -3.62875 62.5465 -175.9 27.1831
-1.11077 -13.9755 3.95258 199.483 -42.2125 -64.0318
-5.07139 5.51698 -8.58436 -194.102 73.7846 103.318
-5.23968 14.6367 -0.105358 -215.324 24.8006 -27.8125
-1.56878 -13.4229 0.339137 148.122 -141.51 6.85349
-3.41574 9.61946 2.80809 -43.0303 -41.0761 73.7825
-4.83819 11.8673 -4.14408 -184.352 -9.72335 48.0743
-3.73471 5.7548 -3.23899 -79.4356 214.358 32.4997
-2.25088 -14.27 -3.25708 64.6611 -212.305 18.4332
-4.59058 13.4761 1.07802 -173.477 138.092 4.86446
-4.95183 13.4803 4.2111 -215.007 -11.8818 -60.6932
-1.55789 -12.2774 1.33155 118.505 -144.746 -10.2983
-3.46798 16.7432 3.74127 -73.4984 136.152 -17.876
-3.68323 13.287 2.78011 -95.4819 188.854 -32.718
-1.15553 -14.2108 0.569132 152.923 -156.327 4.77112
-3.49448 -8.11143 -3.46137 -79.9653 72.9788 90.2511
-4.1913 12.1106 2.52945 -171.766 93.6647 -40.4495
-1.24474 -26.5485 -9.24575 120.581 -62.2089 63.3829
-2.66376 -12.5014 -3.59134 -21.6097 -197.357 56.273
-3.54129 14.3518 -2.98749 -111.745 -171.67 37.178
-4.17696 13.0743 -2.32066 -175.416 -95.9407 16.8619
-2.40945 -13.1012 0.0151827 -12.021 -203.859 -11.7294
-0.963391 -14.2111 2.71126 128.991 -175.597 -26.3538
-4.32595 14.4956 -3.29753 -207.896 -55.7702 42.312
-0.123575 -14.6189 -1.74028 208.841 -26.7653 21.7525
-0.664442 -11.8875 -7.19102 154.094 -88.4691 86.8617
-3.76941 11.8734 -7.28637 -156.191 98.8251 93.0095
-0.572288 -14.442 -1.29294 159.11 -142.339 6.25127
-3.5642 12.5153 -2.48326 -138.617 143.638 29.5414
-0.0959807 -14.338 -5.60415 202.408 10.1985 74.3887
-0.275961 -20.0162 1.73642 177.63 -28.6742 -28.6576
-3.79664 13.4709 -2.9403 -176.469 128.399 56.2421
-1.4344 -12.2393 7.26967 55.3083 -184.521 -92.8536
-0.364332 -11.1292 8.61333 160.421 -61.4108 -89.0123
-2.38894 12.4273 -7.96077 -51.4631 188.302 86.7996
-3.36541 18.2434 3.91184 -149.184 37.7939 -31.9812
-3.6363 -1.31315 5.01973 -177.712 104.387 18.8354
-0.838658 -14.4892 2.00181 90.8549 -202.689 -32.9581
-3.75338 14.104 -1.48068 -201.711 63.2771 16.3855
0.262516 -13.8693 0.620925 196.145 -60.9535 -21.9529
-0.587136 -11.386 -0.847701 98.5582 92.0361 47.2778
-3.04786 13.6898 -2.90284 -149.199 163.099 59.343
-3.37466 13.0218 1.72382 -186.74 63.5528 -35.0043
-1.54617 -14.818 -0.358369 -9.935 -97.5847 -4.41434
-0.944462 -14.8945 -1.31067 46.5434 -457.013 -24.4703
-2.06139 3.80365 -8.80826 -64.6513 -97.6135 -109.903
-2.48008 11.8384 -4.27207 -110.771 150.143 62.9234
-2.94201 11.4176 -3.06049 -161.847 111.938 83.6022
-2.15353 12.88 7.22981 -83.727 184.632 -94.871
0.420609 -7.39139 -3.85839 170.783 -201.722 49.5658
0.850011 -15.1341 7.70941 212.505 -73.7159 -114.274
-2.5493 11.654 8.65121 -126.28 129.627 -125.598
-2.99787 13.6023 0.803772 -177.674 114.459 7.08656
0.0420343 -14.6669 -0.132012 122.04 -188.364 10.8678
-3.18755 13.2822 1.47919 -199.309 -11.1628 -14.7039
-2.62203 13.4002 -4.25245 -144.375 148.212 75.6019
-1.91893 12.6694 -3.55351 -82.8705 185.507 -11.1926
-1.98134 13.9233 -1.03991 -93.8581 196.021 11.9761
0.534319 -12.5588 1.65228 155.601 -108.101 -28.2172
-2.19728 8.8669 -5.65596 -116.644 125.203 -60.1392
-1.13892 14.6271 0.993968 -16.6727 151.908 -21.2451
0.504804 -11.8051 9.48832 145.465 -100.341 -129.11
0.721302 -12.6497 1.7745 166.432 -133.897 -36.1192
-2.90772 13.6186 4.86989 -195.264 -20.6311 -58.6935
-2.35882 13.9361 -2.91679 -143.719 156.983 31.4618
-1.83028 10.5912 7.67873 -93.9452 206.277 -108.722
-0.72474 -0.0662627 0 9.37238 -1.02478 0
-1.73391 14.8657 7.66628 -92.6959 201.268 14.8723
-2.59745 12.6027 -0.862978 -178.91 51.9708 -34.0661
0.213706 -12.2261 -4.77676 100.207 -159.442 69.4682
-1.72519 10.5679 3.14047 -95.5271 163.513 -41.365
-2.14566 9.37817 12.1441 -137.842 -10.7139 -154.001
-1.94962 11.6835 5.21187 -128.352 125.838 -49.6486
-2.03819 11.9009 3.51266 -139.44 120.308 -47.7347
1.57121 -9.6819 -1.30343 205.918 -150.715 -1.46453
-1.97344 13.4288 3.38324 -150.125 143.086 -23.4481
-2.07794 14.8941 0.48136 -163.948 143.304 -22.6653
0.903616 -12.4879 3.523 126.609 -138.51 -55.103
-1.71912 12.0584 -1.47076 -133.938 125.687 37.0727
-1.33541 12.3243 2.01018 -106.607 152.82 -23.196
1.62721 -13.7632 -0.355087 184.854 -70.1352 -9.07456
0.246812 -13.8166 5.14413 38.6503 -211.531 -65.2059
0.044361 -12.4276 0.528501 16.647 -191.493 -18.8337
-0.0197755 14.7654 2.53408 3.15998 167.161 -55.8395
-1.69255 12.3487 -2.10729 -167.999 95.0456 42.5879
-0.202282 12.3586 -1.45866 -21.2881 188.746 0.41674
-0.558549 12.2829 6.06922 -71.5514 174.988 -93.9344
1.49731 -15.2556 12.1507 130.862 -146.184 -41.5387
0.51831 -13.0007 3.44926 32.7517 -199.816 -43.3629
1.80639 -10.4283 -9.91065 152.953 -18.7137 129.844
1.40645 -14.5539 2.87398 111.951 -196.061 -26.3014
2.33957 -12.0744 0.116545 201.613 -123.185 -16.6322
-0.490945 9.22691 13.0807 -81.9618 -85.79 -173.639
-0.507882 14.2938 0.0518089 -85.0637 205.928 4.42746
1.01259 -13.5702 -3.27494 63.3933 -197.406 35.5922
-1.53574 14.7353 -1.63002 -194.428 70.3167 21.501
-0.78011 13.4087 -0.733555 -121.503 161.624 9.0606
-1.11736 13.8954 -1.77577 -155.656 119.755 8.30858
2.3369 -12.5481 1.32394 177.997 -64.1377 -37.6309
-1.40319 13.9812 -6.20626 -204.045 36.5494 61.3767
2.67942 -13.2577 -7.20732 195.859 -37.4725 82.8053
2.40727 -10.6397 11.1585 158.421 -32.7122 -123.473
2.60587 -12.4099 -3.34446 178.005 -59.9772 42.4816
1.86809 -11.6438 3.63998 100.148 -147.577 -48.9053
1.89632 -6.30658 -9.85185 99.1008 -163.043 47.3243
-1.00741 13.8314 -4.21075 -202.746 31.2226 100.384
1.50811 -12.6543 8.18775 46.2942 -156.86 -111.653
0.579919 20.8995 -0.452964 -53.7606 157.366 3.8682
0.673957 14.3116 -2.44079 -44.8981 217.75 17.0221
0.356487 11.9553 5.41822 -80.0911 165.268 -84.8698
-0.676007 14.5356 2.06733 -185.262 112.774 -38.1899
2.41378 -11.5608 -6.15054 115.065 -135.844 82.5137
3.02305 -3.81271 -1.63937 169.079 -99.938 -102.626
3.25521 2.621 -6.83872 187.788 15.5502 36.2479
3.16475 -14.1848 -0.118016 174.927 100.509 5.32398
1.3621 13.1083 0.84393 -7.9841 202.312 -1.44562
-0.380143 13.6336 -4.40116 -196.605 20.8233 39.7898
1.30373 13.9221 -3.34829 -31.9737 212.949 39.0728
2.66027 6.96305 -7.88597 100.152 100.681 -109.473
1.06606 10.4065 -3.15387 -65.5174 159.087 -86.6067
0.371534 13.5183 -6.47413 -135.174 157.094 83.302
0.808836 14.4537 -1.32149 -104.083 111.251 45.601
3.36825 -14.2093 -2.37967 143.437 -139.99 14.0413
4.09078 -13.3399 1.94511 199.901 -56.6146 -36.5601
3.50485 -8.99362 -4.92517 131.111 -114.118 -119.524
0.890631 11.7645 10.0081 -130.571 117.945 -114.989
2.0596 13.3058 3.66249 -23.1438 206.423 -55.4401
0.240013 15.0722 -1.19616 -204.469 75.2227 31.7321
1.34767 0.768846 4.05464 -97.2196 86.713 150.538
3.74614 -10.397 -11.2311 140.602 -93.2216 132.051
2.46118 12.403 -5.04007 4.27309 193.04 75.3571
1.29353 12.529 5.85305 -116.981 153.528 -76.9272
4.62314 -13.6023 1.35421 211.295 29.0898 -19.1759
4.46429 -21.9624 1.43852 193.628 -52.6697 -4.67537
4.14559 -11.9837 -7.26416 161.736 -99.1502 74.6634
4.26936 -18.4658 -7.35991 172.602 -69.8268 122.078
0.914306 14.5391 1.33367 -161.57 127.91 -15.4534
3.67235 -12.6105 -0.70933 106.043 -169.985 -1.42193
3.842 -12.562 -1.87925 122.273 -161.564 -5.5005
3.65753 -11.9552 -2.9979 88.6896 -166.571 31.552
1.71744 12.164 6.54654 -110.519 -5.11508 84.3073
4.88945 -13.6344 -2.76995 193.118 -102.426 10.5705
2.70831 12.4429 -3.32832 -31.7605 192.904 35.492
2.81101 14.0958 2.61581 -25.8963 221.401 -23.5485
4.42491 -8.19851 -0.807933 134.228 -132.352 -138.855
4.29034 -11.6789 1.96113 114.005 -139.737 -35.0756
5.22658 -19.9782 16.819 206.514 141.506 -198.357
5.07861 -12.2992 -0.887562 190.991 -50.6325 18.9408
4.96309 -11.0419 7.44898 168.484 16.7841 -97.7582
5.29005 -12.2821 4.93851 200.796 -24.0473 -48.8218
3.92689 -0.995728 -9.92316 63.1896 -143.145 -35.1752
2.86435 13.5988 4.50411 -51.7375 206.255 -62.3578
2.2888 13.1326 -0.447303 -110.348 172.367 -10.0496
5.47185 -12.5063 -1.21389 192.12 -49.2846 9.8014
5.05606 -7.93488 -5.23615 147.135 -128.329 39.6137
2.53989 10.9012 11.2034 -104.456 124.802 -134.112
5.26573 -12.0025 6.80647 160.093 -126.147 -74.8436
5.77095 -12.3281 -0.13966 206.248 7.30517 0.0827573
5.09619 -13.0054 -6.8979 138.634 130.889 90.3464
2.84865 11.5591 -4.3274 -87.3819 158.208 54.8491
2.29381 5.50581 -9.29782 -146.162 231.614 120.307
5.54307 -13.343 1.13985 176.361 -126.175 -32.0481
5.47533 -11.4575 -0.214943 167.855 -92.7309 8.26196
3.54088 11.9682 -1.55721 -26.0193 193.764 7.64185
2.97139 11.1732 -5.84092 -83.3652 149.418 93.1719
3.94036 11.6708 -0.615072 2.15512 191.742 29.01
6.03262 -12.8599 5.02472 207.721 -23.5251 -60.5572
2.52819 21.403 -0.576209 -150.019 17.298 4.2011
4.1686 11.6556 -2.64831 8.53435 201.274 26.9582
2.08203 13.5581 0.521518 -201.314 58.614 7.34022
5.95868 -9.67689 -7.24563 170.378 -15.6531 97.8535
2.81733 11.8099 8.88128 -142.101 113.581 -112.465
2.51775 10.5034 11.7839 -173.262 131.009 -336.156
3.26791 12.9445 6.03704 -99.117 178.725 -79.3234
5.9513 -13.0835 1.74055 166.157 -151.406 12.4278
5.79836 -13.4679 -1.38272 137.997 -180.357 8.90419
5.86873 -18.9323 0.598261 140.534 -45.7615 -3.64464
2.65804 13.8927 -1.17575 -178.76 99.7948 10.0184
6.55227 -9.39185 0.0569462 207.654 -25.383 12.9011
3.59684 12.3064 -4.24004 -89.7639 171.511 37.7434
2.68131 20.7513 13.5481 -182.29 71.32 -134.376
4.54142 11.5988 -1.80092 1.20729 188.822 16.1746
6.08221 -9.81887 5.04877 151.952 -167.136 -18.4528
3.92428 12.424 -1.5704 -64.0517 185.23 16.5876
6.55413 -11.2375 -4.36053 196.975 -41.1307 49.6038
4.64422 13.9278 0.257021 2.95621 226.45 21.6582
6.43891 -11.9792 5.42861 176.591 -107.379 -64.2338
4.77557 0.740187 -10.7897 4.16186 186.198 9.95427
5.16562 8.07611 11.2255 41.3191 212.254 -183.95
4.57478 13.3953 3.87287 -19.2775 217.241 -38.8389
6.71073 -10.5251 -4.60536 187.468 -12.4211 57.8741
6.51254 -12.2713 -5.41713 167.415 -138.254 47.529
7.03661 -12.3027 0.891734 215.697 -18.8648 -3.17903
6.80478 -10.4945 1.65004 178.407 -64.8563 -47.6693
7.11188 -12.1428 -4.79968 207.953 -5.40584 60.2295
3.20588 13.1359 3.1983 -184.845 67.2697 -43.3573
5.7621 10.9971 -4.89072 65.3199 180.321 52.347
4.06492 12.2134 3.36403 -104.738 159.651 -44.6527
4.45295 12.9706 -0.227456 -71.4686 193.244 -0.9416
6.65968 -9.81686 4.85647 147.048 -108.405 -57.4479
4.6717 11.0987 6.93609 -52.2939 169.925 -81.718
4.70655 11.8974 -7.54533 -52.1226 183.69 106.172
4.31108 10.7493 -6.55046 -93.4047 148.866 69.8328
7.21315 -10.5892 1.59325 190.718 13.6966 -19.0707
5.30035 12.3538 -2.06923 -6.42095 192.558 19.2422
5.70438 10.4727 2.13451 27.1416 182.998 -27.399
7.21318 -11.4726 3.55957 176.996 -112.601 -69.9776
7.83954 -20.0761 0.526053 229.959 58.9693 0.990536
4.66676 12.248 -0.0794745 -89.8551 170.074 -10.8083
5.0234 12.4983 -4.08496 -55.6298 198.711 62.0024
7.31564 -8.68508 7.02366 171.872 45.8893 -91.7586
7.56879 -10.9117 4.2625 193.106 29.3164 -50.0031
7.46059 -1.00175 4.37252 171.469 181.537 -17.1311
5.16631 12.0897 -4.18484 -57.9615 185.325 62.8187
7.63916 -9.8151 -4.20222 187.383 -28.0602 52.5874
5.57909 10.859 5.56716 -22.0019 183.111 -52.1143
7.78127 -10.8379 7.07523 195.48 33.2413 -101.78
6.24678 9.05894 -5.19456 41.4572 233.298 37.2242
3.97424 14.4766 2.00494 -184.894 115.644 -9.74048
6.07619 12.5424 -1.66617 15.2108 213.382 28.4789
5.33764 14.1406 -0.828338 -58.7032 214.711 20.8424
7.8193 -10.0435 7.01862 186.561 -33.8111 -85.9371
5.87193 13.0524 4.33999 -15.7486 219.524 -32.264
6.70593 7.67736 5.5115 64.1127 178.925 -72.422
8.05235 -10.6217 -2.64071 196.092 22.0162 39.4321
4.68567 13.6506 -4.00206 -141.456 160.535 44.9431
6.32789 12.7365 -3.73157 15.2441 25.9602 151.909
5.8302 10.6906 -5.09986 -41.1174 197.315 75.6242
8.04863 -9.47797 -0.249448 175.975 -67.6832 18.8757
8.39152 -9.48384 6.07928 194.204 -18.6535 -85.2478
8.0372 -15.792 -13.9988 154.889 67.701 185.383
8.38815 -11.547 4.40522 189.007 -109.789 -54.1359
5.66765 12.6519 -2.45555 -83.7856 189.15 41.4729
8.50527 -11.0137 3.95952 196.049 49.79 -63.0787
6.34215 -11.0878 2.33681 -24.7464 118.388 -5.49481
8.34559 -2.63809 2.60958 169.545 62.786 97.9628
8.40484 -8.6647 -2.21573 175.375 -62.0798 -45.9171
8.47634 5.47438 -1.42766 179.855 -6.40555 63.3072
8.80697 -10.6394 -2.39216 210.352 -3.73403 21.9781
8.48963 -8.57834 -4.3948 177.726 36.1218 72.7993
8.71396 -10.2726 -6.67029 197.356 -72.3453 78.7918
5.97121 5.13059 2.66914 -81.186 239.33 -12.3515
8.95449 2.11582 -0.416112 215.038 -1.16918 -2.37618
7.61024 4.16867 -12.3314 81.4063 109.455 160.385
9.1039 -11.7213 2.71451 220.3 14.2964 -25.5368
7.99529 -2.79374 -3.68638 102.221 186.82 -26.0413
9.11845 -10.7034 4.48298 211.281 -39.877 -59.994
8.38744 -11.5916 -1.50841 135.751 167.392 15.8022
9.14269 -10.9299 0.488745 210.575 -12.1289 -13.522
6.69548 2.08911 -1.05559 -32.8799 26.9786 174.728
8.79232 -9.20377 -5.33795 171.366 -95.5978 40.8552
5.95137 9.99844 -8.03964 -111.479 134.584 90.331
9.21045 -18.96 -0.682272 211.69 -20.775 11.6703
6.36404 13.3915 0.123372 -72.3555 210.769 8.18126
9.18063 -9.86589 -2.58935 199.951 -57.3291 42.1647
5.38643 13.7057 1.40717 -178.467 99.7811 -18.5496
7.72208 8.06997 -5.6209 47.4199 169.932 77.4311
7.90609 9.27154 -0.983042 60.0507 178.18 11.0426
9.00755 -2.15399 -5.58859 166.081 -49.7859 42.8569
7.3729 9.78319 -5.05467 3.31571 184.819 65.5673
7.5423 11.3535 -4.6891 19.4166 212.252 73.4292
8.25468 8.81952 1.9965 89.5132 163.091 -10.3138
9.05807 -7.8831 -9.29935 168.619 49.8367 121.856
7.98024 9.28544 -6.33929 59.766 183.424 87.2263
7.07947 11.2628 -1.00233 -30.3123 200.53 5.69264
9.28927 -8.68299 2.48051 188.594 35.3316 -33.1535
9.36212 -10.9445 3.69979 195.363 59.1959 -30.2745
7.38689 10.7468 -1.22926 -6.90728 157.044 79.756
8.7293 0.66717 12.8364 123.855 52.941 -167.48
8.95647 -1.53232 -10.4971 140.295 3.08239 136.622
9.35781 -10.5289 -0.0730528 178.132 -124.405 3.79329
9.63673 -10.1275 2.19844 201.554 49.6609 -29.5666
9.3779 -10.5292 -2.73664 169.848 -9.38954 56.8159
6.1409 11.9372 -4.19573 -154.009 122.482 65.4788
7.51407 9.85959 -1.46836 -19.0922 185.171 24.7599
9.79683 -5.9953 -5.86994 206.164 -22.6831 79.8018
9.78894 -11.7514 -0.148305 204.31 34.4167 4.96071
9.69185 -4.00947 -2.95675 191.358 84.6229 -23.279
8.27037 11.2798 -1.20735 49.9214 210.09 24.5323
9.67322 -8.88145 -4.33824 187.055 57.935 57.8458
9.81295 -9.14823 -3.428 198.377 19.8421 31.7106
9.9895 -6.21126 1.04987 215.521 -22.2376 33.338
9.66699 -8.59075 -0.888908 177.403 -89.047 4.21042
9.45974 -7.06672 -5.90315 156.658 -93.963 80.6582
6.62122 11.3921 -6.63018 -128.782 134.925 102.679
7.65613 3.97002 10.0884 -26.5585 127.227 64.0309
10.0816 -8.94879 1.51231 211.393 8.0969 -32.4044
9.97681 -10.22 -3.9407 186.621 88.4889 47.5068
10.1132 -8.30398 -2.39386 196.356 -34.5776 32.7236
7.95587 11.4012 -5.7783 -18.2573 184.898 50.7056
10.1444 -7.9038 -1.53861 196.873 -16.2399 8.50501
9.06314 5.83708 10.4706 86.3868 140.917 -139.075
8.07329 2.45265 4.81413 -13.4585 235.3 -72.9405
6.48723 12.6227 3.64817 -171.991 114.059 -48.2638
9.36878 2.32445 10.246 108.141 97.1963 -137.066
9.97459 -7.77494 -3.63623 166.33 81.251 48.0308
10.3884 -8.70854 -1.61214 203.964 -17.3557 26.8005
10.0359 -16.1661 -6.90994 168.818 -79.3177 16.2474
8.74443 9.10463 4.69123 37.6535 157.989 -62.6067
10.2846 -5.30759 2.38658 189.386 90.8861 -30.4357
10.5517 -9.52114 -2.49208 213.89 -47.1324 -34.8631
10.1487 -7.16606 3.25969 173.136 -83.9482 -33.8646
7.63391 12.1392 -0.443615 -78.1293 206.03 -7.27824
10.5809 -9.47301 0.505968 207.034 -77.0276 2.82209
7.83912 10.0167 2.02025 -69.9458 178.168 -17.2643
9.3199 7.93257 -1.61366 73.1912 170.597 12.0352
9.63837 6.87815 -2.40799 104.678 151.057 34.6963
10.6026 -8.08137 -2.88407 194.449 -61.871 51.5114
9.38272 7.78707 -0.662614 73.0634 173.814 23.9269
10.4403 -7.77181 0.821668 178.023 84.0577 -8.47941
10.7325 -4.21298 -2.13827 204.057 31.2921 8.94197
9.82263 8.49094 -2.28099 112.178 162.773 -2.8657
10.8923 -9.56576 2.69444 217.226 -13.8684 -28.5443
7.5241 9.61975 -9.6379 -119.649 124.389 115.656
10.7311 -10.8016 -0.190255 197.905 86.3938 9.07002
9.55641 7.1666 3.7086 79.7974 165.89 -62.8809
10.6639 -6.98142 -0.512475 187.77 30.8971 8.44633
7.21403 11.7592 1.0627 -158.603 124.703 -26.5497
8.92721 8.86995 -2.68768 11.0946 190.973 35.8862
10.7838 2.49608 2.16753 194.984 -5.1297 25.5238
10.2541 8.31869 2.2065 141.995 148.402 -31.6033
8.04219 8.20237 -8.5419 -78.5971 142.644 117.627
10.3224 -10.2609 -2.69097 146.821 152.802 36.9478
10.7632 -7.27649 -2.47512 188.416 48.7682 28.4229
10.6444 -5.3739 9.27411 176.276 53.0009 -117.781
10.838 -9.62623 -2.44565 191.032 78.6595 28.0026
10.2644 -6.45454 -10.4447 129.756 102.268 131.089
10.6181 -7.50118 -0.704984 163.742 118.565 4.54998
9.28108 8.32192 2.78039 25.4735 190.591 -14.074
11.1198 -8.01001 -0.373913 207.018 -22.2913 25.9595
10.3526 5.54037 7.27782 130.042 125.902 -92.2883
10.5759 -2.56288 9.73893 149.142 84.1763 28.0859
11.1586 -8.27123 -0.0926471 205.696 -57.6447 -2.82887
10.8697 -3.81005 5.80079 176.529 -8.55065 -73.2451
9.36347 15.1107 1.57834 25.0004 203.348 3.05588
11.2334 -12.059 -1.20032 210.722 -86.5688 22.6014
11.1372 -7.81288 -3.99354 200.995 -61.2311 47.6749
10.1138 6.60955 -8.25528 97.1258 156.784 102.652
9.08124 10.8386 -1.39453 -7.28831 207.626 17.5909
10.993 5.84922 0.116834 180.674 102.916 -5.26277
10.9674 -4.2911 -5.26375 173.142 34.9138 69.1449
9.5251 0.403068 -4.5278 29.4282 229.073 25.7772
11.4886 -6.51836 4.03054 223.72 154.967 -96.1759
7.91311 12.4098 -3.79678 -131.473 163.942 37.3882
10.5509 -8.90638 -2.55724 128.794 134.172 29.0468
11.3765 -8.62923 -1.26814 207.601 -80.5218 14.2233
11.0817 -4.16934 -4.76484 175.609 51.0082 50.8079
11.1692 -6.18041 0.44828 183.552 -19.7528 -25.0888
11.409 -9.05671 3.75022 207.177 68.0386 -52.3803
11.2503 -5.2838 4.4518 191.284 -19.301 -38.8701
9.30996 8.96442 -2.78631 -2.12812 196.878 28.8578
10.6172 -8.59233 1.29414 121.207 152.984 -21.71
7.25914 11.774 -2.83086 -214.236 229.091 -51.2072
11.6398 -1.34386 -3.5102 220.406 44.167 0.91799
11.3953 -6.8823 -2.32417 193.638 -40.7286 66.6806
11.261 -5.36658 3.16818 178.914 48.1969 -39.8645
9.74017 9.949 8.40664 27.2758 210.541 35.0078
11.1498 -1.15254 -4.84604 163.863 95.7829 60.2349
11.0783 3.28923 -8.27556 155.721 86.5576 108.923
8.38082 4.65151 6.16269 -113.325 -81.3652 63.1804
10.895 10.0628 -0.463196 133.832 173.97 8.47469
11.3532 -2.81688 -6.296 179.223 15.1259 82.5318
11.0235 8.41568 1.86563 145.924 160.086 -27.3502
11.5973 -7.9401 -0.308461 199.204 -85.3367 6.17691
11.4148 -4.27576 -4.29843 179.523 78.7219 50.6249
11.6712 -6.79366 -5.1132 200.729 23.7305 68.0883
8.58565 19.2323 0.145151 -106.779 416.484 -142.487
10.4304 5.14558 9.12225 71.0398 154.186 -110.937
10.5633 -5.16057 -8.68754 81.8123 161.044 113.738
11.9358 -5.76411 3.8337 216.721 -27.6687 22.6013
9.71198 16.7174 -6.52087 -4.22142 264.947 -115.121
9.50127 10.3295 2.94972 -27.4675 167.891 -37.7141
11.9034 -6.69435 -2.51156 210.651 -8.29707 52.7249
11.7736 -5.42826 -3.93094 196.669 -23.3931 15.1231
8.17815 13.4201 -3.30878 -161.463 -131.424 37.0485
9.28328 1.86495 1.94825 -54.0608 -3.4265 -157.478
11.4338 4.91223 -3.02421 159.396 106.997 32.9923
11.4874 -0.506518 8.96429 163.288 61.6004 -100.781
11.1564 -0.593153 5.40145 127.644 -36.7982 41.4089
11.5734 -7.24167 5.13196 168.354 11.9067 -90.3011
11.9142 -5.42268 4.81997 201.121 5.3564 -60.3482
11.2789 -5.16591 9.21437 135.246 116.43 -105.508
10.1236 13.7586 5.96794 18.3572 223.965 57.416
11.3606 -8.47372 0.921476 140.486 130.164 -16.2764
11.6315 2.00273 7.69464 167.284 82.1676 -93.3831
11.5988 -7.53862 1.3443 162.381 119.86 -22.1232
11.5642 -4.89761 7.29165 153.235 85.0194 -98.8891
11.7067 -2.2833 -8.81503 167.237 76.8203 118.599
11.681 -11.4784 -2.08868 163.151 -133.206 92.0384
12.0274 -4.61854 -0.938649 193.887 -46.0459 -1.41867
12.0157 -3.3697 -4.5037 191.024 -19.5911 60.1769
11.7593 -6.85108 1.52864 165.166 111.317 -24.5808
10.0663 -5.383 5.95491 -4.00662 186.009 37.2437
9.85391 15.3197 8.76305 -26.7484 139.494 -102.289
11.0116 -10.4231 0.91156 84.7359 193.863 -13.2077
11.643 3.2155 -8.73946 143.203 121.454 107.171
12.0578 -0.447456 -0.668536 178.525 93.3041 8.94284
11.723 -3.66445 5.60659 145.21 124.58 -74.3594
12.4458 -5.97702 -3.2177 213.867 -20.2357 62.4248
12.5508 -7.50954 -1.42596 222.634 -41.8759 5.07299
9.7948 8.73842 -1.43543 -53.0506 181.795 24.004
12.3448 -3.62103 1.40789 195.615 28.1612 -15.771
12.0641 6.3717 0.0327209 167.605 125.312 9.6545
9.25473 8.74067 -5.69633 -113.097 141.228 80.1397
11.07 7.76813 -3.75005 66.5802 195.716 65.0654
12.2677 -3.17865 0.0376563 181.585 65.4714 -5.64816
12.3347 -2.54233 1.09341 186.967 22.978 19.8375
9.15497 7.58751 -0.474462 -129.328 231.174 -3.84042
11.9331 -1.92743 4.40664 145.325 102.853 -58.8594
10.5349 9.93 1.63713 5.95729 215.077 -19.9028
11.6048 7.56601 1.48245 112.204 176.652 -15.1041
12.3487 -2.82531 -2.57314 183.229 61.1354 35.904
10.9484 6.02215 2.50902 42.9874 182.442 -40.8223
12.4518 -1.35645 4.72879 190.505 173.744 -80.137
11.4388 2.52345 8.64946 86.3098 159.625 -107.302
12.7643 -6.12214 1.43678 217.243 9.45754 -16.4452
9.44595 10.5215 2.50146 -114.115 174.462 -24.4399
11.3431 4.80581 -2.35144 74.2555 169.09 33.8351
12.3894 2.2043 2.61006 177.977 86.5319 -27.2341
10.5189 5.82926 6.74692 -13.0608 176.656 -68.7572
10.292 3.7699 6.41782 -36.566 243.536 -73.3043
9.51237 11.1415 -4.4828 -114.761 174.57 66.0858
12.5121 -5.03602 -4.87207 180.929 -48.4725 106.949
12.6554 -2.41825 3.41148 194.997 56.9574 -49.5581
11.8988 2.59049 0.951971 118.869 142.949 -9.56226
12.0687 -0.056115 -3.31426 133.759 327.038 -45.7125
12.6645 -5.05207 -4.18384 192.535 76.2664 64.0129
12.5217 6.51511 0.470558 175.128 132.084 4.41092
12.7122 -0.665827 -2.845 192.808 34.2332 39.5291
12.799 -2.23711 1.74934 200.56 55.1464 -28.1759
12.7253 2.33576 -0.697618 191.647 62.4325 6.79566
12.888 -3.83309 -1.79398 207.689 25.111 24.4762
9.51942 16.6147 0.359056 -128.614 132.267 30.4712
10.7291 31.4452 -8.31444 -14.7514 252.467 68.2051
12.3025 -0.807845 -5.35582 140.885 124.259 70.2135
11.4469 6.87765 -5.51014 53.2189 195.247 87.1565
13.0424 -6.91429 -1.0808 210.854 64.6201 15.2708
12.8399 3.94886 2.56614 190.496 44.6698 -43.1505
11.7394 4.9074 4.59366 79.1794 178.293 -55.8236
11.5388 -0.791523 7.71641 56.6077 161.785 -111.934
12.7508 3.24177 3.28324 176.396 105.437 -40.2866
12.722 -0.451852 -2.48283 173.231 93.6817 29.9975
12.2911 1.58611 -1.39483 128.915 139.247 12.3071
12.2678 4.82409 1.09701 126.219 159.318 -16.8479
12.4108 13.3371 -12.2002 134.659 355.916 -150.843
12.6951 -3.05602 -2.22814 160.219 63.6289 25.9609
12.2376 7.25198 1.65483 107.405 188.596 -26.1865
12.949 1.10748 0.244374 173.296 108.03 -54.6992
12.1459 2.61161 -1.37915 93.3937 161.157 15.4953
11.5383 9.01697 -3.70948 32.0801 216.372 46.1055
12.875 0.873526 1.47002 164.797 96.4849 31.8488
13.1119 10.7758 -0.0401426 184.362 301.532 -120.131
13.4026 -2.47429 -3.59837 209.738 -21.0074 42.3418
10.6313 9.23753 -0.34293 -65.8931 195.284 16.5112
13.0491 4.85701 5.21885 172.715 126.696 -74.2885
13.3394 -2.93364 -1.35031 200.405 64.6874 20.32
12.8495 4.79591 2.02021 150.542 147.181 -19.402
12.995 -1.38683 2.25483 163.267 213.494 2.40744
12.8608 4.54338 -0.870081 149.276 145.413 14.4324
13.2465 -13.4405 0.730594 185.248 18.7945 34.5307
12.1308 -7.60712 5.31457 74.2877 186.078 -67.9949
12.7623 7.39399 2.14033 136.85 178.643 -26.1435
12.9205 0.395541 -1.08812 152.34 116.076 15.0852
10.237 9.19784 5.02663 -116.002 169.873 -75.3596
11.5388 8.28038 3.53349 9.17349 217.56 -21.8736
11.6565 1.97324 0.670636 16.5198 232.615 -21.2809
12.0157 1.51962 6.88731 46.7507 163.987 -88.039
13.0262 -5.36594 -0.510198 145.33 150.998 4.63704
13.4231 1.05313 2.36257 184.714 74.8404 -30.6935
10.8367 7.33596 8.01276 -72.7893 174.843 -98.6435
12.6231 -1.19457 2.45339 102.774 163.082 -37.0233
13.7669 0.701626 2.93309 216.088 16.9876 5.56373
12.0497 -7.22426 6.26516 43.0328 179.287 -79.7556
13.4879 -1.729 -4.54627 184.697 116.69 58.4988
13.7024 -1.9603 0.513872 205.713 228.068 50.6228
12.957 2.58996 -3.70129 131.637 158.543 57.1824
11.4427 5.53936 4.29464 -19.7935 191.092 -36.26
13.4696 -4.75867 -0.429551 180.965 -83.8949 -53.8392
12.5026 3.26936 4.03154 84.4887 181.363 -50.8841
13.7881 -3.6025 -1.65187 210.647 74.442 15.4618
11.3993 8.48651 1.98437 -26.934 208.914 -32.9712
13.3241 0.442167 1.57099 160.47 120.537 -19.2602
12.8519 0.948098 4.76677 112.719 166.761 -52.9584
9.97151 11.5695 -2.9697 -174.265 223.972 42.0943
13.0506 5.73938 -1.15942 128.405 183.891 8.93448
13.8102 -3.77869 -3.37404 202.899 76.1861 37.8462
13.4209 -0.552302 -1.06581 164.142 117.064 15.7136
11.7841 22.6539 -9.0978 -0.0996972 244.97 5.47301
13.7823 1.21856 2.00356 197.596 81.9823 -28.2587
12.669 0.362474 9.76851 83.6073 168.178 -81.0659
13.3004 2.16846 -0.498691 145.523 148.177 0.127688
13.6412 -3.7489 -6.24645 178.001 134.989 72.9163
12.6293 4.82063 0.0339646 73.6437 185.666 3.23527
13.0061 -3.31253 3.72823 110.964 163.371 -46.4368
12.7015 1.40151 1.79435 80.1032 172.055 -25.4876
12.4477 1.13036 7.06241 54.7158 181.331 -90.2345
10.8172 9.5348 -2.06023 -109.455 174.646 35.2238
13.8394 0.41901 -4.76716 190.053 90.5525 59.3431
13.7479 -3.27035 4.18392 180.264 105.5 -36.7167
12.2016 17.0938 4.05909 24.2835 197.465 9.593
11.0246 22.3847 -8.29038 -93.6752 187.017 -7.59797
12.9603 4.6849 -2.95926 94.7832 177.787 39.6037
13.7663 2.51146 -4.49955 174.434 119.705 60.4319
13.1735 -4.85567 -1.40354 115.283 171.166 19.0569
10.7035 9.92726 -3.76587 -131.323 145.563 55.6759
13.381 -1.40466 0.328486 132.373 150.036 -2.30395
13.3492 -2.44539 -3.97698 128.531 108.034 57.5621
12.8146 -0.519613 -5.21943 72.0299 169.744 119.216
13.9419 1.74813 -1.625 183.851 115.55 22.17
13.3369 -3.12517 -0.622935 120.951 151.739 8.98686
13.2842 0.00594736 0.401967 112.542 157.723 -10.8589
15.1309 -15.4311 7.42296 294.608 -48.8155 32.7264
12.915 -0.324015 -3.64761 72.2724 180.377 33.0517
14.189 3.15727 1.33116 192.975 101.81 -16.403
10.7765 8.52281 -7.45637 -148.304 122.282 93.9251
13.4844 -2.03376 3.73281 120.555 153.646 -46.3956
13.7481 -0.143765 5.67454 144.468 141.002 -71.3322
13.1607 5.67467 -1.86515 85.6793 198.589 19.5104
13.5719 -1.57565 -4.91205 120.849 148.337 65.4093
13.4495 4.75728 -1.61126 108.294 189.266 15.517
13.255 0.250898 3.45544 85.5334 168.342 -104.663
13.0452 6.38402 -1.65932 62.309 211.137 4.5103
15.0105 5.07211 5.13217 256.556 172.233 15.7206
14.5632 -2.11171 -4.1575 204.337 53.3787 49.4712
12.3552 -0.609901 -9.55261 -15.9307 162.075 128.448
13.5411 -5.44761 2.43095 99.1252 233.161 -61.723
14.0488 -9.6544 0.858809 149.017 149.886 -17.5939
13.3463 -0.254784 1.65895 74.7758 188.523 -27.5377
13.5894 17.871 10.955 98.2136 170.535 -37.3297
12.262 7.07417 1.53362 -36.7876 202.707 -18.7463
13.326 5.74942 -4.58374 55.3794 204.369 65.0783
13.6743 5.0144 2.89632 75.6084 203.483 -42.0034
14.3428 -0.352299 -1.44343 137.145 -29.5931 70.0176
14.3405 1.60232 1.52458 131.522 182.725 -9.84527
13.5305 0.341172 4.38881 44.7526 195.207 -55.6388
14.6531 -1.81182 0.669138 150.958 152.598 -7.57308
13.5494 3.72437 -1.28347 36.9859 198.962 -3.8471
13.5518 -0.995595 2.09097 31.8551 201.027 -25.9872
14.2043 4.31673 5.54706 85.02 115.618 -63.7708
16.2494 -8.04529 4.87927 262.741 32.4761 79.5055
13.1068 -0.490955 -8.45376 -55.0079 168.021 118.369
13.8987 4.35276 -4.33484 3.53954 202.128 47.6525
14.5822 2.61325 -1.9261 65.2388 196.791 26.1993
14.2649 25.1292 -12.6576 25.3364 349.773 -101.849
14.5291 1.2596 5.18745 48.4842 198.452 -65.8821
13.7031 4.81888 3.46508 -36.3968 196.31 -46.2597
15.9972 10.5821 -5.47079 186.329 175.054 -76.6154
15.4676 4.52424 0.640439 107.461 154.107 -4.4257
14.2349 5.17427 -0.519936 -29.5076 216.999 5.13304
15.8404 3.18606 -2.36838 118.722 75.9036 71.1155
18.005 -6.0748 -6.99821 325.043 -115.953 -81.1852
15.5408 6.61585 2.54728 -32.5323 174.565 -45.9064
15.0101 -3.14014 2.65985 -123.769 171.61 -32.1328
nan nan nan nan nan nan
12.5738 3.2661 7.53291 -46.1057 171.736 -98.615
13.4271 -0.647879 -3.61958 26.4067 190.116 47.826
