-170042 232567 92683.8 -2.12584 2.90752 1.15873
-126826 6229.84 16223.1 -1.586 0.0779277 0.202873
-119677 32834.4 -1500.85 -1.51611 0.415959 -0.0190003
-115104 -147785 -155160 -1.45784 -1.87176 -1.96516
-106221 237497 219274 -1.32814 2.96956 2.74172
-86057 30895.9 28205.2 -1.09681 0.393803 0.359498
-76970.1 -145306 36031.5 -0.962273 -1.81661 0.450462
-76697.3 -7604.22 100948 -0.959073 -0.0950787 1.26224
-73546.2 -68569.8 -1261.01 -0.919449 -0.857218 -0.015746
-72785.9 52257.9 -13459.1 -0.910617 0.653792 -0.168379
-70375.3 81228.1 -13837 -0.879834 1.01557 -0.173007
-69469.3 284513 -76464 -0.869817 3.5624 -0.957409
-68170.8 -95291.1 22191.4 -0.854113 -1.19384 0.277945
-61999.5 100169 74225.7 -0.776785 1.25501 0.929966
-57250.3 -3536.17 106693 -0.715711 -0.0442073 1.33381
-55243.8 158456 -129914 -0.690626 1.98093 -1.6241
-54674.9 -3988.77 -5146.01 -0.683987 -0.0499004 -0.0644214
-52852.6 6534.06 14920.4 -0.660795 0.0816924 0.186543
-52046.2 -20633.2 -33102.2 -0.651217 -0.258169 -0.4142
-51755.3 97702.5 -77639.3 -0.646992 1.22137 -0.970567
-51150.7 108748 42908.1 -0.649303 1.38044 0.54467
-50884.5 -14155.8 -49623 -0.636874 -0.177178 -0.621084
-47218.6 -54360.8 -37268.2 -0.590269 -0.679563 -0.465873
-46369.3 -19724.5 25648.7 -0.579681 -0.246586 0.320656
-45995 13709.5 -42337 -0.575036 0.171412 -0.529284
-42556.5 61171.6 -38850.5 -0.638675 0.918046 -0.583056
-41772.3 -62292.8 -127.73 -0.772594 -1.15213 -0.00236226
-41683.6 13882.5 -50114 -0.5212 0.17358 -0.626598
-36292.6 -142561 139206 -0.46388 -1.82217 1.77928
-36101.3 5937.64 -5399.36 -0.45312 0.0745253 -0.0677596
-35138.6 -123450 -177642 -0.439357 -1.54357 -2.22115
-32077.1 -27629.1 21069.4 -0.401008 -0.345405 0.263387
-31053.8 103887 99380 -0.388192 1.29864 1.2423
-29320.5 -22330.7 138151 -0.366556 -0.279164 1.72712
-29142.7 15224.1 -13448.7 -0.364306 0.190312 -0.168124
-28733.3 22842.2 -45485.8 -0.359541 0.285827 -0.569165
-27892.8 7876.88 -12993.3 -0.356297 0.100618 -0.165985
-26360 -1165.69 10610.9 -0.329516 -0.0145844 0.132938
-25786.5 5165.11 19781.5 -0.322791 0.0646511 0.247674
-23938.7 -14457.1 2949.41 -0.300067 -0.181217 0.0369845
-20872.5 10623 12381.5 -0.304363 0.154905 0.180579
-20538.5 -8826.72 31443.5 -0.25674 -0.11036 0.393059
-20063.6 19972.6 37014.3 -0.257658 0.256618 0.475497
-19841.3 7932.96 41341 -0.248081 0.0991841 0.516874
-19782.2 -26704.1 36060.8 -0.249284 -0.336519 0.454403
-18856.8 5906.96 2695.76 -0.235832 0.0739352 0.0336976
-18150.5 3198.86 11652.5 -0.226979 0.0400388 0.145727
-17933.2 8950.81 -2449.55 -0.225437 0.11252 -0.0307905
-17449.4 -18446.3 25251.1 -0.218127 -0.230616 0.315715
-16590.2 -100372 -69699 -0.207493 -1.25535 -0.871725
-16274.5 10681.8 -23949.2 -0.203492 0.13356 -0.299423
-16208 -27440 23124.3 -0.202636 -0.343041 0.289069
-16044.5 19920 -45299.2 -0.200574 0.249019 -0.566258
-14854.3 12084.5 350.804 -0.185908 0.151243 0.00439945
-14674.7 -18991.1 14787.9 -0.18386 -0.237945 0.18526
-14574.2 19308.6 -11702.7 -0.182354 0.241592 -0.146413
-14168.2 37193 -2624.82 -0.177071 0.464929 -0.0328209
-14097.9 9033.9 -10348.3 -0.178701 0.114511 -0.131203
-14097.2 10487 -4868.97 -0.332828 0.247717 -0.115027
-13776.6 14037.2 12696.8 -0.172261 0.175517 0.158785
-13306.2 2140.42 -4873.02 -0.167267 0.0269339 -0.0613863
-12826.5 -6731.65 -20286.9 -0.160645 -0.0843101 -0.254137
-12339.6 7298.81 -23703.2 -0.15431 0.0912408 -0.296366
-11770.5 -37093.8 29691 -0.147342 -0.464335 0.371649
-10633.4 2156.07 -2322.57 -0.132923 0.0269342 -0.0290578
-10314.3 -7155.57 16288.3 -0.128963 -0.0894704 0.203702
-9996.33 57201.7 766.007 -0.216879 1.24105 0.0166192
-9769.09 14071.9 27189 -0.123367 0.177705 0.343364
-9733.02 -34636.8 -42573.7 -0.124948 -0.444915 -0.54692
-9271.66 -1540.81 -11875.7 -0.128405 -0.021339 -0.164578
-9222.35 25876.6 18458 -0.1156 0.324364 0.231353
-9103.74 -4242.35 -8268.7 -0.11394 -0.0530795 -0.103463
-8697.06 -26713.3 -32049.4 -0.109535 -0.336439 -0.403616
-8377.2 5797.11 12033.7 -0.10471 0.0724515 0.150441
-8181.56 57501.4 -58745.4 -0.102292 0.718883 -0.734438
-8151.97 27461.4 -33746.8 -0.101908 0.343306 -0.421871
-7699.87 3762.94 -6380.42 -0.134502 0.0657311 -0.111498
-7372.18 32725.7 -21629.8 -0.0921447 0.409183 -0.27046
-7251.34 -51091.9 83768.2 -0.0907159 -0.639203 1.048
-7181.08 18425.8 4097.76 -0.0897923 0.230364 0.0512153
-6895.05 24433.1 -21667 -0.0865337 0.306638 -0.271903
-6150.7 8008.13 -19686 -0.0771472 0.100443 -0.246889
-6124.65 -51537 -24878.3 -0.0765612 -0.644316 -0.311017
-5686.16 14565.2 -1006.22 -0.0712067 0.182269 -0.0126007
-5614.34 -9583.25 39621.7 -0.0708324 -0.120862 0.499765
-5206.33 -4151.87 5715.17 -0.0656035 -0.0523166 0.0720441
-4999.54 3798.36 12901.5 -0.0626425 0.0475912 0.161633
-4941.36 -13400.5 2522.35 -0.06538 -0.177492 0.0334198
-4262.78 -4015.83 -2183.48 -0.0532911 -0.0502115 -0.0272682
-4227.74 87074.5 -369799 -0.0529674 1.09091 -4.633
-3762.45 -4145.53 2448.76 -0.0470513 -0.0518268 0.0305847
-3503.41 -9799.03 14466.6 -0.0441524 -0.123494 0.182309
-3384.78 -12173.4 -36688.7 -0.0507019 -0.182348 -0.549549
-3370.37 2370.19 5606.35 -0.042168 0.0296392 0.0701775
-3182.94 1328.74 -832.58 -0.0397845 0.0165862 -0.0104049
-2953.55 -8477.95 -7568.11 -0.0369197 -0.105983 -0.0946311
-2934.18 -2840.45 3673.22 -0.0368523 -0.0356749 0.046115
-2744.65 41363.7 22365.8 -0.0343326 0.517246 0.27962
-2530.31 -218326 -48660.9 -0.0333864 -2.88076 -0.642069
-2416.1 15122.7 -27602.6 -0.0304104 0.190383 -0.347409
-2341.45 22401.6 8995.49 -0.0293106 0.280204 0.112521
-2176.71 -24976 19145.2 -0.0272008 -0.312237 0.239318
-1958.47 4137.93 1968 -0.0246584 0.0520985 0.0247397
-1801.83 -4332.28 -8019.36 -0.0226867 -0.0545482 -0.100925
-1693.53 -3789.34 -230 -0.02118 -0.0473994 -0.00284732
-1525.78 -1179.43 -761.894 -0.0191525 -0.0148081 -0.00952521
-1463.96 2475.08 9091.82 -0.0185227 0.0313035 0.115003
-1286.38 -374.983 -168.737 -0.0160964 -0.00469499 -0.00207522
-1257.46 -225.275 8561.05 -0.015774 -0.00283464 0.107427
-1239.54 -1982.84 1183.56 -0.01697 -0.0271463 0.0161716
-1238.04 -317.433 735.934 -0.0955182 -0.0244907 0.057108
-1040.09 -5369.19 2975.19 -0.0134101 -0.0692265 0.0383191
-1000.91 21279.8 -31979.6 -0.0362545 0.770739 -1.15828
-962.032 -1712.04 1831.29 -0.0123081 -0.0218962 0.0234531
-926.156 4240.32 -7454.71 -0.011948 0.0547025 -0.0961369
-918.681 1664.51 1406.26 -0.0146137 0.0264779 0.0223902
-917.437 3092.11 7831.96 -0.0118981 0.0401006 0.101567
-891.402 -132.298 -272.049 -0.0111721 -0.00166742 -0.00336763
-797.263 1025.8 610.124 -0.0100036 0.0128705 0.00767101
-576.15 8028.48 -14341.3 -0.00726032 0.100361 -0.179313
-499.824 1640.79 -6876.11 -0.00626172 0.0205476 -0.0860293
-484.816 744.404 11460 -0.00608516 0.00933109 0.143773
-447.474 -967.071 -1980.98 -0.0074033 -0.0159984 -0.0327482
-447.126 -1167.41 4609.26 -0.0056018 -0.0146234 0.0576985
-401.425 68.0683 40.4975 -0.00504504 0.000852073 0.000467221
-285.794 -6339.29 -24026.6 -0.00389214 -0.0863334 -0.327121
-223.269 -1332.5 11385.9 -0.00285505 -0.0170429 0.145828
-220.345 189.459 525.805 -0.00363844 0.00312516 0.0086307
-195.299 -994.026 1387.01 -0.00254608 -0.0129544 0.0180352
-180.143 -11005.7 -592.419 -0.00238576 -0.145247 -0.00787187
-165.398 728.086 -655.731 -0.00209013 0.0091637 -0.00817863
-158.5 -2125.05 2606.26 -0.0022268 -0.0298555 0.0365902
-143.393 18.259 72.9798 -0.0018029 0.00023592 0.000868964
-132.719 -287.672 -133.222 -0.00167561 -0.00364105 -0.0016366
-93.7631 4463.56 -8624.76 -0.00120099 0.0571679 -0.110427
-84.8306 -10.6266 -159.034 -0.00122538 -0.000154827 -0.00224634
-72.0866 -690.311 -7347.76 -0.00254154 -0.0243382 -0.258395
-42.9657 -3.36259 -297.864 -0.000572893 -7.23722e-05 -0.00371073
-39.4436 -1.73028 22.868 -0.00049241 -2.63423e-05 0.000242156
-26.874 22.146 -3.57335 -0.000377024 0.00030424 -2.74757e-06
-17.2202 18.9849 -13.5832 -0.000227201 0.000242603 -0.000121315
-16.6454 11.202 -5.33273 -0.000242757 0.000160968 -1.82094e-05
-15.432 33.4333 46.2705 -0.000518866 0.00112157 0.00143211
-8.97466 -4.15058 1.26767 -2.88159e-23 -2.20723e-22 1.79224e-06
-8.6206 1.10089 -0.187055 -5.06153e-18 -3.87701e-17 -0.0326631
-8.44141 4.12483 1.26709 -1.90583e-21 -1.45982e-20 2.61808e-05
-8.40357 -1.45125 -0.159823 -7.20615e-19 -5.51974e-18 0.191006
-8.36597 -6.70609 -2.31789 7.43455e-27 -1.4503e-27 2.35345e-19
-8.13684 1.67232 -5.4866 -1.34722e-23 -1.03194e-22 2.93472e-22
-8.13517 -1.62348 -3.75273 -7.05512e-20 -5.40406e-19 2.49609e-08
-8.10032 3.41446 -0.194425 -1.52003e-18 -1.16431e-17 -0.000477101
-7.56049 2.42187 3.70696 -4.40998e-19 -3.37794e-18 -1.9485e-09
-7.33539 11.5767 -4.07275 -9.77168e-05 0.000153409 -2.81415e-06
-7.31735 -2.59034 -0.110459 -2.97911e-15 -2.28193e-14 0.0259523
-6.69801 0.199896 -4.48885 -8.07108e-16 -6.18226e-15 2.16766e-12
-6.58155 -1.36591 -0.415417 -8.61255e-13 -6.74162e-12 -0.0347615
-6.47526 6.63727 1.91668 -2.78906e-21 -2.13635e-20 -1.45944e-17
-6.19992 -1.8319 -0.118977 -2.62545e-11 -2.06121e-10 0.0499818
-6.18542 -3.50604 -0.539822 -1.02547e-12 -7.85544e-12 -0.00120108
-5.81601 -4.21203 -0.0403405 -4.77464e-13 -3.65752e-12 1.31901e-06
-5.70247 -1.99178 -0.915126 -9.59225e-12 -5.83917e-10 0.0159271
-5.70067 -3.98826 -3.3671 -4.01308e-16 -3.074e-15 9.45727e-12
-5.57867 -1.50203 -0.0988194 1.83343e-09 -6.58221e-10 0.203499
-5.57337 -7.94736 4.85355 1.72979e-26 -3.3744e-27 -8.29673e-28
-5.56074 -8.40684 -3.37325 -6.91097e-05 -0.000105144 1.12157e-07
-5.33563 -1.82927 0.369104 4.58283e-09 -5.30589e-08 -0.0285394
-5.27034 0.804071 -4.76292 -7.76625e-13 -5.94918e-12 -5.08841e-12
-5.24421 -7.13751 2.00529 1.60899e-18 -3.13875e-19 -8.4914e-20
-5.21512 -2.44779 -0.492828 -1.7165e-09 -2.29327e-08 0.0377617
-4.94238 0.992292 -0.0433435 3.27989e-06 -9.37479e-07 0.218377
-4.93305 -3.10986 0.32777 -3.48991e-09 -3.54845e-08 -0.00253533
-4.81552 -1.71888 0.0294628 2.23293e-06 -9.83032e-07 0.00558206
-4.73407 -9294.1 -207.866 -9.64836e-05 -0.201613 -0.00450934
-4.71115 2.554 -3.34166 -2.29367e-10 -1.78562e-09 1.4772e-07
-4.70882 -3.71786 0.368222 -7.63291e-10 -6.93755e-09 0.000316643
-4.63735 0.805242 -3.90633 -7.6538e-10 -6.19013e-09 1.28243e-08
-4.47688 -5.17539 3.69954 3.09298e-14 -6.03367e-15 -1.4853e-15
-4.42916 3.42576 -2.93126 -2.53645e-10 -1.96915e-09 1.22786e-07
-4.28913 -0.238212 4.22608 -1.49871e-09 -1.23623e-08 -1.07903e-08
-4.27901 4.89114 2.77248 -2.57289e-13 -1.97203e-12 -5.49738e-12
-4.26998 2.60456 -0.086402 3.66393e-06 -2.84097e-06 -0.00279448
-4.16983 -3.8331 -6.33152 2.70796e-16 -5.28258e-17 -1.29884e-17
-4.1508 5.52232 1.1993 -5.99241e-13 -4.5927e-12 -6.19771e-10
-4.11885 -2.65581 -0.0044332 5.23951e-06 2.60996e-06 0.0268525
-4.08408 -0.213009 5.80249 -2.29386e-13 -1.75769e-12 -1.50571e-12
-4.06955 -2.75926 6.72772 5.00572e-08 -4.38463e-08 7.73227e-05
-4.06929 -0.275737 3.19043 2.23954e-07 -9.61943e-08 -3.64603e-05
-3.8747 2.5674 -4.51503 -7.68897e-05 4.8638e-05 -4.207e-06
-3.77977 0.94851 -3.54201 3.31269e-07 -7.01735e-07 1.41723e-06
-3.66424 2.93438 -5.04906 -5.18973e-12 -3.97634e-11 -3.4062e-11
-3.62213 -2.43006 -3.01901 1.49538e-07 -2.43302e-07 5.25704e-06
-3.61831 2.93948 -4.79024 -2.19975e-11 -1.68689e-10 -1.4449e-10
-3.54187 -1.54264 7.9085 -1.57534e-18 -1.20667e-17 -1.03368e-17
-3.43506 -3.33933 -3.60018 1.98621e-08 -3.71284e-09 -9.0029e-10
-3.36778 3.18916 -6.0064 -2.8593e-14 -2.19016e-13 -1.87618e-13
-3.33423 -4.73568 -0.885811 1.86553e-08 -2.76347e-09 4.09581e-06
-3.32207 -1.39537 4.09687 2.58972e-08 -2.35195e-07 -2.23087e-07
-3.30846 1.36967 3.80526 4.27081e-07 -9.73932e-07 -6.59897e-07
-3.28587 2.14455 6.83984 -1.00519e-15 -7.69951e-15 -6.59571e-15
-3.27255 4.45264 -4.85732 -5.82237e-14 -4.45995e-13 -3.82055e-13
-3.18349 -4.13083 2.24859 8.49646e-08 -9.66367e-09 -5.11873e-07
-3.08558 -4.89436 -1.39884 1.6585e-08 -2.88106e-09 1.72077e-07
-3.04135 3.37858 2.98228 4.56187e-08 -2.13896e-07 -2.08915e-07
-3.03681 -0.827409 4.1892 4.35717e-07 -3.09e-07 -3.77729e-07
-3.03238 -1.88037 -7.64775 -2.97264e-17 -2.27697e-16 -1.95055e-16
-2.937 4.78258 -0.847468 -3.60527e-09 -6.56773e-08 3.00873e-06
-2.91254 -10.5827 -2.95547 7.66079e-30 -1.49444e-30 -3.67441e-31
-2.78431 3.49753 -3.48148 1.39293e-09 -3.44783e-08 -2.40041e-08
-2.68222 -4.47901 4.07519 3.18985e-10 -6.21549e-11 -1.52979e-11
-2.64226 0.432164 -4.48266 6.43822e-07 -1.52774e-06 -1.17681e-06
-2.61974 3.34983 4.27893 -6.37678e-11 -1.07438e-09 -8.48557e-10
-2.59141 -1.05537 -4.34645 4.62528e-06 -4.58358e-06 -5.21263e-06
-2.52956 0.692874 7.29574 -1.16458e-14 -8.92039e-14 -7.64157e-14
-2.51737 -0.886863 -5.8455 -5.54809e-11 -4.28401e-10 -3.67127e-10
-2.45519 -5.54317 0.35703 7.06567e-09 -1.28592e-09 -2.34128e-09
-2.23631 3.18344 -5.03279 -1.49909e-10 -1.15695e-09 -9.89923e-10
-2.15712 5.14973 -0.279676 4.63521e-09 -5.54317e-08 8.55469e-08
-2.08516 -6.57729 -0.122881 3.1893e-11 -6.21924e-12 -1.52657e-12
-2.04236 -0.060371 6.52364 -8.86137e-12 -6.78886e-11 -5.81562e-11
-1.90923 -4.12091 -6.28654 1.12952e-13 -2.20342e-14 -5.4176e-15
-1.90811 9.4633 2.77976 -1.38779e-22 -1.89194e-23 7.09412e-23
-1.84126 5.71029 -3.99922 -4.22692e-13 -3.23781e-12 -2.77362e-12
-1.83158 5.29364 -1.2551 1.18388e-10 -1.4124e-08 -2.78414e-09
-1.77897 -4.64211 5.07688 1.13781e-12 -2.21865e-13 -5.45721e-14
-1.7118 -0.338271 9.19868 -1.13633e-20 -8.70405e-20 -7.45623e-20
-1.6797 5.50586 1.02944 -2.66107e-09 -2.44771e-08 -2.12507e-08
-1.58971 -0.452984 -4.20554 -8.08072e-05 -2.53376e-05 -1.11707e-06
-1.44984 -0.173731 5.36586 5.55219e-09 -2.18616e-08 -1.95995e-08
-1.44595 4.51143 2.23952 1.35771e-07 -1.04794e-06 -3.9352e-07
-1.36932 -4.55949 -2.57846 5.47116e-07 3.02465e-08 -2.36922e-08
-1.33075 12.9788 18.544 -4.21376e-05 0.000395697 0.000448453
-1.31283 -7.75045 -0.85214 2.57648e-14 -5.02609e-15 -1.23578e-15
-1.26298 -6.07831 -5.66907 5.53842e-17 -1.08041e-17 -2.65644e-18
-1.21042 -0.57851 -5.29945 -1.55162e-05 -1.07955e-05 -1.27375e-05
-1.20311 1.02891 -6.24378 -6.21824e-11 -4.77871e-10 -4.09229e-10
-1.14254 6.01365 6.30829 -1.65845e-18 -2.26094e-19 8.47771e-19
-1.10297 7.40098 -3.13865 -1.99842e-15 -2.72441e-16 1.02156e-15
-0.97172 -2.2467 5.32201 2.86231e-08 -5.09737e-09 -1.36356e-09
-0.893013 4.27108 -6.03816 -9.57919e-13 -1.30592e-13 4.89671e-13
-0.865489 -3.97702 -3.87186 1.12607e-07 -8.90905e-09 -5.26963e-09
-0.817901 9.17716 0.251782 -3.67672e-19 -5.0124e-20 1.87947e-19
-0.812215 -5.3314 3.85082 2.652e-10 -5.16595e-11 -1.27195e-11
-0.765101 0.562974 -6.33889 -1.46187e-10 -1.12124e-09 -9.60388e-10
-0.667948 -5.04161 -3.95936 8.66178e-10 -1.68217e-10 -4.15406e-11
-0.657609 7.4775 0.874238 -3.41348e-13 -4.65355e-14 1.74491e-13
-0.44925 1.15259 -5.43692 -1.23842e-08 -1.18725e-07 -9.65552e-08
-0.403087 2.92121 -4.23231 -4.87292e-06 -9.29418e-07 -3.32698e-06
-0.39488 -4.2834 -4.1969 5.66061e-09 -9.60304e-10 -2.70879e-10
-0.340346 5.81444 -1.6851 -5.63838e-09 -8.70015e-10 2.88716e-09
-0.269126 -3.53944 -4.01651 4.01846e-07 1.09804e-07 -1.85589e-08
-0.239661 -5.85067 2.25284 3.92319e-09 -7.5774e-10 -1.88176e-10
-0.223818 4.14771 -2.12537 -6.03109e-08 -2.59033e-05 8.11462e-07
-0.210148 -4.75171 -3.52639 4.53879e-09 -4.29234e-10 -2.16736e-10
-0.12886 3.46723 4.19494 -4.73349e-07 -1.43812e-07 2.43241e-07
-0.0542499 -4.61072 -3.09389 1.25317e-07 5.68813e-09 -5.99073e-09
-0.0150125 -0.79139 -4.37093 1.7823e-05 -0.000108129 -3.87609e-06
-0.014051 0.0019688 -0.878506 -0.0124828 0.000381263 -0.0588304
0.0297479 2.51925 -5.08963 -1.36503e-08 8.62766e-09 -8.85267e-09
0.110478 5.7292 3.10958 -3.83263e-11 3.5228e-11 -2.49396e-11
0.110722 -4.74649 2.89654 2.2931e-07 -1.65977e-08 -1.10315e-08
0.143066 -1.81177 4.67407 8.00867e-07 2.62648e-06 -4.63715e-08
0.516994 5.02549 1.33072 -6.2427e-07 -5.09169e-07 -3.95132e-07
0.61246 -1.65169 -6.98951 5.74465e-12 -1.12064e-12 -2.75536e-13
0.623954 -0.0837413 7.7889 -5.67348e-15 2.43493e-14 1.19703e-14
0.745466 -6.89317 -3.92937 3.41268e-05 -0.000280434 -4.82205e-06
0.754575 -5.89177 0.202368 2.5818e-08 -4.61543e-09 -1.2661e-09
0.766913 -2.19837 -5.25566 2.64689e-08 -3.69607e-09 -1.29586e-09
0.782069 -0.744237 5.07891 -2.5733e-06 -1.80132e-07 1.45611e-06
0.858668 -2.2365 4.28465 -7.85692e-07 6.46693e-06 -7.96694e-08
0.886739 5.83133 1.59408 -1.74363e-09 1.55217e-09 -1.13184e-09
0.903813 -6.90508 3.03303 1.69158e-13 -3.29987e-14 -8.11349e-15
1.00247 -1.81289 -5.67148 2.26918e-09 -4.04652e-10 -1.09968e-10
1.006 -3.03594 6.47264 6.08666e-12 -1.18735e-12 -2.9194e-13
1.03328 5.10906 -2.34108 -6.51366e-08 5.38434e-08 -4.16303e-08
1.08088 -3.92144 -3.47356 4.9865e-07 1.33804e-07 -2.70733e-08
1.12652 -2.25206 -4.71972 4.48139e-07 4.07414e-08 -2.4838e-08
1.13495 1.57071 6.26348 -3.97222e-10 3.68375e-10 -2.58495e-10
1.17427 5.15718 1.43426 -1.07326e-07 9.26553e-09 -6.93277e-08
1.23777 4.65563 -2.04226 -9.08694e-07 -3.29786e-07 -3.91232e-07
1.27789 -7.41915 0.742426 9.26313e-14 -1.807e-14 -4.44301e-15
1.2795 7.10034 1.68463 -4.16123e-13 3.85996e-13 -2.70822e-13
1.282 4.68028 3.13903 -2.55541e-08 2.07732e-08 -1.62146e-08
1.46856 -6.60795 -4.18838 1.85418e-14 -3.61706e-15 -8.89336e-16
1.52128 0.64915 -6.81338 -5.42585e-13 1.27529e-12 -1.05297e-12
1.54591 4.2644 7.40304 -3.80733e-17 3.5317e-17 -2.47789e-17
1.56703 -4.38253 -3.02449 1.53996e-07 -2.15932e-09 -7.87288e-09
1.64619 -1.81541 4.77233 -7.9995e-09 2.10281e-07 -1.26764e-07
1.84003 -5.03956 0.853208 2.09157e-07 7.42115e-08 -3.00089e-07
1.86546 -5.16608 -0.335296 1.7248e-07 2.19991e-08 1.01021e-07
1.89792 1.5483 5.58165 -5.0504e-10 1.11702e-09 -9.37211e-10
2.07857 2.42522 -4.2518 -6.4307e-07 6.61819e-07 -7.75208e-07
2.10774 3.5063 -5.29516 -7.63352e-11 7.07776e-11 -4.96727e-11
2.14052 -4.24287 3.41146 3.16216e-10 7.78527e-10 -3.83631e-11
2.22749 -0.299179 -5.53773 -3.04093e-09 1.25968e-08 6.18547e-09
2.26123 -0.159709 6.09816 -6.37099e-11 2.72795e-10 1.34103e-10
2.34863 -5.99642 -5.72645 5.98028e-17 -1.16661e-17 -2.86838e-18
2.44717 -3.46804 3.5912 -1.27889e-08 2.39414e-08 -3.32796e-09
2.45069 2.87453 -6.20854 -2.35197e-13 5.52924e-13 -4.56521e-13
2.46219 -4.6049 -0.162489 9.63754e-07 6.36546e-07 -1.81783e-05
2.63535 -5.85111 -2.28908 3.95693e-11 -7.71312e-12 -1.8841e-12
2.66029 7.31046 1.30506 -2.29442e-14 2.12832e-14 -1.49326e-14
2.68303 2.79597 -3.14983 -4.74987e-06 -1.92287e-06 -8.49192e-07
2.73064 -4.66937 5.26213 2.07291e-13 3.70046e-13 -3.77382e-13
2.7758 2.56444 193.929 -1.24502e-05 7.88475e-06 0.00243044
2.86103 6.20572 8.66342 -2.1603e-28 2.0039e-28 -1.40597e-28
2.92614 2.71107 -3.42682 -5.74831e-07 -1.0781e-07 -2.24603e-07
3.01528 -3.50495 -2.13231 -6.50301e-07 8.97343e-07 2.20433e-05
3.12226 2.81258 4.87828 -1.25081e-10 2.92452e-10 -2.41828e-10
3.12649 -3.82988 2.17662 3.1673e-08 2.49863e-07 -4.89376e-06
3.14011 -7.85772 -1.3107 7.84214e-17 -1.52981e-17 -3.76138e-18
3.28159 -5.56888 4.09106 8.09356e-14 1.44482e-13 -1.47347e-13
3.29475 6.00392 -1.86431 -4.28888e-12 3.9782e-12 -2.72806e-12
3.30928 -6.84793 0.219138 1.81601e-13 -3.5426e-14 -8.84746e-15
3.33318 4.14455 2.03854 -6.92295e-08 5.65143e-08 -1.99096e-06
3.41575 -2.06763 3.82431 -3.05752e-08 1.20991e-07 -7.13709e-08
3.44968 -3.79769 0.424083 -4.2715e-07 8.21735e-07 -0.000593775
3.53885 2.02954 3.78538 -2.77648e-08 7.17642e-09 -1.88236e-08
3.60495 -2.66017 4.76125 -5.70376e-10 -1.46089e-10 3.90418e-10
3.61533 5.61289 0.237025 -9.62402e-11 8.92135e-11 -7.67144e-10
3.63025 -12.2564 474.334 9.00284e-05 -0.000140611 0.00591242
3.68123 4.26472 -2.6374 -5.07133e-10 1.15988e-09 3.86873e-09
3.73147 -4.70544 -3.03335 3.0356e-11 5.423e-11 -5.4091e-11
3.77465 -4.13608 -0.0472259 1.90014e-08 7.40381e-08 -6.3618e-05
3.81383 -4.8399 -2.77604 3.2115e-11 5.73572e-11 -5.24479e-11
3.8377 -2.8606 -6.55983 -1.58985e-15 -4.07641e-16 1.08854e-15
3.9085 -0.560082 -5.75482 -2.19132e-12 9.40281e-12 4.62248e-12
3.92243 2.83918 -3.81969 -1.97792e-09 4.59153e-09 -3.76121e-09
3.92946 3.717 2.65055 -1.8316e-09 3.95866e-09 -3.1184e-07
3.99087 -5.83106 -0.350388 5.13006e-12 9.1583e-12 6.57273e-11
4.06116 -2.9278 -4.01099 -2.96158e-10 -7.50843e-11 2.03468e-10
4.08387 -1.97156 1.67625 -1.00686e-06 4.8764e-07 -0.00822061
4.29802 -1.41064 -5.14374 -1.17332e-11 5.03446e-11 2.47494e-11
4.34314 6.90749 -0.641787 -2.63164e-15 2.44112e-15 -1.62721e-15
4.53794 -2.84839 -2.01167 -5.04618e-08 1.20952e-09 0.000104968
4.70555 -4.97846 0.871959 1.33585e-11 2.38509e-11 -5.08521e-07
4.80834 -0.302524 5.24283 -2.75673e-12 6.48081e-12 -5.35082e-12
5.13234 -1.68199 -0.259615 -1.35428e-07 1.46654e-07 0.162253
5.20133 13.7424 -3.88399 6.17003e-05 0.00017797 -1.79143e-06
5.25305 1.45082 -5.04504 -4.12944e-14 9.70792e-14 -8.01451e-14
5.34981 -4.76726 0.0701537 2.98195e-12 5.32334e-12 -3.47932e-06
5.45029 -1.82993 0.157807 -8.09275e-09 2.00783e-08 0.0486382
5.453 2.54794 2.99833 -3.20577e-11 7.53329e-11 -4.31613e-06
5.58113 3.48545 2.3208 -5.20282e-12 1.22205e-11 7.86094e-06
5.80138 2.13589 -0.0151974 -8.31169e-12 -2.931e-12 -0.0991321
5.84811 -8.12246 -4.69732 7.92483e-28 1.4147e-27 -1.44275e-27
5.92222 1.29206 -0.19415 -3.97414e-09 9.08127e-09 -0.0415295
5.94317 -3.09313 -0.0994867 -2.71694e-11 1.16491e-10 -0.000858213
5.97232 1.4782 -0.22205 -8.68921e-10 1.96187e-09 -0.132405
6.38196 0.410437 -0.0821781 -3.66541e-12 4.67142e-12 0.199237
6.40191 3.14573 -2.09082 -3.47984e-13 8.18084e-13 2.44704e-06
6.51833 4.09536 -1.57149 -3.7447e-16 8.80353e-16 9.94756e-06
6.82645 1.06216 -0.0907995 -1.8069e-13 4.20486e-13 -0.212938
23.2101 26.2262 -14.9024 0.000318888 0.000352403 -0.000149062
26.1247 21.3541 -4.36818 0.000341249 0.000279722 -1.02586e-05
37.7177 -1862.97 104423 0.000565402 -0.0279577 1.56716
41.9398 -1360.41 124026 0.000525545 -0.017018 1.55136
66.7768 2277.17 10389 0.000834834 0.0284717 0.130001
86.8483 -310.623 12781 0.00110064 -0.00393556 0.162889
90.5682 -8.12461 -2.5242 0.00114273 -0.00010181 1.10832e-05
129.608 4587.57 -10544.2 0.00168385 0.0574287 -0.132043
134.952 397.856 68.9797 0.00245726 0.00724597 0.00119503
165.716 -9796.93 -8337.02 0.00207602 -0.122478 -0.10419
219.61 -942.336 -5795.65 0.00278231 -0.0117557 -0.0724563
247.19 12575.5 2570.33 0.00334817 0.166588 0.0340576
247.675 299.939 87.3757 0.00347338 0.00420075 0.00117626
356.842 -716.56 1875.15 0.00450928 -0.00905721 0.0235677
378.347 770.039 755.109 0.00484915 0.00987007 0.00970267
448.638 -653.913 164.801 0.00564376 -0.00824317 0.00215655
572.015 2057.74 -1729.34 0.0840282 0.302279 -0.253797
584.79 -8024.42 68.0013 0.00725484 -0.100348 0.000844912
587.288 -75.7806 619.18 0.0192561 -0.00248471 0.0210452
608.473 8775.58 -2410.47 0.00769981 0.111022 -0.0305359
616.266 -978.624 -29.1316 0.00773504 -0.0122745 -0.000396514
672.799 4111.35 1477.37 0.00877868 0.053647 0.0192462
725.131 6006.86 -2550.1 0.00919331 0.0761414 -0.0322954
814.109 -676.432 12355.4 0.0107367 -0.00891602 0.163018
848.175 -3917.89 3271.9 0.0107541 -0.0496484 0.041507
901.709 -2694.29 2239.9 0.0113039 -0.0337748 0.0281038
1041.26 -1366.98 2352.5 0.013171 -0.0172892 0.0297117
1046.04 2304.61 2030.68 0.0131093 0.0288845 0.025474
1094.98 -5979.3 -8188.27 0.0136997 -0.0747295 -0.102369
1099.46 -2274.93 2063.83 0.0138055 -0.0285577 0.0259363
1121.32 -659.984 2015.7 0.0141612 -0.00834532 0.0254484
1150.69 -14815.8 -14522.1 0.0176002 -0.226612 -0.222101
1214.47 929.704 10617.7 0.0152373 0.0116546 0.133186
1349.36 2238.93 805.277 0.0169314 0.0282323 0.0101598
1679.89 -59629.2 -13992.4 0.0210505 -0.745676 -0.174983
1772.77 -102.622 -190.746 0.0221959 -0.00128151 -0.00235233
1776.5 -25630.1 -14207 0.0223697 -0.322648 -0.178772
1952.51 -1581.28 1612 0.0255729 -0.0207522 0.0210916
2230.03 3405.31 -2073.09 0.0278678 0.0425582 -0.0259293
2323.94 4404.83 -8748.42 0.0290555 0.0550879 -0.109374
2463.37 4507.89 23669 0.030803 0.0563924 0.295975
2463.51 -27580.6 -17361.2 0.0307962 -0.344758 -0.217
2561.08 -6467.55 7319.46 0.0332094 -0.0838644 0.0948977
2724.3 -15590.3 8236.61 0.0342598 -0.196463 0.103807
3030.13 6087.38 11440.1 0.0379089 0.0761609 0.143129
3076.96 11813.3 58377.6 0.0384094 0.147682 0.729785
3203.78 -2369.01 -2038.54 0.0407353 -0.0301213 -0.0259443
3554.22 2955 20054 0.0444343 0.0369677 0.250727
3588.47 100744 -7569.15 0.0451076 1.26647 -0.0951554
3620.96 -42040.5 18951 0.0453417 -0.526378 0.237278
3640.53 5306.48 -3250.24 0.0455031 0.0663282 -0.040617
4114.22 -8991.97 41450.4 0.0585019 -0.127868 0.589426
4224.08 -2772.42 -5463.61 0.0528613 -0.0346915 -0.0683368
4755.44 2850.08 -6660.99 0.0600989 0.0360233 -0.084165
4969.49 -42698.1 -6089.06 0.0621018 -0.533796 -0.0761258
5126.12 17742.8 9755.43 0.0671605 0.232475 0.127805
5257.55 -327.616 61536.1 0.0657292 -0.00409845 0.769295
5344.39 7665.79 1960.43 0.0715823 0.102675 0.0262295
5495.03 -7694.98 18567.8 0.0689205 -0.0965116 0.232869
5611.02 -14511.7 10748.9 0.0701793 -0.181634 0.134554
5613.76 -11516.8 -14669.6 0.132737 -0.272005 -0.34648
5876.88 6852.09 571.259 0.0737691 0.0860107 0.00716686
6220.98 13806.5 -33613.4 0.0795096 0.176463 -0.429629
6412.6 15760.6 -15469.9 0.0807363 0.198573 -0.19493
6436.98 -27452.1 -12612.1 0.0805148 -0.343373 -0.157743
6739.12 3817.73 -6168.9 0.0893675 0.050627 -0.0818361
6931.29 27546.1 70528 0.0866586 0.344391 0.881741
7198.55 -5002.84 -55226 0.0899954 -0.0625323 -0.690348
7557.96 -86902.8 -90750.3 0.0945406 -1.08652 -1.13463
7613.49 -6872.89 -13302.6 0.0952025 -0.0859366 -0.166324
7638.22 11284.4 -13631.1 0.096217 0.142147 -0.171692
7728.97 22588.8 -68908.7 0.0968285 0.283025 -0.863342
8087.72 7836.61 6121.57 0.101178 0.0980382 0.0765918
8164.49 -1743.28 1858.81 0.10446 -0.0223043 0.0238029
8177.05 -117568 55074.5 0.102413 -1.47213 0.689624
8260.27 -200695 -24495.2 0.103405 -2.51235 -0.306637
8486.63 37483.2 35604 0.106175 0.469083 0.445591
8508.76 100846 -136403 0.106361 1.26061 -1.70508
9226.75 18758.3 -11662.5 0.11546 0.234682 -0.145916
9238.83 -31915.4 -18857.9 0.131418 -0.453979 -0.26822
9239.43 -32603.2 2077.45 0.115571 -0.407809 0.0259666
9972.64 -24159 8054.18 0.124701 -0.302131 0.10065
10213.4 5158.67 -2037.56 0.144625 0.0730487 -0.0288714
10245.3 27054.4 52555.5 0.128078 0.338205 0.656969
10529.1 -23096.6 16711.6 0.133651 -0.293175 0.21213
10835.5 1311.28 5143.98 0.136107 0.0164713 0.0645943
11098 -20169.3 -15658.3 0.138928 -0.252484 -0.195994
11193.8 -16827.4 -4215.04 0.140242 -0.210839 -0.0527676
11315.7 5354.96 13739.6 0.141969 0.0671844 0.172414
11531.9 -5104.37 -11373.6 0.155587 -0.0688675 -0.153491
11893 -2593.01 -3156.3 0.219509 -0.0478591 -0.0582793
12430.5 -26651.6 22232.9 0.181864 -0.389925 0.325256
12781 -25822.8 13277.6 0.159797 -0.322845 0.165985
13092.6 65897 -227501 0.163676 0.823823 -2.84413
13166.8 13129.7 -11494.8 0.165187 0.164723 -0.144193
13338.5 -12465.6 -24973.3 0.168444 -0.157421 -0.315381
13512.4 -19741.8 77865.9 0.168946 -0.246839 0.973607
13739.7 477.53 36948.2 0.171823 0.00598818 0.462006
14367.6 -21238.9 -22806.5 0.179723 -0.26566 -0.285281
14620 8672.78 -2321.66 0.18278 0.108409 -0.0290121
14738.9 -24810.4 -19931.7 0.233727 -0.393438 -0.316051
14951.9 -43749.5 -47411.8 0.187522 -0.548692 -0.594621
15763.4 -11690.7 6356.03 0.197785 -0.146684 0.0797687
16769.5 10984.2 -4172.24 0.21085 0.138109 -0.0524566
17968.8 21397.2 -30448.9 0.332336 0.395744 -0.563159
18061.3 -8591.98 10103.4 0.225802 -0.107416 0.126298
18415.4 -134083 -163185 0.230245 -1.67642 -2.04027
18643.3 -16710.2 -32883.3 0.233078 -0.208905 -0.411115
18944.9 -842.388 -11875.8 0.236899 -0.0104981 -0.148495
20613.3 11663 -11411.8 0.25766 0.145808 -0.142669
21232.4 3053.29 40516.7 0.265496 0.0381759 0.5066
21401.2 -28240.4 -99815.5 0.272882 -0.359962 -1.27228
21623.9 17997.8 -16400.7 0.27052 0.22517 -0.205188
23762.4 11897.2 -58689.2 0.29708 0.148732 -0.733728
24316.3 -70685.4 45194.9 0.30401 -0.883628 0.56498
24558.8 50338.7 -35766.5 0.307001 0.629311 -0.447156
24805 29538.5 94468.7 0.310092 0.369263 1.18097
25652.9 1096.88 -51090.8 0.321013 0.0137225 -0.639335
25968.1 -18529.6 -19249 0.325005 -0.231909 -0.240924
26241.7 35199.6 217060 0.328605 0.440779 2.71809
26259.8 -21451.5 15040.2 0.951111 -0.776961 0.544746
26266.8 -33036.9 16711.6 0.328455 -0.41305 0.20893
28863.6 52374 -113978 0.361438 0.655841 -1.42726
33860.5 26734 30425 0.423366 0.33427 0.380414
34258.1 -25050.9 -27943 0.430231 -0.314602 -0.350946
36102.1 -2202.58 -6977.68 0.53627 -0.0327178 -0.1037
37625.9 -42483.3 22233.6 0.470448 -0.531173 0.277991
44803.7 -27080 50006.6 0.56067 -0.338903 0.625842
46507.2 269319 282167 0.581403 3.36699 3.5276
47558.8 -18163.3 -7917.22 0.594853 -0.22718 -0.0990279
50685 25867.2 -38872.9 0.633843 0.323485 -0.486152
51207.2 16284.7 37035.9 0.640126 0.203571 0.462995
59391.5 -69082.2 122050 0.743214 -0.864482 1.52731
63403.4 7504.42 -25740.3 0.792654 0.0938194 -0.321821
68358.5 -128077 -133414 0.855055 -1.60204 -1.6688
71833.1 42006.2 -129633 0.898064 0.52517 -1.62067
73608.7 -15543.3 -22309 0.920133 -0.194306 -0.278875
77562.1 68048 -31503.9 0.969933 0.850957 -0.393959
82117.3 -134034 -71374.3 1.02653 -1.6755 -0.892217
84921.1 -25599.2 18314.1 1.06154 -0.319993 0.228934
87687.6 -38749.2 14123.2 1.11086 -0.490886 0.178912
98307.3 55945.6 75452.5 1.23013 0.700056 0.944151
109711 -41195.6 -9611.98 1.37316 -0.515611 -0.120315
123621 -96533.3 -89884.2 1.5457 -1.20701 -1.12386
135793 6305.25 -154341 1.69788 0.0788428 -1.92986
144313 -28927.8 319229 1.80804 -0.362395 3.99944
183252 231782 97938.3 2.32096 2.93561 1.24043
256194 -588518 -380669 3.20286 -7.35747 -4.75901
