-15.809 3.32262 -0.604262 76.0127 -277.567 64.043
-16.6532 10.804 -3.46342 -64.7565 -87.7611 -4.38346
-15.6868 3.20767 4.17926 20.9726 -271.953 0.57092
-14.9423 0.217415 9.9023 -5.16468 -170.644 9.61355
-13.7969 -15.9322 4.16153 30.0897 -43.4603 7.48566
-14.0386 0.410527 5.41506 -16.2371 -200.94 -0.872526
-13.1502 -3.04604 -4.96089 54.398 -206.118 -3.09825
-12.7101 -4.51628 -1.91016 69.9601 -207.073 -1.24137
-12.9829 -1.91107 -2.07255 37.7878 -204.843 7.78148
-13.0792 -4.9068 1.28109 -6.22422 -258.885 -24.7922
-12.0512 -4.25536 -1.88323 88.6164 -225.846 -13.3717
-12.8617 6.33786 0.136942 -2.06608 -236.953 7.43693
-11.5605 -6.48169 0.00615565 119.043 -176.969 -10.3429
-12.9445 2.13888 -7.28041 -22.2022 -210.514 1.89055
-13.019 2.14437 3.20182 -32.5829 -217.217 -3.78984
-11.5145 -5.75333 -4.40164 96.3023 -178.745 -1.98955
-12.006 -2.14634 6.20637 45.3758 -205.087 -3.369
-12.1061 -0.392145 4.51787 11.9024 -238.66 12.1525
-12.3784 1.02351 6.43644 -15.7842 -233.307 -0.906869
-12.2998 1.44909 -2.96686 -15.5662 -227.003 -8.14057
-11.0215 -10.8444 -16.1696 99.7962 -258.073 -42.6937
-12.1157 1.01772 7.98613 -14.3526 -186.005 1.51466
-12.3705 -6.16792 5.38212 -45.6371 -354.92 88.5758
-10.4383 -6.70002 2.42568 139.744 -203.729 -10.0436
-10.828 -4.64557 1.32071 97.5756 -208.961 4.84758
-11.5196 -7.32129 -1.11068 -5.4139 9.83467 -105.842
-10.4543 -0.72116 -25.0795 95.163 -196.61 115.316
-11.2416 -0.439342 12.5106 7.59009 -183.13 16.423
-11.0727 -1.14231 9.76765 23.0111 -208.262 -4.77312
-11.3331 7.55101 -7.25875 -12.0229 -482.783 97.6044
-12.4388 4.16964 -4.07708 -133.521 -187.834 6.3234
-9.61213 -8.43257 5.0587 140.507 -151.454 16.555
-9.48454 -8.04765 7.97025 151.078 -160.671 -27.4853
-11.8757 8.78187 11.8237 -93.4399 -111.882 2.6398
-10.3637 -1.42594 5.04011 51.2688 -248.758 8.96243
-9.27466 -7.88421 7.3981 155.958 -165.879 19.6827
-11.1907 3.68297 -10.5262 -58.27 -195.262 -11.9232
-11.3554 6.51136 -4.73292 -112.371 -184.898 -2.65202
-8.69936 -6.7122 2.21336 150.603 -196.932 1.42846
-8.83663 -4.44051 -3.35576 135.593 -224.444 5.78067
-11.379 7.30359 0.619339 -122.504 -202.853 1.6551
-11.058 6.35643 -10.1911 -94.2748 -152.212 -7.12206
-9.29391 -14.0113 0.611646 78.8987 -227.062 2.8684
-10.7014 3.38781 1.06786 -61.001 -228.579 -8.03383
-9.73778 -0.190473 10.1273 17.7113 -194.023 17.9725
-9.09715 -2.50497 -11.8243 70.4885 -197.62 -11.04
-8.75213 -3.6826 -1.70353 103.144 -235.003 -2.65554
-8.93721 7.80729 12.5078 78.5721 -216.345 9.77275
-7.79615 -9.79506 -1.76704 170.593 -125.685 -4.63869
-7.78752 -10.5046 -6.33421 164.969 -122.483 -8.12162
-10.3731 5.26473 -2.00795 -97.6202 -212.004 -2.37515
-7.35816 -9.96892 -5.97665 199.233 -127.176 -0.112559
-7.43605 -12.8796 4.41812 188 -106.864 3.71325
-7.52346 -6.62697 1.85256 177.948 -185.696 3.4845
-9.53958 1.46312 11.8477 -26.1559 -181.581 4.04127
-7.17397 -8.93016 -1.32391 202.345 -164.297 20.3949
-9.23223 1.91021 -0.0572031 -22.3792 -265.203 9.51712
-9.47474 3.05715 2.20381 -61.5254 -214.186 -2.26682
-7.18168 -6.15116 -1.11133 150.482 -162.752 32.3545
-7.03468 -5.86069 -2.95691 163.734 -175.014 7.01721
-8.9638 1.98626 -2.27184 -30.1304 -224.508 -8.2946
-7.2627 -3.81073 3.60447 133.805 -190.147 -8.43684
-9.16985 -1.46872 -9.26539 -55.6838 -16.3549 89.9107
-8.08758 -0.471179 -4.58193 31.9776 -233.704 -2.75403
-6.84121 -3.70704 -0.202822 153.646 -216.239 -13.0024
-9.2783 4.59461 -3.03592 -95.8034 -230.509 2.98596
-9.39012 8.56584 13.0939 -113.057 -106.553 6.6731
-7.04256 -3.64479 1.65197 119.445 -222.866 12.0647
-8.99233 9.61306 -8.14437 -77.9818 -207.193 -13.5157
-8.2298 8.45575 -2.47617 -3.5489 -217.939 -18.2295
-8.14934 0.705807 3.79059 1.30831 -258.618 -4.16273
-6.79124 -3.15606 -1.47325 134.86 -249.272 10.9216
-6.22488 -0.129059 11.1584 185.9 -106.727 14.4164
-9.48515 7.1277 5.40758 -142.101 -184.26 10.4222
-6.39924 6.15686 -2.54372 160.086 -59.3811 -63.5284
-7.17842 -2.25422 -12.7345 81.8299 -200.198 -20.6061
-7.04874 -1.50689 8.68575 90.2453 -245.036 7.13066
-8.94979 5.7483 -4.80733 -101.204 -188.509 -17.9388
-8.05931 1.27766 0.325213 -13.635 -281.079 -6.92746
-7.75839 0.028369 -0.487701 15.584 -241.297 8.31285
-7.68942 0.00490653 8.06219 21.6254 -211.496 17.2618
-6.02829 -13.8718 -1.2387 184.486 -82.7426 8.62235
-6.22534 -2.91541 4.86953 160.833 -224.611 -9.56057
-5.95415 -13.1866 8.37657 185.543 -79.2968 20.3425
-5.89722 -8.73904 5.29614 176.778 -112.47 8.2124
-7.1346 -0.471475 -0.193859 53.7229 -251.78 11.4809
-5.44539 -8.21811 1.13049 220.518 -118.653 1.17046
-7.25112 -0.0212652 -8.182 36.0774 -254.31 -5.50528
-5.03528 -6.25887 -1.17608 256.011 -105.374 12.8256
-5.42174 -5.74071 5.52925 216.73 -152.062 0.27647
-5.90805 -13.9094 2.46047 163.922 -64.6556 11.5925
-6.08497 -2.31479 6.32753 142.081 -192.537 -27.3749
-7.0132 -1.30954 -14.5262 47.1041 -196.292 -19.3202
-6.77583 -0.998213 -7.93371 68.3336 -232.618 -5.32273
-6.16949 -2.14831 -3.53008 124.2 -234.399 -17.6893
-5.29107 -14.5166 10.3726 209.74 -89.8777 18.3824
-5.14576 -7.46128 -0.849453 223.832 -134.111 8.43909
-5.16999 -5.26884 -3.92796 220.833 -167.624 35.5692
-8.19454 -3.64339 -11.2309 -80.4056 -250.899 -16.9269
-5.55634 -4.43845 5.60604 178.427 -171.236 -2.98554
-6.74595 -8.71388 -0.316241 59.5822 -118.656 -124.387
-5.7147 -3.71455 -3.79055 161.528 -186.795 2.7088
-7.00996 0.0599676 4.84388 26.27 -242.883 16.3589
-8.20032 -9.17929 9.20681 -97.5391 -491.455 36.1162
-7.9855 1.2525 -3.94533 -76.3627 -220.505 -3.41545
-5.52305 -2.43212 -0.50512 166.73 -231.402 -14.2129
-5.25708 -6.30563 6.65755 190.947 -135.204 1.63922
-5.23014 -5.66137 -5.20668 192.718 -135.867 -7.70975
-4.45004 -3.97761 -5.76278 264.712 -44.3569 -59.7602
-8.64475 0.0999779 3.68368 -160.934 -495.65 197.981
-4.96551 -6.49975 -6.47705 202.999 -125.55 -0.463341
-8.19779 -3.4438 6.60009 -118.325 -397.917 87.6005
-7.96929 4.82156 -8.14474 -96.6032 -181.385 -19.9835
-4.82858 -4.64155 1.81964 213.715 -171.408 -3.06546
-4.6032 -5.91512 -0.509261 231.319 -141.412 4.84947
-5.06072 -5.29355 4.68109 180.958 -139.987 3.42495
-4.68612 -10.0277 -6.23801 216.842 -91.6097 6.28375
-4.78465 -8.11535 -3.71497 202.608 -111.446 6.95158
-5.57977 -1.80289 3.60836 123.618 -249.157 7.43146
-5.58775 -2.23031 -4.84009 117.422 -203.211 -2.10457
-6.68609 0.689928 0.110836 4.94905 -264.667 2.93989
-4.38521 -9.15629 -6.97948 233.36 -53.1881 247.96
-5.37603 -1.32446 4.99927 134.351 -250.934 -12.0928
-5.42971 -1.87096 6.75434 126.719 -237.675 -9.83713
-5.2256 -3.29038 9.73811 146.461 -187.999 8.5422
-6.37012 -0.0887437 5.76392 32.131 -226.126 5.34405
-4.98268 -4.15762 -8.19712 169.276 -162.204 -13.4369
-5.53317 -2.06956 2.88488 110.391 -208.533 -10.9977
-5.43275 -7.0583 -16.1793 117.391 -86.7737 -14.9435
-4.48427 -5.97505 0.697273 207.431 -127.498 5.26111
-5.15449 -10.785 -4.32624 137.531 -209.567 -17.0676
-6.25368 -0.26204 8.74133 28.1053 -216.138 -6.09314
-6.65989 0.954885 1.62291 -12.8144 -291.346 -6.16819
-4.56147 -3.66874 8.04587 192.079 -173.335 -1.52097
-5.56135 -1.20312 0.965156 92.3117 -247.085 1.07072
-8.00849 10.0009 4.91902 -153.261 -125.667 3.11534
-4.24007 -3.42196 -0.35621 220.353 -91.124 6.4998
-3.97837 -6.1343 3.36319 244.594 -121.566 12.8141
-4.6167 -13.4736 10.2556 180.903 -284.166 83.1268
-5.79095 -4.46008 3.20952 64.2364 -222.562 -18.4267
-3.85537 -7.68503 -4.12847 253.3 -96.2633 0.619981
-4.07614 -5.62315 -3.40475 229.877 -120.75 -2.38056
-6.50352 0.904533 6.06517 -11.6087 -250.31 -1.62902
-4.14473 -8.34164 -2.08542 222.373 -136.429 4.33162
-5.82078 3.82149 4.74333 54.051 -68.011 -145.397
-7.56138 5.17228 -3.55545 -122.308 -234.45 -20.2936
-3.96532 -3.00808 2.15893 230.735 -188.608 -4.37747
-7.82149 10.7908 -2.75919 -158.301 -129.76 -2.9406
-7.19976 13.0866 -2.26916 -98.3503 -75.2382 -85.7222
-5.09231 -1.80139 -6.1176 108.823 -204.871 -17.8459
-6.28703 1.29292 5.95472 -11.794 -263.723 -2.06505
-3.98066 -10.316 -5.20783 216.677 -75.1917 -13.4664
-3.92023 0.48351 3.56997 222.111 -132.878 6.47009
-3.6206 -4.95451 -6.12144 250.389 -130.284 -4.48858
-4.4342 -1.65302 -3.4696 169.413 -233.242 -16.6885
-6.65702 3.63112 -3.79729 -58.4565 -128.34 -145.875
-4.03121 -4.87606 7.13624 198.738 -121.367 10.1153
-6.96422 1.68702 -1.24954 -94.6413 -352.161 145.552
-5.94596 0.66734 1.92508 5.10409 -253.603 4.24538
-4.09786 2.96452 -1.1423 188.582 -47.5312 75.6961
-7.27418 10.3135 -1.5353 -128.598 -181.548 8.05743
-4.35758 -2.42616 9.5975 160.858 -204.209 8.51331
-6.44467 2.24326 0.982829 -50.053 -252.575 6.11265
-7.56207 7.4055 0.699061 -161.844 -175.745 15.5697
-7.02501 3.90065 -2.13802 -109.986 -249.297 -2.61108
-3.5971 -9.17414 -6.58143 229.422 -74.1084 4.8211
-3.29218 -9.24069 -2.40572 259.518 -72.2974 -8.327
-3.6555 -4.50914 -8.90162 222.944 -130.635 2.03362
-3.34899 -4.69265 -3.17058 253.389 -124.346 8.02411
-3.89748 -8.83265 -5.43907 198.495 -77.8846 -1.23444
-6.30668 -0.0971635 9.51135 -44.41 -39.7459 -110.872
-3.51551 -3.41686 6.77166 232.838 -159.993 0.983297
-7.26318 -1.9646 -2.34014 -139.473 -309.027 -47.4511
-7.66558 9.0935 -6.91611 -179.681 -150.627 -6.31431
-6.11892 2.47961 7.34461 -29.9896 -244.589 -1.33875
-4.48543 -1.4855 3.21047 132.181 -225.604 4.41087
-6.67977 2.89464 1.85321 -86.1721 -253.246 1.78095
-3.73632 -8.74429 -4.89465 205.224 -70.4031 -12.7237
-5.89056 0.956144 10.5793 -11.049 -247.242 1.99298
-6.4484 1.36174 6.5645 -67.2393 -243.096 22.802
-5.87493 0.819949 -8.92735 -10.5797 -229.647 -12.8732
-3.51668 -9.47925 -9.86512 220.646 -71.8017 1.8623
-3.5003 -8.99155 -7.81227 221.387 -75.4743 -15.6965
-4.14121 -2.42717 -0.0149481 157.181 -197.217 -0.32728
-4.57132 -1.59051 -12.3241 113.408 -207.21 0.402242
-3.76011 -2.1451 -3.10044 191.48 -191.884 14.0891
-4.0178 1.2671 5.56499 165.819 65.0254 -93.9681
-3.87614 -16.4459 0.128657 179.874 -54.9065 -11.0277
-3.0074 -4.71996 1.23024 263.901 -104.81 14.4679
-3.36275 -7.81695 3.13623 228.332 -72.6757 12.3974
-6.57957 3.65773 3.38683 -92.0576 -226.943 7.93095
-3.40704 -3.05646 -4.97472 222.105 -249.932 142.497
-3.17654 -5.3119 -2.80229 239.231 -94.7632 8.99553
-6.28896 10.1151 -7.01114 -71.7554 -188.232 2.34364
-6.18318 2.4473 2.26468 -62.2201 -227.798 -2.46141
-3.44454 -10.649 3.72814 208.412 -73.5696 -17.0112
-3.16597 -4.03662 3.23568 231.533 -122.323 13.7323
-3.43044 -3.08634 -4.95804 205.038 -69.1934 -82.4281
-7.15879 9.56904 -5.84629 -167.055 -139.144 -5.41201
-3.79446 -1.59417 3.71209 166.705 -237.589 1.31107
-2.56304 -4.65373 0.402224 283.77 -85.9809 12.6079
-2.96052 -2.97949 0.767653 243.743 -145.588 6.101
-2.779 -6.0815 -1.34074 259.289 -80.0986 10.1935
-4.33196 0.124941 0.911157 103.171 -176.132 98.6366
-2.69146 -5.8708 1.5644 264.806 -81.5026 12.7092
-3.09169 -5.58654 -2.34673 223.875 -68.0772 -41.6938
-3.17401 -11.8388 0.0703221 212.412 -53.6416 -3.09609
-4.42695 -0.891455 -2.56281 87.534 -230.07 -4.0695
-3.43472 -12.6249 -7.35024 181.926 -48.0104 -8.47928
-3.26417 -2.05047 2.98723 196.596 -179.83 34.5482
-3.14979 -2.13988 5.76556 206.431 -170.225 -7.93595
-5.65245 13.6559 -1.90068 -46.5149 29.0912 -19.6577
-2.93567 -9.8149 5.2868 223.267 -107.966 20.6061
-2.71965 -8.89056 -0.292649 242.451 -57.4511 -3.81637
-3.09494 -13.5339 3.97191 195.657 -51.5026 0.214352
-2.43329 -5.98973 -0.234451 261.171 -58.9897 -4.04189
-6.41035 4.60047 4.89509 -138.229 -241.024 5.21476
-3.5782 8.72009 -6.11566 141.967 20.6312 32.4539
-2.37923 -1.82519 -1.33056 260.625 -154.244 4.82033
-6.11615 1.68533 -1.26486 -114.474 -293.942 -99.8778
-6.86083 8.06898 2.65522 -191.863 -163.073 1.13671
-2.23257 -3.93706 6.62635 266.803 -80.4556 16.7547
-2.4036 -5.17673 -6.57769 248.106 -76.0816 5.58735
-3.84031 -0.688139 6.13107 101.93 -223.326 -0.825469
-2.23436 -6.13136 -7.21825 255.762 -57.9525 -9.44453
-2.54107 -1.11258 3.28927 225.057 -198.675 -6.51395
-4.27122 -0.00956455 -8.03039 52.101 -235.015 4.5681
-5.48265 0.417489 4.86117 -69.4138 -217.156 -43.0992
-6.48281 6.26925 6.45601 -172.388 -199.85 0.807717
-2.86701 -14.0225 0.309082 185.704 -37.4434 7.99484
-2.77405 -7.07943 12.8663 193.473 -61.9215 18.519
-6.21569 14.0291 -8.36231 -150.981 -52.0654 -7.49673
-2.12417 -1.75451 -4.27821 254.068 -129.021 -3.03797
-5.64922 3.4268 3.67132 -97.405 -221.889 2.0535
-4.59044 0.906774 -6.26398 7.1919 -280.024 -1.89911
-2.47123 -6.24261 -5.77826 217.247 -68.0445 4.89014
-2.16977 -2.93041 -1.84736 246.719 -81.4914 12.7865
-1.98049 -6.95665 2.73575 265.008 -32.6857 0.804598
-2.19357 -5.77368 -2.62188 241.249 -63.3405 -3.78487
-4.98407 1.64893 -6.48847 -40.7564 -236.407 -19.7012
-3.92007 0.407154 0.186394 64.2424 -286.779 -3.59867
-1.76644 -4.91269 0.504027 275.274 -44.2612 -32.8087
-2.69193 -3.77988 15.2156 178.909 -95.1377 20.6054
-6.00531 7.18138 -9.21097 -153.225 -129.278 -7.9885
-2.59348 -1.60729 -3.7547 184.355 -252.953 -109.269
-3.59938 0.866818 -4.26135 83.7473 -219.857 -2.79365
-1.84385 -5.04237 -4.2824 257.221 15.4335 -31.5186
-1.66494 -5.10309 -7.53935 273.24 -28.2793 -3.38248
-1.9862 -3.99639 7.93655 240.506 -72.871 16.6441
-3.77602 -10.7246 -17.817 61.9157 -33.058 -10.7013
-1.33723 -1.69986 -1.48932 303.457 -28.2556 1.64547
-4.87353 1.95322 -4.63812 -48.0462 -283.76 -21.1726
-4.03243 0.756724 -2.15799 34.8397 -215.158 91.8994
-2.12738 -10.5283 -1.97158 223.702 -31.2839 -2.68434
-1.87827 -5.16533 1.69824 247.872 -55.5082 -2.32278
-1.55143 -6.09926 -0.488201 274.614 -29.1752 2.16654
-2.19871 -8.23757 9.95505 209.113 -38.3463 9.78789
-3.15147 -18.6018 3.94466 113.269 -24.8402 4.16766
-3.44685 2.99887 -10.8002 83.7033 -249.822 -1.56052
-2.28695 -13.1632 3.17996 197.997 -28 4.34414
-3.45109 -0.224554 -4.5828 81.8665 -289.286 -87.3629
-1.4564 -6.96029 -0.655597 279.783 -30.3018 2.08219
-5.90547 8.3233 -9.443 -163.102 -137.426 -8.22134
-1.62924 -4.97849 -1.35301 259.003 30.6167 7.28578
-2.00281 -2.02788 -6.03644 221.602 -115.224 5.93244
-5.40156 3.65959 -4.08602 -116.823 -246.334 -108.8
-1.58942 -3.19904 1.72883 260.058 -101.747 11.8848
-3.33745 0.167077 1.32461 85.1605 -276.168 2.12172
-1.86336 -4.83253 -4.53233 231.241 119.618 -5.33663
-4.95937 2.48271 6.80798 -76.3806 -226.785 5.1992
-5.93945 6.16801 1.3802 -174.385 -210.931 13.5354
-1.74544 -10.2027 0.277633 242.134 41.4481 -1.44377
-2.04872 -7.73507 11.0286 210.92 -33.3389 0.611959
-5.25397 -0.29039 -0.943813 -111.456 -293.193 -17.9821
-1.75291 -0.463511 2.39753 233.438 -172.831 1.56401
-1.36425 -4.48069 8.12688 271.158 -27.5857 8.89849
-1.25606 -5.51726 1.27362 279.76 -2.16495 -76.8699
-5.17292 3.78859 -2.64005 -110.957 -216.117 -18.1498
-5.4523 4.97815 -3.79508 -139.885 -187.346 3.17321
-2.12989 -0.648989 -5.2458 186.023 -189.484 6.23705
-5.14391 11.2273 4.44283 -116.158 -163.311 27.5694
-1.88154 -1.89824 2.64631 205.543 -135.765 -22.5243
-1.29827 -5.3694 -5.05635 263.462 -27.5986 -1.52568
-1.40885 -7.70666 5.749 250.282 -14.9871 22.2314
-1.44151 -3.79745 -1.94219 245.252 -24.7642 0.752514
-1.77486 -0.65356 -0.757844 209.199 -159.113 32.6882
-0.999535 -6.9198 1.04622 285.722 1.63705 6.10515
-0.999835 -0.879452 1.41349 281.849 43.2985 -9.02203
-4.14898 1.60011 -4.64365 -32.5603 -285.617 -11.9083
-1.03237 4.02376 4.43817 276.025 -37.2597 10.0343
-5.70874 6.73575 -4.12368 -189.952 -191.849 0.103149
-1.74523 -13.5718 1.07908 201.035 -24.8469 6.74947
-3.20606 0.250933 -8.93835 55.3572 -245.065 4.32958
-2.52937 -0.272744 5.85461 122.519 -224.74 -9.79495
-5.28489 5.02659 8.20918 -152.007 -204.843 -5.23434
-0.936571 -4.84434 -0.333021 278.806 8.8477 -7.65362
-1.16893 -4.30194 9.079 255.245 -44.2923 -29.3621
-1.04585 -2.3992 6.88252 265.141 10.1533 -1.62832
-1.68548 -8.79386 9.17304 200.465 -24.7453 9.06884
-5.5225 9.64757 -2.53672 -186.077 -128.509 2.47788
-1.63137 -0.50986 -6.8151 200.115 -155.737 -9.51326
-5.17857 8.67759 -10.9878 -155.286 -104.527 0.294268
-2.82888 0.510695 1.90828 76.8944 -256.261 43.4836
-3.76884 1.41295 1.46652 -17.4856 -254.957 10.3323
-5.60444 2.80692 -7.06006 -201.82 -123.753 -11.3952
-0.939011 -7.34142 -2.48378 260.001 1.98959 28.1801
-1.12429 -8.15633 -2.48456 241.237 -23.3783 5.10909
-5.3484 9.28648 4.19632 -180.003 -122.15 13.6686
-1.08436 -7.25772 0.0419467 242.646 -3.43007 -0.30698
-4.00757 1.08426 2.40524 -48.7884 -257.993 7.41163
-2.7088 0.320273 -9.7923 79.8469 -257.769 -6.67974
-5.29081 8.88833 9.61758 -178.826 -112.792 -30.4443
-1.4058 -9.92291 8.89594 203.618 -22.1438 12.9555
-1.30647 0.161482 -5.63235 211.342 -184.882 -12.9316
-1.28637 -8.52118 3.58961 212.804 -97.0144 3.46159
-3.47841 1.03974 4.09693 -5.12912 -259.129 8.76419
-3.10384 -6.62489 0.509238 31.5501 -319.385 1.8616
-1.14367 -0.0599194 8.58235 224.913 -115.021 17.5384
-0.843128 -7.16002 0.821651 253.066 0.639421 5.32432
-4.26832 2.76905 6.94877 -89.2766 -261.635 -3.93962
-0.519856 -7.43376 12.232 279.153 -213.12 120.144
-5.08091 5.97541 0.13891 -178.087 -177.515 -2.59053
-2.2358 0.249421 -3.57644 103.388 -264.794 -5.18492
-0.64234 -4.74763 0.680041 255.602 16.909 -0.912899
-0.624851 -7.20647 0.798963 255.23 13.1831 -12.2564
-3.25523 1.32205 -3.00158 -10.2381 -295.547 -9.90922
-0.578787 0.830897 2.87739 252.322 1.96204 51.8245
-0.71008 -2.37507 -5.91475 238.073 28.825 0.860929
-1.10833 -4.77851 -14.1371 196.963 -21.2424 -9.27278
-0.769792 -9.30453 -6.97338 229.057 -1.6386 -1.2408
-4.18795 1.60666 -6.40658 -114.033 -201.314 -3.606
-5.35542 4.59611 -0.667584 -230.115 -152.596 -3.35756
-0.325915 -8.61175 4.22945 268.227 -10.6983 30.6088
-0.478722 -6.30007 7.06505 249.373 15.1777 4.13705
-4.91863 8.28221 -7.66012 -192.639 -119.559 38.0494
-2.72401 0.988643 2.55204 24.4437 -295.177 12.6882
-4.80665 7.66877 -2.52787 -183.303 -133.7 -0.307865
-4.70197 14.6364 -7.11063 -173.526 -52.9406 -6.12272
-0.688246 -9.01462 -8.40284 221.531 -1.86537 -13.1654
-4.84573 6.03085 2.27684 -191.793 -195.08 5.17474
-3.63362 -7.55084 10.2255 -74.1746 -146.012 -68.1225
-0.218037 -2.36709 7.8506 263.916 102.069 2.55453
-0.477984 -2.07169 0.172268 237.43 121.706 -1.36653
-0.494838 -4.6268 2.07405 233.503 112.298 -4.17975
-4.35166 4.43109 5.87575 -157.51 -214.116 -7.55936
-0.784928 -12.7788 5.42643 195.052 -8.04004 10.1264
-4.60801 8.19642 -10.8638 -185.413 -120.566 -41.7839
-3.4603 1.99924 2.58902 -71.6226 -274.365 -3.05968
-0.407984 -1.57114 -1.04022 229.524 89.2186 -3.95912
-0.836367 -13.9035 5.39874 185.08 -9.02449 9.80699
-0.331667 -7.59133 7.20717 235.105 13.0046 4.32992
-1.21029 1.7416 -8.56923 145.576 -257.726 47.6606
-0.183293 -8.08283 8.35865 246.038 25.314 12.2438
-3.09673 1.42153 2.0646 -46.4669 -247.81 6.84854
-5.04884 1.59794 5.21908 -241.689 -84.7816 -25.6473
-2.5126 1.0183 4.29069 9.13085 -287.926 6.47523
-3.1111 8.83903 8.00151 -50.8736 -136.889 101.484
-1.39186 0.394176 -4.20132 119.516 -217.19 -17.2413
-4.44799 6.83775 -5.35905 -184.353 -158.938 -5.1282
-3.08034 1.69253 0.909308 -48.7157 -297.369 -17.64
-2.59454 1.11891 -5.33134 -4.60226 -277.197 1.74723
0.128129 -6.08438 -4.27572 264.174 37.8375 0.296591
-1.58755 9.30548 6.94024 90.7042 30.7577 -27.9699
-4.15597 5.15301 3.33452 -165.59 -165.842 0.101446
-0.124965 -6.34367 -6.62624 234.066 16.8292 -13.1979
-1.81459 -7.54807 0.602892 65.659 29.6495 164.905
-0.286532 -10.4241 -5.16621 217.188 10.8804 -3.4846
0.0973076 -3.09001 4.54524 254.66 97.7616 0.0888311
-4.51413 -3.85777 -9.49161 -204.815 -298.112 -84.1115
-4.18417 5.54473 -5.99799 -172.995 -173.261 -7.34169
-0.498602 -13.9373 1.88109 191.278 -6.44485 -4.19062
-0.163149 -11.2991 -1.30209 220.724 7.39997 -12.1496
-4.43479 15.5002 -4.79074 -204.963 -107.371 18.4886
-1.39392 6.76731 3.8845 92.7495 -206.849 9.94695
0.279501 -4.28565 -0.792663 256.802 93.883 2.61591
-4.24908 5.67398 4.04688 -196.109 -170.674 2.19753
-0.337985 -1.1345 -6.84621 191.523 140.011 -1.33559
-0.183493 -12.2462 5.43377 204.459 5.45896 -6.04134
0.392902 -2.99734 5.32111 260.808 32.5837 14.0096
0.209945 -3.38279 -4.09194 242.088 92.5493 -6.5207
-2.63124 1.51814 1.88494 -41.0871 -250.563 -13.9893
0.232937 -9.38776 -4.06777 237.833 24.3405 5.15525
-1.28111 -4.80098 -3.49908 85.9418 -262.877 -25.1604
-3.68297 4.16809 -11.9151 -154.184 -158.894 -14.5236
-0.482072 -17.3766 2.51764 161.782 -15.3114 -46.2906
-0.0166859 -7.6818 -9.69643 205.366 20.3813 -2.87591
-3.2421 2.71165 2.07178 -117.8 -259.391 -4.92566
0.626003 -5.73157 1.39413 264.471 66.9046 -1.33803
-2.46945 2.00755 3.19546 -47.8153 -257.037 7.86506
0.266121 -4.88081 7.7174 219.624 50.7599 4.53028
0.430943 -0.172597 -4.48333 235.403 -6.32727 -120.553
0.208219 4.55476 5.94751 212.464 -80.4034 16.1844
0.547438 -3.87377 6.71925 243.185 92.4912 1.95775
1.30005 -6.06974 0.962493 315.492 188.616 208.223
-2.98656 2.92595 7.79763 -110.552 -199.222 2.63986
-3.75272 6.28002 1.73724 -186.961 -138.282 3.08336
-3.61692 6.26437 -11.4038 -174.931 -136.331 -12.3004
-2.60246 1.91182 -2.86039 -76.1819 -232.447 -2.39654
0.572398 -1.30297 3.2018 236.833 127 -0.352668
-3.91048 6.20032 1.89971 -210.418 -179.382 5.40026
0.641871 -5.66648 -6.52592 232.786 61.073 2.04222
-3.39901 16.9853 -1.29724 -169.545 -30.0608 0.0241135
0.598995 -7.23475 -10.3149 226.675 30.823 -4.96992
0.291267 -11.2822 9.22004 194.938 8.21561 7.7529
0.763918 -5.39723 2.18995 239.063 158.546 17.9299
-3.61323 9.02294 -3.56556 -198.277 -101.379 1.09093
0.245405 -5.5781 2.38381 184.788 144.725 29.5312
-3.23423 11.6779 11.7535 -163.009 -60.1159 8.20843
0.664286 -3.7281 -7.18381 222.484 93.6455 -5.0793
0.948048 -5.84156 6.48063 248.651 92.9735 1.69992
0.733005 -13.4344 -11.5432 226.061 301.702 84.6468
-0.924359 0.819367 9.89502 59.7809 -255.772 19.6352
-3.58213 7.91906 -0.82496 -211.71 -109.715 3.51098
0.684133 -12.961 4.13595 210.467 16.8208 8.09137
0.792569 -4.14965 -13.3453 218.356 82.4278 -13.4565
-2.85291 3.31765 1.66264 -145.065 -199.079 -9.97765
-3.4681 10.5099 -4.92477 -207.819 -80.3013 -5.17281
0.58289 2.20068 1.83367 194.331 134.078 -36.4591
-2.80281 3.05487 1.72647 -144.522 -198.304 7.84509
-2.26041 5.42161 5.48142 -91.584 -253.214 26.3099
1.00112 -4.28641 6.66364 231.911 114.739 15.6598
-2.54584 2.75868 8.78914 -121.729 -220.814 3.04751
-1.34807 1.0497 -0.659355 -8.13418 -272.355 -7.47391
-2.47999 2.50492 1.23817 -121.182 -217.029 2.19938
-3.36752 11.9744 1.93312 -212.504 -70.2168 0.852168
0.167526 5.30109 -7.57809 137.8 504.472 -137.102
-1.49645 1.07427 7.28962 -27.6983 -258.822 -1.75377
1.53186 -8.91069 0.601703 271.83 66.2061 -2.02157
0.960318 -5.63152 7.92988 213.721 76.2952 8.91508
-3.27274 7.71809 -5.97441 -207.49 -125.465 -11.0729
1.5156 -0.922546 -3.51457 264.907 -99.1578 10.082
-3.36492 8.54717 6.70089 -220.376 -87.2994 3.87617
-3.11255 4.43223 -2.46598 -197.624 -203.98 1.57986
0.478018 -3.58781 -4.81804 158.989 161.282 12.8135
-3.31881 9.13237 -4.92588 -219.293 -86.3879 -5.24746
-2.63538 3.35099 -5.73718 -151.492 -187.336 6.45708
-0.928771 0.889413 1.03505 16.8326 -255.391 14.3654
1.5215 -8.67093 3.72678 259.278 76.2313 32.7511
1.23677 -5.32226 1.0642 229.361 100.425 -6.31038
0.125698 -1.62926 -2.75518 116.909 287.493 52.6603
0.991049 -3.54594 -8.56273 199.623 129.739 -6.18352
0.782609 -17.983 -6.66186 178.212 61.2619 -10.0618
1.50982 -8.71384 -4.51998 250.04 60.4713 -5.84289
-3.19636 9.79536 0.884544 -218.086 -74.0967 0.0106031
0.599087 -6.89844 17.1194 158.652 161.734 5.57029
-3.36309 8.06517 -1.55453 -235.518 -143.136 -8.47267
1.19387 -3.18891 0.731571 216.843 174.489 12.3361
0.861466 -5.6948 0.45039 181.57 148.123 -92.308
0.848044 -14.3748 9.78693 178.147 4.27618 8.15272
0.742442 -14.3873 1.61761 165.393 6.2948 -84.2286
0.394871 10.7135 -3.1416 127.607 14.6082 -45.3221
0.817208 -1.97108 2.65266 169.443 228.312 -4.48473
0.864368 -15.9312 -2.14316 173.173 14.2724 -8.79839
0.958996 -2.37682 -2.39228 176.606 176.803 -8.66506
1.30458 -11.8818 6.33651 209.194 24.2633 7.85659
0.42877 2.1867 -3.5528 121.712 213.249 -3.24855
1.37958 -4.01377 -6.92688 214.631 137.058 -10.355
1.59139 -7.85169 -7.18666 230.851 80.8563 -2.74572
-1.51568 5.04773 -17.0452 -80.6257 -228.708 15.107
-3.08219 -1.24168 4.52086 -239.451 24.1139 -34.177
1.05701 -6.31975 0.308705 165.241 63.1811 -170.992
-2.82417 7.12723 5.65658 -223.48 -50.541 -0.062826
1.49276 -3.45108 -1.17704 199.836 160.148 9.89807
1.63396 -7.16268 7.09757 212.82 77.6229 2.68163
1.02693 -9.00428 15.5486 149.73 24.3816 14.2008
-2.43152 3.61393 -1.78941 -194.602 -198.832 -4.39316
1.21475 -14.6327 8.80106 165.599 10.4798 12.6959
-2.15238 3.2808 10.8961 -169.139 -175.408 11.5733
1.57353 -7.86849 -7.89729 200.95 69.5157 -3.68097
1.48221 -4.00501 -9.80026 191.744 129.587 -19.7102
-1.96142 3.02079 -14.266 -151.117 -156.616 -8.50807
0.213136 -8.75129 1.75416 64.2344 -68.0888 -79.5094
-2.62292 5.24751 1.2549 -220.392 -185.512 5.43704
1.72695 -10.6096 4.35023 209.234 83.5139 5.77242
-2.65324 8.51363 -0.344116 -226.47 -90.1985 -1.69849
1.911 -9.62679 -5.92594 226.394 62.6831 -12.8308
-1.44153 3.65068 -7.46993 -111.948 -201.53 -5.02332
-0.0457315 -2.53829 -1.75829 23.0342 -252.571 4.78407
-2.30113 5.38001 -1.14221 -202.189 -125.41 -2.91638
1.81097 -10.6397 -10.5432 196.679 40.227 -9.64098
-2.39545 6.16376 5.44584 -221.698 -136.247 -2.56871
2.12547 -7.28081 7.4414 225.96 97.009 -1.17422
2.32791 3.91833 -2.14759 244.058 83.6027 14.7457
-2.60405 8.92539 -0.845645 -252.172 -87.8887 -1.45771
-2.18845 4.64945 -1.60904 -211.007 -159.232 0.691704
1.78237 -6.99387 8.49168 182.144 179.627 7.95721
1.90861 -3.72761 -10.0874 192.668 153.787 2.49262
2.33786 -5.05977 5.5922 233.719 165.378 -10.5704
1.75965 -4.3335 3.53326 171.427 699.526 -528.398
2.31359 -19.7058 -7.01045 225.301 198.801 14.4226
1.00647 -9.1051 17.942 95.3149 7.5617 10.7009
-2.0692 5.89233 1.58799 -213.115 -112.746 5.45745
-2.30083 7.18317 -7.52854 -238.567 -96.5858 -7.41905
1.31826 -5.19487 2.77692 120.925 246.132 5.27966
2.19233 -4.24524 4.58825 205.249 163.512 14.6904
2.1856 -2.45463 7.85481 204.116 214.827 29.1151
-1.2015 2.60024 16.6302 -133.057 -117.98 12.3875
-2.28137 14.2416 -1.48091 -244.751 -7.20896 3.60353
2.22478 -4.42423 2.66847 202.664 161.231 13.0406
0.17249 -1.86818 -4.56689 -1.99826 -264.565 13.362
2.29004 -4.07984 4.23797 207.359 205.648 -4.60488
-1.2423 2.0612 -1.90616 -145.168 -201.997 -12.8882
-1.99823 3.83353 -2.80136 -223.366 -198.487 -3.32788
-1.4425 2.80637 3.4171 -169.613 -174.125 0.0708649
-0.724699 1.41275 6.02987 -103.305 -235.854 12.7433
-1.86387 8.60692 0.904446 -218.311 -381.445 227.447
0.766393 -1.22275 5.32372 41.7867 262.813 -3.04105
0.575876 5.39991 0.0273983 22.4416 216.721 6.66956
1.55533 -2.64411 -0.590834 116.128 205.859 74.3764
-1.93661 5.93607 0.353125 -234.803 -124.805 4.92157
1.79184 -9.34371 -1.76712 135.079 178.293 76.8761
2.5308 -5.12749 -0.676634 206.57 196.6 -29.3085
2.41541 -15.1177 1.05664 194.121 28.7259 3.39938
-1.67127 16.4678 0.00784042 -214.249 -226.806 65.0795
2.92216 -7.45576 -1.24393 241.601 118.974 0.64575
1.57649 -12.1755 -2.16047 102.528 126.555 31.6142
2.80421 -1.72376 -7.47559 222.987 180.758 -73.5854
-1.75571 11.316 0.587652 -231.914 -51.0683 1.90209
-1.1938 2.27364 1.44188 -176.679 -198.475 24.9094
-1.08107 3.2666 -14.0089 -169.312 -90.9286 -7.64713
-1.29263 13.6589 -1.99034 -190.939 -20.0339 2.09149
2.06353 -2.44296 -2.62727 139.853 238.404 8.85342
-1.34418 -1.43617 -1.67513 -200.831 31.543 -83.0575
2.73671 -13.6379 -4.67049 202.29 31.5599 -0.992204
2.45922 -3.65204 5.93239 173.211 171.155 -1.95137
2.32886 -4.38441 4.14806 158.892 235.853 -22.439
1.07127 -1.13241 -0.59978 32.5653 273.359 8.00219
-1.47584 6.80382 7.25075 -221.552 -78.2738 4.99458
2.88228 -12.5074 -1.70781 205.889 45.2582 -3.21772
2.86845 -12.9081 -4.82201 202.65 44.0701 -5.63348
-1.44248 4.1461 1.32993 -232.995 -146.745 -1.2923
0.805422 -0.979436 -1.31355 -12.0194 257.994 7.7841
2.97022 -8.14957 -8.94421 200.064 79.631 -6.52306
3.29951 -1.78785 0.909511 231.923 451.98 -34.5198
0.97469 -0.00541142 0 0.765406 1.37821 0
-1.37098 4.05933 -2.37919 -233.761 -150.511 -6.80798
2.58887 -16.9633 6.50696 158.838 11.9839 7.27966
-1.04749 9.44038 -11.7064 -207.347 -29.0447 -19.2233
-1.33008 5.55606 1.51431 -235.726 -84.6745 0.444526
-0.423567 11.3272 1.25474 -151.397 -101.816 55.142
-0.865452 12.9322 3.23706 -195.548 -3.79966 5.49808
2.85818 -15.4734 -0.0660484 173.784 14.6091 -5.30359
3.62956 2.77732 -6.49185 246.873 557.984 -91.0352
-1.76169 1.4367 -0.045259 -290.267 -228.023 108.231
1.79986 -1.80956 -4.17173 62.6353 262.623 -121.15
2.39246 -5.71306 -3.87484 120.771 234.821 -4.53437
-0.851606 1.74334 0.747758 -202.507 -222.052 -1.23821
3.20892 -12.8583 4.16108 200.266 95.2206 -0.985635
3.18194 -5.83036 -0.0846004 194.098 137.349 -5.20426
-0.995948 6.50686 -6.02048 -220.928 -52.1429 -3.35207
3.34684 -9.72222 2.98557 207.598 70.0519 4.93147
-1.20224 5.74776 -2.05975 -245.432 -88.2446 -2.39324
-0.900826 3.86568 11.4597 -216.538 -116.746 13.296
2.65499 -3.19342 -1.4707 136.302 170.138 -98.2833
0.444195 -6.49861 5.13196 -83.3854 109.524 124.153
-0.841045 12.4301 -1.45829 -211.812 -5.3601 2.05792
-0.664856 2.47279 -9.69594 -194.423 -143.196 -8.95765
-0.617937 9.62491 13.8469 -193.338 -6.25248 13.7992
-0.855685 8.80594 -7.63337 -218.736 -49.7962 -4.63165
3.55082 -1.1356 -0.113967 215.811 33.6946 69.8937
2.69972 -2.37422 1.90718 128.888 271.667 -3.14084
3.27131 -2.29718 1.48151 183.897 187.868 0.231272
-1.0851 6.26469 1.53037 -248.958 -75.8387 -0.216545
3.606 -6.95953 4.65114 214.225 149.84 8.10612
2.047 2.69671 -0.553464 55.6021 283.782 7.04385
1.28493 -0.999121 -4.5764 -27.9778 269.538 -4.50705
3.35913 4.53967 -1.50189 175.806 -40.3143 -106.574
-0.832944 11.6891 -1.44671 -244.071 -134.496 -24.3281
-0.777557 5.32107 2.85323 -238.938 -13.5335 4.33702
3.60439 -5.58126 -1.75579 193.705 181.049 -4.90008
3.58055 -12.9248 -2.89012 191.1 277.591 -21.5886
3.77296 -5.89428 4.82294 201.396 183.171 3.06724
1.27708 0.917977 -11.3013 -47.3376 236.193 -4.63647
2.67086 -2.12402 -12.9669 89.9207 179.943 -16.4866
-0.672611 4.23961 0.57791 -243.929 -75.8565 -36.9118
-0.333496 2.19098 -2.671 -212.206 -195.85 0.270983
-0.808204 4.26729 6.16407 -259.584 -108.456 3.19227
3.95391 -8.75854 -8.66524 212.306 73.994 -131.001
-0.342116 7.67596 -10.0371 -222.721 -9.90266 -4.50748
0.152882 2.19565 -17.3378 -173.812 -43.5098 -12.5281
3.6368 0.193054 -2.54955 170.66 173.596 -2.24515
3.15232 -6.5028 -5.15929 117.145 159.774 -58.4053
2.64802 -1.03963 5.94429 67.0272 182.001 153.001
4.06294 -11.0061 -4.42623 205.827 20.1844 95.205
3.12076 -2.42297 3.4243 110.943 248.186 -11.5565
3.09107 -11.8173 4.55421 106.544 518.047 -70.369
0.00405007 1.67146 -3.12164 -201.743 -186.753 -0.196848
3.91788 -8.81488 5.03805 186.742 108.595 2.26229
3.91513 -6.07508 4.41053 183.974 143.525 13.3182
1.77 -1.02038 -6.85202 -29.351 285.88 -6.34932
4.22427 5.57389 0.116612 213.461 39.5047 -30.4064
-0.542062 9.38755 8.00573 -260.807 -56.1846 12.0637
-0.39594 2.9878 -7.36024 -251.183 -136.883 -0.785388
-0.502537 7.57345 -4.7533 -263.452 -40.4905 -16.5089
4.15179 -5.89257 3.68187 193.983 193.06 5.53667
-0.297182 4.6569 -2.91771 -250.581 -86.2334 35.5739
-0.457183 4.58928 2.24347 -267.895 -97.8985 0.912879
0.139306 6.01041 -5.36001 -209.946 -32.7736 -117.373
0.199004 14.8098 3.72694 -205.785 -3.14262 1.34849
0.0579763 1.95982 3.75992 -225.694 -123.742 7.44672
0.120582 2.06141 11.2252 -219.567 -93.2253 7.41679
-0.273834 -0.906036 -2.40597 -261.144 106.138 41.7469
-0.142566 5.02024 3.23308 -248.255 -60.5916 4.08954
4.30399 -5.48295 5.05655 193.212 204.714 -3.03826
2.86736 -1.70747 -2.29943 48.8191 296.905 -9.97119
0.0747752 1.28864 6.07568 -230.788 207.933 -43.0039
0.0932498 11.2623 -2.04597 -229.426 -7.59108 1.87475
0.0321684 1.86516 0.462245 -237.734 -151.138 -7.04095
4.14214 -5.04496 8.70502 167.854 177.277 0.758408
3.79279 -16.2308 -3.37792 132.458 504.04 32.462
0.121561 10.3551 -2.29759 -232.975 -8.55919 1.73133
-0.00365495 3.04282 -4.30644 -250.745 -105.874 -4.97779
0.216253 3.44665 -11.2951 -228.938 -37.7381 -19.9972
-0.0990723 7.06397 6.09944 -263.922 -63.7562 5.00566
3.0981 -1.67544 10.3085 53.1107 212.913 5.9035
0.0919778 2.10566 -0.105568 -247.561 -157.287 -7.79434
3.93427 -3.96776 -8.29628 133.757 180.67 -13.521
-0.0532329 3.02743 -3.18444 -263.283 -62.6129 -2.39738
-0.170681 2.91938 -1.74949 -276.721 -102.504 -1.97014
0.262199 5.44651 12.0864 -233.887 -30.4683 6.10994
-0.0744245 4.25759 6.29542 -271.177 -67.1655 6.6379
0.316797 2.73531 -10.0407 -233.164 -77.2476 -12.3843
4.49167 -7.05513 -7.20221 178.847 138.182 3.89494
0.820834 1.22018 14.1612 -187.525 13.2522 10.479
3.63518 7.47321 -0.301507 91.3352 -41.614 70.5747
0.0964219 10.2885 1.22671 -261.879 121.97 -31.3474
4.48767 -5.3648 -1.13989 172.534 181.88 -7.13542
0.479824 5.61295 6.39506 -225.946 -55.0125 6.81041
0.41094 5.63284 -8.10422 -233.324 64.479 11.2202
0.145474 7.65564 -6.00689 -259.911 -317.902 83.9235
5.01975 -3.12739 15.3265 224.042 160.162 104.612
0.988143 16.4679 1.84253 -178.648 0.0828417 4.16869
3.60457 -2.27709 -9.54479 79.4122 220.033 -13.7458
0.327033 2.81441 -3.18272 -248.213 -82.307 -7.28905
4.90505 -7.55957 -6.25531 200.814 155.527 5.81752
1.91246 -0.0559243 3.66927 -98.4077 235.921 8.18364
0.390041 1.06623 8.75986 -251.499 84.2969 -25.4058
4.8227 -11.2008 -1.3397 188.465 84.0766 -2.09212
5.39525 -14.2538 3.80525 242.861 158.386 57.5787
4.42151 -3.5196 4.33241 144.416 242.271 14.5328
4.66636 -2.00099 -11.3215 166.298 125.36 30.3554
2.48057 -0.482126 4.06484 -54.247 273.585 8.15815
4.6939 -4.6508 -0.612457 165.236 223.569 -9.14284
0.139939 4.14962 5.37564 -288.379 -15.8947 7.37597
0.58513 4.99822 0.914037 -245.263 -60.3732 0.499351
0.843458 11.1712 0.718702 -220.52 -7.06698 3.91964
0.59289 5.49888 -0.309915 -249.499 -13.5826 3.54849
3.29153 -0.946052 -2.77706 17.1253 252.374 -7.90945
0.344258 3.27119 -2.81253 -275.847 -69.2403 -0.483157
4.23787 -3.02916 -3.92514 110.433 219.104 -10.7703
0.619217 5.0354 3.59259 -251.456 -14.118 0.890467
4.57629 -4.59125 5.02472 140.754 182.015 -9.04261
3.72214 -1.79049 1.89305 50.0568 256.8 6.27474
2.99474 -12.6028 -0.31803 -22.8699 467.379 30.1811
0.642764 -0.501423 -3.95175 -261.443 -70.7304 4.21793
4.73766 -7.41751 -0.64772 142.902 184.842 -5.14997
1.29289 0.192842 8.15597 -203.957 136.326 3.23215
4.58775 -2.94925 -5.42263 122.821 259.534 1.27372
0.816723 2.92183 0.236355 -253.913 9.5676 -24.7773
1.07277 4.73724 7.13306 -230.565 18.8391 4.8125
0.591267 6.45431 4.24697 -279.815 -15.0032 7.58679
0.780279 1.51238 0.826392 -261.091 -66.873 2.28435
5.48161 -6.8228 -5.503 201.493 98.1326 -5.51295
3.74834 -4.14077 7.01666 28.8033 224.545 13.4067
1.11725 5.46109 5.86504 -233.429 6.4264 12.5486
0.84763 2.18262 3.96371 -261.768 -17.1108 1.1015
1.08229 6.92728 5.53158 -239.497 -11.7721 7.98981
0.867111 7.34364 6.12446 -261.098 -2.26539 -2.46929
0.912998 9.67106 -7.31333 -257.55 -107.165 8.20428
4.99612 -11.4026 -3.2782 147.349 137.706 -9.36363
1.11002 2.71826 8.52322 -238.669 17.785 5.87644
5.37906 -14.1389 3.68622 183.981 103.21 -65.8048
4.09194 1.20659 -0.111747 55.6786 288.023 6.40755
0.793243 5.28915 1.95956 -273.35 -15.4991 -0.560756
1.15859 6.15224 -4.20524 -237.528 20.4096 -4.11523
5.39724 -7.35469 6.9733 179.582 175.972 7.90807
1.42082 9.48709 4.94089 -215.854 21.6258 3.14025
0.807519 12.8199 2.18577 -280.687 -138.867 -40.3579
0.997088 4.54252 -4.86135 -262.718 -15.303 0.179683
1.31084 2.21936 -7.71241 -231.938 44.2243 -7.35759
3.78219 -1.28771 -4.49944 13.3816 260.545 -13.607
6.38638 -6.50423 -2.22335 270.051 115.714 0.26017
1.50323 7.25479 5.62026 -218.2 217.565 58.1283
4.94365 -3.28855 -2.91626 118.676 234.801 -10.5299
1.45482 6.39865 -12.3644 -229.499 17.1432 -11.291
5.08374 -8.33406 14.0395 129.564 85.7097 13.6705
1.24227 1.35859 6.15414 -253.53 47.4759 3.41126
1.43336 1.10338 -0.345603 -236.058 -130.319 2.48506
1.24416 3.93216 -1.77108 -260.027 16.8017 -3.18047
0.995816 6.2442 1.92517 -284.979 -15.5607 5.84668
1.45545 3.30459 -1.572 -239.83 75.8275 12.9389
1.17674 4.32561 -2.63163 -268.029 -15.8637 2.01334
1.6417 0.764998 -3.96746 -222.335 130.362 -9.20603
2.7739 0.228105 0.421724 -110.622 244.878 8.11522
5.74197 -3.36364 -12.2706 178.068 59.9319 -9.5029
1.37796 0.897884 0.58132 -255.638 78.4154 10.4169
2.74421 1.09996 -3.12548 -122.366 214.489 4.68252
5.53555 -13.1268 -18.3011 154.844 199.579 99.3827
1.68448 9.62591 -0.99722 -228.662 19.643 -2.36007
5.07765 -3.17613 -7.61669 108.134 212.873 -13.4569
3.77566 -0.760124 -9.71866 -24.0412 251.254 -8.48277
5.77363 -20.8919 1.77756 174.031 162.384 2.97424
1.21812 0.664924 4.62877 -280.474 39.4644 6.71501
2.19308 14.3802 19.0452 -188.435 111.594 11.7597
2.01244 6.84864 4.75677 -212.305 112.315 -12.0057
3.18158 0.216715 -0.0167516 -96.3571 -139.955 155.341
2.08066 -1.00345 6.03833 -205.965 56.2543 26.3526
4.3812 -1.45665 3.19195 19.943 286.128 -3.99511
1.28386 0.365572 -1.75971 -288.549 -18.8597 -33.3369
5.92222 -10.5505 7.93943 168.472 242.714 -82.4815
1.47297 3.92637 2.47681 -273.88 21.0528 1.00728
5.60658 -4.1872 -0.76636 135.237 224.171 9.73047
5.50161 -7.17574 -15.1076 123.632 110.275 -14.0648
1.69415 2.59879 3.49265 -255.022 70.8015 28.98
5.47273 5.34676 6.09475 120.122 217.062 3.84032
1.7875 2.70393 -5.04771 -246.02 66.5051 -17.7032
2.17304 7.9842 12.5867 -208.237 44.553 8.71152
4.42403 -1.11609 10.7302 12.0234 213.899 0.154307
1.8049 2.73885 4.96555 -249.114 97.4626 -23.0081
1.52468 8.05328 1.51854 -277.631 24.5414 0.241845
4.65509 -1.25647 -8.94993 32.2335 246.064 0.60468
1.98204 7.50878 3.14862 -239.133 39.2012 5.10678
2.19098 1.49937 0.829515 -220.462 148.22 6.0036
2.0186 6.40588 0.780595 -237.686 48.6614 -0.723399
1.82008 4.03915 -6.38263 -259.53 50.7577 -6.46968
5.79659 -5.12732 11.5923 135.109 173.756 4.02347
2.90103 0.303248 1.40862 -154.197 260.704 7.7016
2.75688 1.37936 -6.26231 -169.143 173.997 -8.8528
5.1029 -5.875 1.68611 61.332 276.39 -41.9209
2.0615 10.644 3.10702 -241.703 42.0275 5.10292
1.9441 1.23339 0.524751 -255.012 139.104 -1.19533
3.65993 -3.80586 9.22674 -87.9512 176.716 66.0798
1.96932 5.91533 6.97531 -256.816 51.7575 4.03457
2.97956 10.8637 -0.599023 -156.668 222.028 -3.47682
2.49579 1.59648 5.76352 -207.477 158.934 25.2262
6.67396 -10.3081 0.810083 207.377 140.41 4.89477
3.73216 0.681746 -4.98742 -88.3957 219.587 -2.56991
2.44251 1.07065 0.241345 -217.862 192.275 -1.90329
5.22293 -1.81159 -4.32284 54.7042 275.787 1.7459
6.36632 -6.7945 -2.90534 164.37 178.988 4.10406
3.47127 0.617465 1.03022 -123.61 238.537 22.705
5.41544 -2.54406 -2.30841 69.014 271.766 -4.61339
2.36356 8.25571 -3.18818 -234.998 -9.86234 -2.81787
2.7149 4.98816 3.10687 -201.723 -17.1465 -94.3261
2.29763 -1.99307 -0.224771 -243.906 -21.5117 -39.5224
2.43862 11.5506 5.12624 -229.983 41.1588 6.56355
2.39679 2.51041 4.59279 -241.712 124.209 -6.8366
2.09078 3.13892 5.37298 -273.732 74.1197 -11.0721
5.40276 -8.70205 5.05771 55.0003 284.904 6.31897
2.03892 4.73146 -1.82503 -279.279 54.9339 -3.00194
2.35395 2.35589 5.17142 -251.636 121.066 6.97753
3.42121 15.6171 9.33425 -147.586 39.6659 6.49071
6.48926 -1.71596 -1.92155 155.007 209.827 15.2766
2.48107 11.8497 0.587905 -245.407 48.4591 -4.39435
2.67147 9.08511 5.922 -227.235 48.9531 3.36956
6.29583 1.53752 -14.6368 131.316 260.07 -31.7978
2.30631 4.23738 4.39477 -266.047 73.0266 -11.4229
6.65673 -13.8377 6.52801 161.374 184.116 7.50977
4.81315 -0.744099 3.19045 -22.3404 290.974 19.9084
2.96656 2.90547 -0.766183 -206.371 130.215 54.1849
3.66656 -0.948742 -6.41365 -137.778 174.386 104.655
2.47555 9.71451 -5.23863 -258.664 43.6895 -1.26157
3.4047 -1.56958 -4.43708 -166.751 214.85 -37.8958
4.91145 -0.509979 3.88839 -17.9147 242.618 17.5592
6.19304 -8.8398 -9.8369 106.554 170.614 0.0890353
2.51946 1.95438 1.59617 -258.632 142.68 2.85242
6.78405 -8.44516 -1.94309 164.916 158.784 0.687654
6.69659 -12.3782 -8.22522 156.009 142.004 -25.4183
3.02573 7.77858 6.71252 -208.858 61.0732 -6.45846
6.56288 -8.15995 11.452 142.3 135.746 10.8953
2.57519 2.85471 -0.0776965 -255.119 123.178 2.89757
4.10213 1.21343 8.42118 -104.249 210.596 4.42759
2.87469 7.03857 0.886234 -230.414 -18.5501 45.8909
2.8328 4.03626 3.30818 -238.122 107.47 1.30031
2.83711 4.67923 1.49695 -238.795 90.7 9.54541
2.66863 4.44908 1.56403 -255.648 95.9743 -14.2914
3.14193 -4.12779 4.1728 -210.204 -50.5477 -29.67
3.01572 7.81165 -3.39002 -224.447 62.674 -1.87202
2.45819 3.1173 1.24623 -280.882 104.562 10.7997
3.24437 3.1894 1.12164 -203.21 142.281 -10.6169
2.78912 4.50099 1.93581 -249.698 20.5722 15.2664
2.58873 2.6175 -1.52997 -270.592 77.1483 -54.2305
6.20425 -3.86324 15.061 86.8322 166.453 5.94406
5.5289 -0.874428 6.35081 18.4449 244.818 -0.56922
5.98634 6.96955 -2.52634 61.6892 245.485 -4.13419
3.42683 9.81594 -3.90054 -194.169 -116.147 -32.0205
6.89 -6.41099 -6.15862 149.823 161.99 0.950014
1.90155 7.22484 0.601689 -345.925 58.2523 -104.297
2.77572 4.0351 1.96989 -259.364 181.343 -3.65385
6.96276 -7.31574 4.69264 153.71 165.708 9.62473
3.87616 -0.929981 5.63037 -153.093 168.941 25.0665
4.14964 0.520012 -2.58011 -126.367 169.698 132.581
6.26362 -3.00887 2.66031 83.0414 247.527 12.7956
3.54783 8.34346 -9.49262 -192.992 55.3548 -6.77239
3.02366 5.18267 2.46715 -246.177 99.561 -2.43568
6.82759 -7.85154 -3.13631 129.79 209.294 6.90423
3.1431 7.35699 3.97626 -236.51 78.1172 12.3946
3.04409 2.71654 -0.210002 -250.244 148.728 -7.04549
4.64602 0.269338 -3.31935 -91.9632 282.532 -10.589
4.8853 0.490523 6.81072 -71.8148 233.687 -0.305029
5.42429 -0.534032 4.39046 -18.8069 257.054 18.8163
3.30512 10.5828 -4.09308 -229.885 68.804 -16.1237
6.71169 -17.0095 -7.08914 107.413 199.403 1.87383
6.46031 -3.51753 -0.0158751 79.8748 248.709 -9.93703
6.32329 -2.6652 -3.57144 65.0958 252.094 -5.40495
5.14716 -0.108585 -3.04739 -54.74 286.49 2.80167
2.97966 3.15304 2.48655 -270.18 -17.2049 34.6287
3.88231 1.58629 6.15383 -181.825 219.409 21.3818
2.45216 5.1258 -2.77837 -329.178 -170.703 -62.4925
7.517 -8.53447 -1.29331 170.567 163.975 1.26832
3.42523 9.53575 -3.01372 -236.949 67.2245 -1.53185
4.45865 2.54539 14.4419 -135.389 169.27 21.0322
3.66299 2.51264 -5.7822 -215.681 192.342 -6.62183
3.87651 2.3197 -5.99008 -195.526 193.55 12.8883
3.45782 9.89896 0.352309 -240.394 94.1382 -1.95886
6.87217 3.93548 -4.35791 94.3694 396.76 -137.424
3.3396 5.95382 -3.3072 -260.459 105.749 -7.22582
3.40876 4.25178 -0.0187535 -254.718 128.427 49.2761
4.2093 1.49027 -0.585787 -175.312 236.713 -26.1276
3.25124 12.3166 -7.63359 -270.965 -42.2491 26.3706
3.54549 3.02869 8.08986 -241.762 76.005 3.49383
5.35927 12.5394 2.96436 -62.6227 50.4074 -24.3526
3.66178 3.97924 3.91836 -231.251 138.98 -3.2995
6.72573 -2.74734 -1.10746 72.2339 280.868 -3.76505
3.93558 5.28416 -9.19668 -208.265 124.414 -10.7691
4.38134 2.00764 -8.4919 -164.208 208.292 -16.3503
7.81438 -10.3451 -1.01295 175.187 149.846 -8.70744
3.61019 6.6283 -2.67926 -248.259 84.2791 7.33468
3.8559 3.50768 8.59556 -224.759 153.507 12.2371
7.39549 -4.31248 -0.790883 126.808 246.831 -9.30639
7.90203 -10.9598 -5.9928 176.391 130.906 4.56497
3.92171 5.65648 -8.50898 -219.328 108.253 -1.81078
3.93529 10.1584 -5.92157 -221.753 76.0383 4.07355
4.2313 4.03811 -3.54184 -192.403 150.528 16.5637
4.10213 5.41425 5.56328 -207.027 118.121 5.65872
4.8638 2.84647 2.35981 -133.564 240.087 14.1465
4.41624 5.94143 9.95312 -178.321 108.106 4.76512
6.39737 3.47011 -3.53372 16.7808 281.563 -11.6267
6.69012 -2.26111 4.26647 44.1199 247.148 -3.46473
4.39445 2.93423 -7.00097 -187.465 195.01 -9.88325
6.99291 1.1077 -1.07793 70.3143 227.876 -4.11179
7.3308 -4.2027 -10.1197 98.7913 189.087 -14.6248
6.47291 -1.18049 3.06378 12.1364 264.511 -2.10652
4.62552 3.30735 0.564477 -171.71 179.583 -3.58452
6.59443 -4.96809 -1.43843 20.7766 266.813 -7.26365
6.35942 -0.801778 -2.83062 -3.92824 265.333 1.81398
3.8816 3.20122 0.944827 -250.203 77.865 -33.7259
4.25236 8.49061 3.8168 -217.233 91.4094 -0.883549
8.24594 -5.9185 6.49886 177.066 165.185 77.4006
6.73517 -2.94229 12.6095 19.4579 306.669 -171.678
4.43857 9.05897 -5.47537 -210.299 89.2479 -8.06109
4.41009 9.20482 -10.0319 -214.084 85.7775 -0.32323
5.53283 3.26271 -10.5344 -106.024 254.906 -93.1988
4.22184 6.98958 -1.01907 -238.257 118.245 4.49065
7.46969 -2.79122 6.11749 83.9705 252.643 16.4746
4.56585 8.05011 -2.06571 -205.066 96.8675 -2.74859
4.23076 12.1381 1.0606 -239.713 204.935 -1.25887
4.27419 5.4382 -6.13055 -238.504 135.261 -3.33027
7.15436 -1.88953 -6.61714 46.4482 222.189 -1.04855
5.01324 8.51995 -10.0897 -167.001 99.2694 -6.87448
5.73197 1.72405 -5.21743 -97.1024 221.764 2.91426
6.86167 -0.978228 7.48193 12.2542 257.616 1.48288
4.75186 6.69352 6.10913 -197.758 114.382 6.03363
6.34917 0.591169 -10.9463 -41.2276 215.099 -14.0804
5.24262 3.35071 8.80105 -154.096 189.333 21.074
5.00572 2.9382 -2.40241 -178.304 221.78 10.829
4.44409 7.20938 2.7672 -234.729 109.49 8.75401
7.29835 -2.3256 -4.45854 48.2412 270.433 -10.9552
7.17122 5.86597 -2.32563 35.5633 -39.7995 -89.8913
6.10145 0.734598 0.637724 -85.2695 278.317 -6.2294
4.57691 -1.52974 0.169931 -239.469 -20.4448 5.83269
7.83987 -4.60048 -12.4139 83.227 155.762 -15.2805
8.27172 -5.44322 1.31349 125.985 203.462 10.4678
4.73735 8.86728 -3.17008 -244.628 107.824 -9.51847
8.71064 -1.60428 11.8195 149.401 158.044 1.62576
7.3993 -1.20552 -2.92609 15.0325 230.726 -11.2205
5.70243 9.33043 11.2495 -162.894 234.072 -10.9287
7.31005 -0.884434 6.34141 -3.54032 275.957 9.17886
7.02907 -0.0814398 -0.633465 -31.4522 250.208 -12.5714
5.33833 5.74654 5.52346 -202.794 141.498 9.3236
7.90528 1.55212 4.77785 51.6634 465.18 -60.8627
8.31857 -4.07897 -7.07314 88.719 217.142 -22.3712
8.71465 -6.32404 2.6264 127.903 222.955 23.7665
8.80089 -1.64811 -0.98979 127.021 241.244 -2.54567
7.3771 -3.34628 1.24574 -25.1245 254.565 4.30848
6.28463 5.75386 -13.9605 -134.326 129.64 -26.2666
6.92277 15.3325 9.61206 -71.3267 309.983 48.8256
5.50207 8.17061 6.36256 -216.031 125.757 6.34837
6.4277 6.3101 13.413 -124.488 117.784 9.29951
7.03622 1.26442 -1.44308 -66.7376 223.984 -6.21833
5.8469 6.21906 1.33632 -188.545 159.915 5.38158
9.32426 -8.56795 3.13786 149.557 157.777 8.16309
4.28001 8.27607 -3.51674 -356.843 188.975 -97.3312
6.39195 -2.36964 -4.01566 -147.923 107.787 87.8205
3.81077 -1.60145 0.787104 -406.879 141.649 126.754
6.06356 6.00739 1.56856 -183.809 158.772 -4.25108
9.05922 -5.68412 -5.14605 113.493 180.479 4.35987
7.14964 1.05901 -3.20886 -80.0004 264.86 -8.91781
5.8761 5.25448 0.608493 -210.2 112.007 -9.54148
9.22742 -4.15109 -2.83064 121.326 233.855 17.7923
6.95648 3.16671 -13.0825 -106.205 188.367 -5.56665
8.47108 -1.75925 -3.92925 42.5078 228.26 -9.37277
6.58719 14.9109 0.3495 -153.412 72.6363 -2.51574
6.30194 4.33383 2.45679 -183.388 208.195 20.4806
5.94341 7.60565 -0.779668 -220.658 136.721 -6.74906
9.33897 -9.2379 6.83302 116.549 -38.3728 34.894
9.75964 -4.88469 -5.70555 149.953 139.76 -8.67238
10.0549 3.79229 0.660449 176.617 174.393 3.87834
6.24072 7.75896 -6.53548 -205.026 145.559 -8.38146
6.40912 7.33097 -5.88601 -192.751 140.117 -15.6743
6.34866 8.93794 0.101254 -201.373 118.781 1.34562
7.76304 5.31911 4.4434 -61.2816 218.38 -52.1143
8.17364 0.441284 2.4272 -20.9847 227.312 5.65412
6.62313 12.6233 -1.23499 -179.47 257.274 -11.2023
10.2141 2.42161 -9.03506 177.126 253.779 -28.0476
8.44598 -4.9683 -3.9935 -1.22377 231.544 0.588424
6.10163 16.92 -0.315974 -238.641 160.707 -5.97392
7.44514 3.30098 -2.56622 -113.549 201.335 3.01729
8.81403 -4.12164 -4.9575 20.04 202.664 -79.6483
7.13036 5.61493 4.45927 -149.937 166.381 4.06688
9.13438 0.400459 0.0418681 44.8992 240.234 -7.07499
8.89941 -4.75515 -2.35334 21.5014 262.967 -9.8204
10.2569 -10.3502 -1.51612 156.279 155.079 -6.66342
8.04368 2.0699 7.53305 -66.0455 224.626 0.148151
6.74051 20.9982 -21.6577 -196.088 102.34 -31.0752
7.31697 5.50201 -2.81085 -147.23 170.662 12.8609
7.17039 -1.04107 6.57547 -163.263 -37.1443 43.5075
7.19794 6.43043 -3.18891 -180.079 173.387 5.8756
9.65098 -3.15664 3.39368 60.1284 219.663 0.392457
7.85925 2.06828 -3.04815 -122.957 220.182 7.28312
8.67993 0.186472 -0.344038 -42.428 253.411 -1.40234
8.20287 3.82043 9.36298 -100.457 180.941 11.8583
9.43368 -0.686178 6.04586 13.7649 238.689 0.680828
8.80347 -4.06591 -6.06705 -51.8987 486.906 108.069
7.4002 10.9182 -1.90481 -193.349 116.438 -0.273859
8.31206 4.65253 -10.4599 -107.871 154.511 -24.6532
8.53158 2.22341 0.108503 -87.2187 233.243 -8.17213
8.48543 2.02686 -0.156007 -94.7083 251.461 -9.03514
8.39076 2.89027 1.21294 -104.87 244.059 8.644
8.28686 -4.9947 5.17245 -122.961 214.506 4.30509
9.83371 10.639 0.561906 22.4896 12.2599 -39.8365
8.15484 6.04546 -0.208989 -144.867 187.039 9.87656
7.97615 7.33485 9.17054 -163.089 159.252 14.8423
9.16042 -9.01205 -3.24041 -55.227 126.575 -48.104
8.83814 3.42517 -0.225235 -88.1936 268.44 70.3401
10.8332 -2.39914 -9.00837 108.95 171.944 1.08409
9.14766 2.22392 8.15358 -60.3205 201.071 0.767117
9.36263 1.14931 3.54823 -41.6304 228.399 -3.02682
8.95403 -2.51725 -7.15493 -87.2913 224.178 -4.01099
10.9281 -9.2094 -8.17996 107.775 127.006 -15.8167
10.2398 4.07904 7.5815 39.3147 311.494 88.0449
10.7706 -5.4995 -8.63107 88.3645 160.921 -12.5135
10.8284 -4.95559 3.62342 86.0769 220.803 -3.48603
9.16337 2.68767 -6.10363 -84.7152 228.66 -12.8739
8.50145 2.20643 -0.916544 -163.675 206.954 10.3924
9.54692 1.94803 -6.68932 -66.5492 229.882 -10.7864
9.11508 12.4756 -2.64685 -120.723 221.038 2.47815
9.89108 0.206751 10.7951 -47.3865 189.188 43.5353
11.1471 -7.03387 13.2977 76.3346 111.968 15.7795
10.4689 4.42157 4.50472 0.192165 241.376 6.97685
10.9918 -3.33361 2.11359 49.8661 205.141 18.929
9.98953 -13.4829 -7.35248 -50.4114 467.655 33.3875
9.97241 2.56632 2.78254 -82.5386 224.766 -5.76025
9.2519 -0.839934 0.832627 -158.948 202.057 14.1138
10.5091 -2.35471 3.1189 -38.9967 177.599 95.3193
10.0974 0.600696 -14.0173 -88.2901 236.633 -13.3954
9.67081 6.58053 -1.53449 -139.005 181.722 9.02409
11.2661 -1.30902 -9.96725 17.2203 209.325 -15.9287
12.1825 -12.375 6.26319 106.5 98.6137 -16.3087
11.9243 -4.36171 1.99213 78.0405 231.598 -6.91583
10.4967 2.56854 -1.28647 -71.521 248.002 -6.97095
10.9581 2.5446 -2.35601 -57.4143 205.597 -6.78373
11.2036 1.969 -5.8582 -33.4685 197.85 -9.61645
11.8059 -1.11348 9.07168 16.7974 188.206 -0.158473
10.2347 10.4807 7.63315 -139.758 136.963 4.58683
10.0842 6.81875 -11.1004 -156.282 203.303 1.99151
10.806 3.34003 2.83395 -91.2113 241.751 3.69549
12.5679 3.56528 -0.222458 75.972 123.108 -14.3103
10.8982 0.735698 -5.19087 -97.2657 133.177 -81.5654
10.7459 6.51559 4.70058 -119.791 174.214 -14.7356
10.5771 8.81911 2.30265 -143.953 165.484 2.36142
10.7933 7.59582 -5.96463 -127.529 169.76 4.80593
11.9232 -0.310294 0.331829 -15.6487 233.009 -0.527466
11.3782 4.8351 -8.43581 -73.7592 183.187 -0.917951
12.0295 1.06114 -8.52925 -15.2362 205.265 -3.32189
12.9308 3.6272 0.208653 51.2327 287.247 -68.3673
12.0642 4.15951 6.45193 -50.045 186.163 1.44323
13.7488 -6.63233 -3.20933 95.2437 189.453 -13.6085
12.2373 6.11861 3.84321 -88.9497 239.893 3.83938
13.7391 -3.77739 -4.77289 45.9892 189.865 -0.172209
13.143 2.37621 1.22745 -32.8276 202.267 -4.15691
13.2431 6.52759 -6.52418 -30.565 139.284 47.8466
14.7028 -8.85405 -6.43545 38.0642 200.935 -0.208026
15.5432 -15.1732 -1.36704 23.1832 -0.536952 -0.921249
17.3164 -0.0909498 10.7359 18.8902 92.05 6.34573
18.0269 2.97701 -2.86599 29.2147 98.2264 -21.675
18.2943 -12.0267 -8.45445 27.1312 227.475 1.4812
nan nan nan nan nan nan
12.5078 -2.27563 3.88245 39.6196 215.892 5.29677
14.8536 -17.3509 0.0384968 70.4225 229.353 -4.8109
