-29.2703 10.2028 9.0264 -35.511 16.2922 -17.17
-25.7145 13.1258 -6.79525 -44.5559 -127.168 54.8317
-24.8229 3.82803 -7.48551 -11.0526 -106.036 -3.73802
-23.6512 -12.4447 -4.33868 -19.7078 -65.3359 42.6474
-20.6724 -16.3711 7.74081 38.7361 -9.90606 -4.40265
-20.6261 -1.33011 0.276576 11.4541 -58.5993 -77.2176
-20.6916 -1.36556 -2.30154 -4.89646 -4.34784 26.7199
-20.4229 -1.40396 0.328222 -0.943906 -88.568 -27.8034
-20.1073 -10.5273 -2.98764 1.54859 -176.849 -29.3742
-20.0348 -1.3739 0.344312 4.60032 -91.5987 -61.0871
-20.1112 2.79074 0.264164 -4.33305 -11.35 -66.5062
-20.1982 7.33091 0.714049 -22.0475 -49.457 -18.3254
-19.7781 -7.4654 -0.0592402 15.3521 -36.9655 25.1101
-20.064 3.7071 -0.129491 -16.1266 -70.2245 26.2386
-19.9222 1.379 -0.0535602 -8.84971 -116.31 -21.7269
-19.7396 -5.10342 0.0966809 7.94753 -43.5484 40.2426
-19.582 -1.35499 -0.131524 1.4104 -74.9134 -27.9962
-19.6516 1.32211 -0.0435412 -8.28522 -57.1306 -35.4661
-19.3861 -5.0011 0.180888 13.7169 -57.7511 -90.3362
-19.6699 5.15322 -1.04236 -17.127 -48.3459 -76.3187
-19.1336 -7.21403 -0.0394041 19.0373 -61.0604 -32.125
-19.4685 5.3941 -3.80618 -24.3944 -41.0307 24.4093
-19.5262 -3.59555 2.24171 -33.851 -174.16 107.932
-19.2194 -1.33611 0.266744 -4.32196 -61.1174 37.5392
-19.4573 -1.3773 2.35999 -30.0039 -44.2867 -37.1742
-18.8138 -3.2485 -0.958632 19.4786 -106.414 68.744
-18.8662 -4.88826 0.0733242 13.7309 -98.0423 -87.4575
-18.8226 -4.61817 -0.0228366 13.0455 -40.3718 45.6504
-19.1304 5.02381 -1.02181 -20.5677 -64.0032 -62.3136
-18.7293 8.241 -2.29862 10.8399 -152.82 -16.0797
-18.6228 -4.4553 0.489039 19.9204 -131.624 -115.047
-18.6594 7.63128 3.09723 16.1004 8.00443 32.4583
-18.8313 -1.30613 0.239669 -2.00072 -64.2455 69.5105
-18.523 -7.9539 -0.0593521 23.6693 -55.9633 -88.2971
-18.7563 -1.32528 -0.10618 0.0922105 -30.4137 -56.7337
-18.7236 -5.03394 0.48597 3.00671 10.4707 56.3145
-18.7049 -4.85209 0.124777 1.02381 -18.5073 -11.9243
-18.7094 -0.50462 -0.462314 -0.217618 -104.911 -87.4665
-18.5908 -23.0877 6.28094 10.0466 -94.6455 81.9847
-18.6504 1.01788 -0.144773 -5.65944 -57.0152 25.4754
-18.6417 3.4408 -0.164791 -13.9185 -60.1294 91.5755
-18.4578 -8.11373 0.927846 -1.03937 -133.299 104.2
-18.7791 7.28343 -0.36235 -35.6048 -90.0756 47.6312
-17.9092 -6.70063 -0.0647726 49.0046 -123.535 12.161
-18.6745 12.778 -0.353167 -27.5923 -66.1644 -27.9996
-18.6104 2.67061 0.15422 -23.3324 -140.959 74.9729
-18.6102 10.1106 0.129478 -23.9618 -34.6054 -22.9589
-18.4546 3.42474 -0.0369771 -16.1793 -87.0061 -99.9375
-18.3428 5.56493 0.717703 -7.77766 -16.4988 -8.79909
-18.1933 0.547772 -1.78264 0.16772 -42.2295 -2.22389
-18.3135 4.94117 1.90915 -12.328 -40.467 -51.2982
-18.3245 9.88858 -0.109952 -15.9028 -24.1282 -7.44834
-18.4038 6.65473 -1.09483 -26.2342 -68.1013 -21.6993
-18.1858 3.33121 -0.0432304 -5.93557 -21.6435 -88.1653
-17.9415 -9.92675 0.287259 17.3818 -36.3398 105.29
-18.3615 8.67422 0.210806 -24.9227 -46.5705 0.975889
-17.9031 -6.38311 2.67972 15.9414 -62.5717 40.0644
-18.0008 5.97761 -2.22527 6.15676 -19.1806 -124.083
-17.9285 -7.71215 -0.15499 11.7516 -38.5735 61.8157
-18.0084 -1.2444 -0.103954 2.87746 -71.3492 -51.4167
-17.7503 -5.71489 -0.0868874 27.1332 -86.0486 -21.8746
-18.3718 8.98437 3.5242 -36.8617 -66.7941 -2.03095
-17.8672 -1.22774 0.268183 3.16264 -78.002 4.26632
-17.0456 -6.13658 -2.07734 83.4768 -18.8953 -73.4378
-18.1022 8.54651 0.257616 -21.9214 -39.3387 -74.2785
-17.744 -4.56663 0.141559 13.6219 -68.964 -46.425
-17.3936 -1.17994 0.326755 44.044 -203.324 21.0093
-17.7629 -6.0164 -0.372679 6.90448 -36.4067 45.854
-17.7053 -11.3445 -0.552383 10.2355 -22.7728 1.87333
-17.4927 -6.57781 -0.0750161 28.6438 -78.0774 29.5668
-17.8963 6.84094 -1.8768 -14.1875 -43.7139 -69.9355
-18.0349 10.5075 -0.493966 -31.8555 -45.7868 3.33182
-17.9839 1.26094 1.00125 -28.2349 -65.3254 -28.395
-17.4126 -10.1621 -1.67199 23.2993 -160.882 21.8236
-18.0711 5.41811 -2.45554 -43.8341 -49.4115 -11.9377
-17.4099 -5.62168 -2.66622 20.9998 -57.0884 -6.54206
-17.564 -4.54999 -0.00694286 3.07595 -68.6592 -13.0943
-16.9773 1.78212 -2.65464 55.2487 16.6313 -63.0551
-17.6742 4.62906 -1.03029 -14.083 -41.7701 73.0098
-17.9194 5.71683 0.64945 -40.0435 -98.7192 37.972
-17.7431 6.87696 -0.289267 -31.7532 -78.7591 -35.1673
-17.6627 2.91202 -0.341634 -24.0299 -171.715 -8.2022
-16.9506 -7.24119 -0.179206 44.0337 -98.2152 108.007
-17.5469 -1.44513 -2.81543 -21.4767 29.5052 5.05834
-16.683 -10.6108 -0.533278 59.0821 -108.656 22.6256
-17.0482 -1.21594 0.176977 22.2677 -75.4615 -41.0045
-17.3783 2.5084 0.219899 -18.2028 -154.174 -44.6695
-17.3947 8.76399 -0.703119 -22.997 -41.695 -65.3594
-17.7123 7.29586 -0.532676 -56.3317 -131.836 45.7772
-17.1749 -1.16494 0.313191 -4.30255 -98.513 -79.4761
-17.2161 5.2676 0.9985 -9.62339 -50.7947 21.8764
-16.9998 -10.8936 -0.525006 10.6322 -19.6206 -6.28173
-16.7927 -6.3136 -0.0388707 30.019 -75.5027 -21.6759
-16.6984 -9.20073 0.335424 38.6497 -79.0645 -5.27943
-16.2037 -11.1253 -0.208923 87.3209 -58.6059 9.70333
-17.117 1.14483 0.0224969 -4.7378 -39.7018 -122.159
-17.4518 5.29317 -0.127643 -39.4214 -46.8575 -115.851
-17.1909 2.45261 0.218234 -17.1863 -109.207 -45.2646
-17.0377 1.17227 -0.0980366 -5.48553 -88.9312 60.3282
-17.3499 6.26917 -0.1565 -38.2316 -145.951 -4.94673
-16.6503 -10.9512 -0.375773 30.5123 -51.0272 34.3409
-17.2066 6.26687 0.612667 -29.4298 -71.1463 -21.8523
-17.0891 3.18048 -0.0881453 -17.7766 -93.8766 -11.129
-16.5922 -10.6859 -0.154454 31.4991 -52.4438 -18.9581
-17.1583 7.49594 -0.0613793 -29.3997 -62.7341 -47.3687
-16.5003 -4.17945 0.108584 35.9278 -159.44 -8.49236
-16.9454 -9.36947 0.193811 -9.48345 -9.6983 4.82629
-17.3372 14.0868 -0.139497 -49.3167 -183.141 -15.1082
-16.7355 -2.43265 -0.127057 7.16321 -76.4652 -173.124
-17.3359 -1.39046 0.409118 -54.278 22.8297 -2.70221
-16.6638 -1.09515 0.230995 9.13183 -147.683 32.7755
-16.7022 4.34753 1.18039 5.0099 -83.5598 115.369
-16.6864 -5.65095 -0.417013 6.34871 -35.5116 144.163
-17.2529 9.41763 0.0479204 -49.9942 -84.079 87.8242
-17.2327 8.12857 0.368637 -49.257 -105.47 14.3636
-17.102 4.36174 0.0310852 -37.9263 -139.501 43.1687
-17.0575 5.24224 0.700706 -33.9122 -108.852 -57.4402
-16.7427 0.204694 0.623593 -5.08574 -78.3952 -84.4574
-16.913 -1.09037 -0.0527274 -22.835 -117.599 45.7235
-16.5052 14.8074 -3.35833 9.69884 -28.1298 -84.8777
-17.3479 10.7013 -0.412402 -76.1207 -249.46 4.79726
-16.6451 3.05856 -0.166233 -7.92369 -33.801 110.633
-16.0692 -6.84657 -0.105389 48.5088 -117.539 5.00021
-16.4087 -1.06825 0.229509 9.37112 -160.701 29.1706
-16.5358 1.126 0.0112858 -4.58322 -68.623 -102.23
-16.9909 7.49236 0.496813 -52.5998 -108.205 -39.9803
-16.3796 -2.85915 -0.902823 7.58936 -47.5274 162.456
-16.4774 0.927215 -0.230425 -10.0964 -92.3026 177.342
-15.8474 -3.94631 -0.268418 50.8138 -99.5636 -80.888
-16.558 2.40399 0.230124 -24.1425 -167.097 -73.6131
-16.6091 -1.65477 3.23993 -30.3583 -99.7883 -14.8146
-16.4283 0.955379 -0.12222 -13.4196 -138.57 14.3707
-16.7057 9.75164 -0.418743 -41.5748 -63.389 -55.8799
-15.8778 -14.371 -0.107243 38.9972 -45.5597 40.2156
-16.1402 -8.93919 0.357021 9.7014 -22.2525 -54.1155
-16.5914 4.42582 -0.961897 -36.5382 -154.547 59.2847
-16.1779 -4.19538 0.188573 3.68059 -77.7002 -91.7692
-15.74 -10.0295 -0.43776 44.5998 -81.7868 -77.7575
-15.6002 -6.64084 -0.0354989 58.4018 -118.154 -96.0057
-15.636 -13.5093 0.330206 47.7917 -66.3855 -18.1991
-15.5249 -6.60297 -0.145369 57.6918 -126.565 70.6865
-16.3723 3.07633 -0.0353808 -27.6005 -132.204 -84.8437
-15.7725 -5.91416 0.0188139 31.4423 -93.6447 -103.921
-15.9089 -1.0662 0.146023 15.2841 -109.307 143.745
-15.4443 -5.75507 -0.0405131 55.8845 -136.62 -12.6498
-15.7502 -4.0319 0.0412259 24.5505 -90.6172 86.2511
-15.5227 -27.6755 16.2206 36.8399 -105.284 -23.5462
-16.189 4.11681 0.0243199 -32.6535 -114.633 48.5657
-15.9739 9.28536 -0.473132 -13.1031 -17.0221 57.1654
-15.6001 -3.97138 0.0249885 22.4424 -123.604 109.376
-16.2506 10.8123 0.473922 -44.6538 -57.3234 -123.49
-15.705 -6.76194 0.00656281 8.52025 -25.1291 -160.871
-15.8069 -1.02653 0.246727 -1.77266 -159.423 -10.4605
-15.4407 -8.52787 0.415992 22.9853 -49.8334 -164.498
-15.8656 10.528 0.390564 -21.0453 -28.3571 -12.1425
-15.0372 -5.57932 -0.0292644 58.0716 -167.961 -27.684
-14.9705 -8.21428 0.289532 61.1036 -108.126 11.6334
-15.2412 -16.9854 4.65292 33.8962 -224.912 -3.14861
-16.0393 4.96289 0.567555 -45.9293 -148.816 84.4903
-15.6718 15.2178 3.89404 -11.3159 -113.897 -83.0837
-15.1415 -8.33641 0.316124 39.5339 -79.0017 -22.9633
-14.8628 -13.1154 0.297491 65.7388 -80.2969 -27.4184
-15.6915 13.698 -0.147349 -24.7636 -24.2819 -3.36251
-15.8653 7.47632 0.26754 -45.8482 -85.9404 121.766
-14.9852 -11.6023 0.124533 41.1407 -59.0592 22.9775
-15.5002 1.10363 -0.00599982 -10.2469 -136.677 -70.8028
-15.1057 -0.96322 0.215186 21.91 -177.504 20.758
-15.1575 -14.1058 0.144 14.6702 -22.1937 38.1836
-16.0547 9.42088 -0.446191 -74.6971 -115.142 11.4644
-14.6976 -6.23205 -0.140083 59.2914 -146.549 70.6672
-14.6832 -9.33104 -0.512976 56.4823 -104.517 85.9527
-15.7309 6.13977 -0.24126 -50.6744 -125.683 -54.5403
-14.4483 -8.40041 1.54549 72.9821 -216.649 67.6465
-14.4339 -21.1355 -5.57125 74.1098 69.0767 139.658
-15.5924 13.6356 -0.203684 -42.3186 -44.9059 82.9963
-15.018 -2.6238 -8.1423 7.80356 -84.4217 82.1263
-15.2741 7.71114 -1.08037 -18.8727 -103.178 -67.4632
-14.169 -8.97947 -0.485364 89.5619 -34.3657 101.493
-14.7768 -2.51721 -0.828301 24.6538 -133.645 168.302
-15.7032 8.61061 0.157053 -68.6017 -122.71 -91.2829
-15.5131 5.70375 0.444959 -53.0769 -135.634 143.475
-15.1765 -3.42164 -2.31615 -35.1229 61.3872 -58.2881
-14.7233 -0.915702 -0.0774731 6.75575 -211.639 -53.3594
-14.3495 -9.21806 -0.155232 42.3406 -71.0844 16.47
-14.9907 2.81308 0.0356153 -21.3592 -116.255 -180.4
-15.0748 4.0039 -0.774984 -33.524 -114.086 -95.6898
-15.2438 5.9587 -0.32091 -53.6608 -133.71 78.6756
-14.9514 11.2895 1.5348 -26.0101 -30.2458 -83.5972
-14.4398 -15.9584 -0.123423 21.6268 -14.5698 -10.6354
-14.0085 -7.66979 0.244366 60.9215 -124.301 50.9378
-14.8239 4.06909 1.60252 -20.1442 11.725 -87.5796
-15.0749 8.64926 -0.340906 -46.5628 -81.3702 132.018
-14.297 2.32238 -5.86058 28.5927 19.066 27.8302
-14.8943 9.17499 3.91005 -32.7939 -47.6247 8.4285
-15.3038 7.76353 -0.710622 -74.2225 -80.3668 -8.25646
-14.6436 9.73855 -0.149439 -8.97255 -9.11843 -116.784
-13.8239 -12.4682 -0.0316931 69.9134 -73.1765 -57.9743
-13.9852 -14.7917 0.228021 53.7312 -53.8651 35.1906
-14.4252 -13.4311 0.131575 9.35506 -15.1889 44.6497
-14.9941 8.19321 0.145035 -49.0023 -82.9368 -79.8207
-13.3984 -12.0364 -0.0426112 107.064 -107.78 -38.0236
-13.5445 -8.93508 3.078 79.3262 -112.86 107.767
-14.8756 6.55058 -0.100147 -55.7252 -119.639 29.6685
-14.6812 10.0245 -0.811461 -36.9142 -52.2481 -15.5445
-13.4874 -14.2299 0.263769 78.2442 -77.141 -32.8009
-14.5502 -1.45874 -6.88943 -29.4119 -70.5323 -40.0282
-13.8009 -14.3854 -0.230627 43.8512 -42.4033 25.7942
-13.3155 -14.0318 0.199779 90.4995 -87.3721 58.9651
-13.9416 -0.875075 0.242086 21.5001 -184.758 -46.5476
-14.9508 10.0457 -0.294355 -79.6782 -117.747 93.8505
-14.7492 9.84924 0.408938 -66.8779 -88.7794 -79.4223
-13.8705 -10.3541 -0.188092 18.5791 -28.6805 139.073
-13.7951 -0.896143 0.340594 17.8575 -137.348 -198.658
-13.0471 -9.63873 0.295531 87.6556 -131.967 36.1604
-14.6947 8.07601 0.0914899 -81.3922 -133.358 -1.51075
-13.5921 -2.06975 0.24241 27.3939 -194.392 28.3649
-13.1929 -10.1804 0.139408 62.3884 -83.3544 -24.987
-13.0423 -9.0031 -2.48073 74.5471 -111.586 157.306
-14.3617 7.86616 0.146373 -58.7261 -101.056 -87.6441
-12.974 -11.6833 -0.116631 72.2093 -90.3663 76.8755
-14.1613 13.7309 1.20102 -46.3125 -42.2032 85.0588
-12.4899 -11.1944 -0.12879 118.004 -123.012 99.1972
-12.8822 -9.91759 0.0959331 77.2892 -103.428 36.1638
-14.0433 -8.76269 -2.10752 -39.9453 -134.952 57.2729
-13.9648 3.56867 -0.0413288 -41.7305 -121.897 136.064
-12.621 -9.16719 0.781533 84.8824 -127.1 -60.6464
-14.3351 6.3377 -1.21142 -87.2423 -305.056 311.162
-13.9546 10.5746 1.34958 -51.5317 -64.7697 49.8766
-13.4466 0.890626 0.0885286 -2.98864 -18.0672 -202.999
-12.5395 -8.47953 -2.62555 84.0041 -121.843 -136.114
-13.5757 7.30819 -0.0477773 -22.5697 -210.848 -272.901
-12.4964 -12.9714 -0.191708 80.9678 -77.1677 -1.86559
-14.081 9.67651 -0.84611 -82.6591 -111.373 84.9032
-14.1701 7.81608 0.0692934 -96.8039 -161.567 27.2521
-12.1917 -15.3697 0.903407 93.0725 -78.3629 -20.3689
-13.6091 13.8066 -0.380016 -54.0953 -51.0592 100.577
-12.0236 -14.5821 -0.243472 100.75 -80.3276 -92.3606
-13.7541 11.144 0.322442 -74.8154 -96.3959 -19.3608
-12.188 -4.46825 -0.106015 75.336 -206.835 101.97
-12.3391 -10.0402 -0.347422 59.8852 -83.2216 163.651
-12.1742 -12.6472 -0.245088 67.9065 -71.2074 86.1158
-12.5771 -14.2973 1.71379 25.3153 -23.2533 -21.7815
-12.8197 -0.762438 0.212099 -5.79538 -235.5 -26.5433
-11.6107 -10.3955 -0.11419 110.167 -130.348 83.8564
-13.1819 15.6141 1.2417 -47.0346 -32.9216 -88.9993
-13.4256 11.0722 -0.377145 -78.1347 -93.3157 -22.2326
-13.4066 14.6841 1.34977 -81.5632 -71.6891 -36.0884
-11.9642 -2.94189 0.0622512 56.5176 -241.492 18.5499
-12.435 -3.21346 -0.0868324 5.92349 -29.3684 248.52
-11.1037 -35.4444 13.9841 131.132 21.6964 -61.9152
-12.9563 7.45256 -0.123681 -54.8335 -90.0084 -142.555
-11.2193 -12.9116 1.08064 115.691 -97.7011 -10.7232
-11.9933 -12.6951 0.319115 38.6715 -38.7323 -156.358
-12.0603 -12.5812 -0.154369 28.542 -32.0076 -48.869
-12.9826 15.7205 0.886386 -63.2641 -52.3651 33.85
-11.646 -12.0984 -0.148329 67.1579 -65.9519 -47.6895
-11.3865 -10.2145 -0.147246 92.0602 -112.614 135.422
-12.0557 -6.65395 0.10685 23.3595 -42.4708 200.689
-13.1415 17.8065 -0.743361 -86.3391 -192.521 18.1834
-13.2118 12.0974 0.568904 -94.5307 -100.047 45.3284
-12.7315 16.8558 -1.84083 -52.0146 -32.356 9.596
-10.9539 -9.7815 -0.081519 119.236 -148.257 39.5946
-11.5045 -4.84325 0.0385167 53.8562 -164.192 -168.463
-12.4934 12.6862 -0.282636 -58.1347 -55.6752 -7.90495
-12.2227 12.3767 -0.340802 -31.5323 -27.8437 89.9661
-10.5847 -9.45201 -0.00676065 121.675 -137.153 -70.4889
-11.0592 -15.5164 -0.814658 69.5793 -53.3757 -83.6724
-10.8616 -7.87875 0.533709 81.3007 -119.215 157.115
-12.0818 15.4353 -2.50258 -40.908 12.421 65.2199
-10.6756 -9.57865 -0.141424 93.0271 -96.6642 132.093
-12.1747 6.7004 -0.0207687 -63.899 -126.47 144.607
-10.5054 -4.37733 -0.145858 95.9308 -198.191 119.934
-10.8526 -11.5556 -0.482528 59.8616 -52.1914 171.067
-10.6222 -14.8811 -0.757289 82.6681 -62.3243 -117.15
-11.9456 14.7995 -0.772857 -54.9929 -38.4285 122.2
-11.9133 16.3012 -1.3063 -73.9462 -144.35 -160.362
-10.7089 -13.5512 0.729378 44.7552 -39.1795 81.7423
-9.71791 -13.5075 0.492898 142.271 -93.3312 -77.8164
-10.7136 -11.3393 0.0572855 35.0998 -35.8908 204.406
-12.0081 -2.6073 2.80406 -94.9213 16.6207 -96.0613
-11.341 15.3685 -0.220649 -35.2988 -165.714 8.72845
-12.0333 11.0446 0.633366 -106.452 -112.321 -131.834
-12.0997 14.6946 0.78584 -113.937 -41.2087 12.622
-10.8054 -7.80853 3.8842 13.121 -157.232 -20.516
-8.96656 -13.625 0.642362 184.109 -50.8632 58.0085
-11.1607 18.6266 0.484953 -34.2911 -16.5005 -20.5031
-9.63363 -22.0042 -3.28364 110.373 42.513 35.6787
-10.2392 -14.3893 -0.790994 47.5659 -38.1548 -23.3108
-10.2028 -14.3216 0.480383 46.8243 -34.4331 -25.0551
-11.1272 12.123 1.52959 -48.2874 5.41653 -81.6857
-9.74761 -13.6278 0.403961 84.4964 -62.4479 54.1228
-11.2627 13.3813 1.09618 -67.7813 -56.7502 -126.841
-9.58448 -17.4483 0.144467 98.1196 -54.5425 -70.2447
-10.3218 -14.5393 -0.832591 24.5385 -20.051 27.86
-11.7967 14.4866 0.970308 -124.889 2.5837 -12.5654
-11.2766 4.4979 -0.196186 -87.0409 -216.62 -4.88058
-10.7122 2.10751 0.0285771 -42.0384 -225.18 -133.786
-11.6449 14.2183 0.660323 -136.916 -106.996 158.647
-11.0534 11.6345 0.0827274 -94.9706 -88.0584 -63.9587
-10.875 7.81752 6.46667 -84.5051 28.8574 53.3276
-8.85555 -13.4622 0.647753 110.023 -139.016 21.5793
-8.22827 -14.8451 0.0894451 168.439 -94.979 -8.93397
-10.8685 11.9459 1.05073 -97.7656 -86.6432 39.596
-9.45773 -8.5571 0.10979 23.3901 -31.6796 -238.395
-10.7387 13.0915 0.715941 -109.858 -95.1789 2.52779
-10.0224 12.5132 7.78223 -46.0045 5.43076 86.8343
-8.39239 -17.0049 -1.28514 113.837 -63.0263 51.7909
-10.7864 11.4209 0.0614082 -144.539 -133.837 -33.0388
-8.07796 -28.291 5.95563 122.752 67.8135 -98.4708
-9.88858 11.9843 0.830001 -57.443 -44.2978 -207.505
-7.50486 -13.5243 0.0312058 167.628 -84.4875 67.806
-9.77697 17.0338 0.901393 -63.3221 -51.9075 -34.4061
-10.3903 12.6864 0.716834 -131.81 -102.582 21.5227
-10.4704 9.3041 -0.0281833 -139.838 -156.268 -109.37
-9.89779 9.001 -1.22673 -83.6049 -88.3308 200.865
-7.64565 -8.01839 -0.133801 139.557 -117.523 -187.559
-8.58505 -15.9173 -0.192183 42.086 -29.1472 -125.83
-8.549 -15.6348 0.0994881 41.1187 -25.6949 -17.8089
-8.10098 -17.784 -7.58875 82.6948 -40.8398 63.5078
-8.0655 -12.2008 1.76396 78.9793 -152.934 -64.8202
-7.89973 -21.096 -7.08241 92.8041 -10.386 22.7481
-8.2716 -18.6734 -0.448858 51.8594 -26.6747 -29.3972
-9.22904 12.1094 9.60015 -53.4451 -15.3542 30.7104
-7.95817 -14.4693 0.0410842 65.2097 -13.5828 91.7843
-7.53637 -18.0071 -0.0869402 105.592 -44.1488 30.6962
-9.00026 17.0269 1.57538 -43.8729 -19.9596 -15.7918
-8.87738 15.285 0.480636 -33.5337 -25.7375 44.4768
-7.72414 -20.9502 -1.24171 80.3338 17.8325 14.3358
-7.69226 -15.6295 -1.17456 79.1515 -44.0945 38.6004
-9.20098 8.12731 0.0391039 -86.1098 -95.7321 -192.244
-7.76529 -14.3812 -0.175069 47.8669 -32.5467 -111.632
-7.93722 -14.5801 -0.0106418 25.8377 -42.8029 107.057
-6.81867 -13.7469 -1.05835 132.707 -73.4071 69.5833
-9.62212 11.7837 0.62193 -148.397 -116.543 85.0719
-9.15835 15.6468 0.662976 -106.653 -39.8503 43.2497
-9.17857 15.5706 0.0664839 -112.768 61.4174 -74.1685
-6.49601 -15.4043 -0.0761396 152.893 -65.3956 28.8252
-6.12701 -8.40952 -0.362921 174.186 -120.363 -169.206
-6.22486 -11.18 -0.0337401 162.531 -83.7971 146.068
-6.59159 -34.7116 2.15279 121.818 154.197 -133.345
-9.05716 15.2225 0.300689 -124.716 -188.719 37.7351
-6.41719 -16.6962 0.355151 137.153 -54.9493 43.2753
-6.69628 -5.99025 -6.0234 107.548 -183.633 36.4493
-6.53545 -13.1943 -1.04883 118.471 -60.4868 117.405
-8.03904 17.4985 0.560574 -34.5063 -14.6875 -6.40943
-9.06666 12.1526 -1.27294 -148.081 -101.303 -66.5322
-6.70104 -16.0253 -0.0244684 85.3304 -38.6514 -52.5969
-7.35264 -16.9299 0.62982 15.1834 -9.19829 -86.8237
-6.44206 -25.2588 10.4655 104.006 -7.69368 11.0776
-8.46628 14.2417 0.335476 -101.17 -56.5989 36.5571
-6.27528 -16.3975 0.409053 98.3852 -41.718 -48.8028
-7.64537 15.0013 -0.0763372 -53.7977 -27.1784 -120.632
-7.83902 18.0739 -6.17235 -74.1744 -58.5512 154.993
-7.91841 13.3208 0.212381 -94.5246 -54.0738 187.344
-8.10077 10.8307 -1.2747 -113.832 -73.7419 150.73
-7.12554 16.8713 0.413942 -22.7572 -10.2079 -52.8536
-5.84977 -18.2425 0.0408734 99.5436 -29.5782 -26.5846
-6.18427 -18.8365 -0.605906 65.2039 -27.3909 -99.1858
-6.44294 -18.3581 1.62545 36.5978 -65.7162 -79.6137
-7.88986 17.3158 0.561467 -115.097 -52.7191 -17.7487
-7.03814 -10.0171 11.1079 -41.0018 3.43097 -7.00836
-5.36679 -17.7697 -0.686285 120.936 63.8082 161.395
-5.15626 -15.2631 -0.586395 132.232 -127.803 117.098
-7.56556 12.7593 0.411031 -112.617 -63.0758 -134.447
-7.21042 15.776 0.45181 -77.4384 -35.0016 74.475
-3.85319 -6.77915 -0.151827 241.167 -150.405 49.7326
-5.08746 -15.8249 -0.0601283 117.758 -7.62277 56.5789
-6.79229 20.1889 -0.602256 -62.1488 -17.0341 47.9619
-6.49457 15.669 0.0489509 -49.2468 -19.9947 71.4416
-7.16771 17.8853 -0.638748 -116.926 -40.7174 2.65251
-5.22994 -16.3313 0.0541036 74.4844 -24.9222 -97.5989
-6.45942 12.8131 4.29431 -48.2345 46.1798 -135.029
-5.98291 8.13437 8.6377 -2.46153 87.822 -79.1814
-5.69415 -16.5885 1.87547 25.4366 -61.513 243.047
-7.46315 9.48807 -5.58986 -151.31 -16.7345 78.0368
-4.83719 -13.9308 0.494701 93.2822 -135.867 100.152
-5.3257 -16.7095 -0.0378958 40.7705 -16.4941 41.0163
-5.13406 -10.0878 -5.34797 55.4227 114.792 -143.049
-6.38159 19.8658 -0.475167 -83.2742 -23.4907 -8.829
-4.70739 -15.5465 -3.30848 81.6424 4.1619 -67.5054
-7.02594 17.1298 0.132006 -150.274 -59.0432 -40.6988
-4.95968 -19.7108 -0.339571 52.8252 -15.7884 -36.8811
-6.71835 19.0341 5.03994 -122.273 -61.5059 -0.0610095
-4.50685 -17.4453 1.32409 95.3514 -8.1309 -94.9383
-6.63435 16.5735 -0.589383 -117.935 -42.6783 -1.17033
-3.86236 -16.5018 -0.624256 155.88 -37.7817 -14.8959
-6.65925 16.1465 0.0470438 -123.973 25.5377 102.505
-6.78401 16.8916 -0.303774 -140.277 -19.631 201.077
-3.95709 -15.4573 -0.264907 138.362 -33.7247 -31.4094
-3.64426 -14.1334 -0.361399 162.749 -43.557 151.084
-6.93102 16.8673 0.0952046 -170.847 -98.691 -55.1382
-6.48482 16.2242 -0.635722 -127.086 -49.1034 87.8846
-4.16034 -16.4021 -0.281661 91.3245 -24.3685 -32.2707
-6.05375 18.8885 -0.487918 -98.5094 -27.5021 46.3038
-6.36693 15.9514 -0.541696 -138.758 -47.1864 -39.5225
-3.55363 -1.10087 6.86107 133.73 21.7662 128.303
-3.86913 -9.34594 -10.2531 97.925 -45.938 61.1088
-5.36282 16.6861 -0.339586 -66.5106 -17.918 -97.3813
-2.68594 -25.0896 6.08219 179.031 104.763 -81.0988
-5.42298 21.4489 3.04263 -95.6699 -233.723 -139.734
-3.27817 -18.1642 0.391207 94.4962 -20.2947 -14.34
-5.80479 12.8726 0.327964 -159.271 -77.6906 120.678
-5.60363 17.6127 -0.43841 -146.769 -48.3023 18.7222
-5.10014 15.9562 -0.377289 -97.5064 -28.5323 20.9267
-4.72767 3.01915 -1.87956 -73.7174 -181.669 -41.255
-5.09767 15.9645 -0.340885 -111.946 -40.0808 -107.732
-3.49239 -10.2002 6.88292 46.8633 -120.014 -119.159
-3.20799 -20.3804 -1.29747 71.9349 -14.6919 67.3144
-3.30147 -18.4975 0.417719 59.5859 -3.46774 -34.7416
-3.06215 1.44291 -1.31688 83.0022 -196.641 28.0975
-5.20382 16.346 -0.459136 -133.419 -38.5834 96.1627
-2.88113 -2.83736 -8.37134 92.2597 3.24394 -130.842
-3.33953 -21.3413 -1.30371 46.3229 -10.329 -12.1803
-3.30365 -18.4722 0.413271 37.5449 -16.7157 -46.063
-3.99449 19.5842 0.393663 -32.9419 -5.8704 -58.5092
-4.74394 15.3663 -3.93358 -108.155 -86.2542 -61.1106
-3.17797 -17.7851 0.393351 46.4523 -8.76598 -29.844
-1.72228 -15.6314 -0.420371 187.696 -20.5302 -45.6103
-4.73983 14.2732 -0.325581 -128 -41.1845 -116.635
-4.15416 20.4896 0.342509 -71.052 -11.8143 43.4479
-2.6816 -16.9804 -1.10593 73.1755 -12.5499 93.7065
-3.4443 16.8454 0.195785 -16.054 -24.1477 161.829
-2.81503 -17.9865 -1.08821 39.5446 -10.019 -26.3026
-4.37623 9.47077 -3.28832 -128.42 122.969 48.5833
-4.6165 14.5818 -0.375121 -154.026 -45.9813 34.0082
-1.73614 -16.1453 -0.487078 129.591 -17.929 32.875
-4.1216 35.0043 8.01016 -123.471 35.4257 81.7184
-0.983528 -15.1519 0.474868 186.147 -20.7645 104.024
-1.42509 -13.0516 -0.263833 137.639 -12.4508 -169.614
-1.8588 -17.6042 -0.438409 88.9018 -24.0471 -104.968
-2.13453 -20.4967 -0.634799 60.851 -9.55578 66.9613
-0.505965 -14.3867 -0.315044 201.514 3.50484 -77.3964
-1.16939 -19.0516 0.683159 133.068 -14.9427 0.373971
-3.84971 13.5176 2.60917 -139.235 -11.7838 -156.404
-4.14119 13.1169 -0.197842 -170.187 -68.1683 -92.332
-3.24408 15.3524 -0.496041 -88.8715 -18.49 157.192
-0.55104 -16.7295 -0.365155 177.752 -3.75086 -92.0009
-0.539125 -16.2987 -0.443636 176.617 -10.1309 42.8068
-0.460938 -13.3471 -0.264318 173.928 -5.87508 -114.275
-3.43866 18.1106 -0.0842177 -122.146 -14.4903 4.98529
-1.91065 -18.5563 -0.465518 22.6921 -3.28616 -104.162
-3.41348 16.2773 -0.381976 -131.946 -27.0922 -50.5997
-3.3934 16.9869 0.257507 -133.87 3.72279 79.3688
-0.330875 -34.8721 7.31755 162.628 -85.456 99.2484
-2.18123 20.4885 -0.134284 -23.9422 1.25316 98.2824
-2.06041 19.319 -0.108735 -17.0696 1.71159 65.6543
0.3279 -12.2114 0.225361 213.921 4.85282 -142.055
-3.27867 12.8085 6.66996 -148.464 25.3867 -49.0486
-0.598891 -20.1572 -0.510498 115.887 -5.15636 -4.32742
0.165209 -18.2817 -1.83246 187.327 82.2479 -17.1632
-1.0744 -18.2958 0.670353 54.7115 -8.30976 -21.4538
-2.57685 17.8941 -0.869318 -99.0504 -10.5096 9.64532
-0.605512 -20.8762 -0.516758 95.8365 -0.0615014 -22.9204
0.15038 1.04479 -7.51606 164.986 104.238 20.8215
-0.5266 -17.9398 -0.399467 93.5441 -1.25609 -86.6579
-0.549949 -18.9169 -0.42549 90.4569 -6.18438 -85.058
0.452375 -17.2382 0.525363 184.023 -79.5777 -2.3053
-0.515175 -17.7228 -0.351112 84.7524 -2.13732 -151.381
-1.89515 18.0006 -0.153076 -52.8714 -0.853051 139.376
-1.77496 34.0064 2.17283 -41.7586 158.416 3.13974
-0.482351 -16.4584 -0.503919 84.5071 -1.0106 128.265
-2.91579 14.0547 -0.414259 -158.653 -37.3887 84.2228
-1.82195 20.8398 1.27462 -67.7873 -2.93545 -46.5533
-2.14064 18.3579 0.249939 -104.323 35.9754 -18.0154
-2.96046 14.3515 -0.354496 -186.418 -43.418 -17.3589
0.130235 -15.9775 -1.18791 117.854 -110.751 36.2606
-0.580156 -21.1938 -0.568477 47.0285 -5.11611 43.3858
-2.80335 9.65444 3.72551 -187.955 -99.8453 91.0655
-1.59781 18.4047 1.14054 -76.6916 -4.35684 -63.6629
-1.51009 17.3714 1.07409 -69.3994 -4.02726 -56.4246
-0.896985 18.4927 0.617864 -10.957 1.96873 18.4209
-0.518708 -19.5228 -0.503632 19.6574 -2.3035 9.7777
-1.88181 16.2326 0.29103 -115.907 -16.9165 -34.9736
-0.204444 -18.5766 0.435499 49.9817 -2.77809 -58.9963
0.473779 -18.5246 -0.474504 116.477 1.9734 -54.0124
-0.208013 -19.8722 0.37368 37.3175 -3.06733 76.1584
1.06722 -13.0736 0.590549 160.405 14.8272 -179.673
1.41588 -17.0463 0.658124 172.565 16.7432 -65.1741
0.665826 -18.9563 0.205036 95.3824 2.48267 -1.72215
0.642378 -18.1641 0.213731 84.791 2.28947 -27.7273
-0.150927 -18.8296 1.16849 -2.37343 39.0597 64.6845
2.23149 -19.5947 -0.154175 223.348 -33.1819 -59.7914
-1.67522 16.675 -0.0531972 -169.776 -6.43448 -4.72065
0.728414 -20.0645 0.156477 65.3092 0.0982513 89.6656
-1.65068 14.6273 0.160438 -171.315 -24.752 122.126
0.00925052 0.0987968 0 -13.9741 0.0130802 0
1.72073 -13.8641 0.812544 138.427 11.7766 -145.662
-0.577594 19.0091 0.261774 -90.7585 -0.914271 40.3941
1.47627 -17.2545 0.617138 110.22 10.8528 6.58642
0.770104 -20.6347 0.262794 35.505 -1.12787 -61.6603
-0.594212 19.7727 0.360424 -104.371 -0.227971 -91.1125
2.16197 -14.8378 -0.797026 157.269 26.0525 -139.458
-0.481576 16.7876 0.228403 -120.723 60.2448 57.0809
1.90502 -15.1225 0.858081 108.952 9.79784 -116.097
2.7952 -2.36411 0.341068 195.896 229.864 -59.8605
-0.474721 17.0525 0.288674 -149.718 -74.4921 -64.7444
1.2469 -18.3024 0.978857 12.4963 -0.80282 -15.4719
2.20542 -17.3693 0.943684 99.0189 10.4749 -70.0324
0.653277 15.3462 -0.489617 -63.826 5.98031 -153.452
0.780333 18.6895 -0.762986 -54.711 6.25804 64.9783
2.30136 -15.442 -0.843524 88.1183 13.8318 -124.72
3.30764 -14.5575 0.65309 183.896 36.8865 29.2751
1.87486 -21.1518 0.78815 37.8138 -0.365489 -37.087
0.565755 18.968 -0.29357 -93.1309 4.53985 -43.7147
2.6638 -16.6882 0.0168667 114.163 17.6422 65.6516
0.556043 18.4656 -0.243065 -98.6958 1.96907 -107.063
1.07091 18.0893 -0.435966 -47.869 1.75354 40.0819
1.64912 -17.9408 0.424108 -0.42076 48.0829 24.921
1.57774 15.244 0.475606 -9.2823 -87.3322 -0.702994
2.59464 -16.1643 0.113174 89.5957 11.8197 -82.6753
0.729608 16.5535 -0.665759 -106.514 6.47407 42.3676
0.901361 19.9703 -0.666453 -92.2674 -62.761 51.0758
1.22154 20.5266 -0.434587 -63.5831 7.48031 -45.4595
1.06088 17.5457 -0.337017 -79.9256 1.08184 -90.7921
2.91792 -18.1826 -0.0118793 102.01 12.1697 117.262
0.544056 17.0986 -0.233408 -135.547 -1.32421 -86.4895
2.4007 -22.5274 0.109347 42.9139 109.64 -7.36913
1.07702 22.0646 -12.8636 -97.2229 27.7671 -172.309
3.80462 -14.5639 -0.530467 169.573 40.2623 -88.5958
2.67924 -15.4195 6.67165 56.0395 -0.782506 26.5721
1.17788 19.3094 -0.452248 -95.2719 58.5963 20.909
1.02165 14.6831 -5.46367 -126.979 49.4849 74.6101
0.705626 15.0282 -0.673873 -161.912 8.95266 143.278
0.650204 13.509 -0.434599 -169.612 7.14172 -129.721
1.12216 19.0244 -0.592372 -128.268 55.7306 34.1117
1.88459 16.2485 0.631214 -54.9464 48.7375 -100.966
2.27848 19.5984 0.600154 -16.839 3.4394 8.20368
1.14922 0.380206 -2.87459 -141.675 -152.714 -6.17674
4.5031 -14.5957 0.00993646 185.513 53.1765 71.0869
4.14935 -17.7201 0.405666 145.812 31.998 -72.4933
3.69524 -13.9741 -0.703656 98.0932 27.8855 208.631
2.08755 17.6526 0.460823 -68.0732 6.48706 127.959
0.542731 6.58597 -0.0471856 -248.511 -2.99427 -153.822
2.95206 18.8486 -0.465835 -12.9094 5.22334 -75.989
4.17416 -17.9807 0.829951 99.5205 18.4899 2.23656
0.932418 0.669559 -0.0020874 -223.354 217.006 19.592
2.20824 -3.11942 -6.31886 -104.21 -82.0283 37.4515
4.13632 -5.0412 -10.6174 80.7171 -51.4753 -61.0472
3.92459 -16.8035 0.70131 58.6489 11.1022 114.624
4.57497 -8.0775 -8.87911 93.6892 130.148 10.326
4.10772 -17.5343 0.726619 43.2648 7.84587 127.619
1.08635 16.826 0.500378 -262.881 161.373 120.832
3.35686 21.3089 -0.605669 -43.282 10.5642 33.3478
5.59529 -14.5954 0.000364967 178.495 74.2459 27.3739
2.33329 22.082 5.94161 -148.267 -72.8653 -112.526
2.8425 17.777 -0.446799 -97.7295 20.8031 -60.8503
1.24779 6.88444 -1.41607 -259.153 -47.1552 41.9959
2.64413 16.403 -0.486837 -123.123 14.5076 56.6269
6.17265 -20.0015 4.60737 222.527 -34.5637 5.65302
3.40548 18.4452 0.360328 -55.5634 13.6228 -27.364
2.98731 15.975 0.233771 -104.477 16.654 94.6762
4.8632 -15.7055 -1.46729 79.8153 74.1649 -45.0374
2.24928 15.5428 0.197579 -180.713 22.4691 -55.7674
4.60325 -1.86331 0.0661454 51.1095 154.907 255.288
2.78417 17.1584 -0.507827 -132.719 -16.9356 -0.268621
3.65295 15.3018 -0.0588668 -46.7819 14.0251 -147.69
2.03564 14.7803 0.285392 -212.031 117.241 92.0387
3.1088 19.4449 -0.575289 -106.62 20.6389 64.2698
5.4645 -14.0133 -0.237678 126.803 45.0425 169.606
3.88013 20.165 0.529471 -31.867 -51.8046 7.58605
4.31756 -18.3264 0.942264 10.4294 0.216666 -142.418
4.77634 -20.5242 -0.266008 53.0609 7.55816 -2.49758
5.20211 -16.586 -0.010411 93.7082 25.1283 113.703
3.79018 20.5378 0.463364 -61.114 -30.6933 1.29905
3.66775 19.8037 0.32653 -77.242 13.0386 61.7365
3.68053 20.7771 0.215833 -79.8275 111.149 -72.6218
3.32517 33.1887 -4.57471 -115.459 -43.9002 -65.4851
4.77939 2.47217 11.7629 22.8857 106.556 -16.3157
4.58292 -4.46014 -5.7669 -6.04498 128.323 -21.3753
2.64726 13.7519 0.210381 -198.619 45.1591 68.2619
3.05265 14.8235 1.25484 -159.513 38.1002 -31.1082
4.39454 18.8624 -8.46781 -28.661 13.6238 65.3098
6.07502 -15.5816 0.176557 129.225 210.96 -8.88057
6.03502 -15.8333 0.115174 124.139 -101.552 -179.322
4.14724 20.0364 -3.07609 -75.8347 71.1186 -22.1559
3.05989 20.3694 -4.89811 -187.305 -65.2725 0.206087
4.13156 17.2274 -0.177727 -88.4849 -111.121 36.3203
4.669 13.0619 10.6624 -40.9949 6.37522 -92.144
6.1859 -14.2093 -0.879199 98.8357 41.577 183.069
6.8985 -15.9498 -0.868227 168.201 71.3905 27.5547
5.63006 -18.3469 3.02011 36.8661 4.65359 -29.3179
3.84898 15.8535 -0.130281 -140.818 34.8919 -48.549
4.35942 18.1495 -0.219826 -93.4624 26.351 51.3249
5.83557 -18.4458 -0.0207213 35.0112 7.44702 140.345
4.68194 19.5504 -0.222159 -80.6626 23.7008 33.2262
6.01461 -20.6739 -6.03276 45.532 16.7088 69.6117
6.15601 -15.7606 -0.000923673 47.5648 -2.13764 61.0691
6.14575 -18.0026 0.392337 45.3856 -31.2285 154.519
4.70131 16.2418 -0.243705 -103.282 -26.4727 15.6066
6.24483 -19.7543 0.0899023 43.7532 10.4963 -19.0414
6.78157 -17.4502 0.104592 96.5886 32.982 -124.542
7.42301 -12.5121 0.0631161 160.168 90.6144 63.0377
7.29208 -14.0243 9.41542 145.059 19.4863 353.264
4.85103 20.2107 -0.217535 -99.5505 26.1831 16.0127
6.46538 -16.4087 -0.1714 59.2226 23.4827 36.8389
7.48202 -14.7243 0.284988 150.291 76.1829 -19.1127
6.20475 -18.5721 -1.63575 14.3104 80.9209 51.2119
5.50991 15.839 -0.537505 -55.2517 22.2967 137.135
6.85992 -17.6109 0.031526 75.222 28.7335 -13.852
7.64983 -17.9466 -2.29823 152.954 167.119 233.222
6.55957 1.76505 -2.32371 18.4704 -134.506 -97.9427
5.40975 17.9472 -0.709773 -96.1114 38.6975 0.690663
4.34228 17.2087 -0.345783 -215.697 237.422 -0.326049
6.69677 -15.1058 0.52998 15.606 -87.1235 -56.0136
7.78333 -16.6313 -0.110392 120.346 63.6272 24.4849
4.93794 8.33408 0.507811 -162.969 95.3623 -190.897
5.64534 17.839 0.790783 -93.4464 31.4786 -38.6403
4.84572 8.63605 -1.01283 -183.269 -56.7286 3.84891
6.30485 12.9653 -0.573805 -42.3897 21.9783 186.2
5.58507 11.3519 -0.513369 -115.996 58.5208 178.235
5.6555 18.1946 0.892531 -110.737 28.1275 -88.2508
5.02365 16.7632 -0.587442 -174.163 51.5678 -28.1654
5.91917 12.0819 -0.277708 -92.7742 47.4791 -215.654
6.361 -3.32415 5.06027 -56.2458 -104.928 1.01876
6.76821 0.965501 -0.0720055 -18.8401 129.853 -257.075
7.46731 -15.9361 -0.345087 50.1618 20.2606 -87.6378
7.57905 -12.5995 7.01016 57.1346 6.4313 -17.632
5.95542 15.7163 -1.26956 -123.098 48.1991 102.192
7.49674 -18.9448 -0.20386 27.1487 8.78799 51.3861
5.64941 16.019 -0.418319 -158.866 60.5642 -51.6534
8.01864 -14.5646 -0.990578 67.7441 35.3194 88.3163
8.1513 -14.8139 -0.920957 73.9754 39.3252 -40.7416
5.81567 11.7627 -0.492023 -158.146 71.1363 124.011
9.05118 -12.3512 -0.739821 159.764 100.947 0.394553
6.42692 28.1854 -9.62269 -102.677 -74.7908 68.7314
7.25736 9.61694 2.36127 -27.328 168.208 29.4203
8.32214 -14.7416 0.60378 60.0799 32.4128 176.22
6.72169 13.7161 -0.573529 -109.442 51.2775 145.398
8.24596 -0.908192 0.113944 39.7821 267.17 -56.6044
8.65659 -14.4258 0.0753496 74.4279 41.3756 69.3131
8.86907 -15.7652 0.785566 95.1377 62.5201 -24.1866
8.64713 -5.87513 -0.313585 72.2129 104.985 232.066
7.47382 37.5926 -5.24398 -49.1744 144.821 -61.8433
6.16859 13.8556 -0.823291 -201.057 86.005 46.5294
7.3298 12.6116 0.465338 -93.5341 118.451 140.667
7.49487 15.3689 -0.606807 -77.6574 35.4874 109.549
7.787 17.8587 -0.986083 -49.8043 23.0694 -48.4295
9.16835 -16.6596 -1.10011 82.4308 41.6582 51.3067
9.09924 -17.731 0.363002 74.0247 37.4071 -51.9474
7.69838 15.8076 -0.586951 -65.7554 33.095 56.6333
7.36706 15.0512 0.464748 -100.991 233.937 101.29
8.35332 20.6322 3.89385 -7.25228 9.88504 36.943
8.61054 -15.5478 -1.03675 14.3276 4.49684 60.8846
8.23076 14.8426 5.3456 -27.66 28.2066 4.97884
8.87833 -16.0565 -0.97352 30.4543 14.3863 -83.2658
9.31392 -16.9069 -1.01852 71.7342 37.8448 -96.1302
8.43686 17.4143 -0.651704 -18.1508 11.3166 70.9583
8.22897 11.7275 -3.93535 -50.5449 85.5373 76.5046
8.68261 15.1456 -0.066509 -11.8104 -41.2203 50.9578
7.19617 9.51086 -0.749255 -161.304 125.772 117.714
7.04653 7.62843 -1.45833 -179.183 172.366 -88.8047
7.28466 12.4062 0.497828 -160.002 26.2859 128.772
10.1074 -15.8409 0.5699 120.04 73.9729 47.7187
9.90613 -13.418 -0.771426 97.6158 63.3666 -51.1515
8.52366 17.0567 -0.143422 -39.8479 70.7422 55.623
8.25486 16.9421 -0.616839 -76.2331 36.0719 42.1948
10.4789 -14.2543 -0.83131 142.752 105.318 -34.2194
9.95958 -17.6761 0.849654 90.8246 56.7633 20.5584
7.69222 13.1697 0.551843 -134.845 72.8639 73.3867
9.66046 -16.0617 0.165589 57.9757 31.7694 -46.1166
9.85716 -17.8804 -1.09791 70.6103 30.6484 -70.9269
10.4949 -10.4357 0.947676 130.901 127.655 -73.1135
8.33356 15.2708 -0.00978123 -83.8665 -86.5881 -87.3361
8.56786 18.6947 0.344083 -71.3369 30.0659 77.4859
7.89768 -2.31269 2.17616 -138.988 133.895 -99.3425
8.78237 18.0677 -0.696573 -54.5797 28.3089 103.889
10.0742 -14.4812 -1.01851 67.294 164.006 62.663
8.5832 8.21965 -0.300764 -84.4433 97.4702 216.699
9.08974 19.5354 -0.313561 -44.6205 21.2767 -27.1268
8.90687 18.3073 -0.688439 -67.4204 -1.17049 73.3889
8.24445 16.9147 1.40425 -137.616 48.4507 39.6489
10.4429 -13.6587 -2.25258 80.3878 42.0856 -89.2085
9.02682 6.51723 0.322407 -78.7443 115.181 -201.407
8.7219 17.85 -0.628521 -111.674 50.1532 11.7441
10.3178 1.0683 2.60585 44.5455 -125.663 85.9417
8.6222 14.8018 0.687182 -124.167 68.3466 -19.2717
9.57475 13.1842 5.57921 -31.9264 125.299 21.6835
9.29402 36.7969 2.47869 -60.4183 208.588 46.7907
9.84512 35.8232 -9.44943 -8.82519 -99.345 114.766
11.2449 -11.1127 -2.33712 128.583 122.581 -112.695
11.1743 -13.7678 -0.00113372 117.377 105.175 -31.7184
8.67156 17.3262 -0.135838 -131.782 12.3125 14.2731
8.9616 15.3312 0.639998 -103.692 102.514 44.5281
9.38029 13.1033 -0.579683 -62.5021 48.3105 119.27
10.716 -13.2887 0.156419 67.8941 55.8251 -139.657
8.73869 16.2367 1.5768 -130.59 80.0331 -38.6673
9.62192 12.3141 -6.9588 -44.3267 37.7285 25.6173
11.0948 -11.35 2.36525 95.6792 95.5573 14.3828
9.90346 17.1602 0.755618 -36.0345 23.8116 37.1577
9.40807 16.224 0.731502 -86.4858 49.4189 10.5052
9.39006 12.6631 -0.253193 -89.197 65.2152 -165.962
11.584 -11.4928 1.06216 125.354 120.486 -106.714
10.4654 -18.5091 3.80763 10.5153 -12.8805 120.319
11.3051 -15.2885 -0.920226 90.6626 63.1012 3.50708
9.85062 13.2286 -0.881006 -72.0097 57.1639 -71.4332
9.99671 13.5626 -0.33801 -74.4176 97.4484 9.50289
10.1197 17.487 0.836977 -69.9672 39.0275 -62.6329
10.658 2.16345 0.289912 -21.6716 127.626 -223.013
9.86843 10.0868 0.244701 -100.491 110.356 -164.275
11.745 -4.53311 -4.4237 84.0419 -85.2744 39.3402
11.4319 -13.9881 -0.0227036 51.8868 43.911 0.229033
11.7903 -15.924 -0.9108 81.5202 52.1713 -69.1898
11.8162 -13.1828 0.370544 74.1854 61.8347 54.0797
10.3026 10.3782 -0.51656 -78.3211 156.635 47.3162
12.0355 -12.2403 0.639706 92.9587 91.9756 41.9573
12.1589 -8.26759 -0.285166 103.667 155.934 90.9602
11.7049 -14.4881 0.160914 54.8095 44.2229 -137.645
11.9964 -3.97399 0.714083 76.8387 201.925 -35.7264
11.2075 11.354 -0.338921 -23.5281 25.7761 -140.475
10.3911 11.8817 0.355277 -105.52 84.1211 88.0259
12.1791 -16.4321 -0.992676 71.2021 45.5769 7.88652
12.5614 -8.52966 -0.249227 103.528 145.937 25.4857
12.0438 4.5903 -6.97852 49.719 -21.1538 -75.1968
11.228 11.5917 0.23916 -32.2721 36.5134 -126.471
10.4999 12.0055 0.463668 -106.648 85.6331 -69.1777
11.5902 -0.284031 -3.42732 -0.654694 249.205 -33.8432
12.0968 -16.9136 -0.0794556 46.4838 33.8827 -53.1452
11.2524 17.0684 -1.79797 -40.717 51.6941 -58.2717
10.2585 11.6811 0.437267 -140.318 115.163 -45.2532
10.8133 14.8827 7.95992 -86.3849 178.405 257.074
11.2364 1.64834 0.216905 -44.4328 242.021 -93.3913
12.336 -11.4039 -0.578294 63.3558 67.0235 117.848
10.6656 12.1897 0.469234 -106.742 96.8858 -67.5553
10.2665 10.221 -0.353878 -146.563 63.3318 81.9959
12.3202 -16.6001 -1.03137 55.506 34.5214 50.395
10.7805 15.083 1.18195 -100.031 14.7486 26.7661
10.8425 10.731 -1.43368 -103.043 170.386 118.809
11.7912 1.12137 -6.09796 -18.3341 205.449 -19.2024
11.7657 4.81242 -12.2406 -22.8254 87.4266 3.56361
11.7839 1.43206 0.497139 -25.0978 208.763 -126.45
13.0746 -12.9684 0.162711 99.2852 103.432 -26.6547
12.9151 -7.63405 0.340091 76.084 130.219 -76.1197
10.6957 11.5713 -0.405706 -153.969 140.775 21.992
11.2279 13.8102 0.232375 -102.723 189.294 -93.7031
12.0773 16.4167 -0.444434 -19.5922 17.5344 -37.7247
13.0171 -12.0366 -0.475038 71.1324 71.4609 -80.0289
11.5956 16.2026 -0.625152 -74.8338 56.0766 9.18492
11.6728 9.0568 2.6987 -74.4896 22.7657 160.484
11.4557 13.115 0.429005 -98.7096 88.8123 41.3558
11.8086 12.911 -0.351933 -67.0657 63.8732 -124.52
12.1752 50.2195 -37.9461 -33.162 29.3318 -25.8726
11.4752 11.7474 0.139829 -104.709 113.36 27.7547
13.1749 -9.7623 0.0264784 63.9267 82.231 -67.1008
12.3418 1.76382 -0.529103 -20.4407 227.155 31.0584
13.0421 -3.15857 -0.794504 47.0375 237.744 -1.3253
13.1503 -19.6897 5.46519 57.5796 205.936 -150.537
12.9178 -6.62614 0.76339 30.1479 58.4924 -218.549
12.0327 12.4034 -0.0415744 -59.97 -10.8604 36.5642
13.4723 -5.269 0.674307 77.5987 202.231 17.3114
11.7697 17.8467 -6.268 -92.5502 139.55 -109.688
12.2702 12.4083 -0.416321 -43.2494 44.2396 -84.744
13.1682 -2.84377 -0.263333 40.6294 182.781 105.506
13.5826 -7.62513 0.510167 80.3441 6.82527 -160.241
13.5444 -5.05458 1.06369 76.4891 192.273 -120.737
12.2925 1.76653 -0.376134 -48.9813 220.592 1.19197
12.5829 12.7526 -0.507946 -21.9541 25.7399 34.6147
13.7893 -7.03999 0.0593618 97.5661 189.168 -63.3537
12.1271 13.2551 -0.457009 -72.2252 68.2322 16.6338
12.6982 0.976454 0.126292 -20.4393 205.364 -140.337
12.4137 -3.09435 -7.55016 -56.2395 -63.0378 26.4501
11.8451 12.1227 0.15103 -115.454 114.395 18.4356
13.3027 -18.0115 -7.63774 28.4859 34.7871 58.7917
13.4119 -2.023 0.557223 32.3345 202.273 -4.793
12.1741 12.5855 0.129725 -90.6847 291.185 -25.5585
12.6295 4.87094 -0.268308 -46.4136 131.651 145.122
12.9424 10.8568 -6.62118 -20.791 74.5263 -2.1338
12.544 4.8056 -0.253281 -62.3557 173.235 124.407
13.6751 -3.53688 5.46569 49.8019 -40.1759 12.8035
13.4003 -13.5181 0.690719 21.7786 18.1217 74.7257
13.8983 -9.37308 -0.193422 66.2687 96.4809 -95.2816
13.2725 0.00344484 0.44932 3.32482 199.245 -77.6613
12.9404 13.1699 0.172747 -33.9869 91.6335 -121.805
12.5783 10.2094 0.614537 -72.577 94.4433 102.812
13.2012 10.6083 2.0003 -12.1312 73.016 -35.4672
14.0237 -9.45054 -0.308325 65.8007 87.2987 74.8169
12.1616 11.1969 -0.575334 -119.922 140.946 14.8918
13.9468 -12.2226 -0.484157 56.2684 60.5516 -114.988
13.8665 -13.62 1.15206 44.8367 39.6287 43.6799
12.5886 12.9254 0.240078 -85.5612 96.9639 -100.089
12.2435 9.87138 0.606016 -121.232 150.62 85.4859
12.2758 12.0871 5.23104 -126.181 76.9292 -96.5472
12.9963 13.54 -0.0525881 -55.361 24.0848 -21.1968
12.9718 10.5457 0.746483 -64.5716 80.179 -63.6934
14.5888 -8.62813 0.270811 95.9282 148.493 85.4732
13.9631 -4.09717 0.723823 30.6427 104.127 -184.856
12.1593 12.2925 0.246492 -152.028 -62.3679 -9.62559
13.6999 0.189474 -0.387404 -1.79449 199.609 -26.7046
12.1882 18.0326 -1.58389 -154.329 -46.4707 130.513
13.71 10.0639 0.223935 -4.1028 9.69102 97.9653
12.9039 8.03936 -4.87714 -85.5065 197.375 -49.6438
14.1342 -3.05105 -0.169995 35.1297 195.942 -56.8096
13.1696 8.17603 -0.0733086 -64.74 120.989 -72.1512
14.2092 -12.7625 2.33087 37.5058 37.7129 -44.3302
14.8027 -11.3308 1.52004 93.149 135.37 17.9807
14.3746 -5.15676 0.165513 46.4738 129.944 77.8381
14.3982 -8.45045 0.390298 48.3748 75.392 -102.522
13.6408 9.45258 -0.952048 -30.1424 51.2266 141.066
13.9831 0.0213588 0.470869 2.12396 183.116 -78.0722
14.2638 -1.38787 0.162242 23.4659 189.544 -45.6772
13.2505 6.53422 -0.0870826 -77.7596 156.252 19.2557
13.8678 9.48408 -2.69244 -17.4026 -37.7263 -24.521
13.687 11.17 0.648887 -36.2833 46.1305 144.137
13.9248 1.11384 0.124155 -13.2607 160.955 -132.211
14.1349 -1.29591 -0.00340567 6.65955 69.3254 202.598
13.4969 20.4513 -1.40877 -60.1194 171.876 42.3369
14.7101 -7.58992 0.670383 58.9686 121.252 52.8009
14.7464 -8.67377 0.269078 61.5368 98.8065 92.6455
13.7673 2.75931 0.193761 -43.5985 214.848 -15.2688
14.3846 -11.1117 -0.362233 13.9921 14.5576 97.902
14.4122 -1.35902 0.22044 14.7495 126.91 -131.601
13.7299 10.0927 -0.368165 -54.559 76.9676 1.45263
13.682 13.2057 -0.268442 -60.5819 71.3664 25.337
14.4557 -1.14335 0.43225 15.5774 195.241 -15.746
13.6141 14.8932 -0.45317 -70.5634 68.8563 -72.1685
13.9784 3.37272 -0.197419 -35.0742 150.274 151.221
13.6764 14.079 0.224092 -68.4228 75.2579 -52.9103
14.8482 -4.62594 -0.681392 43.8552 128.331 70.5887
14.8206 -4.80343 -5.66241 39.4898 47.3641 74.7475
14.2272 9.44196 -0.0426102 -23.4864 44.6547 122.738
15.0409 -8.83754 0.343644 54.4482 91.394 -10.2167
14.6246 -1.12034 0.511268 10.6029 142.934 -127.819
14.2189 11.6119 0.762646 -30.671 41.8793 16.3702
14.9071 -12.0715 -0.836444 35.4113 38.5434 -82.0791
15.2436 -5.74908 0.830407 65.8779 211.786 -149.189
14.7845 -9.61885 -1.734 17.3164 33.48 -36.7921
14.2948 5.33761 0.105278 -31.878 109.278 113.106
15.0625 -4.76348 -1.39028 39.5339 155.717 -52.5199
14.1663 6.07399 -0.0490891 -51.8097 112.826 128.209
14.6277 0.961709 -0.685495 -6.91566 174.87 -77.4228
14.1697 7.40837 -0.264623 -55.2326 179.435 -59.4588
14.6848 1.81572 0.246785 -9.34341 108.901 138.796
14.387 11.7347 0.807918 -41.271 55.7452 -38.7685
14.3364 2.8929 0.146972 -48.5744 193.554 66.8358
15.0545 -2.35747 0.235365 21.6854 119.589 -142.817
14.2241 13.372 -0.0057172 -63.3513 75.7437 -69.1127
14.3559 3.75335 -0.177817 -50.475 182.534 69.2191
15.0409 -11.3463 2.37262 15.6203 16.7701 9.31225
14.4927 15.475 1.71529 -40.7785 25.0786 -113.685
15.5062 -12.0394 -0.304086 59.0787 74.3733 -25.8784
14.1297 11.4732 0.707823 -79.5134 100.848 89.1815
15.3359 -3.28308 -0.224657 35.4786 171.802 -0.86117
15.1767 -2.02288 -0.47082 19.4562 112.17 -157.742
14.5734 11.8895 0.83631 -40.9276 53.0791 -66.2989
14.1513 7.33498 -0.137425 -87.7901 92.9895 78.9519
15.7495 -10.6048 -0.238217 67.4204 89.189 -79.0829
15.1722 -13.2269 -0.661834 8.8221 6.317 81.1478
14.5869 3.81961 -0.150389 -50.8239 176.748 24.5724
14.652 14.2965 -2.06404 -45.8294 64.1517 11.0436
14.7196 14.8945 -0.526993 -42.4233 48.7479 -60.3895
15.7232 -6.08236 0.740352 56.8955 147.674 88.9124
14.8969 2.28925 0.266109 -28.4166 168.781 -90.9807
15.2758 -6.53911 0.0800251 8.46652 126.382 -51.494
15.6785 -4.895 -0.719884 46.815 151.03 75.102
14.5274 1.95674 7.01383 -67.7049 156.45 58.8544
15.0168 1.80745 0.38557 -19.6033 184.562 -59.5229
14.88 6.4664 0.209764 -34.4583 147.824 -62.479
14.6874 5.46245 0.213307 -57.547 135.762 -42.9247
15.1818 -5.96149 0.879709 -12.8908 -61.383 -85.8065
16.0215 -8.10046 0.0309434 67.5818 123.058 -16.221
16.0311 -11.7395 2.72653 63.6289 83.1672 54.5115
15.6488 -4.57402 0.619256 25.203 92.4462 82.4029
15.9534 -6.35585 0.481366 50.3531 53.1868 4.79064
15.2366 5.71799 0.267449 -23.7047 76.9727 -113.816
15.1407 5.88436 -0.139419 -33.2959 98.8068 -101.623
15.9406 -4.69165 0.593446 39.9947 138.906 140.988
14.5164 10.5205 0.312187 -105.116 140.858 -11.8128
15.2821 9.98711 -0.417206 -29.7427 51.0034 99.5398
15.9929 -4.97701 -0.75782 39.7259 132.104 112.45
16.0934 -9.3657 0.40702 48.8954 125.654 29.6201
15.5426 1.26434 -0.00810822 -6.03609 148.56 74.0411
16.0642 -9.52354 0.296054 45.6972 -0.714514 -51.3536
16.2444 -9.24105 0.643042 63.1424 112.956 11.7537
16.0399 -17.7279 10.4209 38.3587 55.3697 64.4914
14.9958 5.69935 -8.96248 -66.4479 121.798 130.028
16.1114 -9.13021 0.560741 41.8727 70.5773 127.201
15.4489 12.625 0.84792 -27.1903 37.4612 -11.0373
15.9384 -8.14411 0.705828 18.3012 34.3755 86.0462
15.1492 11.0385 0.362587 -61.5623 92.5323 -66.891
15.0657 2.56458 -2.17954 -70.3681 -81.5516 -0.248888
16.1009 -7.2618 1.2267 31.5637 145.394 -76.5644
15.5758 6.08734 -0.339495 -21.5221 55.4954 191.47
16.1517 -4.60697 -2.87168 33.7666 83.0657 35.5044
15.691 3.85715 -0.0361574 -14.0529 67.4288 -110.573
15.7897 1.05631 -0.807961 -7.96551 161.236 19.1872
15.8719 0.287229 -0.549286 -0.494062 128.999 120.778
15.2652 2.46221 5.00283 -60.8472 14.6673 -1.63135
16.0943 -1.74561 -0.0999444 19.9847 152.018 28.3195
16.2105 -14.1537 -0.619229 25.8373 25.1801 -46.7337
16.135 -8.22139 0.853584 5.86089 6.22354 -123.549
15.877 6.86975 -0.0279948 -19.8802 48.9437 102.968
16.483 -4.83171 0.740105 37.4348 115.176 -45.4275
16.6267 -8.37145 -0.0113545 47.5645 86.0468 48.8
16.5719 -4.87082 0.651794 40.7353 134.651 93.8917
16.7544 -9.83517 0.370506 55.0343 91.1861 7.05632
16.683 -13.3455 -0.413728 45.9397 51.8166 -30.6692
15.8131 13.0049 -4.91268 -50.5052 16.2165 110.337
16.1295 22.199 6.59097 -21.0298 178.039 161.122
16.7027 -8.55797 0.830908 34.4714 63.4323 -46.912
16.8902 -3.37582 18.0552 51.8218 133.42 88.2394
16.1797 2.54145 0.125919 -19.1421 102.021 147.739
16.4139 0.31697 0.236646 0.320896 133.134 99.7795
16.8123 -11.2804 -0.245646 39.4091 56.3272 -96.8828
16.0014 15.134 1.35834 -43.5972 272.524 99.5788
16.621 8.77833 -0.170107 15.8574 63.5257 65.0628
16.0573 7.27601 -0.43116 -40.9378 99.5917 -106.36
16.4304 6.45258 -0.234549 -4.87486 18.305 15.0602
16.0984 4.93111 -0.640927 -37.8911 134.742 85.3416
15.7851 11.5977 6.76485 -82.2374 37.2498 -224.055
16.342 7.42885 -0.500856 -28.3879 71.4244 -14.9239
16.773 -12.3361 -3.55123e-05 14.1754 14.6924 -34.3585
16.719 8.2454 -0.39563 -3.8185 60.9252 -29.4646
16.4319 6.1477 0.138993 -33.5285 108.509 102.9
16.5353 8.40403 0.80879 -25.1369 55.9436 -96.0229
16.6147 4.6312 0.45051 -20.0404 78.183 93.2275
16.7419 1.4993 -0.634501 -9.13403 89.9313 95.3731
16.8258 1.28405 -0.0266774 -6.22661 107.952 -103.267
17.2536 -6.52788 0.773945 34.2634 80.3833 39.6539
16.8116 -0.444357 -8.41053 -17.1461 2.76341 69.7378
16.4289 32.4007 -2.51066 -58.0051 4.4782 -11.3957
16.9989 8.7988 -0.105747 -4.24272 23.9472 -2.39973
16.6022 12.0609 -1.01672 -44.337 64.6401 -79.4771
17.0557 2.17185 0.337529 -0.95367 32.6193 84.5427
16.9072 9.14147 -0.174606 -19.2357 12.7073 -45.7703
17.2892 -5.02393 0.819778 17.1817 60.5497 -114.272
16.9946 2.1784 0.558403 -14.4279 133.112 57.9299
17.352 -4.25956 -0.148292 20.1126 85.5208 37.6704
17.4625 -3.69303 -0.259222 27.5796 129.818 4.36304
17.6745 -8.40595 0.759307 45.4797 93.3946 -48.6926
17.3013 -1.29103 0.481233 4.82202 117.729 35.2916
17.5661 -10.2708 0.400414 30.9638 49.4006 -11.2623
17.3944 3.43965 -0.116186 13.6628 143.968 -3.90287
17.0578 11.5881 1.17984 -22.0785 69.7846 -32.1535
17.4002 0.0933766 -0.0239067 4.18526 103.948 -0.585528
17.2999 6.77526 -0.275319 -14.2976 44.0568 58.8202
17.6032 -1.5935 0.144425 9.17107 55.4602 27.7388
17.742 -5.69004 1.00045 19.5169 45.708 25.8213
17.3626 6.79401 -0.173526 -19.1751 51.0806 -96.1788
17.8521 -5.19842 0.706408 22.7961 77.5787 93.8024
17.8109 -3.72792 -0.245319 15.2947 76.4558 -24.177
18.0721 -9.08437 -0.0353256 40.0931 76.9299 87.748
17.1385 8.85473 0.104212 -53.0605 101.069 17.7585
17.6007 2.18712 0.485453 -8.85855 114.406 -120.103
17.3419 5.79491 1.15454 -44.6771 -59.9342 30.0233
18.2912 -6.52441 0.236957 43.3145 114.39 59.0096
17.9613 -0.712025 1.32135 8.46931 110.907 -83.2498
17.8529 1.37918 -0.0338367 -4.7894 89.3849 -101.226
18.274 -8.67198 0.72167 36.069 72.9081 44.9659
18.5401 -7.2424 0.971925 60.0611 94.4205 16.2199
17.7347 6.92031 -0.180827 -25.159 79.1982 -92.7543
17.1132 11.9899 3.93943 -88.4852 196.444 -57.1028
18.2654 -9.14337 -0.0176068 18.5219 31.1099 61.3215
18.0684 0.101521 3.57128 -3.49605 -11.9736 -43.5656
17.4825 39.7672 -6.20626 -63.4225 -65.7512 97.0831
18.134 0.379793 0.342361 0.249393 102.361 -11.9983
17.8078 4.73037 -0.206882 -33.2573 121.789 64.9098
18.3917 -3.85762 -0.338509 20.0186 90.3843 103.664
18.3049 -2.96625 -2.52304 4.80679 63.5857 -128.463
18.2785 1.27885 -0.913633 -2.97302 102.44 -10.8536
18.4777 1.33879 -2.05382 14.3662 71.3874 62.7103
18.3059 1.43054 -0.0970032 -2.74024 67.1038 -9.68221
18.204 7.13429 -0.205721 -13.2735 39.6267 -65.0026
18.7095 -4.73823 -0.483147 34.9706 135.518 34.7911
18.6692 -5.44343 0.79141 27.6427 90.7047 18.6974
18.5951 2.42143 0.584074 11.2141 69.7655 19.0085
18.3487 6.91275 0.224026 -15.9789 56.9058 11.2133
18.7461 -10.9435 0.406743 21.8634 33.2976 18.8025
18.7877 -3.93839 -0.278063 22.6111 88.4074 3.54131
18.6687 -7.1258 0.76912 10.5953 50.4946 -25.2773
19.135 -2.986 -4.00407 51.286 58.9506 85.1979
18.6343 0.484796 2.13081 1.297 104.892 34.204
19.0097 -7.27388 0.977078 30.6937 72.3872 -18.2679
19.0596 -5.55365 0.835738 26.1333 87.7571 -22.9643
18.4678 5.85523 2.16787 -33.8554 120.44 -54.8223
18.6298 2.46964 0.753434 -17.7874 41.3426 -76.7473
18.8985 -1.72282 0.126832 6.273 78.0719 72.3787
19.0409 -2.01249 -0.0701149 15.9569 101.007 -39.1596
18.8806 7.40858 -0.183641 -9.19584 29.0878 -112.385
19.0068 0.837917 -0.437554 2.58504 33.8357 -98.3463
19.181 -5.56901 0.888813 19.4779 60.0551 -95.5407
18.8829 2.98933 0.220704 -14.1582 85.2432 61.1303
18.8809 5.05121 -0.160719 -21.2918 78.8417 -19.8741
18.8705 -7.0469 0.884864 -34.0336 17.8192 49.7891
19.1939 -0.363135 1.99124 -7.85431 123.65 -61.9107
19.4519 -1.76336 0.257071 6.85747 65.3625 -116.632
19.6148 -1.78392 0.10992 11.0603 74.2953 107.973
19.7077 -1.80149 0.17769 9.37305 88.5826 6.88034
19.765 -2.93553 -2.36939 12.4169 72.3182 -5.67696
19.3648 5.1496 -0.17262 -34.5892 124.337 -8.51022
19.7844 -2.85187 0.510389 1.8844 -55.8026 -63.9354
19.9788 0.858653 -0.531708 0.384701 68.8629 5.11941
20.0729 -1.84187 0.179469 7.77282 100.948 9.2781
20.0619 0.102628 -5.55575 4.90897 78.9995 -14.6265
19.0111 8.57724 0.12234 -103.927 87.6135 31.7825
20.4096 -5.93064 0.882721 23.4122 70.5616 -6.3402
20.1993 3.13694 -0.711041 1.1474 10.5562 -19.7925
21.7601 -1.94101 0.187142 4.96412 25.6269 21.221
22.4975 13.7696 14.8433 -33.3114 77.9987 -23.4792
nan nan nan nan nan nan
19.9841 -14.8916 8.01975 -5.59066 116.249 -180.527
20.4762 0.439917 0.387713 0.962408 98.879 -15.2462
