-16.0473 4.27833 -0.825028 64.9475 -274.831 63.5241
-15.7348 4.14413 4.17072 10.0783 -269.305 3.46371
-16.4028 11.0908 -3.44281 -76.1854 -80.1429 -6.77462
-14.901 0.807835 9.85348 -15.5025 -170.226 16.4547
-13.8794 -15.7568 4.12909 20.4897 -54.4235 10.3553
-13.3178 -2.32769 -4.94238 45.2076 -207.904 -6.52826
-13.9603 1.10553 5.40959 -25.9318 -200.341 2.87819
-12.9324 -3.79231 -1.90287 61.05 -209.875 -2.562
-13.0933 -1.19891 -2.09624 28.7393 -205.845 6.33425
-12.3391 -3.46681 -1.83398 80.1332 -228.438 -14.6546
-11.9545 -5.85886 0.0419527 110.852 -181.179 -10.3224
-13.0371 -4.00285 1.36491 -15.2704 -261.876 -23.8663
-12.8343 7.14824 0.110981 -10.9681 -232.193 7.52008
-11.8299 -5.1255 -4.38785 88.1786 -182.448 -5.03409
-12.8473 2.86431 -7.27553 -31.1301 -208.702 -3.15331
-12.1443 -1.43297 6.20829 36.9917 -206.251 0.933518
-12.8858 2.893 3.20992 -41.546 -215.392 -1.56698
-11.3497 -9.93392 -15.9964 92.0084 -265.176 -53.8224
-10.9058 -5.9842 2.45665 132.297 -208.048 -8.34829
-12.1283 0.434702 4.46871 3.50157 -238.557 15.2615
-12.3043 1.8296 6.42949 -24.3301 -232.232 3.55109
-11.1488 -3.91487 1.30185 89.9253 -211.85 5.75442
-12.2266 2.23269 -2.93402 -24.058 -225.643 -10.182
-12.047 1.66006 7.96836 -22.7189 -185.008 7.04181
-10.7673 -0.0393739 -25.4393 87.7752 -196.801 97.7701
-12.1931 -4.92953 5.06703 -54.1307 -358.634 92.1633
-9.99268 -7.47879 8.0529 144.274 -165.991 -21.9237
-10.0835 -7.89501 4.99345 133.631 -157.055 20.0316
-11.4828 -7.34385 -0.742517 -13.3815 4.75005 -106.445
-9.80003 -7.29758 7.31835 149.292 -171.078 24.7742
-11.135 -0.419522 9.76884 15.3084 -208.726 1.9974
-11.2503 0.195336 12.4342 -0.205414 -183.147 25.0595
-11.2737 9.21053 -7.58526 -19.851 -476.798 92.4254
-10.5249 -0.562514 5.00117 44.0126 -249.355 12.4381
-9.20709 -6.0199 2.20494 144.344 -201.271 2.95873
-9.29219 -3.65653 -3.37051 129.262 -227.166 3.4481
-11.9571 4.81337 -4.09257 -141.924 -184.652 3.49054
-11.5336 9.15542 11.796 -101.516 -105.626 10.8223
-10.9714 4.35318 -10.4684 -65.9269 -192.406 -19.1927
-9.55248 -13.2032 0.600756 72.3399 -236.407 3.2874
-9.09548 -2.86325 -1.69166 96.9223 -237.184 -3.83088
-8.37451 -9.34458 -1.74821 164.927 -132.27 -5.8549
-8.03635 -9.513 -5.96688 193.825 -133.878 -4.25056
-9.3269 -1.81689 -11.7675 64.0791 -199.045 -19.2097
-8.34642 -10.0641 -6.29616 159.318 -129.564 -12.4946
-9.1952 8.54401 12.4544 72.2608 -210.599 18.4177
-8.07523 -12.4894 4.39833 182.557 -115.614 6.76649
-9.78382 0.481525 10.0491 10.9412 -193.85 24.9563
-8.12771 -5.9737 1.83759 172.46 -189.993 4.76173
-7.86323 -8.34736 -1.39244 197.061 -170.222 19.4462
-10.4735 4.17382 1.09399 -68.3149 -225.875 -7.28185
-10.9485 7.14125 -4.71631 -120.057 -180.1 -5.92489
-10.7142 6.87341 -10.1505 -101.783 -147.572 -14.1671
-10.9371 7.9944 0.612637 -130.19 -197.477 2.08133
-7.59049 -5.24561 -2.97656 158.607 -178.798 4.95886
-7.69138 -5.57807 -1.2216 145.273 -166.755 31.5342
-9.43406 2.08945 11.8151 -32.72 -180.283 12.2381
-7.71453 -3.14647 3.62803 128.566 -192.487 -5.9279
-10.0188 5.99042 -1.99658 -104.649 -208.026 -3.76171
-7.36239 -2.95261 -0.15749 148.668 -218.466 -13.1224
-9.14027 2.82533 -0.0900612 -28.7364 -263.464 9.46258
-6.85869 0.240628 11.0909 181.298 -106.649 22.1197
-7.44502 -2.86752 1.60761 114.381 -225.04 13.1895
-9.24688 3.79385 2.2082 -67.9891 -211.733 -0.737365
-7.24746 -2.28814 -1.50875 129.946 -251.066 9.88443
-6.94342 6.35277 -2.3198 155.404 -55.025 -65.19
-8.84542 2.76038 -2.23956 -36.2896 -222.78 -9.85459
-6.65751 -13.5635 -1.2666 180.023 -92.2175 7.75116
-5.91367 -5.88425 -1.21864 252.123 -109.542 11.9912
-8.1856 0.338632 -4.56521 26.3277 -233.663 -5.9222
-6.58715 -12.8914 8.293 181.13 -88.3026 26.1105
-6.20027 -7.79444 1.12466 216.402 -124.157 1.95137
-6.77237 -2.13325 4.89499 156.271 -226.277 -6.17395
-8.96269 -1.40979 -9.56212 -61.9455 -17.3462 83.3544
-6.16354 -5.20527 5.51961 212.636 -155.798 4.10444
-6.49997 -8.33597 5.2594 172.418 -118.345 11.8665
-7.45045 -1.55761 -12.6432 76.7313 -201.445 -29.391
-7.35011 -0.656222 8.64743 85.2232 -245.695 13.1334
-5.91258 -6.98528 -0.877336 219.918 -139.067 7.83769
-8.2046 9.19697 -2.40918 -9.24158 -211.742 -19.9154
-5.92639 -4.68027 -4.04494 216.907 -171.009 32.7938
-8.14108 1.60003 3.79905 -4.33628 -257.724 -1.53163
-6.00888 -14.1827 10.2927 205.747 -99.7878 25.5355
-6.46627 -13.6637 2.41648 159.575 -74.1848 13.278
-5.35948 -3.8178 -5.54685 261.216 -47.0414 -63.6565
-6.5673 -1.6446 6.41237 137.645 -193.837 -22.9509
-6.16533 -3.83868 5.60758 174.3 -174.041 0.900718
-7.75222 0.737088 7.98978 16.2673 -211.161 22.8169
-8.93208 5.38541 -3.0415 -102.077 -226.966 0.879226
-7.80017 0.863685 -0.515715 10.1877 -240.899 7.96213
-8.70825 10.3153 -8.0848 -84.0857 -200.211 -19.1336
-6.26494 -3.06204 -3.79398 157.318 -189.074 0.0800091
-7.99946 2.24874 0.348685 -19.1938 -279.754 -6.69142
-7.30939 0.400918 -0.233301 48.6987 -251.712 11.3287
-6.58979 -1.33347 -3.4633 119.733 -235.518 -20.1057
-5.90988 -5.82767 6.64143 187.007 -139.358 6.24628
-5.88911 -5.18213 -5.17182 188.795 -139.573 -11.3027
-8.98399 8.92128 13.0503 -119.381 -100.455 15.7287
-6.0916 -1.6272 -0.455123 162.644 -232.723 -14.5403
-5.39679 -5.41628 -0.52525 227.768 -145.285 4.48925
-7.36464 0.859178 -8.1501 31.0002 -253.926 -11.1618
-5.56088 -4.04086 1.8274 210.036 -174.353 -1.80075
-5.66049 -6.05491 -6.46529 199.243 -129.854 -4.94727
-7.00177 -0.191334 -7.90284 63.5348 -232.944 -10.8076
-7.16527 -0.627927 -14.4365 42.1744 -196.891 -29.3477
-5.42946 -9.69482 -6.24998 213.257 -98.409 1.95474
-8.58538 6.3919 -4.73768 -107.242 -184.233 -21.2392
-5.18621 -8.95779 -7.82695 229.957 -59.4443 242.739
-6.94163 -8.28943 0.114877 54.8178 -124.503 -124.411
-8.97832 7.75442 5.36301 -148.446 -179.036 14.15
-5.47856 -7.7168 -3.73321 198.978 -116.89 4.36847
-5.67925 -4.80062 4.66188 177.17 -143.432 6.66072
-7.0899 0.900725 4.77965 21.3751 -242.461 19.6871
-4.81891 -5.70382 3.31355 241.456 -125.623 15.1226
-5.19536 -5.52428 0.677966 204.001 -131.435 5.73564
-4.72623 -7.33971 -4.12414 250.233 -101.433 -2.23951
-5.56089 -3.58956 -8.13774 165.561 -164.828 -19.0914
-5.99897 -0.93749 3.57697 119.561 -250.015 9.9182
-4.99627 -3.10112 -0.378153 217.071 -93.3504 6.24297
-5.72444 -2.63437 9.69326 142.614 -189.982 15.2714
-4.86557 -5.19629 -3.39116 226.694 -124.454 -4.73424
-5.83271 -0.453662 5.03329 130.418 -251.458 -8.61237
-5.98549 -1.5233 -4.82521 113.369 -204.436 -5.45251
-5.21928 -3.0629 8.03851 188.619 -175.604 4.0523
-4.90807 -7.85624 -2.09715 219.154 -141.991 2.8809
-5.85989 -1.0452 6.7778 122.76 -238.598 -5.14505
-4.7579 -2.3504 2.1707 227.628 -190.395 -2.87577
-7.90333 -2.76908 -11.1547 -85.9533 -253.028 -24.6765
-5.23573 -12.4687 9.95172 177.423 -293.049 90.0972
-5.90665 -1.34438 2.91843 106.387 -209.639 -8.98298
-4.48176 -4.4957 -6.0963 247.489 -133.51 -8.71997
-5.83063 -6.74682 -16.1022 113.445 -91.5246 -26.1224
-5.62253 -10.0425 -4.26036 133.746 -216.706 -20.0363
-4.68302 0.942769 3.54197 219.048 -132.335 8.93176
-7.7086 2.01391 -3.92732 -81.7719 -219.291 -6.1418
-4.72454 -10.0395 -5.15304 213.58 -82.2164 -17.0512
-7.84977 -7.46349 9.06733 -103.064 -497.04 42.4342
-4.18545 -8.9759 -2.37312 256.831 -78.5822 -9.97963
-5.8722 -0.345834 0.959935 88.3163 -247.531 1.73731
-6.47137 0.694235 5.73638 27.67 -225.833 9.32656
-4.22096 -4.2548 -3.19338 250.673 -127.4 5.81624
-6.69274 1.60511 0.100484 0.311892 -263.774 3.01202
-5.01374 -0.84295 -3.40638 166.077 -234.021 -19.0646
-4.7129 -4.44824 7.09003 195.635 -124.553 15.0405
-4.38571 -8.90319 -6.5878 226.571 -80.3442 0.256609
-4.42159 -4.04981 -8.8947 220.063 -133.552 -4.13298
-4.31607 -2.85761 6.75763 230.039 -162.108 5.67039
-4.7443 3.12442 -1.40257 185.449 -45.4041 74.7864
-6.00425 -3.68258 3.26827 60.126 -225.301 -16.1755
-7.62235 5.44195 -8.06278 -101.97 -177.762 -25.5915
-6.34117 0.486631 8.74871 23.7312 -215.98 -0.0311594
-3.9163 -4.34971 1.17822 261.405 -107.914 15.297
-4.57855 -8.54916 -5.42627 195.485 -83.878 -4.99847
-7.77529 -2.06083 6.28647 -123.816 -399.677 92.0329
-5.46106 -1.08931 -6.04622 105.127 -205.797 -22.0537
-5.99877 4.05095 5.23925 49.9359 -65.2583 -141.885
-4.90762 -1.71539 9.55297 157.588 -205.569 15.1452
-4.44093 -8.48684 -4.84292 202.315 -76.3471 -16.0928
-4.27503 -9.2158 -9.85609 217.865 -78.2524 -4.97115
-4.26124 -8.71615 -7.74568 218.616 -81.5816 -21.081
-6.60508 1.96201 1.64172 -17.4056 -290.227 -5.03483
-4.14795 -7.55309 3.08839 225.646 -77.9741 14.5495
-8.07404 1.81574 2.9925 -166.667 -494.803 200.221
-3.99976 -4.9755 -2.82904 236.656 -98.2924 7.04114
-4.17061 -2.18641 -5.46023 219.398 -251.656 138.829
-3.54142 -4.34877 0.357945 281.55 -89.0682 12.8667
-4.4171 -1.47744 -3.14435 188.576 -193.069 11.9203
-6.45313 1.76968 6.06129 -16.0935 -249.291 2.57301
-4.49278 -16.23 0.166632 176.908 -66.2074 -10.9214
-3.96256 -3.60681 3.18307 228.978 -124.926 15.9511
-3.67229 -5.79466 -1.37393 256.958 -84.1837 9.24922
-3.60398 -5.57943 1.51794 262.527 -85.4397 13.7725
-4.936 -0.702134 3.19017 128.868 -226.279 6.62685
-4.16065 -10.3776 3.78118 205.7 -80.8274 -14.4032
-4.67886 -1.7406 -0.0137916 154.067 -198.588 -0.337116
-3.7997 -2.4708 0.745327 241.311 -147.423 6.62294
-4.58556 1.03999 5.88157 162.777 65.8007 -89.9675
-4.13489 -2.84196 -4.6649 202.341 -71.2218 -85.7317
-3.86189 -5.3421 -2.19871 221.383 -71.8385 -43.2533
-6.23634 2.20389 5.95252 -16.1286 -262.414 2.06119
-4.95676 -0.870664 -12.3061 110.065 -207.986 -8.13148
-3.90439 -11.6345 0.0809303 209.881 -61.7546 -3.04254
-4.36563 -0.76915 3.70172 163.817 -238.32 3.87923
-3.55474 -8.67772 -0.278978 240.187 -63.5167 -4.01301
-5.9543 1.54425 1.90736 0.97915 -252.743 5.57163
-3.33364 -5.77611 -0.22009 259.077 -63.0444 -4.19788
-3.704 -9.42573 5.20717 220.884 -114.592 24.2343
-3.8595 -1.54721 5.78399 203.926 -171.439 -3.93148
-3.93965 -1.42469 2.86294 194.028 -180.968 36.5623
-3.27777 -1.28834 -1.34516 258.569 -155.266 3.8915
-7.46534 10.4203 4.90051 -158.565 -118.545 6.51633
-4.05915 -12.4389 -7.30935 179.262 -56.6765 -13.5552
-7.12609 5.97582 -3.47961 -127.351 -230.501 -22.7235
-3.15272 -3.65235 6.55795 264.839 -83.0554 21.3164
-6.4442 4.06973 -3.28632 -62.9741 -125.624 -148.276
-6.84798 13.3266 -1.96883 -103.181 -66.0591 -87.1589
-3.25876 -4.90521 -6.58672 246.052 -79.5465 1.02424
-6.26128 3.11415 0.960126 -54.4367 -250.625 6.78356
-3.76744 -13.3344 3.96493 193.207 -60.7926 2.96413
-5.84307 1.81058 10.5559 -15.1102 -246.192 9.3149
-4.68234 0.734505 0.568252 100.01 -175.769 99.1127
-5.82909 1.61369 -8.86878 -14.6308 -228.719 -19.0342
-3.11629 -5.92111 -7.17423 253.814 -62.1069 -14.4276
-6.0055 3.32248 7.33772 -34.1792 -242.489 3.7487
-6.14304 0.0405876 9.88026 -48.707 -39.7508 -104.113
-6.62565 2.90354 -1.75147 -99.3147 -350.441 144.459
-7.26119 11.2231 -2.74468 -163.469 -122.085 -4.84643
-4.72304 -0.0935652 -2.5447 84.3315 -230.326 -5.83758
-3.31622 -0.423034 3.30666 222.944 -199.134 -4.22627
-2.89483 -6.83258 2.72867 263.221 -37.4511 2.69754
-3.0004 -1.30509 -4.26098 252.198 -130.034 -5.9954
-3.02049 -2.64369 -1.88873 244.829 -83.3925 11.4874
-6.2055 2.20119 6.47526 -71.5986 -241.772 27.3114
-6.63322 4.75758 -2.12562 -114.677 -246.205 -4.08732
-6.81756 10.9259 -1.56078 -133.433 -174.123 6.98176
-2.71666 -4.75175 0.616819 273.619 -47.5933 -32.4082
-4.06407 8.63499 -6.21842 139.267 26.6365 28.1685
-6.37097 3.76682 1.84414 -90.6619 -250.844 3.0613
-3.02533 -5.54534 -2.60467 239.352 -67.2388 -5.5943
-2.38569 -1.59938 -1.49268 302.055 -29.3882 0.611693
-3.21945 -5.99725 -5.78613 215.196 -72.26 0.881648
-3.43949 -6.85395 12.782 191.249 -66.726 27.3985
-3.50541 -13.8709 0.280919 183.428 -47.0937 8.19631
-2.60827 -4.99718 -7.51582 271.658 -31.7683 -8.59736
-6.76894 -0.891681 -2.17219 -144.283 -309.902 -48.9969
-6.98991 8.0023 0.644062 -166.826 -170.342 16.0293
-2.73145 -5.08789 -4.16656 255.541 11.918 -34.4343
-5.95807 3.23208 2.26964 -66.4037 -225.746 -0.889509
-6.25055 4.43766 3.35406 -96.4688 -224.054 10.2635
-6.03068 10.7509 -7.00825 -75.9972 -180.933 -2.51449
-2.4997 -5.98869 -0.494935 273.109 -33.3525 1.82511
-2.42271 -6.84446 -0.661777 278.336 -35.0735 1.62499
-2.81571 -3.73785 7.86648 238.753 -75.5237 22.1132
-2.73345 -4.96506 1.70362 246.183 -58.9975 -1.14328
-4.18716 0.0860852 6.12431 99.1107 -223.452 3.42093
-7.0315 9.60069 -6.8834 -184.707 -144.094 -11.0931
-2.89849 -10.4035 -1.9592 221.878 -38.5245 -4.04524
-2.52334 -5.07667 -1.37611 257.469 27.1216 6.33754
-2.48723 -2.84178 1.68497 258.549 -103.802 13.0632
-3.30708 -3.44458 15.1204 176.764 -97.6056 31.1082
-3.22764 -0.729061 -3.37052 182.27 -253.669 -111.698
-2.2226 -5.5011 1.53774 278.451 -5.98165 -75.8675
-2.30084 -4.37816 8.08332 269.788 -30.6448 14.5115
-2.9192 -8.09189 9.90555 207.262 -43.9897 16.6653
-2.58096 -10.3302 0.282195 240.546 34.3188 -1.24927
-2.76684 -1.6258 -6.0475 219.868 -116.448 1.74355
-5.48255 13.5338 -1.82964 -50.3556 38.5008 -20.9429
-2.66099 -5.23906 -4.50675 229.588 116.084 -8.4664
-2.96882 -13.0456 3.15993 196.103 -37.0701 6.5391
-4.44489 0.804063 -8.03361 49.0619 -234.653 -0.999241
-2.55831 0.135551 2.38836 231.858 -172.881 3.22159
-2.7757 -7.60752 11.0092 209.171 -38.6423 8.24713
-1.98712 -6.91461 1.02344 284.582 -3.15673 6.81997
-2.20833 -5.26543 -5.04314 262.15 -31.273 -5.02426
-6.56923 10.0357 -5.81839 -171.749 -132.3 -9.45144
-1.97402 -1.02797 1.44251 280.715 42.6216 -8.02919
-2.2731 -7.64268 5.66302 248.914 -20.2996 26.1771
-4.13633 1.39933 0.19856 61.4274 -286.047 -3.46397
-1.98634 4.14644 4.39647 274.878 -34.4153 13.0915
-2.2883 -3.70576 -1.94175 243.869 -27.3547 -0.593422
-3.88366 1.62659 -4.245 81.1237 -218.912 -5.73979
-1.90031 -4.86737 -0.306002 277.72 5.47963 -7.87219
-3.53866 -18.4866 3.92404 110.909 -37.681 6.89237
-4.60814 1.87478 -6.24758 4.00224 -278.957 -6.23326
-2.59017 -1.42525 2.72014 203.918 -136.866 -20.6567
-2.77055 0.00801335 -5.25917 184.256 -189.636 2.59512
-1.96212 -2.43059 6.87736 264.001 8.47615 3.13963
-2.05074 -4.14185 9.1664 254.035 -47.2015 -23.0298
-2.49632 -0.101692 -0.869821 207.642 -159.316 32.1122
-3.98445 -10.5933 -17.752 59.204 -40.4317 -23.0209
-3.73122 3.85904 -10.7778 81.1854 -247.354 -9.03603
-3.7291 0.777293 -4.27316 79.3486 -288.988 -90.3989
-5.71025 2.7003 -0.917106 -118.53 -292.314 -100.597
-5.23374 1.16862 5.00275 -73.1011 -216.527 -39.6658
-5.92176 5.42767 4.86936 -142.45 -237.46 8.59589
-4.14672 1.5004 -2.47275 31.993 -214.297 90.2611
-3.62704 1.1229 1.31519 82.7161 -275.619 3.03554
-2.43847 -13.4645 1.05402 199.511 -34.2049 7.48602
-1.83765 -7.33679 -2.57744 258.943 -3.09667 26.4161
-4.83516 2.46477 -6.41009 -44.1434 -234.894 -24.1629
-2.37684 -8.6944 9.12725 198.984 -30.7953 15.4059
-1.95768 -8.0626 -2.49835 240.08 -28.989 3.38079
-1.92269 -7.23446 0.0429436 241.515 -8.44987 -0.277455
-2.3216 0.0300965 -6.77147 198.671 -155.846 -14.217
-1.48546 -6.68428 11.7969 278.355 -217.933 128.425
-5.30314 4.18959 3.65845 -101.164 -219.168 4.59227
-1.71791 -7.151 0.801929 252.085 -4.31912 5.88487
-6.18585 8.62087 2.64712 -196.313 -157.23 2.97338
-4.69955 2.93252 -4.55754 -51.3452 -281.962 -24.3508
-1.92052 0.338372 8.50817 223.768 -114.882 23.4532
-2.94956 0.505724 5.87933 120.576 -224.576 -5.7259
-2.03607 0.801282 -5.57875 210.106 -184.48 -16.8111
-2.02107 -8.17195 3.57199 211.579 -102.762 5.94158
-2.10851 -9.83068 8.83714 202.325 -28.9796 19.0946
-5.68324 14.1873 -8.32324 -155.048 -42.2701 -13.275
-5.87584 6.95128 6.44308 -176.607 -195.196 5.27653
-1.52621 -4.79872 0.682135 254.756 13.5953 -0.440612
-1.50747 -7.2408 0.840141 254.397 8.17272 -11.684
-1.45141 0.822801 2.69346 251.526 2.53426 53.7355
-1.254 -8.5612 4.11685 267.581 -16.6442 33.4892
-3.39267 1.09894 -8.93932 53.0505 -244.507 -1.86605
-1.53316 -2.47113 -5.90845 237.208 27.1353 -3.23574
-4.68716 3.26394 6.7793 -79.6946 -224.71 9.90483
-5.46543 7.61767 -9.16886 -157.143 -124.103 -14.3536
-1.56157 -9.28426 -6.95814 228.165 -8.0784 -6.06716
-1.34129 -6.34273 7.03965 248.65 10.7917 9.02234
-3.09064 1.39706 1.75475 74.8151 -255.506 44.7367
-1.13136 -2.71674 7.82943 263.351 100.27 7.98621
-4.98865 4.50665 -3.70295 -120.379 -243.414 -111.459
-2.98098 1.21215 -9.75381 77.846 -257.143 -13.4494
-1.78847 -4.69747 -14.0829 195.886 -24.5176 -19.0467
-4.85987 0.725087 -0.880079 -114.919 -292.934 -18.6074
-1.29921 -2.48977 0.176729 236.727 120.08 -1.24511
-1.4541 -8.99402 -8.34408 220.706 -8.10409 -18.9628
-4.02975 2.5864 -4.59513 -35.382 -284.061 -15.1048
-5.33156 8.78601 -9.39972 -166.935 -131.447 -14.7467
-1.30244 -5.00832 2.08527 232.794 108.919 -2.73713
-4.78068 4.53083 -2.57307 -114.365 -213.154 -19.9493
-2.59022 1.16573 -3.55287 101.678 -264.206 -7.65308
-5.32642 6.88857 1.33118 -178.223 -206.329 14.4698
-4.7337 11.775 4.34041 -119.538 -155.281 30.6023
-4.95947 5.61892 -3.80011 -143.441 -183.605 0.540548
-1.03478 -8.15779 8.30315 245.526 19.6778 18.0121
-1.20194 -1.87754 -1.02488 228.881 87.9908 -4.67314
-1.14507 -7.62444 7.18088 234.506 7.72806 9.31331
-3.2082 -5.50881 0.501994 29.3515 -323.47 2.21127
-3.70239 2.29338 1.42845 -20.0677 -253.579 11.3315
-0.786631 -6.20583 -4.27004 263.848 33.5653 -2.66434
-1.45896 -12.7309 5.38286 194.202 -16.8753 13.8678
-3.4552 1.9352 4.06016 -7.5295 -258.002 11.5871
-0.784466 -3.4236 4.53781 254.327 95.4687 3.23578
-1.47579 -13.8504 5.35632 184.211 -18.637 13.5296
-3.83238 1.97572 2.37581 -51.4867 -256.837 9.06537
-0.935093 -6.39198 -6.57015 233.612 12.4105 -17.7651
-1.03798 -10.4454 -5.14605 216.649 3.64582 -7.05617
-0.609974 -4.60395 -0.800476 256.593 90.7684 2.06297
-4.75036 5.72786 8.21442 -155.428 -201.041 0.457835
-1.71237 2.63111 -8.72079 144.509 -256.116 41.6525
-0.92703 -11.307 -1.25799 220.265 -0.435065 -13.0321
-0.510619 -3.10544 5.26426 260.671 30.4573 17.6719
-5.04217 7.38936 -4.11757 -193.606 -186.885 -2.75221
-3.21468 2.34315 -2.96256 -12.4759 -294.168 -11.9719
-1.16001 -13.8932 1.89264 190.632 -16.0848 -2.88159
-0.628481 -3.69788 -4.06294 241.853 90.0619 -9.34369
-4.63285 9.02584 -10.9715 -158.628 -98.3551 -7.31402
-2.80436 2.00898 2.50411 22.5193 -294.029 14.4353
-3.95255 3.67047 6.9515 -92.0919 -259.307 0.877821
-1.80344 1.14546 -4.13504 118.365 -216.576 -20.1232
-0.590794 -9.4573 -4.07924 237.621 17.8023 2.33067
0.205792 -6.7132 0.240125 315.897 184.118 208.562
-4.86965 10.0773 -2.54132 -189.609 -121.627 0.717584
-0.290568 -5.9542 1.39658 264.49 62.8311 -0.370648
-0.891032 -12.2459 5.44616 204.011 -3.02877 -2.26957
-1.0005 -1.61743 -6.83084 190.988 139.006 -6.07375
-4.71684 9.69479 4.14241 -183.424 -115.528 16.5526
-4.89696 3.23094 -7.00954 -205.384 -121.615 -16.2656
-4.66342 9.26487 9.70789 -182.209 -106.461 -23.7374
-1.89907 9.1844 7.02618 89.4626 37.1524 -23.1206
-0.72763 -7.74031 -9.67126 205.033 15.0305 -9.58512
-0.38469 -0.150421 -4.05895 235.333 -6.43685 -123.468
-0.295316 -4.18789 6.70193 243.182 89.6639 6.60702
-0.494624 -5.04888 7.68961 219.463 47.3009 9.86663
-2.03906 -7.63887 0.0310509 64.2996 24.3768 165.064
-0.52765 4.82596 5.88215 212.275 -77.1236 20.277
-1.0414 -17.2963 2.67395 161.195 -27.3188 -44.4748
-1.71283 7.47279 3.84397 91.6388 -201.839 12.6209
-0.248405 -1.74059 3.19799 236.858 125.898 1.86478
-4.45641 6.58058 0.14766 -181.325 -173.099 -2.49029
-2.54027 2.01349 4.26154 7.37682 -286.769 9.4359
-3.7866 2.30108 -6.38404 -116.754 -199.886 -8.0362
-3.37113 -7.0335 10.4453 -76.5741 -151.011 -60.9356
-2.57454 2.0768 -5.32903 -6.39148 -275.987 -1.94689
-0.165032 -5.86902 -6.52275 232.866 57.0537 -2.47947
-0.0649065 -5.93764 2.12444 239.217 154.56 19.418
-0.186685 -7.3301 -10.2815 226.734 25.7654 -12.1041
-3.20692 2.94594 2.59556 -73.9061 -272.55 -1.26226
-2.931 2.27721 2.03765 -48.5382 -246.437 8.26731
-1.57662 -3.88338 -3.40648 84.9199 -265.789 -27.5437
0.0857404 -6.15426 6.46457 248.918 88.783 6.18438
-2.93009 9.29907 7.63763 -52.9479 -130.554 106.865
-2.90686 2.71935 0.96895 -50.7721 -295.731 -16.9827
-0.106986 -4.04645 -7.15496 222.595 90.9173 -10.0453
-0.384058 -11.2929 9.17874 194.834 0.391043 14.1246
-0.0507569 -14.4578 -11.8181 226.213 291.926 76.5216
-4.09385 14.7967 -7.07827 -176.509 -42.7234 -11.0364
-4.16452 8.11961 -2.52284 -186.344 -128.181 -2.05766
-4.24401 8.68312 -7.77983 -195.742 -113.637 32.6859
-0.394709 -6.07038 2.27784 184.668 140.636 31.1354
-4.17415 6.69675 2.25535 -194.847 -190.599 6.74308
-4.55037 5.11718 -0.654913 -233.462 -149.174 -3.81453
-3.79955 5.1654 5.8927 -160.276 -210.712 -3.47919
-0.0455665 -12.9989 4.10145 210.61 7.82027 10.9424
0.0353861 -4.4285 -13.2778 218.562 79.4253 -22.6756
0.588397 -9.12592 0.607757 272.464 59.9325 -1.60179
0.196686 -4.67691 6.59897 232.241 111.591 20.2491
0.596126 -0.577818 -3.54396 265.54 -99.641 7.63275
-3.95889 8.60096 -10.7021 -188.313 -114.702 -49.2404
-2.48487 2.38319 1.93041 -42.8445 -249.119 -12.6623
-0.0907902 1.73306 1.95701 194.43 135.391 -35.1322
0.621504 -8.92124 3.60755 259.924 70.1081 35.2801
0.218919 -5.88681 7.88658 214.051 72.2763 14.3917
-3.80279 7.37726 -5.33289 -187.144 -153.954 -8.83071
-3.57619 5.71907 3.32894 -168.207 -162.014 2.41008
0.641824 -8.90952 -4.49266 250.693 54.3431 -8.96331
0.440794 -5.66157 1.08437 229.858 96.5819 -5.56364
-3.5787 6.13585 -5.96317 -175.621 -169.15 -11.4831
-2.30004 2.89425 3.16321 -49.4501 -255.244 10.0652
0.441298 -3.78798 0.687717 217.33 172.007 12.8233
-4.20421 1.88894 5.29968 -244.805 -83.5422 -21.9934
-1.12987 1.70355 9.81152 59.0471 -254.804 26.4556
0.298407 -3.98953 -8.52789 199.996 127.08 -12.1026
-3.79799 -2.81966 -9.18552 -207.619 -300.316 -90.5515
-0.309795 3.54631 -7.09156 137.7 507.351 -142.134
-0.073143 -4.14053 -4.85484 159.07 158.545 9.45742
0.164419 -18.1669 -6.61658 178.474 48.7146 -14.6587
-3.71825 15.8476 -4.84723 -207.712 -96.4702 15.1425
-2.82919 3.6054 2.08558 -119.86 -257.107 -3.48345
0.231527 -6.19866 0.769249 181.882 143.948 -91.8513
-3.14342 4.71163 -11.8461 -156.492 -155.758 -22.7507
0.229975 -14.367 9.74336 178.455 -5.6835 14.9163
-3.5635 6.25595 4.03293 -198.743 -166.477 4.99611
-2.33464 2.71354 -2.8476 -77.8643 -230.758 -4.37329
0.048899 -7.44753 17.0732 158.818 156.704 17.4148
0.789701 -8.11929 -7.16588 231.59 75.293 -7.7174
0.578316 -11.9471 6.29937 209.769 15.9984 12.2316
0.634369 -4.48196 -6.88016 215.25 134.063 -15.1349
0.168695 -14.3865 1.90667 165.647 -3.67671 -82.9764
0.263497 -15.9556 -2.10934 173.499 3.21939 -10.2685
0.229322 -2.75839 2.66403 169.743 226.589 -2.64101
-2.59915 3.61106 7.77625 -112.446 -196.884 8.03473
-0.279234 -2.62199 -2.93317 116.813 285.913 50.67
0.346088 -2.98517 -2.35853 176.993 174.88 -10.3079
-0.0475197 10.6462 -2.97977 127.681 22.0033 -47.4262
0.894624 -7.42017 7.07715 213.617 72.5417 7.59171
-1.3178 1.99094 -0.632446 -9.05481 -271.201 -7.91872
-3.00565 6.72651 -11.3433 -177.161 -131.78 -20.177
0.798599 -4.00009 -1.20946 200.556 157.508 9.06757
0.00673476 1.44501 -3.53598 121.818 214.429 -5.70338
-3.09958 6.7489 1.72384 -189.266 -133.717 4.28137
0.483291 -6.52857 0.900188 165.714 58.7063 -170.51
1.12424 -9.8287 -5.87223 227.362 55.9193 -16.9137
0.875384 -8.0968 -7.87216 201.724 63.9585 -9.14321
-0.985588 1.77217 0.983698 16.1632 -254.374 15.0595
0.816075 -4.44735 -9.71665 192.469 126.611 -26.4649
0.999878 -10.8821 4.32342 210.101 76.0369 8.77543
-1.39821 1.96861 7.28425 -28.6909 -257.672 3.29625
-2.80672 17.0627 -1.29529 -171.633 -18.2532 -0.874125
-3.17589 6.8116 1.87803 -212.795 -174.807 6.70713
0.639547 -14.646 8.7433 166.18 0.331804 18.7698
0.506965 -9.07456 15.4751 150.206 18.1089 24.9443
-2.66482 11.8677 11.7067 -164.993 -51.9359 16.3336
-1.9398 6.28971 5.38174 -93.0054 -249.062 30.0639
1.47934 3.62276 -2.19527 245.286 86.1846 13.2356
1.33987 -7.60523 7.43379 227.077 91.8156 3.97998
-2.92113 9.35976 -3.56374 -200.468 -94.973 -1.37955
-2.12043 3.5188 8.7648 -123.301 -218.558 9.12825
-2.34622 4.00165 1.69458 -146.812 -196.47 -8.8108
1.12723 -10.7622 -10.4933 197.625 32.7971 -16.9259
1.52506 -5.62436 5.62002 234.971 161.615 -6.68183
-2.29809 3.7366 1.6966 -146.236 -195.878 9.02818
-2.05657 3.25233 1.22862 -122.709 -214.954 3.05323
1.52998 -20.3631 -7.04939 226.549 184.845 9.54601
1.23861 -4.25416 -10.0802 193.687 150.965 -4.49572
1.149 -7.60475 8.45081 183.092 174.503 13.8243
-2.84358 8.28646 -0.83582 -213.858 -104.06 2.93428
-0.00957471 -8.50184 2.02667 64.2812 -74.0413 -78.1701
-2.7432 10.7715 -4.89914 -209.894 -72.8983 -8.57456
1.47832 -4.80465 4.5302 206.445 160.316 17.8443
1.47553 -3.1945 7.74169 205.309 212.79 34.508
1.16342 -6.74843 5.357 172.376 695.428 -525.122
-2.10679 3.99429 -5.75054 -153.079 -184.722 2.47457
1.51968 -4.97546 2.61914 203.886 157.915 14.8678
1.56858 -4.78539 4.24726 208.619 202.501 -1.66333
-2.62655 12.1987 1.92714 -214.502 -61.8157 2.18931
-2.54928 8.14034 -5.92671 -209.431 -119.924 -15.1922
-2.4235 5.13145 -2.46758 -199.469 -200.591 -0.130042
-1.23418 5.83158 -17.0707 -81.5486 -224.854 3.28138
2.08116 -7.85595 -1.24422 243.245 113.625 -0.216553
-2.59671 8.83599 6.67696 -222.36 -81.2444 8.50972
-0.125403 -1.65992 -1.7721 22.9664 -253.933 3.55914
0.897558 -6.03882 2.75429 121.648 242.149 7.1941
-2.55442 9.41711 -4.89999 -221.247 -79.9291 -8.64986
0.674917 -9.117 17.8768 95.8623 1.24554 23.107
1.81169 -5.80006 -0.574108 207.999 192.742 -29.7311
2.02784 -2.34683 -7.20911 224.579 179.281 -78.646
1.73958 -15.1935 1.04321 195.489 18.2135 4.12565
-2.43635 10.0365 0.88312 -219.956 -67.1982 0.623037
-2.54246 8.54805 -1.52276 -237.477 -137.327 -9.53572
1.32139 -9.9463 -2.03049 136.108 171.544 75.5319
1.15086 -3.35263 -0.847395 117.023 203.705 73.8507
2.0321 -13.7258 -4.65973 203.867 22.0676 -4.22446
2.16498 -12.6445 -1.69399 207.562 36.5272 -4.39514
-1.05171 4.34265 -7.44082 -112.771 -198.686 -10.1876
-1.43519 3.55825 -14.2142 -152.238 -154.279 -18.3724
1.85571 -4.23884 5.92984 174.642 168.358 2.15922
2.16239 -13.0405 -4.79494 204.318 35.0635 -8.96336
2.49143 -3.34978 1.02759 233.843 450.033 -33.8359
-1.56346 3.88291 10.8389 -170.364 -172.862 19.0995
1.57613 -3.26447 -2.6538 141.063 236.338 7.02043
1.77513 -5.19405 4.21924 160.255 232.447 -19.5317
1.21907 -12.5945 -2.26652 103.459 117.926 30.0687
-2.24839 -1.32321 4.63209 -241.209 23.2163 -30.9931
0.620526 -2.13068 5.32589 42.2518 261.554 0.649814
0.179138 -0.949337 -4.60598 -1.8757 -265.443 10.1789
-1.754 4.29661 -1.7714 -195.98 -196.017 -5.62524
-2.04607 7.29102 5.64793 -225.085 -45.5269 3.85384
2.27294 -8.41246 -8.9076 201.807 73.8633 -12.7057
2.7692 0.84125 -6.16651 248.999 559.032 -95.3873
0.497281 4.64115 0.00426556 22.8051 220.12 6.67807
-1.85582 5.88152 1.23411 -221.862 -181.588 6.29739
2.03492 -16.9782 6.47155 160.382 0.219827 11.7736
-1.86505 8.81253 -0.337696 -227.952 -84.1622 -1.93409
-1.59754 5.80573 -1.13032 -203.466 -121.488 -3.70266
2.51057 -13.1678 4.15797 202.174 86.1683 1.89701
2.25206 -15.4997 -0.047584 175.491 3.87253 -5.341
2.62289 -9.94948 2.96381 209.59 63.2105 6.99092
2.50499 -6.29671 -0.0664507 195.997 133.097 -5.25467
2.79812 -1.25046 -0.355757 217.931 32.8555 69.7052
-0.73898 3.00461 16.5612 -133.68 -115.995 23.8826
-1.62418 6.62577 5.44619 -223.009 -131.765 1.20598
0.956852 -2.07699 -0.626542 33.2559 272.146 7.57435
-0.365925 2.22705 5.9763 -103.644 -234.506 16.8983
2.8587 -7.46735 4.61578 216.386 144.786 11.3138
-1.45452 5.19341 -1.60891 -212.191 -155.763 -0.423465
-0.737781 2.75727 -1.85855 -145.8 -200.253 -14.1878
1.97061 -6.51703 -3.85306 122.238 230.497 -7.21016
2.62953 -2.94397 1.47838 185.874 185.983 1.25669
2.17895 -3.77742 -1.12814 137.926 167.66 -99.1474
-1.72695 9.21565 -0.839271 -253.579 -81.571 -2.04094
-1.32816 6.2734 1.5666 -214.213 -108.489 6.5484
-0.853042 3.40478 3.41149 -170.346 -171.909 2.43672
2.24928 -3.31099 1.91507 130.555 269.597 -1.8154
1.5802 -2.71591 -3.74577 63.7832 260.958 -123.849
-1.47131 7.50628 -7.49105 -239.786 -91.4607 -12.6201
2.74523 4.67212 -1.13058 177.856 -37.1078 -107.447
2.92814 -6.19929 -1.73607 195.897 176.901 -6.10809
0.970511 -0.0101742 0 1.43907 1.3723 0
0.845769 -1.87106 -1.33843 -11.4429 256.911 6.8624
2.91335 -13.8655 -2.81085 193.279 268.207 -23.5558
3.06982 -6.51916 4.80475 203.692 178.802 6.40178
-1.22181 4.51467 -2.78544 -224.399 -195.522 -5.2623
-1.43048 14.2442 -1.49106 -245.946 2.66314 2.57251
3.21271 -9.00097 -8.19813 214.711 67.8136 -136.795
-1.10516 9.91397 0.115615 -219.259 -374.888 227.717
-0.580277 2.95718 1.35338 -177.228 -196.589 25.8687
-0.493222 3.57626 -13.9605 -169.795 -88.5241 -17.3348
-0.926927 17.2271 -0.217474 -215.07 -215.048 64.9828
3.344 -11.0587 -4.74888 208.317 12.5322 91.9909
-1.1207 6.35883 0.335532 -235.775 -120.499 5.15835
1.8513 1.71004 -0.576981 56.9321 285.204 6.64959
-0.629579 13.7068 -1.99445 -191.534 -10.5451 0.710117
3.04027 -0.408229 -2.53778 172.91 173.457 -4.00692
3.47865 5.42838 0.221695 216.051 43.302 -30.2779
3.26524 -9.177 5.02231 189.162 102.322 5.74704
-0.646807 -1.54312 -1.38496 -201.447 30.4991 -84.087
-0.950076 11.475 0.580145 -232.766 -43.1531 2.306
3.27208 -6.56243 4.3575 186.396 139.094 16.3511
2.35537 -2.74364 -12.8895 91.6289 178.19 -25.4389
3.47372 -6.55169 3.65693 196.553 188.677 8.07728
-0.706525 7.06412 7.22209 -222.227 -73.4401 10.0071
2.74182 -7.04572 -4.949 119.144 155.021 -61.8859
0.732175 -6.86758 4.69409 -82.947 104.853 127.512
2.73178 -3.27838 3.45894 112.93 246.119 -9.16745
2.71737 -13.5923 4.79068 108.517 509.052 -67.1053
0.101227 11.6619 1.06187 -151.453 -93.8136 55.9243
1.37977 -1.93068 -4.55362 -27.0442 268.423 -7.66864
3.62835 -6.18306 5.05913 195.889 200.596 0.467615
-0.633602 4.64762 1.33231 -233.628 -143.644 -0.369443
2.41182 -1.66808 5.40528 68.7555 180.996 156.876
-0.328016 9.52613 -11.6215 -207.747 -22.4626 -27.2986
-0.187116 12.9251 3.21295 -195.84 5.16046 7.73076
-0.559557 4.57403 -2.35189 -234.344 -147.464 -8.44463
3.55454 -5.65077 8.68874 170.458 173.506 6.7845
-0.511916 5.84048 1.5104 -236.277 -80.6946 1.49232
-0.1492 2.50934 0.750872 -202.779 -220.497 -0.718528
1.43896 0.0988463 -11.2676 -46.3791 236.458 -12.4541
4.23625 -3.67696 14.9403 227.166 157.745 115.06
0.00926996 2.96465 -9.64971 -194.578 -141.259 -15.657
3.32827 -17.9503 -3.485 134.877 492.011 30.0722
-0.229543 6.67716 -5.99943 -221.271 -47.5558 -7.51534
0.0523592 9.63145 13.7774 -193.462 0.421527 23.365
-0.106441 12.4291 -1.46313 -212.062 3.25478 1.04498
-0.149769 4.26379 11.3957 -216.822 -113.886 21.2097
3.86546 -7.52244 -7.2044 181.677 133.08 -1.09792
4.54601 -14.7798 3.59995 246.215 148.268 60.1231
3.46503 -4.587 -8.23646 136.271 177.639 -19.2441
-0.0970869 8.96451 -7.60536 -218.986 -43.6209 -9.90966
3.88332 -5.98605 -1.1134 175.371 177.881 -7.91348
-0.350679 6.04424 -2.04824 -245.879 -84.1264 -3.81564
4.20215 -8.08614 -6.26564 203.895 150.049 1.47727
1.86884 -2.00848 -6.81929 -28.0794 284.725 -11.0836
-0.754034 2.22385 -0.41988 -291.032 -226.671 108.03
2.69385 -2.73266 -2.2613 50.7279 295.257 -11.5477
4.16268 -11.4743 -1.33035 191.508 76.1894 -3.01644
-0.221515 6.51741 1.52871 -249.319 -71.3821 0.843406
2.90938 -2.4099 10.2719 55.1725 211.419 13.0318
3.31328 7.60555 -0.54536 93.7089 -36.3743 70.2552
4.08332 -2.43184 -11.4088 169.268 123.778 22.4689
4.11449 -5.41749 -0.579844 168.226 219.999 -9.55256
3.91461 -4.35281 4.2753 147.251 239.454 17.5097
0.0508546 5.35957 2.83374 -239.101 -9.82803 6.30577
0.0133255 12.1363 -1.36022 -244.265 -126.192 -25.2916
0.754372 2.34283 -17.2672 -173.433 -41.9213 -24.513
3.32399 -3.03526 -9.48223 81.7833 218.111 -20.333
0.401674 2.86557 -2.66775 -212.104 -194.026 -1.57882
0.172915 4.49557 0.704791 -244.012 -72.802 -36.4538
4.08182 -5.21417 5.04814 143.702 178.55 -5.54935
0.429469 7.6982 -10.0058 -222.608 -4.57235 -11.45
5.44145 -6.89462 -2.22076 274.049 111.029 -1.27967
0.0917325 4.63607 6.14335 -259.736 -105.331 7.4552
3.8489 -3.78294 -3.8817 113.194 216.663 -13.4711
4.77545 -7.15182 -5.47528 204.972 93.2546 -9.31453
0.702471 2.31537 -3.11606 -201.424 -185.302 -2.35794
4.23551 -8.04579 -0.628875 145.959 179.416 -5.59037
4.73369 -14.474 3.90825 187.416 93.2582 -63.1492
4.15535 -3.84312 -5.41853 125.805 257.084 -2.48286
4.76706 -7.95236 6.93498 183.038 170.603 12.7239
4.47816 -11.8614 -3.24064 150.577 129.595 -11.6187
0.865911 6.11444 -4.94526 -209.52 -28.5606 -120.901
0.911112 14.7975 3.71643 -205.325 7.11652 3.92688
0.36169 9.56734 7.95141 -260.773 -49.5966 17.5878
0.474267 3.457 -7.34597 -251.063 -134.599 -5.88032
3.54301 -2.67672 1.86836 52.5555 255.158 7.57563
3.22708 -1.81828 -2.74532 19.3774 251.323 -9.81986
0.410311 7.70175 -4.68869 -263.387 -35.1832 -19.7741
0.880525 2.38092 11.182 -219.139 -91.6517 15.1774
0.570784 4.94813 -3.03629 -250.393 -82.8738 33.4979
0.839229 2.38513 3.72824 -225.3 -122.191 10.0384
0.470973 4.921 2.23679 -267.791 -94.5673 2.46481
2.66448 -1.42851 4.03022 -52.4444 272.821 10.9598
0.887368 11.2709 -2.04925 -229.002 0.218762 0.455199
0.873636 0.566766 6.21502 -230.374 208.499 -38.7296
0.717107 5.22213 3.21385 -247.965 -57.0205 6.32168
2.25014 -0.872583 3.63519 -96.9291 235.512 10.7114
0.855141 2.38547 0.485895 -237.338 -149.61 -6.70985
0.630664 -1.27206 -2.54672 -260.924 105.344 40.0155
0.92792 10.3685 -2.29998 -232.525 -1.37595 0.137783
3.06921 -14.201 -0.422016 -20.7604 457.919 29.9135
5.1165 -3.56585 -12.2185 181.764 57.5089 -17.9841
4.62722 -8.61771 13.9701 132.88 79.8048 23.3699
4.52505 -4.09626 -2.87523 121.913 232.156 -12.5326
3.89277 0.207575 -0.133754 58.4244 288.407 6.32013
1.00849 3.57189 -11.2081 -228.43 -35.2925 -27.7864
3.64274 -4.91164 6.95924 31.3535 221.326 18.2439
1.46875 1.17238 14.1027 -186.662 14.0763 20.2676
5.16208 -21.4213 1.76448 177.756 147.664 4.20035
0.864419 3.40458 -4.28245 -250.354 -103.601 -7.95172
1.60506 16.4418 1.82521 -177.683 11.4849 5.43791
4.9908 -13.7971 -18.6164 158.434 190.177 86.5553
1.07149 5.54344 12.0463 -233.338 -26.6493 14.4689
0.94888 2.64688 -0.0784189 -247.109 -155.583 -7.85521
1.1235 2.99845 -9.98209 -232.579 -75.2325 -19.3169
0.814769 7.27361 6.07254 -263.576 -58.7651 9.221
0.858324 3.23944 -3.17114 -262.906 -60.4185 -4.5985
1.26129 5.79459 6.36145 -225.259 -51.0399 11.2276
1.21805 5.40078 -8.13035 -232.674 68.2779 5.5913
3.72993 -2.18768 -4.44527 15.9793 259.245 -16.701
0.787584 3.26967 -1.73992 -276.405 -100.322 -3.17837
4.69533 -3.9081 -7.55815 111.48 210.34 -18.7095
0.864495 4.48343 6.26256 -270.803 -64.1123 10.9864
5.32969 -11.3742 8.21252 172.308 235.028 -76.8549
1.00289 9.85011 1.33331 -261.402 128.902 -30.4488
1.04505 8.74419 -6.288 -259.402 -312.102 79.6327
1.18582 3.09494 -3.15249 -247.597 -80.2292 -9.4813
5.1296 -4.9567 -0.798844 138.907 220.92 9.18459
5.06497 -7.54625 -15.0352 127.247 105.134 -24.5031
1.26011 0.772725 8.83407 -250.834 84.9029 -19.3007
5.04829 4.58691 6.07189 123.723 220.424 8.05424
5.94556 -10.778 0.791866 211.673 133.052 5.44799
1.60557 11.1782 0.704004 -219.59 0.67898 4.41111
1.4333 5.19939 0.910874 -244.473 -56.8178 1.13144
5.31975 -5.72081 11.5602 138.911 169.933 12.0436
1.45571 5.53727 -0.321714 -248.697 -9.75387 3.32834
1.48877 5.07638 3.58387 -250.633 -10.6094 3.37655
1.13808 4.19814 5.34167 -287.83 -12.9966 11.0864
1.99695 -0.279416 8.13199 -202.741 136.246 8.8742
3.85297 -1.62876 -9.67405 -21.3892 250.334 -15.1986
1.29869 3.50576 -2.80644 -275.176 -66.8667 -2.42977
4.30529 -2.44492 3.20077 22.9452 284.67 -1.77876
5.78729 -7.40349 -2.91499 168.52 174.003 2.08599
1.54686 -0.255771 -3.96015 -260.588 -70.9666 1.47516
1.86929 4.66458 7.10521 -229.461 22.0896 9.74382
4.53619 -2.10636 -8.93798 35.406 244.808 -5.59312
4.37546 -1.85485 10.7128 15.0677 212.791 7.58355
4.88256 -6.82263 1.82859 64.7689 271.888 -40.6877
1.69448 2.88412 0.321762 -252.949 11.5756 -24.5748
3.15252 -0.620008 0.392968 -108.527 244.651 8.39448
1.92362 5.43027 5.81239 -232.289 10.1975 16.5898
1.68294 1.74152 0.817187 -260.142 -65.7209 2.85295
1.90971 6.95716 5.49524 -238.372 -6.95723 11.8073
2.16587 9.39734 4.92226 -214.531 28.1606 6.55635
1.93454 2.65242 8.4895 -237.526 19.6392 11.7686
5.94245 -2.43968 -1.97143 159.257 208.31 13.9221
1.97908 6.07193 -4.18439 -236.353 24.6373 -7.02044
1.55905 6.49612 4.21404 -278.966 -10.5107 10.5155
3.16352 0.355683 -3.13678 -120.274 214.914 2.51112
1.75253 2.23843 3.95367 -260.77 -15.5727 3.84421
1.80319 10.0269 -7.33026 -256.513 -100.301 3.12772
1.76966 7.33996 6.1234 -260.088 2.82284 1.77511
6.08762 -14.4534 6.49177 165.729 174.246 12.0179
2.11174 2.06277 -7.67484 -230.666 45.6916 -12.6861
5.16802 -3.48091 -2.28881 72.6553 269.578 -6.20447
2.25627 6.4902 5.4102 -216.817 222.247 61.9285
5.02536 -2.76351 -4.3221 58.2347 274.1 -1.24993
3.51017 0.700894 -0.554508 -94.0031 -139.586 155.085
5.83134 0.634755 -14.5038 135.469 260.727 -41.8823
1.73833 5.33451 1.95843 -272.372 -11.8126 0.796906
6.20247 -8.98162 -1.94242 169.354 152.688 -0.658804
6.14599 -12.8503 -8.12432 160.401 133.211 -31.0735
1.90504 4.58837 -4.85435 -261.616 -12.1338 -3.18656
2.24705 6.32926 -12.306 -228.131 21.5466 -19.8344
6.05994 -8.6171 11.3963 146.62 129.883 18.8074
1.77798 13.2805 2.32206 -279.688 -129.773 -38.7811
2.24833 1.55281 -0.353664 -234.695 -129.35 2.24187
5.20388 -9.67472 5.0279 58.6549 278.431 9.81097
2.40884 0.312492 -3.92936 -220.849 130.687 -11.9386
2.11803 1.1921 6.13267 -252.272 48.3421 7.66698
2.28345 3.03689 -1.61433 -238.446 77.9966 11.8302
5.81444 -9.41659 -9.82177 110.674 164.225 -6.72208
2.84199 13.9713 18.9746 -186.621 121.376 24.928
2.14241 3.86783 -1.75729 -258.758 19.4979 -4.40176
2.47345 9.54281 -0.987485 -227.137 26.2771 -3.04683
2.10279 4.37374 -2.63447 -266.794 -12.8438 0.188066
6.36051 -6.96174 -6.15225 154.359 157.297 -3.31565
3.95867 -4.41167 8.9835 -85.2791 173.804 72.3646
2.2608 0.625005 0.544345 -254.283 78.9141 10.8031
6.4197 -7.87794 4.65196 158.29 160.383 12.8588
1.98084 6.28827 1.90191 -283.842 -11.2129 7.17048
2.79044 -1.19663 5.93762 -204.201 55.4713 30.4922
2.74427 6.44907 4.79087 -210.579 116.88 -8.6933
4.03233 -0.0795227 -4.9707 -85.6729 219.714 -6.01912
3.4303 -0.599772 1.37975 -151.947 260.505 8.66483
2.89053 7.81743 12.5368 -206.406 50.0113 17.4128
5.8939 -4.43343 15.0168 90.9918 163.517 16.3628
2.18719 0.527257 4.59826 -279.191 39.8628 9.90939
6.36755 -8.56379 -3.15529 134.313 203.529 4.72185
3.33812 0.774822 -6.22184 -166.969 174.68 -13.1749
3.51726 10.078 -0.586047 -154.359 229.202 -3.88612
4.88294 -1.75027 3.11652 -18.9727 290.002 22.0862
5.96631 -3.86108 2.61184 87.248 245.056 14.6175
2.63641 2.46945 -4.9785 -244.396 68.273 -21.1704
5.76338 6.10876 -2.50806 65.7373 249.926 -5.87691
4.96576 -1.34911 3.8215 -14.4859 241.884 20.224
3.89375 -0.209308 0.949995 -121.012 238.59 23.3827
2.57436 2.3496 3.38685 -253.449 72.4898 31.3528
6.91471 -9.08876 -1.29567 175.504 157.809 0.370852
2.95077 0.983882 0.80743 -218.599 149.026 6.56853
2.66449 2.39714 5.03742 -247.473 99.206 -19.5339
2.41882 3.84733 2.46943 -272.43 23.7384 2.72062
2.28079 0.43029 -1.64154 -287.207 -18.577 -34.503
2.8068 7.36129 3.126 -237.385 44.3388 7.27885
6.3293 -17.6731 -7.08451 111.892 187.313 -3.03757
2.83829 6.22737 0.781874 -235.915 53.0204 -0.181787
5.45637 -1.72061 6.34282 22.2442 243.828 3.82892
2.48344 7.95569 1.51532 -276.14 30.0789 1.29289
3.21015 1.04376 5.66715 -205.423 159.79 29.1772
2.89503 10.4818 3.08448 -239.896 49.3314 7.24619
2.7157 3.85709 -6.35022 -257.862 53.4747 -10.8788
6.17365 -4.37303 0.0185513 84.2225 245.884 -9.93243
3.19291 0.403326 0.247556 -215.829 192.715 -1.7332
2.82389 0.749885 0.528066 -253.266 139.739 -0.830122
7.19563 -10.8476 -0.98122 180.323 142.448 -9.39514
3.92678 15.4553 9.29713 -144.985 50.4168 12.9435
6.08801 -3.53376 -3.54712 69.3719 249.853 -7.8693
3.40899 5.03969 3.42855 -199.526 -13.6658 -92.0269
2.85531 5.72687 6.9504 -255.049 55.772 8.85789
7.27897 -11.3958 -5.9992 181.585 123.113 0.408446
4.4566 0.482449 8.39264 -101.245 211.105 10.2514
4.13779 -1.55097 -6.7659 -135.023 173.456 100.05
3.1734 8.2769 -3.17343 -232.993 -4.13069 -5.02092
3.23099 11.39 5.09547 -227.934 49.0917 10.1026
6.53468 2.55574 -3.87532 98.9796 398.863 -140.225
3.13842 -1.91547 -0.0875936 -241.932 -22.858 -39.616
6.94488 -5.16024 -0.757424 131.729 243.458 -9.83939
3.97664 -2.31092 -4.29893 -164.132 213.426 -40.9085
5.48089 -1.4231 4.31843 -15.0217 256.281 21.8267
3.22983 2.07646 4.60925 -239.674 125.752 -3.64586
6.46511 -3.71538 -1.09269 76.7774 278.525 -4.52594
3.45396 8.90138 5.90104 -225.029 55.1668 7.46461
3.67636 2.45011 -0.952567 -203.993 132.022 53.5693
3.22141 1.93306 5.13915 -249.611 122.508 10.5472
3.03515 2.8774 5.40288 -271.855 76.1768 -7.33449
3.32677 11.6633 0.602196 -243.304 56.5877 -3.9804
7.62001 -6.48107 6.22071 182.498 160.828 81.7789
3.00257 4.53386 -1.81177 -277.429 58.1237 -4.26087
5.12626 -0.31926 6.8011 -68.3196 233.66 4.41114
4.5806 -0.0682919 -3.03505 -123.295 169.792 130.587
3.74404 7.55495 6.72435 -206.435 66.3632 -1.80064
5.3286 -1.10023 -3.0523 -51.0903 285.966 0.687293
4.9571 -0.709199 -3.27749 -88.6021 282.275 -12.8707
3.22373 3.97792 4.42742 -264.033 75.8459 -8.36206
4.40008 -1.51339 5.53476 -150.169 168.033 28.9256
6.97729 -4.85071 -10.0532 103.712 185.88 -21.6087
3.36715 9.54801 -5.22604 -256.544 50.3472 -4.88677
3.86472 -3.94632 4.26897 -207.699 -53.3264 -26.7343
3.94278 2.69183 1.15664 -200.644 144.266 -9.82366
3.66786 7.09175 0.725971 -228.062 -13.6476 46.4326
6.73852 0.317064 -1.06201 75.0458 228.286 -4.85169
3.41088 1.45736 1.58379 -256.482 143.809 3.95312
3.45436 2.4238 -0.0876058 -252.935 124.961 2.83923
4.09366 10.2026 -3.78356 -191.491 -109.168 -34.6709
3.78802 7.58242 -3.37822 -222.007 67.9844 -4.2163
3.65273 3.65787 3.29849 -235.787 110.096 3.58882
6.52689 -3.11317 4.27178 48.6829 245.194 -0.505222
3.65936 4.35789 1.46156 -236.456 93.7976 10.5669
3.54949 4.10984 1.61105 -253.399 98.9042 -13.186
6.32924 2.48991 -3.48792 21.1839 283.524 -14.0552
4.2104 8.13874 -9.45428 -190.233 61.0449 -13.3344
3.64919 4.42271 1.87992 -247.375 23.6564 16.5827
5.56766 12.3452 3.04401 -58.8137 59.0105 -22.2619
3.52144 2.34631 -1.33982 -268.375 78.8396 -55.2047
3.42674 2.75042 1.20689 -278.739 106.556 11.6456
4.92036 1.9554 14.3464 -132.09 170.766 30.9986
6.42073 -2.09437 3.06626 16.5991 263.279 0.0181141
3.66928 3.40097 1.97945 -257.035 183.852 -2.28418
6.51216 -5.88399 -1.41103 25.31 262.955 -8.24821
7.16727 -3.66148 6.05086 89.0107 250.314 20.6845
4.50569 0.824213 6.07015 -178.852 220.163 25.6091
3.95695 7.075 3.92712 -233.963 83.0885 15.1282
3.87117 4.82986 2.47171 -243.697 102.993 -0.723623
6.36304 -1.71909 -2.83246 0.481129 264.362 -0.148759
4.09579 10.328 -4.03084 -227.236 76.0234 -18.9325
3.90565 2.19739 -0.185281 -247.744 150.376 -7.17984
6.65724 -3.99935 13.184 24.0907 304.151 -162.678
6.98233 -2.65578 -6.60313 51.329 220.532 -5.62856
4.54733 1.646 -6.0253 -192.535 194.852 8.72055
7.82259 -6.13906 1.27519 131.515 199.374 11.3609
4.80961 0.668445 -0.494415 -172.122 237.374 -26.4922
4.40392 1.84282 -5.75021 -212.806 193.78 -10.615
3.09615 7.01184 0.961819 -344.066 63.1633 -103.717
4.94295 1.2834 -8.42197 -160.917 209.355 -22.2044
7.11989 -3.25818 -4.41362 53.2188 268.399 -14.0251
4.24017 9.28806 -3.00369 -234.206 73.7215 -3.61612
3.91033 3.20765 2.36276 -267.693 -14.9948 36.2961
8.17975 -2.1489 11.7953 155.197 156.685 9.80694
5.31857 2.01084 2.30713 -129.987 241.681 15.7582
7.03685 5.99455 -2.01078 40.4728 -35.6755 -91.3605
6.80848 -1.86855 7.46506 16.9859 256.535 6.66097
7.53945 -5.13251 -12.3415 88.5247 152.333 -23.8517
4.28463 9.55753 0.358537 -237.622 100.844 -1.71186
4.65041 4.84516 -9.14497 -205.213 127.878 -17.1199
4.45661 3.49185 3.92364 -228.353 141.517 -0.581279
4.37689 2.76081 8.06507 -238.928 77.9828 9.08969
5.02665 5.55785 9.92101 -174.983 112.05 11.6491
4.89075 3.51065 -3.59362 -189.171 153.088 14.0853
4.28523 3.8005 -0.189316 -251.958 131.17 49.1858
4.23606 5.57838 -3.277 -257.738 109.705 -9.50436
4.67486 5.27284 -8.48937 -216.268 111.999 -7.69948
6.48193 -0.154423 -10.8803 -36.7668 215.171 -21.6374
4.62796 2.97075 8.53971 -221.737 155.694 18.1694
4.81241 4.99683 5.53496 -203.862 121.684 9.50181
3.58791 5.70873 -2.55767 -326.964 -166.886 -64.3182
4.18421 12.4435 -7.71291 -268.289 -33.6549 21.0438
5.03655 2.25451 -6.95577 -184.128 196.735 -14.7152
4.69682 9.87918 -5.92639 -218.681 82.9526 -0.0328848
5.21271 2.68045 0.576001 -168.238 181.592 -3.18805
8.25818 -7.08598 2.54 133.737 218.227 25.5477
5.8912 2.37512 -10.1952 -102.027 256.765 -100.346
4.46398 6.32613 -2.70045 -245.37 88.7363 5.46808
6.05914 0.95361 -5.21934 -92.9813 222.61 -0.702816
8.34734 -2.4807 -0.979424 132.915 239.724 -3.227
7.99837 -4.82431 -6.9846 94.3395 213.977 -27.2335
7.33565 -2.00239 -2.88265 20.1321 229.53 -13.2289
7.71403 -0.0607512 4.98106 57.0559 465.525 -57.4591
4.99773 8.16083 3.81387 -213.948 97.1448 1.76056
6.38708 -0.230074 0.658289 -80.9111 278.389 -5.77807
8.79187 -9.10073 3.10467 155.778 151.597 10.3229
5.58353 8.16292 -10.0501 -163.268 105.013 -13.8497
4.7417 2.92663 1.0601 -247.123 79.9593 -33.0188
5.15965 8.73579 -5.43887 -206.896 95.3803 -11.8395
5.14432 8.89342 -10.015 -210.695 92.0163 -7.26872
5.76787 2.68999 8.71428 -150.224 191.356 27.1347
7.31083 -1.8384 6.29969 1.52665 274.912 13.5552
5.26862 7.70213 -2.05295 -201.583 102.289 -4.17456
5.61515 2.1658 -2.43613 -174.559 223.466 9.14865
5.42903 6.28704 6.07866 -194.157 118.837 10.2541
7.12693 -0.947522 -0.58895 -26.536 249.759 -12.9903
5.04005 6.56926 -1.03302 -234.96 122.899 3.77801
5.054 11.4096 1.06329 -236.407 213.018 -0.522547
8.6521 -6.30001 -5.15307 119.587 176.26 0.789951
5.09318 4.9614 -6.1094 -235.171 138.814 -7.56978
8.79292 -4.95418 -2.88779 127.524 230.614 15.8045
5.24974 6.81902 2.73255 -231.284 114.31 10.6563
9.42765 3.1826 0.645986 183.302 176.746 4.32954
9.2252 -5.36087 -5.66658 156.475 136.158 -12.6092
7.4525 -4.22233 1.22887 -19.9773 251.848 5.16426
8.92083 -9.09056 6.7015 122.832 -44.7088 39.5703
9.58483 1.53924 -8.92379 183.92 255.057 -34.2594
5.39875 -1.45656 0.149472 -235.924 -21.4719 5.9412
8.31063 -2.54671 -3.89064 48.3064 226.683 -12.0786
7.15884 14.2353 9.42795 -66.4215 320.113 55.4043
6.25741 8.50544 11.2697 -158.69 240.165 -3.1225
7.25623 0.487012 -1.41929 -61.761 224.508 -7.20776
5.57681 8.48008 -3.13215 -240.964 113.794 -11.6985
6.03202 5.24766 5.48252 -198.78 145.255 13.1334
6.73981 5.29603 -13.8477 -129.764 133.42 -35.8916
6.84859 5.89244 13.3598 -119.842 121.968 18.572
9.69981 -10.8708 -1.49068 163.136 147.67 -7.70272
7.41538 0.140411 -3.17295 -74.9245 265.178 -11.1256
7.31325 2.50962 -13.0427 -101.222 190.264 -14.6161
6.89402 -2.73907 -4.31339 -143.266 105.977 84.9023
6.49047 5.65568 1.31559 -184.201 163.97 6.29839
6.24132 7.72243 6.3306 -211.882 131.217 10.7438
8.23346 -0.346351 2.40382 -15.2924 227.261 7.32582
8.43697 -5.7621 -3.98927 4.62608 227.741 -2.17757
8.96461 -0.431847 0.0662957 51.1533 240.134 -7.0349
8.73083 -4.81679 -4.67398 26.1113 199.492 -82.9558
6.69039 5.44831 1.58082 -179.323 162.682 -3.15835
7.96301 4.55475 4.61685 -55.8104 221.72 -48.956
8.81101 -5.65807 -2.31565 27.6296 259.262 -11.4344
7.10796 14.6361 0.357661 -148.611 82.8465 -2.2698
6.59458 4.85847 0.640571 -205.802 115.47 -9.10519
6.92693 3.60626 2.38203 -178.737 210.87 22.1495
9.42768 -3.91215 3.38699 66.7163 217.133 2.74159
8.25971 1.28901 7.52072 -60.3726 225.706 5.36373
6.69799 7.1204 -0.75508 -216.197 141.772 -7.2783
7.82656 2.59879 -2.57264 -108.215 203.304 1.23572
6.94072 7.24287 -6.49621 -200.383 150.703 -12.8934
7.06636 6.8344 -5.82251 -188.01 144.973 -19.7252
7.23405 11.7128 -1.19427 -174.603 265.611 -12.0398
7.03584 8.5127 0.096437 -196.661 124.783 1.41362
5.50867 7.60887 -3.17426 -353.319 194.408 -99.6134
7.63825 5.03012 4.43819 -144.765 170.008 7.14806
9.37122 -1.51143 6.03402 20.2751 237.839 4.86586
8.8132 -0.69112 -0.338643 -36.3515 253.143 -1.63835
7.81519 4.90255 -2.85096 -141.932 174.204 10.8945
10.4391 -2.99064 -8.99799 116.28 170.013 -5.15493
6.91822 16.3371 -0.294797 -234.042 172.17 -6.18332
5.21339 -2.08932 0.347052 -403.602 140.318 127.1
7.72435 -0.91084 6.41453 -158.042 -37.8069 47.9921
7.40878 20.6109 -21.5162 -191.114 116.718 -46.022
10.5378 -9.63465 -8.11237 115.172 120.431 -21.4556
8.96933 -5.74518 -6.43166 -45.7219 483.327 103.698
9.74042 10.5799 0.698937 29.2631 19.6071 -39.385
8.27259 1.30277 -3.06858 -117.323 221.268 5.16118
10.4478 -6.04797 -8.57421 95.6834 156.861 -18.4699
8.53778 3.18803 9.30724 -94.6197 183.302 18.3226
7.81008 5.82008 -3.20425 -174.813 177.567 3.6584
10.5134 -5.71222 3.6298 93.4394 217.025 -0.971741
10.0877 2.99426 7.26479 46.343 313.829 93.1561
8.82014 1.41245 0.136624 -81.1747 234.417 -8.08418
8.8 1.15313 -0.124483 -88.6844 252.469 -9.12898
8.67246 4.11032 -10.3581 -101.946 157.49 -31.8568
8.74065 2.04081 1.18111 -98.8956 245.677 9.47027
9.33724 -9.4361 -3.06879 -48.7978 120.136 -50.2722
9.49207 0.356798 3.55315 -35.0824 228.837 -0.565302
8.69954 -5.72948 5.14943 -117.03 210.712 7.87969
9.34213 1.52434 8.13813 -53.8921 202.296 6.41138
8.05796 10.498 -1.90087 -187.922 123.815 -1.5923
9.12959 2.49047 -0.468396 -81.9357 270.39 70.0738
10.8654 -7.41046 13.2222 83.933 106.922 24.9619
8.64356 5.38845 -0.242854 -138.993 190.932 9.71636
9.24218 -3.28939 -7.12981 -80.9547 222.083 -8.9587
8.52824 6.77202 9.10477 -157.311 164.081 21.1686
10.8019 -4.03857 2.04474 57.3985 202.511 20.3627
9.44227 1.89184 -6.04949 -78.2377 230.162 -17.0798
9.76233 1.14914 -6.64148 -59.8346 230.87 -15.4011
10.4518 3.579 4.47349 7.44046 244.059 10.0849
10.0396 -0.448536 10.6274 -40.4637 189.035 50.9414
10.1484 -15.0808 -7.45653 -43.4157 457.585 28.2443
11.7947 -12.697 6.30982 114.768 89.8906 -11.9466
9.05475 1.4865 -0.951084 -157.532 208.157 9.74152
9.51871 11.6908 -2.65127 -114.222 229.33 0.641608
11.6354 -5.15665 2.01295 86.1743 228.215 -5.52565
11.1888 -2.03164 -9.89646 24.9939 208.09 -22.8049
10.6276 -2.96586 2.78401 -31.6591 175.69 97.3293
10.2425 1.78417 2.79812 -75.5043 226.19 -3.82461
10.3872 -0.21946 -13.9489 -81.1602 236.678 -23.0798
9.78766 -1.53813 0.78246 -152.293 201.159 14.6681
10.7279 1.70594 -1.26032 -64.141 249.391 -7.85075
12.2851 3.13349 -0.172567 84.5547 125.383 -14.4419
10.1369 5.94109 -1.56333 -132.091 185.994 7.94746
11.7292 -1.76329 9.058 24.9454 187.14 6.12293
11.3019 1.28097 -5.81571 -25.6588 198.903 -13.6575
11.1397 1.82884 -2.32883 -49.7369 207.036 -8.40437
12.351 -3.01947 3.85802 48.2177 213.977 7.97663
11.1049 2.49786 2.81671 -83.5862 243.685 5.65189
11.9587 -1.11648 0.333135 -7.3686 232.429 -0.296882
10.7025 9.99007 7.60529 -132.452 144.005 9.86476
10.6094 6.10423 -11.0899 -149.055 207.705 -5.69747
11.2179 0.273489 -4.90035 -89.5673 133.478 -85.0316
12.7332 2.62707 0.445011 60.1055 289.308 -68.1156
12.0634 0.348861 -8.50436 -6.88315 205.678 -9.22226
11.1438 5.90224 4.74422 -112.163 178.452 -11.4578
11.6157 4.19333 -8.41939 -65.7653 186.247 -6.75739
13.3975 -7.2778 -3.15718 104.614 184.563 -15.8093
11.2179 6.9962 -5.97191 -119.856 174.753 0.668535
11.0588 8.23237 2.29086 -136.404 171.331 3.95205
12.2185 3.5085 6.43681 -41.6133 188.751 5.90822
12.526 5.27851 3.82389 -80.3372 243.754 6.49436
13.236 1.67224 1.23991 -23.676 203.595 -3.30052
13.3282 6.03515 -6.67959 -21.3476 143.585 43.2542
14.5865 -18.1177 0.0550916 80.5965 216.98 -4.7767
14.548 -9.53579 -6.42463 48.1846 194.489 -4.66355
15.4385 -15.1475 -1.3617 33.9087 -11.0419 -1.86633
17.8975 2.63228 -2.78646 41.6505 100.133 -23.6254
18.1717 -12.7954 -8.44632 39.7555 218.791 -4.37491
nan nan nan nan nan nan
13.5583 -4.42876 -4.7648 55.4299 186.952 -3.47664
17.2238 -0.40948 10.697 30.8503 91.8426 13.7692
