-17.2801 9.20049 -3.4531 -11.7008 -119.251 6.44558
-15.0076 -1.07747 4.09371 69.0982 -275.748 -12.3897
-14.2744 -1.05208 0.401443 123.274 -281.591 64.4686
-14.6849 -2.43085 9.82756 41.2448 -167.463 -21.2819
-13.973 -2.71141 5.27924 27.6225 -197.674 -17.6292
-13.0191 -16.2456 4.18349 72.1542 6.88097 -5.57624
-13.2297 -1.26887 3.0708 8.48727 -218.954 -13.6238
-14.2262 1.16583 -3.88704 -91.9681 -196.509 18.8118
-12.8802 -8.80623 0.868111 34.437 -237.836 -28.2012
-12.9961 -1.17039 -7.08668 18.4026 -212.385 24.4033
-12.6032 2.5242 0.24905 37.8274 -251.236 6.8447
-12.0105 -6.17012 -4.89683 93.9098 -192.026 12.3411
-12.1043 -5.04103 -1.9052 77.1566 -194.296 14.0267
-12.798 -11.5265 6.63264 -6.28126 -327.795 69.9009
-12.3433 -2.61364 6.27702 22.9218 -231.208 -20.8271
-13.0549 6.85041 11.5975 -54.5374 -136.563 -34.0507
-12.2631 -2.10003 -3.02595 22.8912 -226.365 1.23491
-11.3394 -7.62194 -1.88625 107.757 -188.404 4.70454
-12.0644 -1.88658 7.82922 23.5072 -184.957 -23.2614
-13.0197 3.99635 0.630989 -84.4833 -220.898 -0.301056
-11.6482 -4.08025 4.60408 49.1393 -232.055 -2.11885
-12.8396 3.50013 -4.6671 -74.6526 -200.895 12.0709
-11.032 -5.27475 6.014 81.5468 -193.805 -22.5209
-12.2686 3.85502 -10.0713 -57.8868 -168.467 24.6119
-10.4063 -7.65772 -2.04783 123.951 -207.562 -7.23521
-11.3433 -7.00359 -2.72514 30.3972 32.2946 -100.011
-11.8405 0.575077 -10.4731 -22.2841 -202.262 20.9571
-11.2634 -0.0980972 -5.58286 23.3598 -495.273 117.888
-10.8701 -3.26619 12.4825 42.2463 -177.633 -22.7072
-11.4047 -0.229513 0.919291 -26.4691 -233.912 -11.1607
-9.76271 -8.39223 -4.33304 129.8 -156.884 11.6921
-10.4662 -4.34259 9.47309 56.7957 -200.019 -34.9265
-11.651 1.86177 -1.99939 -63.2785 -223.526 3.89934
-9.45535 -9.07663 -0.1542 152.17 -152.891 -10.1284
-9.22666 -14.5971 -16.4657 131.688 -218.647 8.36554
-9.0719 -7.77756 1.36597 128.918 -189.849 0.646405
-11.4721 4.11243 5.44689 -109.506 -202.181 -6.56639
-9.33543 -5.24712 5.0651 82.2185 -238.722 -6.85476
-10.9294 6.72181 12.9016 -81.4121 -130.684 -34.0439
-8.74402 -3.75046 -22.7267 125.402 -189.935 190.41
-10.2138 -0.329746 2.11892 -30.7821 -218.82 -9.04324
-10.5528 0.920134 -2.9211 -64.8944 -239.537 12.3241
-9.72928 -1.38271 11.6427 3.9894 -182.013 -32.7553
-8.03789 -9.70455 2.21532 168.926 -178.37 -17.3317
-9.24348 -3.19168 10.1769 47.4799 -189.051 -13.8087
-10.9425 -7.58014 6.6673 -130.517 -484.765 182.097
-10.3153 2.69838 -4.97663 -71.1908 -202.06 -2.64006
-9.82531 -1.68889 -7.66336 -26.017 -11.4353 116.585
-9.9972 6.18643 -8.16979 -48.3614 -232.295 12.0216
-9.37038 -2.24106 0.0915139 6.72859 -265.131 9.47939
-9.22807 -1.53634 -2.34901 -1.67914 -225.591 -1.06889
-10.2017 7.82837 4.85617 -124.988 -153.812 -12.1946
-9.84555 -9.52995 7.808 -90.2553 -378.26 65.1742
-7.86182 -17.2121 0.642264 105.91 -178.526 0.908672
-7.21851 -10.5882 5.20089 167.113 -121.908 0.508684
-9.52603 -16.5849 9.55832 -69.9307 -451.917 6.77685
-10.097 8.53702 -2.74243 -130.494 -160.26 5.67407
-7.79978 -5.50963 -11.7282 97.0803 -185.396 25.8422
-10.2758 6.55482 -6.85771 -151.874 -175.397 15.2551
-9.25498 -7.44766 -11.2395 -53.202 -233.945 18.2499
-6.93004 -10.3548 7.36448 177.05 -132.109 -51.5572
-9.28573 1.90292 -8.27034 -69.7317 -192.226 5.7011
-7.51823 4.27967 12.3767 104.486 -235.646 -29.1985
-9.89833 4.51586 0.924454 -134.761 -194.719 13.0522
-8.98803 -2.19152 -3.90913 -49.8981 -219.405 8.88472
-6.64931 -10.2757 7.5359 181.17 -137.707 -3.68193
-8.0989 4.88878 -2.70263 22.028 -239.213 -10.1464
-9.2852 1.42372 -3.7895 -96.1193 -245.179 -8.82014
-6.95671 -7.23974 -1.70619 127.929 -218.286 2.68213
-7.94501 -3.31626 3.64049 26.5262 -254.964 -15.8123
-8.0885 -3.10525 0.210558 11.6415 -278.689 -7.77854
-9.58486 7.1975 -5.79808 -141.103 -165.647 12.8226
-6.53664 -7.81696 -3.19042 159.908 -205.617 16.0466
-9.25964 -6.70721 -3.02232 -113.82 -295.961 -39.1294
-9.10192 7.2683 -1.37581 -103.157 -209.4 12.6319
-9.67793 5.36066 2.61286 -166.274 -184.388 -7.11511
-7.40957 -4.08072 -4.52111 56.3115 -226.965 11.5035
-6.16995 -9.61118 2.18549 174.153 -171.689 -5.461
-8.56064 11.6256 -3.54579 -73.8234 -114.083 -76.756
-7.34175 -3.71008 -0.347916 39.2682 -235.935 9.63605
-8.57007 -0.0491857 -2.13017 -85.7373 -255.751 4.07169
-7.18076 -3.27138 8.14749 44.9595 -206.734 -8.10553
-8.27297 -3.80624 1.03336 -70.9278 -349.434 146.136
-9.00677 3.03187 6.3227 -148.411 -214.759 -19.2119
-8.4068 0.762983 4.86531 -115.247 -249.833 -10.0685
-7.86375 -1.09365 1.83894 -63.5312 -256.494 -4.00071
-7.85698 0.0596579 3.43319 -69.5942 -233.149 -2.74091
-8.41408 12.9057 -8.28957 -128.315 -94.3529 18.5799
-6.52849 -3.96017 -8.08248 57.7273 -248.5 19.9677
-7.41218 1.56105 -5.97121 -36.5121 -136.691 -130.816
-8.50661 2.76128 1.5587 -152.045 -225.276 8.95372
-8.24321 5.0166 -9.12668 -131.159 -148.607 20.7284
-5.05617 -12.1647 -6.31695 185.37 -87.172 11.6858
-6.44469 -3.70377 4.98789 47.3942 -237.583 0.982618
-4.9775 -11.5208 -1.79899 190.893 -92.5002 0.940561
-6.14126 -4.36103 -0.0116347 74.6132 -244.633 11.8222
-7.34432 -2.4347 6.76945 -45.7429 -241.825 1.94947
-8.29863 6.00652 -9.35707 -141.123 -160.108 21.2197
-8.52224 3.61178 -4.02894 -167.975 -208.384 12.8764
-7.75128 -2.90604 -2.78345 -92.9404 -292.524 -93.7033
-6.12513 -4.32063 -14.4974 67.7678 -187.802 26.1198
-8.60415 0.826529 -7.07712 -179.899 -129.654 10.735
-6.70798 -3.57977 1.49071 8.10803 -287.724 -11.0568
-7.07446 -1.71991 1.05532 -28.9563 -253.82 2.92968
-5.7487 -5.30448 -12.7661 102.221 -188.693 19.3121
-7.25845 6.97085 -6.81648 -50.6509 -215.318 24.0119
-6.45842 -3.42547 0.153873 25.5515 -260.826 2.53011
-8.79905 2.12851 -0.704516 -208.326 -163.389 -1.21349
-6.53646 -2.99333 5.90295 8.80203 -247.459 -20.3827
-8.2802 7.43901 -2.44105 -164.765 -155.496 10.2809
-6.85217 -0.710653 7.57905 -23.8682 -38.5472 -137.835
-5.4916 -5.26859 8.60003 110.045 -234.834 -19.9397
-7.00735 -1.13668 2.1754 -41.6587 -230.235 -9.42201
-4.59703 -9.35381 1.86469 197.237 -160.971 -2.3336
-5.02596 -6.67014 3.39237 153.283 -174.047 -19.4133
-5.67062 -10.3551 -2.23591 79.136 -88.9793 -120.598
-8.67869 0.248541 4.70391 -220.588 -87.8173 -41.2373
-5.56427 -4.57903 -7.83697 87.7824 -224.271 19.3769
-4.35588 -14.244 4.37585 206.792 -64.548 -10.0584
-5.03324 -7.01477 1.80154 138.565 -206.54 6.67422
-8.01594 7.18457 4.31327 -159.368 -148.161 0.359254
-6.32773 -2.82147 5.78823 7.95022 -261.772 -20.4667
-4.68844 -8.53334 -0.585044 169.333 -140.019 35.0667
-7.94143 6.94037 8.92876 -158.396 -137.782 -59.5529
-6.44527 -1.36521 7.15799 -10.3552 -246.747 -24.0628
-4.10575 -11.7138 -5.8434 217.529 -93.4185 18.4062
-7.49604 1.96363 -3.66021 -119.834 -198.537 14.8591
-7.03048 -0.0877668 3.62021 -77.7032 -227.494 -9.367
-5.72852 -3.58955 5.71652 51.1406 -220.744 -12.6339
-7.52019 1.73994 7.94268 -132.2 -215.789 -30.549
-4.33947 -8.43938 -2.78142 181.83 -152.904 16.0195
-5.67707 -3.6042 8.44952 46.8451 -210.444 -33.037
-7.7248 3.09065 0.0956439 -158.323 -192.018 -2.96238
-7.08921 -0.238908 -5.67911 -97.4495 -252.108 -93.6841
-7.46708 6.86241 -10.735 -135.735 -129.051 34.3288
-3.87751 -11.2735 -0.978081 220.001 -132.92 24.0358
-4.5488 -6.94612 -1.2708 152.854 -233.864 15.2392
-7.79161 6.24312 -6.8977 -173.05 -142.518 60.9218
-4.30664 -6.97296 -0.399654 171.37 -199.87 -12.0803
-5.92867 -2.89535 10.3713 7.45014 -244.62 -30.8279
-5.90613 -2.75593 -8.92513 7.8604 -227.001 15.0754
-7.70725 2.87275 2.30557 -172.448 -209.358 -1.996
-5.7326 -3.27617 1.94736 23.41 -249.942 -1.8146
-6.24532 13.7981 -2.16226 -27.9524 -13.8732 -13.3253
-6.86181 -4.82554 -1.20105 -92.6613 -285.671 -14.652
-6.43408 -2.9558 4.08375 -50.8603 -213.545 -57.1862
-7.53755 5.42448 -2.47555 -164.272 -154.439 7.53069
-6.82708 8.44392 4.76954 -97.5984 -194.405 13.1824
-6.77487 0.355266 -2.86157 -92.4249 -222.973 -9.56073
-7.28377 13.4858 -7.04487 -155.039 -97.09 16.045
-7.58486 -8.38855 -10.5802 -186.203 -279.428 -52.8059
-7.37607 6.14367 -11.2657 -166.949 -143.236 -7.18301
-7.50961 13.4869 -4.39614 -186.595 -152.967 32.9132
-4.85203 2.68166 2.38392 70.8636 -78.3143 -156.809
-3.77489 5.09795 -3.47036 176.296 -77.1144 -54.2128
-7.20325 4.22129 -5.31745 -166.409 -176.532 11.5905
-4.10623 -5.73074 -3.72437 140.508 -222.449 -6.35322
-4.6651 -7.80694 2.85159 80.7265 -203.718 -27.9539
-6.03053 -1.08638 6.73475 -59.2909 -229.355 -16.01
-7.19094 2.90201 3.98952 -178.516 -184.397 -10.3898
-3.59335 -6.3289 4.61145 176.487 -210.505 -24.4309
-3.74663 -5.24499 5.76057 157.724 -181.016 -46.36
-6.69328 1.01424 5.62594 -140.47 -223.008 -25.5923
-5.50284 -2.05037 -6.64711 -24.3948 -236.176 0.845672
-3.20461 -1.7794 11.1296 200.986 -103.917 -20.4789
-6.76944 2.73559 -5.97625 -156.125 -186.526 11.4065
-5.50772 -2.48648 -4.86133 -31.8624 -283.402 -6.32503
-7.08163 3.28157 1.94045 -193.55 -194.539 -0.607185
-6.62717 2.46765 3.26078 -148.974 -178.061 -10.2315
-4.00579 -5.00342 0.959943 107.456 -237.777 -1.94361
-3.03435 -14.8402 -1.07715 198.995 -37.8977 12.2652
-3.23537 -14.5968 2.58447 178.524 -20.1026 3.70791
-3.64262 -5.32777 -4.76337 132.082 -191.711 12.9381
-3.69818 -5.25311 2.64936 125.04 -197.412 -19.687
-2.94551 -14.1171 8.50249 199.799 -36.6523 -6.06839
-3.02564 -10.2839 5.30374 191.056 -82.8555 -8.38107
-3.53883 -5.62174 3.64198 138.113 -237.944 -3.91544
-5.8598 -1.54809 -6.31773 -98.4832 -201.745 16.3237
-3.08347 -6.5242 -3.66298 175.585 -171.068 14.3911
-6.56408 3.99613 1.74577 -171.112 -154.615 -2.36843
-3.4916 -8.24304 -16.0454 131.571 -62.9465 35.5191
-5.55486 -1.34635 6.73079 -74.0365 -264.304 -25.3786
-6.78072 6.04066 -0.75194 -195.831 -131.771 5.98749
-6.60303 7.24873 -3.46813 -182.605 -127.044 12.1127
-3.34414 -5.51041 6.4494 140.678 -226.511 -30.5406
-6.93543 5.66576 -1.65066 -219.78 -164.89 -3.46522
-6.60899 9.02866 -4.89367 -192.38 -111.048 10.2015
-3.17343 -5.18165 4.69903 147.972 -241.163 -27.3079
-6.70265 7.00181 6.60959 -204.973 -111.808 -16.9714
-6.24501 4.01105 -11.3367 -159.775 -152.66 23.3074
-2.81558 -5.96172 -0.713876 180.075 -218.64 -12.327
-6.58324 10.6162 1.90266 -197.271 -105.729 -5.15608
-2.66692 -6.99074 5.43317 191.611 -153.618 -20.2862
-4.37536 -3.45142 -6.15192 21.2511 -276.509 17.5502
-6.6408 7.58791 -4.89591 -204.058 -112.73 10.1319
-5.98818 1.61261 -11.8709 -139.292 -168.218 22.7184
-3.29156 -4.93426 -6.25587 122.142 -194.663 1.51005
-6.41295 5.60026 -6.011 -192.665 -146.542 7.6865
-6.72179 -0.840097 3.88933 -224.494 27.4161 -47.4111
-6.50242 8.42633 0.86473 -203.257 -102.77 -2.73004
-2.83881 -6.12826 9.65049 159.343 -173.559 -21.8204
-2.90765 -13.7877 -4.49291 150.394 -171.421 -3.279
-5.94858 16.136 -1.26757 -155.186 -82.0038 4.04256
-4.55965 -2.86038 -4.72323 -18.971 -284.123 2.74714
-4.67281 -2.93667 2.46573 -35.2707 -255.525 -0.207456
-6.10354 1.17238 -2.38581 -183.517 -213.104 9.18402
-1.90646 -9.87049 1.12309 232.408 -90.5129 -2.35835
-1.94203 -7.96657 5.40865 228.632 -130.842 -16.8599
-2.18048 -8.25759 6.53258 202.921 -112.615 -19.0236
-2.1267 -7.63815 -5.20851 204.569 -115.259 8.5952
-5.68627 10.4829 11.6152 -149.307 -94.9373 -28.3906
-1.92259 -15.581 10.4231 221.395 -42.8738 -14.1682
-6.2222 6.18335 5.52785 -209.683 -71.4803 -17.5861
-4.70055 -9.6421 8.93929 -61.242 -119.321 -98.2635
-2.14328 -7.34246 4.62841 192.55 -120.425 -11.1549
-2.24796 -6.57634 -8.22012 180.89 -145.66 12.2621
-6.4515 7.36236 -0.849126 -238.409 -113.555 1.1951
-3.36768 -3.64985 -7.77826 64.1569 -229.678 29.3439
-2.97101 -4.43521 -2.56797 99.2721 -222.111 3.96226
-2.71132 -4.76437 -12.0395 125.009 -197.602 38.5744
-1.63241 -7.74642 -3.28826 231.862 -147.514 46.9351
-6.10145 6.92412 -0.362654 -213.135 -114.537 -0.594028
-4.99365 -1.36769 1.94868 -105.095 -261.934 -11.233
-1.56227 -9.37021 -0.699541 234.718 -107.967 10.8802
-3.95458 -2.56838 1.59345 -5.41439 -253.576 5.55554
-4.49162 -2.29596 2.48315 -59.2845 -274.362 -11.0116
-5.97766 2.25532 1.31078 -207.288 -197.579 1.42644
-3.40167 -2.59327 -0.68568 46.5457 -212.643 96.5095
-1.7088 -8.29778 -6.33794 213.798 -102.578 19.6137
-2.63594 -2.60625 2.41851 114.262 -172.541 93.5859
-2.33657 -4.94667 3.20629 143.092 -215.906 -5.63513
-5.0356 0.158883 1.47053 -132.95 -204.861 -14.9033
-6.02116 13.8083 -1.39164 -232.155 -51.1682 8.11014
-1.53808 -9.65841 -3.52338 212.856 -83.7868 18.3039
-5.77557 3.91402 5.28305 -209.27 -152.266 -19.3825
-5.94438 5.52477 -7.47343 -226.05 -116.658 16.0727
-1.40898 -7.19192 1.73106 223.847 -153.157 -8.63365
-4.97823 -0.0859557 1.809 -132.575 -203.29 2.31913
-4.63161 -0.226189 7.6624 -98.8023 -203.788 -21.5776
-1.71014 -17.5712 11.3116 191.12 -236.005 49.4764
-0.955818 -7.74981 -0.950841 265.828 -83.6036 16.1795
-2.83639 -4.0444 0.126439 74.9362 -281.563 -4.09486
-5.39108 0.452305 -1.81705 -182.673 -205.537 1.24984
-3.4793 -2.99778 4.14015 5.76319 -256.497 -4.12644
-1.48304 -6.27092 7.84058 201.872 -158.054 -26.4135
-1.70976 -5.22873 -3.64974 179.324 -222.853 -5.56239
-4.92254 0.373373 -5.50758 -139.905 -193.487 24.0856
-1.22129 -11.2203 -5.99978 226.462 -58.4737 25.4678
-1.76739 -5.53467 9.51261 170.725 -192.08 -21.413
-5.38117 3.31583 -1.16159 -190.494 -139.246 0.688168
-2.73163 -10.9944 -17.5804 72.2157 0.914463 44.7392
-3.82889 6.51892 9.39283 -40.0861 -161.181 74.4022
-6.21829 -2.12795 1.63232 -278.253 -227.324 105.927
-5.40762 2.07786 -1.56198 -199.461 -170.04 5.66104
-3.74658 -2.44928 2.12406 -35.8235 -246.617 0.297525
-3.7654 -2.9521 0.615519 -38.0722 -295.896 -20.0587
-1.16978 -7.81511 0.763022 216.639 -106.107 2.98206
-3.3403 -3.28598 -3.08728 0.0781836 -292.968 -0.386228
-0.915988 -7.97205 -0.422638 240.355 -119.892 6.31768
-2.17463 -4.13203 5.97981 111.525 -216.15 -19.8015
-5.32373 4.01276 1.63666 -201.891 -128.454 0.414449
-1.61286 -5.42733 -0.0196802 166.461 -185.243 -0.273577
-5.53008 3.8687 0.421387 -223.5 -140.377 3.7164
-5.41315 0.672282 -2.78964 -212.131 -205.881 5.42617
-4.37399 -0.724156 8.63783 -111.093 -224.374 -24.2509
-4.30114 -0.913548 1.24428 -110.762 -219.888 -1.68628
-2.2208 -2.55846 -4.20838 93.007 -217.577 10.4715
-4.72381 0.489538 10.8293 -158.65 -181.611 -22.4454
-1.35843 2.24575 3.98369 174.522 59.6312 -109.087
-5.20352 2.50375 4.40729 -207.606 -399.495 219.508
-0.671311 -9.7734 -2.98081 241.675 -23.6196 263.983
-5.30851 10.2693 0.603844 -221.236 -84.973 0.0385298
-1.08408 2.16128 0.0560668 197.018 -55.6421 77.5254
-3.72378 -1.73207 -2.83291 -66.3985 -233.12 6.51936
-0.730928 -4.75622 -0.247479 228.512 -78.4643 7.45657
-2.10499 -4.70067 -5.83259 90.7093 -282.056 -71.1918
-2.07239 -0.938739 -10.5804 92.4915 -253.471 31.9348
-0.249003 -4.57488 -6.55834 272.52 -31.0321 -40.5568
-2.54501 -11.4227 0.526573 40.4535 -291.646 0.241884
-0.861608 -6.64597 7.13175 206.738 -103.52 -12.2219
-0.606449 -10.2666 -1.97122 230.191 -107.505 10.6946
-2.27614 -3.55092 -8.6694 64.0396 -240.307 31.9237
-4.95235 12.5825 1.01578 -204.233 -272.702 63.5853
-1.00226 -16.925 -0.0450741 187.82 -2.71528 -11.1773
-3.20827 -2.3975 1.62567 -32.0073 -249.607 -19.5131
-1.12641 -5.23855 3.64856 174.696 -227.284 -10.219
-1.94289 -4.11468 1.32756 93.5768 -270.448 -2.02998
-4.258 0.526497 -14.0756 -141.627 -162.438 35.8816
-0.423169 -7.36662 -3.36472 237.313 -100.602 8.22145
-0.734664 -9.83963 -5.33535 206.087 -48.761 15.6442
-1.29825 8.84273 -5.47481 149.846 -6.85049 50.6678
-3.62804 1.37675 5.76517 -82.5125 -264.291 8.73365
-0.534328 -11.2477 -5.29881 224.115 -41.5335 2.97211
-5.01911 1.77931 1.27987 -223.263 -156.275 -5.38336
-3.15436 -2.01943 3.24512 -39.0847 -257.451 -2.21242
-4.87447 5.43765 7.16435 -211.976 -97.5848 -17.5818
-0.709067 -5.06904 -2.81217 198.804 -180.905 23.3764
-4.96109 1.63616 -2.43091 -224.234 -159.688 0.716759
-0.39108 -1.58575 3.58957 229.239 -131.375 -4.73617
-0.301554 -5.86177 2.04236 237.809 -175.029 -10.9672
-4.95154 4.11892 1.48699 -226.281 -99.9752 -4.257
-2.60723 -3.20028 -5.18386 3.53984 -274.403 18.2248
-0.0996303 -7.87887 3.48573 251.395 -99.8156 2.10516
-2.28384 -3.60613 2.69095 32.3309 -291.573 4.4951
-0.47291 -9.63737 -4.9812 212.164 -41.7223 2.72776
-4.97695 4.25098 -2.0503 -236.164 -104.059 4.04214
-1.3257 -18.5664 3.92013 120.474 33.3509 -8.14743
-4.91708 4.94842 1.49245 -239.973 -93.5344 -4.95288
-4.4248 -0.915116 -2.92389 -192.131 35.2799 -75.9918
-2.31441 -3.46482 4.29408 16.7089 -284.578 -6.964
0.155452 -9.00262 -4.02562 259.523 -70.2801 13.3964
-0.53903 -13.0835 -7.31557 188.458 -7.8127 14.484
-0.119426 -6.43089 -8.66907 229.233 -113.714 29.5658
-1.57385 -3.47046 2.53876 83.9218 -252.056 36.5894
-4.03731 0.0456945 3.34102 -161.313 -178.887 -10.5173
-4.22117 13.0401 -1.91298 -182.622 -61.898 8.21051
0.0380035 -10.1149 -6.3581 235.384 -44.0121 25.1022
-0.176827 -4.08847 -6.12291 211.035 -58.0687 -65.2059
-0.0193363 -10.3774 -9.61346 226.558 -40.8123 32.3834
-0.138327 -11.5481 3.38042 214.377 -38.9163 -28.1771
-4.81104 2.49087 6.0743 -251.217 -119.227 -15.9767
-1.41075 -3.67993 -9.6746 86.4356 -252.939 23.8086
0.00815954 -9.9576 -7.87897 227.231 -45.913 8.8612
-4.39574 5.55217 -5.93642 -212.852 -71.1241 15.3757
0.339819 -6.86077 -6.05271 255.95 -111.992 14.5776
0.170673 -5.81806 6.63394 238.471 -145.794 -20.0182
-4.23574 8.77725 -11.7398 -199.419 -57.6359 17.4784
-4.59491 9.34163 -1.79089 -235.978 -167.673 -19.2965
-3.90369 -0.852186 1.79517 -168.99 -201.036 19.8797
-0.145067 -4.78982 3.45492 202.269 -169.416 24.5131
0.110436 -6.85899 -2.65501 227.644 -234.817 154.691
-4.46126 4.99125 2.85597 -231.132 -29.7131 -4.60054
-4.23475 1.96992 11.4069 -208.856 -126.085 -22.5078
0.250186 -8.76618 3.25744 233.593 -46.8166 2.40106
-4.2247 7.83568 -7.53271 -211.145 -75.9532 19.1219
-3.14311 0.446423 -7.37903 -104.954 -208.289 18.2327
-3.46296 -1.11439 -2.06275 -138.04 -203.821 -6.69167
-4.436 2.9688 -0.00692556 -236.336 -87.2779 -37.8686
-3.67939 1.78429 -13.811 -162.139 -98.9951 35.9267
-4.10312 12.0663 -1.39347 -204.422 -43.7486 6.52937
-4.56984 8.3052 8.01179 -253.237 -83.9992 -13.0114
0.00578947 -14.026 3.88552 200.827 -8.41004 -12.0959
0.119071 -4.72842 5.51241 211.527 -159.75 -25.619
-3.96931 -1.73573 0.711689 -195.295 -222.438 -3.52688
0.188048 -12.4024 0.0207738 217.448 -15.7522 -3.24403
-4.57219 6.77518 -4.90167 -255.945 -63.0393 -1.40983
-2.73038 1.39092 -16.4262 -74.1089 -239.181 67.5735
-3.87503 12.5813 3.24912 -188.45 -43.7791 -4.65484
-4.59668 2.96913 2.20694 -260.427 -109.905 -6.05825
-3.23548 0.713943 16.4465 -126.329 -123.371 -39.4143
0.651771 -6.51284 -2.97467 258.042 -106.999 17.6656
0.492103 -5.84029 3.37532 236.112 -107.055 3.39764
-0.574358 -3.74792 5.57065 127.588 -218.819 -27.7119
0.802239 -10.1519 -2.48037 263.856 -42.0359 -0.685764
0.446069 -6.51492 -2.93959 228.397 -49.232 -33.4817
0.601016 -6.65985 -2.59965 243.669 -76.1661 17.4741
0.0744037 -14.2858 0.425945 190.392 6.8454 6.85671
-4.27795 0.799937 -7.20617 -244.283 -143.048 22.0351
-3.66155 0.198762 -9.6157 -187.972 -147.623 21.2837
-4.3129 0.758551 -1.70495 -254.397 106.547 48.2579
-4.45338 1.26561 -1.74049 -269.942 -109.233 3.49444
-3.59888 9.31067 13.7479 -187.057 -35.9302 -29.4114
-4.17209 3.21592 -2.30075 -244 -98.7133 43.8098
0.285608 -7.87873 12.8626 197.698 -38.5901 -21.7603
0.140256 -5.16823 15.1911 183.208 -81.2785 -26.9994
0.589154 -11.2657 5.4866 227.319 -75.12 3.76168
-0.583764 -3.858 -3.57597 107.98 -259.586 6.01234
-1.89171 -2.95929 7.09781 -22.4365 -256.305 -24.2981
0.882044 -5.16743 0.844822 247.41 -133.069 3.58493
-4.27341 3.121 6.25605 -264.822 -78.839 -13.0158
-3.78444 7.3492 -9.88027 -216.63 -33.4599 26.6904
-4.18511 5.91681 6.03921 -257.654 -84.2011 -14.0041
0.32085 -5.48936 -5.36253 188.226 -242.26 -95.1689
-3.98494 3.96826 3.22341 -242.207 -74.7763 -6.01925
1.14848 -6.23692 1.42657 267.258 -87.8201 10.3297
-4.13041 1.98914 -3.14965 -257.171 -70.5779 7.52248
-3.61314 -0.892326 -2.60648 -206.38 -198.215 8.5399
-4.33036 3.80968 5.36849 -282.299 -28.3917 -9.44491
-0.756518 -6.9183 3.14374 69.7978 52.3645 159.313
-3.88774 1.33405 -4.28628 -245.07 -112.91 8.47641
-1.44363 -3.19292 -0.760237 -3.774 -269.456 -5.26236
-3.9624 11.9455 0.713416 -256.263 87.3402 -34.4398
1.09745 -9.57971 -0.345157 245.4 -28.6097 -2.82352
1.30028 -7.18491 -1.15256 262.042 -59.4484 14.1171
-3.88396 2.55828 -4.5712 -254.491 -334.439 100.638
-2.30857 -2.27266 6.09108 -98.7263 -234.904 -6.22571
-3.65117 -0.518166 0.342737 -232.464 -153.503 -8.314
-3.74495 -0.378359 -0.223922 -242.255 -160.258 -7.29124
1.00257 -4.16504 3.11408 227.846 -190.741 -16.5573
-2.75921 9.4942 2.08058 -146.665 -134.609 50.0093
0.949859 -7.15566 -5.57201 219.997 -47.1674 22.6813
-3.50193 4.48053 5.2723 -225.807 199.245 -60.8556
1.47131 -7.00072 1.72593 267.163 -61.4735 7.57551
-3.43945 -0.00127162 3.79035 -220.776 -127.019 -4.37008
-3.93653 2.12474 -2.75649 -270.684 -77.8109 8.24125
-3.46279 10.8904 -1.97072 -224.534 -42.3114 8.17104
-3.49009 9.98868 -2.21888 -228.09 -40.4471 8.8104
0.83178 -13.2996 3.17543 200.61 13.4133 -5.60582
-3.12115 -1.25918 -3.05418 -197.199 -187.713 9.47875
-3.28335 0.570746 11.0866 -214.982 -97.5061 -27.5277
0.799798 -3.56953 -5.03071 188.42 -183.193 22.3482
-0.146641 9.57175 6.35022 93.5739 1.23368 -48.8397
-3.335 2.78422 -11.3497 -224.438 -47.5638 15.4477
-3.52529 1.47587 -3.22375 -243.62 -89.1673 2.73597
-3.36675 4.85152 11.908 -229.417 -46.6539 -31.4728
-3.11601 5.36698 -7.05712 -205.636 -50.6542 -98.1166
1.09022 -8.64552 9.88183 211.202 -11.9594 -21.2749
-3.51461 2.34795 8.16846 -247.027 79.0897 -51.9709
1.49396 -6.23835 -6.34258 249.948 -58.3252 25.8395
-3.30219 1.47693 -10.0058 -228.879 -83.9771 19.0026
-3.75655 6.07612 4.26857 -275.326 -34.6604 -5.74211
1.89059 -5.88051 0.588443 285.301 -69.6212 11.077
1.66734 -6.76823 -0.291766 262.811 -39.1006 -3.22425
-2.99321 14.4267 3.66365 -201.754 -48.954 -10.2284
1.71173 -4.17329 -1.22584 262.11 -145.106 8.83367
-3.21265 6.50442 -7.74737 -229.327 45.5716 36.0745
0.0743002 3.41027 3.95084 94.9731 -223.143 -2.31226
1.38592 -10.7752 -1.96863 225.24 2.04055 3.48444
1.26482 -8.0768 10.789 212.504 -8.62191 -33.5697
1.59304 -6.62445 -2.62129 242.596 -44.0225 4.42347
-0.647048 -3.08681 1.2342 19.3299 -252.378 10.8343
-3.42163 -1.58575 -3.79716 -257.529 -67.5794 16.3656
-2.54301 1.47207 -17.1402 -170.36 -49.3294 41.469
-3.28537 5.16428 -0.247947 -245.701 -30.3119 4.4285
1.77799 -6.89059 -7.20152 256.908 -37.648 13.1316
0.0791094 -8.76464 -3.8098 87.9697 -242.066 -13.7516
-3.28994 4.70298 3.52524 -247.695 -29.3993 -10.2598
-3.22733 3.95012 0.901128 -241.536 -74.4946 -2.3437
1.70104 -4.12656 -1.60757 247.869 -70.5721 18.221
-3.03103 4.634 6.35612 -222.329 -71.1595 -13.1559
-3.55871 10.3792 1.51124 -276.85 -175.447 -46.2181
1.47516 -3.76696 -5.8082 222.802 -106.339 24.4999
-3.45901 4.9296 1.90662 -269.634 -31.5353 -6.619
1.95077 -5.09443 6.73622 267.694 -66.441 -4.15284
1.34492 -3.95843 2.23763 206.73 -126.818 -30.2141
0.490941 -2.97911 -4.3735 121.129 -213.506 -3.83578
1.85945 -3.71349 -4.22864 254.91 -120.672 10.285
-3.28178 0.442323 0.843113 -257.612 -70.0481 -0.32749
1.78422 -5.03494 8.01512 241.227 -58.8439 -8.32
1.40832 -13.6502 1.15926 201.901 17.7612 3.25394
-3.22642 1.86826 3.89124 -258.481 -23.4863 -11.2033
-3.13497 3.00405 -0.152796 -250.709 0.299382 -24.9499
1.50582 -3.10354 -0.234371 209.973 -153.495 34.2978
-3.44114 5.86212 1.97226 -281.627 -34.5544 -0.249748
-3.19701 7.14268 5.94788 -257.887 -24.9656 -21.3877
0.0225544 -3.16118 9.97569 61.2944 -252.534 -11.4641
1.76076 -2.87045 -4.51263 231.791 131.888 8.82553
1.4579 -8.97856 9.10634 201.159 3.05788 -19.555
-3.0972 7.79258 -7.02106 -254.561 -134.707 30.6764
1.50535 -2.9108 -6.80854 200.649 -150.64 11.8155
2.16934 -7.30585 2.68642 265.158 -10.395 -7.68919
2.00381 -5.90851 1.6239 248.093 -38.2518 -7.53164
-3.09507 4.20287 -4.74877 -259.874 -29.0305 15.2366
1.90275 -3.13029 2.36761 233.596 -167.492 -5.89912
2.18227 -4.68941 -4.67391 257.124 30.7067 -17.5394
1.07208 -2.29004 -7.6374 146.037 -257.301 73.1325
-2.59156 10.8095 0.763186 -218.153 -41.517 1.6045
2.04476 -9.33019 0.248997 242.073 72.1209 -2.2713
-3.15408 1.26123 4.62824 -277.913 36.513 -7.77705
-3.2149 0.0651693 -2.23637 -286.009 -19.5663 -27.1322
-3.00174 3.98217 -2.541 -265.621 -28.9066 10.1209
1.7801 -10.0418 8.89571 203.374 9.09845 -14.8977
-2.65208 6.58846 5.53041 -237.44 -32.9676 -9.32803
-2.10256 1.3979 14.0037 -185.832 9.1727 -33.6305
-2.61215 2.93236 8.42174 -236.717 8.96186 -20.6621
2.53759 -5.48736 -0.0155799 274.529 -28.0416 -33.6292
-2.52303 4.92207 7.0465 -228.681 3.73718 -17.3951
-2.8119 4.10362 -1.78035 -258.009 4.23993 2.37836
-2.52391 5.43729 5.92695 -231.618 -10.6377 -5.90529
2.41964 -4.39178 -1.20959 258.201 45.3491 11.313
-2.7131 2.06333 6.06798 -251.652 42.1945 -15.7319
-2.547 6.32944 -4.174 -235.752 0.888367 9.00596
2.60528 -5.4259 -7.42147 272.226 -11.8307 20.0516
2.47491 -4.70289 1.87388 259.108 -89.5379 6.26031
1.99683 -2.70608 -5.70546 210.616 -181.206 4.81007
2.03912 -9.83152 3.56215 211.983 -68.4238 -7.73755
2.39012 -4.09529 -1.88667 244.178 -12.44 6.75262
-2.80283 4.16381 2.43647 -272.257 8.41306 -6.68886
-2.61312 2.0923 0.729553 -254.133 73.8626 8.38066
-3.49995 7.96402 -1.02752 -344.003 34.5533 -103.806
-2.81039 8.25155 1.48799 -276.084 -0.962802 -4.46822
-0.857518 -4.65525 6.93924 -82.8782 127.184 105.45
2.73751 -6.41344 -0.443613 273.218 -9.62015 3.6301
-1.80152 16.0972 1.86549 -177.674 -50.9382 -1.6338
2.49996 -7.76475 5.96353 248.994 9.22737 3.91834
1.96775 -4.99964 -13.9615 195.948 -5.95827 34.7349
-2.31159 2.85429 -7.65219 -230.76 36.3497 16.7024
0.312113 -6.39342 -1.64447 22.6557 -239.003 10.1234
-2.25567 -0.940239 -0.299303 -235.167 -130.794 3.49965
2.91048 -7.27247 -0.608536 277.976 -8.05374 4.06626
-2.2925 4.40456 -1.33606 -238.922 63.8769 17.5169
2.36617 -1.8403 8.66018 223.376 -112.238 -9.44673
-1.8957 2.30025 8.02183 -203.356 132.65 -22.1089
2.86693 -4.80681 8.08117 269.26 -13.081 -16.4804
0.13764 -5.92422 -4.25676 -2.48752 -252.801 27.2089
-2.13309 6.51969 -12.2601 -228.822 -3.06768 27.2702
2.81221 -5.67565 -4.96579 261.534 -10.3403 14.1739
2.04951 -13.7292 5.42872 183.491 34.2537 -7.14035
-1.95495 9.60781 4.87793 -215.38 -8.25463 -12.238
2.63799 -8.33425 -2.3493 239.272 2.41884 12.6911
2.81134 -4.89088 8.41911 253.101 -29.9641 -56.8265
-2.29453 3.63684 3.86268 -254.51 61.1511 17.5048
2.69885 -7.14693 0.036244 240.525 19.1325 -0.430001
-1.91074 10.4611 6.39376 -217.929 190.175 39.4033
2.25425 -12.6147 5.46074 193.078 31.7315 -6.91392
3.10593 -5.42618 0.0540966 277.332 14.977 -79.0795
3.39367 -2.09916 -1.43019 300.746 -22.351 6.22236
-2.24128 4.73418 -6.33869 -259.307 37.0976 13.4505
-1.83946 2.76708 -4.02045 -222.399 125.047 3.29347
-1.89566 9.71278 -1.01125 -228.716 -10.6227 0.782721
-2.06384 3.67306 -5.20793 -246.001 56.626 -1.66501
-2.09476 4.18674 4.497 -249.079 86.7761 -37.8722
2.03491 -17.2213 1.74371 159.622 38.8688 -53.045
3.08494 -2.18774 6.70185 262.393 17.3569 -22.9143
-2.33329 5.47555 -1.83031 -279.288 39.0346 2.71999
2.7958 -9.11976 -6.8351 226.268 27.2248 20.3914
3.26672 3.35571 4.49336 272.99 -48.8842 -3.94226
-2.05008 3.36032 0.494383 -255.276 132.141 -2.79406
3.10974 -7.14479 -1.99116 257.038 24.6891 35.2386
-2.05337 6.58348 6.88027 -257.116 32.2622 -17.6668
2.75892 -8.83991 -8.41699 218.659 26.1049 13.1648
-2.19669 4.21618 5.08011 -274.027 62.721 -27.468
1.20335 -9.60836 0.482904 62.1233 -39.4386 -83.1482
2.47565 -13.7224 1.77368 188.502 36.88 -9.92376
3.09604 -6.9884 0.885569 249.963 22.8074 2.65851
3.38873 -0.188874 1.24181 278.581 45.0451 -13.1974
3.44902 -6.73815 1.11716 282.365 23.0383 2.72596
-2.70237 2.36575 -3.68366 -329.341 -182.728 -52.4734
2.99382 -1.87491 -5.76783 234.896 35.5321 19.166
3.40342 -4.59787 -0.444058 275.41 23.6561 -6.44902
-1.76701 7.94644 3.15661 -239.872 15.0529 -4.76331
-1.70886 7.01499 0.751758 -238.571 27.7163 -3.12542
0.910501 8.63506 0.130094 20.1506 195.097 6.43404
-1.72915 11.0546 3.1159 -242.63 8.10206 -4.63821
2.63643 1.05997 -6.71227 188.244 140.363 19.9048
0.601044 3.03914 -1.1633 -14.2432 255.201 11.6778
1.93384 2.86094 -1.87722 113.879 286.047 60.0067
3.33156 -4.37848 0.65054 251.819 31.2358 -2.99912
3.34291 -6.83949 0.591059 251.402 35.2117 -14.4549
3.13342 -2.78274 1.96246 229.763 124.096 -10.511
-1.86698 5.27289 4.11856 -267.183 58.2494 -24.7803
-1.32173 8.43377 4.46336 -213.745 88.5603 -26.4715
3.34288 0.842523 3.61518 248.416 -0.65648 41.7396
3.21072 -0.139615 0.147209 233.548 125.375 -1.86937
3.15667 -0.153611 -1.07805 225.604 92.071 -0.647
-1.94833 4.66661 1.38537 -282.154 92.5428 6.69484
3.395 -5.92267 6.96957 245.224 34.3531 -17.8446
-1.15683 -0.109383 6.31016 -207.759 58.0926 7.0501
3.08429 -10.0201 -5.10351 213.17 42.9295 12.5996
-1.53248 -2.28128 -0.831915 -245.515 -14.8511 -37.9334
2.29834 12.9959 -9.53071 134.169 476.655 -110.528
-1.59717 4.17805 5.1627 -253.245 111.033 -9.20164
-1.27358 3.76151 0.903779 -222.271 140.227 3.29808
2.98782 -11.885 5.21746 200.409 43.2756 -22.7393
0.964532 0.01606 0 -2.27157 1.36385 0
3.31772 -7.21842 7.11147 230.822 36.2296 -18.0964
1.39638 2.87597 5.15637 38.4685 260.665 -19.4658
-1.10174 8.49402 12.4374 -210.266 18.8109 -30.4801
0.514958 4.55599 -11.1179 -50.225 228.015 30.4809
-1.58719 10.1719 -5.13985 -260.491 12.6062 14.9967
-1.40159 4.37776 4.38316 -243.679 113.626 -20.9111
3.81611 -10.5672 13.8168 274.459 -185.276 79.5342
-1.33006 7.91648 -3.15983 -237.013 -35.2166 7.12308
-1.54379 4.12042 1.60431 -260.596 133.402 -2.15711
-1.66134 3.75345 -2.33547 -272.5 67.2966 -48.2657
3.25966 -10.9293 -1.46089 216.244 42.2387 -7.84115
-1.37644 12.3327 0.506556 -247.551 10.6531 -6.11649
2.36266 10.6979 -3.77271 123.502 -18.9134 -34.5655
2.30447 5.44065 -3.52288 117.635 201.658 7.83176
0.822521 3.19873 -4.54286 -31.3267 266.546 9.7729
3.16492 -7.19258 -9.52197 200.78 43.72 27.2295
-0.775406 15.7841 18.7972 -190.973 64.5221 -47.5099
-1.43489 4.69832 -0.0310568 -257.335 111.552 3.07284
-1.17901 11.9273 5.11213 -232.344 4.44434 -9.46629
3.83642 -8.58297 4.60807 263.179 16.2234 16.8142
3.50365 -5.9397 -6.68102 229.166 36.1024 7.62896
3.63211 -7.50815 8.35953 241.049 49.7837 -13.9287
-0.987451 4.02491 0.206411 -220.509 184.615 -2.60801
-1.35176 5.83529 1.30733 -258.142 80.0229 -18.8141
1.55153 3.12763 -0.462276 28.5108 270.693 9.67963
3.87508 -0.732522 7.71285 258.631 107.098 -21.8251
3.10232 -3.21025 2.78743 179.854 158.738 21.4789
-1.30465 6.75305 1.8688 -262.106 164.746 -9.67424
-0.7745 4.02239 6.02411 -210.523 150.398 6.80043
0.344878 3.59987 3.71317 -102.11 230.765 -3.36898
2.93003 -1.00843 -4.51074 153.917 168.755 27.4509
3.30438 -10.9001 9.13189 189.633 42.9834 -20.9868
-1.14182 4.718 2.12857 -252.699 6.16307 8.92422
-0.908848 9.63822 5.84044 -230.379 19.7009 -15.0535
3.4947 3.20639 6.06389 207.021 -92.6985 -2.60715
-1.27287 2.81531 2.9668 -273.309 -26.5848 26.143
3.04316 -4.23728 16.819 153.213 179.454 -47.593
3.66219 -3.98428 7.61327 213.839 64.7347 -19.4813
-0.919802 5.60986 3.2536 -241.52 92.5378 -8.97813
-0.926029 5.97853 1.61101 -242.192 74.1548 4.6921
4.03991 -1.50584 4.44396 248.606 105.127 -13.9948
-2.57806 0.628928 2.73281 -409.496 143.411 121.453
2.46022 -8.78232 17.7025 90.044 35.5994 -45.1268
3.91182 -8.79868 -3.89604 231.739 52.875 17.6412
3.95526 -1.87275 -4.10052 235.969 100.939 6.3038
-0.759463 6.59225 1.57709 -234.116 -39.9373 42.1088
-0.471204 4.60989 1.57554 -205.577 -32.213 -101.821
1.27537 3.43109 -6.79562 -34.1717 282.584 15.0223
4.21742 -5.36084 -4.17455 257.81 55.8329 13.5365
-0.901076 4.95906 -0.314397 -254.023 136.953 -6.23576
-0.858027 6.60786 2.37369 -249.984 81.2559 -10.0241
3.28769 -13.9648 0.276329 159.357 50.7259 -87.3377
3.58001 4.2279 1.22749 188.136 124.231 -41.3165
4.25118 -2.73456 -0.734238 250.136 105.04 5.01257
-1.01958 11.3839 -7.05268 -274.918 -79.4528 49.4246
4.06773 -0.266711 -6.24949 228.752 -5.64964 -103.94
-0.529192 8.60607 -3.34245 -228.721 37.0572 8.67288
3.42351 1.61011 2.52328 163.084 229.262 -12.6016
3.52553 -16.6278 -6.66726 171.762 115.591 10.8046
0.0744933 4.04351 -6.258 -173.864 165.794 10.7484
-0.29723 4.85694 0.0904721 -210.901 118.272 55.3347
-0.591556 8.40089 4.07845 -240.906 53.5602 -0.204248
3.52737 -15.3503 -2.23105 166.583 63.3065 -1.95994
3.58848 -13.9839 9.69218 171.496 48.7141 -22.3523
4.42407 -2.4249 5.41795 253.7 41.1338 -2.79218
-0.277917 8.54895 6.46086 -213.514 35.595 -27.1086
3.92891 -12.4077 4.16787 203.593 56.5955 -4.90496
3.32313 -8.42322 15.4174 143.167 51.7271 -34.2911
4.09678 -6.59388 -10.1589 219.7 52.5408 27.099
3.65462 -3.27167 -0.989679 174.8 162.421 -91.6184
-0.770467 7.45745 -3.34444 -264.923 84.915 3.18343
4.22813 0.693746 3.12402 229.71 128.168 -10.2642
4.30213 -2.35354 6.59781 235.996 102.403 -18.9034
4.09567 -2.19328 -7.10024 215.401 103.08 17.2916
4.23335 -4.59245 -6.34689 225.54 77.2489 22.2141
3.67306 0.41563 -2.47248 169.646 180.173 -1.05782
-0.185204 -4.81757 3.61895 -215.191 -36.6177 -41.9277
-0.613939 6.14516 0.744982 -259.526 112.354 48.2213
3.5928 -5.19831 -2.34702 158.234 81.3333 -168.087
3.16168 -1.26483 2.79598 114.11 256.667 -3.44276
4.21824 -8.45745 -9.97125 218.684 336.508 118.497
4.15711 -2.77908 -13.2523 210.969 93.4221 28.1925
-0.330567 11.4095 -4.2504 -234.933 34.4635 -3.07879
0.446915 4.33483 1.49611 -159.702 253.876 3.1636
0.78672 4.39766 -2.98235 -128.104 206.237 14.2598
-0.322587 10.3617 -2.96938 -242.209 36.1634 7.83956
0.485392 14.0577 -0.639351 -162.361 183.357 -1.54246
4.44987 -2.81937 2.41823 231.297 171.686 10.7402
0.0232764 5.32137 0.93185 -208.671 129.186 -13.8521
4.70866 -4.56573 1.34192 256.559 83.1505 -5.62698
4.06093 -1.45614 -8.46512 192.044 137.794 20.4843
-0.344099 11.1336 0.314008 -245.677 61.344 -3.00611
3.75252 -14.1399 8.79895 158.095 55.5766 -14.8574
2.72946 2.29947 -5.95419 55.6444 262.298 -105.49
3.12909 -9.94007 -1.62195 95.3281 161.417 37.5935
0.997669 4.01623 0.537908 -116.717 238.64 6.62538
4.24927 -4.32247 7.88888 205.919 92.019 -15.8538
1.58423 3.76672 4.09941 -60.7068 268.899 -4.6194
-0.27961 4.13764 7.96126 -247.286 64.9052 -21.6483
3.31908 0.604461 0.574639 108.686 209.401 74.527
-0.317007 7.78412 -2.50512 -253.836 61.8404 15.4696
-1.34433 11.0165 -4.94501 -362.043 159.066 -84.2377
4.57093 -2.41223 6.75571 223.572 125.427 -5.33848
0.341665 7.79506 -4.30845 -200.4 -143.934 -19.213
4.77837 -4.26941 6.36059 240.098 108.971 -18.4161
2.86207 7.03173 -0.43185 48.0044 269.018 8.59945
-0.00313003 6.04223 3.77875 -237.373 123.513 -15.3644
4.52592 -0.41397 0.906141 208.247 180.427 9.79103
0.239247 5.43537 -5.75418 -222.158 180.214 11.4416
0.478158 9.01249 -9.38313 -199.625 28.2557 22.7897
0.744747 1.794 -4.92389 -173.533 214.86 -23.2933
4.51564 -11.2376 6.31509 200.428 60.5262 -11.952
-0.0818489 4.33508 0.401055 -256.578 66.1886 -35.8914
4.76176 -3.64642 0.942411 220.349 114.645 -9.46485
3.84381 -6.37082 -0.536358 126.477 203.214 80.6145
4.41893 -1.90718 -9.88423 182.821 139.069 11.0972
4.67317 -1.80003 -6.93083 205.51 146.397 11.339
1.05777 15.8788 9.22397 -154.851 -9.61331 -22.5743
0.28718 5.80635 8.59098 -231.629 139.172 -14.6691
4.55461 -0.892354 -0.99713 190.698 167.223 13.3211
1.6171 -1.95616 2.38993 -104.038 -137.466 151.884
0.41134 11.1068 -5.72473 -228.937 42.8493 22.3272
0.43563 7.20562 -8.34485 -226.524 88.2834 24.5918
4.65081 -6.61394 -7.77594 191.536 92.3229 20.8688
4.37539 6.60039 -4.73169 162.103 697.152 -527.41
0.620564 7.09205 -9.15578 -215.754 105.233 17.9664
1.47809 4.29857 1.35866 -131.572 231.236 19.0005
0.760164 5.2655 -5.65515 -203.12 181.992 31.155
4.56361 -4.05339 8.42315 172.508 197.238 -18.5306
4.89374 -5.79848 6.9788 202.951 98.0604 -19.3679
4.18332 1.30521 -2.43079 130.302 240.587 16.793
0.97806 4.94921 6.34605 -189.746 209.539 1.83367
2.57283 -5.07818 0.156673 -31.6313 495.867 30.4847
5.13144 -6.42185 -7.06688 220.706 103.355 19.5813
0.435769 8.66338 -0.926495 -245.955 93.9196 7.54642
0.421935 15.0385 1.01714 -247.406 162.701 -4.51628
1.4495 1.77402 -4.64764 -146.025 173.387 122.161
4.92907 -9.07631 4.34139 199.158 114.497 -7.8354
5.34897 -7.5803 -4.5084 239.715 86.1019 8.29243
4.81673 -9.77621 -10.4544 186.627 72.2812 23.2407
0.483105 7.41063 -6.04367 -246.359 115.358 15.738
0.802529 7.12171 5.52528 -215.06 98.679 -11.7047
5.50348 -7.29423 4.14994 248.708 101.373 20.4655
4.85002 -1.26117 -9.82097 182.403 161.862 33.6881
5.5849 -2.43771 -3.27901 254.228 -94.06 20.7428
1.41713 1.70801 5.8915 -161.644 168.007 7.05691
3.6265 1.80314 8.18009 57.3095 181.111 131.129
0.791264 9.71482 3.71691 -225.501 63.0401 -12.6884
5.70804 -7.68387 0.556797 260.944 92.3169 -3.84005
6.15781 -3.01088 4.16623 304.338 203.161 200.538
4.20922 -1.94652 -3.85756 110.631 247.217 7.57267
0.70764 8.74261 2.8403 -243.196 84.682 -0.0167683
3.55883 2.93031 -2.40195 38.8331 295.489 -2.62212
1.15531 6.27867 -3.20526 -201.166 134.618 27.1625
2.21486 -0.982482 10.042 -97.3036 184.516 36.0019
4.00345 0.71136 -12.9294 79.6151 182.459 24.0586
5.37479 -8.43837 -5.99086 215.36 91.0921 5.81819
0.994213 10.3257 -9.81033 -222.912 55.3227 30.7639
4.73758 -0.631907 3.70678 148.088 244.109 -34.7833
1.39856 5.12342 -0.977285 -184.393 226.75 -23.7226
0.764041 -1.81189 0.256444 -248.24 -15.2438 5.17449
2.27858 4.06785 -4.91458 -97.9618 212.515 12.9396
1.08068 10.2369 -5.47657 -219.3 59.1666 9.08421
5.2981 0.928582 8.12841 192.735 217.58 4.12253
5.32223 -1.61646 4.71219 193.822 172.971 0.143763
1.39128 5.88875 -6.99594 -196.845 181.514 12.0297
5.31389 -1.82676 2.81021 191.194 171.296 4.47887
0.840939 10.3372 -3.24592 -253.78 77.917 0.517729
3.48247 2.98472 -2.83686 6.54099 249.605 0.872792
5.5777 -5.61365 7.25514 214.271 117.375 -24.2019
3.85084 1.66054 10.1671 42.3129 213.295 -26.1666
1.28616 9.36882 -2.06163 -214.579 69.7396 3.71325
1.55422 7.48186 9.80214 -187.975 87.2575 -26.1783
4.7064 -0.485768 -2.95995 124.998 176.189 -91.5071
4.63528 1.88766 1.81546 117.613 272.886 -8.97855
5.08681 -0.918277 5.76817 161.68 178.604 -20.2864
2.09843 3.13698 -0.468089 -136.369 164.255 137.58
5.45041 -0.802106 4.07092 195.58 213.643 -17.6305
1.73872 5.18884 -8.55337 -174.073 197.367 10.3277
4.99089 -16.3945 6.47276 147.23 64.2672 -13.044
5.36789 -14.3313 1.08543 182.254 74.9133 0.0490395
2.39461 4.44825 8.29956 -114.603 202.08 -21.7621
5.75135 -16.1812 -6.6287 213.044 255.362 35.816
3.31797 3.1491 -9.63056 -35.1955 247.934 21.8182
1.58117 8.31417 6.06462 -208.013 91.061 -13.0294
5.90547 -2.3837 5.30215 221.197 177.318 -27.6569
1.86117 6.01449 0.496201 -182.162 165.281 -5.25236
4.67167 -3.52562 3.36129 94.5608 542.958 -82.889
5.67351 -1.96624 -1.11536 194.064 208.045 -26.5503
6.0559 5.12488 -1.87067 231.333 69.5751 21.0661
2.26069 5.10997 14.4415 -146.145 157.561 -24.1853
4.76884 1.47627 3.16795 98.7689 250.087 -21.9044
4.89575 -3.88095 -5.94749 104.733 176.312 -41.1021
5.48563 -14.8976 -0.146712 161.004 62.2171 -4.97918
3.90406 2.77736 -4.60859 1.36171 258.65 0.640049
5.80847 -12.841 -4.58037 189.242 73.0987 13.4999
4.10986 -0.568935 7.06586 16.54 232.302 -8.63444
4.41348 2.22791 1.94749 37.3947 256.547 0.268152
5.94281 -11.9339 -4.80037 189.186 83.0654 9.43282
2.13064 6.30732 -2.1804 -189.785 207.668 18.0274
6.00651 -11.5238 -1.71908 192.31 82.9852 2.14592
4.75329 1.18277 -9.54214 66.4512 222.118 16.1354
6.19505 1.1152 -8.44662 209.263 182.015 -48.7632
2.31308 9.86526 -9.96832 -178.761 70.6317 24.5397
6.00223 -6.73198 -8.84324 186.344 103.081 21.3343
2.68498 6.50125 2.52565 -145.616 225.846 6.51606
3.11653 4.63982 -3.40841 -104.28 275.317 -0.0661483
4.9679 6.6598 0.79854 78.0102 -63.8268 69.9148
2.07638 7.80862 5.54314 -214.753 120.499 -7.99921
6.11675 -3.57107 -0.163306 179.856 152.31 -4.82461
6.59868 -5.4444 -1.20584 227.091 139.386 4.485
2.03138 9.93411 6.31719 -228.197 97.6034 -13.5069
6.04608 0.664872 1.45163 169.609 190.742 -4.36381
6.23867 -11.0929 4.05183 185.802 132.906 -13.8548
6.00658 3.81265 -3.11886 161.428 -53.4681 -99.5143
2.73718 6.20789 8.92871 -166.858 174.676 -6.66852
4.86201 5.64096 -0.00996681 41.7438 277.78 6.60904
3.66252 4.09937 6.65217 -85.328 226.889 -21.3984
4.51036 2.22252 10.4902 -1.95423 212.526 -33.0924
4.59117 3.00852 3.05797 5.9192 284.178 -13.7939
6.48705 -8.41749 2.99453 192.541 98.5902 -4.4295
5.75897 -8.05639 -2.79877 117.716 542.94 42.194
6.19826 2.87778 -2.52675 155.538 169.077 5.70433
6.81758 5.25393 0.35424 216.462 447.311 -36.5579
6.45992 -8.33282 -3.15926 175.691 311.364 -12.1471
5.91737 -1.07947 -8.31835 118.547 188.882 12.4871
4.35838 3.78003 3.42678 -36.7474 286.707 9.57445
6.52357 -2.65066 -1.79204 178.163 194.251 0.650201
2.48727 6.87085 0.446947 -223.657 93.1984 -11.2111
2.39106 9.55174 -0.866605 -234.088 110.07 -4.18113
6.81364 -0.588 0.971296 199.936 36.4518 68.6682
2.26715 19.0273 -0.401376 -252.154 104.657 -4.86007
3.05032 12.7456 10.8261 -176.882 199.879 -45.5339
2.79418 8.55576 1.3895 -202.401 137.036 1.11999
6.84301 -4.48124 4.67165 198.215 168.017 -6.48666
4.52301 3.25982 4.07257 -32.7262 238.718 5.11599
5.04926 2.58356 -8.73842 17.0835 244.399 28.3188
4.18296 4.33175 -2.93516 -69.4501 280.356 12.1795
5.85281 0.433291 -4.00333 94.8091 223.54 1.63349
6.80746 -2.92374 4.76152 185.158 197.295 -11.944
3.76551 7.13764 -11.7401 -120.77 239.04 -58.4573
6.67655 -3.71459 4.51722 167.689 159.105 -0.646904
6.72212 -6.93359 4.9593 170.386 133.452 -13.3972
4.26817 13.037 2.52017 -77.8118 10.4206 -32.9865
7.37177 11.3581 -7.75541 230.052 536.777 -68.8667
3.07931 8.33117 1.46728 -198.443 136.574 -9.01462
6.64873 -2.18491 8.52016 151.23 188.903 -26.2278
2.92382 9.8385 -6.5177 -219.729 118.234 12.0554
7.15333 -7.41452 -10.4988 195.261 99.4576 -101.196
4.09835 5.12035 -5.05445 -112.667 211.414 19.0126
7.15954 -10.4449 -2.85148 188.591 53.8266 106.768
3.08591 10.576 0.119812 -216.493 88.4077 1.00154
6.55872 0.312787 4.45968 127.456 247.703 0.782334
7.06291 -2.76889 3.68448 176.739 206.955 -5.99518
3.31883 7.461 2.71855 -198.77 190.067 12.4067
6.38669 1.13766 -5.28042 105.834 262.809 18.0448
5.01045 3.45992 4.58277 -35.1871 252.903 4.7892
3.27856 9.33587 -5.99587 -208.253 114.24 2.91514
6.65328 -1.66805 4.77116 123.397 192.128 -24.4055
7.19973 -2.18799 4.89527 175.514 217.077 -18.6353
7.43547 6.05995 -0.357031 195.552 21.344 -30.0809
5.93771 -1.46089 0.998647 44.1374 288.349 -46.1978
7.05895 -2.42621 -1.22468 154.734 194.393 -3.44276
7.16065 -4.75528 -6.97921 160.892 156.918 26.1201
5.95236 2.5014 -4.19816 37.2875 275.17 15.099
4.06191 7.63209 -14.0521 -150.763 108.886 17.5777
6.84429 -4.38668 -0.712866 124.997 203.648 -3.02695
3.95617 -0.646439 -2.56457 -164.385 112.694 98.2779
7.137 -0.0139037 -10.5955 148.085 128.728 64.7448
6.67035 0.422909 -3.01351 100.68 239.686 -1.25722
3.69345 16.3235 -1.38062 -195.936 212.355 -7.12318
7.14746 -1.08256 -0.740251 146.962 232.929 -7.03889
4.64278 5.02927 0.526823 -102.246 269.755 -8.06443
5.68974 2.93767 6.19855 0.899276 241.998 -20.2318
3.55076 22.1092 -21.6499 -212.542 34.9736 36.7245
6.63802 0.193112 -7.65311 89.961 217.905 10.4443
6.13272 -4.0922 5.04136 37.0198 305.429 -9.49305
4.06197 15.6993 0.302636 -170.355 24.8002 -3.5417
4.35415 7.99211 13.2541 -141.59 95.5742 -32.4653
6.36219 1.72319 -2.32773 50.6777 273.51 2.64249
6.97592 -6.81814 13.9342 110.888 109.594 -30.134
7.16578 -9.01188 -3.3492 128.543 169.922 1.00404
7.63319 -9.64544 -1.34184 169.267 116.879 2.10564
7.90498 -4.97964 -6.02391 181.082 175.435 25.0657
5.56713 3.90981 -10.9171 -59.9667 208.41 20.1502
7.20987 8.5884 6.01658 100.454 195.595 -15.1286
4.24585 8.97104 -3.02587 -198.312 149.549 15.6225
7.29248 -5.30545 -14.9842 103.795 130.016 33.0577
4.47941 -1.59294 7.10091 -181.79 -33.08 22.1534
8.37689 -0.57577 16.6009 203.43 166.233 54.7665
4.64671 8.06544 4.42155 -168.641 145.227 -9.84022
4.23798 12.4753 -1.86603 -211.909 79.9825 5.6336
6.80673 10.6148 -2.53332 41.7496 218.348 3.78603
6.15494 3.32647 -2.73859 -23.5416 261.824 10.5426
5.15419 6.01308 -12.8732 -125.358 174.301 35.09
7.57484 -0.620106 -0.598321 114.813 232.08 11.885
7.80914 -9.73871 -16.3482 134.197 235.74 153.837
8.05716 -4.46269 6.9383 158.805 194.783 -13.8745
8.10752 -12.2208 2.58361 163.16 144.682 -75.7388
6.51282 7.75329 -3.63401 -3.41794 264.453 -0.416313
4.87105 8.02138 -2.54814 -166.573 149.762 21.2787
5.66152 19.788 10.1513 -91.1632 255.48 17.9437
6.51471 2.94357 2.96195 -8.19147 262.194 -11.5508
7.75857 -2.31995 11.3928 114.099 185.716 -31.9817
8.47903 -5.14857 -5.46411 179.96 117.054 11.6604
5.8435 4.70549 -1.50681 -87.0291 215.008 -1.60707
7.18884 1.30006 -3.5745 44.0354 254.657 5.7818
7.40919 -1.19755 14.8129 65.6497 174.662 -40.8506
5.74891 5.13791 -3.27452 -100.344 255.597 1.22498
6.76733 -0.722815 -1.51846 -0.122843 276.179 -2.64319
7.4085 0.89341 2.79844 61.7605 251.258 4.26472
8.37064 -2.3593 -12.1407 156.257 68.9992 28.7274
8.33905 -17.9047 1.78349 152.213 223.442 -2.6
9.03543 -11.4784 4.61123 220.66 198.969 44.4892
7.70373 -5.99725 -9.61334 84.9603 194.147 30.5627
5.51806 6.34519 -2.46152 -134.05 186.56 10.8996
6.88446 1.87462 9.66529 -1.84783 308.858 -206.866
6.3831 3.79625 -0.813895 -52.5186 244.809 -10.3249
8.39817 -6.55241 6.48243 146.319 269.918 -105.216
7.5517 0.414552 -0.169446 58.056 253.99 -9.66341
6.89651 3.03447 7.33591 -9.28069 254.828 -21.7304
7.22246 1.6184 4.11644 22.3968 248.571 -16.6044
8.18779 5.53141 -14.7988 108.845 249.433 14.2668
5.26966 9.63609 9.19333 -184.117 132.931 -13.9042
7.69277 1.6655 -1.14077 49.7654 283.036 -0.248987
5.77707 5.43229 -2.86648 -144.529 208.801 16.5621
6.82129 0.672629 1.28434 -47.412 259.182 0.351754
8.7687 -3.86842 -2.77615 140.934 195.996 13.0124
7.0901 3.41026 6.34037 -26.1076 272.465 -10.6748
8.22398 -13.5365 -6.9 84.1937 247.596 23.7944
5.72659 8.80624 -0.0512764 -166.859 164.085 10.301
8.74383 1.57313 -1.64151 131.402 210.404 20.8847
8.61894 -5.87288 11.3621 118.753 157.96 -24.8302
7.56015 5.11697 -3.66557 12.5429 -57.074 -80.656
7.92417 4.61259 -1.11728 47.0614 219.298 -0.679379
8.17878 9.99261 -6.38824 70.9474 375.606 -120.819
7.71228 1.59497 -6.48393 23.2342 223.025 19.4757
6.63842 8.58179 3.53577 -83.9482 196.968 -64.7033
7.46504 2.39577 -3.03381 -8.23083 229.25 -1.90177
8.68389 -4.43214 -2.95852 105.706 228.892 16.4649
9.00614 -10.6732 6.4969 137.106 222.828 -12.8843
7.88079 1.91607 -4.52754 24.5406 271.53 3.10522
8.96201 -9.89887 -8.43319 131.739 177.145 0.638299
5.77403 5.36242 -0.734859 -186.317 195.444 12.9973
6.19496 -1.55908 5.12231 -145.857 225.136 -11.8169
6.46147 6.53701 9.3352 -123.601 165.018 -17.4169
6.83893 5.50271 7.3652 -89.474 213.139 -23.1933
6.45335 6.9409 -10.6055 -131.186 136.607 8.30938
9.18545 -5.79477 -1.88855 140.173 181.362 6.69201
9.05522 -3.75689 -6.00481 125.094 178.193 20.0086
6.57676 6.60559 1.31944 -128.497 229.592 4.69098
9.18654 -4.5836 4.73574 128.667 184.63 -5.13092
9.7356 -7.90028 0.867609 182.017 169.174 2.2745
8.69555 -1.17873 -10.1177 73.8484 197.836 17.0574
10.4254 -4.56485 -2.1691 244.166 133.252 7.14246
8.60173 1.18539 6.23453 58.9321 255.584 -2.85008
6.8267 5.87633 -0.292442 -118.858 239.502 -8.34775
6.98782 5.78625 -0.0205379 -111.68 221.087 -8.32371
7.66396 3.95249 2.45997 -45.8335 220.81 -1.99331
9.19277 -0.391544 -0.917181 101.032 254.617 -6.64596
8.52703 8.72293 3.72715 26.0052 449.865 -74.2903
8.95203 -2.08374 -12.3702 57.0585 166.497 23.5241
7.27236 7.50607 0.869456 -113.583 251.765 69.4492
6.58075 2.30901 1.03245 -184.022 200.096 11.2154
7.03915 15.6179 -2.54868 -146.235 177.395 10.6224
8.23627 -1.26935 -3.89419 -27.3626 241.707 12.9474
7.82666 4.10773 -0.357991 -68.361 247.11 -0.304807
7.39961 1.01224 -7.05546 -113.06 226.913 18.2463
9.9894 -5.80165 -1.24445 143.426 186.712 5.24648
7.8007 3.56834 -4.25598 -78.0006 488.505 124.424
7.64412 6.16902 -6.1652 -111.191 215.169 6.32651
8.93822 1.81634 -3.98569 15.3035 228.555 3.01214
10.3516 -7.79023 -1.12496 147.021 178.512 -5.37254
8.00666 5.28839 7.9813 -87.2985 189.64 -24.5108
9.50498 -0.623199 -7.25993 60.9434 224.875 0.0474009
8.09803 -6.8478 -3.91237 -82.3595 151.636 -36.9784
10.4559 -8.68442 -5.78673 147.926 161.904 23.0281
7.29913 9.24687 -1.36005 -165.827 157.231 13.5743
8.92539 -0.889187 -6.07932 -7.71935 210.856 -62.4905
10.0365 -2.16855 1.44597 97.5131 215.73 6.16209
9.03148 -0.574257 -2.45231 -6.55546 271.759 -2.30772
8.50629 4.66137 3.42121 -69.6965 219.68 -13.9512
8.30041 5.46502 -6.70532 -94.6234 218.654 10.1814
7.43557 9.81401 -10.8189 -183.994 177.586 36.3368
10.8025 -3.22602 7.55105 147.52 179.79 55.5183
9.62358 4.11275 -0.0686727 15.5859 233.567 -7.0449
10.4991 -2.72752 2.93523 98.0158 237.512 15.0929
7.8386 12.3656 7.5318 -168.309 101.4 -19.165
8.46861 5.99009 2.63047 -111.57 211.738 -14.2507
9.43383 3.02673 5.91985 -15.7725 235.423 -18.0652
10.5697 2.1261 -1.00687 96.8858 240.901 0.578294
10.8282 0.880127 11.5777 119.04 159.444 -35.029
8.5017 4.2527 -13.9082 -117.579 229.428 30.3341
8.93364 3.1327 11.2256 -76.9598 184.275 9.1078
10.6127 -2.76003 -4.96228 82.863 194.012 20.2044
8.98301 -5.93419 -6.66923 -80.2214 498.864 55.4121
8.10825 11.1834 2.28722 -173.471 134.424 -4.82575
10.8984 -0.434806 -2.49109 89.998 241.434 26.16
9.95998 10.5887 -0.0678728 -8.48413 -20.9778 -40.6776
10.3644 0.317344 3.32311 28.8706 224.481 -10.1304
10.9334 -9.62366 7.21921 84.9833 -8.88614 12.9365
8.64761 9.06708 4.36615 -150.378 150.093 -28.9656
8.57403 10.0539 -5.75546 -158.087 142.393 23.1764
9.15174 6.3522 -1.3654 -102.426 234.443 -2.8279
11.4304 -5.9304 3.19344 117.291 180.758 -1.74268
9.66766 0.449568 4.525 -70.6742 180.883 83.5038
9.14907 7.00944 2.82718 -122.629 225.943 -5.16783
9.14539 2.78207 -6.33712 -128.833 127.89 -63.6413
10.6176 8.8121 8.77412 6.70268 291.821 62.5681
10.2355 8.06074 4.51105 -32.246 222.226 -7.13679
11.8621 -2.60942 -5.71103 116.33 151.736 9.19987
9.82123 5.67192 -2.40788 -90.0669 193.07 0.668639
9.97867 7.56355 -8.2595 -107.344 164.07 25.2378
10.4321 4.98933 -5.87485 -67.4224 187.281 8.75003
12.5637 6.40808 0.70561 141.477 158.706 1.74461
12.4461 -7.71414 -1.5851 120.973 183.642 -1.81582
12.7271 6.29808 -9.26547 141.481 240.545 0.577386
11.8962 -2.88254 -8.62997 53.0003 174.324 14.5091
11.516 -0.0805763 2.35907 14.6861 210.836 11.9533
11.9172 -1.42331 3.48758 50.5853 231.169 -14.633
11.2784 1.9631 -9.98887 -18.0721 208.653 15.3106
12.2762 0.318548 -8.78811 72.9271 175.493 28.9684
12.3508 -7.03401 -8.24021 71.484 152.67 9.8829
12.0778 -5.14056 13.2418 40.0756 131.231 -25.7745
10.583 9.69648 3.81588 -124.853 215.519 -8.15398
11.0165 6.94932 6.32856 -86.2907 169.072 -18.5781
11.4115 3.30615 0.316164 -52.2347 228.708 -1.54359
11.7994 1.82708 8.86433 -20.1577 187.405 -28.2599
11.5218 4.21684 -8.38806 -52.1606 197.342 23.1776
12.8639 -0.675619 1.84001 39.3352 239.88 -12.9314
13.5571 -10.5679 5.8691 66.3523 134.725 -35.3444
12.3376 5.45575 1.13533 -72.8045 190.337 -7.86578
13.4609 5.39175 -0.439107 35.3195 109.282 -13.2979
12.4705 8.53773 -5.63566 -70.9032 115.915 66.9785
13.4324 7.99487 -0.855104 10.0146 269.522 -67.4696
14.1412 -0.750962 -4.66776 2.38538 197.28 14.6186
14.9604 -5.5415 -6.29332 -8.34637 223.827 19.7343
15.609 -13.4062 -0.0368959 22.8141 277.928 -4.82151
15.5512 -14.8388 -1.35043 -25.4947 46.4832 3.33477
17.2179 1.337 10.5917 -35.1843 90.2527 -27.0583
18.0723 4.43134 -3.13702 -27.2942 86.7847 -12.3063
18.3014 -8.23141 -8.24056 -30.1592 259.597 27.6405
nan nan nan nan nan nan
12.839 1.12004 3.87681 -0.0255154 218.066 -6.85107
14.9137 -3.54782 -3.34765 50.4973 205.721 -3.35834
