-29.3285 10.2299 8.99561 -25.365 12.7551 -20.2955
-25.7888 12.904 -6.69947 -35.6409 -131.701 57.1799
-24.8392 3.64389 -7.49112 -2.45036 -107.35 -1.14392
-23.6826 -12.5565 -4.2643 -11.5106 -61.0164 44.1458
-20.6029 -16.3863 7.73229 45.8944 -4.23248 -7.08427
-20.6039 -1.43148 0.142768 18.5995 -58.1316 -77.3045
-20.6977 -1.37293 -2.25498 2.27357 -3.87419 27.5143
-20.4222 -1.55724 0.280016 6.13256 -88.0713 -27.9139
-20.1023 -10.8325 -3.03818 8.51541 -173.181 -28.3356
-20.1164 2.77076 0.148914 2.6358 -12.3156 -66.5901
-20.0245 -1.53243 0.238441 11.5417 -91.112 -61.1993
-20.2341 7.24438 0.682219 -15.0464 -51.9914 -18.5707
-20.0896 3.58501 -0.0840191 -9.17278 -71.5009 26.2804
-19.7492 -7.52858 -0.0157311 22.2033 -34.3745 25.1278
-19.9352 1.17734 -0.091195 -1.94582 -116.774 -21.7059
-19.7235 -5.17828 0.166388 14.7862 -41.7751 40.2044
-19.5773 -1.48462 -0.180011 8.19523 -74.4353 -27.9474
-19.6636 1.22299 -0.10498 -1.47517 -57.5822 -35.4469
-19.6973 5.06887 -1.17446 -10.3096 -50.1259 -75.9488
-19.3601 -5.10057 0.0243638 20.4325 -56.0116 -90.3884
-19.0984 -7.31898 -0.0950548 25.6648 -58.5537 -32.1076
-19.5085 5.3224 -3.76345 -17.6459 -42.895 25.7253
-19.5825 -3.89685 2.42844 -27.0815 -172.894 107.143
-19.5071 -1.45386 2.29532 -23.2587 -43.8044 -37.9876
-19.2247 -1.44184 0.331748 2.3379 -60.6474 37.4424
-18.8402 -5.05755 -0.0782006 20.2663 -96.3373 -87.4728
-18.7779 -3.43248 -0.839425 25.9952 -105.276 69.0682
-19.1638 4.91235 -1.12964 -13.9368 -65.7365 -61.9524
-18.7979 -4.68758 0.0562533 19.5659 -38.7669 45.653
-18.7084 7.97529 -2.32622 17.3282 -155.658 -15.2814
-18.8326 -1.41728 0.360066 4.5244 -63.7855 69.4194
-18.6294 7.64426 3.1531 22.5639 5.35933 31.3814
-18.5861 -4.68281 0.289668 26.3708 -130.065 -115.204
-18.754 -1.37782 -0.204457 6.59111 -29.951 -56.6903
-18.7162 -5.01522 0.583477 9.49392 12.2137 56.1396
-18.4798 -8.04994 -0.212316 30.0846 -53.2009 -88.2664
-18.7009 -4.88359 0.104104 7.50477 -16.824 -11.9661
-18.7076 -0.686315 -0.613793 6.26504 -104.724 -87.2963
-18.5713 -23.249 6.42225 16.487 -86.6348 79.799
-18.6581 0.918984 -0.100621 0.80342 -57.3613 25.5227
-18.6637 3.33623 -0.00612117 -7.45768 -61.3146 91.6221
-18.8386 7.12654 -0.279789 -29.0939 -92.5889 47.7513
-18.4575 -8.34373 1.10826 5.35623 -130.472 103.867
-18.7201 12.6619 -0.401635 -21.1185 -70.5842 -27.874
-18.6487 2.4261 0.28409 -16.8814 -141.868 74.9108
-18.6495 10.0495 0.089688 -17.5107 -38.1047 -23.0011
-18.4805 3.27361 -0.21011 -9.78306 -88.1827 -99.9131
-17.8222 -6.91387 -0.0436967 55.2043 -121.199 12.182
-18.3542 5.53571 0.702376 -1.42113 -18.4251 -9.04675
-18.3328 4.87049 1.82006 -5.98109 -42.1744 -51.9538
-18.1909 0.474547 -1.78629 6.47153 -42.4145 -1.60596
-18.3499 9.84564 -0.122843 -9.55171 -27.5517 -7.40938
-18.4471 6.53598 -1.1323 -19.8544 -70.3992 -21.3175
-18.4026 8.59254 0.212473 -18.5577 -49.5707 0.902734
-18.1939 3.29333 -0.195968 0.366327 -22.7952 -88.1401
-17.9094 -9.98856 0.469637 23.5964 -32.8961 105.179
-18.4335 8.86762 3.52027 -30.4918 -69.8994 -3.25182
-17.988 5.9437 -2.43999 12.3932 -21.2495 -123.298
-17.8734 -6.49078 2.74882 22.1429 -60.3528 39.1313
-18.0013 -1.36787 -0.193019 9.11687 -70.9098 -51.3748
-17.9061 -7.77808 -0.0478787 17.9623 -35.8968 61.8622
-17.7012 -5.8633 -0.124774 33.2804 -84.0585 -21.842
-18.1381 8.47737 0.128902 -15.6466 -42.2954 -74.3592
-17.8597 -1.36274 0.275543 9.35313 -77.5676 4.1729
-17.7184 -4.68558 0.0611132 19.7684 -67.3738 -46.4687
-17.7489 -6.07878 -0.293196 13.0584 -34.3179 45.9779
-17.6856 -11.3827 -0.549073 16.369 -18.8394 2.06451
-17.9188 6.76442 -1.99774 -7.98494 -46.0792 -69.2771
-18.088 10.427 -0.488136 -25.6029 -49.4223 3.50259
-17.3153 -1.53205 0.363115 50.0657 -202.891 20.8937
-18.0308 1.14762 0.951939 -22.0004 -65.7548 -28.7387
-16.899 -6.1686 -2.20433 89.3733 -16.7669 -72.7096
-17.4411 -6.71231 -0.0237842 34.7016 -75.7893 29.5894
-18.1449 5.33188 -2.47594 -37.5675 -51.2831 -11.0855
-17.3702 -10.4396 -1.63399 29.3299 -157.342 22.4004
-17.5566 -4.66841 -0.0296274 9.16136 -67.0748 -13.0904
-17.9867 5.54514 0.71516 -33.83 -100.689 37.7426
-17.3715 -5.71993 -2.67725 27.0298 -55.134 -5.61748
-17.6966 4.55616 -0.903682 -7.95742 -43.3692 73.3584
-17.7961 6.73971 -0.35016 -25.6017 -81.1328 -35.0631
-17.7023 2.61419 -0.355804 -17.9071 -172.705 -8.08288
-16.8796 1.81072 -2.76358 61.1248 16.0119 -62.128
-17.582 -1.39385 -2.80634 -15.3944 30.0025 6.03327
-16.8723 -7.41051 0.00793158 49.9018 -95.6948 108.056
-17.8079 7.06662 -0.453307 -50.188 -134.349 45.9565
-17.0076 -1.34653 0.105918 28.1722 -75.0315 -41.0611
-17.4078 2.24101 0.142486 -12.1792 -155.025 -44.7406
-17.4325 8.69075 -0.81627 -16.9673 -44.7268 -65.1083
-16.5787 -10.7978 -0.494018 64.8558 -104.967 22.8078
-17.1804 -1.33547 0.175466 1.6489 -98.098 -79.5755
-17.2308 5.179 1.03628 -3.65704 -52.614 21.5279
-17.5181 5.21138 -0.328335 -33.37 -48.6861 -115.793
-16.9795 -10.9264 -0.535829 16.5213 -15.8438 -6.0991
-17.1232 1.07591 -0.189141 1.19363 -40.0939 -122.153
-17.2187 2.26313 0.13979 -11.2278 -110.044 -45.335
-16.7388 -6.44367 -0.0764187 35.8341 -73.3064 -21.6599
-17.4141 6.01559 -0.165052 -32.2156 -148.106 -4.89193
-16.6295 -9.33665 0.326239 44.431 -75.8674 -5.39504
-17.0452 1.01806 0.00649076 0.418504 -89.3271 60.3552
-17.2556 6.14289 0.574738 -23.4645 -73.3095 -22.0621
-17.1179 3.01748 -0.107416 -11.8533 -94.9678 -11.0972
-16.0506 -11.2256 -0.192088 92.9253 -54.7443 9.7746
-17.4207 13.7679 -0.165655 -43.3038 -188.001 -15.0581
-17.2072 7.38639 -0.143436 -23.4511 -65.3242 -47.342
-16.5956 -11.0383 -0.316235 36.278 -47.2268 34.4671
-17.428 -1.35075 0.40439 -48.265 23.3088 -2.84365
-16.9599 -9.38519 0.20215 -3.61091 -6.45073 4.75858
-16.5357 -10.7755 -0.18728 37.2445 -48.7351 -18.9024
-17.3375 9.27088 0.200067 -44.0104 -87.3324 87.7974
-17.3161 7.9449 0.393479 -43.2803 -108.275 14.2342
-16.4361 -4.45519 0.0938589 41.6409 -157.973 -8.529
-16.7212 -2.56485 -0.426973 12.9611 -75.6135 -173.06
-17.1658 4.11955 0.105869 -31.9962 -140.996 43.1529
-17.1143 5.05305 0.601112 -27.998 -110.656 -57.6763
-16.6916 4.20227 1.38013 10.7965 -85.0566 114.947
-16.646 -1.35087 0.28775 14.9046 -147.286 32.6917
-16.6735 -5.71182 -0.167208 12.1297 -33.5495 144.291
-16.9506 -1.29398 0.0264927 -16.9722 -117.208 45.7365
-17.4778 10.2679 -0.404043 -70.101 -253.139 4.9396
-16.7495 0.0688537 0.477202 0.716041 -78.4571 -84.6637
-16.4865 14.757 -3.50498 15.4166 -33.2572 -83.7042
-16.6569 2.99965 0.0254538 -2.1554 -34.8568 110.678
-17.08 7.30403 0.427492 -46.7066 -110.789 -40.1478
-16.5419 1.00698 -0.165824 1.14684 -69.0052 -102.222
-16.3906 -1.34654 0.28002 15.0555 -160.312 29.0877
-15.9833 -7.04941 -0.0967145 54.0711 -115.153 5.03615
-16.3645 -2.94116 -0.621271 13.2639 -46.5312 162.75
-16.493 0.767198 0.0768392 -4.38595 -92.6132 177.402
-16.7758 9.64069 -0.515504 -35.7816 -66.7605 -55.7283
-16.5979 2.11422 0.102566 -18.4025 -167.911 -73.6843
-16.6598 -1.82746 3.21389 -24.5999 -99.2035 -15.9355
-16.4496 0.715202 -0.0973096 -7.72579 -138.885 14.4114
-16.6528 4.15756 -0.859078 -30.7853 -156.063 59.6111
-15.7575 -4.11834 -0.408522 56.2989 -98.1847 -80.7857
-16.1215 -8.97671 0.263227 15.2927 -19.1525 -54.233
-16.1696 -4.3295 0.0295654 9.28566 -76.2375 -91.8239
-15.8084 -14.4483 -0.0375585 44.4942 -40.575 40.2481
-16.4182 2.84694 -0.182365 -21.9245 -133.255 -84.8217
-15.6609 -10.17 -0.572421 50.0484 -78.3022 -77.5968
-15.4972 -6.84477 -0.201821 63.8004 -115.839 -95.9823
-15.8806 -1.25545 0.395038 20.7946 -108.925 143.678
-15.7162 -6.07571 -0.161227 36.9037 -91.5847 -103.916
-15.5514 -13.6227 0.298639 53.2039 -61.697 -18.3114
-15.4232 -6.82148 -0.0228909 63.0644 -124.263 70.7287
-15.7059 -4.18843 0.190648 30.005 -89.2098 86.2269
-16.2437 3.91774 0.108455 -27.0403 -116.047 48.5517
-15.3457 -5.99109 -0.0624236 61.2294 -134.61 -12.6343
-16.326 10.7117 0.259926 -39.018 -61.0631 -123.64
-15.9948 9.2548 -0.374041 -7.56675 -20.2375 57.3228
-15.457 -27.8547 16.178 42.2141 -95.6827 -29.1637
-15.8081 -1.3026 0.228576 3.7045 -159.049 -10.5448
-15.5594 -4.18506 0.214474 27.8451 -122.214 109.354
-15.6885 -6.80469 -0.27214 13.9609 -22.7833 -160.854
-15.9003 10.4777 0.369482 -15.5456 -32.0017 -12.2764
-16.117 4.7045 0.713866 -40.3665 -150.518 84.2839
-15.3991 -8.61322 0.130958 28.3328 -46.8728 -164.623
-15.6896 15.0187 3.74965 -5.8845 -119.157 -84.4233
-15.1807 -17.3731 4.64693 39.1732 -219.001 -4.76045
-14.9349 -5.86966 -0.0772224 63.2752 -166.009 -27.6707
-15.7326 13.6544 -0.153157 -19.3238 -29.0253 -3.31107
-15.9429 7.32657 0.478463 -40.3457 -88.521 121.659
-14.8629 -8.40066 0.309653 66.2837 -105.267 11.5317
-15.0713 -8.47232 0.276304 44.7757 -76.104 -23.0702
-16.1823 9.22031 -0.426277 -69.1257 -118.393 11.6177
-15.5161 0.866712 -0.128662 -4.87504 -137.044 -70.7925
-14.7471 -13.253 0.249955 70.8811 -75.7433 -27.5183
-14.9122 -11.7033 0.164326 46.3282 -55.0323 22.9317
-15.8169 5.92132 -0.335721 -45.2179 -127.796 -54.4504
-15.066 -1.27063 0.251123 27.1414 -177.15 20.681
-15.1303 -14.1427 0.210135 19.9205 -17.3036 38.1292
-15.664 13.5562 -0.0598731 -36.9111 -49.6253 83.0573
-14.5931 -6.48522 -0.0176391 64.3772 -144.373 70.7075
-14.5836 -9.51104 -0.364008 61.5634 -101.272 86.1205
-15.8203 8.39703 -0.00110875 -63.1528 -125.679 -91.3267
-15.305 7.5315 -1.19712 -13.5782 -105.838 -67.0811
-15.0027 -2.76975 -7.99908 13.0063 -83.5028 84.938
-15.6033 5.46811 0.693471 -47.6956 -137.595 143.304
-14.3202 -8.77477 1.66251 77.9799 -213.713 67.1032
-14.3039 -21.0134 -5.32866 79.1025 76.392 141.572
-14.7324 -2.74846 -0.536629 29.771 -132.758 168.57
-14.0122 -9.03797 -0.309476 94.461 -31.2504 101.649
-15.2356 -3.3149 -2.41686 -29.8603 62.5657 -57.4788
-15.0259 2.61135 -0.276925 -16.1625 -117.217 -180.392
-15.335 5.72636 -0.184571 -48.3727 -135.76 78.7777
-15.1312 3.80579 -0.940673 -28.2968 -115.46 -95.4102
-14.7099 -1.28225 -0.169907 11.8565 -211.297 -53.3264
-14.9947 11.2358 1.38979 -20.8266 -34.154 -84.1194
-14.2745 -9.34014 -0.126681 47.3077 -67.8822 16.5219
-15.1538 8.50729 -0.112152 -41.3341 -84.3577 132.121
-15.4306 7.6234 -0.724844 -68.9113 -83.0475 -8.00928
-14.8571 4.08894 1.45061 -15.0055 10.3137 -88.1247
-14.9494 9.09142 3.9242 -27.6294 -50.7983 7.07273
-14.4007 -15.9818 -0.141834 26.6276 -9.03863 -10.5914
-15.0773 8.04858 0.00673234 -43.8013 -85.7661 -79.8617
-14.6574 9.72162 -0.351745 -3.89765 -12.4917 -116.719
-14.2459 2.35515 -5.81169 33.5432 18.2591 29.8576
-13.9014 -7.88425 0.332585 65.7683 -121.629 50.8472
-14.4073 -13.4559 0.208914 14.3522 -10.5334 44.5989
-13.8905 -14.8833 0.28896 58.5708 -48.7336 35.1075
-14.9704 6.34255 -0.0487358 -50.5645 -121.895 29.6998
-13.7011 -12.5935 -0.132127 74.6951 -68.8479 -57.9566
-14.7434 9.93284 -0.838298 -31.823 -55.7154 -15.2616
-14.5994 -1.58076 -6.95798 -24.367 -70.0187 -37.6364
-15.0871 9.84054 -0.131729 -74.4886 -121.214 93.9416
-13.2114 -12.2218 -0.108481 111.694 -103.597 -38.0044
-13.4055 -9.12957 3.26435 84.0101 -109.751 106.688
-14.8634 9.6943 0.271295 -61.7597 -92.1818 -79.5548
-13.7233 -14.4572 -0.185913 48.6281 -37.4139 25.8711
-13.3503 -14.3619 0.206912 82.9084 -72.2015 -32.8885
-13.9027 -1.19506 0.161416 26.3283 -184.433 -46.6261
-13.1572 -14.1816 0.30191 95.1028 -82.5001 58.8891
-13.8367 -10.4026 0.052868 23.3829 -25.0895 139.122
-14.834 7.84404 0.088862 -76.2912 -136.14 -1.54228
-13.7626 -1.13399 -0.00361182 22.6353 -137.021 -198.753
-14.4618 7.69018 -0.00548345 -53.7431 -103.77 -87.6847
-13.5431 -2.40629 0.291523 32.1003 -193.652 28.2776
-14.2399 13.6562 1.34824 -41.4004 -46.956 84.6328
-12.8938 -9.86624 0.358143 92.1662 -128.612 36.0538
-14.1108 -8.99547 -2.00806 -35.0748 -131.9 57.9966
-13.0833 -10.3236 0.0961035 66.9524 -79.8174 -25.0324
-12.9117 -9.19538 -2.20792 79.0575 -108.454 158.147
-14.0355 3.35707 0.1944 -36.887 -123.119 136.062
-14.4846 5.80848 -0.6722 -82.2652 -307.216 311.546
-12.8474 -11.8386 0.0165664 76.6964 -86.3077 76.907
-14.0422 10.4612 1.43584 -46.6906 -68.4262 49.4032
-12.7468 -10.0956 0.158574 81.7439 -99.9794 36.1264
-12.284 -11.4062 0.0430793 122.318 -119.119 99.2304
-13.4502 0.859222 -0.263168 1.67085 -18.3738 -203.006
-14.2226 9.48245 -0.698921 -77.7706 -114.713 85.1866
-13.6133 6.94206 -0.520562 -17.8632 -213.356 -272.853
-14.3361 7.53527 0.116499 -91.883 -164.256 27.225
-12.4725 -9.38633 0.676376 89.2457 -123.909 -60.9102
-12.3925 -8.68964 -2.86106 88.3392 -118.891 -135.189
-12.3547 -13.1036 -0.194918 85.2884 -72.6643 -1.79895
-13.7012 13.7165 -0.205727 -49.3736 -55.8372 100.697
-13.8821 10.9757 0.288863 -70.0411 -100.246 -19.4703
-12.029 -15.5037 0.868015 97.2861 -73.0284 -20.6795
-11.8476 -14.7196 -0.403455 104.904 -75.2658 -92.2656
-12.2339 -10.1832 -0.0638627 64.1536 -79.7331 163.753
-12.0561 -4.82607 0.0706553 79.5504 -205.263 101.995
-13.2619 15.5552 1.08737 -42.4618 -38.328 -89.4193
-12.5318 -14.336 1.67585 29.6702 -18.2967 -22.3728
-13.5594 10.9092 -0.415619 -73.4738 -97.1413 -22.0993
-12.8283 -1.17034 0.16609 -1.35279 -235.209 -26.6137
-12.0551 -12.7691 -0.0958673 72.1169 -66.817 86.1908
-13.5463 14.5582 1.28709 -76.9085 -76.7688 -36.5519
-11.4184 -10.6201 0.0311007 114.178 -126.731 83.8863
-13.0498 7.29576 -0.370638 -50.3379 -92.5803 -142.496
-12.4233 -3.26397 0.343728 10.2314 -28.2515 248.522
-13.0907 15.628 0.944928 -58.7584 -57.806 33.5389
-11.8649 -3.35993 0.0943809 60.6565 -240.445 18.5262
-13.374 11.9227 0.647367 -89.942 -104.227 45.126
-13.2895 17.4709 -0.711773 -81.7757 -198.668 18.4388
-11.9249 -12.7607 0.0481944 42.8226 -34.3291 -156.45
-12.8201 16.7978 -1.824 -47.5972 -38.1927 10.2327
-12.0095 -12.6352 -0.239014 32.7175 -27.6446 -48.8098
-12.0138 -6.72676 0.454523 27.5339 -40.1604 200.629
-11.5283 -12.2113 -0.230932 71.1854 -61.7523 -47.6326
-10.8752 -35.4027 13.8752 134.964 33.9751 -66.7535
-11.0176 -13.0793 1.06194 119.565 -93.2161 -11.0964
-11.2257 -10.4084 0.0873828 95.9949 -109.062 135.457
-12.5926 12.5883 -0.296298 -53.7991 -60.0644 -7.80611
-12.2759 12.3271 -0.1849 -27.2936 -32.1289 90.0738
-11.4099 -5.12714 -0.253342 57.8362 -162.495 -168.456
-10.746 -10.0372 -0.0129137 123.018 -144.851 39.6182
-12.1513 15.4551 -2.3893 -36.7171 7.07134 66.0794
-12.284 6.48052 0.229759 -59.6732 -128.777 144.597
-10.9373 -15.6071 -0.959523 73.4032 -47.9933 -83.3804
-10.3727 -9.68853 -0.128879 125.328 -133.862 -70.4784
-10.7195 -8.08438 0.805842 85.0547 -116.472 156.912
-12.0395 14.7312 -0.561062 -50.8475 -43.5519 122.453
-10.5132 -9.74501 0.0874373 96.7154 -93.3341 132.126
-10.7476 -11.6447 -0.186107 63.6151 -48.1814 171.214
-10.4777 -14.9874 -0.960158 86.339 -57.1609 -116.874
-10.338 -4.72018 0.0619385 99.5598 -196.651 119.97
-12.04 16.0492 -1.58397 -69.8098 -149.981 -159.89
-12.1712 -2.57821 2.63731 -90.7496 17.5221 -97.0218
-12.2957 14.6215 0.807616 -109.731 -46.2955 12.3482
-12.2163 10.8487 0.404896 -102.27 -116.135 -132.038
-10.6302 -13.6175 0.870909 48.4605 -34.4796 81.4801
-11.4009 15.0796 -0.205502 -31.3651 -171.02 8.80389
-10.6515 -11.4001 0.411403 38.8079 -31.9577 204.362
-10.7814 -8.08002 3.84821 16.8635 -154.509 -21.8595
-9.47031 -13.6676 0.358028 145.622 -88.6402 -77.9782
-11.2188 18.5958 0.449376 -30.4201 -22.9525 -20.6688
-12.0117 14.4894 0.948427 -120.787 -2.43609 -12.9001
-11.2096 12.131 1.3879 -44.4263 1.2154 -82.2063
-11.3789 13.2814 0.876309 -63.871 -61.3801 -127.206
-10.1557 -14.4537 -0.831288 51.1082 -33.1646 -23.034
-10.1205 -14.3796 0.436921 50.3541 -29.4669 -25.2186
-11.4261 4.12209 -0.204619 -83.1237 -218.154 -4.81204
-9.4413 -21.9281 -3.22145 113.699 50.1324 36.8123
-10.2781 -14.5724 -0.784229 28.1121 -15.011 28.1453
-11.8808 14.0313 0.935096 -132.865 -111.91 158.4
-8.64656 -13.7115 0.742785 187.195 -46.1364 57.7792
-9.6001 -13.7344 0.49768 87.8641 -57.7188 53.9766
-9.41339 -17.5407 0.0227547 101.429 -48.4905 -70.2867
-10.7838 1.71715 -0.203204 -38.3218 -225.884 -133.78
-11.2167 11.4806 -0.0280879 -91.1297 -92.0795 -63.98
-11.0201 7.86661 6.55831 -80.7272 26.1454 51.0808
-11.0367 11.7944 1.1192 -93.9884 -90.7724 39.2273
-10.9278 12.9251 0.720237 -106.124 -99.704 2.27943
-8.66391 -13.7015 0.685064 113.079 -134.335 21.3524
-9.41611 -8.61099 -0.303232 26.6644 -28.711 -238.406
-10.1009 12.5211 7.93177 -42.5265 1.09442 84.1278
-7.93551 -15.0079 0.073957 171.271 -89.8244 -8.96393
-11.0356 11.1877 0.00416272 -140.785 -137.779 -33.0563
-9.98696 11.9062 0.470411 -54.0101 -48.4451 -207.769
-8.1942 -17.1121 -1.19526 116.732 -57.127 52.2302
-10.7115 9.03229 -0.21766 -136.194 -159.473 -109.348
-10.6175 12.5072 0.754038 -128.195 -106.966 21.2719
-9.88554 16.9419 0.841682 -59.9272 -57.8036 -34.7144
-10.0415 8.84693 -0.878602 -80.1657 -91.4394 201.267
-7.86437 -28.1702 5.78434 125.537 77.6083 -100.523
-8.51114 -15.966 -0.410156 45.0558 -23.6286 -125.749
-7.21359 -13.6691 0.148673 170.209 -79.7917 67.7874
-8.47678 -15.6775 0.0686234 44.0762 -20.2746 -17.8413
-7.40299 -8.22106 -0.458723 142.19 -114.731 -187.491
-7.95678 -17.8527 -7.47785 85.4922 -34.6731 66.1299
-9.32057 12.0814 9.65225 -50.2412 -19.5482 27.3805
-7.92774 -12.4644 1.65146 81.7648 -148.689 -65.4239
-8.18081 -18.7175 -0.499735 54.7194 -20.2015 -29.2383
-7.73804 -21.1115 -7.04218 95.5306 -3.07526 25.1994
-9.07523 16.9904 1.54784 -40.7493 -25.857 -16.3358
-8.93445 15.2386 0.557635 -30.4539 -31.0306 44.3052
-7.84428 -14.4911 0.200092 67.9596 -8.56777 91.7595
-9.3491 7.96052 -0.293955 -82.9118 -98.5371 -192.235
-7.35257 -18.0815 -0.0337504 108.191 -37.9044 30.7227
-7.58408 -20.9169 -1.21673 83.0009 25.0895 14.7644
-9.87811 11.5804 0.769242 -145.046 -120.613 84.8465
-7.55424 -15.704 -1.10755 81.8077 -38.6739 39.0029
-9.34207 15.576 0.737827 -103.467 -45.2672 43.015
-9.37287 15.6752 -0.0620175 -109.574 56.0152 -74.183
-7.68147 -14.436 -0.368446 50.552 -27.5599 -111.558
-7.89154 -14.6526 0.174831 28.5849 -37.7461 107.048
-9.27218 14.8938 0.366028 -121.563 -193.972 37.6266
-6.58797 -13.8725 -0.93768 135.054 -68.6355 69.942
-9.32216 11.9756 -1.38806 -144.923 -105.503 -66.0835
-6.23038 -15.5158 -0.0261924 155.126 -60.0506 28.8483
-8.0979 17.471 0.549405 -31.7169 -20.7489 -6.60293
-8.64058 14.142 0.398771 -98.2248 -61.527 36.4366
-6.37979 -34.4404 1.92153 124.088 166.207 -134.076
-6.50918 -6.3077 -5.95956 109.855 -181.536 38.5322
-5.94256 -11.3239 0.219321 164.669 -79.9136 146.063
-5.82453 -8.61708 -0.656021 176.289 -117.436 -169.06
-6.17883 -16.7894 0.430083 139.36 -49.1578 43.1473
-6.32945 -13.2975 -0.845312 120.722 -55.9081 117.755
-7.32549 -16.9439 0.479329 17.7293 -3.33117 -87.0319
-6.55243 -16.0904 -0.115588 87.6424 -33.0943 -52.5824
-6.26113 -25.2692 10.4835 106.226 1.05917 7.45012
-7.96662 17.9704 -5.90312 -71.4497 -64.8069 157.114
-7.73768 14.9525 -0.285318 -51.1424 -32.3731 -120.592
-8.29704 10.7017 -1.01342 -111.012 -77.4861 151.154
-8.08126 13.2255 0.536921 -91.77 -58.6831 187.248
-6.1041 -16.4678 0.324457 100.548 -36.0316 -48.9388
-7.16414 16.8517 0.322327 -20.2857 -16.0525 -52.991
-8.08835 17.2224 0.530653 -112.35 -58.7128 -17.9412
-6.37879 -18.4699 1.48733 38.8259 -59.3477 -80.1677
-6.07059 -18.8818 -0.777671 67.3391 -20.861 -98.9644
-7.10836 -10.01 11.0945 -38.5584 6.90143 -10.8563
-5.67664 -18.2917 -0.00518805 101.559 -23.2539 -26.5957
-7.75979 12.6486 0.17806 -109.982 -67.4895 -134.574
-7.34375 15.7136 0.580783 -74.9312 -40.4638 74.3099
-5.15665 -17.6571 -0.406595 122.782 69.9579 161.615
-6.89918 20.1571 -0.519094 -59.7881 -24.0274 48.165
-4.92658 -15.4828 -0.383461 134.003 -122.499 117.287
-7.72442 9.45799 -5.45402 -148.707 -20.0201 79.9646
-7.36945 17.8127 -0.634079 -114.428 -46.9098 2.87352
-6.57914 15.6325 0.172715 -46.9908 -25.4216 71.4164
-4.88287 -15.8362 0.0378991 119.507 -2.13871 56.5932
-6.54224 12.8916 4.05988 -45.9908 41.7348 -136.501
-5.98649 8.28558 8.49952 -0.388215 84.9934 -82.1652
-5.64942 -16.6932 2.29632 27.4066 -55.7581 242.369
-3.43493 -7.03894 -0.0656501 242.474 -148.039 49.7794
-5.1003 -16.3726 -0.114989 76.2879 -19.2606 -97.6064
-7.28547 17.0255 0.0614823 -147.822 -64.9717 -40.7398
-6.92941 18.9253 5.03925 -119.931 -68.0939 -1.8073
-6.52512 19.8228 -0.490408 -81.0534 -30.3713 -8.66334
-5.25445 -16.7362 0.0331675 42.6111 -10.7025 41.0247
-6.8379 16.4977 -0.591342 -115.622 -48.4159 -0.965982
-6.87326 16.1889 0.224624 -121.651 19.9401 102.477
-7.02625 16.8557 0.0446182 -137.91 -25.4816 201.159
-4.67503 -14.1646 0.668154 94.9474 -131.024 99.9692
-5.03745 -9.88777 -5.59518 57.1952 118.274 -141.18
-7.2262 16.6944 -0.000331017 -168.426 -104.524 -55.1649
-6.70425 16.1372 -0.483392 -124.825 -54.7193 88.0947
-4.86759 -19.7359 -0.403427 54.5376 -8.95699 -36.7592
-4.56541 -15.5375 -3.42504 83.2641 9.54815 -66.3512
-4.34114 -17.4574 1.15946 96.902 -2.08531 -95.3862
-6.22371 18.8387 -0.407642 -96.4005 -34.0436 46.4675
-6.60659 15.8678 -0.610104 -136.535 -52.7079 -39.3302
-3.59186 -16.5654 -0.649991 157.2 -32.0596 -14.6778
-3.71693 -15.5139 -0.319292 139.718 -28.365 -31.314
-3.36189 -14.2072 -0.0996112 163.993 -38.6549 151.191
-4.00165 -16.4424 -0.337536 92.7555 -18.6825 -32.1694
-5.47742 16.6531 -0.508256 -64.6448 -23.6975 -97.2524
-3.69903 -9.42444 -10.1461 99.2543 -42.6944 64.6544
-3.32154 -1.06304 7.08255 134.946 22.1452 125.911
-5.5881 21.0415 2.8002 -93.7798 -241.128 -140.772
-6.08005 12.7365 0.536995 -157.241 -82.1419 120.55
-5.85725 17.527 -0.405924 -144.811 -54.3993 18.8719
-5.26848 15.905 -0.340991 -95.728 -34.0577 21.055
-2.37546 -24.9052 5.94099 179.941 113.444 -83.1969
-5.29102 15.8932 -0.527487 -110.166 -45.6078 -107.601
-4.85484 2.70406 -1.95082 -72.0708 -182.695 -40.599
-5.43436 16.2773 -0.292485 -131.6 -44.2427 96.3107
-3.11408 -18.1972 0.366319 95.6212 -13.9987 -14.4739
-3.41079 -10.4069 6.67569 48.068 -116.466 -121.53
-4.93077 15.2151 -4.03899 -106.498 -91.5686 -59.7405
-3.083 -20.4035 -1.1807 73.0381 -7.62855 67.7562
-3.19785 -18.5014 0.357482 60.723 2.94188 -34.8823
-2.918 1.10207 -1.26805 84.0536 -197.118 28.5506
-3.25889 -21.3568 -1.32466 47.4746 -2.93324 -11.7272
-4.0511 19.5718 0.292252 -31.554 -12.6555 -58.6388
-4.96104 14.2002 -0.527608 -126.343 -46.1252 -116.508
-2.72096 -2.83142 -8.59706 93.2473 4.22669 -127.926
-3.23822 -18.4991 0.333421 38.6853 -10.3133 -46.2009
-4.27677 20.4668 0.417742 -69.6044 -18.9124 43.3242
-3.09713 -17.7983 0.341603 47.5481 -2.60257 -29.9768
-4.88281 14.5004 -0.31616 -152.408 -51.0285 34.1343
-3.47172 16.8016 0.476125 -14.8588 -29.9817 161.743
-4.59821 9.68272 -3.20377 -126.889 119.674 49.717
-2.55452 -17.0002 -0.94346 74.0962 -6.66486 94.0788
-1.39691 -15.6652 -0.499341 188.272 -15.1117 -45.4594
-2.74619 -18.0018 -1.13365 40.5154 -3.78567 -25.9225
-4.33503 35.0616 8.1508 -122.029 23.2929 78.9336
-1.51143 -16.1745 -0.430067 130.178 -12.3327 33.04
-4.43555 12.9973 -0.35778 -168.732 -72.7054 -92.2528
-4.09049 13.4957 2.3379 -137.885 -16.4662 -157.29
-2.02886 -20.5109 -0.518718 61.5835 -2.45274 67.1735
-1.70457 -17.6439 -0.62021 89.5356 -17.9446 -104.804
-1.18647 -13.0717 -0.557652 138.117 -7.92706 -169.503
-0.660924 -15.1861 0.65503 186.466 -15.5121 103.847
-3.39767 15.3186 -0.223655 -87.7372 -23.8074 157.346
-3.64987 18.0834 -0.0755712 -120.941 -20.7638 5.01389
-3.64168 16.2285 -0.469594 -130.748 -32.729 -50.4615
-3.62493 16.9914 0.394981 -132.678 -2.16344 79.2705
-0.938723 -19.0752 0.683728 133.458 -8.33983 0.13722
-0.156792 -14.379 -0.449094 201.666 8.48931 -77.2783
-1.87112 -18.5599 -0.64592 23.3515 3.14383 -103.989
-3.53549 12.851 6.58422 -147.311 20.9457 -51.3541
-0.24303 -16.7341 -0.524501 177.922 2.04622 -91.8638
-0.233082 -16.3144 -0.369424 176.783 -4.48241 42.9556
-2.22245 20.4883 0.0360018 -23.1836 -5.84607 98.3176
-2.08974 19.3198 0.0050211 -16.3537 -4.98248 65.6844
-0.159563 -13.3558 -0.462264 174.067 -1.24973 -114.17
-2.74815 17.8738 -0.852508 -98.1461 -16.7086 9.94541
-0.0490899 -35.0161 7.48865 162.724 -73.3633 96.7015
-3.19031 13.9883 -0.268299 -157.624 -42.2542 84.3566
-0.398053 -20.1638 -0.517936 116.081 1.82854 -4.15004
-0.97949 -18.308 0.633108 55.0775 -1.96947 -21.6836
-1.98653 17.997 0.0884038 -52.2087 -7.08999 139.413
0.698471 -12.2016 -0.0207683 213.783 9.08342 -142.116
-1.8471 34.2769 2.17802 -41.1388 146.615 2.38651
-3.28308 14.2746 -0.384529 -185.37 -48.3856 -17.2341
-0.43941 -20.8739 -0.556407 96.0353 7.17194 -22.7387
0.489725 -18.1371 -1.86198 187.248 88.5729 -16.5263
-0.364478 -17.9399 -0.549552 93.7158 4.96004 -86.5095
-0.393173 -18.9254 -0.572801 90.637 0.370876 -84.9008
-2.32113 18.4181 0.2187 -103.569 29.6104 -18.1
-1.93917 20.8323 1.19383 -67.1482 -10.1559 -46.9896
-3.12865 9.48035 3.88285 -186.962 -103.179 89.7641
0.436194 1.22526 -7.47911 164.915 103.864 23.4233
-0.368286 -17.7245 -0.613332 84.9212 4.00373 -151.242
-0.33589 -16.4583 -0.281647 84.6644 4.69222 128.424
0.771134 -17.3741 0.521308 183.845 -73.5956 -2.48707
-0.498614 -21.2002 -0.493247 47.2241 2.22795 43.5778
-1.73049 18.395 1.03012 -76.1292 -10.7334 -64.0508
-1.63014 17.3624 0.97621 -68.8682 -10.0458 -56.7902
-2.08239 16.2014 0.230406 -115.241 -22.5389 -35.0704
0.334398 -16.1675 -1.12495 117.796 -105.202 36.668
-0.915864 18.494 0.649706 -10.6449 -4.43906 18.2047
-0.484593 -19.5245 -0.486635 19.8348 4.46125 9.95108
-0.117829 -18.5793 0.33324 50.0468 3.65887 -59.1404
-0.143338 -19.8753 0.505578 37.3853 3.81859 76.0201
0.675516 -18.519 -0.568023 116.3 8.39178 -53.8417
-1.96916 16.662 -0.0613694 -169.176 -12.2115 -4.70167
1.34499 -13.0464 0.279205 160.016 19.3554 -179.856
-1.94729 14.5827 0.371998 -170.723 -29.8174 122.056
-0.155022 -18.7598 1.28041 -2.32086 45.5795 64.2722
0.830995 -18.9498 0.202028 95.1407 9.05057 -1.793
0.789201 -18.1581 0.16567 84.5586 8.58292 -27.7982
1.71468 -17.0153 0.545137 172.055 22.6477 -65.3946
-0.0149601 0.0988081 0 -13.9757 -0.0211535 0
-0.734763 19.0054 0.331725 -90.5479 -7.50067 40.2988
0.841475 -20.062 0.311801 65.0493 7.05041 89.601
-0.774961 19.77 0.202534 -104.153 -7.079 -91.2269
2.61818 -19.65 -0.257743 222.549 -26.3887 -59.731
0.831526 -20.6342 0.155939 35.2341 6.022 -61.7443
-0.690668 16.89 0.327267 -120.542 54.4211 56.9952
1.66705 -17.2337 0.628477 109.696 16.8301 6.37183
1.96036 -13.8421 0.560098 137.815 16.579 -145.926
-0.734046 16.9214 0.176474 -149.536 -80.392 -64.837
2.43418 -14.7909 -1.03854 156.502 31.1907 -139.166
2.09356 -15.1038 0.656848 108.279 15.0365 -116.381
1.2684 -18.3016 0.951939 12.0629 5.53889 -15.8093
3.13426 -1.96561 0.237322 194.905 230.657 -59.9717
0.542625 15.3548 -0.75541 -64.045 0.662296 -153.265
0.685459 18.6982 -0.650325 -54.975 -0.218437 65.2351
0.404344 18.9737 -0.36927 -93.3162 -2.03294 -43.608
0.384993 18.4669 -0.428519 -98.8771 -4.42934 -106.967
2.37671 -17.3492 0.822247 98.2433 16.4921 -70.3513
0.987854 18.0902 -0.366476 -48.2346 -4.51445 40.2283
1.94016 -21.15 0.723807 37.1598 6.96346 -37.3558
2.45376 -15.4162 -1.0595 87.3107 19.1808 -124.413
0.544993 16.5629 -0.592282 -106.754 0.737663 42.5933
1.6482 -17.8555 0.467233 -0.992117 54.2937 24.7711
1.56148 15.0909 0.474333 -9.8279 -92.604 -0.867706
0.741408 19.8593 -0.577889 -92.569 -69.6733 51.3008
0.309164 17.0944 -0.383221 -135.72 -7.24859 -86.3986
2.86128 -16.6557 0.130603 113.227 23.4225 65.6382
0.922285 17.5455 -0.494272 -80.284 -4.99771 -90.6648
1.11124 20.5372 -0.513294 -63.999 0.36717 -45.3037
3.62586 -14.4919 0.703732 182.729 41.9263 29.0454
2.74956 -16.1419 -0.0300703 88.6863 17.4191 -82.705
0.908459 22.1102 -13.1606 -97.5849 20.1187 -167.832
1.01269 19.4087 -0.415972 -95.669 51.899 21.0632
2.47477 -22.3349 0.096568 42.0771 117.433 -7.40616
0.425039 15.0419 -0.425572 -162.138 3.7445 143.495
0.356284 13.5198 -0.659284 -169.817 2.46014 -129.555
3.09431 -18.1594 0.191274 100.987 18.4684 117.253
0.801545 14.7671 -5.33378 -127.318 44.3916 76.4946
0.899809 19.1188 -0.533206 -128.642 49.1323 34.313
2.77602 -15.419 6.71691 55.1047 4.56029 24.2573
0.903645 0.115592 -2.88496 -142.056 -152.828 -5.18001
1.78918 16.3311 0.456222 -55.593 43.1019 -101.173
4.09796 -14.4924 -0.683894 168.235 45.3039 -88.4018
2.24905 19.6021 0.614297 -17.6265 -3.35168 7.99479
0.112133 6.58002 -0.313671 -248.67 -5.27591 -153.788
1.96937 17.6618 0.682452 -68.7887 0.369837 127.784
0.545359 1.04544 0.0318552 -223.651 216.749 19.5905
3.86476 -13.9242 -0.342131 96.8015 32.7241 208.85
4.40148 -17.6626 0.280027 144.357 38.1342 -72.6255
4.82398 -14.5018 0.13309 183.932 58.2276 71.0752
2.92935 18.8554 -0.597429 -13.9307 -1.30813 -75.8188
2.02744 -3.26118 -6.25325 -104.963 -80.938 39.6366
0.630794 17.1036 0.709657 -263.227 155.524 120.645
4.34609 -17.9466 0.83373 98.0627 24.7179 1.94873
0.798678 6.80195 -1.34316 -259.556 -49.5352 42.4817
4.02574 -16.7824 0.89981 57.2823 16.9232 114.368
4.27568 -5.1298 -10.722 79.2745 -49.7226 -57.3613
2.07616 21.9532 5.74598 -149.059 -80.5081 -114.572
2.67286 17.8109 -0.552168 -98.7031 14.6411 -60.6885
2.43052 16.4263 -0.388677 -124.025 8.82243 56.789
3.28149 21.3247 -0.547826 -44.4401 3.17968 33.5538
4.1822 -17.5186 0.94763 41.8365 13.9204 127.353
1.93594 15.5799 0.100942 -181.472 17.0811 -55.8294
1.66807 14.9817 0.444812 -212.712 112.106 91.9292
4.73676 -7.8511 -8.86019 92.0932 132.931 13.4014
2.80597 16.002 0.397766 -105.5 11.1168 94.5843
3.30882 18.4667 0.312879 -56.737 7.23013 -27.4857
2.55392 17.1271 -0.508233 -133.669 -22.8788 -0.0926325
2.92372 19.4784 -0.463878 -107.684 13.899 64.4617
3.57148 15.3244 -0.314727 -48.0422 8.72156 -147.653
5.90388 -14.465 0.047789 176.536 79.2945 27.3706
3.82447 20.073 0.542552 -33.2078 -58.7856 7.40172
4.69127 -1.59473 0.508413 49.5086 155.535 255.236
5.00092 -15.5752 -1.54514 78.121 79.5981 -44.5238
4.33513 -18.3239 0.695422 8.93216 6.56657 -142.728
3.12476 33.1088 -4.68763 -116.597 -55.3947 -63.8925
2.30286 13.8286 0.328618 -199.514 40.3889 68.1811
3.68387 20.4823 0.465561 -62.4202 -37.8059 1.13835
3.53351 19.824 0.433449 -78.504 6.17529 61.6162
6.55746 -20.0591 4.61663 220.362 -27.6294 4.05595
4.86771 -20.5087 -0.270304 51.3998 14.6687 -2.40512
3.54181 20.9672 0.0899939 -81.0935 103.937 -72.6882
2.77595 14.8878 1.2008 -160.552 32.9596 -31.5394
5.68355 -13.9336 0.0561848 124.895 49.8928 169.669
5.36385 -16.5405 0.186576 91.8949 30.8723 113.693
4.81849 2.65649 11.7332 21.2271 105.687 -20.3896
2.73504 20.254 -4.89719 -188.344 -72.3228 1.90322
4.34438 18.8838 -8.35369 -30.1804 7.08655 68.2363
4.57192 -4.23731 -5.80326 -7.63222 129.854 -19.3747
4.01538 20.1573 -3.11411 -77.263 64.1679 -21.0875
3.97779 17.0329 -0.114783 -89.9063 -117.077 36.3777
6.2982 -15.2143 0.161151 127.105 216.335 -8.94072
6.24939 -16.0074 -0.195507 122.033 -96.0547 -179.341
4.59744 13.0714 10.5016 -42.6079 1.84866 -95.8278
3.60457 15.9121 -0.214375 -142.135 29.3948 -48.4982
4.197 18.193 -0.130882 -94.9621 20.0593 51.3951
5.69328 -18.3367 2.96897 34.9111 11.0101 -30.3609
4.54165 19.5892 -0.16457 -82.2756 16.924 33.2993
6.35642 -14.1357 -0.561939 96.681 46.4956 183.352
7.1891 -15.8243 -0.820389 165.791 76.9088 27.8523
5.89555 -18.4308 0.222422 32.9852 13.8375 140.336
4.52184 16.1941 -0.216639 -104.899 -32.0973 15.6893
6.0928 -20.6426 -5.91147 43.4427 23.8702 71.694
4.678 20.2537 -0.189769 -101.22 19.1772 16.0863
6.2377 -15.7625 0.104876 45.4263 3.32351 61.0623
6.22367 -18.0547 0.65999 43.2509 -24.9872 154.365
6.31991 -19.7338 0.0569036 41.5843 17.3397 -19.0703
5.41356 15.8758 -0.299863 -57.1545 16.8061 137.305
6.56723 -16.3662 -0.107558 56.9755 29.1655 36.894
6.94812 -17.391 -0.111183 94.2277 39.0245 -124.564
6.22883 -18.4298 -1.54684 12.1588 87.3467 51.7728
7.54255 -13.9889 10.0264 142.516 24.3433 349.961
7.69964 -12.3537 0.172319 157.578 94.9393 63.0085
3.96809 17.618 -0.346308 -217.176 231.432 -0.206201
5.24262 18.0122 -0.708494 -97.9747 32.4744 0.936513
7.74153 -14.5906 0.251843 147.681 81.276 -19.2093
6.98945 -17.559 0.00752437 72.8364 34.8322 -13.8613
4.65504 8.49833 0.177031 -164.661 92.4636 -191.051
4.52766 8.53677 -1.00604 -184.927 -59.7144 4.1994
7.91393 -17.655 -1.89391 150.286 173.318 233.992
6.59081 1.53182 -2.49312 16.1954 -135.102 -97.1262
5.4828 17.8915 0.723749 -95.3916 25.2939 -38.9099
4.72134 16.8506 -0.63617 -175.883 45.7536 -27.9586
5.38347 11.452 -0.204525 -117.918 54.5807 178.393
6.72304 -15.255 0.432877 13.2838 -81.8794 -56.1908
5.463 18.2412 0.739538 -112.684 21.8199 -88.5499
6.23069 13.0019 -0.251155 -44.5694 17.4834 186.378
5.75775 12.1627 -0.651288 -94.8144 43.2874 -215.533
7.99092 -16.5191 -0.0679604 117.635 69.3824 24.5203
6.26283 -3.50555 5.06145 -58.4433 -103.764 -0.734698
6.73479 1.19035 -0.517369 -21.183 129.504 -257.021
5.37353 16.1221 -0.507758 -160.805 55.0068 -51.5024
5.74147 15.798 -1.09237 -125.147 42.748 102.62
7.55335 -15.8991 -0.496876 47.5686 25.78 -87.5081
7.67716 -12.5869 6.97881 54.5019 10.7962 -20.059
5.54102 11.8846 -0.277123 -160.143 67.0524 124.167
7.54291 -18.9274 -0.114812 24.548 15.3512 51.4508
6.2483 28.0525 -9.5025 -104.892 -84.5482 72.0577
8.13507 -14.5017 -0.83746 64.9579 40.3618 88.6493
7.20917 9.90724 2.41196 -29.8395 164.857 28.5988
8.27852 -14.7441 -0.991434 71.1425 44.4535 -40.4178
6.53131 13.8034 -0.321567 -111.759 46.519 145.58
9.32692 -12.1748 -0.739052 156.61 105.215 0.650849
8.42527 -14.6838 0.909004 57.1894 37.5169 175.99
5.81955 14.003 -0.742585 -203.171 81.1942 46.8093
7.38776 37.8391 -5.35052 -51.7584 131.778 -60.0192
8.31393 -0.445226 0.0158657 36.9203 267.454 -56.6373
8.78453 -14.3525 0.195423 71.4199 46.3692 69.279
8.77124 -5.69257 0.0884963 69.2084 107.008 232.148
9.03287 -15.6551 0.743573 92.0537 67.9754 -24.456
7.16691 12.8153 0.708983 -96.063 114.068 140.489
7.35947 15.4286 -0.416948 -80.2453 30.1581 109.747
7.69982 17.8966 -1.06987 -52.4967 16.8788 -48.0822
7.19125 15.4548 0.640174 -103.532 228.695 101.117
7.58357 15.8632 -0.488768 -68.4153 27.6139 56.8302
8.3398 20.6469 3.9574 -10.1458 2.73502 35.5895
8.18189 14.8897 5.35361 -30.5087 23.0606 3.12606
9.3101 -16.5855 -1.01109 79.2445 47.4258 51.6819
9.22644 -17.6642 0.272963 70.8633 43.5464 -52.0672
8.63437 -15.5382 -0.931154 11.3425 9.88351 61.2368
6.73529 7.92617 -1.61201 -181.604 169.703 -88.2891
6.91589 9.72766 -0.545234 -163.779 122.462 117.96
8.40444 17.4319 -0.528696 -21.072 5.28139 71.1759
7.00663 12.4503 0.720863 -162.508 21.9842 128.585
8.93007 -16.0298 -1.11766 27.3745 19.9481 -82.9189
8.14046 11.8743 -3.80235 -53.3904 81.464 77.8593
9.43713 -16.8394 -1.18494 68.4987 43.6985 -95.7662
8.66115 15.0725 0.0217809 -14.8175 -46.4634 50.975
7.45772 13.2944 0.678919 -137.495 68.2923 73.1871
8.45364 17.1772 -0.0470409 -42.7967 64.824 55.6662
8.12183 17.0026 -0.543667 -79.0845 30.1975 42.4036
8.1873 15.1191 -0.161086 -86.7443 -91.8693 -87.3226
7.65598 -2.08046 2.0038 -141.709 134.681 -100.085
10.0741 -13.3067 -0.859955 94.1722 68.0085 -50.8783
10.3142 -15.7109 0.652505 116.524 79.4531 47.5157
8.44328 18.7446 0.478285 -74.2973 23.5849 77.3578
9.75978 -16.0049 0.0856749 54.6218 37.3309 -46.1687
10.1158 -17.5757 0.885172 87.3632 62.8813 20.2616
8.6868 18.1147 -0.516508 -57.6164 22.0453 104.119
9.97836 -17.8252 -1.22066 67.1867 36.8403 -70.5383
8.43592 8.38757 0.0746937 -87.4075 94.6109 216.779
10.725 -14.0702 -0.890497 139.104 110.245 -33.9274
8.00508 16.9967 1.47278 -140.457 42.5843 39.1577
10.7205 -10.2134 0.820901 127.249 131.256 -73.4334
9.01138 19.57 -0.360521 -47.7649 14.5054 -27.015
8.78904 18.3032 -0.561216 -70.4988 -7.51369 73.619
10.1896 -14.1954 -0.909828 63.7956 169.005 63.0086
8.52742 17.9349 -0.608102 -114.684 43.9625 11.9605
8.40609 14.9185 0.653715 -127.14 63.21 -19.5076
8.88936 6.71603 -0.0265597 -81.8629 112.909 -201.496
8.44225 17.3456 -0.111095 -134.771 6.3077 14.3185
10.581 -13.5842 -2.40687 76.7601 46.8133 -88.4177
9.18827 37.1541 2.55947 -63.6317 195.814 45.9265
8.78092 15.507 0.717068 -106.786 97.1904 44.3012
8.51144 16.3735 1.50963 -133.603 74.398 -39.2091
9.51834 13.3998 5.61614 -35.2403 120.717 19.7478
9.27092 13.1855 -0.372986 -65.7451 43.7647 119.457
9.8287 35.647 -9.24951 -12.2354 -111.746 118.027
10.3938 0.850472 2.75444 40.9653 -126.018 85.0289
9.54402 12.3781 -6.91361 -47.6555 33.4574 28.0255
9.25715 16.3077 0.749617 -89.7356 43.7917 10.2505
9.23445 12.7746 -0.540686 -92.4403 60.82 -165.855
10.8324 -13.1905 -0.0855484 64.1733 60.4231 -139.695
11.4663 -10.8991 -2.53209 124.672 126.417 -111.872
11.3763 -13.584 -0.0560843 113.491 109.933 -31.7143
9.83988 17.1995 0.819905 -39.4618 17.863 36.8916
11.2593 -11.1831 2.38989 91.8239 99.479 13.5616
10.4824 -18.5293 4.01564 6.88792 -6.46573 118.986
9.72473 13.3261 -1.00466 -75.4145 52.5737 -71.1197
11.7998 -11.2827 0.877162 121.326 124.455 -107.069
11.4609 -15.1774 -0.914044 86.735 68.3912 3.82553
9.86663 13.7299 -0.321507 -77.8728 92.7378 9.61891
9.99727 17.5526 0.728371 -73.4655 32.9639 -62.9157
9.6932 10.2768 -0.0399269 -103.898 106.849 -164.341
10.6192 2.3843 -0.0964815 -25.362 126.862 -223.088
10.1657 10.6484 -0.434527 -81.8818 153.021 47.4897
11.5205 -13.9104 -0.0223042 47.9197 48.7527 0.236873
11.8892 -4.68032 -4.35503 79.9627 -83.6939 40.8684
11.9302 -15.8318 -1.03056 77.4256 57.6828 -68.8663
11.9433 -13.0742 0.464192 70.0826 66.3953 53.9451
11.7985 -14.4098 -0.0775683 50.7475 49.2378 -137.684
12.1952 -12.0796 0.712321 88.7778 96.2062 41.7308
10.2071 12.026 0.507738 -109.108 79.9945 87.8927
12.3371 -7.99649 -0.127549 99.4419 158.781 91.0485
12.1281 -3.62371 0.652107 72.6732 203.279 -35.9697
10.3139 12.1525 0.343767 -110.274 81.4634 -69.3304
11.1654 11.3974 -0.582248 -27.4087 21.839 -140.341
10.0142 11.8792 0.358817 -143.856 111.102 -45.3995
10.0114 10.3295 -0.211783 -150.103 59.783 82.109
11.1708 11.6536 0.0200272 -36.1588 32.4927 -126.539
10.6624 15.1901 8.40437 -90.1217 173.228 254.286
10.4795 12.3562 0.352143 -110.425 92.651 -67.7101
12.3011 -16.3513 -0.978898 66.9739 51.2652 8.22957
11.1805 17.156 -1.89871 -44.6112 45.774 -57.642
11.5877 0.147738 -3.48556 -4.67052 249.275 -32.6518
11.1581 2.06744 0.0550833 -48.321 241.422 -93.4557
10.6059 15.1068 1.22819 -103.755 9.52073 26.3534
12.1286 4.55312 -7.10799 45.5402 -22.7419 -72.7701
10.6627 11.025 -1.22768 -106.787 166.648 119.292
12.7393 -8.27585 -0.205045 99.1636 148.875 25.5692
12.1759 -16.853 -0.171518 42.287 39.7392 -53.1116
12.4443 -11.2864 -0.37406 59.0741 70.9671 118.035
12.4149 -16.5384 -0.943941 51.2308 40.2692 50.7465
11.7581 1.47718 -6.13052 -22.4175 205.037 -17.0872
11.7248 4.96333 -12.233 -26.8995 85.749 7.80447
10.4277 11.8139 -0.367559 -157.657 136.749 22.13
11.739 1.79356 0.278012 -29.1779 208.243 -126.608
11.0486 14.1366 0.0700121 -106.601 184.487 -93.7728
11.4646 16.2979 -0.609167 -78.843 50.4561 9.40047
12.042 16.4451 -0.509739 -23.7747 11.8442 -37.5663
13.2451 -12.7877 0.116514 94.7435 107.914 -26.708
11.2833 13.2673 0.500603 -102.667 84.2578 41.2024
13.0454 -7.40757 0.208178 71.6002 132.849 -76.2288
11.5424 9.09519 2.97642 -78.5255 19.6249 159.53
11.2925 11.9424 0.187897 -108.673 109.277 27.7031
11.691 13.0201 -0.567618 -71.1495 59.3922 -124.384
13.1388 -11.9114 -0.61363 66.6139 75.6232 -79.855
12.1163 50.2645 -37.9866 -37.3768 11.9278 -12.7216
12.3049 2.15715 -0.475235 -24.7146 226.518 31.2382
11.9275 12.3831 0.0217764 -64.1323 -15.1568 36.5744
11.608 18.0864 -6.45731 -96.6177 133.351 -107.504
12.1938 12.4835 -0.563088 -47.4959 39.9351 -84.59
13.2842 -9.61871 -0.089774 59.3543 85.604 -67.1023
13.1221 -2.74632 -0.796708 42.5131 238.811 -1.04986
12.9686 -6.52404 0.384675 25.6685 60.7815 -218.788
13.2485 -19.3306 5.20376 53.0165 212.734 -152.413
12.2062 2.14849 -0.374025 -53.2349 219.955 1.32216
12.0006 13.3717 -0.428139 -76.4188 63.6315 16.7902
12.5434 12.7957 -0.447919 -26.3114 21.3183 34.7867
11.6437 12.3195 0.182952 -119.545 110.181 18.3811
13.6052 -4.91803 0.704221 72.9217 204.034 17.0758
13.2371 -2.52678 -0.0805175 36.062 183.745 105.585
12.6614 1.33213 -0.11685 -24.8368 205.002 -140.364
12.3148 -3.2032 -7.50347 -60.5342 -61.9583 29.0631
13.6754 -4.7209 0.854393 71.7872 194.002 -121.091
13.7202 -7.61243 0.232498 75.6285 9.46653 -160.399
12.0156 13.0885 0.0854314 -94.8924 286.791 -25.6005
13.9567 -6.71145 -0.0504027 92.777 191.585 -63.367
12.5476 5.09846 -0.0168593 -50.7842 129.948 145.198
12.4345 5.10516 -0.0377226 -66.6949 171.55 124.48
13.3505 -17.9492 -7.53501 23.8734 41.024 61.4313
12.9048 10.9846 -6.62411 -25.273 70.7559 0.16063
13.4664 -1.67234 0.548855 27.6836 202.951 -4.98552
11.9524 11.4398 -0.549468 -124.122 137.05 15.0895
12.4511 10.3718 0.792583 -76.9269 90.8949 102.587
13.4365 -13.4852 0.820098 17.133 22.8035 74.4777
12.88 13.3272 -0.0382952 -38.4668 87.0596 -121.851
13.2768 0.348628 0.314724 -1.27439 199.221 -77.808
12.0321 10.1312 0.754046 -125.46 147.183 85.2661
13.7598 -3.60607 5.48724 45.0578 -38.9458 10.9082
12.4389 13.0919 0.0666498 -89.9132 92.4742 -100.161
13.1787 10.7336 1.93863 -16.7039 69.3319 -36.1562
12.0558 12.219 5.06317 -130.42 72.7322 -98.3485
14.0115 -9.20485 -0.358471 61.4454 99.7175 -95.2036
11.8945 12.183 0.229788 -156.224 -66.6199 -9.70989
12.8989 13.5802 -0.0893046 -59.8577 19.3906 -21.1761
11.9195 17.95 -1.3576 -158.534 -52.7134 131.047
14.1361 -9.29821 -0.178673 60.934 90.5632 74.9151
14.0426 -12.1163 -0.683312 51.4294 64.7796 -114.806
13.9426 -13.5497 1.2276 40.0269 44.3433 43.2757
12.8584 10.6834 0.63605 -69.0587 76.5157 -63.9447
12.7543 8.38037 -4.96258 -89.9677 194.567 -47.9481
13.0559 8.38469 -0.198299 -69.2957 118.142 -72.1175
14.0146 -3.9163 0.403484 25.801 105.535 -185.086
13.6952 0.535266 -0.433624 -6.54119 199.52 -26.5673
13.7013 10.0796 0.39363 -8.85271 6.20283 97.8764
14.7533 -8.36987 0.418859 90.8622 151.465 85.3695
14.1934 -2.71124 -0.268396 30.2282 196.977 -56.7441
13.587 9.54023 -0.707546 -34.8654 47.9455 141.38
13.1143 6.80417 -0.0537129 -82.3418 153.97 19.2836
14.2726 -12.6957 2.2538 32.5781 42.1306 -45.1328
13.9852 0.338597 0.335557 -2.72132 183.087 -78.2264
13.6225 11.2486 0.898523 -41.0215 42.2549 143.895
14.4534 -4.93104 0.300345 41.4878 131.716 77.7717
13.3912 20.7467 -1.33526 -64.789 164.77 42.8202
14.4803 -8.31886 0.212637 43.3804 78.3113 -102.646
13.836 9.41763 -2.73461 -22.2057 -41.0081 -23.5852
14.9624 -11.095 1.55101 88.0093 139.28 17.452
13.9002 1.39256 -0.10491 -18.084 160.551 -132.239
14.3028 -1.05934 0.0830894 18.5209 190.003 -45.7281
14.1448 -1.17565 0.347587 1.76118 69.7664 202.576
13.6902 3.13121 0.167286 -48.3637 213.867 -15.3342
13.6338 10.2249 -0.365606 -59.31 73.4617 1.58003
13.5755 13.3278 -0.224516 -65.3156 66.7825 25.4271
13.4903 15.0108 -0.578146 -75.2724 63.688 -72.0031
14.8105 -7.37898 0.761781 53.8649 123.868 52.5625
14.8514 -8.50159 0.429551 56.4201 101.8 92.5416
13.5563 14.2078 0.132401 -73.1537 70.3709 -52.9818
14.4072 -11.0852 -0.192581 9.00635 18.406 98.0162
13.916 3.63268 0.0645877 -39.9135 149.088 151.272
14.4361 -1.139 -0.00757786 9.75411 127.366 -131.662
14.4811 -0.804977 0.404921 10.5669 195.614 -15.894
14.1848 9.51823 0.170034 -28.4133 41.378 122.739
14.1642 11.6831 0.790919 -35.5942 37.8511 16.1041
14.9224 -4.40308 -0.559022 38.7054 129.919 70.8167
14.8873 -4.72082 -5.53226 34.35 49.023 76.7009
14.6413 -0.87258 0.289768 5.53439 143.306 -127.982
14.2379 5.52631 0.301216 -36.8273 107.416 113.056
15.1335 -8.67818 0.325904 49.2304 94.4455 -10.3346
14.0749 6.26875 0.173034 -56.7122 110.708 128.212
14.9667 -12.0033 -0.978546 30.242 42.7216 -81.7798
14.0723 7.71838 -0.367602 -60.1359 176.847 -59.3603
14.8128 -9.55973 -1.79754 12.1917 36.809 -36.1871
14.614 1.26455 -0.819548 -11.9832 174.516 -77.1763
15.356 -5.38151 0.571846 60.5885 213.753 -149.46
14.3138 11.8299 0.74066 -46.2512 51.6728 -39.044
15.1293 -4.49316 -1.48111 34.3103 157.349 -52.0321
14.2505 3.22789 0.262746 -53.5362 192.529 66.7772
14.1127 13.5017 -0.125451 -68.2725 71.1017 -69.1027
14.6669 2.00417 0.487215 -14.4305 108.26 138.695
14.2668 4.06915 -0.0578773 -55.4434 181.213 69.2728
13.9903 11.6466 0.862245 -84.4001 96.8607 88.926
14.4203 15.5167 1.51813 -45.7954 19.7138 -114.266
15.0903 -2.15002 -0.0120864 16.4666 120.392 -142.882
13.9976 7.49523 -0.000628373 -92.6833 90.4373 78.9904
15.0662 -11.316 2.38848 10.4069 20.6995 8.48908
14.5008 11.9801 0.721353 -45.9724 48.9533 -66.5811
14.4972 4.12537 -0.107801 -55.8723 175.404 24.6216
15.2087 -1.82832 -0.744046 14.1953 112.857 -157.56
15.6068 -11.9092 -0.348884 53.6991 78.5363 -25.7701
14.5709 14.406 -2.04467 -50.9009 59.1907 11.7575
15.3956 -2.98507 -0.226123 30.1608 172.92 -0.783229
14.6444 14.9773 -0.631554 -47.5187 43.5815 -60.1999
14.4084 2.22756 7.11498 -72.7307 155.754 56.4173
15.1858 -13.2144 -0.521173 3.56403 10.8993 81.3677
14.8459 2.58139 0.108458 -33.5749 167.968 -91.0624
14.5861 5.69702 0.138917 -62.6294 133.854 -42.9936
14.8185 6.72175 0.101497 -39.6101 145.567 -62.5445
14.9811 2.12699 0.282405 -24.8042 183.915 -59.6496
15.8645 -10.4491 -0.375197 61.9556 92.8531 -78.9912
15.2887 -6.3194 -0.00919542 3.1726 128.633 -51.5158
15.8199 -5.82582 0.894304 51.441 149.764 88.6456
15.1577 -6.06714 0.730951 -18.1497 -59.3103 -86.1014
15.7577 -4.63278 -0.58969 41.3772 152.709 75.3428
14.3326 10.7633 0.291686 -110.133 137.197 -11.9196
15.0813 6.05486 -0.31546 -38.5382 96.7566 -101.563
15.1938 5.85068 0.0702369 -28.9813 74.9826 -113.895
15.6907 -4.41333 0.761944 19.7779 94.0204 82.1788
16.1367 -7.88633 0.00283763 62.0227 125.85 -16.2298
16.1395 -11.5941 2.82065 58.0669 87.2252 53.5605
15.2288 10.0743 -0.24471 -35.0344 47.5371 99.6728
16.0388 -6.26297 0.48961 44.8195 55.3829 4.6233
14.8789 5.9097 -8.73618 -71.6362 119.809 133.118
15.5304 1.52156 0.120166 -11.4208 148.105 74.0354
16.0081 -4.45046 0.837632 34.4668 140.516 140.766
14.942 2.423 -2.17972 -75.5801 -82.4308 0.506334
15.0408 11.1976 0.246659 -66.8043 88.6968 -67.0089
16.0598 -4.74757 -0.562917 34.1799 133.813 112.7
15.4 12.6885 0.8287 -32.54 33.0824 -11.3298
16.1415 -9.52368 0.207052 40.1259 2.58539 -51.4503
16.1762 -9.14693 0.458289 43.3136 128.884 29.4757
16.3519 -9.04429 0.663331 57.5066 116.145 11.5295
16.1045 -17.6299 10.5314 32.7966 61.5059 60.8732
15.5367 6.18278 -0.00774185 -26.9165 53.3797 191.566
16.1821 -9.00688 0.781046 36.2854 73.7327 126.992
15.158 2.48733 4.99943 -66.1294 13.8124 -3.3646
15.9682 -8.08361 0.854818 12.7766 37.1934 85.7917
15.6649 3.97352 -0.227716 -19.488 66.0846 -110.547
16.1537 -7.00907 1.09391 25.9813 147.893 -76.9806
15.7741 1.33552 -0.774626 -13.4356 160.851 19.465
16.2083 -4.46253 -2.80984 28.1663 84.6524 36.4953
15.8692 0.510681 -0.339981 -5.99348 128.885 120.954
16.1271 -1.48205 -0.0508706 14.4059 152.606 28.3509
16.2534 -14.1084 -0.700122 20.2176 30.0814 -46.5138
15.8407 6.95375 0.150396 -25.3791 46.5577 102.966
16.1433 -8.20966 0.639443 0.269576 9.07146 -123.83
16.546 -4.63161 0.661318 31.7192 116.837 -45.6787
16.7072 -8.22142 0.0731908 41.7979 88.9375 48.7983
15.7238 13.0315 -4.72095 -55.9785 11.7085 112.026
16.6405 -4.63698 0.814382 34.9886 136.323 93.655
16.8478 -9.67606 0.382688 49.2227 94.5834 6.92713
16.7606 -13.2541 -0.466813 40.1539 56.4347 -30.5223
16.0912 22.5049 6.86934 -26.6161 170.327 158.819
16.1447 2.71791 0.381855 -24.746 101.129 147.678
15.924 15.6044 1.53069 -49.1365 267.248 99.0967
15.9845 7.44771 -0.615374 -46.4968 97.0591 -106.198
16.4125 0.547583 0.409482 -5.3664 133.009 99.6859
16.0308 5.16398 -0.493003 -43.4647 133.017 85.5538
16.7605 -8.44708 0.749539 28.6801 66.3903 -47.1945
16.978 -3.14428 18.206 45.9635 134.574 81.9732
15.6408 11.6609 6.3759 -87.6973 33.227 -226.373
16.42 6.48355 -0.20843 -10.5673 16.0671 15.1397
16.8787 -11.1815 -0.413463 33.5792 60.2292 -96.7865
16.6466 8.88737 -0.0573688 10.0966 60.4767 65.1143
16.2909 7.55173 -0.526653 -34.0469 68.8421 -14.7487
16.7956 -12.3092 -0.0595601 8.36204 18.965 -34.3545
16.372 6.33498 0.317246 -39.2181 106.366 102.84
16.4899 8.49998 0.642342 -30.8634 53.0252 -96.292
16.7104 8.34999 -0.446631 -9.61103 58.0612 -29.3241
16.578 4.76612 0.61197 -25.7949 76.5693 93.0606
16.7241 1.65493 -0.469198 -14.9339 89.4014 95.582
16.8131 1.47092 -0.20558 -12.0559 107.494 -103.246
16.3265 32.4048 -2.53011 -63.6909 -6.74889 -10.5244
16.78 -0.439518 -8.28874 -22.9692 2.91706 72.644
17.311 -6.38786 0.842554 28.2813 82.6359 39.3812
16.5234 12.1715 -1.1543 -50.0844 60.4537 -79.1156
16.9896 8.83927 -0.109892 -10.1322 20.8957 -2.36281
17.0521 2.22811 0.483957 -6.86322 31.863 84.416
16.8719 9.16243 -0.253881 -25.0917 9.53843 -45.7045
16.9676 2.40876 0.6587 -20.3147 132.342 57.7297
17.317 -4.91845 0.621713 11.1892 62.2835 -114.543
17.3849 -4.11091 -0.0830124 14.0979 86.9869 37.7174
17.5083 -3.4677 -0.251633 21.5259 131.083 4.45236
17.0175 11.7077 1.12399 -27.9863 65.7614 -32.5586
17.3077 -1.08692 0.542319 -1.17329 118.163 35.1208
17.4161 3.68867 -0.122934 7.63422 142.759 -3.86217
17.7513 -8.24317 0.674862 39.3504 96.2964 -48.95
17.6178 -10.184 0.380856 24.8737 52.9536 -11.3998
17.4054 0.273451 -0.0249183 -1.84425 103.903 -0.577177
17.2731 6.8508 -0.173383 -20.2902 41.7041 58.9089
17.3273 6.88172 -0.340131 -25.1889 48.7207 -96.1075
17.617 -1.49723 0.192465 3.07066 56.006 27.6856
17.0446 9.0288 0.134966 -58.9927 97.989 17.7204
17.7738 -5.61019 1.04507 13.3672 47.6743 25.4717
17.8895 -5.06342 0.868835 16.6079 79.3709 93.5469
17.5833 2.38507 0.277324 -14.956 113.635 -120.257
17.8353 -3.59503 -0.287176 9.12156 77.7386 -24.0892
17.2625 5.69041 1.20642 -50.6808 -61.9351 29.6198
18.1395 -8.95005 0.116698 33.8266 80.0687 87.7501
16.9579 12.3289 3.84004 -94.4046 192.267 -58.4612
17.9739 -0.519801 1.17697 2.2449 111.141 -83.6981
17.8425 1.53387 -0.209202 -10.9747 88.8967 -101.202
18.3642 -6.32548 0.339161 36.9717 116.637 58.9207
17.6891 7.05672 -0.341499 -31.3011 76.7912 -92.681
18.3344 -8.54467 0.799489 29.7331 75.9045 44.7107
17.3706 39.6487 -6.03736 -69.4727 -79.5226 99.2223
18.642 -7.07798 0.999913 53.6302 96.919 15.8813
17.7482 4.94082 -0.0944045 -39.4238 120.136 64.974
18.0603 0.0807651 3.49539 -9.75621 -12.0074 -44.798
18.2953 -9.08842 0.0886321 12.191 34.2744 61.3205
18.1323 0.557085 0.321534 -6.03391 102.217 -12.1155
18.4242 -3.70059 -0.158876 13.6438 91.7105 103.769
18.3112 -2.85575 -2.74531 -1.53627 64.6061 -127.574
18.2713 1.45618 -0.932331 -9.30603 101.985 -10.5357
18.1789 7.20211 -0.318312 -19.5795 37.1502 -64.9238
18.299 1.54663 -0.113766 -9.08276 66.6003 -9.64748
18.5005 1.46231 -1.94494 7.96218 70.9153 63.4147
18.768 -4.5029 -0.422817 28.4839 137.144 34.9545
18.715 -5.28566 0.823712 21.1708 92.5803 18.4211
18.3189 7.01054 0.243426 -22.3347 54.504 11.1344
18.6124 2.54202 0.616938 4.76975 68.9184 18.8039
18.7819 -10.8846 0.439271 15.3655 37.0856 18.6594
18.6849 -7.0375 0.725239 4.12557 52.9578 -25.5409
18.8247 -3.78477 -0.271895 16.0987 89.7618 3.63724
18.6344 0.666461 2.18982 -5.15977 104.712 33.4617
19.2216 -2.88353 -3.85601 44.65 59.9785 86.5754
18.407 6.06322 2.07265 -40.2504 118.398 -55.5671
19.0607 -7.14763 0.945317 24.1035 74.8992 -18.6043
18.5969 2.54098 0.620386 -24.2405 40.4821 -76.9995
19.1027 -5.40097 0.795856 19.5263 89.6712 -23.2513
19.0663 -1.83727 -0.137949 9.35752 101.693 -39.1308
18.8625 7.45811 -0.378323 -15.7367 26.5174 -112.309
19.0091 0.896439 -0.607884 -4.00096 33.5414 -98.1833
18.8562 3.13666 0.326584 -20.6993 84.1976 61.0468
19.2125 -5.46432 0.72319 12.8296 61.9778 -95.8376
18.8419 5.18722 -0.195132 -27.8314 77.0824 -19.8162
18.8094 -7.01521 0.971019 -40.5682 20.2589 49.4767
19.1781 -0.148875 1.88375 -14.5039 123.762 -62.5935
19.4615 -1.64992 0.0549815 0.116774 65.9659 -116.708
19.6316 -1.655 0.296965 4.26267 74.9049 107.922
19.7217 -1.64782 0.189589 2.54341 89.1966 6.81798
19.7842 -2.80991 -2.37895 5.56704 73.327 -4.85533
19.7854 -2.94822 0.399565 -4.97096 -54.808 -64.1049
18.8289 8.72804 0.177388 -110.503 84.6315 31.7364
19.9771 0.977856 -0.522778 -6.53781 68.5574 5.30305
20.0841 -1.66677 0.195522 0.816835 101.575 9.21484
20.0681 0.239479 -5.58045 -2.04286 78.9549 -12.6998
19.9722 -14.6884 7.70607 -12.5143 121.395 -183.285
20.199 3.15487 -0.745248 -5.85161 9.46808 -19.5438
20.4478 -5.80771 0.871635 16.3377 72.6084 -6.64532
20.4755 0.611169 0.361255 -6.13254 98.7151 -15.3787
21.7662 -1.89638 0.223885 -2.57613 26.2965 21.1537
22.4372 13.9031 14.801 -41.1027 73.2186 -28.6196
nan nan nan nan nan nan
18.9072 -1.58736 0.25221 -0.275909 78.6598 72.3264
19.3026 5.36441 -0.187344 -41.295 122.538 -8.44942
