-29.3549 10.2729 8.76094 25.5276 -5.02212 -35.7207
-25.9274 11.6802 -6.16093 9.19712 -153.153 68.3911
-24.6971 2.69158 -7.45175 40.5271 -112.946 11.8201
-23.6264 -13.0015 -3.85449 29.5261 -38.8978 51.2309
-20.5419 -1.39741 -2.00221 38.0569 -1.47412 31.2335
-20.0705 -16.3152 7.62018 81.2269 24.1368 -20.4113
-20.3075 -1.92478 -0.526692 54.1132 -55.2735 -77.0431
-20.2348 -2.30863 0.0367783 41.414 -84.7988 -28.2146
-20.2311 6.74713 0.517135 20.0489 -64.1792 -19.6285
-19.9613 2.64603 -0.427929 37.4113 -17.0269 -66.4097
-19.8964 -12.2589 -3.26324 43.2279 -153.306 -22.8945
-20.0368 2.9431 0.143804 25.6341 -77.2312 26.2529
-19.793 -2.31028 -0.292372 46.0997 -87.8624 -61.2093
-19.821 0.159744 -0.278305 32.5465 -118.042 -21.4054
-19.4273 -7.77634 0.201674 56.215 -21.1272 24.9897
-19.466 -5.50549 0.512978 48.8024 -32.5441 39.6523
-19.6569 4.60205 -1.82354 23.8261 -58.5633 -73.418
-19.5471 0.716979 -0.41083 32.5443 -59.3187 -35.0323
-19.3777 -2.11856 -0.420513 42.0018 -71.378 -27.4522
-19.688 -5.36639 3.33903 6.96616 -165.017 102.238
-19.5328 4.91644 -3.51624 16.2117 -51.8184 32.0653
-19.5799 -1.82312 1.95171 10.6333 -41.0017 -41.7077
-19.0561 -5.55141 -0.757466 53.7829 -46.8214 -89.8362
-19.078 -1.95683 0.653365 35.5731 -57.7548 36.6224
-19.1583 4.31156 -1.65797 19.3002 -73.8005 -59.5912
-18.7508 -7.77721 -0.372093 58.5281 -45.5099 -31.7321
-18.5411 -5.85741 -0.834141 52.7186 -86.9563 -86.7623
-18.6696 -1.95957 0.958029 37.0671 -60.9147 68.3402
-18.5051 -4.99201 0.450685 51.9496 -30.4045 45.2555
-18.4296 -4.32032 -0.236611 58.3021 -98.6467 70.0658
-18.9663 6.27897 0.134999 3.68017 -104.306 47.9212
-18.5737 -1.62777 -0.693364 38.9843 -27.371 -55.9639
-18.4355 6.57674 -2.44307 49.5718 -168.428 -11.1575
-18.511 -4.87662 1.06513 41.8026 20.8076 54.7613
-18.5304 -1.58744 -1.36468 38.5801 -102.848 -85.6606
-18.5131 -4.99697 -6.21591e-05 39.8001 -8.26677 -12.0675
-18.7796 11.9682 -0.640045 11.3982 -92.0198 -26.996
-18.3117 7.64034 3.40375 54.6364 -7.89726 25.7215
-18.5284 0.416886 0.120758 33.0687 -58.5735 25.5288
-18.6054 2.78405 0.786256 24.8717 -66.6817 91.0301
-18.6783 9.65391 -0.109813 14.8602 -55.2355 -23.0049
-18.672 1.18328 0.930042 15.484 -145.131 73.9268
-18.2359 -5.7768 -0.708505 58.3435 -121.11 -114.947
-18.3066 -23.8453 7.07011 48.4991 -45.8542 68.1664
-18.0981 -8.45707 -0.974238 61.8491 -38.9281 -87.3187
-18.4436 2.48949 -1.07277 22.2448 -93.2647 -98.8927
-18.2898 -9.41717 1.9992 37.2447 -115.183 101.267
-18.4975 5.88419 -1.3092 12.1818 -81.2408 -19.2189
-18.576 8.20482 3.469 1.59098 -84.7769 -9.31902
-18.4421 8.10735 0.218882 13.3931 -64.1062 0.52931
-18.2458 5.33997 0.619522 30.3332 -27.8783 -10.2021
-18.3119 9.54263 -0.186111 22.2487 -44.3993 -7.14819
-18.2639 4.47374 1.3588 25.7662 -50.321 -54.7601
-18.0153 0.104631 -1.78843 37.8916 -42.9563 1.49413
-18.0711 3.07454 -0.956906 31.8317 -28.3414 -87.2216
-18.1541 8.05586 -0.514996 15.8275 -56.6795 -74.0932
-18.3505 4.85332 -2.55553 -5.93745 -60.1678 -6.7303
-18.1905 9.93104 -0.454636 5.85011 -67.1316 4.32383
-17.8041 -1.97209 -0.636033 40.1916 -68.0776 -50.7031
-17.7626 5.72084 -3.49021 43.4234 -31.3899 -118.267
-18.1024 0.571433 0.69715 9.32992 -67.3073 -30.1961
-18.1609 4.63793 1.03685 -2.49821 -109.617 36.2575
-17.5875 -10.2074 1.37612 54.4169 -15.4038 103.675
-17.633 -8.03736 0.487414 48.8141 -22.208 61.5382
-17.87 6.32145 -2.58371 23.0595 -57.4758 -65.3663
-17.5644 -6.97002 3.06915 52.9106 -48.7296 34.1196
-17.2276 -7.91652 0.0619396 85.6663 -108.444 12.1775
-17.6614 -2.02457 0.309818 40.1814 -74.7005 3.66889
-17.5192 -6.33558 0.106344 43.6705 -23.5785 46.1826
-17.9004 5.99377 -0.651079 5.34631 -92.2561 -34.2269
-17.297 -6.55167 -0.312841 63.6772 -73.3647 -21.4825
-17.4309 -5.23741 -0.341144 50.2837 -58.8266 -46.2688
-18.1248 5.85832 -0.0528995 -19.0579 -145.687 46.4383
-17.4277 -11.4707 -0.527609 46.8499 0.971691 3.0006
-17.649 4.15115 -0.263344 22.7025 -50.9642 74.439
-17.7408 1.10347 -0.423364 12.8282 -176.09 -7.41434
-17.3619 -5.21777 -0.142637 39.4667 -58.5593 -12.9531
-17.5995 -1.12522 -2.73571 15.1164 32.216 10.8474
-17.0263 -7.32359 0.232258 64.6391 -63.6814 29.4359
-17.6915 4.75607 -1.32754 -2.8516 -57.3795 -114.464
-17.4646 8.2468 -1.37395 13.2952 -59.464 -63.2683
-17.0023 -11.7317 -1.42953 59.1801 -138.251 25.0792
-17.0235 -6.15911 -2.70822 56.8974 -44.8783 -0.950035
-17.3987 0.885638 -0.245363 18.0091 -157.881 -44.6928
-17.969 8.01127 -0.358669 -39.4109 -269.234 5.60594
-16.7685 -3.27656 0.541413 79.6846 -198.907 20.1282
-17.5782 4.69522 -0.206271 -1.88468 -157.536 -4.57429
-17.7308 -1.1403 0.377139 -17.8046 25.4918 -3.52438
-17.6806 12.0516 -0.294787 -12.8886 -210.577 -14.6726
-17.6041 8.45467 0.958013 -13.7345 -102.793 86.874
-17.5765 6.95631 0.513987 -13.0463 -121.304 13.46
-17.1491 4.68994 1.21564 26.169 -61.2255 19.594
-17.3451 5.46852 0.380168 6.53477 -83.4521 -22.911
-17.2025 1.29659 -0.253181 18.627 -113.235 -45.2786
-17.0531 -2.17503 -0.513848 31.3528 -95.1431 -79.3557
-17.2969 6.7729 -0.551901 6.46434 -77.6699 -46.7825
-17.0003 0.72211 -1.24426 30.8017 -41.6911 -121.022
-17.3296 2.87315 0.478355 -2.09627 -147.194 42.686
-17.1078 2.17636 -0.202676 17.8314 -99.5622 -10.8384
-17.2439 4.06288 0.0983808 1.78667 -118.668 -58.3367
-16.9295 0.238875 0.528393 29.8968 -90.5005 59.9471
-16.6521 -1.98654 -0.24987 57.4029 -72.2092 -40.9743
-16.015 -6.27304 -2.81861 118.014 -5.98753 -68.4189
-17.3716 6.29791 0.0774868 -16.8582 -122.693 -40.6232
-16.7249 -10.9915 -0.585049 45.7799 3.15839 -5.13223
-16.24 1.93728 -3.28268 89.9175 12.7748 -56.9397
-16.8796 -9.37926 0.241972 25.7463 9.8241 4.37765
-16.3298 -8.18933 0.942339 78.7557 -82.2485 107.332
-16.9859 -2.29907 0.421843 12.4568 -114.199 45.3899
-16.3188 -7.03524 -0.263229 64.5495 -61.6795 -21.3853
-16.6332 -0.610087 -0.258098 29.681 -78.0602 -84.9323
-16.4991 -3.20188 -1.92077 41.7965 -70.6802 -171.184
-16.9749 8.99996 -0.994046 -6.53126 -82.9958 -54.4703
-16.4885 3.43907 2.3651 39.595 -91.7654 111.804
-16.4589 -5.96439 1.08171 40.888 -23.4498 143.632
-16.1359 -9.93134 0.277438 72.9009 -59.2201 -5.92382
-16.4077 -2.6157 0.568572 43.5972 -143.981 31.979
-15.9089 -11.6345 -0.293531 93.1035 -85.6011 23.5122
-16.566 2.67848 0.982418 26.6682 -39.8157 109.906
-16.1727 -11.3741 -0.0160882 64.7427 -27.8246 34.7874
-16.7629 -2.67334 3.05494 4.37623 -95.3904 -21.3894
-16.8095 2.78061 -0.337918 -1.78057 -162.227 60.7049
-16.1049 -11.1261 -0.349514 65.5994 -29.7775 -18.4542
-16.6479 0.648245 -0.535323 10.4258 -170.463 -73.3772
-16.4232 0.403608 -1.04874 29.7497 -70.2931 -101.263
-16.2448 14.3723 -4.2058 43.8299 -58.5619 -77.0916
-15.968 -5.79203 0.0194838 69.7947 -149.229 -8.63525
-16.4225 -0.0387565 1.61048 24.1688 -93.3311 176.102
-16.4083 -0.490565 0.0279582 20.776 -139.209 14.4849
-16.1526 -2.72404 0.529726 43.3053 -156.929 28.4121
-16.4999 1.67585 -0.914694 6.6163 -137.302 -83.9485
-16.1422 -3.32421 0.790261 41.4804 -41.1382 162.754
-16.5561 10.1132 -0.81101 -10.5242 -79.1883 -123.277
-16.3708 2.88842 0.527611 1.2323 -122.059 48.0448
-15.983 -4.96033 -0.764712 37.1913 -68.248 -91.2712
-15.1414 -11.6252 -0.106295 120.075 -34.9689 10.0425
-15.8833 -9.08331 -0.207505 43.0756 -3.50066 -54.3316
-16.6737 8.13582 -0.323006 -40.6826 -133.562 12.2786
-16.3601 3.3719 1.43805 -12.2254 -157.665 82.495
-15.4106 -7.99888 -0.0525264 81.3599 -102.203 5.17031
-15.955 9.01893 0.12414 20.1472 -36.1113 57.5928
-15.5963 -2.18916 1.63495 48.1246 -106.037 142.049
-16.1869 6.51287 1.52741 -12.506 -100.611 120.031
-15.9301 10.132 0.260888 12.0574 -49.9132 -12.8347
-15.3197 -14.7042 0.31075 71.5435 -15.3187 40.0484
-15.167 -4.94035 -1.10446 83.1825 -90.416 -79.5479
-15.6722 -2.66947 0.135882 31.0216 -155.75 -10.8708
-15.2937 -6.82777 -1.05882 63.8434 -80.474 -102.953
-16.1039 4.77721 -0.804394 -17.564 -137.197 -53.5117
-15.3431 -4.93236 0.935075 56.9722 -81.3789 85.3301
-16.2624 7.25495 -0.790885 -35.3751 -139.376 -90.7243
-15.1251 -10.7803 -1.23971 76.8061 -60.1975 -76.0965
-15.4646 -6.95697 -1.6614 41.0035 -10.8642 -159.326
-15.7962 13.3136 -0.180784 8.01394 -52.4508 -3.02439
-15.6373 13.8895 2.99491 21.2905 -144.349 -90.3535
-14.989 -14.0667 0.13832 79.7514 -37.7297 -18.7075
-15.8802 13.0379 0.658791 -9.57629 -72.7455 82.6147
-15.2163 -5.21443 1.15875 54.5732 -114.172 108.264
-14.8436 -7.80153 -1.03054 90.1845 -103.239 -95.0021
-15.9131 4.24225 1.92819 -20.3949 -146.147 141.162
-14.9903 -28.499 15.8194 68.6707 -46.8766 -56.953
-15.4563 -0.32413 -0.740022 21.9934 -137.642 -70.1044
-14.7764 -7.85123 0.588914 89.3253 -111.647 70.3032
-15.0529 -8.96193 -1.29355 54.7805 -31.6673 -163.767
-14.7153 -7.11578 -0.171273 87.3683 -123.363 -12.4432
-15.9251 6.85508 -0.789341 -41.7696 -95.6867 -6.70294
-15.3218 6.5667 -1.76936 12.9822 -118.168 -64.5694
-15.6525 4.51467 0.497904 -21.5315 -144.771 78.5789
-14.7421 -19.1527 4.5752 65.1718 -187.512 -12.7664
-15.3937 -2.75204 -2.89804 -3.31267 67.8877 -52.9207
-14.8586 -14.1993 0.53849 45.9585 7.27105 37.5151
-14.585 -9.07474 0.0749787 70.5482 -60.95 -23.3964
-14.7322 -2.79424 0.428319 53.0207 -173.787 20.1107
-15.4116 7.72183 1.03115 -14.8526 -98.517 131.446
-15.2764 2.78228 -1.75958 -1.94022 -121.283 -93.1559
-14.7916 -3.47366 -7.21194 38.8691 -78.1632 98.2145
-14.2895 -7.26668 -0.316007 88.6901 -154.765 -27.3551
-15.3569 7.25395 -0.683947 -17.4358 -99.1227 -79.3482
-15.0669 1.5805 -1.83511 9.93228 -120.962 -178.727
-15.6321 8.72758 0.681535 -47.9044 -137.437 93.5517
-14.4135 -12.1022 0.361556 71.8154 -34.4287 22.4967
-15.0762 10.8666 0.653195 5.24489 -53.3627 -85.9699
-14.1919 -9.25575 0.407342 91.5543 -90.0455 10.9203
-15.09 8.59234 3.95956 -1.59159 -66.1885 0.239004
-15.3092 5.24671 0.208425 -24.3396 -132.063 29.5888
-14.0372 -13.8208 0.0103364 95.9213 -52.3232 -27.7696
-14.8892 4.15124 0.678974 10.7897 3.17377 -90.0541
-15.2997 8.83337 -0.41847 -35.6462 -108.343 -79.5009
-14.378 -3.87846 0.92467 55.0561 -127.131 168.389
-15.3962 6.61513 0.0749402 -50.133 -148.812 -1.68583
-14.5106 -3.10109 -0.62995 37.2203 -207.69 -52.6818
-14.9217 9.3857 -0.964765 -6.1138 -72.5287 -13.7113
-13.9404 -7.69109 0.593948 89.1938 -132.207 70.2731
-13.9553 -10.3243 0.383146 86.3821 -84.156 86.1837
-14.5947 9.54967 -1.3588 21.4791 -29.2239 -115.343
-14.7141 -2.17588 -7.2377 1.04409 -66.8242 -25.3546
-14.0757 -15.9549 -0.232495 51.3597 18.6626 -10.2765
-14.1884 -13.4585 0.593226 39.1763 12.8088 43.9443
-13.5517 -10.5652 2.23188 102.235 -197.131 63.7865
-13.5258 -20.2146 -4.06932 103.322 112.234 149.857
-14.8314 6.74221 -0.763735 -28.3769 -116.389 -87.0986
-15.1008 3.11351 2.02644 -56.6719 -315.242 310.66
-13.7715 -9.86576 0.0170319 71.6855 -51.2813 16.6324
-13.8621 2.49756 -5.51527 57.9619 14.0656 39.713
-15.0365 6.06525 0.351171 -66.4832 -176.209 26.8444
-14.5043 13.1603 2.07127 -16.4991 -70.2666 81.7444
-13.1031 -9.24879 0.571611 118.075 -15.4131 101.516
-14.8016 8.42806 0.0423593 -52.6601 -130.359 85.8352
-14.3214 -10.077 -1.4933 -10.4383 -115.474 61.0882
-13.2412 -8.88424 0.770119 89.3794 -107.193 49.9376
-14.2622 2.27027 1.36977 -12.369 -128.116 134.831
-14.3536 9.80064 1.85363 -22.0965 -86.0697 46.5949
-13.2926 -15.2069 0.590666 82.2102 -22.6713 34.3769
-13.5836 -2.78216 -0.242862 50.201 -181.153 -46.5986
-13.5435 -10.5512 1.25563 47.1609 -6.93239 138.116
-12.9651 -13.1061 -0.632461 97.9011 -46.6137 -57.347
-13.4763 -2.31148 -1.72238 46.2899 -134.159 -197.44
-13.2126 -14.6857 0.0390394 72.0439 -12.163 26.0225
-14.3965 10.0366 0.118586 -45.5703 -118.57 -19.8419
-14.0381 13.1435 0.666445 -25.3516 -79.1938 100.391
-13.6782 5.05133 -2.87674 5.79944 -223.96 -270.159
-13.1764 -4.06515 0.534148 55.313 -188.217 27.5874
-12.5908 -10.0186 4.16551 106.643 -93.2389 100.34
-12.5455 -14.8919 -0.0788646 105.454 -46.8866 -33.0301
-14.1056 9.99741 -0.603998 -49.5386 -115.371 -21.2351
-13.3473 0.694677 -2.01701 24.9231 -19.739 -201.216
-14.1223 13.7986 0.962529 -52.9733 -101.444 -38.5377
-12.1586 -13.0373 -0.436425 133.81 -81.7776 -37.5669
-12.2482 -14.8018 0.809191 117.234 -57.4294 57.9797
-14.0639 10.9429 1.03335 -66.2191 -124.163 43.7096
-13.5419 15.1215 0.306934 -19.2451 -64.9799 -90.712
-13.9093 15.638 -0.547635 -58.2527 -227.579 19.5487
-12.4183 -10.946 -0.121006 89.1408 -61.437 -25.034
-12.1431 -10.0728 -0.825763 100.869 -91.8364 160.926
-12.0119 -10.9136 0.667577 113.861 -110.702 35.1973
-13.5128 15.0253 1.22875 -35.7306 -84.4557 31.684
-13.3993 6.44716 -1.60049 -27.4363 -104.59 -140.918
-12.0997 -12.5071 0.681541 98.4126 -65.2644 76.3726
-11.9561 -10.8939 0.469948 103.253 -81.8608 35.6145
-12.7556 -3.1967 -0.0651548 20.8436 -231.638 -26.7259
-13.1474 16.3571 -1.72351 -25.1109 -66.9947 13.3202
-11.6187 -10.3962 0.145183 110.231 -106.86 -61.6795
-12.1928 -14.3999 1.47136 51.1499 6.6188 -25.1242
-12.9751 11.986 -0.361856 -31.6654 -81.4418 -7.2423
-11.5471 -9.66066 -4.01134 109.192 -103.08 -129.351
-11.5359 -13.6458 -0.209194 106.096 -49.5227 -1.44999
-11.1454 -12.3613 0.900929 142.76 -98.6078 98.5033
-12.2531 -3.48683 2.49065 31.6512 -22.4205 246.293
-11.5987 -10.8058 1.35267 84.8913 -61.5962 162.786
-12.4312 11.9682 0.595264 -5.88204 -53.2382 89.8013
-12.7193 5.32426 1.47871 -38.0346 -139.139 143.249
-11.2888 -6.56942 0.952231 99.8791 -195.566 101.202
-11.1086 -16.0333 0.683472 117.451 -45.7334 -22.0448
-11.3522 -13.2629 0.650131 92.493 -44.2925 85.7898
-13.1638 14.125 0.909091 -87.7432 -71.2801 10.8702
-12.3889 15.4146 -1.80214 -15.459 -19.7059 69.7774
-13.0204 9.77304 -0.73962 -80.4686 -134.135 -131.87
-11.6475 -12.7912 -0.659544 53.2736 -5.6093 -48.0755
-11.6967 -7.02983 2.18655 48.1317 -28.2618 198.524
-12.8759 -2.40972 1.78094 -69.1018 21.8661 -100.945
-10.8625 -15.2737 -1.1987 124.706 -49.3121 -90.9611
-11.4761 -12.9737 -1.30509 63.166 -12.0327 -155.505
-12.4 14.2577 0.501592 -29.6899 -68.7443 122.619
-12.5645 14.6467 -2.95627 -48.5267 -176.753 -156.099
-11.2623 -5.41717 0.253972 80.7789 -233.052 18.2411
-12.9773 14.3731 0.830631 -99.2175 -27.4807 -14.4557
-12.9517 12.9713 2.29877 -111.443 -135.443 155.741
-10.8369 -12.665 -0.641335 90.6564 -40.2259 -46.9199
-10.356 -11.6462 0.756335 133.176 -107.529 83.2808
-10.8347 -6.49867 -1.70847 77.1901 -152.559 -166.91
-11.5972 13.5015 -0.128015 -11.4401 -195.977 9.10143
-10.3218 -11.2831 1.25822 114.779 -90.3423 134.415
-12.0698 2.20842 -0.244887 -62.8147 -223.848 -4.42649
-11.8564 12.6633 -0.229519 -43.7704 -83.9477 -127.885
-11.4081 18.2751 0.26768 -10.8162 -54.9646 -21.3101
-9.91113 -13.7995 0.958993 137.835 -69.9813 -12.8602
-11.5201 12.0617 0.667862 -24.7463 -19.774 -84.0662
-11.931 10.6088 -0.581195 -71.1303 -111.331 -63.5106
-9.63657 -34.8761 13.2067 152.886 94.9835 -90.3127
-10.2306 -15.9195 -1.67428 91.8374 -20.684 -81.1725
-11.6458 8.04098 6.95692 -61.1361 12.3675 39.4018
-11.7769 10.9319 1.45108 -74.2816 -110.575 37.0336
-9.61153 -11.2239 0.329785 140.795 -126.538 39.38
-12.1805 9.92267 -0.281732 -120.772 -156.223 -32.8461
-9.91347 -9.03845 2.1575 103.036 -101.723 154.486
-10.1268 -11.9848 1.29576 81.7856 -27.7241 170.41
-10.5646 -9.36306 3.63386 35.3998 -139.517 -28.3715
-11.7737 11.9779 0.735213 -86.5257 -121.403 1.01874
-11.0443 -0.247563 -1.35878 -19.4183 -227.369 -132.549
-10.2459 -11.6015 2.176 56.9754 -12.0302 202.307
-10.1412 -13.8261 1.56981 66.5275 -10.7003 79.438
-9.60773 -10.4881 1.22948 114.263 -75.8656 131.106
-9.66215 -15.3832 -1.96455 103.893 -30.8631 -114.444
-9.22066 -10.7824 -0.73752 142.445 -116.224 -69.792
-11.8188 7.59379 -1.16186 -116.772 -174.047 -108.253
-9.40903 -6.38976 1.09902 116.785 -187.194 119.074
-11.6563 11.4999 0.933036 -108.988 -127.895 19.8278
-9.96737 -14.6063 -0.535675 45.7039 10.2918 29.3166
-9.6469 -14.6455 -1.02502 68.3372 -7.94772 -21.4448
-9.6185 -14.5399 0.215959 67.5271 -4.40244 -25.8085
-10.4023 12.4483 8.60713 -24.7765 -20.5691 69.856
-10.6687 7.99799 0.867712 -62.271 -106.14 201.463
-10.3884 11.4089 -1.32944 -36.3817 -68.7191 -207.216
-10.3388 16.3306 0.53594 -42.4353 -86.7258 -35.9419
-8.77713 -14.1432 0.961191 103.89 -33.5845 52.7609
-11.0675 10.4612 1.49793 -127.007 -139.849 82.9581
-8.14871 -14.3443 -0.318673 161.044 -64.4181 -78.0846
-8.39596 -21.3503 -2.88192 129.28 87.729 42.142
-8.47434 -17.8447 -0.585226 117.043 -17.8336 -69.8638
-9.1236 -8.80265 -2.36294 42.7749 -13.6288 -236.313
-9.69375 11.8329 9.82556 -33.7901 -40.3155 10.5061
-10.0046 7.05603 -1.95445 -66.1966 -111.657 -190.463
-10.2588 16.0565 -0.703136 -92.6426 28.5354 -73.5879
-10.1754 15.0821 1.10496 -86.629 -71.9094 41.456
-10.5141 10.9845 -1.95041 -127.846 -125.522 -63.2482
-10.2625 13.1184 0.689012 -104.727 -218.456 36.7461
-9.36794 16.6551 1.39639 -24.785 -55.0732 -18.9055
-6.97086 -14.0203 1.23757 200.919 -22.1179 56.1146
-9.13906 14.8701 0.937114 -14.8008 -57.183 43.0493
-7.62905 -14.7731 0.865211 127.32 -109.754 20.0271
-8.06554 -16.0653 -1.49492 59.4802 4.14115 -124.212
-8.03987 -15.7497 -0.0861175 58.4476 6.97417 -17.8427
-9.43319 13.5169 0.711248 -82.6343 -85.5822 35.5073
-7.13084 -17.4936 -0.735721 130.136 -27.1547 53.954
-7.6538 -18.7691 -0.749299 68.5089 12.3047 -28.1817
-6.40219 -15.686 -0.00404838 183.87 -63.2763 -9.03289
-9.2025 9.96121 0.300406 -95.9316 -95.4859 151.913
-7.16513 -18.0352 -6.85679 98.6919 -3.56733 78.6286
-8.31893 17.1767 0.488691 -17.5024 -50.83 -7.50974
-7.16851 -13.6682 1.07482 94.9387 -126.153 -67.85
-6.72702 -27.3138 4.87699 138.313 125.821 -109.866
-8.82173 12.6311 2.15269 -77.1894 -81.1718 185.088
-9.00675 16.6014 0.37201 -97.6222 -88.1142 -18.741
-7.20499 -14.4699 0.992302 81.08 16.5521 90.81
-7.59244 -14.8826 1.09942 42.0459 -12.1551 106.042
-8.53212 17.2918 -4.5056 -57.201 -95.462 166.291
-6.86102 -20.9993 -6.77795 108.286 33.459 37.2137
-7.19379 -14.5794 -1.33077 63.5053 -2.41058 -110.187
-6.81642 -20.5624 -1.08105 95.5723 61.102 16.7718
-8.12907 14.5742 -1.32631 -37.4232 -58.0217 -119.305
-6.7971 -15.9352 -0.762974 94.3353 -11.2582 40.662
-8.65988 11.9817 -0.98689 -95.8377 -88.9223 -133.997
-6.12466 -9.15918 -2.0771 154.059 -99.7574 -185.464
-8.95962 9.22266 -4.72663 -134.369 -36.2468 88.8719
-6.3686 -18.2904 0.232158 120.196 -6.38169 30.5791
-5.6942 -14.2693 0.733913 181.566 -55.6252 67.0845
-7.124 -16.8613 -0.276465 30.2827 25.9965 -87.2886
-7.94345 15.2603 1.21959 -61.7368 -67.3756 72.8167
-8.31055 17.2898 -0.605059 -100.93 -77.4097 3.95132
-7.29246 16.602 -0.138052 -7.76132 -45.0932 -53.2
-8.51592 16.3517 -0.291235 -134.249 -93.9914 -40.5783
-7.39506 -9.88453 10.9276 -26.0103 24.1692 -29.9737
-8.63521 15.6807 -0.477388 -154.82 -132.711 -54.8015
-8.17267 16.5245 1.78392 -124.851 -54.4672 199.759
-7.37085 19.8168 -0.0991548 -47.4623 -58.7327 48.7461
-7.92099 18.212 4.99048 -107.158 -100.379 -10.5112
-5.37671 -14.3748 -0.326663 145.56 -44.1906 71.1039
-7.88008 16.2549 1.10935 -108.963 -8.19102 101.414
-7.79282 15.9705 -0.595807 -103.035 -76.6316 0.0631429
-5.75142 -16.2708 -0.569554 98.399 -5.04707 -52.0367
-5.51636 -7.83612 -5.58715 120.391 -169.433 48.5863
-5.26473 -32.7766 0.749418 134.306 224.681 -136.518
-7.73963 15.5579 0.28162 -112.408 -82.27 88.3514
-6.94224 15.3099 0.78918 -35.3026 -52.2921 70.648
-5.24384 -13.6936 0.178576 130.875 -32.5413 118.442
-6.89694 13.1677 2.85274 -34.373 19.1634 -142.625
-4.8479 -15.9331 0.223456 164.882 -32.8199 28.7039
-6.00108 -18.8616 0.784269 49.6032 -27.0123 -82.213
-7.74389 15.3076 -0.946215 -124.211 -79.8059 -38.0164
-7.18315 19.4298 -0.562103 -69.2347 -64.4567 -7.75817
-5.30133 -25.0939 10.479 116.357 44.7573 -10.7309
-4.93303 -17.1041 0.800388 149.131 -19.796 42.1197
-5.19443 -16.6711 -0.100895 110.444 -7.31226 -49.1782
-4.47944 -11.9405 1.48102 173.864 -59.8026 144.723
-5.44833 -18.938 -1.62839 77.3959 11.9337 -96.9685
-7.01644 18.4204 -0.00311567 -85.0021 -66.4027 46.867
-4.2617 -9.57598 -2.11372 185.203 -101.759 -166.814
-5.95048 8.96611 7.73308 9.96843 70.1039 -96.3254
-7.39987 11.9424 1.57597 -145.691 -103.63 118.828
-4.76104 -18.3725 -0.235151 110.709 8.53584 -26.4118
-5.37526 -17.0656 4.3772 36.9975 -26.5193 236.803
-7.07104 16.9413 -0.240052 -133.728 -84.3559 19.4499
-6.36235 18.8179 1.5644 -83.498 -275.935 -144.689
-6.00044 16.3387 -1.34594 -54.7461 -52.3446 -95.7338
-4.06094 -16.936 0.993704 130.893 100.037 161.255
-4.8514 -16.7187 0.387726 51.4189 18.3144 40.6975
-6.53669 15.7876 0.542323 -121.336 -72.1046 96.1832
-4.40703 -16.4315 -0.958321 84.6076 9.1838 -96.7656
-6.20893 15.3943 -1.45454 -100.291 -72.7964 -105.981
-6.06168 15.5058 -0.156667 -85.9862 -61.3426 21.5063
-4.50971 -8.79993 -6.77929 65.5318 134.598 -130.574
-3.73534 -16.4403 0.63335 141.643 -94.9151 117.179
-3.81727 -15.7506 0.527061 127.167 25.2654 56.1554
-4.36394 -19.6836 -0.718664 62.5978 25.2367 -35.8197
-3.82319 -15.2046 1.52828 102.409 -105.664 98.1562
-6.02101 13.7079 -1.53169 -116.932 -70.3822 -114.83
-5.81933 14.3232 -4.52906 -97.27 -117.282 -52.3619
-5.44618 1.10636 -2.28909 -63.2 -186.17 -36.9579
-6.16871 13.9638 -0.0188911 -142.961 -75.7725 34.4566
-3.81532 -15.3528 -3.97632 90.6127 36.3587 -59.991
-3.47459 -17.3606 0.326945 103.773 28.1223 -96.7643
-5.66529 10.654 -2.75276 -118.102 102.14 54.9313
-5.86556 12.283 -1.15322 -159.951 -94.707 -91.0273
-4.85058 20.1686 0.789657 -61.7497 -54.1869 42.3168
-5.36181 35.0325 8.77981 -113.728 -37.502 64.317
-3.17319 -16.4959 -0.613514 99.0667 9.87879 -31.3741
-4.29733 19.3336 -0.216772 -24.3398 -46.4232 -58.7587
-5.256 13.2645 0.962298 -129.903 -39.6997 -160.299
-2.48422 -15.6572 -0.587992 145.228 -1.34592 -30.5558
-2.81637 -9.73168 -9.52024 104.999 -26.1134 81.7776
-2.20879 -16.7337 -0.772648 162.379 -3.1976 -13.4571
-1.31546 -8.27288 0.365269 246.821 -134.891 49.5656
-1.92159 -14.4481 1.20853 168.729 -13.8282 150.37
-2.1327 -0.864538 8.12484 139.803 23.8381 112.833
-4.67175 17.7849 -0.0317147 -113.833 -51.9039 5.11162
-2.97268 -11.3457 5.58081 53.6511 -97.7004 -132.277
-4.74843 15.8387 -0.902891 -123.59 -60.5821 -49.3174
-3.57738 16.4318 1.87173 -8.75645 -58.8442 159.856
-4.74848 16.8609 1.07791 -125.536 -31.5371 78.066
-4.78617 12.9476 6.09682 -140.227 -1.41877 -62.4043
-2.8269 -21.2417 -1.41737 52.7989 34.0243 -9.35899
-2.88238 -18.4666 -0.0683123 44.0317 21.7501 -46.4738
-4.13407 15.0119 1.13852 -81.2837 -50.1455 156.698
-2.6517 -18.3543 0.0534735 65.8546 34.9221 -35.2712
-2.26669 -18.1986 0.238741 100.378 17.5669 -15.0123
-2.4311 -20.3353 -0.586986 77.8901 27.7111 69.3528
-2.66557 -17.7037 0.0801198 52.5921 28.1981 -30.3705
-4.86455 13.7623 -0.531039 -178.473 -72.7565 -16.4557
-2.17193 -0.609836 -1.01281 88.5477 -197.728 30.556
-4.53245 13.5309 0.462972 -151.07 -66.1703 84.2659
-4.7249 8.52572 4.63359 -180.321 -118.897 82.4581
-1.89667 -2.77624 -9.64681 97.3402 9.09605 -112.216
-2.37776 -17.9162 -1.35037 44.9987 27.3747 -23.7913
-1.89695 -16.946 -0.123672 78.0272 22.7821 95.0919
-3.57884 17.6118 -0.760895 -92.7476 -47.5129 11.3545
-0.803729 -23.7604 5.18244 182.867 155.774 -92.9252
-2.40833 20.303 0.886004 -19.1873 -41.2437 97.6087
-3.20152 18.5531 0.0607349 -98.8732 -2.43989 -18.3592
-1.48295 -20.3972 0.065602 64.6876 33.0386 67.6289
-2.21743 19.1496 0.57302 -12.6318 -38.3648 65.2438
-3.06529 15.8999 -0.0743946 -110.882 -50.4123 -35.2383
-2.42496 17.8173 1.29345 -48.4295 -38.1706 138.343
-1.65687 -18.4106 -1.54096 26.4342 35.2239 -102.188
-2.50711 20.6075 0.779614 -63.3526 -46.1202 -48.7454
-0.919067 -17.683 -1.52246 91.895 12.6898 -103.042
-2.19072 35.3194 2.18434 -37.6736 86.3665 -1.39625
-3.41923 16.4468 -0.101625 -164.658 -40.9493 -4.56461
-3.41088 14.229 1.42508 -166.232 -54.8432 120.61
-0.375726 -16.1748 -0.141513 131.936 15.7235 33.5665
0.240428 -15.6929 -0.889184 189.449 12.0819 -44.2968
-2.37747 18.1812 0.46944 -72.6355 -42.4784 -65.4112
-2.21499 17.1614 0.478674 -65.5959 -40.0094 -58.1052
0.0157529 -13.0543 -2.01983 139.261 14.7336 -167.424
0.221579 -19.0219 0.680418 134.204 24.7071 -1.04624
-0.496745 -18.2047 0.441427 56.4094 29.7087 -22.636
0.95596 -15.2204 1.54878 186.383 10.8554 102.032
-1.0019 18.334 0.802866 -8.99087 -36.3966 16.9613
-1.67057 19.5787 -0.587718 -102.128 -41.2262 -90.9772
-1.51298 18.8155 0.678043 -88.6816 -40.3226 39.46
0.393982 -20.6746 -0.74939 96.1637 43.2279 -21.6268
-0.0869464 -21.0415 -0.113148 47.7759 38.8807 44.1443
0.608421 -20.0154 -0.550419 116.006 36.6915 -3.22694
-2.02239 16.1149 -0.38539 -147.283 -109.13 -64.7158
-1.72856 17.2496 0.818003 -118.555 24.8506 56.0543
0.393231 -18.7978 -1.30325 90.721 33.1015 -83.3517
-0.309877 -19.3576 -0.397379 20.5425 38.2011 10.7273
0.448362 -17.779 -1.29406 93.7299 35.9559 -84.9901
0.368525 -17.5733 -1.91722 84.9997 34.6332 -149.187
1.29722 -16.6064 -1.31548 177.172 30.9757 -90.3525
1.29725 -16.2458 0.0044812 176.024 23.764 43.3121
0.398487 -16.3095 0.830805 84.6886 33.1272 128.067
1.58822 -14.211 -1.11443 200.611 33.3031 -75.9934
1.3468 -13.2788 -1.44656 173.199 21.8583 -112.62
1.35845 -35.4203 8.27567 161.739 -12.3177 83.1133
0.180909 -19.7115 1.15967 37.3874 38.1693 74.6458
0.315745 -18.4255 -0.180391 49.9215 35.7692 -59.3278
-0.174073 -18.2423 1.82781 -2.03748 77.7262 61.635
-0.135722 0.0979754 0 -13.8579 -0.191911 0
1.35088 -16.971 -0.800452 116.443 -76.5476 38.3726
1.85949 2.11541 -7.22737 163.076 101.062 36.205
2.1058 -17.2519 -1.99266 185.17 119.36 -13.1972
2.54265 -12.0428 -1.24964 211.169 30.1274 -141.146
-2.03908 6.49112 -1.64155 -247.229 -16.6219 -152.234
-0.866559 16.9193 -1.12787 -135.362 -36.767 -85.1677
-0.472617 18.3072 -1.35074 -98.8927 -36.3402 -105.522
1.67682 -18.3247 -1.02991 114.366 40.3667 -52.5052
2.35593 -17.8963 0.496372 181.302 -43.0618 -3.37236
-0.405303 18.8314 -0.743959 -93.4019 -34.8361 -42.6825
-1.11462 13.4522 -1.77533 -169.317 -20.9396 -127.563
-0.0147972 15.2595 -2.07586 -64.5623 -25.8993 -150.95
-0.979908 14.9754 0.818155 -161.807 -22.2963 143.287
1.51526 -17.9644 -0.0758155 82.6375 39.9323 -27.9019
-0.38179 16.4603 -0.220044 -106.995 -27.9139 43.3376
1.6483 -18.7469 0.185194 93.0777 41.7662 -2.13063
1.39848 -19.8691 1.08461 63.1661 41.7028 88.4725
0.205533 18.5733 -0.0819027 -55.799 -32.557 65.9309
1.13076 -20.4465 -0.379044 33.5642 41.6709 -61.6079
-1.39234 2.91298 0.201062 -223.124 213.516 19.4066
-0.0639943 19.1262 -0.130445 -93.2426 -103.563 51.963
-0.304757 15.0539 -4.63719 -127.867 18.5588 85.2168
-1.64971 18.3361 1.74831 -262.587 124.919 118.624
0.221933 17.3869 -1.27508 -81.3512 -35.3112 -89.2137
0.058582 22.1388 -14.5255 -98.5144 -18.2548 -143.966
0.56423 17.9322 -0.016176 -49.626 -35.7732 40.5976
-0.218587 19.4179 -0.232965 -129.352 15.7418 35.0096
-0.330786 -1.20681 -2.91079 -142.685 -152.023 -0.156173
2.71995 -12.7932 -1.27801 156.638 41.7929 -179.157
0.178693 19.7298 -0.231084 -96.7914 17.989 21.6442
-1.45118 6.32885 -0.966945 -259.23 -60.974 44.5254
0.55048 20.4053 -0.9017 -65.5001 -35.1559 -44.118
1.36438 -18.1334 0.808963 9.78974 37.1566 -17.3517
3.19132 -16.7076 -0.0239731 167.957 51.9281 -65.9074
2.60473 -16.9748 0.679447 106.091 46.5263 5.24293
1.46622 14.1908 0.46371 -12.464 -118.096 -1.6824
1.62878 -17.2685 0.678379 -3.83628 84.8191 23.8001
3.13927 -13.6077 -0.70554 133.518 40.4109 -145.935
1.29666 16.5964 -0.421712 -58.322 14.5726 -101.297
2.24875 -20.9507 0.395998 33.5598 43.4982 -38.362
3.01618 -14.8744 -0.353923 103.946 41.0609 -116.752
-0.182407 15.8526 1.23688 -214.198 85.4566 90.5553
1.36154 17.5488 1.78303 -71.7425 -30.18 125.764
1.1064 -3.93967 -5.86935 -107.78 -74.7653 50.1914
0.353858 15.6252 -0.382528 -183.627 -9.97791 -55.6368
3.77159 -14.4239 -2.2352 151.263 56.5676 -136.454
3.21068 -17.0925 0.208449 93.4866 46.3904 -71.3108
2.08183 19.4442 0.679396 -21.4005 -37.233 6.87974
0.773459 21.1126 4.71739 -151.669 -117.948 -123.756
4.52554 -19.749 -0.772596 216.557 7.77102 -58.8925
3.19267 -15.149 -2.12844 82.4926 45.7182 -121.762
2.82237 -21.1724 0.0318853 37.5201 155.291 -7.52448
0.562339 14.0869 0.916079 -202.185 16.2058 67.1644
1.34199 16.3945 0.104985 -127.413 -19.6461 57.0878
3.49842 -15.8851 -0.745096 83.3475 45.2233 -82.1091
3.2343 -15.2782 6.88251 49.941 31.1987 12.4804
3.82164 -16.3436 0.697376 107.533 52.0758 64.9806
1.38117 16.8166 -0.505692 -137.207 -52.351 0.787006
1.80171 17.8204 -1.07336 -102.677 -16.2606 -59.3344
4.79916 0.0420087 -0.282867 188.202 232.539 -59.9878
1.87516 15.993 1.21311 -109.659 -16.6331 93.2743
2.78962 18.7201 -1.24917 -18.9057 -33.9115 -74.2869
3.94729 -17.8803 1.204 94.9713 49.7551 116.151
1.08828 19.4953 -4.84852 -191.836 -106.878 10.3608
1.36925 15.0749 0.920151 -164.298 6.99328 -33.4089
1.97325 19.4705 0.0966297 -112.033 -19.8818 64.8401
2.09589 32.412 -5.20934 -121.235 -112.295 -55.3647
2.8756 21.212 -0.254053 -49.8235 -33.724 34.2807
5.18223 -14.034 0.950286 175.256 66.7154 27.6373
2.79641 18.4077 0.073128 -62.0867 -24.7569 -27.8461
3.13253 15.299 -1.58954 -53.9035 -17.8405 -146.138
2.83138 19.747 0.963448 -84.0992 -28.1525 60.4614
2.81723 21.7282 -0.539197 -86.6861 66.9891 -72.3658
4.67647 -13.5496 1.46623 89.4806 56.5919 208.069
3.11984 20.0206 0.472344 -68.3812 -72.983 0.32564
2.3517 16.0617 -0.632373 -147.435 1.68015 -47.8085
3.51214 19.4326 0.602993 -39.6041 -93.1168 6.41466
5.52589 -14.0054 -1.44389 160.041 70.0718 -86.6376
4.49464 -16.5256 1.88293 49.9427 45.8382 112.059
3.17413 15.9084 0.200563 -96.1949 -145.767 36.337
3.32082 20.5797 -3.276 -83.6998 28.8822 -15.5627
4.51649 -17.2831 2.04273 34.328 44.1287 124.876
4.93312 -5.52606 -11.1475 71.3581 -40.5233 -38.4396
5.62093 -17.2167 -0.349872 135.795 68.4322 -72.6323
5.16555 -17.6148 0.8451 89.9009 55.5954 0.493918
2.06388 19.5036 -0.345814 -222.611 199.438 0.394122
4.38386 -18.1466 -0.543449 1.37548 38.216 -142.992
3.34818 18.2469 0.314438 -101.597 -11.5389 51.2835
4.05482 18.8209 -7.70865 -37.4959 -25.6211 82.2359
6.38287 -13.9029 0.746866 174.379 82.9268 70.3776
4.47585 -3.08649 -5.93265 -15.4895 136.329 -9.2101
5.50202 -6.64989 -8.68603 83.295 145.636 28.6376
5.08856 -0.239188 2.71232 41.0691 157.27 252.678
3.80028 19.6068 0.124481 -89.5896 -17.0684 33.365
4.19874 13.0014 9.60381 -50.2794 -20.7715 -113.361
3.58495 15.81 -0.0795356 -112.03 -59.8952 15.9608
2.89865 7.96423 -0.963113 -191.542 -74.0867 5.91182
4.97037 3.55299 11.4798 12.7535 100.398 -40.5491
5.2802 -20.247 -0.289326 42.6427 50.0437 -1.9218
3.7719 20.2864 -0.0494085 -108.645 -15.9793 16.3087
3.20045 9.24206 -1.47632 -171.63 77.1571 -190.101
5.64361 -14.7844 -1.92002 68.9578 106.013 -41.5585
3.16928 17.1354 -0.873769 -182.892 16.3084 -26.6745
6.12328 -16.1648 1.16856 82.0134 59.2774 112.623
4.36087 18.1746 -0.695736 -106.398 1.10734 2.15575
4.88369 15.9167 0.889511 -66.1418 -10.7628 136.921
6.72625 -13.4105 1.52309 114.244 73.664 168.456
4.32833 11.8487 1.33954 -126.453 34.4147 177.573
3.94756 16.4917 -0.949806 -169.041 26.7607 -50.2856
4.62181 17.9925 0.382501 -104.247 -5.81707 -39.9058
4.4526 18.31 -0.0310953 -121.391 -9.87322 -89.2467
5.95775 -18.121 2.68689 24.8345 42.6525 -35.2963
7.39172 -13.6842 0.284172 165.164 103.791 27.1079
4.11968 12.3863 0.798483 -168.674 46.0561 123.83
6.14203 -18.1899 1.43457 22.5715 45.624 139.028
4.89995 12.4571 -2.51091 -104.149 21.9663 -212.989
4.62146 16.0638 -0.197735 -134.254 15.1429 103.835
6.42842 -20.3004 -5.25259 32.6191 59.4162 81.4469
7.26363 -16.7328 -1.74515 110.422 -67.737 -177.824
4.02428 14.6131 -0.3329 -211.9 56.441 47.7858
7.35597 -13.2434 0.0827731 115.376 241.226 -9.16065
6.55677 -18.152 1.99058 32.2022 6.40408 152.209
6.58952 -15.6301 0.632247 34.339 30.5641 60.4794
6.29301 -17.5532 -1.08894 1.30561 118.648 54.1077
7.1507 -13.6406 1.02737 85.0513 70.6385 183.118
8.42 -20.1661 4.62135 207.572 7.24602 -3.95554
6.63797 -19.4541 -0.108389 30.3801 51.3569 -19.0433
5.80428 13.0676 1.36227 -55.0528 -5.11932 185.586
5.71623 -4.37983 5.02181 -68.891 -97.0183 -9.48404
5.30011 27.1369 -8.81686 -115.009 -132.511 88.0191
7.01676 -16.0063 0.212205 45.2423 57.2803 36.8374
6.68752 0.353392 -3.31666 4.6896 -136.863 -92.1754
5.52189 14.1149 0.939505 -122.32 22.3392 145.179
6.7937 -15.8627 -0.0559012 1.56841 -54.9563 -56.57
6.50731 2.30246 -2.73665 -32.6921 126.593 -254.436
7.7173 -16.9392 -1.18766 81.5908 68.847 -123.552
7.57336 -17.1423 -0.112396 60.2686 64.9729 -13.7832
8.57557 -15.0551 -0.574131 152.267 103.772 29.0881
5.12051 9.34161 -2.36492 -192.059 154.878 -84.9204
5.45407 10.7227 0.478457 -174.663 104.832 118.127
5.5552 12.5586 1.82811 -173.558 0.305799 126.492
6.90372 11.2677 2.64342 -42.1121 146.637 24.239
6.28903 13.7175 1.91925 -107.827 91.1527 138.339
6.24862 17.3309 1.51041 -115.289 200.461 99.3447
8.72541 -13.6864 12.9868 128.533 48.3781 330.318
6.89158 38.7299 -5.83437 -64.1957 65.466 -50.3704
6.61712 15.588 0.53487 -92.4464 3.27475 109.746
9.01173 -11.4514 0.716076 143.225 115.682 62.2961
7.91505 -15.5716 -1.25037 34.1917 53.1092 -86.0733
7.7056 -18.6702 0.330884 11.3405 47.9867 51.311
8.96775 -13.7918 0.0840671 133.32 105.977 -19.5185
8.098 -12.4108 6.75945 40.8653 32.4953 -31.9975
6.21964 13.7976 1.30737 -149.489 44.8494 71.5315
6.94205 15.9976 0.00590702 -81.0817 -0.00422374 57.3018
9.16155 -16.0401 0.142074 135.61 202.714 235.729
7.1952 17.9249 -1.47864 -65.4689 -14.1858 -45.9156
8.95567 -15.8105 0.144535 103.041 97.4972 24.4766
6.38015 -0.902066 1.1251 -154.018 137.394 -102.893
8.64332 -14.0573 -0.0653227 50.4605 65.1782 89.5148
8.83931 -14.2627 -1.33444 56.3563 69.6622 -38.4373
6.73779 17.2532 1.80172 -153.378 12.9072 36.3529
7.62521 12.5007 -3.10403 -67.1188 60.3907 83.9238
7.86425 14.9912 5.34544 -44.4593 -2.84405 -6.15398
7.38451 17.1519 -0.17339 -92.6118 0.591551 43.0651
8.57854 1.87061 -0.474032 22.298 266.465 -56.2923
7.38331 14.2252 -0.915183 -100.334 -117.415 -86.4698
8.86443 -14.2628 2.42497 42.2411 62.6669 173.261
8.19721 20.5348 4.23915 -24.5034 -32.9935 28.5108
8.16695 17.363 0.0903017 -35.4695 -24.9032 71.6222
8.02795 17.6249 0.434664 -57.1365 34.6884 55.3815
7.74525 18.8253 1.14412 -88.412 -8.99045 76.0218
7.62455 9.15059 1.94888 -101.423 79.4818 215.224
7.25132 15.367 0.480717 -140.843 36.9916 -20.51
8.67568 -15.3506 -0.395462 -3.66589 36.6931 62.4446
7.22124 17.286 0.0134609 -148.487 -23.7343 14.4165
9.31206 -4.72974 2.09551 53.5827 116.15 230.469
7.47957 18.1971 -0.50067 -128.678 12.6537 12.9336
8.47605 14.5715 0.462463 -29.7002 -72.2268 50.6021
9.3444 -13.8571 0.793254 55.7567 70.888 68.4854
7.30009 16.9092 1.16062 -147.445 45.5895 -41.5623
8.13141 18.1862 0.387295 -72.262 -9.43035 104.327
8.12158 18.1179 0.0791236 -85.2365 -39.1211 74.1055
9.10807 -15.7518 -1.82738 11.7492 47.5416 -80.4405
9.76954 -14.9643 0.52719 75.8253 94.6051 -25.5812
7.79971 16.2455 1.09546 -121.271 69.7306 42.7697
8.12296 7.64829 -1.7689 -96.6994 100.551 -200.125
8.53906 19.5667 -0.591773 -63.0367 -19.4379 -26.2138
10.6199 -11.1849 -0.728564 139.448 125.581 1.92482
9.77858 -17.1714 -0.179103 54.4394 73.8116 -52.1969
9.93417 -16.0663 -0.557504 62.6209 75.7999 53.0908
8.57757 38.6031 2.93981 -79.105 130.266 41.1976
9.96743 -16.3507 -2.00532 51.726 72.5361 -93.087
8.37431 13.2165 -1.97143 -107.804 38.3254 -163.829
8.6414 13.4773 0.662522 -81.3475 20.6715 119.317
8.42025 16.5792 0.833333 -105.156 15.2983 8.88658
9.15099 14.3556 5.74998 -51.4713 96.7468 9.90441
9.06914 12.586 -6.62579 -63.8493 11.8286 39.7988
10.168 -15.5768 -0.31415 37.3823 64.7671 -46.0132
9.0086 13.6931 -1.61309 -91.7383 29.1795 -68.9143
8.73095 11.1332 -1.46087 -119.98 88.3713 -163.191
9.65825 34.4462 -8.168 -29.1545 -172.665 133.249
10.4938 -17.3894 -1.82264 49.4866 67.4281 -67.9632
9.43391 17.2409 1.13355 -56.2211 -12.0024 35.2309
10.8222 -12.6311 -1.29429 76.129 90.5762 -49.0564
9.12831 14.4416 -0.23621 -94.4258 68.3811 10.1117
10.8048 -16.9163 1.05457 69.2926 92.8663 18.5974
9.29621 17.7222 0.179494 -90.2734 2.38865 -63.7617
10.6743 -12.6405 -0.358954 45.7523 192.446 64.1679
11.2541 -14.9205 1.05913 97.9186 106.104 46.0747
8.70431 12.7619 -0.0361524 -160.231 89.8256 -45.7216
8.64751 10.7786 0.49968 -166.431 41.5242 81.9354
9.39075 11.9017 -0.0209838 -98.9257 133.597 47.929
10.6797 -0.244914 3.47165 22.7191 -126.661 79.7057
9.19646 12.6387 1.26448 -126.044 58.6684 86.4365
9.29242 12.7771 -0.258055 -127.387 59.9089 -69.4691
10.473 -18.4633 5.01821 -11.2875 25.6246 111.258
11.1752 -13.09 -3.15567 57.9547 70.0004 -83.6733
11.8575 -13.0243 -1.17804 119.64 133.855 -32.1641
11.7504 -9.01113 0.180459 107.871 148.058 -74.3703
9.45561 13.0762 -0.235722 -127.824 70.6707 -67.8739
8.9957 12.9188 -0.173764 -174.656 115.417 22.6202
10.3301 3.46571 -2.02508 -43.5621 121.904 -221.454
9.63894 15.0898 1.44801 -121.416 -16.6703 24.0559
11.3162 -12.5812 -1.29305 45.0157 82.8397 -138.628
9.81294 16.5882 10.5481 -107.97 145.816 238.078
9.66909 12.3936 -0.187982 -124.527 146.484 120.631
11.9793 -10.2493 2.49146 71.7462 118.167 9.33891
10.0541 15.639 -0.741385 -125.01 158.823 -93.2772
10.8549 11.5113 -1.79208 -46.5399 1.98278 -138.411
10.7847 11.858 -1.0744 -55.2418 12.1231 -125.741
10.6669 4.14164 -0.753473 -67.3021 236.259 -92.9363
12.283 -12.544 -0.329977 93.0688 132.705 -31.4087
10.7212 17.4391 -2.38471 -63.6554 15.8003 -53.9789
12.4691 -9.73416 -3.4829 104.02 144.436 -106.757
12.1356 -14.4861 -0.87495 66.3422 94.1919 5.38128
10.3213 13.9087 0.853624 -121.508 60.7568 40.0656
10.2784 12.8089 0.426235 -127.489 87.9026 27.1959
11.8591 -13.3973 -0.020109 27.6791 72.4912 0.273892
10.7074 16.627 -0.523867 -98.1535 21.9359 10.3922
11.4711 2.30247 -3.74501 -24.6817 247.38 -26.4085
12.7715 -10.1322 -0.0545297 100.119 143.151 -107.882
10.7875 9.2051 4.33645 -97.9727 3.76505 153.333
12.1598 -13.8892 -1.26774 30.0074 73.8369 -136.645
10.6961 19.1207 -7.34452 -116.059 101.192 -95.6282
11.4151 5.67224 -12.0851 -47.0015 76.6006 28.9111
11.4095 3.58263 -0.818709 -49.2897 203.771 -126.256
12.5026 -5.37332 -3.97297 58.8734 -75.0485 48.132
10.9988 13.4481 -1.63954 -90.9022 36.4823 -122.584
11.4869 3.2406 -6.23797 -42.6066 201.134 -6.37167
10.5333 13.1913 0.340707 -138.897 88.1492 17.9438
12.5213 -15.2288 -1.61933 56.2823 84.6858 -66.6309
12.4709 -12.414 0.927651 48.9648 88.5715 52.7875
11.2944 12.1706 0.337924 -84.3401 -36.4747 36.2962
12.6768 -1.84194 0.336756 51.2187 208.209 -36.8611
12.4426 4.32651 -7.69056 24.2634 -30.4673 -59.9977
11.7572 16.4394 -0.831256 -44.4459 -16.6769 -36.4376
12.8827 -11.1682 1.06852 67.1015 116.466 40.2243
11.2608 13.8341 -0.280124 -96.6722 40.0856 17.4203
10.4653 11.5268 0.144307 -175.769 -87.2533 -10.0435
10.8004 12.5498 -0.415362 -143.979 116.363 15.9406
12.4615 -16.3985 -0.629693 20.9498 68.6265 -52.4656
10.4701 17.3761 -0.215395 -178.107 -83.4128 132.533
11.116 15.4826 -0.136521 -115.05 262.267 -25.5799
11.7134 50.0371 -37.8468 -58.0871 -75.087 53.0628
10.868 11.3374 1.48646 -145.445 128.692 83.4012
13.1159 -6.57078 0.660668 77.45 171.567 90.6704
12.7994 -15.8004 -0.901292 45.2578 79.2089 9.86853
10.8486 12.7677 4.17937 -150.414 51.1201 -106.459
11.7029 12.7467 -1.29091 -68.2737 18.0813 -83.0598
11.6656 4.03651 -0.360132 -73.9964 214.792 1.96037
12.0103 4.10187 -0.201965 -45.8345 221.297 31.8547
12.7763 -16.0814 -0.498884 29.4213 68.6087 52.0454
12.8734 -10.5985 0.649155 37.1622 90.0212 117.906
11.7103 -3.71795 -7.20279 -81.4355 -56.0107 41.8498
11.7759 6.55513 1.03902 -87.7627 161.592 123.727
11.704 11.0897 1.67454 -97.9561 72.3583 100.542
11.5796 13.8055 -0.79997 -110.836 69.2226 -99.6177
12.2334 12.8959 -0.144142 -47.8332 -0.953048 35.3326
13.5131 -6.93397 0.0174227 76.4778 162.21 25.7556
12.0259 6.18871 1.23891 -72.1523 120.276 144.273
12.3633 3.0962 -1.32994 -46.5723 201.35 -139.239
11.8924 10.0079 -5.3446 -111.436 178.793 -39.0497
12.4627 13.9924 -1.0918 -60.4908 63.4367 -120.983
13.1053 -5.9555 -1.50991 3.06948 71.6657 -218.015
12.6014 11.5243 -6.57916 -47.4267 51.2919 11.6165
13.5788 -6.20999 -0.452409 48.5663 144.787 -76.0876
12.1766 11.2749 0.0788812 -90.8442 57.5347 -64.6243
12.2964 13.6586 -0.271846 -81.7737 -4.22498 -20.8824
13.6285 -11.1791 -1.30017 43.4512 95.7275 -78.2686
13.4035 -0.663053 -0.800548 19.5378 241.99 0.335014
13.9773 -11.7704 -0.11522 71.212 129.321 -26.7339
12.3708 9.35123 -0.820659 -91.4211 102.863 -71.3003
13.6199 -17.3638 3.85149 29.7535 244.769 -160.411
13.4619 -0.921153 0.833103 12.9302 186.907 105.03
12.9475 11.2626 1.61321 -39.3876 50.3113 -39.2714
13.7101 -8.81516 -0.669476 35.988 101.677 -66.5057
12.3159 8.09094 0.113403 -104.482 141.189 19.2497
13.1784 2.06918 -0.360221 -24.2292 197.308 -77.8407
13.4692 -17.4764 -6.95421 0.625615 71.7987 74.0597
13.4963 -13.1993 1.45878 -6.21906 45.9772 72.5695
13.6173 0.0937585 0.502132 4.21037 204.509 -5.90202
12.7428 22.0351 -0.956176 -87.5241 127.804 44.848
14.1463 -3.12123 0.847259 48.9109 211.198 15.7455
14.2063 -3.01214 -0.198411 47.6625 200.891 -121.773
12.7507 15.4628 -1.19702 -98.1099 37.3069 -70.5297
14.284 -7.4805 -1.15614 51.401 22.5706 -159.746
13.1962 9.89212 0.519746 -58.1359 31.1296 141.674
12.8345 14.7229 -0.32665 -96.1192 45.3347 -52.8624
12.9214 13.8177 -0.00314878 -88.366 43.2918 25.6482
13.1782 11.54 2.13701 -64.313 22.5217 141.395
14.059 -3.91916 5.54549 20.9629 -32.4527 1.34583
13.5486 2.25718 -0.660523 -30.1851 197.283 -25.6426
13.5346 10.0669 1.23747 -32.4919 -11.2714 96.5519
13.0312 10.7929 -0.349538 -82.5007 55.2938 2.20199
13.1819 4.96012 0.0335769 -71.7238 207.045 -15.5227
14.6672 -5.01051 -0.598062 68.0277 201.933 -62.8631
13.553 9.00107 -2.92059 -45.9902 -57.0269 -18.7004
14.1971 -13.0771 1.59377 15.6488 67.487 40.8679
13.6524 2.77182 -1.24781 -42.0066 157.087 -131.188
14.4507 -8.28197 -1.17942 36.8074 114.982 -93.9575
13.4793 4.89808 1.37235 -63.7199 141.824 150.165
14.3951 -11.4764 -1.67165 26.8034 85.3097 -112.87
14.1455 -2.97789 -1.19977 1.39206 111.614 -184.567
13.8697 1.91969 -0.343142 -26.8919 181.298 -78.2923
14.5701 -8.45388 0.47036 36.0839 106.05 74.7315
13.1684 12.4076 1.6256 -108.042 76.0801 86.8498
13.104 8.22803 0.682476 -116.284 76.879 78.472
14.067 -0.56459 2.09716 -22.7149 71.341 200.643
13.4919 7.18492 1.28066 -80.683 99.1381 127.069
13.4597 9.19698 -0.878526 -84.0796 162.335 -58.3341
14.3615 -0.98998 -0.757348 5.48077 200.371 -55.9067
13.4295 14.0278 -0.722219 -92.2325 47.2818 -68.4313
13.7632 11.9336 0.924984 -59.8581 17.3953 14.6302
13.8458 9.81347 1.23035 -52.7602 24.6434 121.638
14.4605 -12.2478 1.84868 7.6783 63.8117 -48.7341
14.3689 0.59076 -0.312909 -6.33875 190.586 -45.5711
13.8258 6.4189 1.27693 -61.2108 97.1518 111.792
13.6939 4.87164 0.8385 -77.8315 185.68 65.8836
13.6935 5.6095 0.541567 -79.7544 172.983 68.9173
13.8197 12.199 0.398142 -70.7038 30.8722 -40.0682
14.3904 -10.8531 0.656319 -15.9713 37.4577 97.7047
14.7171 -3.75955 0.970931 16.2166 139.378 76.7408
14.7602 -7.58693 -0.676432 18.0503 92.1844 -102.339
14.4255 -0.0300633 -1.14612 -15.2784 128.498 -130.783
14.4772 0.891968 0.264809 -14.5487 195.72 -16.4898
13.2859 11.879 0.186688 -134.198 117.678 -12.3457
13.9295 15.5851 0.519991 -70.4354 -7.25313 -116.14
13.6847 3.55985 7.55608 -97.1729 150.877 43.7404
14.0079 12.3246 0.140824 -70.7503 27.911 -67.3909
13.9187 5.61512 0.105833 -80.579 167.116 24.6462
14.4143 2.76544 -1.48157 -37.1805 171.182 -75.2513
15.442 -7.00498 1.15437 64.7478 164.945 84.0837
14.5929 0.37245 -0.81891 -19.8252 143.872 -127.641
14.0349 14.8231 -1.92954 -75.7678 33.8852 15.2166
13.9485 6.81711 -0.2338 -87.4453 123.12 -42.9512
14.4457 2.92721 1.68343 -39.7032 104.081 136.94
14.1372 15.2557 -1.148 -72.5349 17.3905 -58.7117
15.1789 -6.25926 1.21133 27.8947 135.816 50.8993
15.2416 -7.56533 1.22702 30.3625 115.835 91.1901
14.8208 -9.17855 -2.09866 -13.5083 53.1012 -32.8401
15.0864 -4.26583 -4.83258 8.37539 56.8657 85.765
15.6251 -9.81757 1.69174 61.5519 157.554 14.6546
15.159 -3.2506 0.0570696 12.6413 136.68 71.3179
14.3785 7.93639 -0.440048 -64.9795 132.984 -62.3087
14.4579 4.01699 -0.679753 -59.0313 162.399 -90.6511
15.1299 -11.5549 -1.67933 4.15702 63.2014 -79.5495
14.1616 6.90693 -7.52753 -96.8993 108.8 147.353
14.6681 3.70347 -0.235296 -50.5521 179.026 -59.7458
14.1902 1.69421 -2.16101 -100.926 -86.0795 4.27301
15.0571 -11.0626 2.44618 -15.7197 40.1353 4.30219
15.4597 -7.80436 0.234389 22.7321 108.834 -10.8303
15.1335 -1.09474 -1.24764 -9.74155 123.319 -141.922
15.3265 -3.10287 -1.92133 7.91733 164.086 -49.1282
14.3642 11.891 -0.334448 -92.3792 68.7465 -66.9948
14.6488 6.85178 -1.19169 -64.369 85.6479 -100.349
15.1167 -13.0333 0.185914 -22.7244 33.683 81.7341
14.9011 -6.54015 -0.0184509 -44.2468 -48.4267 -86.7994
15.2314 -0.840318 -2.10172 -12.2027 115.278 -155.237
14.8432 6.46065 -0.91518 -55.0695 64.3703 -113.268
14.4864 2.59042 4.93746 -91.9114 9.41956 -11.9894
15.779 -3.49761 -0.724428 33.6307 221.655 -149.466
14.8257 10.4192 0.618859 -61.1435 29.8001 99.4406
15.2156 -5.16544 -0.454638 -23.2913 138.717 -51.1612
15.5552 -1.47005 -0.231409 3.33453 176.945 -0.386982
15.0174 12.8911 0.725272 -58.9616 10.9191 -12.6886
15.9685 -11.1517 -0.569447 26.3529 98.6176 -24.9972
15.3295 2.79235 0.759625 -38.2067 144.499 73.3407
15.2018 6.60374 1.64895 -53.6115 42.3351 190.319
15.7586 -3.57123 1.46761 -7.49047 101.035 80.3205
15.3933 4.51888 -1.18222 -46.4535 58.7775 -109.427
16.0119 -3.28171 0.0657441 13.8508 159.717 75.8672
16.1607 -4.49237 1.65502 23.741 158.856 86.5159
14.7796 11.8716 4.37632 -114.173 12.84 -235.912
16.2959 -9.57738 -1.05584 34.1093 110.315 -77.8229
15.5542 2.71776 -0.601202 -40.6298 157.484 20.6767
15.1363 13.047 -3.72112 -82.8059 -10.9075 119.455
15.517 7.31065 1.03984 -52.61 34.2245 102.028
15.713 1.6219 0.708252 -33.4011 127.154 120.747
15.9737 -7.70881 1.59111 -14.9257 50.9301 83.749
16.2009 -3.20603 2.04945 6.55295 147.289 138.391
16.3209 -5.74284 0.526372 16.7845 65.851 3.74608
15.3944 17.8129 2.37761 -76.3552 238.502 95.7975
16.2498 -3.55915 0.415402 6.17837 141.144 112.932
15.4773 8.23808 -1.52972 -73.8375 83.5394 -104.435
16.5669 -6.74613 -0.137535 33.7052 138.663 -16.128
16.2822 -16.9821 10.9886 4.72703 91.5938 42.258
16.5355 -10.7635 3.26529 29.7704 106.704 48.3297
16.3824 -9.43869 -0.239246 11.944 19.0403 -51.4701
15.5496 6.28034 0.250099 -70.9054 123.211 85.8439
16.1456 -0.152585 0.194639 -13.5819 154.165 28.2524
16.4444 -7.9722 0.710177 15.0506 143.857 28.4892
16.2722 -5.68402 0.420999 -2.12873 159.043 -78.3664
15.7552 23.8298 8.19762 -54.272 130.283 145.894
16.3895 -8.31002 1.87412 8.05859 88.8259 124.806
16.0395 -8.07723 -0.435631 -27.6533 23.2111 -124.122
16.3453 -3.70112 -2.47575 -0.05243 91.814 41.1152
15.8245 3.57458 1.65645 -52.5067 95.7628 146.046
16.3213 -13.7555 -1.09776 -8.0269 54.2852 -44.997
16.7417 -7.98041 0.758675 28.8465 131.024 10.3064
15.8894 8.09741 -0.650735 -61.9995 55.3281 -13.7408
15.6683 32.1333 -2.60449 -91.51 -62.7511 -6.07921
16.2582 1.69423 1.26886 -33.7179 131.187 98.3222
15.9251 7.21317 1.20451 -67.2768 94.7101 101.615
16.2206 6.57986 -0.0761333 -38.8975 4.74766 15.4006
16.7115 -3.59076 0.261945 2.89309 124.079 -46.5221
16.1145 8.90264 -0.194605 -59.1809 37.9751 -96.7698
15.9817 12.6142 -1.83089 -78.3336 39.0046 -76.5989
16.8337 -3.42758 1.61894 5.9774 143.447 91.6306
16.2459 5.39694 1.41272 -54.2982 67.8224 91.3902
16.6244 9.35192 0.506109 -18.7614 44.7076 64.7853
16.9588 -7.39823 0.494712 12.6266 102.572 48.3508
16.9977 -12.6789 -0.727697 10.901 78.9876 -29.5142
16.8983 -7.8174 0.336477 -0.497086 80.5636 -48.1805
16.5174 8.79719 -0.697285 -38.4498 43.2374 -28.3588
16.485 2.41718 0.360469 -43.7614 85.9512 95.7649
17.1627 -8.79448 0.440077 19.7593 110.697 6.21969
16.7575 -12.0643 -0.356262 -20.7422 40.1301 -34.0256
16.471 -0.411401 -7.60601 -51.8404 3.65806 86.5023
16.5983 2.39085 -1.09709 -41.0562 104.243 -102.211
17.0581 -10.5871 -1.24774 4.16543 79.1724 -95.4349
16.544 9.18467 -0.647459 -54.108 -6.37144 -44.9648
17.2639 -1.95983 18.7952 16.2965 139.127 49.9455
16.6803 3.5374 1.15361 -49.5279 127.306 56.2108
16.7903 8.96185 -0.129603 -39.4504 5.47012 -2.15721
16.6636 12.1994 0.835039 -57.2354 45.0796 -34.2885
16.8806 2.489 1.21079 -36.311 27.7998 83.0238
16.03 13.9105 3.30922 -123.114 169.679 -64.7184
16.4224 9.81682 0.287322 -88.0847 81.7286 17.3704
17.4417 -5.63123 1.17758 -1.84542 93.1407 37.6649
16.984 7.1664 0.337194 -50.032 29.5809 58.8213
17.2999 -4.34748 -0.372928 -18.8355 70.3807 -114.865
17.1837 -0.0579128 0.842473 -31.1005 119.266 33.9518
16.7107 5.11738 1.45464 -80.2043 -71.3698 27.3384
16.9955 7.2578 -1.16902 -54.9922 36.4978 -94.8872
17.3925 -3.33162 0.243709 -16.0633 93.525 37.6129
17.3676 4.89898 -0.155525 -22.5384 135.441 -3.62414
17.275 1.1702 -0.0297458 -31.9362 102.747 -0.530283
16.6555 38.7003 -5.13959 -99.0596 -147.575 109.012
17.5793 -2.3113 -0.211475 -8.8976 136.219 4.8583
17.717 -9.65909 0.279767 -5.76114 70.2194 -11.9835
17.3384 3.35209 -0.764469 -45.2694 108.763 -119.946
17.5277 -1.00305 0.430621 -27.4195 58.2272 27.1707
17.9748 -7.35621 0.247109 8.38943 109.92 -49.7954
17.3021 7.6744 -1.14075 -61.6899 64.081 -91.4808
17.7725 -5.16102 1.25847 -17.4619 57.0641 23.4966
17.2905 5.94725 0.468104 -69.8613 110.801 64.71
17.7969 -2.89912 -0.493609 -21.786 83.4453 -23.4341
17.6303 2.29256 -1.08301 -41.7626 85.6592 -100.175
17.9155 -4.34373 1.6721 -14.4426 87.6066 91.429
17.8751 0.444751 0.445415 -28.8571 111.309 -85.1833
17.8572 -0.023605 3.085 -40.9287 -12.0682 -50.5489
18.3127 -8.19877 0.874784 2.23051 95.0219 86.9712
17.9609 1.43739 0.214646 -37.3555 100.582 -12.592
17.8901 7.47602 -0.877672 -50.8926 24.4492 -63.9463
18.2805 -8.73225 0.618342 -19.5324 49.7682 60.764
18.0707 2.32855 -1.01731 -40.8464 98.7955 -8.85392
18.4709 -7.83207 1.18088 -2.17317 90.184 43.0339
18.1002 2.11241 -0.196448 -40.6726 63.4874 -9.38727
18.1775 -2.27826 -3.8305 -33.1967 69.1205 -121.986
18.5631 -5.27522 0.84647 4.96635 126.811 57.9466
18.0053 7.43578 0.338114 -53.8718 42.0203 10.6401
18.421 -2.88315 0.739554 -18.312 97.5079 103.362
17.9379 7.04723 1.57848 -71.822 107.132 -58.7865
18.4477 2.06596 -1.38375 -24.0882 67.9197 66.3616
18.9832 -6.19329 1.13068 21.0347 108.524 14.0474
18.5313 3.1213 0.775495 -27.4533 64.0686 17.6132
18.2649 2.87435 -0.0495772 -56.2458 35.8211 -77.5661
18.4672 1.56761 2.46479 -37.3555 102.871 29.4542
18.5977 -6.53325 0.499595 -28.2186 64.7814 -26.6273
18.775 -4.45028 0.977598 -11.3375 101.113 16.8752
18.8909 -3.28728 -0.117754 -4.16413 144.03 35.4559
18.7912 -10.4923 0.597747 -17.2202 55.6674 17.777
18.8401 -2.98364 -0.238653 -16.566 95.7176 4.08359
18.3349 -6.79388 1.3925 -72.8337 32.259 47.4719
18.4773 5.8197 -0.365217 -60.2368 67.6038 -19.3484
18.6023 7.63839 -1.34707 -48.2574 13.4437 -110.916
18.5532 3.84417 0.852362 -53.1764 78.2188 60.0805
18.7805 -0.896684 0.876022 -32.9756 80.888 71.4145
17.7494 9.40253 0.450674 -142.342 68.9791 31.2209
18.8495 1.18061 -1.45296 -36.8524 31.7704 -96.4863
19.1438 -6.45291 0.778213 -9.02197 86.7691 -20.117
19.0219 -0.945756 -0.475441 -23.6807 104.202 -38.6349
19.1459 -4.58999 0.589548 -13.6417 98.4229 -24.4749
19.4814 -2.34588 -3.08195 11.111 64.5713 92.6754
19.1971 -4.89241 -0.110358 -20.4844 71.0212 -96.4582
18.9265 0.92238 1.33006 -47.5785 123.205 -65.4399
19.3345 -1.0686 -0.954656 -33.5442 68.3858 -116.035
19.5394 -0.996345 1.22831 -29.7198 77.2747 106.699
19.614 -0.865622 0.247303 -31.5835 91.4601 6.44523
19.7022 -2.1573 -2.4053 -28.6879 77.7047 -0.708814
19.6123 -3.4028 -0.157434 -39.1587 -49.3484 -64.3744
19.7892 1.5643 -0.473479 -41.0468 66.4153 6.17236
19.7326 -13.542 6.07036 -46.9754 146.002 -195.408
19.9184 0.920697 -5.65358 -36.7387 78.0214 -2.96447
19.959 -0.777405 0.273925 -33.9255 103.79 8.81607
20.0155 3.216 -0.90936 -40.7488 3.94923 -18.1263
20.4546 -5.14161 0.808435 -19.1358 82.1758 -8.10918
20.2878 1.46083 0.225886 -41.5062 97.0089 -15.9024
21.6008 -1.6565 0.405348 -40.2055 29.4035 20.6273
nan nan nan nan nan nan
18.8186 6.38883 -0.259182 -74.4088 112.454 -8.06983
21.9342 14.4449 14.4561 -79.6393 48.6906 -54.0308
