-182797 250012 99636.1 -2.12584 2.90752 1.15873
-136342 6697.41 17440.3 -1.586 0.0779277 0.202873
-128773 35330.1 -1614.85 -1.51611 0.415959 -0.0190003
-123851 -159016 -166951 -1.45784 -1.87176 -1.96516
-114190 255314 235724 -1.32814 2.96956 2.74172
-92637.8 33258.7 30362.2 -1.09681 0.393803 0.359498
-82743.8 -156206 38734.3 -0.962273 -1.81661 0.450462
-82451.8 -8174.69 108522 -0.959073 -0.0950787 1.26224
-79062.9 -73713.1 -1355.48 -0.919449 -0.857218 -0.015746
-78249.6 56180.6 -14469.4 -0.910617 0.653792 -0.168379
-75654.3 87321.5 -14875 -0.879834 1.01557 -0.173007
-74688.2 305887 -82208.4 -0.869817 3.5624 -0.957409
-73295.5 -102454 23859.1 -0.854113 -1.19384 0.277945
-66660.2 107699 79805.5 -0.776785 1.25501 0.929966
-61544.6 -3801.42 114696 -0.715711 -0.0442073 1.33381
-59387.6 170341 -139658 -0.690626 1.98093 -1.6241
-58778.8 -4288.17 -5532.54 -0.683987 -0.0499004 -0.0644214
-56817.4 7024.21 16039.6 -0.660795 0.0816924 0.186543
-55953.5 -22182.2 -35587.4 -0.651217 -0.258169 -0.4142
-55637.2 105031 -83462.7 -0.646992 1.22137 -0.970567
-55046.5 117031 46176.1 -0.649303 1.38044 0.54467
-54705.7 -15218.9 -53349.5 -0.636874 -0.177178 -0.621084
-50760.2 -58438.2 -40063.4 -0.590269 -0.679563 -0.465873
-49847.4 -21204 27572.7 -0.579681 -0.246586 0.320656
-49445.2 14737.9 -45512.7 -0.575036 0.171412 -0.529284
-46407.9 -69205.5 -141.903 -0.772594 -1.15213 -0.00236226
-46388.5 66679.9 -42348.8 -0.638675 0.918046 -0.583056
-44810.8 14924 -53873.6 -0.5212 0.17358 -0.626598
-39075.9 -153494 149882 -0.46388 -1.82217 1.77928
-38820 6384.79 -5805.92 -0.45312 0.0745253 -0.0677596
-37774.8 -132712 -190968 -0.439357 -1.54357 -2.22115
-34483.1 -29701.5 22649.7 -0.401008 -0.345405 0.263387
-33382.9 111679 106834 -0.388192 1.29864 1.2423
-31519.8 -24005.7 148514 -0.366556 -0.279164 1.72712
-31328.5 16365.9 -14457.4 -0.364306 0.190312 -0.168124
-30890.6 24557.2 -48900.8 -0.359541 0.285827 -0.569165
-30030.5 8480.58 -13989.2 -0.356297 0.100618 -0.165985
-28337.1 -1253.2 11408.5 -0.329516 -0.0145844 0.132938
-27723.2 5553.02 21267.5 -0.322791 0.0646511 0.247674
-25739.1 -15544.4 3171.32 -0.300067 -0.181217 0.0369845
-22698.7 11552.4 13465 -0.304363 0.154905 0.180579
-22079 -9488.88 33801.9 -0.25674 -0.11036 0.393059
-21609.5 21512.4 39867.3 -0.257658 0.256618 0.475497
-21329.8 8528.07 44442.3 -0.248081 0.0991841 0.516874
-21278 -28723.2 38787.2 -0.249284 -0.336519 0.454403
-20271.8 6350.58 2897.94 -0.235832 0.0739352 0.0336976
-19512.3 3439.1 12526.9 -0.226979 0.0400388 0.145727
-19285.8 9625.93 -2634.29 -0.225437 0.11252 -0.0307905
-18758.2 -19830 27145.4 -0.218127 -0.230616 0.315715
-17835.2 -107904 -74929.3 -0.207493 -1.25535 -0.871725
-17495.5 11483.2 -25745.8 -0.203492 0.13356 -0.299423
-17423.8 -29498.2 24858.7 -0.202636 -0.343041 0.289069
-17248 21414.2 -48696.8 -0.200574 0.249019 -0.566258
-16094.1 11973.3 -5559.13 -0.332828 0.247717 -0.115027
-15969.7 12992 377.201 -0.185908 0.151243 0.00439945
-15777.9 -20418.8 15899.4 -0.18386 -0.237945 0.18526
-15668.3 20758.2 -12581.2 -0.182354 0.241592 -0.146413
-15230.6 39982.5 -2821.74 -0.177071 0.464929 -0.0328209
-15170.1 9720.97 -11135.5 -0.178701 0.114511 -0.131203
-14810.2 15090.3 13649.5 -0.172261 0.175517 0.158785
-14309.8 2302.03 -5241.34 -0.167267 0.0269339 -0.0613863
-13790.4 -7237.52 -21811.7 -0.160645 -0.0843101 -0.254137
-13265.5 7846.26 -25481.4 -0.15431 0.0912408 -0.296366
-12654.5 -39879.8 31920.9 -0.147342 -0.464335 0.371649
-11431 2317.67 -2496.91 -0.132923 0.0269342 -0.0290578
-11297.6 64648 865.722 -0.216879 1.24105 0.0166192
-11088.1 -7692.39 17510.5 -0.128963 -0.0894704 0.203702
-10509.3 15138.1 29249.2 -0.123367 0.177705 0.343364
-10482.7 -37306.3 -45855.2 -0.124948 -0.444915 -0.54692
-10042.1 -1668.84 -12863.2 -0.128405 -0.021339 -0.164578
-9915.95 27822.8 19846.1 -0.1156 0.324364 0.231353
-9787.38 -4560.83 -8889.48 -0.11394 -0.0530795 -0.103463
-9354.26 -28732 -34471.1 -0.109535 -0.336439 -0.403616
-9005.46 6231.82 12936.3 -0.10471 0.0724515 0.150441
-8795.31 61814.7 -63152.1 -0.102292 0.718883 -0.734438
-8763.41 29521.2 -36278.1 -0.101908 0.343306 -0.421871
-8506.88 4157.32 -7049.41 -0.134502 0.0657311 -0.111498
-7925.05 35180.8 -23252.6 -0.0921447 0.409183 -0.27046
-7795.64 -54927.1 90056.2 -0.0907159 -0.639203 1.048
-7719.83 19808 4405.05 -0.0897923 0.230364 0.0512153
-7414.25 26273 -23298.4 -0.0865337 0.306638 -0.271903
-6613.58 8610.79 -21167.3 -0.0771472 0.100443 -0.246889
-6584.02 -55402.9 -26744.5 -0.0765612 -0.644316 -0.311017
-6113.4 15658.9 -1081.82 -0.0712067 0.182269 -0.0126007
-6039.33 -10308.4 42620.3 -0.0708324 -0.120862 0.499765
-5599.95 -4465.77 6147.43 -0.0656035 -0.0523166 0.0720441
-5375.4 4083.91 13871.3 -0.0626425 0.0475912 0.161633
-5333.64 -14465.5 2722.87 -0.06538 -0.177492 0.0334198
-4582.53 -4317.1 -2347.09 -0.0532911 -0.0502115 -0.0272682
-4545.54 93620 -397597 -0.0529674 1.09091 -4.633
-4044.76 -4456.49 2632.27 -0.0470513 -0.0518268 0.0305847
-3768.33 -10540 15560.4 -0.0441524 -0.123494 0.182309
-3689 -13267.5 -39985.9 -0.0507019 -0.182348 -0.549549
-3623.38 2548.02 6027.41 -0.042168 0.0296392 0.0701775
-3421.65 1428.26 -895.01 -0.0397845 0.0165862 -0.0104049
-3175.06 -9113.85 -8135.9 -0.0369197 -0.105983 -0.0946311
-3155.29 -3054.5 3949.91 -0.0368523 -0.0356749 0.046115
-2950.65 44467.2 24043.5 -0.0343326 0.517246 0.27962
-2730.63 -235611 -52513.3 -0.0333864 -2.88076 -0.642069
-2598.56 16265 -29687 -0.0304104 0.190383 -0.347409
-2517.31 24082.8 9670.62 -0.0293106 0.280204 0.112521
-2339.91 -26849.5 20581.2 -0.0272008 -0.312237 0.239318
-2106.42 4450.52 2116.44 -0.0246584 0.0520985 0.0247397
-1937.95 -4659.57 -8624.91 -0.0226867 -0.0545482 -0.100925
-1820.61 -4073.74 -247.084 -0.02118 -0.0473994 -0.00284732
-1811.15 -464.377 1078.58 -0.0955182 -0.0244907 0.057108
-1640.69 -1268.28 -819.045 -0.0191525 -0.0148081 -0.00952521
-1575.09 2662.9 9781.84 -0.0185227 0.0313035 0.115003
-1382.96 -403.153 -181.189 -0.0160964 -0.00469499 -0.00207522
-1352.1 -242.282 9205.61 -0.015774 -0.00283464 0.107427
-1341.36 -2145.72 1280.59 -0.01697 -0.0271463 0.0161716
-1218.44 25904.3 -38929.3 -0.0362545 0.770739 -1.15828
-1120.55 -5784.54 3205.11 -0.0134101 -0.0692265 0.0383191
-1035.88 -1843.42 1972.01 -0.0123081 -0.0218962 0.0234531
-1006.36 1823.38 1540.6 -0.0146137 0.0264779 0.0223902
-997.843 4568.54 -8031.53 -0.011948 0.0547025 -0.0961369
-988.826 3332.71 8441.36 -0.0118981 0.0401006 0.101567
-958.435 -142.303 -292.255 -0.0111721 -0.00166742 -0.00336763
-857.285 1103.03 656.15 -0.0100036 0.0128705 0.00767101
-619.712 8630.65 -15417.2 -0.00726032 0.100361 -0.179313
-537.395 1764.08 -7392.29 -0.00626172 0.0205476 -0.0860293
-521.327 800.39 12322.6 -0.00608516 0.00933109 0.143773
-491.894 -1063.06 -2177.47 -0.0074033 -0.0159984 -0.0327482
-480.737 -1255.15 4955.45 -0.0056018 -0.0146234 0.0576985
-431.696 73.1808 43.3008 -0.00504504 0.000852073 0.000467221
-309.146 -6857.29 -25989.3 -0.00389214 -0.0863334 -0.327121
-242.176 208.21 577.589 -0.00363844 0.00312516 0.0086307
-240.399 -1434.76 12260.8 -0.00285505 -0.0170429 0.145828
-210.576 -1071.75 1495.22 -0.00254608 -0.0129544 0.0180352
-194.458 -11877.2 -639.65 -0.00238576 -0.145247 -0.00787187
-177.939 783.068 -704.803 -0.00209013 0.0091637 -0.00817863
-171.861 -2304.18 2825.8 -0.0022268 -0.0298555 0.0365902
-154.21 19.6745 78.1936 -0.0018029 0.00023592 0.000868964
-142.772 -309.519 -143.042 -0.00167561 -0.00364105 -0.0016366
-100.969 4806.57 -9287.32 -0.00120099 0.0571679 -0.110427
-92.1829 -11.5556 -172.512 -0.00122538 -0.000154827 -0.00224634
-87.3358 -836.341 -8898.13 -0.00254154 -0.0243382 -0.258395
-46.403 -3.79682 -320.128 -0.000572893 -7.23722e-05 -0.00371073
-42.398 -1.88833 24.3209 -0.00049241 -2.63423e-05 0.000242156
-29.1361 23.9714 -3.58983 -0.000377024 0.00030424 -2.74757e-06
-18.5834 20.4405 -14.3111 -0.000227201 0.000242603 -0.000121315
-18.5452 40.1627 54.8632 -0.000518866 0.00112157 0.00143211
-18.1019 12.1678 -5.44198 -0.000242757 0.000160968 -1.82094e-05
-8.97466 -4.15058 1.21617 -2.88159e-23 -2.20723e-22 -1.97426e-05
-8.6206 1.10089 -0.159191 -5.06153e-18 -3.87701e-17 -0.0763707
-8.44141 4.12483 1.36119 -1.90583e-21 -1.45982e-20 6.58286e-06
-8.40357 -1.45125 0.340184 -7.20615e-19 -5.51974e-18 -0.122854
-8.36597 -6.70609 -2.31789 7.43455e-27 -1.4503e-27 2.52996e-19
-8.13684 1.67232 -5.4866 -1.34722e-23 -1.03194e-22 3.22113e-22
-8.13517 -1.62348 -3.75257 -7.05512e-20 -5.40406e-19 2.68535e-08
-8.10032 3.41446 0.0299188 -1.52003e-18 -1.16431e-17 -0.0009174
-7.92169 12.4971 -4.08963 -9.77168e-05 0.000153409 -2.81415e-06
-7.56049 2.42187 3.70695 -4.40998e-19 -3.37794e-18 -2.09476e-09
-7.31735 -2.59034 0.647176 -2.97911e-15 -2.28193e-14 0.00329755
-6.69801 0.199896 -4.48885 -8.07108e-16 -6.18226e-15 2.33063e-12
-6.58155 -1.36591 0.158872 -8.59526e-13 -6.74127e-12 0.189712
-6.47526 6.63727 1.91668 -2.78906e-21 -2.13635e-20 -1.56876e-17
-6.19992 -1.8319 0.0842121 -2.62033e-11 -2.06106e-10 -0.0544339
-6.18542 -3.50604 0.798937 -1.02547e-12 -7.85544e-12 -0.000401614
-5.9754 -9.0377 -3.37258 -6.91097e-05 -0.000105144 1.12157e-07
-5.81601 -4.21203 -0.00880482 -4.77462e-13 -3.65752e-12 7.92399e-06
-5.70247 -1.99179 0.831155 -3.26952e-12 -5.81708e-10 0.0352282
-5.70067 -3.98826 -3.3671 -4.01307e-16 -3.074e-15 1.01668e-11
-5.57866 -1.50203 0.125665 2.0213e-09 -6.0764e-10 -0.19453
-5.57337 -7.94736 4.85355 1.72979e-26 -3.3744e-27 -8.29673e-28
-5.3356 -1.82959 -0.352543 5.48715e-09 -5.27488e-08 -0.0367457
-5.31297 -10503.8 -234.922 -9.64836e-05 -0.201613 -0.00450934
-5.27034 0.804071 -4.76292 -7.76621e-13 -5.94918e-12 -5.08782e-12
-5.24421 -7.13751 2.00529 1.60899e-18 -3.13875e-19 -8.54946e-20
-5.21513 -2.44793 0.781885 -1.60913e-09 -2.28823e-08 -0.0249161
-4.93307 -3.11007 -0.416234 -3.39755e-09 -3.54263e-08 0.000404529
-4.92101 0.986326 -0.179466 3.86773e-06 -1.0554e-06 0.150053
-4.80133 -1.7245 -0.0268735 2.50327e-06 -8.86231e-07 -0.00682526
-4.71115 2.55399 -3.34073 -2.29097e-10 -1.78577e-09 1.59568e-07
-4.70882 -3.7179 0.434836 -7.51548e-10 -6.92828e-09 -0.000153197
-4.63735 0.805205 -3.90624 -7.62237e-10 -6.19068e-09 1.41904e-08
-4.47688 -5.17539 3.69954 3.09298e-14 -6.03367e-15 -1.48543e-15
-4.42917 3.42575 -2.93049 -2.53406e-10 -1.96934e-09 1.32517e-07
-4.33604 2.85923 -4.54028 -7.68897e-05 4.8638e-05 -4.207e-06
-4.28913 -0.238286 4.22602 -1.48998e-09 -1.23618e-08 -1.08051e-08
-4.27901 4.89114 2.77248 -2.57278e-13 -1.97205e-12 -5.78299e-12
-4.24569 2.58611 -0.0979938 4.47098e-06 -3.33288e-06 0.00144929
-4.16983 -3.8331 -6.33152 2.70796e-16 -5.28258e-17 -1.29884e-17
-4.1508 5.52232 1.1993 -5.99219e-13 -4.59273e-12 -6.65962e-10
-4.08408 -0.213009 5.80249 -2.29379e-13 -1.75769e-12 -1.50571e-12
-4.08342 -2.63758 0.160301 6.66809e-06 3.53196e-06 -0.026841
-4.06925 -2.75952 7.19166 5.00572e-08 -4.38463e-08 7.73227e-05
-3.81712 -0.259281 0.943191 0.000629348 4.26303e-05 0.242888
-3.77765 0.944268 -3.53282 3.74089e-07 -7.12459e-07 1.65143e-06
-3.66424 2.93438 -5.04906 -5.18963e-12 -3.97635e-11 -3.4062e-11
-3.62115 -2.43147 -2.98337 1.78562e-07 -2.23822e-07 6.72295e-06
-3.61831 2.93948 -4.79024 -2.19958e-11 -1.6869e-10 -1.4449e-10
-3.54187 -1.54264 7.9085 -1.57534e-18 -1.20667e-17 -1.03368e-17
-3.43494 -3.33936 -3.60019 1.98726e-08 -3.70269e-09 -8.96866e-10
-3.36778 3.18916 -6.0064 -2.8593e-14 -2.19016e-13 -1.87618e-13
-3.33411 -4.7357 -0.860003 1.87058e-08 -2.69173e-09 4.51104e-06
-3.3219 -1.39678 4.09553 3.06228e-08 -2.33209e-07 -2.23106e-07
-3.30573 1.36375 3.80129 4.84035e-07 -9.97469e-07 -6.61821e-07
-3.28587 2.14455 6.83984 -1.00519e-15 -7.69951e-15 -6.59571e-15
-3.27255 4.45264 -4.85732 -5.82236e-14 -4.45995e-13 -3.82055e-13
-3.18298 -4.13088 2.24539 8.53429e-08 -9.1728e-09 -5.5497e-07
-3.08548 -4.89438 -1.39777 1.66002e-08 -2.85699e-09 1.85352e-07
-3.04106 3.37728 2.981 5.09769e-08 -2.19847e-07 -2.16436e-07
-3.03406 -0.829227 4.18694 4.7981e-07 -2.96968e-07 -3.77744e-07
-3.03238 -1.88037 -7.64775 -2.97264e-17 -2.27697e-16 -1.95055e-16
-2.93703 4.78219 -0.828558 -3.23975e-09 -6.62725e-08 3.29679e-06
-2.91254 -10.5827 -2.95547 7.66079e-30 -1.49444e-30 -3.67441e-31
-2.7843 3.49733 -3.48162 1.77366e-09 -3.49566e-08 -2.3998e-08
-2.68221 -4.47901 4.07518 3.18987e-10 -6.21501e-11 -1.52979e-11
-2.63826 0.422975 -4.48972 6.88841e-07 -1.53503e-06 -1.17681e-06
-2.61974 3.34982 4.27892 -5.88484e-11 -1.08068e-09 -8.48557e-10
-2.56345 -1.08279 -4.37773 4.69539e-06 -4.55451e-06 -5.21262e-06
-2.52956 0.692874 7.29574 -1.16458e-14 -8.92039e-14 -7.64157e-14
-2.51737 -0.886866 -5.8455 -5.54457e-11 -4.28389e-10 -3.67127e-10
-2.45515 -5.54318 0.357016 7.0685e-09 -1.27954e-09 -2.49148e-09
-2.23631 3.18344 -5.03279 -1.49837e-10 -1.15705e-09 -9.89923e-10
-2.15709 5.14939 -0.279137 5.32978e-09 -5.70898e-08 9.42767e-08
-2.08516 -6.57729 -0.122881 3.1893e-11 -6.21908e-12 -1.52634e-12
-2.04236 -0.0603714 6.52364 -8.86124e-12 -6.78886e-11 -5.81562e-11
-2.02428 -0.590584 -4.21224 -6.73328e-05 -2.14598e-05 -1.11706e-06
-1.90923 -4.12091 -6.28654 1.12952e-13 -2.20342e-14 -5.4176e-15
-1.90811 9.4633 2.77976 -1.38779e-22 -1.89194e-23 7.09412e-23
-1.84126 5.71029 -3.99922 -4.22692e-13 -3.23781e-12 -2.77362e-12
-1.83158 5.29355 -1.25512 2.25809e-10 -1.44344e-08 -2.3479e-09
-1.77897 -4.64211 5.07688 1.13781e-12 -2.21858e-13 -5.45721e-14
-1.7118 -0.338271 9.19868 -1.13633e-20 -8.70405e-20 -7.45623e-20
-1.67971 5.50571 1.02932 -2.63263e-09 -2.45703e-08 -2.13522e-08
-1.58358 15.353 21.2347 -4.21376e-05 0.000395697 0.000448453
-1.44981 -0.173862 5.36574 6.1984e-09 -2.17841e-08 -1.95995e-08
-1.44508 4.50495 2.23715 1.57117e-07 -1.11452e-06 -3.95302e-07
-1.36602 -4.55928 -2.57861 5.50186e-07 4.04808e-08 -2.36435e-08
-1.31283 -7.75045 -0.85214 2.57648e-14 -5.02609e-15 -1.23578e-15
-1.30351 -0.643281 -5.37587 -1.55152e-05 -1.07951e-05 -1.27375e-05
-1.26298 -6.07831 -5.66907 5.53842e-17 -1.08041e-17 -2.65644e-18
-1.20311 1.02891 -6.24378 -6.21686e-11 -4.77883e-10 -4.09229e-10
-1.14254 6.01365 6.30829 -1.65845e-18 -2.26094e-19 8.47771e-19
-1.10297 7.40098 -3.13865 -1.99842e-15 -2.72441e-16 1.02156e-15
-0.971548 -2.24674 5.322 2.86377e-08 -5.06367e-09 -1.36356e-09
-0.893013 4.27108 -6.03816 -9.57919e-13 -1.30592e-13 4.89671e-13
-0.864813 -3.97707 -3.87189 1.12811e-07 -7.96758e-09 -5.26963e-09
-0.817901 9.17716 0.251782 -3.67672e-19 -5.0124e-20 1.87947e-19
-0.812214 -5.3314 3.85082 2.652e-10 -5.16541e-11 -1.27195e-11
-0.765102 0.562967 -6.33889 -1.46174e-10 -1.12125e-09 -9.60388e-10
-0.667943 -5.04161 -3.95936 8.66186e-10 -1.68162e-10 -4.15406e-11
-0.657609 7.4775 0.874238 -3.41348e-13 -4.65355e-14 1.74491e-13
-0.449324 1.15188 -5.4375 -1.2215e-08 -1.19159e-07 -9.65552e-08
-0.432285 2.91535 -4.25227 -4.86006e-06 -1.01942e-06 -3.32698e-06
-0.394846 -4.2834 -4.1969 5.66158e-09 -9.49702e-10 -2.70879e-10
-0.340379 5.81443 -1.68508 -5.63794e-09 -8.7756e-10 2.8873e-09
-0.266712 -3.53873 -4.01662 4.02917e-07 1.23959e-07 -1.85589e-08
-0.239637 -5.85067 2.25284 3.92322e-09 -7.57176e-10 -1.88177e-10
-0.218874 3.8957 -2.11991 2.56764e-06 -7.33323e-05 1.1043e-06
-0.21012 -4.75172 -3.52639 4.54029e-09 -3.95321e-10 -2.16736e-10
-0.1317 3.46635 4.1964 -4.73139e-07 -1.49396e-07 2.43241e-07
-0.0534979 -4.61068 -3.09393 1.25343e-07 7.93725e-09 -5.99062e-09
0.0181643 -0.00089924 -0.497984 0.00278371 0.000920611 -0.12846
0.029666 2.5193 -5.08968 -1.36538e-08 8.33015e-09 -8.85267e-09
0.0910776 -1.3782 -4.39418 1.73714e-05 -9.01776e-05 -3.87609e-06
0.110478 5.7292 3.10958 -3.83268e-11 3.52042e-11 -2.49396e-11
0.112098 -4.74659 2.89648 2.29261e-07 -1.44985e-08 -1.10318e-08
0.147807 -1.79522 4.67379 7.7936e-07 2.89312e-06 -4.63715e-08
0.513222 5.02218 1.32834 -6.33119e-07 -5.95474e-07 -4.00217e-07
0.61246 -1.65169 -6.98951 5.74465e-12 -1.12064e-12 -2.75536e-13
0.623954 -0.0837413 7.7889 -5.67348e-15 2.43493e-14 1.19703e-14
0.75473 -5.8918 0.202361 2.58138e-08 -4.58318e-09 -1.26798e-09
0.766576 -0.745267 5.08764 -2.59087e-06 -1.6323e-07 1.45611e-06
0.767071 -2.19839 -5.25566 2.64278e-08 -3.57835e-09 -1.29586e-09
0.852826 -2.19477 4.28418 -1.17394e-06 7.47195e-06 -7.96694e-08
0.886728 5.83133 1.59407 -1.74428e-09 1.54789e-09 -1.13204e-09
0.903813 -6.90508 3.03303 1.69158e-13 -3.29987e-14 -8.11349e-15
0.950227 -8.57577 -3.9583 3.41268e-05 -0.000280434 -4.82205e-06
1.00248 -1.81289 -5.67148 2.26741e-09 -4.01458e-10 -1.09968e-10
1.006 -3.03594 6.47264 6.08666e-12 -1.18735e-12 -2.9194e-13
1.03289 5.10938 -2.34133 -6.52184e-08 5.34392e-08 -4.16281e-08
1.08386 -3.92058 -3.47372 4.93781e-07 1.51444e-07 -2.7073e-08
1.12919 -2.25179 -4.71987 4.43104e-07 5.07954e-08 -2.4838e-08
1.13495 1.57071 6.26348 -3.97225e-10 3.68371e-10 -2.58495e-10
1.17362 5.15722 1.43384 -1.08603e-07 3.65323e-09 -7.01196e-08
1.23226 4.65343 -2.0446 -9.28014e-07 -4.026e-07 -3.88974e-07
1.27789 -7.41915 0.742426 9.26313e-14 -1.807e-14 -4.44301e-15
1.2795 7.10034 1.68463 -4.16123e-13 3.85996e-13 -2.70822e-13
1.28185 4.68041 3.13893 -2.5602e-08 2.05982e-08 -1.62147e-08
1.46856 -6.60795 -4.18838 1.85418e-14 -3.61706e-15 -8.89336e-16
1.52128 0.64915 -6.81338 -5.42593e-13 1.27529e-12 -1.05297e-12
1.54591 4.2644 7.40304 -3.80733e-17 3.5317e-17 -2.47789e-17
1.56795 -4.38253 -3.02454 1.53214e-07 2.70775e-11 -7.87101e-09
1.64612 -1.81413 4.77157 -1.42937e-08 2.1722e-07 -1.26764e-07
1.84128 -5.03908 0.851341 2.05781e-07 8.34556e-08 -3.22477e-07
1.86649 -5.16593 -0.334665 1.709e-07 2.63758e-08 1.09271e-07
1.89792 1.54831 5.58164 -5.06706e-10 1.11566e-09 -9.37211e-10
2.07467 2.42914 -4.25645 -6.55821e-07 6.46916e-07 -7.75208e-07
2.10774 3.5063 -5.29516 -7.63361e-11 7.07761e-11 -4.96727e-11
2.14052 -4.24287 3.41146 2.80951e-10 8.48429e-10 -3.84115e-11
2.22747 -0.299103 -5.53769 -3.04915e-09 1.25979e-08 6.18547e-09
2.26123 -0.159707 6.09817 -6.37211e-11 2.72795e-10 1.34103e-10
2.34863 -5.99642 -5.72645 5.98028e-17 -1.16661e-17 -2.86838e-18
2.44709 -3.46789 3.59118 -1.38929e-08 2.5506e-08 -3.32958e-09
2.45069 2.87453 -6.20854 -2.35197e-13 5.52923e-13 -4.56521e-13
2.46785 -4.60085 -0.267446 9.23002e-07 7.12641e-07 -1.67004e-05
2.63535 -5.85111 -2.28908 3.95691e-11 -7.71264e-12 -1.88305e-12
2.65302 2.78285 -3.15482 -5.27279e-06 -2.46965e-06 -8.12329e-07
2.66029 7.31046 1.30506 -2.29442e-14 2.12832e-14 -1.49326e-14
2.7011 2.61174 208.512 -1.24502e-05 7.88475e-06 0.00243044
2.73064 -4.66937 5.26213 2.07291e-13 3.70046e-13 -3.77382e-13
2.86103 6.20572 8.66342 -2.1603e-28 2.0039e-28 -1.40597e-28
2.92259 2.71032 -3.42817 -6.09344e-07 -1.39802e-07 -2.22947e-07
3.0106 -3.49866 -1.93491 -9.53109e-07 1.24928e-06 5.11428e-05
3.12226 2.81258 4.87828 -1.25118e-10 2.92419e-10 -2.41828e-10
3.12665 -3.82835 2.14446 2.30959e-08 2.60367e-07 -5.87348e-06
3.14011 -7.85772 -1.3107 7.84214e-17 -1.52981e-17 -3.76138e-18
3.28159 -5.56888 4.09106 8.09356e-14 1.44482e-13 -1.47347e-13
3.29475 6.00392 -1.86431 -4.28889e-12 3.97819e-12 -2.72332e-12
3.30928 -6.84793 0.219138 1.81601e-13 -3.5426e-14 -8.85775e-15
3.33277 4.14489 2.02595 -6.9563e-08 5.60995e-08 -2.20924e-06
3.41556 -2.0669 3.82388 -3.27574e-08 1.22312e-07 -7.14979e-08
3.44682 -3.79244 -1.12562 -5.034e-07 9.05661e-07 0.000102599
3.53868 2.02958 3.78527 -2.92702e-08 6.31305e-09 -1.90883e-08
3.60495 -2.66017 4.76125 -5.70388e-10 -1.4608e-10 3.90418e-10
3.61533 5.6129 0.23702 -9.6242e-11 8.92107e-11 -8.19977e-10
3.68122 4.26473 -2.63737 -5.07825e-10 1.15908e-09 4.2316e-09
3.73147 -4.70544 -3.03335 3.03551e-11 5.42312e-11 -5.40012e-11
3.77476 -4.13563 -0.240857 1.79465e-08 7.51939e-08 1.15408e-05
3.81383 -4.8399 -2.77604 3.21143e-11 5.7358e-11 -5.19953e-11
3.8377 -2.8606 -6.55983 -1.58985e-15 -4.07641e-16 1.08854e-15
3.9085 -0.560082 -5.75482 -2.19135e-12 9.40281e-12 4.62248e-12
3.92241 2.83921 -3.81972 -1.97935e-09 4.5905e-09 -3.75813e-09
3.92945 3.71702 2.6486 -1.83989e-09 3.95082e-09 -3.3721e-07
3.99087 -5.83106 -0.350388 5.13005e-12 9.15832e-12 7.13574e-11
4.04743 -1.95396 -0.820364 -1.40617e-05 6.7901e-06 0.0738568
4.06115 -2.92781 -4.01099 -2.96224e-10 -7.50372e-11 2.03565e-10
4.17042 -13.1001 509.808 9.00284e-05 -0.000140611 0.00591242
4.29802 -1.41064 -5.14374 -1.17334e-11 5.03447e-11 2.47494e-11
4.34314 6.90749 -0.641787 -2.63164e-15 2.44112e-15 -1.62079e-15
4.53763 -2.84838 -2.0068 -5.20347e-08 2.19684e-09 8.37321e-05
4.70555 -4.97846 0.868789 1.33584e-11 2.38511e-11 -5.48044e-07
4.80834 -0.302524 5.24283 -2.75674e-12 6.48081e-12 -5.35082e-12
5.1315 -1.6811 -0.503999 -1.46244e-07 1.50199e-07 0.0944152
5.25305 1.45082 -5.04504 -4.12945e-14 9.70792e-14 -8.01445e-14
5.34981 -4.76726 0.0489737 2.98195e-12 5.32334e-12 -3.57509e-06
5.45024 -1.82981 -0.168607 -8.37275e-09 2.01723e-08 0.0459011
5.453 2.54794 2.9696 -3.20593e-11 7.53321e-11 -5.31621e-06
5.57153 14.8102 -3.89473 6.17003e-05 0.00017797 -1.79143e-06
5.58113 3.48545 2.35976 -5.20286e-12 1.22205e-11 5.27639e-06
5.80138 2.13589 -0.74846 -9.1639e-12 -3.24476e-12 -0.0522984
5.84811 -8.12246 -4.69732 7.92483e-28 1.4147e-27 -1.44275e-27
5.9222 1.29211 -0.0694571 -3.98182e-09 9.07959e-09 -0.11512
5.94317 -3.09313 -0.11325 -2.71716e-11 1.16492e-10 0.000579659
5.97231 1.47822 0.349059 -8.71349e-10 1.96127e-09 -0.0520596
6.38196 0.410437 -0.164527 -3.796e-12 4.66302e-12 -0.0540767
6.40191 3.14573 1.8224 -3.47985e-13 8.18084e-13 0.000239658
6.51833 4.09536 -1.48764 -3.7447e-16 8.80353e-16 1.86702e-05
6.82645 1.06216 0.197377 -1.80837e-13 4.20463e-13 0.151455
25.1235 28.3406 -15.7968 0.000318888 0.000352403 -0.000149062
28.1722 23.0324 -4.42974 0.000341249 0.000279722 -1.02586e-05
41.1101 -2030.71 113826 0.000565402 -0.0279577 1.56716
45.0931 -1462.52 133334 0.000525545 -0.017018 1.55136
71.7858 2448 11169 0.000834834 0.0284717 0.130001
93.4521 -334.237 13758.4 0.00110064 -0.00393556 0.162889
97.4246 -8.73547 -2.4577 0.00114273 -0.00010181 1.10832e-05
139.711 4932.14 -11336.4 0.00168385 0.0574287 -0.132043
149.695 441.332 76.1499 0.00245726 0.00724597 0.00119503
178.172 -10531.8 -8962.16 0.00207602 -0.122478 -0.10419
236.304 -1012.87 -6230.39 0.00278231 -0.0117557 -0.0724563
267.279 13575 2774.67 0.00334817 0.166588 0.0340576
268.515 325.144 94.4333 0.00347338 0.00420075 0.00117626
383.898 -770.904 2016.56 0.00450928 -0.00905721 0.0235677
407.442 829.26 813.325 0.00484915 0.00987007 0.00970267
482.501 -703.372 177.741 0.00564376 -0.00824317 0.00215655
628.32 -8626.51 73.0707 0.00725484 -0.100348 0.000844912
654.672 9441.72 -2593.68 0.00769981 0.111022 -0.0305359
662.677 -1052.27 -31.5107 0.00773504 -0.0122745 -0.000396514
702.825 -90.6889 745.452 0.0192561 -0.00248471 0.0210452
725.471 4433.23 1592.85 0.00877868 0.053647 0.0192462
780.291 6463.7 -2743.88 0.00919331 0.0761414 -0.0322954
878.529 -729.928 13333.5 0.0107367 -0.00891602 0.163018
912.7 -4215.78 3520.94 0.0107541 -0.0496484 0.041507
969.533 -2896.94 2408.52 0.0113039 -0.0337748 0.0281038
1076.18 3871.41 -3252.13 0.0840282 0.302279 -0.253797
1120.29 -1470.71 2530.77 0.013171 -0.0172892 0.0297117
1124.69 2477.92 2183.52 0.0131093 0.0288845 0.025474
1177.18 -6427.68 -8802.49 0.0136997 -0.0747295 -0.102369
1182.29 -2446.28 2219.45 0.0138055 -0.0285577 0.0259363
1206.29 -710.056 2168.39 0.0141612 -0.00834532 0.0254484
1256.29 -16175.5 -15854.7 0.0176002 -0.226612 -0.222101
1305.9 999.632 11416.8 0.0152373 0.0116546 0.133186
1450.95 2408.32 866.235 0.0169314 0.0282323 0.0101598
1806.19 -64103.2 -15042.3 0.0210505 -0.745676 -0.174983
1905.94 -110.311 -204.86 0.0221959 -0.00128151 -0.00235233
1910.72 -27566 -15279.7 0.0223697 -0.322648 -0.178772
2105.94 -1705.8 1738.55 0.0255729 -0.0207522 0.0210916
2397.23 3660.65 -2228.66 0.0278678 0.0425582 -0.0259293
2498.27 4735.35 -9404.66 0.0290555 0.0550879 -0.109374
2648.19 4846.24 25444.9 0.030803 0.0563924 0.295975
2648.29 -29649.2 -18663.2 0.0307962 -0.344758 -0.217
2760.34 -6970.73 7888.85 0.0332094 -0.0838644 0.0948977
2929.86 -16769.1 8859.46 0.0342598 -0.196463 0.103807
3257.58 6544.35 12298.8 0.0379089 0.0761609 0.143129
3307.42 12699.4 62756.3 0.0384094 0.147682 0.729785
3448.19 -2549.74 -2194.21 0.0407353 -0.0301213 -0.0259443
3820.82 3176.81 21558.3 0.0444343 0.0369677 0.250727
3859.12 108342 -8140.08 0.0451076 1.26647 -0.0951554
3893.01 -45198.8 20374.7 0.0453417 -0.526378 0.237278
3913.55 5704.45 -3493.95 0.0455031 0.0663282 -0.040617
4465.23 -9759.18 44987 0.0585019 -0.127868 0.589426
4541.25 -2980.57 -5873.63 0.0528613 -0.0346915 -0.0683368
5116.03 3066.22 -7165.98 0.0600989 0.0360233 -0.084165
5342.1 -45900.8 -6545.81 0.0621018 -0.533796 -0.0761258
5529.08 19137.6 10522.3 0.0671605 0.232475 0.127805
5651.92 -352.207 66151.9 0.0657292 -0.00409845 0.769295
5773.88 8281.84 2117.8 0.0715823 0.102675 0.0262295
5908.55 -8274.05 19965 0.0689205 -0.0965116 0.232869
6032.09 -15601.5 11556.3 0.0701793 -0.181634 0.134554
6319.49 7368.16 614.26 0.0737691 0.0860107 0.00716686
6410.19 -13148.8 -16748.4 0.132737 -0.272005 -0.34648
6698.04 14865.3 -36191.2 0.0795096 0.176463 -0.429629
6897.02 16952 -16639.5 0.0807363 0.198573 -0.19493
6920.07 -29512.3 -13558.6 0.0805148 -0.343373 -0.157743
7275.32 4121.49 -6659.92 0.0893675 0.050627 -0.0818361
7451.24 29612.4 75818.4 0.0866586 0.344391 0.881741
7738.52 -5378.03 -59368.1 0.0899954 -0.0625323 -0.690348
8125.2 -93421.9 -97558 0.0945406 -1.08652 -1.13463
8184.71 -7388.51 -14300.5 0.0952025 -0.0859366 -0.166324
8215.52 12137.2 -14661.2 0.096217 0.142147 -0.171692
8309.94 24287 -74088.7 0.0968285 0.283025 -0.863342
8694.8 8424.84 6581.12 0.101178 0.0980382 0.0765918
8791.25 -1877.11 2001.62 0.10446 -0.0223043 0.0238029
8791.53 -126400 59212.2 0.102413 -1.47213 0.689624
8880.7 -215769 -26335 0.103405 -2.51235 -0.306637
9123.68 40297.7 38277.5 0.106175 0.469083 0.445591
9146.92 108409 -146633 0.106361 1.26061 -1.70508
9919.51 20166.4 -12538 0.11546 0.234682 -0.145916
9932.86 -35050 2233.25 0.115571 -0.407809 0.0259666
10027.3 -34639.2 -20467.2 0.131418 -0.453979 -0.26822
10720.8 -25971.8 8658.08 0.124701 -0.302131 0.10065
11013.8 29083.6 56497.3 0.128078 0.338205 0.656969
11081.1 5596.96 -2210.78 0.144625 0.0730487 -0.0288714
11331 -24855.7 17984.4 0.133651 -0.293175 0.21213
11652.1 1410.11 5531.54 0.136107 0.0164713 0.0645943
11931.6 -21684.2 -16834.2 0.138928 -0.252484 -0.195994
12035.3 -18092.5 -4531.65 0.140242 -0.210839 -0.0527676
12167.6 5758.07 14774.1 0.141969 0.0671844 0.172414
12465.4 -5517.58 -12294.5 0.155587 -0.0688675 -0.153491
13210.1 -2880.16 -3505.98 0.219509 -0.0478591 -0.0582793
13521.7 -28991.2 24184.5 0.181864 -0.389925 0.325256
13739.8 -27759.8 14273.5 0.159797 -0.322845 0.165985
14074.7 70839.9 -244566 0.163676 0.823823 -2.84413
14157.9 14118.1 -12360 0.165187 0.164723 -0.144193
14349.2 -13410.1 -26865.5 0.168444 -0.157421 -0.315381
14526.1 -21222.8 83707.6 0.168946 -0.246839 0.973607
14770.7 513.46 39720.3 0.171823 0.00598818 0.462006
15445.9 -22832.8 -24518.2 0.179723 -0.26566 -0.285281
15716.7 9323.23 -2495.73 0.18278 0.108409 -0.0290121
16077 -47041.6 -50979.5 0.187522 -0.548692 -0.594621
16141.3 -27171.1 -21828 0.233727 -0.393438 -0.316051
16950.1 -12570.8 6834.65 0.197785 -0.146684 0.0797687
18034.6 11812.8 -4486.98 0.21085 0.138109 -0.0524566
19416.1 -9236.47 10861.2 0.225802 -0.107416 0.126298
19796.8 -144141 -175427 0.230245 -1.67642 -2.04027
19962.9 23771.7 -33827.8 0.332336 0.395744 -0.563159
20041.7 -17963.6 -35350 0.233078 -0.208905 -0.411115
20366.3 -905.376 -12766.8 0.236899 -0.0104981 -0.148495
22159.3 12537.8 -12267.8 0.25766 0.145808 -0.142669
22825.3 3282.35 43556.3 0.265496 0.0381759 0.5066
23038.5 -30400.2 -107449 0.272882 -0.359962 -1.27228
23247 19348.8 -17631.8 0.27052 0.22517 -0.205188
25544.9 12789.5 -63091.6 0.29708 0.148732 -0.733728
26140.3 -75987.2 48584.8 0.30401 -0.883628 0.56498
26400.8 54114.6 -38449.4 0.307001 0.629311 -0.447156
26665.5 31754.1 101554 0.310092 0.369263 1.18097
27578.9 1179.21 -54926.8 0.321013 0.0137225 -0.639335
27918.1 -19921.1 -20694.6 0.325005 -0.231909 -0.240924
28213.3 37844.3 233369 0.328605 0.440779 2.71809
28237.5 -35515.2 17965.1 0.328455 -0.41305 0.20893
31032.3 56309 -122541 0.361438 0.655841 -1.42726
31966.4 -26113.3 18308.7 0.951111 -0.776961 0.544746
36400.7 28739.6 32707.5 0.423366 0.33427 0.380414
36839.4 -26938.5 -30048.7 0.430231 -0.314602 -0.350946
39319.7 -2398.89 -7599.88 0.53627 -0.0327178 -0.1037
40448.6 -45670.3 23901.6 0.470448 -0.531173 0.277991
48167.7 -29113.4 53761.7 0.56067 -0.338903 0.625842
49995.6 289521 303333 0.581403 3.36699 3.5276
51127.9 -19526.4 -8511.39 0.594853 -0.22718 -0.0990279
54488.1 27808.2 -41789.8 0.633843 0.323485 -0.486152
55047.9 17506.1 39813.9 0.640126 0.203571 0.462995
63850.8 -74269.1 131214 0.743214 -0.864482 1.52731
68159.3 8067.33 -27671.3 0.792654 0.0938194 -0.321821
73488.8 -137689 -143427 0.855055 -1.60204 -1.6688
77221.5 45157.2 -139357 0.898064 0.52517 -1.62067
79129.5 -16709.2 -23982.2 0.920133 -0.194306 -0.278875
83381.7 73153.7 -33867.6 0.969933 0.850957 -0.393959
88276.5 -144087 -76727.6 1.02653 -1.6755 -0.892217
91290.4 -27519.1 19687.8 1.06154 -0.319993 0.228934
94352.8 -41694.5 15196.7 1.11086 -0.490886 0.178912
105688 60145.9 81117.4 1.23013 0.700056 0.944151
117950 -44289.3 -10333.9 1.37316 -0.515611 -0.120315
132895 -103775 -96627.3 1.5457 -1.20701 -1.12386
145981 6778.31 -165921 1.69788 0.0788428 -1.92986
155162 -31102.2 343226 1.80804 -0.362395 3.99944
197178 249396 105381 2.32096 2.93561 1.24043
275411 -632662 -409223 3.20286 -7.35747 -4.75901
