-17.2515 9.40255 -3.46259 -17.6804 -116.006 5.24643
-15.12 -0.599397 4.11318 63.8666 -275.988 -10.9658
-14.481 -0.563901 0.289601 118.27 -281.819 64.5764
-14.7492 -2.13966 9.85965 36.1386 -168.224 -17.8677
-14.0141 -2.36776 5.30721 22.7694 -198.517 -15.7921
-13.1378 -16.2497 4.19112 67.6099 1.25075 -4.12453
-13.238 -0.889063 3.09291 3.90087 -219.288 -12.5536
-12.9336 -8.39007 0.91653 29.959 -240.771 -27.8869
-13.0216 -0.802012 -7.12551 13.8923 -212.688 21.9369
-14.06 1.50558 -3.91774 -96.8509 -196.01 17.4563
-12.1673 -5.83457 -4.91583 89.7043 -194.07 10.639
-12.6626 2.95807 0.237076 33.4437 -250.24 6.92764
-12.2321 -4.7021 -1.92857 72.9267 -195.948 13.36
-12.781 -10.9532 6.50837 -10.711 -331.629 72.1643
-11.5205 -7.29197 -1.89348 103.778 -190.953 4.04894
-12.377 -2.21197 6.31005 18.6355 -232.001 -18.6429
-12.2968 -1.70699 -3.02662 18.6327 -226.983 0.186236
-12.9541 7.08359 11.6509 -59.0327 -134.124 -30.0173
-12.0992 -1.56535 7.86571 19.3171 -185.521 -20.5384
-11.7277 -3.6764 4.60552 45.081 -233.356 -0.523137
-12.867 4.37696 0.631204 -88.9519 -219.407 -0.0823586
-11.1679 -4.93656 6.05009 77.6862 -195.538 -20.4269
-12.7041 3.84635 -4.68575 -79.0636 -199.585 10.4486
-10.6159 -7.29455 -2.0343 120.286 -210.114 -7.941
-11.3904 -7.05612 -2.55062 26.4535 29.8532 -100.906
-12.1624 4.14491 -10.109 -62.1082 -167.05 21.1116
-11.7962 0.925079 -10.5043 -26.3745 -201.965 17.3195
-11.2984 0.759673 -5.78432 19.4472 -495.067 115.897
-10.938 -2.95698 12.5158 38.4608 -178.678 -18.3727
-9.98277 -8.11647 -4.35119 126.356 -159.714 10.1856
-9.7143 -8.80745 -0.136585 148.821 -155.961 -10.1769
-10.5594 -3.99409 9.52899 53.1431 -201.426 -31.6284
-11.3533 0.175691 0.938173 -30.4064 -233.878 -10.8369
-11.5357 2.24797 -2.00518 -67.2833 -222.773 3.20493
-9.45025 -14.2114 -16.4722 128.428 -223.597 2.65836
-9.29077 -7.44501 1.36419 125.713 -192.451 1.11921
-9.4733 -4.83115 5.07452 78.9452 -240.424 -5.09707
-8.95695 -3.41971 -23.0454 122.313 -191.142 182.446
-11.2769 4.46058 5.45562 -113.426 -200.658 -4.6766
-8.32655 -9.39094 2.24426 166.06 -181.645 -16.556
-10.7831 6.94487 12.9543 -85.1582 -128.293 -29.5588
-10.1555 0.0493689 2.13355 -34.3049 -218.828 -8.30494
-9.32123 -2.86273 10.1959 44.2553 -190.064 -10.2771
-10.4353 1.33452 -2.94103 -68.5181 -239.103 11.3064
-9.73148 -1.06683 11.6938 0.617594 -182.404 -28.7068
-9.77549 -1.66827 -7.86155 -29.4075 -12.0147 113.874
-10.1871 3.047 -4.96965 -74.7292 -201.027 -4.3625
-9.37749 -1.78081 0.0750529 3.47978 -265.779 9.50649
-9.9086 6.58572 -8.18665 -51.8006 -230.04 9.18607
-10.7111 -6.73695 6.34871 -134.244 -487.155 184.318
-9.22069 -1.14492 -2.34602 -4.8746 -226.014 -1.88198
-7.50442 -10.372 5.19749 164.531 -125.516 2.30984
-8.04143 -16.8946 0.640379 103.136 -184.401 1.13069
-7.2333 -10.1209 7.45019 174.564 -135.632 -48.9814
-7.96412 -5.18589 -11.7673 94.3317 -187.215 21.7674
-6.95984 -10.0322 7.53863 178.779 -141.199 -1.06999
-9.68447 -8.87025 7.69135 -93.6217 -381.378 67.847
-7.69554 4.68569 12.4213 101.831 -234.049 -24.8975
-9.98029 8.09095 4.87494 -128.461 -151.026 -10.5067
-9.40031 -15.7942 9.54196 -73.1963 -457.442 10.0842
-9.15836 -7.0389 -11.2656 -56.3818 -236.411 14.3481
-9.86612 8.81042 -2.75092 -133.928 -157.225 4.72144
-10.0078 6.8554 -6.88081 -155.36 -173.042 12.8724
-7.17488 -6.8582 -1.71 125.458 -220.688 2.08987
-9.16047 2.2349 -8.27621 -72.9141 -191.474 2.83379
-6.8104 -7.45708 -3.21666 157.566 -208.225 14.9338
-8.89726 -1.81049 -3.92262 -52.987 -220.057 7.52643
-8.13312 5.30069 -2.68375 19.2122 -237.404 -11.0776
-9.66015 4.85089 0.901401 -138.124 -193.06 13.3661
-7.9871 -2.87311 3.66611 23.7615 -255.989 -14.5437
-6.46856 -9.30918 2.19389 171.932 -174.935 -4.70138
-8.10474 -2.62111 0.223926 8.83432 -279.63 -7.70184
-9.11424 1.84763 -3.77239 -99.2887 -244.567 -10.1284
-7.5035 -3.68568 -4.53884 53.7178 -228.269 9.93193
-9.33585 7.48089 -5.81748 -144.354 -163.074 10.8082
-9.05803 -6.19141 -2.95309 -116.972 -298.14 -40.1572
-8.91886 7.62742 -1.39702 -106.26 -206.781 12.1493
-7.4062 -3.29969 -0.364435 36.7063 -237.106 9.51087
-7.25514 -2.91177 8.15758 42.4506 -207.767 -5.27961
-9.38529 5.67739 2.62392 -169.546 -182.442 -6.20667
-8.42864 11.8175 -3.41114 -76.7527 -110.001 -77.947
-8.41744 0.393752 -2.13619 -88.6641 -255.644 3.3319
-8.14612 -3.19924 0.779777 -73.7589 -350.583 146.423
-5.37475 -12.0078 -6.33413 183.529 -91.3432 9.49221
-8.74539 3.40233 6.35291 -151.458 -213.605 -17.0126
-5.30568 -11.355 -1.79975 189.077 -96.4457 0.317001
-6.6253 -3.52789 -8.11314 55.4381 -249.751 17.1586
-7.74992 -0.648915 1.84498 -66.2241 -256.748 -3.36183
-8.20314 1.19528 4.88039 -118.103 -249.448 -8.37846
-7.73265 0.463401 3.43627 -72.2819 -233.016 -1.55045
-6.2675 -3.93526 -0.032103 72.4499 -246.025 11.8125
-6.52365 -3.29052 4.98377 45.139 -238.751 2.70976
-7.34536 1.79702 -5.74176 -39.0617 -136.084 -132.821
-5.92295 -4.97513 -12.7933 100.181 -190.439 14.881
-4.93638 -9.07051 1.86783 195.55 -164.133 -1.68661
-6.23953 -3.9933 -14.5356 65.6135 -189.207 21.0858
-8.18778 13.0628 -8.31773 -131.167 -89.8371 15.6997
-5.28898 -6.36549 3.42435 151.468 -176.273 -18.2289
-4.7119 -14.1253 4.39115 205.183 -69.4503 -8.53788
-6.71877 -3.07975 1.50914 5.78071 -288.824 -10.5351
-7.26155 -2.01472 6.76279 -48.2645 -242.551 4.29322
-5.67951 -4.85935 8.63039 108.089 -236.545 -16.9513
-6.49954 -2.97211 0.149416 23.3021 -261.886 2.58218
-7.02088 -1.2795 1.04973 -31.3926 -254.292 3.29379
-8.23917 3.15008 1.54244 -154.918 -224.21 9.48925
-4.97942 -8.28671 -0.64549 167.627 -142.907 34.8471
-8.01207 5.27153 -9.15815 -133.951 -146.797 17.5572
-4.48048 -11.5463 -5.87245 216.002 -97.4304 16.3734
-5.27077 -6.65368 1.78911 136.755 -208.87 7.29497
-7.16721 7.34036 -6.85476 -53.1404 -212.8 21.6393
-7.58657 -2.39803 -2.61983 -95.5801 -293.389 -94.6219
-6.54853 -2.56332 5.93539 6.53377 -248.376 -18.3283
-8.05021 6.28089 -9.38929 -143.929 -157.95 17.9685
-5.80493 -10.196 -2.02598 77.1336 -92.5228 -121.314
-5.7136 -4.18842 -7.86673 85.8126 -225.749 16.6531
-6.80752 -0.643552 7.81408 -26.23 -38.7747 -135.144
-8.22721 3.97091 -4.04929 -170.845 -207.032 11.4747
-6.9318 -0.737404 2.19066 -44.0656 -230.517 -8.66397
-4.65227 -8.17049 -2.80782 180.239 -155.753 15.0484
-4.25663 -11.0378 -1.01923 218.551 -136.76 23.6854
-8.28843 1.05066 -7.09228 -182.792 -129.304 8.27851
-6.33843 -2.36677 5.82087 5.75468 -262.622 -18.452
-4.81131 -6.53775 -1.29657 151.204 -236.156 14.7917
-4.60134 -6.62344 -0.378539 169.795 -202.188 -12.2129
-5.81431 -3.20552 5.73563 49.1316 -221.88 -10.6477
-8.43401 2.41044 -0.702074 -211.273 -162.572 -1.45692
-7.99084 7.70469 -2.45767 -167.553 -152.844 9.43046
-6.42422 -0.937224 7.19619 -12.5826 -247.1 -21.5719
-5.75544 -3.23801 8.50263 44.856 -211.591 -30.0944
-7.73606 7.43768 4.31056 -162.067 -145.601 1.85304
-6.8925 0.306253 3.63468 -80.1007 -227.414 -8.10856
-7.28488 2.30651 -3.68417 -122.372 -197.761 13.5841
-8.29246 0.400504 4.77305 -223.487 -87.6886 -39.588
-7.66326 7.17562 9.02757 -161.07 -135.311 -56.4314
-5.9387 -2.47031 10.4196 5.39306 -245.504 -27.2207
-5.77036 -2.84172 1.94956 21.4131 -250.956 -1.13922
-5.91688 -2.36147 -8.94691 5.81092 -227.845 11.9768
-7.2876 2.1128 7.99174 -134.741 -215.082 -27.7831
-6.917 0.197814 -5.51411 -99.8577 -252.069 -95.6057
-6.19389 13.8154 -2.13813 -30.102 -9.08731 -14.0677
-4.07838 5.22903 -3.37479 174.903 -75.3113 -55.3885
-7.22839 7.08258 -10.7893 -138.256 -126.611 30.5939
-7.44687 3.42169 0.100728 -160.922 -190.855 -2.92781
-6.34288 -2.58455 4.18081 -53.0641 -214.465 -55.744
-4.34757 -5.34273 -3.71156 139.018 -224.326 -7.64012
-6.69802 -4.32847 -1.17509 -94.9931 -287.204 -15.0609
-7.48814 6.48691 -6.99987 -175.664 -140.286 58.5032
-4.9724 2.81598 2.65433 69.1486 -77.3475 -155.907
-3.89725 -5.96127 4.65153 175.157 -212.596 -22.8219
-6.61152 0.741242 -2.84362 -94.7266 -222.742 -10.5472
-6.65475 8.7765 4.7444 -99.9157 -191.386 14.828
-7.40486 3.23392 2.30791 -175.034 -208.262 -1.19647
-4.80264 -7.45036 2.89862 79.0716 -206.323 -26.9527
-4.01796 -4.92896 5.83806 156.35 -182.745 -44.3422
-7.2494 5.68932 -2.48739 -166.803 -152.485 6.6696
-3.55112 -1.59857 11.1597 199.779 -104.483 -16.6141
-7.01174 13.6474 -7.06924 -157.487 -92.372 13.5971
-7.08337 6.38875 -11.2478 -169.423 -141.039 -11.0816
-3.37751 -14.7674 -1.09787 197.848 -43.0194 11.8862
-7.25871 -7.90056 -10.4836 -188.74 -282.198 -56.4448
-3.54297 -14.5549 2.5768 177.317 -25.1487 4.60128
-5.92493 -0.688654 6.75921 -61.3509 -229.62 -13.6696
-3.2901 -14.0468 8.50888 198.682 -41.5242 -3.1205
-7.18282 13.7453 -4.45101 -189.105 -148.222 31.3746
-3.35505 -10.1354 5.31568 189.915 -86.3773 -6.53998
-4.18994 -4.58921 0.962844 106.017 -239.395 -1.61018
-6.91157 4.52496 -5.33495 -168.823 -174.984 9.74313
-5.45793 -1.64037 -6.64535 -26.2889 -236.771 -1.45705
-3.86959 -4.99318 -4.78347 130.756 -193.464 11.2819
-3.91294 -4.90868 2.68217 123.698 -199.136 -18.7598
-3.7763 -5.20694 3.64699 136.82 -239.776 -2.65209
-3.38605 -6.22478 -3.68613 174.432 -173.245 13.1154
-5.44987 -1.99448 -4.84802 -33.7546 -284.126 -8.00575
-6.8783 3.21995 4.00558 -180.92 -183.303 -9.00289
-3.71777 -8.13004 -16.0991 130.298 -65.7711 29.9444
-6.44677 1.39996 5.66753 -142.72 -222.549 -23.6313
-3.58615 -5.11547 6.49917 139.452 -228.31 -28.2919
-3.12607 -5.58018 -0.692182 179.012 -220.599 -12.5682
-2.99746 -6.72131 5.46567 190.595 -155.965 -18.3945
-3.42816 -4.76148 4.74405 146.801 -242.841 -25.6671
-6.49578 3.05729 -5.99311 -158.394 -185.488 9.33103
-6.36596 2.77483 3.27692 -151.197 -177.12 -9.09716
-6.74301 3.61688 1.94056 -195.909 -193.308 0.0652102
-3.5015 -4.59475 -6.25545 120.943 -196.278 -0.657482
-3.11339 -5.82471 9.6836 158.282 -175.597 -18.4672
-5.6864 -1.19795 -6.34294 -100.465 -202.184 14.1275
-3.1667 -13.4841 -4.48506 149.314 -176.113 -4.83359
-5.42395 -0.887968 6.77148 -75.9247 -264.642 -23.035
-2.30803 -9.70896 1.12663 231.635 -93.8878 -1.96821
-2.33704 -7.73611 5.43522 227.848 -133.538 -14.9784
-4.41004 -2.97088 -6.17934 19.7253 -277.57 15.4109
-2.53085 -8.05856 6.56236 202.067 -115.42 -16.7517
-2.47995 -7.43484 -5.22087 203.733 -117.848 6.78699
-2.30507 -15.4992 10.4426 220.622 -48.2497 -10.5511
-6.26457 4.26196 1.74902 -173.303 -153.156 -1.76261
-6.43829 6.26594 -0.761945 -198.084 -129.615 5.72415
-6.28359 7.46524 -3.48743 -184.803 -124.471 10.9056
-2.4757 -7.13034 4.64549 191.714 -122.91 -9.54636
-2.56014 -6.3209 -8.23738 180.024 -147.867 9.40904
-2.03316 -7.48719 -3.36795 231.185 -150.126 45.7734
-5.96528 4.27348 -11.3716 -161.86 -151.196 19.3695
-1.96801 -9.17869 -0.718045 234.063 -111.16 10.6326
-5.74405 1.90315 -11.9045 -141.298 -167.578 18.5958
-4.52458 -2.36694 -4.7257 -20.5411 -284.976 1.10985
-6.55145 5.94858 -1.64386 -222.075 -162.848 -4.03527
-6.27262 9.2166 -4.90896 -194.576 -107.867 8.50153
-6.34443 7.19205 6.63577 -207.196 -109.328 -14.6739
-4.60947 -2.49273 2.46489 -36.872 -256.418 0.646683
-6.23842 10.7942 1.91067 -199.456 -102 -4.49457
-2.07823 -8.11612 -6.36883 213.102 -105.402 17.4089
-6.28419 7.77946 -4.91108 -206.259 -110.047 8.43126
-2.9265 -4.41985 -12.1005 124.009 -199.156 34.3857
-3.14149 -4.04841 -2.57358 98.1949 -223.54 3.07089
-6.07618 5.85133 -6.0214 -194.792 -144.532 5.60079
-3.47716 -3.25032 -7.8253 62.9594 -230.83 26.6356
-5.67694 16.2702 -1.27396 -157.171 -76.3752 3.60156
-1.41572 -7.60127 -0.9784 265.368 -86.2473 15.8424
-6.14727 8.60023 0.869039 -205.411 -99.8018 -2.42921
-6.32975 -0.887169 3.96956 -226.713 27.1118 -46.041
-1.79596 -6.9232 1.74517 223.251 -155.574 -8.02989
-1.90596 -9.50863 -3.55337 212.22 -87.0915 17.0747
-2.58324 -4.57036 3.21449 142.214 -217.515 -4.52186
-2.83254 -2.30618 2.25526 113.294 -173.36 94.3783
-4.59221 -9.43078 9.10514 -62.8404 -122.603 -95.1196
-2.0403 -17.1539 11.2205 190.435 -241.977 53.3704
-3.48063 -2.22376 -0.852484 45.3449 -213.438 96.2252
-5.78276 1.54087 -2.40056 -185.542 -212.595 8.35322
-5.42494 10.6422 11.6588 -151.205 -91.2604 -24.3538
-1.61289 -11.1136 -6.04098 225.929 -62.3317 23.3774
-3.94329 -2.12799 1.58306 -6.78149 -254.343 6.10476
-1.83193 -5.99416 7.88252 201.261 -160.15 -23.685
-2.01949 -4.84025 -3.63834 178.645 -224.556 -6.82383
-4.38677 -1.81971 2.50102 -60.8115 -275.024 -10.1462
-2.0622 -5.19934 9.54508 170.03 -193.904 -18.1078
-1.3318 -7.76056 -0.433374 239.921 -122.595 6.16823
-4.80922 -0.913411 1.96719 -106.774 -262.28 -10.5526
-5.85605 6.30415 5.55563 -211.736 -69.304 -15.6629
-1.54439 -7.62756 0.757488 216.129 -108.763 3.2449
-2.96479 -3.55482 0.133469 73.9175 -282.828 -4.04908
-6.0355 7.55545 -0.850784 -240.528 -110.95 0.900417
-2.85537 -10.9907 -17.6493 71.2346 -2.89405 38.6283
-1.90036 -5.1039 -0.0191969 165.821 -187.033 -0.280261
-5.72938 7.11912 -0.361449 -215.145 -112.084 -0.71935
-3.4876 -2.55212 4.14529 4.55529 -257.411 -2.69044
-1.08952 -9.72776 -3.43654 241.325 -26.9933 262.823
-5.61578 2.5964 1.30767 -209.258 -196.703 1.87976
-2.36672 -3.75569 6.0112 110.718 -217.476 -17.7207
-0.720838 -4.51892 -6.48492 272.302 -32.6016 -42.8087
-4.45826 0.126843 7.69606 -100.359 -203.767 -18.9132
-4.80291 0.513588 1.49563 -134.629 -204.707 -14.3868
-1.12632 -4.61803 -0.260273 228.148 -80.0737 7.36724
-1.66001 2.14139 4.17067 173.967 60.3801 -107.654
-1.42476 2.2566 -0.0782202 196.547 -54.8665 77.5073
-4.74622 0.266146 1.80411 -134.235 -203.221 2.94458
-3.75761 6.79489 9.25942 -41.3928 -158.845 77.6195
-3.33881 -2.77702 -3.08512 -1.07881 -293.964 -1.45536
-1.0048 -10.0754 -1.98879 229.869 -111.008 10.0067
-3.68273 -2.02099 2.12251 -37.1038 -247.346 1.03308
-2.38079 -2.18041 -4.22448 92.1927 -218.358 9.00884
-3.69764 -2.43823 0.649958 -39.3579 -296.776 -19.8357
-1.21922 -6.46347 7.14946 206.34 -105.771 -9.74583
-5.41035 4.17582 5.31406 -211.169 -150.836 -17.5432
-5.61619 13.8902 -1.40501 -234.128 -46.3607 7.6242
-5.55002 5.72413 -7.49764 -228 -114.688 13.4764
-4.67786 0.708276 -5.54662 -141.542 -193.264 22.1663
-0.833946 -7.18883 -3.37733 237.051 -103.104 7.05205
-5.07211 0.808039 -1.81833 -184.452 -205.281 0.619877
-1.32704 -16.9121 -0.0256953 187.382 -8.57617 -11.1874
-1.4284 -4.84239 3.66448 174.221 -228.989 -8.95028
-0.922195 -11.1704 -5.30139 223.822 -45.4091 1.13535
-2.26106 -4.20992 -5.70647 89.9362 -283.548 -73.1775
-1.09121 -9.75042 -5.35985 205.732 -52.1455 13.7887
-2.23156 -0.499319 -10.6306 91.7289 -253.673 28.2546
-5.04866 3.55537 -1.16222 -192.265 -138.03 0.285503
-0.71325 -5.55581 2.06036 237.589 -176.975 -10.2545
-0.787892 -1.35747 3.59603 228.993 -131.86 -3.49058
-0.534953 -7.70219 3.48039 251.239 -102.496 3.31147
-1.55712 8.85031 -5.5599 149.324 -3.78438 48.747
-1.05302 -4.75329 -2.85129 198.462 -182.573 22.391
-4.17948 -0.335231 8.67565 -112.554 -224.516 -21.2474
-2.10401 -3.64432 1.33043 92.8585 -271.742 -1.56918
-5.05957 2.37133 -1.57103 -201.237 -169.238 5.11728
-2.38594 -3.13303 -8.72049 63.2202 -241.421 28.9055
-2.61384 -10.9121 0.525899 39.5524 -295.461 0.424153
-4.10724 -0.5323 1.24659 -112.198 -220.098 -1.25449
-0.840111 -9.56044 -4.98351 211.897 -45.0401 1.00113
-3.60698 -1.32751 -2.84282 -67.6561 -233.607 5.53498
-4.97151 4.23327 1.63515 -203.637 -127.002 0.981127
-5.73339 -1.73323 1.44808 -280.272 -227.951 106.441
-0.29407 -8.87655 -4.04687 259.451 -73.3642 11.9956
-5.04316 1.0285 -2.79768 -213.903 -205.548 4.45731
-5.14034 4.10994 0.414746 -225.307 -138.969 3.86055
-4.44677 0.803818 10.8629 -160.21 -181.353 -18.6836
-0.516358 -6.23084 -8.71607 229.081 -115.887 26.5488
-3.15128 -1.96407 1.65867 -33.103 -250.317 -18.9406
-0.865143 -13.0636 -7.33711 188.18 -12.3406 11.9431
-1.53369 -18.6152 3.93234 119.957 26.9041 -6.78569
-0.369658 -10.0338 -6.3985 235.283 -47.4943 22.8878
-4.84147 3.19439 4.02501 -209.308 -398.434 220.928
-0.411683 -10.3017 -9.66488 226.441 -44.3869 29.0379
-3.08514 -1.57259 3.24738 -40.1583 -258.026 -1.08736
-0.103605 -6.6635 -6.07502 255.944 -114.314 12.4741
-4.9228 10.4115 0.603484 -222.968 -81.3749 0.24766
-0.385367 -9.87326 -7.8905 227.124 -49.3396 6.12792
-0.509521 -11.4751 3.42758 214.225 -42.8973 -26.9926
-0.542215 -3.98593 -6.00702 210.871 -59.4567 -67.295
-2.33873 -3.09943 2.68186 31.5242 -292.681 5.42497
-0.242398 -5.56275 6.6654 238.414 -147.738 -17.7107
-3.48338 1.83378 5.74725 -83.7292 -263.686 10.7263
-2.6121 -2.72351 -5.21291 2.63507 -275.378 16.4205
-0.283856 -6.44901 -2.92162 227.572 -237.079 153.696
-4.01066 0.807554 -14.1309 -143.033 -162.177 30.989
-1.71843 -3.03226 2.47416 83.336 -253.136 37.451
-0.495289 -4.4941 3.4108 202.12 -170.993 25.6979
-4.59626 13.0486 0.905167 -205.849 -268.212 63.9063
-0.154476 -8.68086 3.2517 233.567 -49.8302 3.52816
-2.34223 -2.9703 4.30406 15.8992 -285.64 -5.47331
-1.55976 -3.2401 -9.71114 85.905 -254.091 20.4462
0.204574 -6.32438 -3.00382 258.142 -109.203 16.6268
-0.188624 -12.3691 0.0263818 217.408 -20.0403 -3.23526
-0.247313 -4.44947 5.5541 211.466 -161.311 -23.6973
-4.63002 2.04909 1.28857 -224.894 -155.583 -4.93745
-0.342008 -14.0047 3.90458 200.731 -13.2641 -10.7442
-4.505 5.60401 7.19133 -213.562 -95.6541 -15.0918
0.3449 -10.0742 -2.47798 264.006 -45.5318 -1.54454
-4.57036 1.91192 -2.43098 -225.844 -159.044 -0.125569
0.0829617 -5.65207 3.3678 236.168 -109.026 4.56508
0.178734 -6.52472 -2.62865 243.759 -78.4359 16.5652
-4.55727 4.29006 1.49365 -227.886 -98.5001 -3.7399
0.050311 -6.4265 -2.88018 228.441 -51.4646 -34.4836
-4.56555 4.42913 -2.05631 -237.773 -102.536 3.33003
-0.255357 -14.2907 0.413864 190.326 1.894 7.00091
-4.08992 -0.975771 -2.79087 -193.57 34.9459 -76.9677
-3.75598 0.355472 3.35761 -162.633 -178.785 -9.35495
0.195193 -11.1301 5.47742 227.413 -78.9856 5.66021
-0.795039 -3.36715 5.61594 127.327 -220.011 -25.769
-4.4991 5.10801 1.5003 -241.56 -91.7752 -4.43355
-3.90286 13.1409 -1.92628 -183.995 -57.3514 7.54394
-0.0569076 -7.80808 12.894 197.701 -41.3003 -17.2947
0.453148 -4.93447 0.838204 247.595 -134.794 3.87581
-0.177093 -5.02497 15.2305 183.167 -83.0292 -21.7246
0.685086 -6.08181 1.40799 267.526 -89.9378 10.8188
-0.00527855 -5.06714 -5.19512 188.246 -244.044 -96.9802
-3.60913 -0.503615 1.75987 -170.26 -201.233 20.4919
-2.95982 0.806925 -7.40703 -105.992 -208.033 15.6681
-4.02498 5.67266 -5.96017 -214.272 -69.1666 13.3121
-3.88833 8.87281 -11.7643 -200.789 -54.5679 13.4037
-0.770483 -3.40657 -3.58465 107.725 -260.796 4.77084
-2.60071 1.80446 -16.5352 -75.0187 -238.583 61.8513
-4.37364 2.69614 6.09902 -252.762 -118.307 -13.8651
-3.22222 -0.760872 -2.05016 -139.173 -204.108 -7.40289
0.671931 -9.52552 -0.3401 245.661 -31.9139 -2.9417
0.845839 -7.07848 -1.17645 262.366 -61.9082 13.711
-4.18401 9.62749 -1.75661 -237.455 -164.356 -19.9075
-3.871 2.18733 11.4403 -210.221 -125.342 -18.5459
-3.39681 1.95487 -13.8665 -163.335 -98.3291 31.1257
-3.01514 0.927253 16.5068 -127.389 -123.064 -33.6987
-3.85698 7.96342 -7.56217 -212.506 -73.2024 16.5036
-4.05882 5.04028 2.86256 -232.565 -27.9699 -3.60911
0.607496 -3.83269 3.14124 228.083 -192.091 -15.4707
1.00792 -6.89086 1.71198 267.544 -63.8685 8.16964
-3.74711 12.1362 -1.40411 -205.745 -39.5481 6.04355
-3.62917 -1.34967 0.717452 -196.575 -222.931 -3.27866
0.568404 -7.07051 -5.60858 220.219 -49.623 20.7404
-3.5468 12.651 3.2556 -189.701 -39.4002 -3.52721
-4.02456 3.11851 0.0586593 -237.757 -86.2074 -37.8526
-1.85194 -2.51398 7.13645 -23.0809 -257.205 -21.8279
-0.877028 -7.00563 2.86632 69.502 49.9429 160.325
-4.12907 8.44665 8.03044 -254.697 -81.0819 -10.2301
0.483957 -13.3164 3.1836 200.801 8.80033 -4.50325
-4.12672 6.88107 -4.89685 -257.404 -60.662 -3.1069
-4.14344 3.15802 2.21637 -261.893 -108.824 -5.29091
1.39558 -5.75709 0.568974 285.818 -71.6243 11.2755
1.06038 -6.13432 -6.38425 250.345 -60.4576 23.6301
1.21139 -6.69723 -0.286041 263.261 -41.4259 -3.32374
-3.33424 0.454321 -9.6479 -189.149 -147.483 17.9428
0.473102 -3.25054 -5.06697 188.605 -184.341 20.5949
0.723925 -8.62062 9.91388 211.477 -14.9481 -17.8419
-1.43639 -2.72473 -0.750755 -4.27219 -270.431 -5.52313
1.25697 -3.91997 -1.24054 262.576 -146.481 8.4048
-3.85283 1.04728 -7.24084 -245.647 -142.701 19.5285
-3.27319 9.36838 13.7921 -188.212 -32.6879 -24.6354
-3.87024 0.573662 -1.78769 -255.768 106.758 47.644
-3.7475 3.38532 -2.37551 -245.327 -97.5516 42.9916
0.995178 -10.7735 -1.97371 225.611 -1.69255 2.80089
1.17214 -6.545 -2.62768 243.03 -46.2956 3.51341
1.33221 -6.82205 -7.22077 257.399 -40.0164 10.6309
-3.98373 1.45417 -1.7457 -271.354 -108.742 2.88991
-0.308623 9.56498 6.43173 93.4778 4.54839 -46.6165
0.896187 -8.05796 10.8419 212.839 -11.4152 -29.8165
1.27095 -4.00235 -1.63834 248.338 -71.9672 17.6554
-3.40744 7.40358 -9.9217 -217.836 -30.8982 23.2553
1.48623 -4.9769 6.74015 268.24 -68.1734 -1.81764
-3.25397 -0.548621 -2.62 -207.531 -198.428 7.63297
1.08859 -3.58098 -5.84782 223.205 -107.592 22.4763
1.41709 -3.5027 -4.2444 255.431 -121.899 8.81532
-2.13648 -1.86475 6.09891 -99.4781 -235.578 -4.11297
-3.81272 3.25602 6.27556 -266.173 -77.7198 -10.8427
-3.73688 6.05976 6.06054 -258.979 -82.1109 -11.9055
-3.56356 4.09584 3.23227 -243.469 -73.3656 -4.89986
0.986253 -3.73689 2.28887 207.096 -128.127 -29.4244
-3.68303 2.11041 -3.16115 -258.477 -69.8548 6.4279
1.36559 -4.93059 8.02564 241.728 -60.5593 -5.53983
-0.0902119 3.79506 3.95293 94.9528 -221.854 -0.942715
-2.50388 9.72271 1.99296 -147.55 -131.256 50.7057
-3.83937 3.857 5.38224 -283.662 -27.0584 -7.58088
-3.46144 1.52895 -4.29888 -246.298 -112.393 6.98769
1.35848 -3.09747 -4.52573 232.288 130.829 7.25824
1.05798 -13.6743 1.15306 202.291 13.0247 3.65389
1.14146 -2.83621 -0.293655 210.393 -154.495 34.2
1.70909 -7.2843 2.69844 265.781 -12.9204 -6.75499
-0.0732765 -8.34118 -3.78413 87.9545 -244.984 -15.0645
0.28093 -2.60791 -4.36474 121.24 -214.434 -5.34874
1.57319 -5.83941 1.63616 248.667 -40.2797 -6.96552
-3.51668 11.7885 0.772713 -257.511 91.4354 -34.176
1.10882 -8.97951 9.13579 201.567 -0.0534461 -16.3914
-3.24682 -0.252076 0.356969 -233.616 -153.608 -8.19126
-3.32359 -0.100637 -0.211186 -243.435 -160.312 -7.36527
-0.68021 -2.64824 1.21484 19.0964 -253.325 11.2565
1.15714 -2.6485 -6.8257 201.073 -151.576 9.4515
-3.44135 3.13623 -4.74327 -255.713 -333.391 99.0059
1.49728 -2.83871 2.37668 234.142 -168.495 -5.07621
1.73592 -4.74031 -4.64127 257.755 29.0676 -19.1498
-3.10918 4.1333 5.37514 -226.911 200.7 -59
-3.05544 0.218702 3.79608 -221.861 -126.958 -3.05512
1.62454 -9.45057 0.25281 242.664 68.8543 -2.18395
-3.07226 10.9584 -1.98392 -225.624 -38.5189 7.4845
-3.09338 10.0539 -2.23306 -229.188 -36.9678 8.03759
-2.77812 -0.933484 -3.06912 -198.185 -188.058 8.4163
-2.90945 0.739332 11.1289 -216.015 -97.2612 -23.6743
-3.46585 2.25846 -2.76942 -271.916 -77.0373 7.28251
2.06093 -5.43614 0.0426673 275.275 -29.9286 -33.6183
-0.0836073 -2.72231 9.99071 61.2725 -253.507 -8.00329
-2.75837 5.4521 -6.88378 -206.615 -48.7707 -100.513
-2.9447 2.86524 -11.371 -225.484 -46.5764 11.5091
0.818653 -1.84333 -7.76035 146.338 -257.969 70.4517
-2.96781 4.92997 11.9568 -230.472 -44.9509 -27.3331
-3.10168 1.62957 -3.22692 -244.723 -88.6129 1.61806
1.97131 -4.46819 -1.22859 258.914 43.8059 10.8885
1.42703 -10.0527 8.9172 203.892 5.61593 -11.8093
2.13257 -5.40278 -7.4526 272.997 -13.7043 17.4713
-2.64236 14.5045 3.67959 -202.693 -43.9334 -8.95449
2.02498 -4.54555 1.86213 259.84 -91.1234 6.90632
-2.90421 1.62164 -10.0338 -229.912 -83.4249 15.5278
-3.0851 2.20984 8.25451 -248.124 79.8646 -49.1164
-2.24674 1.55678 -17.2037 -171.158 -48.7956 35.5121
1.96609 -4.07176 -1.89745 244.888 -13.8524 6.09587
2.26302 -6.39367 -0.449685 274.034 -11.8369 3.47469
-2.81394 6.42235 -7.80609 -230.329 47.8024 33.3736
1.63111 -2.39095 -5.71102 211.205 -182.056 2.83158
-3.27792 6.1332 4.27645 -276.494 -32.5391 -4.26085
1.67101 -9.70826 3.57383 212.586 -71.7959 -6.5
2.06754 -7.77697 5.95385 249.739 6.53347 5.98199
-2.64453 4.75499 6.37582 -223.271 -69.52 -10.948
2.42766 -7.255 -0.615283 278.85 -10.5688 3.85352
-2.85826 5.21427 -0.255497 -246.72 -28.5084 4.34047
-2.97398 -1.46794 -3.82366 -258.59 -68.0959 15.0425
-2.80747 4.07721 0.90475 -242.537 -73.0903 -2.03045
-2.85939 4.75161 3.5413 -248.714 -27.7561 -9.03386
1.62745 -4.9869 -14.0149 196.534 -7.68708 29.8823
2.39923 -4.78183 8.10579 270.122 -14.7395 -13.6734
2.35792 -5.65499 -4.98793 262.381 -12.3011 12.447
-3.07753 10.678 1.59055 -277.948 -171.767 -45.6722
1.97818 -1.64503 8.67235 224.087 -112.821 -6.44258
-2.99037 4.98183 1.91715 -270.702 -29.8126 -5.95541
-2.83405 0.563419 0.843271 -258.624 -69.8609 -0.0353077
2.22234 -8.3344 -2.37014 240.07 -0.469017 11.8712
2.37165 -4.83662 8.51344 253.952 -31.6436 -53.8829
2.62413 -5.44949 0.191022 278.274 13.0903 -79.0225
2.87119 -2.05944 -1.44028 301.776 -23.0673 5.72398
-2.69927 3.00207 -0.109513 -251.673 1.33973 -24.9908
-2.77722 1.90803 3.90876 -259.474 -22.8278 -9.85012
2.28099 -7.1766 0.0369711 241.344 16.6478 -0.417239
-2.74885 7.18246 5.98204 -258.869 -22.4795 -19.3172
1.73074 -13.7819 5.43846 184.112 29.4818 -5.25658
-2.95174 5.91912 1.97174 -282.683 -32.5073 0.433491
-2.65484 8.0221 -7.07078 -255.511 -131.942 28.2297
1.91878 -12.6635 5.47006 193.765 27.3468 -5.01917
2.62903 -2.21674 6.73828 263.334 16.5908 -20.5819
-2.64352 4.25111 -4.77285 -260.82 -27.5607 13.5844
-2.2125 10.8761 0.760038 -218.945 -37.7529 1.86806
2.79237 3.43874 4.49801 273.989 -47.6982 -2.38401
0.272727 -5.97641 -1.66121 22.7528 -241.102 9.5489
2.66309 -7.18409 -2.05122 257.99 22.2025 34.5319
2.90464 -0.266793 1.26407 279.619 44.9579 -12.7609
-1.77971 1.38134 14.0551 -186.47 9.65244 -28.7638
2.95834 -6.77478 1.1119 283.423 20.6933 3.11159
2.40259 -9.16249 -6.8671 227.127 24.0528 18.0141
-0.713573 -4.87325 6.75326 -83.135 125.51 107.802
2.66165 -7.02451 0.880536 250.914 20.3759 2.96395
-2.67126 1.19738 4.63947 -278.871 36.9322 -6.17023
2.92481 -4.63661 -0.432674 276.456 22.0521 -6.5997
-2.54028 4.0303 -2.5573 -266.532 -27.5133 9.2359
1.75749 -17.2803 1.83473 160.249 32.8851 -52.4153
-2.23959 6.64236 5.54388 -238.244 -30.6696 -7.40798
0.141882 -5.48355 -4.30182 -2.43864 -254.731 25.7213
2.3789 -8.88083 -8.43571 219.509 23.0305 10.2431
-2.71803 0.099023 -2.1883 -286.984 -19.5343 -27.8937
-2.12577 4.91321 7.07321 -229.444 5.44019 -14.9461
-2.20093 2.91542 8.45345 -237.507 9.97318 -17.7351
2.58558 -1.93554 -5.79822 235.819 34.8655 17.1589
-2.12157 5.45308 5.93431 -232.38 -8.74931 -3.84955
-2.36371 4.09429 -1.7836 -258.858 5.65922 1.76056
2.14799 -13.7796 1.79001 189.268 32.1092 -9.30461
-2.13749 6.32483 -4.18758 -236.52 3.08022 7.55587
-2.27596 1.98926 6.09229 -252.47 42.8887 -13.6226
-1.49295 16.1776 1.86741 -178.212 -45.338 -0.986871
2.89385 -4.43045 0.655419 252.851 29.7041 -2.77234
2.90591 -6.89715 0.615806 252.438 32.8257 -14.2432
-2.17174 1.96337 0.714686 -254.915 74.5515 8.62929
2.91105 0.843252 3.54115 249.454 -0.364343 42.9715
2.30915 0.816368 -6.74349 189.066 140.663 17.5703
2.734 -2.99631 1.97971 230.737 123.072 -9.82614
-1.91084 2.78996 -7.67741 -231.449 37.3207 14.0439
-2.32997 4.14722 2.44687 -273.096 9.85117 -5.84172
2.8047 -0.356674 0.150375 234.547 125.266 -1.81747
-2.33091 8.24922 1.49501 -276.923 1.8957 -3.95066
1.09518 -9.53541 0.626668 62.51 -42.7475 -82.9406
2.76443 -0.312987 -1.07641 226.588 91.9732 -1.02008
2.96867 -5.97929 6.99709 246.281 32.2851 -15.422
-1.5426 2.06941 8.05623 -203.914 133.382 -19.3197
-1.84731 -0.713272 -0.305218 -235.834 -131.056 3.39428
-1.87762 4.2918 -1.36575 -239.6 65.3715 17.0456
2.71362 -10.0896 -5.12286 214.135 39.4381 10.8258
3.33894 -10.2412 13.6724 275.647 -188.846 84.2813
-2.9025 7.90032 -0.84725 -345.049 37.295 -104.111
-1.73577 6.52184 -12.3014 -229.45 -0.808013 23.0106
2.91637 -7.27766 7.13936 231.86 33.7118 -15.6245
1.73568 2.36418 -1.98023 114.494 286.899 59.3274
-1.581 9.61745 4.89676 -215.953 -4.92283 -10.5426
2.6393 -11.9542 5.25431 201.347 39.1381 -20.9211
-1.5324 10.1267 6.32242 -218.485 193.707 41.5987
0.875163 8.29301 0.118889 20.4562 197.993 6.47598
2.88359 -10.9972 -1.4466 217.269 38.4327 -8.34335
2.06487 12.1641 -9.33468 134.9 480.925 -113.775
-1.85265 3.52918 3.8305 -255.182 62.3811 18.8342
3.37878 -8.6069 4.57672 264.38 13.2427 18.4021
0.62542 2.59571 -1.18296 -14.0281 256.13 11.2692
3.21289 -7.59072 8.3796 242.19 47.159 -11.0265
2.81567 -7.26481 -9.56452 201.779 41.2075 23.9183
3.10508 -5.99934 -6.69099 230.269 34.0276 5.3112
-1.45341 2.54918 -4.02421 -222.929 125.945 1.89934
3.4253 -0.917641 7.74691 259.847 106.792 -19.1431
-1.49864 9.72647 -1.01212 -229.262 -7.25339 0.43208
-1.79112 4.66764 -6.35891 -259.957 38.7194 11.2485
-1.63681 3.57321 -5.20252 -246.597 57.8708 -3.46804
-1.66239 4.03443 4.5604 -249.684 88.1841 -36.2963
2.14763 10.7254 -3.71102 124.26 -15.1988 -35.8555
2.09963 5.08877 -3.53474 118.376 203.445 6.60777
1.32908 2.42315 5.18758 38.9336 261.535 -17.6704
2.78934 -3.4836 2.74888 180.842 157.549 22.434
-1.60699 3.12985 0.498982 -255.862 133.24 -2.62147
-1.84849 5.40529 -1.83414 -279.96 40.9122 2.08471
-1.60709 6.52441 6.90753 -257.703 34.5268 -15.2751
0.967999 0.0136903 0 -1.93639 1.36875 0
3.13448 3.36538 6.06546 208.131 -91.543 -0.505583
-1.72106 4.10552 5.12522 -274.655 64.1509 -25.6951
2.97437 -10.9692 9.16381 190.686 39.1871 -17.8137
-1.35074 7.91652 3.16333 -240.368 17.7979 -3.66767
3.60742 -1.68717 4.46604 249.885 104.554 -12.4488
2.66206 -1.30019 -4.55609 154.857 168.324 25.8752
0.601689 4.15891 -11.1653 -50.0222 229.482 26.6153
-1.29487 6.96359 0.756807 -239.047 30.1326 -2.86352
3.29009 -4.09445 7.64332 215.003 63.3233 -16.8349
-1.30812 11.0352 3.12242 -243.111 11.9271 -3.55673
3.54469 -2.04665 -4.10945 237.225 100.242 4.88047
3.7689 -5.45494 -4.19597 259.146 53.9491 12.084
3.5086 -8.88599 -3.9247 232.982 49.8018 16.2832
0.876375 2.73557 -4.55758 -31.0266 267.524 8.19468
-2.1307 2.68106 -3.591 -330.117 -181.82 -53.7238
-0.950921 8.27631 4.50704 -214.099 91.4385 -24.9127
1.5014 2.65732 -0.478815 29.0344 271.645 9.51482
2.77635 -4.54601 16.8933 154.193 177.899 -41.7445
3.81593 -2.91515 -0.742563 251.487 104.042 4.75583
-1.40337 5.16946 4.15948 -267.7 60.0475 -23.3418
-0.796469 -0.209935 6.29489 -208.059 58.0265 9.23229
3.25246 4.01071 1.29845 189.285 125.636 -40.8713
-0.88803 3.51684 0.897629 -222.604 141.462 3.60952
3.6696 -0.256798 -6.06646 230.05 -5.73928 -106.054
-1.10655 -2.25445 -0.765819 -245.927 -15.6341 -38.2031
-0.737064 8.45732 12.4841 -210.546 21.7438 -26.1575
-1.45875 4.50408 1.37311 -282.692 94.1143 7.17144
2.30308 -8.83972 17.7721 90.8525 32.5403 -38.9734
3.01012 -14.0459 0.427448 160.418 45.8644 -87.1997
-1.15783 3.98374 5.17614 -253.675 112.426 -7.40901
3.98256 -2.49496 5.42016 255.109 40.274 -0.914251
-0.918952 7.97363 -3.17063 -237.358 -32.4576 6.02518
-0.978904 4.17886 4.41725 -244.046 115.087 -19.3828
-0.444299 15.6647 18.8704 -191.149 69.9579 -40.9762
3.22636 -16.82 -6.68274 172.9 109.776 8.49003
3.13942 1.21229 2.54388 164.191 229.709 -11.7216
3.71431 -6.68167 -10.201 221.012 50.2315 23.5672
-1.1353 10.1451 -5.16333 -260.915 16.1233 13.2092
3.89134 -2.52974 6.62735 237.372 101.539 -16.609
3.82826 0.471446 3.14028 231.064 128.346 -9.17717
3.57442 -12.4997 4.17435 204.856 52.2704 -3.45898
-1.09173 3.88739 1.60727 -261.004 134.765 -1.60039
3.72065 -2.37073 -7.12674 216.715 102.271 14.8239
0.521547 3.19848 3.7172 -101.941 231.9 -2.08124
3.23717 -15.4525 -2.22657 167.724 57.959 -2.73175
-0.94706 12.3083 0.516903 -247.907 14.9195 -5.93807
3.28974 -14.0614 9.72619 172.656 43.847 -18.9845
3.84071 -4.724 -6.38229 226.897 75.6208 20.005
-1.18861 3.63509 -2.25075 -272.943 68.564 -49.0512
-0.776066 11.9138 5.12605 -232.64 8.57336 -7.69105
3.35013 -3.55137 -0.830533 175.981 161.209 -91.9168
-0.988536 4.50286 -0.0363633 -257.707 113.125 3.06059
-0.605092 3.70324 0.210828 -220.744 185.92 -2.53525
3.07358 -8.50872 15.4693 144.248 48.7845 -28.9344
3.83748 -9.03612 -10.1716 220.039 333.416 114.986
3.78974 -2.93952 -13.2947 212.306 92.4143 23.5887
3.37748 0.103402 -2.46945 170.836 180.23 -1.91369
4.26206 -4.70752 1.35101 258.065 81.5288 -5.15946
1.33393 2.94004 -6.81834 -33.7134 283.636 12.6613
-0.90405 5.69387 1.33927 -258.485 82.0053 -18.3522
4.04715 -3.11533 2.39846 232.726 170.626 11.5726
-0.409537 3.75998 6.00942 -210.689 151.718 8.88367
3.31703 -5.33664 -2.05479 159.402 79.4934 -168.818
3.72638 -1.69407 -8.49649 193.358 137.223 17.5424
-0.850099 6.46447 1.88465 -262.431 167.005 -9.02227
2.96253 -1.70872 2.80059 115.149 256.104 -2.47266
3.8906 -4.47974 7.91251 207.291 90.4773 -13.1137
-0.509433 9.59943 5.86368 -230.582 23.0297 -13.0233
-0.703634 4.70504 2.11209 -252.972 7.79422 9.65715
3.47691 -14.2292 8.82042 159.318 50.6521 -11.8025
4.18153 -2.62828 6.76169 225.047 124.531 -2.99596
4.36025 -4.45606 6.3894 241.637 107.44 -16.2041
-0.501089 5.44688 3.26757 -241.721 94.436 -7.84685
-0.506148 5.84721 1.6021 -242.395 76.1896 5.24782
-0.114953 4.66344 1.75111 -205.641 -30.6007 -101.226
-0.79893 2.85998 2.92009 -273.618 -25.5968 27.158
2.96248 -10.2148 -1.68627 96.3657 157.896 37.0135
-0.353649 6.65822 1.5034 -234.265 -37.6347 42.6346
3.12924 0.241524 0.445293 109.783 209.509 74.6899
4.16308 -0.726237 0.888746 209.713 180.197 10.1001
2.63177 1.84411 -5.76862 56.5628 262.967 -107.501
-0.424684 6.46394 2.3899 -250.16 83.5052 -9.19711
-0.460717 4.71948 -0.303445 -254.212 138.604 -6.34163
0.375558 3.75443 -6.27359 -173.754 167.114 8.57566
4.16635 -11.3369 6.33273 201.895 56.6046 -9.75888
4.37785 -3.8432 0.958346 221.892 113.327 -9.13384
-0.132833 8.53772 -3.35585 -228.793 40.02 7.51098
0.0681553 4.64976 -0.00540147 -210.901 119.897 55.3393
-0.54298 11.516 -7.13486 -275.138 -75.4713 46.9579
4.315 -2.05269 -6.94711 207.029 145.703 8.93292
0.091985 8.48316 6.50468 -213.507 38.5388 -24.8577
4.10018 -2.1471 -9.89866 184.263 138.341 7.66826
-0.174064 8.30407 4.07683 -240.994 56.444 1.20848
-1.86764 0.380261 2.52115 -410.19 143.559 122.34
2.77755 6.56243 -0.446534 48.9725 271.323 8.4457
4.22214 -1.18152 -1.01972 192.183 166.833 12.9693
1.68859 3.29922 4.10542 -60.1287 270.073 -3.19728
1.00819 4.03836 -3.0056 -127.769 207.66 13.2199
0.723274 3.89306 1.48991 -159.47 255.254 3.68026
3.62291 -6.71966 -0.675708 127.747 200.909 80.3896
0.187557 -4.75182 3.68981 -215.151 -38.2686 -40.6539
-0.311296 7.30678 -3.34833 -265.061 87.4569 2.02349
1.19932 3.601 0.526173 -116.315 239.915 6.80848
4.31685 -6.77062 -7.80831 193.054 89.9874 18.1653
0.766336 13.7333 -0.63637 -162.114 188.137 -1.76316
0.0764535 11.3443 -4.24301 -234.933 38.3986 -4.54948
4.09254 5.38985 -3.81602 163.54 699.101 -528.793
-0.164191 5.9476 0.66111 -259.612 114.428 48.4559
4.53989 -5.9655 7.00896 204.547 96.0045 -16.9413
0.384646 5.09507 0.955388 -208.562 130.967 -13.5226
4.93123 -7.72573 -4.52058 241.452 83.4346 6.72687
4.74673 -6.59773 -7.09736 222.377 101.081 17.1241
4.26265 -4.39301 8.45116 174.005 195.738 -15.6041
0.0970307 10.2941 -2.98152 -242.203 39.7348 6.80728
5.62777 -3.36126 3.81691 306.324 202.02 201.884
5.07009 -7.46625 4.11249 250.494 98.7974 21.8929
0.081535 11.022 0.319061 -245.677 65.1706 -2.89589
4.58178 -9.2702 4.35286 200.768 111.298 -6.3279
5.14192 -2.27364 -3.31335 256.039 -94.8588 19.597
4.49119 -9.89665 -10.4896 188.204 68.86 19.6084
5.25337 -7.84002 0.563178 262.795 89.6108 -3.64533
3.95564 0.887924 -2.45869 131.687 240.923 15.9429
0.14878 4.02323 7.99489 -247.263 66.3068 -18.8803
0.122745 7.67325 -2.5307 -253.823 64.5066 14.5944
4.53178 -1.54088 -9.87455 183.994 161.347 30.2702
0.688556 8.04055 -4.27309 -200.184 -141.165 -20.696
1.04491 1.42103 -4.88116 -173.191 215.377 -24.9875
0.407958 5.8254 3.80353 -237.259 125.546 -14.0482
4.99923 -8.59203 -5.99803 217.117 88.1252 3.74036
0.82364 8.95919 -9.41805 -199.362 31.3636 19.5286
1.79649 -1.71714 2.12574 -103.427 -138.077 152.638
0.623868 5.12064 -5.77121 -221.967 182.009 9.44299
1.32543 15.8878 9.25859 -154.41 -4.10881 -19.3685
4.01559 -2.37371 -3.8688 112.035 246.423 6.23289
-0.716685 10.7356 -4.79673 -362.333 162.805 -85.9096
2.62636 -5.93447 0.103803 -30.7248 493.868 30.5242
3.52549 1.48861 7.94903 58.5378 181.648 133.899
0.362537 4.21835 0.463018 -256.482 67.658 -35.7351
4.47882 -1.05435 3.76522 149.658 243.772 -33.4826
4.96175 0.551324 8.11733 194.477 217.796 6.93592
4.98399 -1.91524 4.70965 195.571 172.328 1.77582
0.68818 5.56252 8.61222 -231.417 141.116 -11.6864
1.70523 3.89603 1.32509 -130.997 232.613 19.4619
5.20391 -5.8142 7.29353 216.099 115.373 -21.6772
4.9802 -2.12252 2.80109 192.941 170.58 5.45005
3.86363 0.395029 -12.9648 80.9632 182.617 19.5686
3.48985 2.41716 -2.39625 40.047 296.361 -3.4528
0.827718 7.04923 -8.38339 -226.263 90.7364 21.6895
0.807617 11.0272 -5.76062 -228.683 46.6756 20.3335
5.10906 -1.17171 4.09948 197.373 213.262 -16.212
1.11156 4.94777 -5.70636 -202.758 183.727 29.1812
4.80435 -1.22714 5.80051 163.364 178.199 -18.2787
0.99391 6.90637 -9.18246 -215.435 107.639 14.7864
1.70169 1.47289 -4.85695 -145.452 173.918 120.492
5.04966 -14.4541 1.08482 184.025 69.9132 0.424969
1.30619 4.58393 6.3398 -189.316 211.152 4.03082
4.48765 -0.790659 -2.80004 126.567 175.935 -92.488
5.37961 -16.6156 -6.68752 214.933 249.633 33.5027
4.42935 1.41415 1.83012 119.161 273.408 -8.34539
4.73349 -16.4979 6.49221 148.888 58.5576 -10.7957
5.51954 -2.68963 5.34748 223.135 176.407 -25.807
5.65234 5.00191 -1.90624 233.319 71.3165 20.408
1.69639 1.41623 5.87642 -161.075 168.517 9.09409
0.861507 8.49653 -0.939115 -245.685 96.8748 7.22186
1.17458 6.94737 5.54288 -214.677 101.098 -9.78525
3.7757 1.29035 10.2075 43.6262 213.767 -22.6324
0.850193 14.7495 1.02447 -247.14 167.831 -4.16179
2.38229 -1.30155 9.97474 -96.4893 184.086 39.4627
5.33468 -2.32558 -1.06883 195.935 207.263 -26.9237
0.90952 7.20726 -6.068 -246.073 117.869 13.6371
3.46946 2.551 -2.83699 7.74402 250.518 -0.110215
2.44712 3.69785 -4.93461 -97.1251 213.821 11.2311
1.18141 9.60093 3.73708 -225.117 66.3744 -11.3949
1.50313 6.04249 -3.25075 -200.669 136.728 26.0392
4.50564 -4.46422 3.50321 96.1331 541.473 -81.6846
5.47792 -12.9614 -4.60153 191.162 68.6156 11.9068
5.20414 -14.9981 -0.138018 162.826 57.027 -5.02758
1.71722 4.72825 -0.935728 -183.819 228.414 -24.0496
1.12847 8.59172 2.83896 -242.833 87.6691 0.967017
4.59548 1.04245 3.20435 100.373 250.477 -20.7965
1.37977 10.2248 -9.85885 -222.459 58.8723 27.3511
4.712 -4.1844 -5.87343 106.378 174.882 -43.1422
1.45995 10.1294 -5.48965 -218.82 62.6836 7.18292
5.61229 -12.072 -4.81438 191.152 78.8917 7.76558
1.19358 -1.78461 0.247359 -247.855 -15.8639 5.26081
2.33358 2.851 -0.706125 -135.576 165.261 137.351
5.82965 0.799444 -8.35808 211.307 182.313 -51.6652
1.7315 5.57155 -7.01338 -196.268 183.466 9.6007
5.67055 -11.662 -1.72196 194.297 78.9535 1.54946
3.37732 2.7182 -9.66368 -34.0293 248.905 18.472
2.59192 4.09613 8.33323 -113.718 203.522 -18.8769
1.879 7.32712 9.84272 -187.346 89.8066 -22.7705
5.6766 -6.90724 -8.8759 188.332 100.699 18.261
2.03934 4.84452 -8.56711 -173.387 199.069 7.36015
1.65715 9.2435 -2.06706 -214.03 72.9508 2.99738
1.28003 10.1973 -3.24525 -253.365 81.4597 -0.606791
3.89981 2.32808 -4.60747 2.71328 259.487 -0.956509
6.2022 -5.68315 -1.21302 229.267 137.433 4.06517
4.07922 -0.970964 7.07739 17.9555 231.992 -6.1829
4.6359 0.797525 -9.56546 68.0654 222.42 12.8225
4.34658 1.78254 1.94609 38.9052 257.195 0.942563
5.80231 -3.83311 -0.154872 181.888 150.999 -4.87884
2.51269 4.83463 14.4764 -145.291 159.254 -19.1716
2.17574 5.72534 0.505057 -181.429 167.284 -5.07795
5.74941 0.33422 1.45848 171.621 190.879 -3.8589
5.91387 -11.3177 4.07386 187.872 129 -12.4447
4.8304 6.76711 0.677073 79.6931 -61.4892 70.1575
1.94064 8.15244 6.08424 -207.364 93.8966 -10.9225
5.72411 3.9034 -2.94501 163.43 -52.1217 -100.546
6.15046 -8.58415 3.00075 194.694 95.6269 -3.39016
6.43941 4.47673 0.41738 218.719 448.914 -36.4175
3.29561 4.16077 -3.40665 -103.15 276.79 -1.24667
5.92589 2.58357 -2.5354 157.609 169.992 4.8264
5.55231 -8.99276 -2.87049 119.654 539.886 41.2041
4.78736 5.15716 -0.0214076 43.4075 279.599 6.60238
2.45828 5.94462 -2.21056 -188.955 209.752 17.2634
6.15252 -8.868 -3.13669 177.843 308.326 -13.2355
2.93586 6.10698 2.51314 -144.615 227.988 7.38769
6.21186 -2.98578 -1.79229 180.336 193.239 0.0291893
2.62154 9.73815 -10.006 -177.873 74.0144 21.0752
6.46409 -0.650843 0.851904 202.199 36.2305 68.9713
6.49642 -4.77005 4.68062 200.489 166.384 -4.86542
5.7092 -1.40606 -8.33594 120.539 188.416 9.59988
4.5787 2.51491 3.08038 7.50654 285.083 -12.728
4.51155 1.85339 10.5424 -0.391056 213.192 -29.4429
6.48351 -3.264 4.7799 187.426 196.187 -10.289
2.44728 7.59616 5.5543 -213.929 123.145 -6.0754
6.96979 10.4229 -7.63239 232.494 540.451 -71.5195
3.80851 3.70445 6.68601 -84.0181 228.199 -19.084
6.38291 -3.98833 4.51615 169.92 157.741 0.918009
6.42379 -7.16135 4.9801 172.632 130.986 -11.673
3.02482 5.90238 8.93593 -165.829 176.741 -3.57271
5.68578 0.0459503 -4.00422 96.7903 223.582 0.246088
2.42559 9.76026 6.33752 -227.383 100.997 -11.3123
4.41991 3.28168 3.40854 -35.22 287.877 10.7567
6.81171 -7.58317 -10.3185 197.644 96.8413 -104.784
5.01723 2.15905 -8.78322 18.8241 245.175 25.2784
6.3836 -2.51099 8.56145 153.46 188.054 -23.264
4.5775 2.84482 4.06174 -31.1437 239.732 6.5241
6.82947 -10.533 -3.035 190.979 50.1828 105.728
6.75341 -3.12596 3.69307 179.1 205.896 -4.71611
4.30121 3.84412 -2.95483 -67.9676 281.721 11.157
6.33481 -0.116341 4.45616 129.666 247.691 2.32662
7.09321 6.02005 -0.304764 198.033 23.4326 -30.19
6.89228 -2.56287 4.92517 177.922 216.214 -16.9307
6.20031 0.681975 -5.30912 107.995 263.076 16.2071
2.8734 6.70612 0.466146 -222.687 95.5331 -11.0509
3.35517 12.3933 10.8997 -175.739 204.197 -41.7621
2.7953 9.35649 -0.858944 -233.146 113.325 -4.47927
4.40085 13.0127 2.57607 -76.2958 14.9311 -32.0976
3.14335 8.31429 1.38688 -201.335 139.933 1.60072
6.43635 -1.99997 4.81111 125.642 191.457 -22.7411
3.97284 6.7202 -11.6332 -119.408 241.397 -62.4953
6.78756 -2.76169 -1.21812 157.104 193.459 -3.86527
2.70274 18.8368 -0.392765 -251.247 111.197 -4.99674
6.87854 -5.02473 -7.02106 163.294 155.195 23.6901
6.6245 -4.73723 -0.707279 127.307 202.03 -3.27239
6.87708 -0.23683 -10.7025 150.485 128.661 61.0435
6.88949 -1.48542 -0.727702 149.366 232.441 -7.29188
5.85839 -1.95955 1.07817 46.1726 287.703 -45.8296
5.06896 3.02027 4.57226 -33.4346 253.978 6.37418
3.42149 8.09061 1.48218 -197.281 139.394 -8.50204
4.29148 4.75174 -5.08493 -111.193 213.085 17.2527
6.49275 0.00761196 -3.00987 102.941 239.716 -2.30038
5.8849 2.02364 -4.22227 39.3311 275.903 13.6376
3.30293 9.62897 -6.53542 -218.61 121.584 9.79207
6.47901 -0.184352 -7.66749 92.2166 217.866 7.78851
7.33635 -9.84318 -1.34484 171.829 113.481 1.63985
6.9397 -9.30178 -3.34932 130.962 166.719 -0.156486
3.45934 10.4178 0.118019 -215.319 92.028 1.04255
6.78051 -7.00463 13.9796 113.25 107.179 -25.2931
3.66146 7.12822 2.69575 -197.524 192.559 13.3423
5.68543 2.51716 6.23059 2.86956 242.898 -18.0751
6.06564 -4.61917 5.05536 39.126 303.863 -7.74231
3.63763 9.13351 -5.99802 -207.017 117.418 0.836973
7.58755 -5.28104 -6.0644 183.732 173.625 22.9671
6.27134 1.24869 -2.33118 52.8567 273.974 1.83496
4.32103 7.43982 -14.0757 -149.283 111.477 12.702
4.8176 4.55967 0.540534 -100.589 271.366 -7.87805
4.23894 -0.841292 -2.73353 -162.935 112.416 97.342
8.02053 -0.863376 16.498 206.233 165.953 60.4899
4.03098 15.9478 -1.36762 -194.562 217.906 -7.59793
7.03241 8.24551 6.03987 102.902 198.475 -13.0373
4.59725 7.82272 13.3039 -140.013 98.296 -27.8589
7.10919 -5.52805 -15.0342 106.271 128.115 27.8516
3.91712 22.0379 -21.703 -211.209 42.6145 29.208
4.35503 15.6488 0.308623 -168.866 30.2258 -3.43516
7.82103 -12.4654 2.71352 165.889 140.379 -74.8072
7.77823 -4.79786 6.95897 161.519 193.143 -11.4646
7.37233 -1.02173 -0.618613 117.381 231.753 11.672
7.57295 -10.1422 -16.6067 136.837 232.252 148.1
5.66828 3.54699 -10.9467 -58.0094 209.663 16.3591
6.73113 10.2315 -2.53865 44.0869 221.919 2.90675
8.16327 -5.3488 -5.48165 182.809 115.214 9.76219
7.55721 -2.64045 11.4427 116.731 184.823 -28.0201
8.6489 -11.8174 4.53195 223.683 194.897 46.0648
6.19272 2.87143 -2.75552 -21.3984 262.849 9.5889
8.09597 -2.47765 -12.1846 159.08 68.1486 24.5083
8.0714 -18.2829 1.78713 155.028 217.132 -1.98101
6.51558 7.29155 -3.63153 -1.16048 267.011 -1.6748
4.58723 8.7077 -3.05146 -196.745 152.584 14.5668
6.52574 2.48808 2.98052 -5.93104 263.086 -10.5193
7.29191 -1.49945 14.8765 68.1841 174.162 -35.7002
4.79207 -1.53488 7.0591 -180.151 -33.6157 24.6022
5.36879 5.70831 -12.9278 -123.512 176.3 30.6141
4.93651 7.81002 4.43644 -166.95 147.951 -8.30399
8.14071 -7.01668 6.6615 149.157 267.518 -102.919
7.1091 0.858409 -3.58278 46.504 254.984 4.54092
7.29796 0.457843 2.7897 64.2966 251.446 5.23193
7.55286 -6.33057 -9.66161 87.5874 191.975 27.2182
5.81666 19.336 10.1153 -89.158 262.21 21.4511
4.60292 12.3307 -1.87488 -210.338 84.2647 4.98455
6.76426 -1.20076 -1.51315 2.22117 275.794 -3.16785
5.15716 7.75813 -2.58376 -164.805 152.467 20.3858
7.4475 -0.025513 -0.152629 60.6435 254.01 -9.71741
5.99139 4.33085 -1.5033 -84.963 216.533 -2.1282
7.99532 5.09676 -14.8164 111.628 251.228 9.13415
6.88432 1.33882 10.0189 0.537591 309.358 -203.418
5.9199 4.69277 -3.27506 -98.3039 257.253 0.0902077
7.18017 1.18714 4.1432 24.8875 249.011 -15.1706
6.47096 3.37044 -0.79562 -50.2823 246.006 -10.6018
6.90924 2.59169 7.36999 -6.88749 255.756 -19.179
8.52038 -4.20597 -2.79734 143.903 194.561 12.0445
7.60285 1.17452 -1.13979 52.4058 283.476 -0.643988
5.74754 6.01903 -2.47921 -132.074 188.668 10.0417
8.51203 1.20798 -1.67689 134.367 210.847 20.306
8.4091 -6.14359 11.3996 121.681 155.85 -20.8827
8.07419 -13.9587 -6.93787 87.0013 242.787 21.3929
8.05195 9.33729 -6.17591 73.7458 378.885 -122.973
7.83883 4.23058 -1.11556 49.7833 220.789 -1.06603
8.76433 -11.0539 6.51607 140.159 219.023 -10.6277
6.90009 0.223447 1.28311 -45.0264 259.29 0.796432
7.13188 2.93675 6.35578 -23.6392 273.514 -8.47354
8.72952 -10.2009 -8.4302 134.779 173.631 -2.28296
7.53476 5.21333 -3.52411 15.1554 -55.274 -81.8865
8.49661 -4.82639 -2.9856 108.662 227.246 15.4322
7.6683 1.20795 -6.51452 25.8942 223.469 17.2205
5.58596 9.4012 9.21295 -182.202 136.205 -10.7132
6.02457 5.06805 -2.89378 -142.458 210.581 15.5612
8.93824 -6.10605 -1.89923 143.287 179.267 6.03464
9.99746 -4.7934 -2.18042 247.659 131.606 6.3877
7.47568 1.99759 -3.02905 -5.64122 229.969 -2.95165
8.83419 -4.06366 -6.03655 128.169 176.806 17.919
9.41566 -8.18943 0.863249 185.301 166.355 2.57391
7.83447 1.4449 -4.53073 27.2583 272.062 1.53554
6.78059 8.23652 3.64611 -81.6082 199.845 -63.4473
8.95926 -4.90113 4.74233 131.786 182.953 -3.48815
6.01279 8.51781 -0.0690909 -164.795 167.056 10.2782
8.56345 -1.52077 -10.1423 76.8244 197.332 13.5448
6.99057 5.13092 7.4018 -87.0618 214.942 -20.6311
8.4955 0.742191 6.23644 61.8828 255.871 -0.689284
6.44456 -1.94822 5.14029 -143.641 224.487 -10.037
6.67239 6.24806 9.36084 -121.303 167.202 -14.1751
6.0939 5.02134 -0.757011 -184.226 197.207 12.7364
9.01335 -0.832304 -0.905227 104.167 254.358 -6.96042
6.67741 6.70096 -10.6148 -128.887 138.945 4.63199
6.7961 6.20477 1.31068 -126.156 231.769 5.14571
7.73962 3.56817 2.46223 -43.1568 222.072 -1.1403
8.47786 7.93962 3.854 28.946 452.668 -72.9634
7.02923 5.45871 -0.277844 -116.436 241.421 -8.44499
8.84888 -2.37107 -12.4049 60.1315 165.695 19.2281
9.73617 -6.12219 -1.25294 146.817 184.613 4.8129
7.17785 5.40057 -0.00611276 -109.206 222.984 -8.32679
8.27966 -1.68732 -3.91473 -24.4966 241.15 11.5923
10.092 -8.0956 -1.11511 150.535 175.727 -5.75958
7.46554 7.06642 0.748761 -111.009 254.243 69.7167
7.94125 3.67779 -0.357289 -65.617 248.413 -0.428654
10.1947 -8.9606 -5.82381 151.475 158.818 21.0127
7.932 2.72061 -4.4694 -75.2609 489.505 122.89
7.59182 0.618775 -7.08364 -110.443 227.154 15.7937
8.90739 1.41965 -3.98898 18.3919 229.073 1.63018
6.89625 1.96136 1.01253 -181.653 200.799 11.5676
7.28899 15.3031 -2.56584 -143.726 182.719 9.73445
9.39483 -1.01234 -7.25649 64.206 224.55 -2.4672
9.86273 -2.54111 1.4346 100.942 214.874 6.65993
7.83298 5.7934 -6.17317 -108.489 217.201 4.18805
8.93443 -1.25392 -5.96815 -4.62418 210.446 -64.5659
8.15396 4.9574 8.01988 -84.483 191.38 -21.7345
10.5418 -3.53582 7.45124 151.19 178.586 58.1068
8.23674 -7.10708 -3.84644 -79.5148 149.191 -38.3156
9.03845 -1.04462 -2.44712 -3.42411 271.429 -3.15599
7.58277 8.97009 -1.3829 -163.218 160.357 13.0966
8.62287 4.27866 3.44371 -66.7164 221.188 -12.7595
10.3243 -3.13753 2.90767 101.605 236.452 16.1022
10.6168 0.603572 11.6328 122.733 159.672 -31.0019
8.46026 5.0837 -6.7197 -91.7026 220.441 7.85396
10.3968 1.70788 -1.00738 100.5 241.521 0.229271
9.59192 3.70626 -0.0564389 18.9116 234.878 -7.06528
7.75061 9.50171 -10.8766 -181.33 180.899 32.572
9.45658 2.61755 5.94827 -12.4973 236.358 -16.006
10.464 -3.09469 -4.99487 86.4986 192.962 18.4758
8.65772 5.62049 2.65387 -108.583 213.71 -13.3327
8.12628 12.184 7.56134 -165.513 105.634 -16.547
10.7373 -0.852714 -2.53519 93.7292 241.166 25.2845
9.06259 2.81205 11.2044 -73.8282 185.271 12.9915
8.70121 3.85331 -13.954 -114.577 230.79 25.5021
10.781 -9.60361 7.19331 88.7291 -12.2151 15.4307
9.11758 -6.79526 -6.76196 -77.0712 496.566 53.0753
10.3094 -0.0715701 3.33904 32.4465 224.482 -8.97445
11.2217 -6.24056 3.19491 121.194 178.616 -0.635747
9.96985 10.6199 0.00260635 -5.03024 -17.3001 -40.6814
8.40474 10.9451 2.29447 -170.578 138.233 -4.0312
9.32469 5.94311 -1.35984 -99.2061 236.53 -3.29945
8.90384 8.80275 4.41419 -147.31 153.161 -27.4393
8.84365 9.80246 -5.79281 -155.041 145.807 21.1717
11.6548 -2.87093 -5.72419 120.382 150.759 7.21732
9.78537 0.136094 4.37819 -67.2914 180.951 85.0306
10.6008 8.30245 8.66151 10.377 294.732 65.5768
9.357 6.61475 2.83476 -119.401 228.262 -4.18609
10.2863 7.67198 4.52122 -28.6852 224.91 -5.57087
9.36407 2.55924 -6.22383 -125.603 128.792 -65.8054
9.97245 5.33481 -2.40787 -86.6215 194.941 -0.165686
12.3126 6.13013 0.702246 145.76 160.848 1.98816
12.2306 -8.02843 -1.58119 125.225 180.882 -2.36396
12.4759 5.87845 -9.26198 145.821 242.61 -2.63211
10.5438 4.66257 -5.88715 -63.7764 188.919 6.71095
10.1597 7.27575 -8.2992 -103.836 166.61 22.3647
11.7986 -3.18304 -8.65091 57.095 173.242 11.5129
11.8238 -1.82296 3.51123 54.6885 230.564 -13.4179
11.485 -0.445666 2.33723 18.6677 210.706 12.7646
12.144 0.0144713 -8.83402 77.1438 175.519 25.9105
11.3042 1.6008 -10.0105 -14.1569 209.232 11.8434
12.221 -7.29499 -8.25334 75.7272 150.159 7.024
12.0026 -5.36534 13.28 44.2395 129.387 -21.1755
11.4965 2.90846 0.318684 -48.2568 229.742 -1.43334
11.8286 1.50164 8.90898 -16.0611 187.947 -25.1759
11.1606 6.65315 6.35767 -82.4332 171.397 -16.3771
10.7941 9.31854 3.82815 -121.127 218.773 -6.82835
11.6065 3.87303 -8.42414 -48.1446 198.706 20.261
12.7895 -1.09072 1.86151 43.7717 239.53 -12.2879
13.4356 -10.7961 5.92746 71.0158 131 -33.2944
12.8328 0.741845 3.88679 4.42145 218.348 -5.50497
13.3932 5.19989 -0.415864 39.9648 111.096 -13.4435
12.4577 5.12348 1.1484 -68.496 192.134 -7.46873
12.5873 8.33285 -5.74892 -66.5495 118.816 64.994
13.4085 7.52424 -0.737844 14.6622 272.16 -67.7331
14.819 -3.90237 -3.34021 55.6384 204.393 -4.51622
14.9676 -5.92644 -6.32445 -3.1606 221.799 17.545
15.5619 -13.881 -0.028528 28.2094 273.15 -4.83195
15.5878 -14.9121 -1.35555 -20.096 41.321 2.86541
18.1108 4.2789 -3.11418 -21.0214 88.2775 -13.3869
18.3448 -8.67699 -8.28443 -23.8056 256.62 24.7729
nan nan nan nan nan nan
14.1302 -1.09225 -4.69081 7.28221 196.924 12.9947
17.2705 1.18006 10.6334 -29.2036 90.6721 -23.3767
