-16.9111 6.63692 -3.21365 53.8927 -149.892 19.2534
-15.4755 -2.5809 -3.39951 -35.1567 -194.2 32.8346
-13.1919 -6.24238 3.72026 123.36 -262.272 -27.4115
-13.4056 -5.50689 9.09067 95.2398 -152.576 -57.6327
-14.169 -0.307056 0.603773 -32.4795 -228.436 -2.67136
-12.975 -6.34776 4.7665 79.3968 -180.697 -36.9449
-13.6381 4.04049 10.5593 -3.42281 -157.747 -76.6434
-13.8096 -0.408992 -4.2801 -23.6638 -207.243 29.2669
-12.618 -5.35589 2.70899 58.1103 -206.694 -24.7443
-11.4618 -6.32808 1.60387 172.92 -268.011 60.7536
-12.4797 -17.3166 7.72486 42.2173 -273.12 42.4915
-12.2054 -5.13686 -6.38446 66.8058 -200.721 50.3068
-12.9418 0.545495 -9.26323 -9.62448 -177.261 61.7684
-11.7909 -12.9922 0.306496 81.8556 -196.494 -30.5139
-13.1463 0.158155 5.13711 -62.4864 -210.795 -26.8922
-11.2137 -15.5613 3.93551 118.81 67.9372 -21.1693
-11.4594 -2.30125 0.369668 84.0853 -252.184 5.67146
-12.447 -2.41836 -1.85759 -17.1622 -222.921 11.3095
-11.4896 -6.88592 5.6699 68.7081 -213.456 -43.7981
-13.031 -16.466 9.87479 -84.7788 -439.621 150.727
-11.4127 -6.29848 -2.89937 68.3758 -210.716 12.609
-11.8568 -3.26 -9.72031 23.1482 -197.528 59.7545
-11.2092 -5.31119 7.1232 68.221 -171.526 -52.0054
-12.0921 4.02717 11.819 -37.3994 -151.584 -81.5566
-12.79 3.02242 -6.33588 -107.922 -194.141 40.607
-11.5147 -4.63417 0.677379 17.4616 -225.062 -14.2481
-10.2357 -8.53415 -1.57558 120.19 -168.646 20.7358
-12.2112 4.65967 4.46038 -82.2331 -178.097 -30.0997
-12.214 5.22251 -2.54179 -87.9465 -186.998 15.827
-10.3237 -8.31845 4.40697 91.4083 -208.741 -19.4167
-12.4842 1.69941 2.38946 -124.087 -198.319 -16.73
-9.82904 -9.58187 -4.4969 136.017 -162.193 30.3945
-11.4168 -3.62988 -2.58892 -22.8662 -234.833 22.9241
-12.1026 0.688578 1.13912 -92.817 -205.11 9.11899
-10.3827 -6.15534 -4.51871 72.1552 57.6154 -86.3156
-10.4383 -9.43752 -3.16848 65.0568 -477.998 134.927
-11.3062 -1.20536 -4.85657 -29.8434 -205.344 16.2258
-11.9195 3.8271 -5.3583 -100.125 -187.148 34.2598
-12.4286 -1.02629 -0.703361 -168.018 -165.842 1.48591
-12.5436 -1.41652 3.76546 -180.316 -85.7576 -57.5766
-11.2121 -16.3401 8.77094 -50.0297 -329.395 33.4918
-10.4459 -4.44628 1.87601 8.80297 -210.107 -16.7288
-9.70219 -6.50556 11.6281 81.815 -159.247 -69.0258
-10.5683 1.59328 -7.66416 -8.99348 -247.706 42.4341
-8.9196 -10.9158 -1.73312 146.86 -153.218 11.6604
-11.499 -1.1228 5.74449 -109.364 -218.867 -42.4103
-11.0907 -12.0612 -3.6573 -75.0009 -260.554 -26.3913
-9.11715 -8.75063 5.3839 120.385 -167.29 -44.4417
-11.7041 -1.64745 -6.63306 -141.297 -128.347 37.069
-10.5201 -24.5437 9.35992 -31.6042 -373.921 -29.5159
-10.7815 -3.2499 -3.82654 -57.8075 -242.182 5.77785
-9.98074 -1.84696 -5.20254 11.9398 -4.67315 141.518
-11.4 -0.442439 -3.64853 -130.089 -214.898 27.6372
-10.7372 3.07012 -1.09056 -65.2966 -229.675 17.3914
-9.03754 -7.96751 8.49091 94.3437 -176.809 -69.4742
-10.2842 -1.78816 -7.88051 -32.3186 -192.844 36.7087
-11.0844 -1.58255 1.6744 -114.762 -228.004 2.76749
-11.1057 4.25185 -2.16379 -127.902 -178.254 19.1396
-9.94269 -11.6066 -10.5116 -16.4692 -197.862 60.031
-9.32195 -4.76899 10.6274 40.5597 -170.584 -75.5625
-10.6775 2.78125 -8.63741 -104.997 -177.305 55.7976
-10.5474 10.6853 -7.65614 -92.1905 -139.823 49.2204
-10.7486 4.14445 4.17283 -123.686 -170.21 -15.926
-10.2939 -3.97588 4.50932 -79.5962 -244.184 -28.0806
-9.62252 -6.25554 -3.6081 -14.2851 -203.648 23.3297
-10.436 2.04208 -8.42415 -95.5828 -162.461 54.4539
-10.6583 4.10439 7.5006 -123.028 -159.263 -91.2064
-10.7901 3.3416 -5.51305 -137.747 -161.207 84.866
-9.8949 -4.87196 -1.98066 -50.4779 -246.836 11.9694
-8.92362 -7.16596 0.267208 41.8513 -247.626 8.81058
-10.8385 -13.3733 -11.2152 -151.232 -238.242 -11.0869
-7.7129 -11.3118 -2.11442 158.981 -171.587 0.737736
-10.6972 -1.17462 2.18922 -137.485 -213.051 -10.6263
-8.94478 -5.73942 -2.289 33.1936 -212.095 7.82989
-9.66105 9.07675 -4.87268 -39.0063 -154.05 -60.7587
-10.7732 10.141 -3.62522 -151.894 -198.629 48.3755
-10.4477 -0.63705 0.0364974 -123.775 -197.125 -3.22211
-10.3791 2.32601 -2.24899 -130.227 -169.633 16.6133
-10.8446 2.36191 -1.65969 -186.112 -180.638 2.88065
-9.32857 -10.268 3.75478 -37.2949 -323.147 137.249
-10.2736 3.23198 -11.0167 -133.422 -161.526 35.5651
-10.491 -0.500207 1.86277 -160.227 -200.28 -7.90735
-10.313 -0.675493 3.65736 -145.293 -189.052 -25.0867
-8.03233 -6.64897 9.56908 80.7329 -170.556 -51.7326
-10.7272 -0.294249 2.86223 -191.472 29.6498 -60.4665
-11.255 -6.34353 3.5748 -245.296 -211.537 96.153
-9.75733 -2.39008 7.09531 -99.3162 -214.989 -59.4722
-10.0965 0.747128 -4.91732 -133.553 -186.433 31.2565
-9.77271 4.19379 -9.72104 -102.931 -150.536 73.6579
-9.9598 11.194 -6.50174 -122.267 -144.655 42.0761
-10.7286 4.96897 -0.797599 -205.931 -137.456 4.35787
-9.23993 -8.32499 -4.45606 -60.5243 -271.576 -80.0037
-9.50072 -1.84857 -3.25498 -87.4627 -199.169 28.1611
-7.46584 -9.57125 4.76292 114.633 -210.778 -25.7303
-6.98095 -11.0652 -3.96459 162.203 -119.867 27.6406
-10.3405 4.6537 6.06384 -172.69 -134.408 -41.3286
-10.2434 3.34877 -0.613328 -163.564 -150.063 8.62003
-10.2635 5.2024 -4.53768 -172.039 -137.51 28.2573
-8.90163 -4.34048 3.2643 -37.5762 -225.417 -15.6
-8.79379 -5.89479 1.70071 -31.6945 -243.613 -10.8021
-10.0798 8.25943 1.74045 -165.701 -142.173 -12.1584
-10.0125 6.62569 -4.5342 -160.88 -141.321 28.316
-10.1147 6.20008 0.783716 -171.787 -131.053 -5.8993
-9.82229 4.60478 -3.12126 -151.46 -150.055 24.7838
-9.4835 -0.876388 -5.5571 -125.256 -190.48 33.5642
-9.82846 2.64475 -5.66084 -161.894 -162.669 30.1023
-10.195 12.3718 -1.19115 -201.514 -101.517 13.0837
-9.96525 4.6239 5.00743 -179.051 -92.369 -37.8412
-9.56788 0.943101 1.6415 -140.507 -164.414 -8.87399
-6.2621 -11.651 -0.339997 182.649 -113.429 -9.2009
-9.91375 4.52717 -0.361481 -182.841 -136.751 0.79446
-6.42759 -18.2234 -15.7459 162.003 -156.112 70.2015
-10.0057 3.13557 -6.91515 -195.908 -133.52 43.7197
-9.2112 -0.975489 2.95648 -118.886 -181.293 -22.1845
-7.59282 -8.25643 0.0566374 41.7603 -257.462 -8.30743
-8.68551 -4.9865 -7.25251 -67.3774 -242.602 -69.0605
-9.11464 -3.22718 4.95115 -110.423 -219.223 -45.9442
-7.40693 0.209427 -2.80178 51.8315 -249.493 0.39634
-6.33037 -11.0934 1.33154 158.744 -154.026 -4.52916
-9.68389 -1.54878 1.29295 -177.66 -199.345 -3.56751
-9.35706 -2.88762 -2.13113 -154.226 -210.254 17.8717
-7.95654 -6.91335 6.57517 -16.4731 -224.385 -23.6567
-7.84795 -1.07075 -8.2351 -7.30139 -137.915 -103.823
-8.2563 -4.37619 3.31995 -48.5266 -219.398 -22.7056
-7.96617 2.67118 -6.13086 -21.5376 -234.269 48.9094
-8.43514 4.48847 4.85542 -68.5101 -219.627 -5.26195
-8.37556 -10.0497 -1.43645 -63.6105 -257.715 -9.62057
-7.17345 -8.01269 3.21795 55.5956 -233.75 -29.0074
-9.04582 0.99439 -10.5101 -130.76 -162.582 65.2829
-9.52608 0.908103 4.7371 -180.337 -161.835 -38.6527
-8.28712 -3.863 -2.94425 -63.7102 -216.703 1.56166
-6.08 -7.20536 -18.3591 154.111 -169.303 269.654
-9.5574 1.08861 0.47711 -195.007 -150.181 1.99975
-7.55402 -5.441 1.92341 -13.7997 -218.088 -17.3077
-8.67295 14.0383 -1.14805 -127.446 -140.082 8.68684
-9.23 -3.23438 -2.59206 -184.468 -201.39 15.7656
-7.37922 -6.44923 1.07456 -1.2776 -238.668 -1.1518
-9.3007 8.31591 0.58396 -193.657 -120.817 -2.24095
-8.41137 -1.61568 -11.0372 -111.945 -168.56 66.7294
-8.98566 -1.20069 -1.40188 -172.251 -172.076 11.3608
-8.95047 1.45265 1.58861 -174.915 -139.209 -5.77444
-9.26205 2.14294 -1.90407 -209.326 -116.545 11.6395
-8.79095 0.575939 -1.10896 -163.69 -147.003 5.04709
-9.27608 3.0151 1.34808 -213.232 -109.011 -10.4145
-9.38576 0.156766 5.56559 -224.492 -124.555 -38.3484
-8.94218 -5.11774 8.39764 -180.888 -395.306 195.388
-7.06854 -1.41355 4.72025 2.79817 -34.5504 -161.725
-8.653 -3.44036 -1.73145 -156.099 -200.228 8.0625
-9.05941 -1.22938 1.13464 -196.707 -157.654 -10.0283
-8.3087 8.33419 10.6832 -122.758 -131.246 -71.2433
-9.05108 2.09241 1.35594 -199.877 -112.103 -9.7218
-9.02169 -1.43202 -2.33442 -197.864 -160.41 9.86359
-6.35042 -8.03411 -0.154267 65.6267 -213.885 10.6198
-9.35246 0.794543 2.01733 -234.196 -117.356 -14.1778
-5.70225 -8.81887 -10.8405 123.194 -158.282 69.2082
-9.39354 -0.838148 -1.61517 -243.927 -110.28 9.94165
-9.24425 5.35477 -4.76096 -229.959 -86.4489 17.1312
-9.50782 3.14407 5.00708 -256.326 -41.7957 -29.3766
-5.59561 -19.9923 0.637484 131.956 -107.495 -1.54546
-7.17389 -6.88321 2.86561 -24.85 -195.105 -70.6414
-6.09441 -8.22289 -4.14979 82.3442 -203.823 28.1679
-9.1909 6.43718 7.49289 -227.352 -112.466 -42.794
-8.63594 7.00879 2.18057 -178.578 -310.865 57.5827
-8.70678 3.41122 6.58816 -186.351 -114.769 -44.0112
-6.08755 -7.05953 7.7165 70.5163 -187.336 -38.5675
-7.51757 -5.30094 -5.79417 -73.0141 -189.019 39.6019
-8.88953 5.85983 -2.09377 -210.588 -197.193 -11.8813
-9.12311 1.52726 5.79699 -239.66 -87.9229 -36.1743
-6.32607 -8.88518 1.23125 33.139 -264.397 -16.3036
-9.86973 8.344 -2.95063 -319.057 3.32745 -96.3862
-8.96461 2.74256 -0.736423 -229.443 100.049 53.0432
-8.7428 1.22106 -0.721038 -211.533 -95.4996 -36.5499
-6.94316 -5.37582 6.20287 -34.5153 -217.428 -40.8723
-5.29061 -0.311605 11.4035 129.284 -243.749 -74.8966
-8.66904 4.26038 2.67171 -206.412 -47.5298 -15.2185
-6.42062 -5.97322 6.45975 14.3148 -233.175 -50.247
-8.90262 4.1265 5.56891 -233.07 -103.65 -36.3107
-8.74008 -1.9258 -6.54454 -219.806 -141.183 48.4703
-6.55945 13.0654 -2.33982 -3.43614 -65.4568 -4.71272
-4.57694 -12.7381 1.81276 193.486 -135.669 -25.0981
-8.84068 0.589876 -2.90025 -232.81 -75.6736 19.1487
-6.14732 -7.5592 5.31697 33.1622 -227.72 -41.9575
-8.90832 0.584399 -2.50694 -246.593 -83.1712 18.3596
-8.63249 1.24404 -1.3958 -219.932 -107.477 50.9947
-8.26093 4.02099 -5.44376 -189.003 -89.6436 37.2477
-10.2147 3.31275 4.93061 -385.792 136.143 106.997
-8.66128 13.1854 0.0393962 -232.567 39.2914 -35.9559
-8.82206 5.2149 4.01456 -251.756 -56.4012 -21.6505
-5.96178 -7.6632 5.20459 31.552 -242.192 -41.6059
-7.37167 -3.71101 1.1392 -109.414 -198.468 -19.9426
-6.76188 -6.2862 6.02232 -50.5523 -250.204 -49.9062
-5.75598 -8.22875 0.196348 49.0455 -239 1.86323
-8.55209 -3.83787 -2.51675 -231.152 -332.676 114.449
-7.39368 -3.28929 -4.86525 -116.558 -188.292 44.0424
-8.41789 2.42225 2.99984 -218.905 -87.1954 -17.975
-7.30919 -3.91785 1.791 -109.268 -196.027 -4.58497
-7.89811 -0.218365 -4.2576 -168.879 37.5283 -62.3669
-7.55534 -2.95306 10.0363 -135.413 -177.259 -62.5357
-8.06352 6.13546 -6.91489 -187.999 -102.923 46.8885
-8.03005 -0.475768 10.5929 -185.751 -129.214 -64.7751
-8.37802 -0.841398 -3.98008 -222.038 -114.089 24.3583
-8.6597 6.71531 0.587803 -253.974 -208.618 -50.3421
-7.85299 7.39043 -11.0094 -176.632 -88.7833 61.1733
-5.33069 -8.0591 4.83618 70.091 -215.501 -17.8691
-8.63627 5.01021 1.90023 -259.032 -55.4915 -7.68212
-5.2167 -8.51268 -7.42994 80.3875 -225.077 49.7796
-7.81928 10.8292 -1.22274 -181.965 -87.7789 11.5638
-8.187 -3.38854 -0.35382 -219.858 -153.361 -6.19757
-6.8057 -6.2621 1.67027 -82.6678 -247.833 -18.2015
-8.42729 4.16647 1.71668 -247.381 -49.0573 -13.5863
-7.52205 11.4274 -1.69281 -160.463 -108.983 15.1475
-5.58577 -7.41101 9.43575 29.5634 -225.347 -68.9042
-5.55626 -6.94398 -8.33612 29.8746 -208.855 48.2334
-8.50041 -0.306152 -2.67186 -264.118 -19.1443 -17.7688
-5.92078 -7.74768 -4.81472 -9.99543 -264.348 12.2316
-4.30601 -11.1104 -1.59735 149.809 -183.522 9.02764
-7.91172 -3.39614 0.174204 -210.754 -146.309 -9.3233
-8.16285 -2.80643 -3.35883 -235.83 -59.2902 30.1328
-8.05454 3.75975 6.90928 -225.336 67.5319 -81.0148
-7.74176 6.46717 -9.03955 -194.958 -60.0447 63.0555
-7.51784 -5.87253 0.620867 -173.654 -208.297 -6.09154
-8.00059 -0.256549 -3.0621 -222.004 -91.692 14.8051
-5.7752 -6.43558 -6.40427 -2.80112 -220.379 25.8949
-8.82278 -1.16195 -4.54778 -307.904 -185.416 -36.7847
-3.81974 -12.5265 5.03297 188.643 -77.8003 -19.1305
-8.28895 1.90696 4.32357 -256.528 30.5084 -24.9729
-8.02933 -0.894154 0.808158 -236.438 -69.326 -3.49719
-7.29767 11.326 3.05041 -167.398 -89.7512 -16.7542
-7.99226 1.36145 3.54709 -237.486 -29.7332 -25.5017
-7.67362 8.88475 -1.97695 -207.137 -76.7517 16.881
-7.64201 8.08613 3.94437 -204.888 175.54 -78.6697
-6.7843 -2.55568 -12.9183 -120.729 -158.88 87.761
-7.85014 3.98787 3.21138 -226.828 -46.1391 -23.2096
-7.95264 6.42794 5.34141 -237.023 -51.0612 -43.0977
-6.33732 -4.06269 6.99383 -77.956 -195.979 -49.7496
-7.8081 4.41621 -0.155946 -224.919 -48.7609 5.21279
-5.09533 -7.87923 1.84667 44.2388 -229.051 -9.09963
-4.63771 -7.71583 -13.5098 88.5636 -165.091 79.9237
-7.58017 9.72049 -1.74932 -203.805 -81.9541 15.3272
-6.9425 -3.33037 3.02859 -140.575 -172.954 -22.7632
-7.38294 -4.60097 -2.35642 -185.704 -188.083 18.0821
-4.52416 -8.82691 0.211776 95.2361 -219.83 11.4626
-7.89166 3.51179 -4.29926 -239.327 -43.8962 32.6326
-7.57953 3.80586 10.9079 -208.884 -63.3653 -75.325
-7.48676 -2.3973 3.57854 -200.265 -122.679 -18.5211
-6.95825 -4.61541 2.1089 -148.494 -190.959 12.4284
-7.67348 2.41003 0.826159 -221.116 -86.8549 -5.66346
-7.90993 3.30096 -2.26335 -245.23 -42.9438 19.3621
-7.7573 2.90716 -0.618233 -230.324 -11.0444 -23.5219
-7.7935 4.98552 -6.20274 -234.188 -159.509 56.1183
-7.50703 -0.15762 -9.3058 -208.609 -86.6829 56.1036
-6.32033 -4.932 7.88554 -90.7986 -213.983 -56.0118
-7.45494 1.79195 -10.6709 -204.195 -56.4446 57.7405
-7.08245 -2.59276 -8.88601 -167.742 -143.334 56.8351
-7.92249 7.95175 1.35292 -256.058 -32.0612 -9.92957
-3.35365 -12.4934 6.14054 197.153 -88.5341 -77.582
-6.24374 -5.0303 1.17 -90.754 -208.936 -6.32311
-7.00465 8.31509 12.7238 -167.094 -69.8309 -80.2752
-7.429 7.14207 -6.80244 -209.379 19.4764 64.0723
-7.843 4.18039 2.22713 -252.39 -7.58322 -15.6528
-4.56829 -7.63112 5.28308 71.0075 -199.667 -33.7698
-5.69537 -11.5639 6.78055 -41.4175 -78.8711 -128.636
-4.59962 -7.45098 7.53791 66.6645 -189.664 -63.7876
-7.22667 -1.28808 10.1889 -195.257 -96.3314 -68.4154
-7.58297 4.04354 -1.67472 -238.594 -11.3868 9.01403
-6.61237 -0.144044 -12.6619 -142.723 -102.348 86.8063
-3.29705 -11.4289 -2.77882 179.111 -169.107 27.5356
-7.12157 3.13349 5.891 -203.305 -86.2138 -36.6871
-5.45664 -7.39313 2.19068 -40.3152 -256.335 -20.0042
-7.36763 2.78886 5.5641 -232.827 32.9698 -38.0881
-3.00479 -12.5226 7.20923 200.072 -94.2386 -31.9875
-5.17866 -7.65663 2.37765 -16.4373 -235.724 -9.50302
-6.88874 4.22826 -8.66711 -186.861 -69.1737 -68.1427
-3.98426 -11.6802 -4.43454 97.829 -46.8748 -108.046
-7.31787 3.41422 0.862744 -235.6 63.4477 5.34217
-6.73457 -4.7572 -2.77113 -178.693 -176.555 20.678
-7.5221 6.025 -1.71653 -260.952 17.0442 9.53251
-6.69691 13.0108 3.34566 -183.575 -101.712 -23.7014
-3.6242 -8.68291 -11.966 120.421 -162.24 66.8164
-7.04061 5.74169 5.16568 -219.33 -56.6992 -29.8746
-6.98839 3.00133 7.74453 -218.782 -2.40717 -51.7302
-3.71844 -8.65337 -7.20396 105.779 -199.341 48.2827
-4.76188 -8.12242 -4.5102 -1.12091 -263.634 20.4731
-5.94874 -4.92121 -2.11858 -120.264 -192.66 1.31902
-6.90727 6.13016 -3.86165 -218.096 -23.0215 24.4462
-7.29093 5.25544 4.38857 -256.387 44.6735 -45.6966
-8.12798 13.6411 -6.36528 -344.614 112.074 -62.706
-6.80698 5.05104 5.61326 -214.19 -30.7884 -28.0648
-7.01727 4.66626 4.06105 -237.167 45.3429 2.33432
-6.75073 4.82457 6.47785 -211.357 -14.9602 -43.3863
-7.05632 5.2724 -5.86861 -242 17.9704 36.9058
-2.67415 -12.5219 2.00788 191.487 -129.568 -13.52
-6.61831 9.65734 0.767404 -200.929 -80.8816 -1.3296
-7.20435 6.25305 1.46438 -265.173 71.7781 1.23962
-3.22829 -9.51864 7.93035 127.007 -206.941 -51.7051
-6.72125 5.45919 -0.960026 -222.118 45.0793 21.9597
-6.58573 3.44256 -7.07593 -214.163 24.3404 45.0023
-6.61485 -3.37542 -0.22307 -218.63 -122.782 4.5094
-6.8335 6.96736 6.31217 -240.594 6.32302 -43.0215
-5.50811 -1.63769 15.1416 -109.811 -121.854 -100.118
-5.06072 -3.6558 5.73315 -66.0085 -260.465 -13.3152
-6.7956 5.73831 0.424802 -238.828 114.953 -4.56389
-6.72186 5.68077 3.62909 -232.675 68.0186 -53.5457
-4.84921 -6.0705 -2.61323 -50.0832 -218.628 16.9848
-6.63394 4.61588 -5.06158 -229.818 40.8356 18.0402
-6.84337 6.19173 3.51053 -251.02 36.3678 -39.4729
-6.37676 6.23929 -11.3272 -212.964 -27.5603 72.594
-3.34966 1.11282 -0.655465 86.7505 -85.7586 -160.45
-4.45438 3.25591 10.4757 -24.2723 -180.274 36.4257
-3.82514 -8.54964 -5.61088 37.033 -254.049 40.1611
-6.74504 4.89481 -3.16623 -256.931 50.8387 -37.8071
-4.35507 -8.43309 0.216125 -22.5667 -274.659 -21.6962
-5.01566 -3.49795 -6.78323 -89.5132 -202.864 45.4499
-5.43171 6.63089 2.95293 -131.249 -165.834 40.4528
-5.66986 0.491279 -15.7729 -154.951 -53.1995 104.72
-4.29447 -7.01784 2.05717 -20.4657 -228.959 -7.72622
-3.92174 -7.26414 1.64386 9.69016 -235.231 -0.645822
-6.14543 9.18088 -0.961974 -213.758 -46.9043 4.57125
-6.4469 10.0625 -4.68152 -245.612 -26.2002 33.8764
-6.23163 7.95916 2.95902 -225.018 -15.441 -16.5099
-6.24708 10.8301 2.92205 -227.825 -33.8811 -16.2355
-2.98306 -11.3834 2.22694 95.5716 -167.311 -37.7582
-6.40695 6.49627 1.50886 -245.877 113.304 -8.13617
-5.95113 9.12416 4.48058 -200.653 -44.221 -30.2237
-6.31984 6.12996 4.81291 -238.575 91.4805 -28.3653
-5.9565 13.6915 6.91882 -203.281 144.217 13.9362
-6.15091 7.29839 0.667142 -223.981 0.304265 -5.85496
-5.97199 5.03151 -3.8211 -207.869 110.339 18.3493
-5.53631 1.52322 12.8913 -171.557 3.58564 -85.3154
-6.24025 6.64226 0.0279689 -243.138 90.0184 3.08513
-2.24756 -10.6715 1.86595 152.825 -173.025 -0.350407
-6.11155 -2.48356 -1.51909 -231.353 -5.73749 -33.5
-6.3851 2.21773 3.3587 -259.178 -36.2989 14.0576
-5.66707 4.72402 7.33097 -189.263 119.444 -51.6188
-6.17518 7.14566 0.907797 -244.231 55.2764 -23.1042
-6.20445 9.6303 1.62252 -248.237 133.645 -16.3946
-5.99923 12.1127 0.373886 -233.908 -36.2391 -7.81885
-1.9629 -9.72567 2.91037 167.013 -142.941 -31.5494
-5.95048 6.37177 3.83909 -230.074 93.2313 -36.7341
-6.1708 9.49658 -5.87962 -261.688 -119.69 74.3459
-3.78399 -6.80703 3.09262 -25.85 -241.045 -14.38
-3.70255 -7.02424 1.20209 -18.8107 -232.043 -24.9804
-5.75564 6.98195 -2.91761 -223.905 -63.8817 18.8013
-5.86973 4.67323 2.22427 -239.766 -11.8473 0.58899
-3.25183 -7.734 3.921 18.6931 -236.433 -19.6055
-5.09166 14.5869 1.771 -164.813 -109.931 -8.61611
-4.03517 -3.16844 -14.5908 -61.2783 -236.265 127.239
-1.3868 -13.3939 -5.8809 198.119 -38.302 35.1194
-3.22481 -8.70034 -2.98919 12.6777 -270.571 11.2746
-5.423 6.27835 0.935146 -209.879 121.25 -0.224243
-5.52169 11.604 4.75907 -219.966 -40.7062 -28.4301
-5.30867 9.8165 3.81166 -201.463 53.7188 -42.4072
-1.20662 -12.8724 -1.71984 203.157 -45.8778 7.69565
-5.66219 7.37325 -0.421296 -241.953 113.569 -4.83677
-4.09214 -6.6263 5.76574 -86.6469 -218.312 -28.9935
-5.74164 8.80474 -3.17023 -252.974 53.8814 15.6926
-1.51012 -11.1206 -0.93995 164.798 -199.675 19.5135
-1.33414 -10.8834 0.0964191 181.242 -103.045 36.0771
-5.54441 7.91512 2.10358 -238.215 53.5525 -18.6374
-5.4631 7.17332 1.64453 -230.431 49.0681 -1.54603
-5.44441 7.164 2.97319 -229.806 68.2146 -20.9468
-5.03649 0.990203 6.22777 -196.303 56.5224 -16.9974
-1.84201 -9.31804 0.890514 118.902 -210.785 -5.49892
-5.03057 8.55895 11.4379 -198.933 -13.8772 -76.3632
-5.22367 9.68089 5.35713 -219.087 -17.3344 -36.5744
-5.1134 7.3701 0.150169 -209.257 163.129 -3.29774
-2.40753 -6.51603 1.15827 57.7907 -195.601 95.8023
-5.48864 8.05485 1.62919 -248.351 85.3349 43.7647
-5.14987 5.61387 2.3176 -223.26 -63.4453 34.7215
-1.31554 -9.73139 -3.71709 151.204 -193.235 7.91484
-0.719463 -12.0711 1.75702 207.849 -120.187 -9.28901
-5.11579 9.12451 3.9354 -230.452 20.0373 -15.5844
-2.04249 -7.85789 -6.95923 74.6726 -208.068 57.6879
-0.926942 -10.5053 -0.613895 181.769 -166.741 -10.1602
-4.71935 6.72219 5.94678 -200.415 130.089 -16.1593
-0.761327 -11.0357 -2.3843 191.996 -115.846 25.9664
-5.09453 8.68499 -2.1278 -243.976 30.3619 24.3929
-4.82569 9.01137 -3.06476 -218.918 3.32355 20.9872
-4.96678 11.9108 0.246583 -235.993 17.2455 -4.08819
-2.45147 -8.26735 -4.66314 13.2555 -252.963 37.1603
-1.21322 -8.79776 2.18756 134.725 -170.855 -29.0105
-4.93484 5.22078 7.28116 -237.791 47.0794 -50.9454
-4.88058 10.6902 -2.72015 -232.725 -4.16333 18.7748
-4.35144 16.4625 17.2594 -181.53 2.7701 -116.806
-0.306313 -14.9755 4.03675 216.167 -8.60524 -26.2242
-4.75103 11.6702 -4.1634 -225.667 -9.75851 13.0621
-1.02672 -8.76235 -4.35673 141.316 -165.067 30.4676
-4.91911 5.43569 -0.289685 -247.512 47.5742 -36.1794
-4.33311 3.84488 -0.398975 -196.783 -48.5056 -104.29
-0.64347 -8.48064 4.68942 166.475 -155.05 -66.5109
-0.89049 -9.14911 -14.8277 140.253 -29.6988 94.8423
-0.812702 -9.91841 3.44381 146.75 -208.613 -17.5222
-4.29614 8.92862 5.72897 -205.178 2.12678 -50.5588
-4.26549 6.92223 1.13121 -202.581 95.9111 53.1047
-0.875146 -8.43796 -6.01386 130.391 -169.403 25.0605
-1.69504 -16.5344 0.513163 48.6745 -238.597 -1.75302
-0.320419 3.46927 -4.37457 184.521 -93.7158 -39.2696
-4.4808 8.16594 3.35994 -229.259 96.5013 -29.0964
-1.92022 -8.7148 4.01615 24.8704 -261.792 -22.9269
-1.32599 -9.21774 0.044878 83.0796 -256.695 -4.43212
-4.23822 -5.34389 2.70451 -207.147 -17.1922 -54.1501
0.137828 -13.0762 -5.29674 225.595 -46.0365 39.8238
-2.25039 -7.69318 6.39719 -14.5337 -236.392 -50.2472
-1.27613 -10.6019 -16.1363 80.0567 42.3628 109.539
-0.996948 -8.47371 -2.40557 107.093 -197.797 13.5154
-0.57626 -9.5952 5.65316 148.493 -197.99 -53.8303
-1.59601 -8.98325 2.68389 39.8438 -268.016 -5.81066
-0.141465 -10.0838 3.99319 184.02 -179.443 -40.9951
-3.91387 7.5767 0.63874 -201.637 104.701 -16.895
0.404903 -13.3961 -0.491287 227.121 -85.8505 26.9055
-4.2595 17.5944 0.897233 -240.553 100.411 -8.1996
-0.273788 -9.55407 4.02351 154.894 -213.383 -44.1042
-4.09204 8.2335 8.02103 -224.806 112.516 -46.5803
-4.21877 10.1394 -0.752517 -239.204 58.0289 10.7843
-3.95968 8.64938 -5.34195 -215.478 153.556 32.7603
-4.18068 9.33378 -5.54051 -239.773 83.4617 38.0023
-0.990412 -7.96285 -7.7713 70.4411 -218.709 63.5418
-3.92134 11.536 -5.10815 -222.675 -0.516648 43.1632
-3.85236 8.62504 -7.59613 -220.436 58.0849 55.2357
-2.39165 -2.09717 8.69158 -76.8142 140.406 75.6703
0.242715 -14.4778 2.56621 184.637 35.6538 -6.1693
-0.390541 -5.77209 4.10135 120.307 -156.819 81.2672
-0.260623 -8.32929 -10.9009 130.971 -172.883 82.6802
0.0286071 -16.5507 -4.40142 156.231 -113.552 13.7837
-3.20781 7.03302 -5.84165 -168.211 144.88 33.9916
-3.90413 10.0416 2.74304 -237.565 48.8077 -10.732
-3.9448 -2.0376 0.345302 -242.649 -7.8876 4.03037
0.333991 -9.52852 -3.26648 181.225 -140.615 27.7195
-3.45032 4.81384 -4.52383 -194.849 -168.431 -2.3024
-1.46554 -8.16692 -0.833557 1.80129 -248.213 -2.21454
-3.97503 11.4542 -3.12537 -248.29 36.2574 12.7462
0.263909 -9.19308 8.90948 164.614 -144.514 -57.4847
0.696159 -3.67894 10.3635 206.217 -93.6565 -61.7696
-0.390526 -6.57548 -3.86721 98.2111 -200.498 25.9914
-3.47058 8.8351 -8.50436 -210.731 74.8847 51.8959
-3.30386 9.23789 -8.63296 -194.615 -6.71088 57.4123
0.681687 -11.4959 4.96461 195.95 -41.2286 -28.1048
-0.322016 -9.8609 -6.97647 95.5549 -254.695 -46.7568
-3.48957 10.5724 3.35069 -220.789 24.2366 -26.2784
-0.256907 -5.68814 -9.61689 97.1532 -241.278 70.7624
0.823039 -15.0486 -0.809019 203.651 19.3845 15.9104
0.677434 -9.88264 -0.922044 184.551 -188.686 -9.21292
0.00339249 -8.06842 5.40217 115.923 -193.183 -41.6861
-3.28172 8.74011 5.1159 -210.747 68.4423 -32.1508
0.924015 -14.3267 8.09781 204.092 17.8595 -37.9393
-0.111354 -9.07595 1.24396 97.713 -245.694 -6.96929
-3.09741 8.51885 -4.87442 -199.055 155.915 51.4273
-3.2447 11.0168 -8.89516 -219.054 14.478 66.7261
0.44246 -8.85066 2.99055 147.024 -189.874 -17.5394
-2.58095 8.97596 1.50472 -155.937 228.856 -2.58887
-2.59393 17.0367 -0.646626 -158.65 124.062 0.922318
1.03864 -9.64996 4.86505 195.133 -122 -40.0919
-3.09306 11.0036 -5.11828 -215.892 18.5257 29.436
-2.55418 5.78586 -5.19523 -170.42 200.758 -3.92155
0.0629582 -8.10675 3.14233 86.9952 -230.359 25.7624
-2.63468 8.73301 6.16404 -186.96 183.715 -22.1712
-2.6789 8.60378 -2.58347 -198.659 106.335 38.3282
-2.80554 10.3646 -1.92121 -212.108 32.0128 11.3646
0.26791 -8.32574 -8.89527 88.8078 -230.422 59.4961
1.24105 -9.09959 -7.70824 183.197 -115.877 42.8563
-1.59309 7.83013 3.52288 -99.926 209.307 -17.2629
-0.260326 -7.74229 1.39645 21.1113 -232.118 5.80809
-2.36948 9.11183 -6.53023 -195.375 153.102 38.0132
1.56211 -9.36353 4.26001 194.064 -88.6134 -28.2361
-1.65667 8.13799 -2.61156 -126.699 182.606 25.0248
-1.89944 15.1555 8.4833 -153.557 -69.1924 -56.6038
1.72182 -10.1001 5.95075 204.221 -77.6168 -43.0202
-2.39673 9.74816 5.61184 -206.878 56.5854 -35.4651
-2.12754 9.22593 -1.39143 -183.376 199.681 -19.2259
1.80485 -9.55167 -4.86859 205.61 -82.5076 27.9524
0.992167 -17.3036 3.63263 121.364 102.26 -22.6591
1.51346 -8.96914 8.78399 171.565 -164.643 -56.5711
-2.04478 8.8725 8.97375 -187.423 56.0518 -62.2661
0.585962 -5.69437 6.0417 70.2697 76.6784 142.015
1.58228 -8.73649 -0.0241692 166.864 -158.444 -0.18999
1.73135 -9.25414 -3.6301 179.654 -195.52 8.39714
-1.23812 8.38083 0.644529 -116.497 215.342 4.36984
-1.68046 4.81898 5.82353 -161.473 155.829 -15.4113
-2.34265 11.4362 5.84679 -228.072 56.7928 -36.8792
-2.56684 20.3521 -0.479356 -252.101 29.299 -3.17988
1.9535 -21.4234 11.8589 191.049 -161.658 5.11141
-0.450057 8.70173 -10.1634 -50.4535 203.043 71.386
1.57274 8.41168 -4.33215 149.63 -39.9783 69.5937
2.3194 -15.8579 9.80007 221.092 17.3731 -53.0086
0.0860181 -10.4908 -3.5982 -2.92191 -221.822 42.34
-1.35458 4.98422 -2.18458 -146.51 160.776 135.526
-2.04556 9.81518 5.20304 -215.256 86.9261 -28.6392
2.43713 -10.1628 4.90599 228.155 -96.3202 -36.6901
-1.60433 8.73485 -8.06661 -174.691 171.054 42.2452
-1.63864 8.92704 0.380185 -182.966 136.948 -6.94515
2.54272 -11.241 1.04027 231.668 -50.1843 -6.51501
1.98009 3.29398 1.78992 173.69 49.1231 -120.393
2.38259 -9.94958 -5.75162 212.947 -67.7708 42.8559
-2.10635 11.3021 -0.915899 -235.119 70.2761 -0.768914
-1.05432 8.51386 1.67071 -132.658 207.126 13.226
2.37568 -9.0384 7.07471 200.577 -129.001 -55.0927
1.47308 -8.62312 -3.3405 106.497 -236.17 19.2985
2.52971 -10.9093 -3.05784 211.393 -44.4879 30.9721
-1.52218 10.0095 -1.76591 -191.346 176.783 25.6382
-1.81667 8.39442 0.220207 -225.407 64.0952 -12.5147
2.20748 -9.34721 3.33125 172.983 -199.763 -23.6354
0.311848 7.7495 -0.903305 -16.0247 235.025 15.6681
2.79714 -10.2647 -2.29065 230.107 -113.254 57.739
0.728834 -10.6837 -1.39738 20.7049 -206.724 15.9821
0.203503 8.11764 -4.20344 -33.3607 245.38 26.5785
2.91875 -11.0871 -0.470422 232.601 -68.9297 13.148
1.17804 -7.81706 9.41895 59.1172 -231.988 -48.7089
1.85206 -7.74777 4.85776 125.4 -197.21 -47.7828
2.86174 -9.83558 1.50911 221.523 -120.796 -14.8699
-0.400651 -4.48253 5.17348 -106.588 -125.394 137.683
-1.13799 10.8609 -9.16516 -181.386 31.0015 61.3104
1.62353 9.26833 5.21217 90.9333 -34.9205 -71.1307
2.57496 -16.3986 -0.254382 185.191 61.2317 -10.6257
2.66945 1.03789 1.51658 194.384 -61.897 74.6678
2.95679 -9.54996 0.793232 213.658 -73.0009 0.00156291
3.09235 -11.9404 -5.31458 223.34 -14.1462 47.2344
-0.545636 6.12839 2.14318 -139.631 146.813 134.65
1.73586 -13.0318 -3.93917 84.6687 -200.737 1.09124
-1.32092 11.733 -6.06783 -223.26 77.0795 36.2338
-0.573325 7.90777 13.4924 -149.686 132.904 -77.8445
1.86333 -0.915474 3.77238 91.4512 -228.393 -17.139
0.88876 0.0412393 0 -5.833 1.25671 0
-1.11926 10.8488 1.3632 -206.035 100.08 -4.1605
0.587223 8.64461 -6.28029 -37.817 259.994 40.1479
3.06769 -8.37191 6.65778 202.933 -74.9125 -38.7113
0.38499 8.71064 3.87235 -64.6117 245.51 -19.9279
1.25954 12.0206 0.247025 16.0277 155.86 5.72362
3.06535 -8.30859 -2.27521 194.694 -155.606 33.1882
-1.10332 11.8828 0.134615 -220.746 45.4891 0.515328
3.17801 -10.4236 -4.85813 201.824 -9.97399 35.2393
3.03441 -12.7843 -6.79265 184.059 41.8151 41.5897
-0.503828 9.29107 8.49817 -171.489 145.293 -40.127
-0.769202 10.6231 1.24715 -203.288 100.481 -14.2427
3.64931 -9.96158 -0.289036 235.607 -85.7231 7.69656
0.303735 2.53173 10.3783 -102.339 181.924 -3.11292
3.60464 -6.07403 -0.0983724 223.47 -57.842 8.13575
0.151014 8.10843 7.60577 -119.726 178.4 -52.3317
-0.153543 10.5397 2.56236 -150.775 193.61 -3.23505
-0.761805 11.1722 -5.73623 -213.514 75.1184 25.4367
0.352864 7.93787 -4.50274 -103.215 189.914 31.0396
-0.390468 16.0811 9.59766 -182.353 144.97 -84.8243
3.54547 -10.0955 -4.75972 206.707 -3.93859 21.4276
4.09136 -9.06238 -0.613178 260.361 -51.5117 19.2146
3.75655 -11.9441 -1.7022 224.622 -65.1017 17.7666
3.71159 -11.6473 -5.06189 218.482 2.31938 22.8619
-0.544019 10.7917 2.8598 -204.507 155.431 1.72671
3.91053 -9.88537 2.10068 235.959 14.0594 266.219
2.75915 -6.90497 -4.29658 115.142 -194.979 12.7954
-0.579812 22.0143 -20.2182 -218.684 -49.6332 117.151
3.94661 -4.00987 3.3777 222.89 -120.908 -18.1171
3.67546 -7.82218 3.79941 195.912 -145.563 10.6418
4.06792 -9.01292 -3.09479 230.81 -69.3753 20.6352
3.81014 -5.04433 -7.14396 204.499 -40.6618 -39.8799
2.07438 7.69496 4.61317 31.8873 240.918 -38.2552
2.33416 -10.0244 -1.10208 55.4629 -1.84227 -82.1321
3.66341 -13.6691 0.540751 183.613 60.5089 5.01568
3.59148 -6.52506 14.1633 176.425 -59.0057 -83.3905
2.0364 8.1272 -0.263902 21.6841 249.654 11.0933
3.91037 -11.8881 2.73351 207.582 5.98043 -39.969
3.79396 -13.7059 3.52472 193.95 44.7941 -26.3422
4.19474 -8.96343 1.76577 230.83 -146.94 -18.2982
-0.128731 19.7721 -1.46787 -203.183 143.522 -1.67128
4.20888 -8.35649 -7.81545 221.86 -85.5709 61.2631
3.86058 -9.87196 -6.97475 180.591 -213.281 -71.689
4.25508 -10.7931 -8.67446 218.898 -0.267728 67.5475
4.10523 -7.58054 4.84098 203.858 -136.459 -45.5416
4.29435 -10.4838 -7.44289 219.445 -6.77805 38.2844
4.00521 -8.33777 12.0131 189.873 -7.54828 -69.5453
1.04303 9.67499 -3.29332 -112.479 248.414 12.7953
4.28354 -12.2762 -0.0411302 209.317 31.5768 -3.21168
4.47697 -10.5999 -5.66757 227.207 -4.34862 48.2331
4.40092 -11.0545 0.353686 219.458 -200.925 159.428
4.64606 -9.49286 3.40646 243.191 -66.6835 -11.1176
4.90029 -5.00411 -7.09955 264.158 -12.7129 -14.4294
1.88833 4.44913 0.726385 -40.2584 498.101 28.8531
0.0959041 13.5583 -1.69606 -220.665 30.186 12.4814
4.66333 -8.36972 6.02989 229.687 -118.867 -44.3633
4.64813 -9.35012 3.19155 224.677 -12.1458 -9.97047
3.79032 -7.06557 -5.99716 137.008 -239.879 99.4505
0.359999 11.4859 -2.62789 -207.562 110.599 26.5052
0.720193 1.50147 -0.623138 -173.7 111.286 104.599
0.70977 15.6313 0.225496 -179.866 -35.2763 -4.5626
4.32683 -6.90343 -4.43743 178.971 -163.474 40.5652
5.04576 -10.0211 -3.63551 250.079 -33.9164 28.1269
4.73929 -7.22126 -3.47085 218.918 -22.9723 -21.2485
4.9293 -7.66042 3.32421 226.197 -81.3665 -9.45267
4.58768 -12.5927 2.9613 190.625 63.1321 -17.3947
4.85717 -12.2982 5.37029 217.337 -30.0531 -17.0664
1.35879 11.4032 -12.4421 -130.855 203.953 -12.1692
5.15644 -8.73921 -5.57113 245.932 -82.2855 36.9156
1.07929 9.4256 -13.2409 -160.942 76.3752 69.9931
5.17705 -7.86932 -2.18129 233.085 -48.4402 26.6856
0.897248 -2.16258 7.27644 -192.485 -25.9412 -5.39288
1.92789 8.23946 6.02146 -96.2334 203.679 -45.7652
5.06743 -7.80118 -4.95396 208.904 -18.5607 42.9291
4.01604 8.15925 -0.681187 102.696 265.49 65.0409
2.5408 7.71862 -8.89027 -46.5122 227.591 57.4075
5.49719 -8.30896 -2.5399 246.775 -78.7756 28.2855
5.03709 -8.57603 9.14321 199.88 21.0664 -57.8307
1.5346 9.52223 12.1893 -153.184 62.1596 -81.362
1.83312 8.93367 -4.52328 -124.284 184.88 37.4329
5.26642 -7.621 2.69545 216.287 -168.517 -27.7409
1.30688 10.5297 4.08501 -180.416 109.842 -26.1859
5.51905 -7.50126 0.883613 235.637 -109.032 0.275245
5.23029 -7.96377 9.78752 200.479 22.1443 -73.1285
5.7522 -10.5984 -2.40865 251.823 -2.30032 8.69554
5.19876 -6.2156 1.5913 194.6 -107.555 -37.6249
3.68597 7.16894 -7.74091 43.4475 244.67 -79.4253
5.16889 -12.8492 1.18107 189.697 68.6541 -1.23074
4.07482 -7.81102 16.247 77.6888 67.5181 -110.374
5.20279 -8.61442 8.42664 188.793 36.8276 -53.2437
3.66993 11.8664 -0.254891 35.568 233.306 9.93521
5.6892 -9.79242 -0.386639 232.884 8.50893 -1.42495
5.23899 -5.65311 -6.35326 188.121 -134.517 37.0993
1.56258 10.5727 -2.05977 -179.265 114.387 30.166
4.44486 9.059 -3.2549 104.925 174.249 20.8555
5.41533 -5.89312 0.420619 197.125 -136.547 34.0114
5.58753 -10.3689 -1.83571 212.324 42.6232 10.7927
4.61174 9.97594 -4.29598 110.373 -58.6284 -19.1521
4.97654 -15.9003 0.68356 146.497 102.514 -57.8131
5.62772 -5.64436 -5.14779 209.632 -88.4978 45.5768
4.75084 21.5439 -11.2904 120.918 411.355 -70.7979
3.487 7.59136 -2.72357 -6.82086 229.825 11.5458
2.73009 9.4725 -2.60522 -82.861 254.444 22.8375
2.65465 12.7886 1.8119 -91.2588 -39.1209 -41.3686
6.15081 -7.68067 1.57274 253.803 -61.2921 4.59503
1.61664 11.8148 8.61725 -197.714 92.0394 -48.114
5.55577 -9.52743 8.31105 189.717 46.6734 -47.9507
6.19904 -8.06111 -0.846915 248.193 -30.3123 17.9836
2.55555 9.94623 0.356715 -116.273 241.573 -9.77677
5.44091 -12.6145 5.10873 169.496 84.8819 -27.378
5.59692 -4.94139 -12.8297 181.836 13.1076 86.2229
6.15797 -7.12566 -5.63866 235.781 -32.7985 48.8867
6.11497 -7.22878 -2.44838 228.306 -17.5273 14.1621
6.07313 -0.284565 -4.19213 217.236 138.216 25.5495
6.46083 -7.9214 1.80993 252.494 -32.9631 0.805381
4.16991 8.40437 -2.36943 24.081 274.348 6.52941
5.90171 -6.03197 -5.41998 195.894 -164.812 26.1713
3.79649 7.56171 -4.43922 -13.4139 239.344 18.0054
6.31875 -5.31698 -1.20898 232.991 -52.5947 23.6641
5.96833 -10.7867 3.29461 197.054 -28.9962 -20.9127
6.27381 -5.97311 7.5846 226.262 -37.8398 -38.2753
4.82055 -6.55584 -0.857432 80.269 193.409 42.4296
5.81951 -11.5856 5.14393 177.983 78.2409 -27.2801
2.61353 9.09584 -11.7719 -140.525 145.666 82.4602
3.51642 9.05942 3.49043 -51.9364 262.66 -3.68082
6.24434 -6.18299 2.17552 218.444 -149.965 -14.6302
6.56807 -7.2748 -0.34263 247.55 -12.231 -2.01343
2.0623 8.86622 -0.464598 -201.741 168.542 15.3261
6.59771 -6.7681 -1.01736 246.706 -124.408 13.157
6.56358 -7.36559 -6.708 241.431 -10.3664 39.8532
4.5838 5.15805 10.3745 41.6715 168.127 95.7917
6.60458 -5.86307 -3.89029 239.194 -102.543 25.8876
5.94703 -12.5583 1.52594 172.728 87.3927 -16.2768
5.20632 3.62007 2.63561 98.2866 252.678 -13.8739
2.38352 11.601 0.14479 -182.769 125.261 10.1428
3.75129 7.65171 4.03007 -48.6735 218.272 -10.4235
4.51759 5.62744 9.3265 26.3403 199.75 -63.6318
6.5414 -7.65126 0.197653 226.096 104.86 -3.13318
4.28159 3.8326 6.66181 0.469924 226.52 -34.9976
6.61542 -6.42842 1.4264 232.065 -14.6547 -13.4012
2.80102 9.64788 -2.1719 -150.293 156.254 19.8143
5.25604 4.53394 1.9609 92.4546 199.973 69.8153
5.73349 2.20936 -3.83895 137.609 166.799 43.5319
6.09746 3.67159 -6.10768 171.872 131.574 44.5493
6.93393 -6.17389 6.42797 251.197 -44.9531 -29.4254
6.49915 -3.89472 8.18639 206.825 -101.464 -41.7973
5.82949 -0.707463 15.3471 136.502 189.315 -109.423
2.85351 9.18567 -2.45622 -161.392 181.179 26.8114
7.20795 -6.99313 0.777314 268.431 -45.0591 8.4789
4.31954 6.15572 9.50792 -18.9041 196.887 -71.5401
6.95814 -3.9501 -4.84525 240.114 47.3507 0.692847
7.09721 -7.25257 2.44968 247.923 17.5231 -17.562
6.9147 -4.19018 -1.69489 226.827 3.43522 13.6401
5.91039 -7.15995 14.2443 125.743 81.7405 -91.2872
4.54613 8.26654 2.69339 -11.6043 263.128 -24.8601
4.17567 8.11256 4.5167 -52.8894 231.217 -12.664
5.36866 4.12897 -12.0343 61.7936 173.548 72.0173
6.18156 -12.5313 -1.38063 141.514 101.681 -85.3993
6.38918 -0.106265 3.09746 162.011 165.431 10.2295
6.78951 -8.04575 -7.88136 200.787 58.565 44.4709
4.96825 6.99135 1.88608 19.4673 239.386 -7.08847
7.11162 -7.32566 5.8339 231.063 38.2071 -18.7145
7.20772 -3.38642 -0.954894 240.259 60.3704 15.4903
6.66634 -10.663 4.61043 182.297 86.6382 -41.6474
7.06155 -8.00416 -2.02971 221.153 33.7796 21.1213
3.74859 23.932 10.1433 -109.411 172.104 -20.9673
7.27822 -6.23141 1.92802 240.927 -68.7388 -1.02311
3.65981 9.7841 -3.13965 -118.608 227.489 13.5372
6.96868 -8.29492 -6.21714 207.998 60.7024 45.4828
3.23208 2.74107 4.72456 -164.251 223.333 -30.7389
7.14397 -6.54208 0.0268954 222.134 45.4433 -0.552065
2.88477 6.00478 1.20878 -202.568 184.555 6.93742
6.38306 5.87993 2.19944 144.602 215.362 -21.6913
6.84438 -6.12236 -8.68332 181.986 69.3638 62.2244
6.09845 -2.31996 1.00265 107.658 220.314 79.8865
4.24591 7.70778 -10.1644 -78.9235 186.545 60.6504
7.00023 -8.86828 -4.69164 194.258 79.2679 31.4239
6.76882 -9.71722 8.42431 170.694 82.6399 -54.7231
6.45509 -3.48662 -5.43768 139.279 98.1693 -153.495
7.62967 -5.82904 -0.649426 255.585 -6.38186 -32.4226
6.54939 -13.6321 -2.19187 147.59 119.059 6.5242
4.00235 8.60076 -1.4857 -106.105 189.917 4.13266
7.65161 -5.46387 -6.78991 253.106 9.04377 47.3667
7.48986 -5.28919 7.05978 233.856 -10.4892 -86.6504
7.32268 -1.14064 -5.20941 215.583 41.393 40.2725
6.70108 -12.5876 8.93971 152.104 99.8094 -58.1558
6.60672 -12.6088 8.21836 138.542 107.026 -47.5468
7.64977 -5.67698 -4.52892 241.997 11.4256 32.4249
5.19918 7.10569 -7.90596 -2.54931 226.31 60.3203
7.30469 1.58845 -1.05346 205.994 89.508 3.44233
6.15248 2.7834 -3.58304 90.9742 246.123 21.8679
6.74788 3.80021 -2.40804 149.998 172.455 8.30638
7.79802 -6.37601 -0.359994 253.564 14.9047 5.17985
7.36069 -0.346825 1.6972 210.099 130.359 -17.5561
7.22761 -9.75948 -1.55894 196.565 82.0308 -2.06191
5.48351 10.6884 0.115046 21.9757 247.016 6.42106
6.82729 -0.0961125 -2.68418 155.046 169.221 -84.7575
3.7584 9.28093 -10.0868 -151.056 105.758 48.038
7.00679 6.42709 0.406201 168.208 104.04 -44.5373
7.84837 -4.8895 7.49446 249.253 5.50053 -46.4063
3.90933 9.42677 8.68802 -143.76 134.723 -52.0421
7.50676 2.23021 0.106921 213.463 121.622 -2.36095
5.84458 5.3324 -8.91208 46.25 210.074 51.585
6.49853 5.79908 -2.03104 110.071 227.452 25.3907
7.70563 -6.31964 0.905493 229.75 48.3947 -0.773291
7.28063 1.3483 5.80773 186.77 -101.632 -25.3959
3.92833 10.7111 1.36289 -148.923 196.835 -0.447089
7.55868 -6.28861 6.52737 210.427 62.2265 -44.3087
8.05485 -7.17617 -0.51106 257.508 19.6586 6.22334
7.85233 -6.43519 -1.25846 236.532 50.8021 41.548
7.9294 -1.78565 6.04085 241.798 25.0183 -47.4168
6.296 6.83701 1.68296 73.7081 537.727 -92.7412
7.70703 -5.05593 -6.30907 208.126 57.2793 32.5746
7.91488 0.801383 4.27916 227.325 -3.81273 26.6756
7.57102 -2.62714 6.98592 192.723 77.557 -47.5396
7.96813 -3.6398 0.571761 230.654 46.6887 -5.35109
7.905 -5.07249 6.39506 224.045 55.5255 -43.5302
8.23148 -4.95845 -1.4395 256.148 34.9375 -76.5845
7.97122 -5.94181 0.29821 230.209 59.8137 -16.1914
6.46923 6.14349 2.64662 77.406 235.981 -33.1087
6.26991 5.22847 2.09015 56.6047 -86.7742 64.5157
5.51251 7.40242 5.60534 -20.5976 222.655 -42.927
6.69571 6.97093 1.58412 96.1107 256.451 -15.5214
4.04032 18.4312 -2.26131 -167.801 112.418 19.8754
4.35157 10.1937 -0.439931 -140.557 209.157 -6.9595
8.30486 2.31902 4.26563 251.347 -59.876 -20.7602
3.71093 12.829 -9.76416 -205.767 134.498 75.9138
7.63538 -10.9166 3.93309 181.822 101.475 -20.462
3.92186 11.8972 -1.05756 -187.705 116.978 18.2421
7.54503 1.19289 -7.78977 170.168 138.584 51.7222
8.05526 -6.31277 7.81145 219.119 76.411 -44.9919
6.90371 2.85442 -4.5851 102.975 172.008 -77.2166
6.70432 -0.422559 -6.51984 82.6876 184.936 -17.2607
7.28395 19.5261 -14.5192 140.063 648.456 -491.557
4.82825 12.0045 2.19453 -106.128 157.868 -75.8346
5.17453 8.28473 -0.980883 -74.8081 222.131 -6.90186
8.48256 -3.99469 -0.550555 253.17 40.1955 -4.55358
8.52818 0.667299 0.950473 256.287 44.2203 -17.432
5.50077 8.15195 -2.44624 -45.9593 240.338 20.5148
4.64259 9.75932 -0.176854 -134.232 191.711 -7.96212
8.65781 -6.07357 1.13045 259.715 47.6735 -1.58189
8.14981 -7.50094 -3.43028 209.071 84.2657 31.7379
4.91767 9.33553 6.6763 -112.222 185.104 -50.189
8.01918 -0.173922 -6.53171 192.597 107.837 43.489
7.99491 -0.921916 -12.2682 188.084 100.718 77.2284
7.71682 0.781289 -9.33753 159.909 141.517 48.0094
7.3694 3.99451 2.92411 125.16 238.161 -47.581
8.10134 -5.37769 -9.30101 196.745 75.6247 64.5015
8.27156 0.0952763 -3.84165 212.993 104.559 21.559
7.98866 -2.4391 7.32055 182.859 105.186 -45.0757
8.95109 -2.44914 -1.264 277.678 -13.6685 11.4058
7.66202 -0.194374 7.78609 149.402 205.798 -49.6768
8.24403 -0.364182 -7.9969 205.597 -4.45056 -76.8145
8.19949 -1.82093 -7.3956 195.305 356.931 152.072
8.62159 1.31276 7.03789 235.183 106.206 -50.179
8.67006 -7.98398 4.76797 239.722 48.0513 -1.14494
4.88152 11.9991 2.14986 -137.143 214.853 63.7985
8.34342 -2.97848 -5.71122 201.87 91.9385 45.4013
7.99645 2.29258 -0.711808 167.005 164.882 16.6284
6.45259 7.6068 -3.77004 13.5579 256.341 30.4224
8.59171 0.528657 4.02828 224.879 107.22 -30.2832
4.39609 13.8563 6.9132 -192.138 51.2862 -46.9267
8.86321 -13.7015 14.8456 250.694 -139.084 24.6917
8.41705 3.08781 2.82377 205.918 121.176 -21.7001
7.59788 -14.6226 6.00577 123.376 123.927 -37.019
6.56765 4.02835 0.0930908 20.2293 284.018 -48.3887
8.14236 -9.71223 5.87409 176.55 100.857 -35.3695
5.01429 5.25816 -6.47044 -137.118 215.35 44.2422
5.69409 5.53885 1.24714 -71.529 247.798 -4.50578
8.10519 -4.64662 -7.11687 167.452 114.125 49.4934
8.29978 3.00372 1.05991 184.064 175.831 6.03818
6.13782 7.7891 2.64296 -32.4904 242.139 -22.3314
8.60709 -0.34148 6.01603 211.71 107.788 -43.1503
6.62174 1.80904 4.69022 12.6189 310.443 -28.189
6.22605 12.4773 -3.51783 -27.8727 226.176 13.3082
8.12531 1.83522 -8.85027 157.879 161.096 69.5906
8.17283 -8.07902 -9.65918 162.084 106.698 61.8896
8.82461 -0.659765 -0.614621 225.559 111.772 7.6116
4.55917 13.3374 2.11812 -198.141 87.6439 -13.2902
8.39037 1.02303 -6.48037 180.864 148.191 37.1005
8.66115 0.515529 2.53829 206.614 176.463 1.2502
7.96311 2.48223 5.18861 136.971 175.972 -41.356
8.93678 -4.12464 -3.77672 233.099 74.1525 28.8241
8.63235 0.0361486 6.42442 198.696 130.247 -30.6441
5.28572 10.0174 -5.83543 -136.235 184.55 29.3705
7.44151 4.63534 -3.83587 69.4917 214.276 16.6814
9.05883 -1.56619 5.18035 228.35 48.8785 -23.1376
8.55514 -3.75077 6.37525 177.561 116.59 -45.0363
8.51772 -6.60665 4.04541 173.764 144.832 -23.9471
6.53403 4.51166 -1.51649 -25.6503 269.479 3.17585
8.75588 -1.35931 0.731701 194.863 124.489 -12.6973
6.48605 7.73796 6.67561 -34.9829 234.682 -48.6655
7.10101 6.82384 -2.19843 24.9448 257.673 11.3343
7.78299 2.46055 -1.9073 91.971 554.803 51.3129
6.35561 8.4336 5.92259 -51.9659 250.299 -34.2312
6.61462 7.6369 5.43309 -27.7583 291.244 -236.27
8.31646 -6.26194 -9.30319 140.174 117.741 58.395
8.33556 -13.2154 -0.235631 134.813 116.299 -4.25572
9.14446 -2.06807 5.79609 213.876 121.359 -41.7846
7.95166 2.52042 -7.79887 92.1762 186.508 43.4442
8.62268 -12.429 1.04931 155.781 126.425 -4.04772
9.38763 -2.84136 1.18997 230.037 97.5379 -10.4977
8.753 5.00128 7.92874 166.168 206.65 -26.6849
8.73917 1.46691 2.79878 164.62 172.341 -6.2763
8.7968 1.70162 4.55406 167.127 173.166 -17.6392
6.06305 12.6617 -1.76359 -104.769 458.369 136.234
5.29924 12.3969 -5.12182 -185.039 99.6019 44.0994
9.11967 -4.25297 -6.45629 193.813 124.056 45.5747
7.36196 14.3714 -2.37543 14.6443 170.848 13.2145
6.26996 8.62898 -0.351522 -95.5559 223.178 1.05622
6.08658 8.68523 7.24652 -114.526 163.215 -53.7859
8.95378 3.25541 3.59939 168.342 209.377 -32.3874
6.53778 7.98293 2.3384 -73.1836 198.362 -11.2062
5.51574 11.5889 3.67072 -177.871 110.762 -44.4495
9.25387 -6.432 -5.67662 187.731 119.819 28.2218
6.26801 -3.75362 -4.47639 -110.101 172.296 -20.9558
8.16514 6.05643 -4.7598 78.126 249.547 37.3508
7.05498 6.63855 -2.96614 -36.1138 212.386 9.60904
7.39843 6.25217 3.66272 -5.61642 233.981 -31.5681
5.99353 8.43544 -12.8613 -145.641 205.552 81.7712
6.23214 9.40316 -6.2844 -122.709 190.573 35.1315
9.14067 2.02542 -1.57813 166.035 208.363 -21.4361
6.07491 9.77984 2.27186 -139.712 181.912 -23.6885
8.10847 4.29705 -7.19487 61.8467 209.739 38.9613
8.84673 2.6739 -4.88963 133.257 -66.0274 -84.3509
9.42931 -3.2079 6.55096 185.915 134.547 -50.7478
9.18006 -11.0238 -4.16938 160.869 119.05 30.3198
9.68836 -5.69735 -4.19809 211.353 111.762 25.0186
8.34188 4.92988 -2.93437 72.0775 229.909 10.155
7.77415 6.05951 -3.34343 15.4105 241.061 19.0702
9.03919 4.24031 1.31976 141.009 181.723 -9.69153
8.92075 5.969 -2.3329 126.844 152.449 15.0425
9.30875 -9.95966 -4.45858 160.308 125.254 27.2216
7.53871 3.86568 -5.06194 -16.408 -74.4311 -64.0736
9.57389 -10.8118 -5.72682 184.074 307.694 59.6021
9.31252 -4.55771 -8.13896 157.338 124.961 53.9697
8.73917 4.97475 4.32222 98.3607 238.068 -16.0697
9.30077 -0.57603 -0.248743 150.64 160.584 -4.04382
9.4292 -9.56508 -1.61992 163.084 123.63 8.55839
10.0072 -5.13297 4.39435 219.456 125.432 4.11014
8.75394 2.01316 4.14793 94.0841 191.863 -41.573
6.90121 8.64628 3.04126 -99.4099 194.595 -26.3825
10.19 -4.12885 -2.77581 224.48 -81.6527 32.4058
9.87654 1.04257 4.59947 191.367 180.259 -46.7167
7.88733 5.74764 -5.89524 -6.6555 209.395 43.2734
9.28948 -8.92277 -7.98512 132.302 134.62 49.7647
9.53067 -8.20711 3.65218 155.923 170.221 -28.6686
8.32068 5.60263 2.78337 31.7018 239.312 -6.43872
6.40295 5.09962 -7.32134 -158.939 113.029 -37.5606
8.96861 -0.395369 -0.745635 94.9088 213.247 -0.234149
8.82959 -4.51806 12.8901 80.7842 131.576 -81.676
7.43898 3.33351 -3.51704 -57.5023 238.246 27.1974
8.39471 2.13813 13.5367 35.4557 173.218 -95.3421
9.27458 1.4531 7.73459 120.984 190.698 -57.4772
6.52353 11.0324 2.6332 -152.961 191.786 -15.6578
9.55365 -2.17487 -3.28057 145.323 332.174 0.186694
8.38911 5.19164 -0.345952 27.5836 243.757 -8.6943
10.4356 -5.68015 0.465355 230.503 118.156 -5.80965
9.93112 4.51066 -9.07819 178.748 171.595 -15.2316
8.07473 6.97279 -4.31443 -6.02945 255.033 20.0806
8.85873 11.9849 5.52584 69.8238 156.517 -37.3114
9.66175 1.10415 -1.71861 147.47 197.622 7.38896
8.36897 6.94781 -1.10653 19.0437 267.092 4.06339
10.213 6.26242 -1.40943 200.59 47.8653 27.4047
9.61194 -0.58647 4.35083 136.776 167.689 -17.6673
6.90723 10.5579 -1.37214 -133.457 202.476 2.41996
7.17696 6.50192 11.0143 -108.038 166.166 -33.5549
9.00155 -2.67177 -13.8492 72.7396 145.594 88.4615
9.89769 -6.27039 2.80876 161.495 126.982 -15.576
7.16311 3.67886 -5.39631 -111.374 504.225 78.6823
9.70683 -4.17951 4.53731 139.21 155.056 -31.6502
9.34602 -5.49889 -3.21595 97.1203 198.122 13.6056
8.54147 8.59196 -1.09196 15.559 194.41 3.55905
9.73691 1.32361 -1.24782 122.821 196.912 1.29519
9.04347 -2.13019 -8.70869 52.996 210.146 65.7885
9.68686 2.41488 -9.01254 116.104 124.387 102.509
9.67577 3.34833 -0.847766 114.98 229.063 -4.00584
10.0679 0.897799 4.37369 153.155 201.592 -29.5005
9.48211 3.779 -0.353702 82.3158 226.498 13.7366
9.95129 -1.63288 -6.24827 128.385 169.503 51.5596
10.3527 0.119692 2.23349 167.406 37.426 62.66
10.3486 -1.15883 4.38984 165.632 179.189 -23.8904
10.6573 -2.62921 -1.08007 194.445 155.169 8.88126
10.1558 1.2296 3.44563 144.06 210.338 -19.6913
8.72654 16.9114 2.19853 -7.05301 401.6 -85.8164
10.6682 13.5126 -0.347474 183.353 412.221 -36.6466
9.64611 1.26257 10.4007 80.9334 188.13 -73.8727
10.2649 1.98161 4.37665 142.36 217.923 -36.468
9.23797 16.7369 -8.44931 37.6691 325.086 -92.5935
8.47513 3.11872 -7.05064 -41.1294 207.013 -37.4216
10.4727 -9.073 -0.740105 155.143 91.3957 113.881
11.6886 0.924289 7.80695 270.719 207.586 177.975
10.5926 -5.28529 -12.0494 161.609 124.036 -58.1328
8.59955 4.57178 -2.41214 -40.4055 264.65 7.02307
9.5315 -8.40382 -6.21564 50.2927 290.215 49.0144
7.787 9.12037 -2.31308 -124.046 165.081 9.73021
7.61315 10.4004 -7.5015 -141.328 129.934 55.5376
8.0045 3.84637 5.94576 -104.736 173.013 63.5818
10.0741 -4.95934 -12.8883 100.155 264.435 210.264
8.92183 6.06578 -3.79283 -18.9408 213.901 17.9465
9.41982 5.96625 5.96797 24.4682 242.389 -26.2743
10.5657 -7.11144 -1.25632 134.691 149.28 7.09625
9.96157 10.0479 -14.0246 74.2395 220.051 69.6125
10.8706 6.25574 -0.912288 160.825 -2.24738 -27.7072
8.81431 7.36442 5.37702 -50.8259 215.969 -39.7829
9.79183 2.59347 -9.45061 38.5214 195.531 54.6471
7.86658 13.4311 3.53182 -160.519 171.58 -22.2721
11.4598 21.0961 -8.7898 194.388 475.605 -37.2567
9.72283 1.12816 -11.5042 21.337 168.676 69.3911
10.7778 -0.636012 6.43976 122.987 204.971 -39.5776
11.0511 -1.50028 -5.34547 145.078 188.234 46.937
10.9086 -9.07439 1.0667 127.004 185.85 -82.901
10.3815 0.0369242 -2.54695 69.3353 237.801 27.0648
10.5649 -2.69268 10.5059 82.1825 174.726 -66.8493
10.9258 -13.0786 1.67357 115.556 283.366 -9.23997
10.8717 -1.23705 4.2764 109.641 285.426 -126.081
9.58912 8.37836 -0.199223 -21.2537 210.078 -6.54536
8.80416 8.35188 -5.50927 -104.479 162.065 30.6159
9.45999 9.83153 -0.832895 -45.7713 -60.2105 -39.0332
10.9241 5.48847 -1.19152 93.9283 197.288 26.3649
9.27782 11.9777 4.22245 -69.7615 184.229 -23.9124
11.128 -0.0391395 -2.43593 103.041 203.901 23.0421
10.3302 3.64009 -7.01124 23.0031 219.551 27.4359
10.7849 4.42488 -1.01124 62.901 247.403 -2.9588
11.5844 -2.76475 -5.05765 141.828 132.483 31.8773
11.1412 -6.21935 -8.1333 93.4308 208.445 32.433
11.1059 -0.267237 -5.42241 86.6607 186.285 41.9804
11.9284 2.57969 17.0673 164.882 162.732 -9.73412
9.01269 9.90147 5.7621 -124.908 137.083 -41.8202
11.2851 -6.10546 6.0321 98.4477 255.49 -36.9559
11.3001 -0.944308 4.47732 89.6163 195.622 -22.8227
11.5161 -2.1758 -1.69785 100.734 197.034 13.5887
10.5553 4.5411 3.01859 -11.2174 215.622 -22.3219
10.3816 14.0162 9.65492 -33.5838 248.614 27.3297
11.5334 1.97497 1.51286 56.3194 216.548 0.496423
10.0367 7.50762 0.276254 -93.505 208.428 -2.68372
12.8895 -7.33332 5.29308 179.04 235.483 25.5736
10.1446 7.79554 -7.66454 -93.8494 174.697 54.0328
10.5525 5.83209 -9.35911 -60.0061 194.125 52.4738
12.354 -2.08151 -1.10301 100.843 202.228 9.76246
11.8136 0.994006 -4.41178 39.9955 197.803 38.2364
11.9897 1.84597 3.11976 55.0595 239.696 3.50372
12.8368 -4.43935 0.880901 139.074 193.206 -1.07643
12.0366 6.59787 -0.961593 53.7017 224.657 4.35725
11.0164 5.29991 8.02869 -63.9863 174.115 -60.7385
11.4 3.89936 2.50404 -29.2624 203.944 2.64508
10.5432 8.86002 0.948202 -116.867 163.257 -11.8807
12.7717 -4.1569 -1.18791 102.948 201.81 -0.944949
12.1634 -9.46282 7.21684 40.8332 27.7251 -14.7416
12.2241 4.13441 -1.91259 45.8089 234.833 34.6655
12.8895 -5.33386 -5.15482 103.429 189.143 44.0742
10.7074 10.4329 -4.17983 -115.532 79.7473 85.9545
12.7042 3.85782 10.5218 74.1244 150.682 -77.5137
13.2166 0.275634 8.34061 101.73 185.825 25.1349
12.4647 2.98601 3.0925 3.89775 228.649 -27.2914
12.4899 0.504286 -8.06171 6.30968 179.25 46.5728
12.4216 -2.48958 12.3036 -6.85921 146.146 -74.853
13.2528 -2.31819 3.05156 70.1637 196.962 -13.7313
14.6755 -1.8954 -1.96033 196.5 145.926 15.0822
12.4003 5.19538 3.61525 -48.4633 206.397 -21.2436
13.6516 0.341984 -5.34255 67.6064 156.402 30.4323
13.2329 3.61816 -7.9417 24.1224 168.302 61.1353
13.2777 -3.91398 -7.77253 22.4475 173.996 40.6341
13.1668 3.87252 1.53327 -10.5399 234.242 -19.432
13.1628 12.8062 -2.09866 -41.0046 230.16 -61.9406
14.3033 -3.98663 -1.56525 69.8872 206.478 4.2264
13.6677 7.2692 -0.674969 -16.6708 85.2097 -11.1874
14.8037 9.18317 0.714436 89.2486 129.112 -0.97705
14.9616 10.6207 -8.93833 88.6358 208.573 35.5142
14.346 -7.6658 5.00204 12.9397 169.998 -56.2808
13.7035 2.99613 -4.23267 -51.0476 193.379 31.73
15.3572 0.453975 -3.29674 -7.4922 212.085 9.38621
15.5066 -7.70581 -0.126589 -36.8537 319.02 -4.51774
15.9665 2.99389 9.71973 -98.9426 82.128 -66.0948
16.9406 5.91719 -3.26209 -94.5453 67.1041 -0.0510158
17.1078 -3.05345 -7.43788 -98.1769 281.792 57.7869
nan nan nan nan nan nan
14.2923 -1.13011 -5.70625 -64.5037 237.094 42.8041
14.5395 -13.4555 -1.24143 -83.2958 100.88 8.31582
