-178546 244197 97318.7 -2.12584 2.90752 1.15873
-133170 6541.55 17034.6 -1.586 0.0779277 0.202873
-125741 34498.2 -1576.85 -1.51611 0.415959 -0.0190003
-120935 -155272 -163020 -1.45784 -1.87176 -1.96516
-111534 249375 230240 -1.32814 2.96956 2.74172
-90444.2 32471.1 29643.2 -1.09681 0.393803 0.359498
-80819.2 -152572 37833.3 -0.962273 -1.81661 0.450462
-80533.6 -7984.54 105997 -0.959073 -0.0950787 1.26224
-77224 -71998.7 -1323.99 -0.919449 -0.857218 -0.015746
-76428.3 54873 -14132.6 -0.910617 0.653792 -0.168379
-73894.6 85290.4 -14529 -0.879834 1.01557 -0.173007
-72948.6 298762 -80293.6 -0.869817 3.5624 -0.957409
-71587.3 -100066 23303.2 -0.854113 -1.19384 0.277945
-65106.7 105189 77945.6 -0.776785 1.25501 0.929966
-60113.2 -3713 112028 -0.715711 -0.0442073 1.33381
-58006.3 166380 -136410 -0.690626 1.98093 -1.6241
-57410.8 -4188.37 -5403.69 -0.683987 -0.0499004 -0.0644214
-55495.8 6860.83 15666.5 -0.660795 0.0816924 0.186543
-54651 -21665.9 -34759 -0.651217 -0.258169 -0.4142
-54343.2 102588 -81521.6 -0.646992 1.22137 -0.970567
-53747.9 114270 45086.8 -0.649303 1.38044 0.54467
-53432 -14864.5 -52107.3 -0.636874 -0.177178 -0.621084
-49579.7 -57079.1 -39131.6 -0.590269 -0.679563 -0.465873
-48688 -20710.9 26931.3 -0.579681 -0.246586 0.320656
-48295.2 14395.1 -44454.1 -0.575036 0.171412 -0.529284
-45111.2 64843.8 -41182.7 -0.638675 0.918046 -0.583056
-44862.7 -66901.3 -137.179 -0.772594 -1.15213 -0.00236226
-43768.4 14576.8 -52620.4 -0.5212 0.17358 -0.626598
-38148.1 -149850 146323 -0.46388 -1.82217 1.77928
-37913.8 6235.74 -5670.4 -0.45312 0.0745253 -0.0677596
-36896.1 -129624 -186526 -0.439357 -1.54357 -2.22115
-33681.1 -29010.7 22122.9 -0.401008 -0.345405 0.263387
-32606.5 109081 104349 -0.388192 1.29864 1.2423
-30786.7 -23447.4 145060 -0.366556 -0.279164 1.72712
-30599.9 15985.3 -14121.2 -0.364306 0.190312 -0.168124
-30171.5 23985.5 -47762.5 -0.359541 0.285827 -0.569165
-29318 8279.35 -13657.3 -0.356297 0.100618 -0.165985
-27678 -1224.03 11142.6 -0.329516 -0.0145844 0.132938
-27077.6 5423.72 20772.2 -0.322791 0.0646511 0.247674
-25138.9 -15182 3097.35 -0.300067 -0.181217 0.0369845
-22090 11242.6 13103.8 -0.304363 0.154905 0.180579
-21565.5 -9268.16 33015.8 -0.25674 -0.11036 0.393059
-21094.2 20999.1 38916.3 -0.257658 0.256618 0.475497
-20833.7 8329.7 43408.5 -0.248081 0.0991841 0.516874
-20779.4 -28050.1 37878.4 -0.249284 -0.336519 0.454403
-19800.1 6202.71 2830.55 -0.235832 0.0739352 0.0336976
-19058.4 3359.02 12235.4 -0.226979 0.0400388 0.145727
-18834.9 9400.89 -2572.71 -0.225437 0.11252 -0.0307905
-18321.9 -19368.8 26513.9 -0.218127 -0.230616 0.315715
-17420.2 -105394 -73185.9 -0.207493 -1.25535 -0.871725
-17088.5 11216.1 -25146.9 -0.203492 0.13356 -0.299423
-17018.5 -28812.2 24280.6 -0.202636 -0.343041 0.289069
-16846.8 20916.1 -47564.3 -0.200574 0.249019 -0.566258
-15597.9 12689.5 368.402 -0.185908 0.151243 0.00439945
-15428.5 11477.9 -5329.07 -0.332828 0.247717 -0.115027
-15410.2 -19942.9 15528.9 -0.18386 -0.237945 0.18526
-15303.6 20275 -12288.4 -0.182354 0.241592 -0.146413
-14876.5 39052.7 -2756.1 -0.177071 0.464929 -0.0328209
-14812.7 9491.95 -10873.1 -0.178701 0.114511 -0.131203
-14465.7 14739.2 13332 -0.172261 0.175517 0.158785
-13975.3 2248.16 -5118.56 -0.167267 0.0269339 -0.0613863
-13469.1 -7068.9 -21303.4 -0.160645 -0.0843101 -0.254137
-12956.8 7663.78 -24888.7 -0.15431 0.0912408 -0.296366
-12359.9 -38951.1 31177.6 -0.147342 -0.464335 0.371649
-11165.1 2263.81 -2438.8 -0.132923 0.0269342 -0.0290578
-10863.8 62165.9 832.484 -0.216879 1.24105 0.0166192
-10830.1 -7513.45 17103.1 -0.128963 -0.0894704 0.203702
-10262.6 14782.7 28562.5 -0.123367 0.177705 0.343364
-10232.8 -36416.5 -44761.4 -0.124948 -0.444915 -0.54692
-9785.28 -1626.16 -12534 -0.128405 -0.021339 -0.164578
-9684.75 27174.1 19383.4 -0.1156 0.324364 0.231353
-9559.5 -4454.67 -8682.55 -0.11394 -0.0530795 -0.103463
-9135.19 -28059.1 -33663.9 -0.109535 -0.336439 -0.403616
-8796.04 6086.91 12635.5 -0.10471 0.0724515 0.150441
-8590.72 60376.9 -61683.2 -0.102292 0.718883 -0.734438
-8559.6 28834.6 -35434.3 -0.101908 0.343306 -0.421871
-8237.88 4025.86 -6826.41 -0.134502 0.0657311 -0.111498
-7740.76 34362.4 -22711.6 -0.0921447 0.409183 -0.27046
-7614.2 -53648.7 87960.2 -0.0907159 -0.639203 1.048
-7540.24 19347.3 4302.62 -0.0897923 0.230364 0.0512153
-7241.19 25659.7 -22754.6 -0.0865337 0.306638 -0.271903
-6459.29 8409.9 -20673.6 -0.0771472 0.100443 -0.246889
-6430.9 -54114.3 -26122.4 -0.0765612 -0.644316 -0.311017
-5970.99 15294.3 -1056.62 -0.0712067 0.182269 -0.0126007
-5897.67 -10066.7 41620.7 -0.0708324 -0.120862 0.499765
-5468.74 -4361.14 6003.35 -0.0656035 -0.0523166 0.0720441
-5250.11 3988.73 13548 -0.0626425 0.0475912 0.161633
-5202.88 -14110.5 2656.03 -0.06538 -0.177492 0.0334198
-4475.94 -4216.68 -2292.55 -0.0532911 -0.0502115 -0.0272682
-4439.61 91438.2 -388331 -0.0529674 1.09091 -4.633
-3950.66 -4352.83 2571.1 -0.0470513 -0.0518268 0.0305847
-3680.02 -10293 15195.8 -0.0441524 -0.123494 0.182309
-3587.59 -12902.8 -38886.9 -0.0507019 -0.182348 -0.549549
-3539.04 2488.75 5887.06 -0.042168 0.0296392 0.0701775
-3342.08 1395.08 -874.2 -0.0397845 0.0165862 -0.0104049
-3101.23 -8901.88 -7946.63 -0.0369197 -0.105983 -0.0946311
-3081.59 -2983.15 3857.68 -0.0368523 -0.0356749 0.046115
-2881.98 43432.7 23484.3 -0.0343326 0.517246 0.27962
-2663.85 -229849 -51229.2 -0.0333864 -2.88076 -0.642069
-2537.74 15884.2 -28992.2 -0.0304104 0.190383 -0.347409
-2458.69 23522.4 9445.58 -0.0293106 0.280204 0.112521
-2285.51 -26225 20102.5 -0.0272008 -0.312237 0.239318
-2057.1 4346.32 2066.96 -0.0246584 0.0520985 0.0247397
-1892.58 -4550.48 -8423.06 -0.0226867 -0.0545482 -0.100925
-1778.25 -3978.94 -241.389 -0.02118 -0.0473994 -0.00284732
-1620.12 -415.395 964.366 -0.0955182 -0.0244907 0.057108
-1602.39 -1238.66 -799.995 -0.0191525 -0.0148081 -0.00952521
-1538.05 2600.29 9551.83 -0.0185227 0.0313035 0.115003
-1350.76 -393.763 -177.038 -0.0160964 -0.00469499 -0.00207522
-1320.55 -236.613 8990.76 -0.015774 -0.00283464 0.107427
-1307.42 -2091.42 1248.24 -0.01697 -0.0271463 0.0161716
-1145.93 24362.8 -36612.7 -0.0362545 0.770739 -1.15828
-1093.73 -5646.09 3128.47 -0.0134101 -0.0692265 0.0383191
-1011.26 -1799.63 1925.11 -0.0123081 -0.0218962 0.0234531
-977.136 1770.42 1495.82 -0.0146137 0.0264779 0.0223902
-973.947 4459.13 -7839.26 -0.011948 0.0547025 -0.0961369
-965.03 3252.51 8238.23 -0.0118981 0.0401006 0.101567
-936.091 -138.968 -285.519 -0.0111721 -0.00166742 -0.00336763
-837.278 1077.29 640.808 -0.0100036 0.0128705 0.00767101
-605.192 8429.93 -15058.5 -0.00726032 0.100361 -0.179313
-524.871 1722.98 -7220.23 -0.00626172 0.0205476 -0.0860293
-509.157 781.728 12035.1 -0.00608516 0.00933109 0.143773
-477.088 -1031.06 -2111.97 -0.0074033 -0.0159984 -0.0327482
-469.534 -1225.9 4840.06 -0.0056018 -0.0146234 0.0576985
-421.606 71.4766 42.3664 -0.00504504 0.000852073 0.000467221
-301.362 -6684.63 -25335.1 -0.00389214 -0.0863334 -0.327121
-234.899 201.96 560.328 -0.00363844 0.00312516 0.0086307
-234.689 -1400.67 11969.2 -0.00285505 -0.0170429 0.145828
-205.484 -1045.84 1459.15 -0.00254608 -0.0129544 0.0180352
-189.686 -11586.7 -623.906 -0.00238576 -0.145247 -0.00787187
-173.759 764.741 -688.446 -0.00209013 0.0091637 -0.00817863
-167.407 -2244.47 2752.62 -0.0022268 -0.0298555 0.0365902
-150.605 19.2027 76.4557 -0.0018029 0.00023592 0.000868964
-139.421 -302.237 -139.768 -0.00167561 -0.00364105 -0.0016366
-98.567 4692.23 -9066.47 -0.00120099 0.0571679 -0.110427
-89.7321 -11.2459 -168.019 -0.00122538 -0.000154827 -0.00224634
-82.2527 -787.664 -8381.34 -0.00254154 -0.0243382 -0.258395
-45.2572 -3.65208 -312.707 -0.000572893 -7.23722e-05 -0.00371073
-41.4132 -1.83565 23.8366 -0.00049241 -2.63423e-05 0.000242156
-28.3821 23.3629 -3.58434 -0.000377024 0.00030424 -2.74757e-06
-18.129 19.9553 -14.0685 -0.000227201 0.000242603 -0.000121315
-17.6164 11.8459 -5.40556 -0.000242757 0.000160968 -1.82094e-05
-17.5075 37.9196 51.9989 -0.000518866 0.00112157 0.00143211
-8.97466 -4.15058 1.24771 -2.88159e-23 -2.20723e-22 -1.19697e-05
-8.6206 1.10089 -0.119906 -5.06153e-18 -3.87701e-17 -0.110969
-8.44141 4.12483 1.34242 -1.90583e-21 -1.45982e-20 1.2268e-05
-8.40357 -1.45125 0.231867 -7.20615e-19 -5.51974e-18 -0.169039
-8.36597 -6.70609 -2.31789 7.43455e-27 -1.4503e-27 2.47112e-19
-8.13684 1.67232 -5.4866 -1.34722e-23 -1.03194e-22 3.12566e-22
-8.13517 -1.62348 -3.75262 -7.05512e-20 -5.40406e-19 2.62221e-08
-8.10032 3.41446 0.220249 -1.52003e-18 -1.16431e-17 0.000240393
-7.72626 12.1903 -4.08401 -9.77168e-05 0.000153409 -2.81415e-06
-7.56049 2.42187 3.70696 -4.40998e-19 -3.37794e-18 -2.04601e-09
-7.31735 -2.59034 -0.623426 -2.97911e-15 -2.28193e-14 0.00662446
-6.69801 0.199896 -4.48885 -8.07108e-16 -6.18226e-15 2.2763e-12
-6.58155 -1.36591 -0.396196 -8.60104e-13 -6.74139e-12 0.0528706
-6.47526 6.63727 1.91668 -2.78906e-21 -2.13635e-20 -1.53232e-17
-6.19992 -1.8319 -0.127041 -2.62204e-11 -2.06111e-10 -0.0484995
-6.18542 -3.50604 -0.838417 -1.02547e-12 -7.85544e-12 -7.81326e-05
-5.83718 -8.82741 -3.3728 -6.91097e-05 -0.000105144 1.12157e-07
-5.81601 -4.21203 -0.0235539 -4.77462e-13 -3.65752e-12 6.63095e-06
-5.70247 -1.99179 0.68416 -5.38758e-12 -5.82448e-10 0.063106
-5.70067 -3.98826 -3.3671 -4.01307e-16 -3.074e-15 9.93027e-12
-5.57867 -1.50203 -0.504839 1.95848e-09 -6.24553e-10 -0.00436126
-5.57337 -7.94736 4.85355 1.72979e-26 -3.3744e-27 -8.29673e-28
-5.33561 -1.82948 0.366981 5.18569e-09 -5.28522e-08 0.0286923
-5.27034 0.804071 -4.76292 -7.76622e-13 -5.94918e-12 -5.08802e-12
-5.24421 -7.13751 2.00529 1.60899e-18 -3.13875e-19 -8.53011e-20
-5.21513 -2.44788 1.24293 -1.64473e-09 -2.2899e-08 3.91505e-05
-5.12001 -10100.6 -225.904 -9.64836e-05 -0.201613 -0.00450934
-4.93306 -3.11 -0.315204 -3.42822e-09 -3.54456e-08 -0.00269404
-4.92853 0.988394 -0.248585 3.65706e-06 -1.01316e-06 -0.0572885
-4.80624 -1.72269 -0.0317684 2.40968e-06 -9.19812e-07 0.00412733
-4.71115 2.55399 -3.34105 -2.29187e-10 -1.78572e-09 1.55602e-07
-4.70882 -3.71789 -0.240495 -7.55533e-10 -6.93143e-09 0.000477107
-4.63735 0.805218 -3.90627 -7.63285e-10 -6.19049e-09 1.37348e-08
-4.47688 -5.17539 3.69954 3.09298e-14 -6.03367e-15 -1.48539e-15
-4.42917 3.42575 -2.93076 -2.53485e-10 -1.96928e-09 1.29264e-07
-4.28913 -0.238262 4.22604 -1.49289e-09 -1.2362e-08 -1.08002e-08
-4.27901 4.89114 2.77248 -2.57282e-13 -1.97204e-12 -5.68779e-12
-4.25433 2.59259 0.0890335 4.17465e-06 -3.15234e-06 0.00253306
-4.18226 2.76195 -4.53186 -7.68897e-05 4.8638e-05 -4.207e-06
-4.16983 -3.8331 -6.33152 2.70796e-16 -5.28258e-17 -1.29884e-17
-4.1508 5.52232 1.1993 -5.99226e-13 -4.59272e-12 -6.50565e-10
-4.0962 -2.64428 0.446986 6.12573e-06 3.18174e-06 0.0211604
-4.08408 -0.213009 5.80249 -2.29382e-13 -1.75769e-12 -1.50571e-12
-4.06935 -2.75944 7.03702 5.00572e-08 -4.38463e-08 7.73227e-05
-4.06815 -0.276105 2.81297 4.15394e-07 -8.32081e-08 -0.000352335
-3.77839 0.94569 -3.53604 3.5939e-07 -7.08782e-07 1.56978e-06
-3.66424 2.93438 -5.04906 -5.18966e-12 -3.97635e-11 -3.4062e-11
-3.62149 -2.43101 -2.99624 1.68181e-07 -2.30791e-07 6.16543e-06
-3.61831 2.93948 -4.79024 -2.19963e-11 -1.6869e-10 -1.4449e-10
-3.54187 -1.54264 7.9085 -1.57534e-18 -1.20667e-17 -1.03368e-17
-3.43498 -3.33935 -3.60019 1.98691e-08 -3.70607e-09 -8.98007e-10
-3.36778 3.18916 -6.0064 -2.8593e-14 -2.19016e-13 -1.87618e-13
-3.33415 -4.73569 -0.868883 1.86887e-08 -2.71601e-09 4.36983e-06
-3.32196 -1.39631 4.09598 2.90433e-08 -2.33873e-07 -2.231e-07
-3.30668 1.36574 3.80262 4.64646e-07 -9.89466e-07 -6.61163e-07
-3.28587 2.14455 6.83984 -1.00519e-15 -7.69951e-15 -6.59571e-15
-3.27255 4.45264 -4.85732 -5.82236e-14 -4.45995e-13 -3.82055e-13
-3.18315 -4.13086 2.24649 8.52161e-08 -9.33736e-09 -5.40475e-07
-3.08551 -4.89437 -1.39813 1.65952e-08 -2.86502e-09 1.80919e-07
-3.04116 3.37771 2.98143 4.918e-08 -2.17852e-07 -2.13909e-07
-3.035 -0.828629 4.18769 4.64956e-07 -3.01025e-07 -3.77739e-07
-3.03238 -1.88037 -7.64775 -2.97264e-17 -2.27697e-16 -1.95055e-16
-2.93702 4.78232 -0.835054 -3.36303e-09 -6.60718e-08 3.19933e-06
-2.91254 -10.5827 -2.95547 7.66079e-30 -1.49444e-30 -3.67441e-31
-2.78431 3.4974 -3.48158 1.64673e-09 -3.47971e-08 -2.4e-08
-2.68221 -4.47901 4.07519 3.18987e-10 -6.21517e-11 -1.52979e-11
-2.63962 0.426043 -4.48736 6.74014e-07 -1.53264e-06 -1.17681e-06
-2.61974 3.34982 4.27893 -6.04883e-11 -1.07858e-09 -8.48557e-10
-2.57282 -1.07367 -4.3673 4.67354e-06 -4.56368e-06 -5.21262e-06
-2.52956 0.692874 7.29574 -1.16458e-14 -8.92039e-14 -7.64157e-14
-2.51737 -0.886865 -5.8455 -5.54574e-11 -4.28393e-10 -3.67127e-10
-2.45516 -5.54318 0.357021 7.06755e-09 -1.28167e-09 -2.44141e-09
-2.23631 3.18344 -5.03279 -1.49861e-10 -1.15702e-09 -9.89923e-10
-2.1571 5.1495 -0.279322 5.09796e-09 -5.65364e-08 9.13647e-08
-2.08516 -6.57729 -0.122881 3.1893e-11 -6.21913e-12 -1.52641e-12
-2.04236 -0.0603713 6.52364 -8.86128e-12 -6.78886e-11 -5.81562e-11
-1.90923 -4.12091 -6.28654 1.12952e-13 -2.20342e-14 -5.4176e-15
-1.90811 9.4633 2.77976 -1.38779e-22 -1.89194e-23 7.09412e-23
-1.88736 -0.547008 -4.21001 -6.98082e-05 -2.21795e-05 -1.11706e-06
-1.84126 5.71029 -3.99922 -4.22692e-13 -3.23781e-12 -2.77362e-12
-1.83158 5.29358 -1.25511 1.89991e-10 -1.43309e-08 -2.49336e-09
-1.77897 -4.64211 5.07688 1.13781e-12 -2.21861e-13 -5.45721e-14
-1.7118 -0.338271 9.19868 -1.13633e-20 -8.70405e-20 -7.45623e-20
-1.67971 5.50576 1.02936 -2.64212e-09 -2.45392e-08 -2.13183e-08
-1.4993 14.5616 20.3378 -4.21376e-05 0.000395697 0.000448453
-1.44982 -0.173818 5.36578 5.9829e-09 -2.18099e-08 -1.95995e-08
-1.44538 4.50715 2.23794 1.49832e-07 -1.0918e-06 -3.94692e-07
-1.36712 -4.55935 -2.57856 5.4916e-07 3.70577e-08 -2.36598e-08
-1.31283 -7.75045 -0.85214 2.57648e-14 -5.02609e-15 -1.23578e-15
-1.27248 -0.621691 -5.3504 -1.55154e-05 -1.07952e-05 -1.27375e-05
-1.26298 -6.07831 -5.66907 5.53842e-17 -1.08041e-17 -2.65644e-18
-1.20311 1.02891 -6.24378 -6.21732e-11 -4.77879e-10 -4.09229e-10
-1.14254 6.01365 6.30829 -1.65845e-18 -2.26094e-19 8.47771e-19
-1.10297 7.40098 -3.13865 -1.99842e-15 -2.72441e-16 1.02156e-15
-0.971606 -2.24673 5.322 2.86328e-08 -5.0749e-09 -1.36356e-09
-0.893013 4.27108 -6.03816 -9.57919e-13 -1.30592e-13 4.89671e-13
-0.865038 -3.97705 -3.87188 1.12743e-07 -8.28146e-09 -5.26963e-09
-0.817901 9.17716 0.251782 -3.67672e-19 -5.0124e-20 1.87947e-19
-0.812214 -5.3314 3.85082 2.652e-10 -5.16559e-11 -1.27195e-11
-0.765102 0.562969 -6.33889 -1.46179e-10 -1.12125e-09 -9.60388e-10
-0.667945 -5.04161 -3.95936 8.66183e-10 -1.68181e-10 -4.15406e-11
-0.657609 7.4775 0.874238 -3.41348e-13 -4.65355e-14 1.74491e-13
-0.449299 1.15212 -5.43731 -1.22713e-08 -1.19015e-07 -9.65552e-08
-0.422561 2.91737 -4.24562 -4.86422e-06 -9.91016e-07 -3.32698e-06
-0.394857 -4.2834 -4.1969 5.66126e-09 -9.53236e-10 -2.70879e-10
-0.340368 5.81444 -1.68509 -5.63808e-09 -8.75045e-10 2.88725e-09
-0.267517 -3.53898 -4.01658 4.0256e-07 1.19233e-07 -1.85589e-08
-0.239645 -5.85067 2.25284 3.92321e-09 -7.57364e-10 -1.88177e-10
-0.222258 4.01107 -2.12192 1.04489e-06 -4.60678e-05 9.33148e-07
-0.210129 -4.75172 -3.52639 4.53979e-09 -4.06625e-10 -2.16736e-10
-0.130753 3.46665 4.19591 -4.73209e-07 -1.47539e-07 2.43241e-07
-0.0537486 -4.6107 -3.09392 1.25334e-07 7.18749e-09 -5.99066e-09
-0.0160346 0.000696195 0.433414 -9.50834e-05 -0.00119473 0.42458
0.0296933 2.51928 -5.08966 -1.36526e-08 8.42929e-09 -8.85267e-09
0.0561021 -1.19395 -4.38643 1.76066e-05 -9.43508e-05 -3.87609e-06
0.110478 5.7292 3.10958 -3.83266e-11 3.52121e-11 -2.49396e-11
0.11164 -4.74656 2.8965 2.29278e-07 -1.51981e-08 -1.10317e-08
0.146241 -1.80092 4.67389 7.86754e-07 2.8027e-06 -4.63715e-08
0.514485 5.02334 1.32913 -6.30134e-07 -5.66291e-07 -3.98497e-07
0.61246 -1.65169 -6.98951 5.74465e-12 -1.12064e-12 -2.75536e-13
0.623954 -0.0837413 7.7889 -5.67348e-15 2.43493e-14 1.19703e-14
0.754678 -5.89179 0.202363 2.58152e-08 -4.59393e-09 -1.26736e-09
0.767019 -2.19838 -5.25566 2.64415e-08 -3.61758e-09 -1.29586e-09
0.771752 -0.744935 5.08473 -2.58518e-06 -1.68742e-07 1.45611e-06
0.855035 -2.20936 4.28433 -1.03609e-06 7.11648e-06 -7.96694e-08
0.881973 -8.0149 -3.94866 3.41268e-05 -0.000280434 -4.82205e-06
0.886732 5.83133 1.59407 -1.74406e-09 1.54932e-09 -1.13197e-09
0.903813 -6.90508 3.03303 1.69158e-13 -3.29987e-14 -8.11349e-15
1.00248 -1.81289 -5.67148 2.268e-09 -4.02523e-10 -1.09968e-10
1.006 -3.03594 6.47264 6.08666e-12 -1.18735e-12 -2.9194e-13
1.03302 5.10927 -2.34125 -6.51912e-08 5.35738e-08 -4.16288e-08
1.08287 -3.92088 -3.47367 4.95405e-07 1.45566e-07 -2.70731e-08
1.1283 -2.25189 -4.71982 4.4478e-07 4.74511e-08 -2.4838e-08
1.13495 1.57071 6.26348 -3.97224e-10 3.68372e-10 -2.58495e-10
1.17383 5.15721 1.43398 -1.08177e-07 5.52546e-09 -6.98555e-08
1.23411 4.65421 -2.04382 -9.21531e-07 -3.78133e-07 -3.89727e-07
1.27789 -7.41915 0.742426 9.26313e-14 -1.807e-14 -4.44301e-15
1.2795 7.10034 1.68463 -4.16123e-13 3.85996e-13 -2.70822e-13
1.2819 4.68036 3.13896 -2.55861e-08 2.06565e-08 -1.62147e-08
1.46856 -6.60795 -4.18838 1.85418e-14 -3.61706e-15 -8.89336e-16
1.52128 0.64915 -6.81338 -5.4259e-13 1.27529e-12 -1.05297e-12
1.54591 4.2644 7.40304 -3.80733e-17 3.5317e-17 -2.47789e-17
1.56764 -4.38253 -3.02452 1.53474e-07 -7.00939e-10 -7.87163e-09
1.64615 -1.81456 4.77182 -1.21872e-08 2.14898e-07 -1.26764e-07
1.84086 -5.03925 0.851978 2.06908e-07 8.03709e-08 -3.14992e-07
1.86615 -5.16599 -0.334881 1.71426e-07 2.49178e-08 1.0652e-07
1.89792 1.5483 5.58164 -5.06151e-10 1.11611e-09 -9.37211e-10
2.07598 2.42784 -4.2549 -6.51633e-07 6.51816e-07 -7.75208e-07
2.10774 3.5063 -5.29516 -7.63358e-11 7.07766e-11 -4.96727e-11
2.14052 -4.24287 3.41146 2.92706e-10 8.25128e-10 -3.83954e-11
2.22747 -0.299129 -5.5377 -3.04641e-09 1.25975e-08 6.18547e-09
2.26123 -0.159708 6.09816 -6.37174e-11 2.72795e-10 1.34103e-10
2.34863 -5.99642 -5.72645 5.98028e-17 -1.16661e-17 -2.86838e-18
2.44712 -3.46794 3.59119 -1.35247e-08 2.49842e-08 -3.32904e-09
2.45069 2.87453 -6.20854 -2.35197e-13 5.52924e-13 -4.56521e-13
2.46599 -4.60225 -0.233472 9.36431e-07 6.87593e-07 -1.72632e-05
2.63535 -5.85111 -2.28908 3.95692e-11 -7.7128e-12 -1.8834e-12
2.66029 7.31046 1.30506 -2.29442e-14 2.12832e-14 -1.49326e-14
2.66337 2.78759 -3.15318 -5.08718e-06 -2.27517e-06 -8.2467e-07
2.726 2.59597 203.651 -1.24502e-05 7.88475e-06 0.00243044
2.73064 -4.66937 5.26213 2.07291e-13 3.70046e-13 -3.77382e-13
2.86103 6.20572 8.66342 -2.1603e-28 2.0039e-28 -1.40597e-28
2.9238 2.71059 -3.42772 -5.97784e-07 -1.29083e-07 -2.23497e-07
3.01236 -3.501 -2.02041 -8.20752e-07 1.09546e-06 3.59935e-05
3.12226 2.81258 4.87828 -1.25105e-10 2.9243e-10 -2.41828e-10
3.1266 -3.82886 2.15584 2.61e-08 2.56688e-07 -5.5163e-06
3.14011 -7.85772 -1.3107 7.84214e-17 -1.52981e-17 -3.76138e-18
3.28159 -5.56888 4.09106 8.09356e-14 1.44482e-13 -1.47347e-13
3.29475 6.00392 -1.86431 -4.28889e-12 3.97819e-12 -2.7249e-12
3.30928 -6.84793 0.219138 1.81601e-13 -3.5426e-14 -8.85432e-15
3.33291 4.14478 2.03029 -6.945e-08 5.62401e-08 -2.13419e-06
3.41562 -2.06714 3.82402 -3.20282e-08 1.2187e-07 -7.14554e-08
3.44781 -3.79423 -1.15536 -4.8971e-07 8.90597e-07 -6.91975e-05
3.53874 2.02957 3.78531 -2.87681e-08 6.60103e-09 -1.9e-08
3.60495 -2.66017 4.76125 -5.70384e-10 -1.46083e-10 3.90418e-10
3.61533 5.61289 0.237022 -9.62414e-11 8.92117e-11 -8.02366e-10
3.68123 4.26472 -2.63738 -5.07595e-10 1.15935e-09 4.11063e-09
3.73147 -4.70544 -3.03335 3.03554e-11 5.42308e-11 -5.40311e-11
3.77472 -4.13578 -0.231692 1.82911e-08 7.48164e-08 -2.05424e-05
3.81383 -4.8399 -2.77604 3.21145e-11 5.73577e-11 -5.21462e-11
3.8377 -2.8606 -6.55983 -1.58985e-15 -4.07641e-16 1.08854e-15
3.9085 -0.560082 -5.75482 -2.19134e-12 9.40281e-12 4.62248e-12
3.92242 2.8392 -3.81971 -1.97887e-09 4.59084e-09 -3.75916e-09
3.92946 3.71701 2.64927 -1.83712e-09 3.95345e-09 -3.28697e-07
3.99037 -12.8189 497.983 9.00284e-05 -0.000140611 0.00591242
3.99087 -5.83106 -0.350388 5.13005e-12 9.15831e-12 6.94807e-11
4.06115 -2.92781 -4.01099 -2.96202e-10 -7.50529e-11 2.03532e-10
4.06863 -1.9642 1.47837 -7.65701e-06 3.69811e-06 0.0126684
4.29802 -1.41064 -5.14374 -1.17333e-11 5.03446e-11 2.47494e-11
4.34314 6.90749 -0.641787 -2.63164e-15 2.44112e-15 -1.62293e-15
4.53773 -2.84838 1.57016 -5.13466e-08 1.76489e-09 -0.00144171
4.70555 -4.97846 0.869872 1.33584e-11 2.3851e-11 -5.34837e-07
4.80834 -0.302524 5.24283 -2.75673e-12 6.48081e-12 -5.35082e-12
5.13179 -1.6814 -0.558061 -1.4261e-07 1.49008e-07 -0.074071
5.25305 1.45082 -5.04504 -4.12944e-14 9.70792e-14 -8.01447e-14
5.34981 -4.76726 0.0560963 2.98195e-12 5.32334e-12 -3.5469e-06
5.44813 14.4543 -3.89115 6.17003e-05 0.00017797 -1.79143e-06
5.45026 -1.82985 0.244275 -8.27938e-09 2.01409e-08 -0.0101931
5.453 2.54794 2.97985 -3.20588e-11 7.53324e-11 -4.94478e-06
5.58113 3.48545 2.34845 -5.20285e-12 1.22205e-11 6.04204e-06
5.80138 2.13589 0.299872 -8.87716e-12 -3.13919e-12 0.0898483
5.84811 -8.12246 -4.69732 7.92483e-28 1.4147e-27 -1.44275e-27
5.92221 1.29209 0.202664 -3.97926e-09 9.08015e-09 0.0178954
5.94317 -3.09313 0.0687378 -2.71709e-11 1.16492e-10 0.00120411
5.97232 1.47821 0.352197 -8.70539e-10 1.96147e-09 0.0516473
6.38196 0.410437 -0.111146 -3.75245e-12 4.66583e-12 0.167238
6.40191 3.14573 -1.5482 -3.47984e-13 8.18084e-13 0.000639725
6.51833 4.09536 -1.5215 -3.7447e-16 8.80353e-16 1.52937e-05
6.82645 1.06216 -0.180077 -1.80788e-13 4.2047e-13 0.167237
24.4857 27.6358 -15.4987 0.000318888 0.000352403 -0.000149062
27.4897 22.473 -4.40922 0.000341249 0.000279722 -1.02586e-05
39.9793 -1974.8 110692 0.000565402 -0.0279577 1.56716
44.042 -1428.48 130231 0.000525545 -0.017018 1.55136
70.1161 2391.06 10909 0.000834834 0.0284717 0.130001
91.2509 -326.366 13432.6 0.00110064 -0.00393556 0.162889
95.1391 -8.53185 -2.47987 0.00114273 -0.00010181 1.10832e-05
136.344 4817.28 -11072.3 0.00168385 0.0574287 -0.132043
144.781 426.84 73.7599 0.00245726 0.00724597 0.00119503
174.02 -10286.8 -8753.78 0.00207602 -0.122478 -0.10419
230.739 -989.359 -6085.47 0.00278231 -0.0117557 -0.0724563
260.583 13241.8 2706.56 0.00334817 0.166588 0.0340576
261.568 316.742 92.0808 0.00347338 0.00420075 0.00117626
374.879 -752.789 1969.42 0.00450928 -0.00905721 0.0235677
397.744 809.52 793.92 0.00484915 0.00987007 0.00970267
471.213 -686.886 173.427 0.00564376 -0.00824317 0.00215655
613.81 -8425.81 71.3809 0.00725484 -0.100348 0.000844912
639.273 9219.67 -2532.61 0.00769981 0.111022 -0.0305359
647.207 -1027.72 -30.7177 0.00773504 -0.0122745 -0.000396514
664.313 -85.7195 703.361 0.0192561 -0.00248471 0.0210452
707.914 4325.94 1554.36 0.00877868 0.053647 0.0192462
761.904 6311.42 -2679.29 0.00919331 0.0761414 -0.0322954
857.056 -712.096 13007.5 0.0107367 -0.00891602 0.163018
891.191 -4116.49 3437.93 0.0107541 -0.0496484 0.041507
908.128 3266.85 -2744.53 0.0840282 0.302279 -0.253797
946.925 -2829.39 2352.32 0.0113039 -0.0337748 0.0281038
1093.95 -1436.14 2471.35 0.013171 -0.0172892 0.0297117
1098.47 2420.15 2132.57 0.0131093 0.0288845 0.025474
1149.78 -6278.22 -8597.75 0.0136997 -0.0747295 -0.102369
1154.68 -2389.16 2167.58 0.0138055 -0.0285577 0.0259363
1177.97 -693.365 2117.5 0.0141612 -0.00834532 0.0254484
1221.09 -15722.2 -15410.5 0.0176002 -0.226612 -0.222101
1275.42 976.323 11150.5 0.0152373 0.0116546 0.133186
1417.08 2351.86 845.916 0.0169314 0.0282323 0.0101598
1764.09 -62611.9 -14692.3 0.0210505 -0.745676 -0.174983
1861.55 -107.748 -200.155 0.0221959 -0.00128151 -0.00235233
1865.98 -26920.7 -14922.1 0.0223697 -0.322648 -0.178772
2054.8 -1664.29 1696.36 0.0255729 -0.0207522 0.0210916
2341.5 3575.54 -2176.81 0.0278678 0.0425582 -0.0259293
2440.16 4625.18 -9185.92 0.0290555 0.0550879 -0.109374
2586.58 4733.46 24852.9 0.030803 0.0563924 0.295975
2586.69 -28959.7 -18229.2 0.0307962 -0.344758 -0.217
2693.92 -6803 7699.05 0.0332094 -0.0838644 0.0948977
2861.34 -16376.2 8651.84 0.0342598 -0.196463 0.103807
3181.76 6392.03 12012.6 0.0379089 0.0761609 0.143129
3230.6 12404 61296.7 0.0384094 0.147682 0.729785
3366.72 -2489.49 -2142.32 0.0407353 -0.0301213 -0.0259443
3731.96 3102.87 21056.9 0.0444343 0.0369677 0.250727
3768.9 105809 -7949.77 0.0451076 1.26647 -0.0951554
3802.32 -44146 19900.1 0.0453417 -0.526378 0.237278
3822.55 5571.79 -3412.71 0.0455031 0.0663282 -0.040617
4348.23 -9503.45 43808.1 0.0585019 -0.127868 0.589426
4435.53 -2911.18 -5736.96 0.0528613 -0.0346915 -0.0683368
4995.84 2994.18 -6997.65 0.0600989 0.0360233 -0.084165
5217.9 -44833.2 -6393.56 0.0621018 -0.533796 -0.0761258
5394.76 18672.7 10266.7 0.0671605 0.232475 0.127805
5520.47 -344.01 64613.3 0.0657292 -0.00409845 0.769295
5630.72 8076.49 2065.34 0.0715823 0.102675 0.0262295
5770.71 -8081.03 19499.3 0.0689205 -0.0965116 0.232869
5891.74 -15238.3 11287.2 0.0701793 -0.181634 0.134554
6144.71 -12604.8 -16055.5 0.132737 -0.272005 -0.34648
6171.95 7196.14 599.927 0.0737691 0.0860107 0.00716686
6539.02 14512.4 -35332 0.0795096 0.176463 -0.429629
6735.54 16554.9 -16249.6 0.0807363 0.198573 -0.19493
6759.04 -28825.6 -13243.1 0.0805148 -0.343373 -0.157743
7096.59 4020.23 -6496.24 0.0893675 0.050627 -0.0818361
7277.92 28923.6 74055 0.0866586 0.344391 0.881741
7558.53 -5252.97 -57987.4 0.0899954 -0.0625323 -0.690348
7936.12 -91248.8 -95288.8 0.0945406 -1.08652 -1.13463
7994.3 -7216.63 -13967.9 0.0952025 -0.0859366 -0.166324
8023.09 11852.9 -14317.8 0.096217 0.142147 -0.171692
8116.28 23720.9 -72362 0.0968285 0.283025 -0.863342
8492.44 8228.76 6427.94 0.101178 0.0980382 0.0765918
8582.33 -1832.5 1954.02 0.10446 -0.0223043 0.0238029
8586.7 -123456 57833 0.102413 -1.47213 0.689624
8673.89 -210745 -25721.7 0.103405 -2.51235 -0.306637
8911.33 39359.5 37386.3 0.106175 0.469083 0.445591
8934.2 105888 -143223 0.106361 1.26061 -1.70508
9688.59 19697 -12246.2 0.11546 0.234682 -0.145916
9701.72 -34234.4 2181.31 0.115571 -0.407809 0.0259666
9764.5 -33731.3 -19930.8 0.131418 -0.453979 -0.26822
10471.4 -25367.5 8456.78 0.124701 -0.302131 0.10065
10757.6 28407.2 55183.4 0.128078 0.338205 0.656969
10791.9 5450.86 -2153.04 0.144625 0.0730487 -0.0288714
11063.7 -24269.3 17560.1 0.133651 -0.293175 0.21213
11379.9 1377.16 5402.35 0.136107 0.0164713 0.0645943
11653.7 -21179.2 -16442.3 0.138928 -0.252484 -0.195994
11754.8 -17670.8 -4426.11 0.140242 -0.210839 -0.0527676
11883.6 5623.7 14429.2 0.141969 0.0671844 0.172414
12154.2 -5379.84 -11987.5 0.155587 -0.0688675 -0.153491
12771.1 -2784.44 -3389.42 0.219509 -0.0478591 -0.0582793
13158 -28211.3 23534 0.181864 -0.389925 0.325256
13420.2 -27114.2 13941.5 0.159797 -0.322845 0.165985
13747.3 69192.3 -238878 0.163676 0.823823 -2.84413
13827.5 13788.6 -12071.6 0.165187 0.164723 -0.144193
14012.3 -13095.3 -26234.8 0.168444 -0.157421 -0.315381
14188.2 -20729.2 81760.3 0.168946 -0.246839 0.973607
14427 501.483 38796.3 0.171823 0.00598818 0.462006
15086.5 -22301.5 -23947.7 0.179723 -0.26566 -0.285281
15351.1 9106.42 -2437.71 0.18278 0.108409 -0.0290121
15673.8 -26384.2 -21195.9 0.233727 -0.393438 -0.316051
15702 -45944.2 -49790.3 0.187522 -0.548692 -0.594621
16554.6 -12277.4 6675.11 0.197785 -0.146684 0.0797687
17612.9 11536.6 -4382.06 0.21085 0.138109 -0.0524566
18964.5 -9021.64 10608.6 0.225802 -0.107416 0.126298
19298.2 22980.2 -32701.5 0.332336 0.395744 -0.563159
19336.3 -140789 -171346 0.230245 -1.67642 -2.04027
19575.6 -17545.8 -34527.7 0.233078 -0.208905 -0.411115
19892.5 -884.38 -12469.8 0.236899 -0.0104981 -0.148495
21644 12246.2 -11982.5 0.25766 0.145808 -0.142669
22294.4 3205.99 42543.1 0.265496 0.0381759 0.5066
22492.8 -29680.3 -104905 0.272882 -0.359962 -1.27228
22706 18898.4 -17221.4 0.27052 0.22517 -0.205188
24950.8 12492.1 -61624.2 0.29708 0.148732 -0.733728
25532.3 -74219.9 47454.9 0.30401 -0.883628 0.56498
25786.8 52856 -37555.1 0.307001 0.629311 -0.447156
26045.3 31015.5 99192.5 0.310092 0.369263 1.18097
26936.9 1151.77 -53648.2 0.321013 0.0137225 -0.639335
27268.1 -19457.3 -20212.7 0.325005 -0.231909 -0.240924
27556.1 36962.7 227932 0.328605 0.440779 2.71809
27580.6 -34689.1 17547.3 0.328455 -0.41305 0.20893
30064.2 -24559.4 17219.2 0.951111 -0.776961 0.544746
30309.4 54997.3 -119687 0.361438 0.655841 -1.42726
35553.9 28071.1 31946.6 0.423366 0.33427 0.380414
35979 -26309.3 -29346.8 0.430231 -0.314602 -0.350946
38247.1 -2333.45 -7392.48 0.53627 -0.0327178 -0.1037
39507.7 -44607.9 23345.6 0.470448 -0.531173 0.277991
47046.4 -28435.6 52510 0.56067 -0.338903 0.625842
48832.8 282787 296277 0.581403 3.36699 3.5276
49938.2 -19072 -8313.33 0.594853 -0.22718 -0.0990279
53220.4 27161.2 -40817.5 0.633843 0.323485 -0.486152
53767.7 17099 38887.9 0.640126 0.203571 0.462995
62364.4 -72540.1 128159 0.743214 -0.864482 1.52731
66574 7879.69 -27027.6 0.792654 0.0938194 -0.321821
71778.7 -134485 -140089 0.855055 -1.60204 -1.6688
75425.4 44106.9 -136115 0.898064 0.52517 -1.62067
77289.3 -16320.5 -23424.5 0.920133 -0.194306 -0.278875
81441.8 71451.8 -33079.7 0.969933 0.850957 -0.393959
86223.4 -140736 -74943.2 1.02653 -1.6755 -0.892217
89167.3 -26879.2 19229.9 1.06154 -0.319993 0.228934
92131 -40712.8 14838.9 1.11086 -0.490886 0.178912
103228 58745.8 79229.1 1.23013 0.700056 0.944151
115203 -43258 -10093.2 1.37316 -0.515611 -0.120315
129804 -101361 -94379.6 1.5457 -1.20701 -1.12386
142585 6620.62 -162061 1.69788 0.0788428 -1.92986
151545 -30377.4 335227 1.80804 -0.362395 3.99944
192536 243525 102900 2.32096 2.93561 1.24043
269006 -617947 -399705 3.20286 -7.35747 -4.75901
