-28.6533 10.0746 8.21201 96.1215 -29.7792 -56.413
-25.469 9.67331 -5.25208 71.7271 -179.327 82.3629
-23.8766 1.29086 -7.20913 99.6644 -117.937 29.6688
-22.9532 -13.2974 -3.18386 86.2235 -6.9587 59.859
-19.807 -1.3965 -1.59802 87.1864 1.92243 35.6535
-19.3817 -2.56684 -1.4505 102.461 -49.882 -74.7384
-19.7179 5.88132 0.273049 68.6686 -79.624 -20.6152
-19.4634 -3.30228 -0.304616 89.7565 -78.0842 -27.9256
-19.4587 1.97054 0.459077 73.7095 -83.3088 25.5538
-18.8203 -15.805 7.2715 128.639 63.2389 -38.552
-19.2419 2.40486 -1.22459 85.1464 -23.1929 -64.4862
-19.1076 -13.947 -3.49616 90.7283 -121.629 -14.7022
-19.1622 -1.26863 -0.533207 80.0076 -116.847 -20.4462
-18.9709 -3.34093 -1.02801 93.3117 -81.1028 -59.6829
-19.3401 -7.28832 4.5296 54.4486 -149.839 92.8003
-19.1057 3.83283 -2.68618 71.0076 -68.8997 -68.0281
-19.1892 -2.2941 1.42164 57.8055 -36.047 -45.8654
-19.0753 4.2245 -3.08171 63.1954 -63.0049 40.1328
-18.8921 -0.00933847 -0.828603 79.3437 -60.2568 -33.5703
-18.6156 -5.82496 0.985203 95.188 -18.8043 37.8816
-18.4879 -7.92745 0.50091 102.408 -2.05283 24.1677
-18.6107 -2.95261 -0.746571 88.2652 -65.3025 -26.0684
-18.6685 3.36212 -2.35577 65.3375 -83.2309 -54.7865
-18.3927 -2.62843 1.0871 81.1984 -52.2526 34.5531
-18.6678 4.93461 0.712195 49.4627 -118.082 46.9531
-18.151 -6.04277 -1.83276 99.1113 -32.7794 -86.8025
-18.3904 10.6961 -0.95765 56.6263 -119.708 -25.0878
-18.2486 8.85723 -0.386298 59.7971 -77.8243 -22.4315
-18.2348 -0.586105 1.8108 60.3972 -146.047 70.6892
-17.7925 -8.22292 -0.75051 103.055 -26.1068 -30.4079
-17.9717 -2.66933 1.77091 81.6855 -55.3636 65.1097
-18.308 7.07061 3.30994 46.4583 -103.468 -17.577
-18.0557 1.94108 1.87559 69.4983 -72.5162 87.9109
-17.8539 -1.93668 -1.36026 83.3452 -23.0709 -53.5388
-18.1025 4.8238 -1.52388 56.7175 -94.3717 -15.7978
-17.8807 -0.296408 0.427591 77.3995 -58.7964 24.8951
-17.8161 -2.80883 -2.38139 82.8418 -97.6345 -81.2155
-17.6558 -6.8296 -1.87127 96.8168 -71.6373 -83.5845
-17.7842 -5.02992 -0.145866 84.0036 3.91906 -11.9057
-17.758 -4.5599 1.71251 85.9743 32.3132 51.4539
-18.0332 7.2242 0.222346 57.7787 -82.8389 -0.00670571
-17.9278 1.32928 -2.25326 66.5155 -98.0314 -94.9758
-17.6295 -5.29251 0.991445 95.971 -17.9341 43.5603
-18.1764 4.06135 -2.60262 38.4857 -71.0899 -0.464761
-17.5896 4.45363 -2.54516 93.4569 -182.065 -5.10445
-17.4783 -5.45435 0.613124 102.056 -86.8854 69.6991
-17.7978 8.87837 -0.269986 66.2011 -66.8643 -6.60271
-17.5948 -10.6827 3.19597 80.9428 -90.8841 95.0793
-17.708 3.80582 0.678967 69.5556 -60.4577 -57.3102
-17.4754 -24.0799 7.79903 92.0871 12.3818 50.1686
-17.4063 7.44259 3.66894 98.1547 -26.2543 17.1519
-17.6349 4.9316 0.487958 74.0175 -40.4089 -11.5625
-17.8762 8.98691 -0.396305 49.7288 -90.2306 5.36454
-17.9479 3.25137 1.46104 41.4209 -119.357 33.2663
-18.1123 4.01959 0.508897 24.9957 -157.892 45.9442
-17.7197 7.26313 -1.40332 59.4846 -75.3873 -71.8563
-17.2867 -7.16273 -2.08785 101.629 -105.528 -111.695
-17.7473 -0.249457 0.32297 52.9493 -67.7866 -31.4763
-18.2045 4.65096 -0.286132 4.53894 -284.987 6.39757
-17.4445 2.69093 -1.99794 75.074 -35.3914 -83.741
-17.1084 -8.81415 -2.01621 104.755 -17.9702 -83.7949
-17.3162 -0.415787 -1.74643 80.9179 -42.6338 5.79584
-17.5961 4.79881 -1.0559 48.5309 -105.504 -32.1951
-17.352 5.54233 -3.33888 65.9332 -71.9816 -58.2473
-17.7084 -0.817019 0.329504 25.28 27.9059 -4.38852
-17.08 -2.76822 -1.24013 82.6766 -62.4003 -48.487
-17.3482 -1.03891 -0.507277 55.5267 -176.398 -6.29197
-17.5995 9.34586 -0.468119 30.009 -236.879 -13.7637
-17.489 3.99909 -2.69276 39.9378 -68.1039 -109.723
-17 5.26495 -4.87241 85.7647 -44.7938 -108.249
-17.5342 7.09944 1.99483 28.9895 -121.847 83.3954
-17.4987 5.39749 0.669732 29.6018 -136.489 12.0377
-17.1383 3.47978 0.639587 65.047 -60.3128 74.0783
-17.3655 2.72891 -0.258777 40.618 -166.772 -4.01457
-16.9393 -2.90002 0.349998 82.3216 -68.8076 2.87108
-17.1812 -0.720904 -2.568 57.4429 34.5036 17.3129
-16.807 -8.19804 1.22442 90.7702 -2.48832 59.5362
-16.6945 -10.2568 2.61033 96.188 9.46846 98.9608
-16.6898 -7.46543 3.44029 94.646 -31.2339 26.2461
-17.07 7.41787 -2.11998 55.32 -78.5958 -59.1007
-16.7569 -6.53561 0.662918 85.4206 -7.95281 45.3071
-17.3426 4.73113 -0.414378 25.3459 -136.268 -40.2663
-16.9481 -1.03382 -0.782074 59.8115 -157.907 -43.5013
-17.1228 1.0562 0.987699 39.8085 -152.165 40.9583
-17.0338 4.38697 0.098255 48.3614 -95.5489 -23.5228
-16.6282 -11.3054 -0.484288 88.3362 28.6776 4.23537
-16.5899 -5.87803 -0.895614 91.7317 -45.3826 -44.8247
-16.9871 5.74374 -1.10976 48.1754 -92.9962 -44.8223
-16.6525 -5.85542 -0.297231 80.8929 -45.1663 -12.4349
-16.9913 2.57467 -0.607786 43.4323 -126.896 -57.7931
-16.747 -0.0889262 -0.796866 59.9472 -114.851 -44.0604
-16.296 -7.35035 -0.568212 104.622 -56.55 -20.4388
-16.6032 3.88737 1.4361 67.2591 -71.7386 16.394
-16.6633 0.944258 -0.330916 58.9334 -103.488 -10.2035
-15.9618 -9.12076 0.208244 126.149 -87.8615 11.8647
-16.8265 7.87662 -1.63887 34.5759 -103.632 -51.3386
-16.4459 -3.29546 -1.46577 72.1416 -88.6128 -77.0511
-16.6079 -3.64808 0.964613 53.3362 -107.114 43.7626
-16.4004 0.208709 -2.68984 71.4701 -42.8776 -116.395
-16.1081 -6.61885 -2.68342 97.2725 -29.3938 5.60707
-16.0172 -7.99492 0.584804 104.917 -45.1311 28.4804
-16.0596 -13.245 -1.10737 99.4734 -108.05 28.1977
-16.3415 -0.857791 1.24562 70.4062 -89.8656 57.8673
-16.3424 -9.13493 0.291624 66.1907 32.3574 3.73429
-16.6058 0.783264 0.400071 38.8631 -166.774 60.7084
-16.9419 6.4131 -0.170324 0.153979 -151.433 12.8946
-16.4855 -3.79008 2.75559 44.825 -87.6526 -28.4851
-15.9478 -10.8062 -0.639223 85.5823 29.677 -3.64972
-16.2989 -1.42005 -1.41473 50.5156 -169.747 -71.1008
-15.5811 -5.63596 0.777359 119.138 -188.325 18.5503
-16.4615 9.02099 -2.28963 29.6243 -102.566 -119.666
-16.0518 -1.54507 -1.28083 69.4773 -75.5404 -83.1711
-15.7355 -2.8324 -0.741593 96.8737 -66.4415 -39.8217
-16.0219 2.16154 2.29719 66.3424 -45.755 106.06
-16.1989 -0.00554741 -1.91674 46.3994 -139.513 -80.6137
-15.7731 -4.01298 -3.96336 81.1066 -61.9962 -164.249
-15.7892 2.28426 3.68429 78.9088 -98.8468 104.591
-16.2887 1.42176 2.41553 27.4724 -163.701 77.915
-15.7444 -6.16783 2.80264 80.1131 -8.72284 139.094
-15.9105 -1.1659 3.71665 63.5297 -91.9874 169.852
-16.1366 1.37496 1.10104 40.7755 -127.404 46.1263
-15.9375 -2.16598 0.202597 60.1481 -136.159 14.2233
-15.8437 -0.451109 -2.25819 69.0376 -70.3269 -97.3721
-16.472 5.47377 -1.87646 4.39659 -155.041 -87.5979
-15.6611 -4.32031 0.947341 82.6622 -135.732 30.1768
-16.1212 5.21002 2.95722 26.7771 -115.001 114.733
-15.3203 -7.68625 -0.518089 103.119 -43.8527 -20.4628
-15.1595 -9.07341 2.22655 117.162 -61.3574 103.617
-15.4976 13.4723 -5.08092 82.4981 -92.5081 -65.8958
-16.1004 3.05555 -1.44017 21.5862 -146.904 -50.8511
-15.413 -4.58364 0.865918 81.7578 -148.244 26.7515
-15.4248 -3.77674 2.74615 79.9322 -32.5543 158.665
-14.9361 2.06569 -3.92668 127.957 7.92226 -48.2445
-15.1738 -11.558 0.404444 102.957 0.0334851 34.3603
-16.2165 5.60714 -0.859756 -2.72737 -110.97 -4.70573
-15.039 -10.5138 0.202148 110.917 -34.4279 -6.5149
-15.0966 -11.3369 -0.567804 103.638 -2.49248 -17.3624
-15.9464 2.41961 3.60794 18.3322 -154.441 134.612
-15.4979 8.46182 0.818338 58.4324 -57.4217 56.5214
-15.5711 9.39326 0.102319 50.3909 -73.7286 -13.2932
-15.3196 -5.71849 -1.85725 75.3158 -55.3473 -88.2008
-15.7832 11.9843 1.64815 28.9262 -103.277 79.9162
-14.9108 -7.51749 -0.085112 107.446 -133.234 -8.56667
-15.1501 -9.00394 -0.861183 80.8804 18.4959 -53.1025
-15.4878 12.5015 -0.214904 46.0779 -83.9203 -2.54702
-14.3746 -6.26136 -3.60753 155.133 9.25137 -60.6913
-16.0015 6.95011 1.80274 -9.48798 -156.686 90.6518
-14.5709 -12.513 -0.00551449 130.3 -56.3399 23.9066
-15.703 2.70501 1.44066 16.5809 -153.742 76.3233
-15.0874 -4.51555 0.00271638 68.4776 -147.213 -11.0536
-15.1706 11.9594 1.8631 58.7926 -175.979 -96.3804
-15.7957 4.72852 0.0535675 -12.2568 -162.804 -1.84434
-14.806 -3.44102 3.32935 85.1684 -99.3266 136.196
-15.3847 6.42808 2.60553 22.5884 -115.857 127.194
-14.9835 -1.98284 -1.57714 59.0487 -135.015 -67.3772
-15.2275 -1.89493 -3.49863 33.9303 73.6286 -45.2088
-15.3619 5.95915 -1.63351 19.9075 -115.324 -76.6327
-14.762 -6.99505 -3.56419 77.8242 6.09274 -153.177
-15.5255 7.40601 -1.37343 1.80272 -128.237 -77.4248
-15.3982 3.58079 0.563138 12.9809 -142.973 28.6888
-14.9597 5.05098 -2.52581 49.8332 -132.454 -59.4289
-15.0952 1.27962 -2.86157 35.0009 -126.382 -87.6561
-14.2212 -9.12661 0.010647 117.51 -81.5054 5.22799
-14.4492 -5.84955 1.95355 93.2855 -68.3699 81.9276
-15.5833 -0.737092 5.75283 -19.422 -318.544 301.602
-15.6383 3.85498 0.670813 -29.2573 -188.505 25.6363
-14.2501 -14.6923 0.79047 107.605 20.4189 38.7611
-14.3175 -7.70864 -2.28856 99.9453 -62.8969 -99.0159
-14.3531 -6.52406 2.45133 90.6122 -100.042 104.014
-14.9071 7.67753 3.90942 34.8945 -86.0653 -9.33242
-14.8109 10.0763 -0.39428 41.6061 -78.9068 -86.3969
-14.7451 0.0978116 -3.96999 46.2082 -123.161 -171.898
-13.9588 -5.96662 -2.0508 118.719 -77.2667 -75.8135
-13.9946 -11.3632 -2.14253 112.327 -33.3408 -72.0815
-14.1894 -9.22451 -3.25493 90.4218 -9.58679 -158.448
-14.7957 8.38367 -1.11751 30.0262 -94.2376 -11.1963
-15.2396 6.74012 1.07889 -16.1869 -148.979 84.5832
-14.9757 5.24565 -1.80587 7.84314 -131.122 -84.0864
-13.4878 -11.892 0.0164667 155.056 -6.40844 10.1649
-14.5594 4.13399 -0.418193 46.6246 -6.90015 -90.4887
-13.9598 -28.6837 14.9194 103.975 22.6188 -94.4176
-13.8247 -14.3341 -0.0895655 114.904 -3.23247 -18.7912
-14.1042 -13.9213 0.984551 81.2485 41.4861 35.7113
-14.5045 -2.95414 -7.4471 36.5866 -60.6711 -7.52517
-14.1238 -4.37154 -5.92868 74.0921 -68.7222 114.327
-13.5551 -8.94441 -2.16459 124.846 -83.004 -91.2393
-13.8942 -4.85659 0.665568 87.9106 -164.707 18.8063
-13.7572 -21.1618 4.35968 99.9231 -138.719 -23.6513
-13.4992 -9.09504 1.43046 123.836 -91.1794 67.9384
-14.1397 9.06866 -2.73422 56.4594 -51.9091 -110.514
-14.5093 12.1351 3.0312 18.7712 -101.127 75.6443
-13.4626 -8.51099 -0.319323 121.757 -104.515 -11.8627
-14.7543 8.46959 -0.122741 -10.1708 -141.235 -19.8627
-13.5372 -9.68962 -0.208711 104.848 -38.2047 -23.2642
-13.8665 -5.56896 -1.25804 71.7865 -197.414 -50.454
-14.4284 8.62944 2.39178 12.8849 -108.6 41.4916
-14.2557 -11.3372 -0.735208 24.3089 -89.5768 63.8786
-14.2206 0.691912 2.98051 22.261 -131.886 129.715
-13.5203 -5.36256 2.94684 89.063 -116.056 163.899
-13.3527 -12.3561 0.628528 105.684 -4.72269 21.3216
-14.5732 12.3881 0.484008 -18.1374 -133.429 -40.3474
-14.5152 8.46954 -0.85248 -14.7891 -137.984 -19.4912
-14.6756 9.29618 1.54763 -31.3469 -148.943 40.627
-13.5251 -13.1234 1.11623 72.9378 45.1595 41.9222
-13.0265 -9.03929 -0.642291 122.032 -135.132 -26.2251
-14.1564 12.0106 1.87049 8.91079 -109.894 97.4358
-14.4268 12.6788 -0.304105 -23.8608 -262.32 20.6102
-12.8956 -10.2198 0.53383 124.623 -66.473 9.7897
-13.2666 -15.5157 -0.353546 84.6856 56.9674 -9.57699
-12.6902 -14.2679 -0.325327 128.557 -18.2245 -27.4227
-12.7247 -11.2028 1.41932 118.948 -58.0804 84.1035
-12.6761 -9.18545 1.43506 121.686 -111.85 67.8966
-12.9761 2.63405 -4.96157 90.6832 7.84188 52.5087
-13.4249 2.27769 -6.10239 38.775 -233.167 -259.589
-12.7209 -10.3532 0.217763 104.004 -26.754 16.3684
-13.7635 13.8036 1.59512 -2.59861 -119.633 28.2904
-13.593 14.1338 -0.793198 13.7365 -100.65 -90.2387
-12.7951 -4.93366 -0.802634 82.3532 -172.004 -45.3876
-13.5513 5.0971 -3.28168 5.31035 -118.769 -135.163
-12.7923 -10.4936 2.90759 79.257 18.6573 133.232
-12.7365 -3.90148 -4.08487 78.2353 -126.776 -190.633
-14.0476 13.0746 1.02825 -54.7579 -104.458 8.52779
-12.1349 -12.8055 2.97268 133.613 -168.96 57.5388
-12.0962 -18.5878 -2.20417 134.623 159.579 157.683
-12.8674 0.446878 -4.42117 56.8429 -21.1533 -193.647
-13.2747 15.3285 -1.53948 6.99603 -105.624 17.3066
-13.8183 8.02146 -2.32303 -47.9271 -155.955 -128.317
-14.1247 11.1611 4.14971 -78.6524 -164.973 148.1
-14.0023 13.8485 0.644846 -66.5291 -61.8449 -16.2693
-12.1213 -15.2771 0.998111 113.231 14.3795 32.4891
-12.1651 -14.6359 0.352932 103.007 23.4876 25.5796
-12.3316 -6.28482 0.860316 86.4129 -175.873 25.9272
-11.9839 -10.0604 1.36317 120.179 -84.2883 47.4077
-13.1839 10.8415 -0.444514 0.112827 -109.315 -6.27088
-13.5384 -2.11325 0.537418 -37.0617 27.3963 -103.897
-11.501 -9.31114 1.79052 148.157 7.14295 98.7751
-13.0085 3.57181 3.1897 -6.78908 -150.141 137.757
-11.6085 -13.4938 -1.31688 127.92 -14.3187 -55.0505
-12.3329 -5.95263 -0.387197 51.3882 -220.81 -26.2105
-12.9826 12.3149 -4.80273 -17.5147 -209.779 -146.865
-12.5927 13.2362 1.9764 0.672192 -102.277 119.764
-12.3357 11.1646 1.67231 24.2365 -81.446 87.16
-13.4766 7.90221 -0.674819 -89.7203 -178.109 -31.7254
-12.4098 14.97 -0.934925 14.6857 -56.6911 73.1976
-11.1337 -11.011 5.32207 135.641 -67.7801 88.9305
-11.1033 -15.2589 -0.476893 134.357 -10.2726 -32.3971
-11.1749 -11.5417 -0.421857 117.955 -34.1633 -24.4063
-12.6671 -0.525797 -0.29509 -32.807 -226.187 -3.77543
-11.7066 -3.71102 5.43311 60.8367 -13.6943 236.975
-11.4115 -14.1271 1.14809 79.9286 41.3274 -28.3432
-12.6306 9.1216 -1.34077 -41.3464 -135.476 -61.2555
-13.0714 5.38917 -2.45425 -86.6482 -190.066 -103.995
-10.6677 -15.2974 1.49889 145.261 -20.892 55.2477
-12.6614 10.3506 0.737675 -56.9159 -148.722 -0.77154
-12.2264 11.4794 -1.77161 -14.5334 -113.424 -125.618
-12.5166 9.44942 1.8791 -44.8279 -135.51 33.0311
-10.7617 -11.0475 1.12967 128.862 -66.2656 160.766
-10.7485 -13.1281 1.59518 126.333 -34.1671 73.7027
-12.817 9.80063 1.16011 -79.3609 -153.972 17.3076
-10.379 -13.8508 -0.884479 161.399 -49.1778 -36.0091
-12.2285 8.08271 7.33981 -32.1754 -7.22904 22.0627
-10.4753 -12.105 1.0839 141.363 -82.847 33.1126
-10.5484 -11.737 0.893964 130.762 -54.4395 34.0019
-11.5801 10.9528 -0.0163333 16.7375 -225.978 9.28887
-10.9585 -7.27714 4.55591 75.7519 -10.8958 190.581
-11.6648 11.6612 -0.356807 3.42329 -48.6561 -84.5541
-10.8479 -12.6876 -1.23158 80.7062 25.3755 -45.8377
-11.386 17.3662 0.0066169 16.8963 -98.3898 -21.6715
-10.4176 -11.4052 3.30141 111.782 -34.6592 157.337
-10.1312 -11.548 -0.602001 136.831 -80.3067 -61.2042
-10.5592 -12.9453 -3.16648 90.0519 19.4791 -150.268
-12.4538 8.63141 2.4802 -98.5618 -163.255 78.2273
-10.0731 -10.7767 -5.52049 135.633 -78.3544 -117.925
-10.0995 -14.0614 -0.223911 132.551 -15.8845 -0.925056
-10.0826 -13.6204 1.67797 118.687 -11.6496 83.0697
-10.1355 -8.16046 0.470968 106.912 -216.84 17.3831
-11.131 -2.99142 -2.9421 7.53017 -223.725 -127.49
-9.93084 -8.84435 2.16224 125.821 -177.072 97.5454
-9.5407 -16.3711 0.407963 142.722 -6.37668 -23.4012
-9.27124 -13.3872 2.07902 167.78 -67.4161 95.0069
-11.2782 6.60844 3.29026 -35.6561 -124.045 196.668
-11.918 9.32079 -2.68848 -100.727 -150.384 -57.6879
-9.75692 -8.25491 -3.70227 102.338 -134.811 -160.546
-9.59641 -12.9814 -1.19965 115.629 -9.08234 -44.7417
-9.21029 -15.6649 -2.28168 149.284 -11.743 -86.8461
-9.99543 -10.9234 3.24239 60.455 -115.023 -36.7727
-11.3904 10.3032 1.12376 -78.525 -247.23 34.5889
-10.6888 10.4258 -3.81531 -10.7911 -95.3682 -201.228
-11.2408 16.1862 -1.58284 -66.6114 -10.6472 -70.9031
-10.5623 12.033 9.33588 0.69234 -50.3746 48.1213
-10.713 15.064 0.0944962 -16.8834 -125.027 -36.7556
-11.0858 14.0112 1.59105 -60.8799 -107.392 38.2306
-10.6704 5.61243 -4.22953 -41.1339 -127.213 -183.189
-9.42025 -11.5915 4.59121 80.9713 16.1659 194.339
-8.79669 -12.2236 2.86543 138.184 -61.8667 129.574
-8.60817 -12.7894 1.75244 156.417 -77.9463 80.3377
-8.98398 -15.9562 -2.63261 115.33 18.0623 -76.0394
-9.20152 -13.7702 2.50859 90.1425 22.8537 74.5806
-9.00299 -12.1592 3.33737 105.161 1.60831 164.997
-9.28165 -14.2864 -0.174285 69.1778 45.45 30.2184
-9.97218 11.1873 9.82089 -9.91271 -68.3696 -13.3779
-8.53577 -10.1464 3.99517 125.611 -78.5193 147.203
-8.113 -14.4602 0.790766 159.939 -35.6978 -15.0053
-10.3053 12.3019 1.13074 -58.7323 -117.099 33.313
-8.69201 -14.5453 -1.27039 90.7335 27.5493 -18.6806
-8.67378 -14.3983 -0.0987625 89.8657 30.7919 -25.9847
-8.27746 -15.55 -3.32101 125.85 6.72349 -108.164
-9.54193 15.7666 1.14926 -1.81551 -94.5823 -22.0266
-10.2383 8.67409 2.13186 -72.409 -118.278 149.152
-8.09847 -11.2642 2.79709 135.949 -49.5052 126.379
-7.78165 -12.6024 0.801175 162.135 -97.7211 38.0556
-7.66027 -33.2614 11.9386 174.125 177.989 -121.017
-10.4631 8.66118 -3.58953 -110.918 -58.0477 99.1034
-10.0656 15.3144 0.140591 -74.5499 -127.051 -19.3889
-9.19548 13.98 1.4447 7.48188 -92.3504 40.2082
-7.87195 -8.56594 2.523 137.958 -169.246 114.823
-8.48457 -8.84942 -5.18653 64.2491 7.82526 -227.438
-9.63621 11.4812 4.36018 -54.8379 -110.607 177.407
-10.3901 13.8672 -1.13313 -131.879 -168.825 -52.9139
-7.37608 -12.0423 -1.5709 162.818 -88.612 -67.075
-9.70184 10.7469 -2.59268 -73.6276 -116.685 -129.817
-10.0239 14.997 -0.777619 -111.873 -132.246 -39.331
-9.10897 15.9068 -2.43605 -35.8171 -135.969 174.951
-7.40432 -14.3596 1.5858 123.709 1.04229 49.7315
-9.41872 16.123 -0.549214 -79.4957 -118.154 5.36051
-9.57171 15.645 4.1736 -103.429 -93.6688 192.772
-8.41897 16.3325 0.391409 2.83465 -91.6564 -8.59007
-6.94666 -17.8212 -1.42151 135.954 25.5268 -67.5139
-8.47236 13.6779 -2.75004 -17.2781 -92.4629 -114.502
-9.10963 16.7552 4.79664 -86.5814 -143.043 -22.4298
-6.72148 -20.0044 -2.33414 147.838 138.147 48.5417
-9.09108 15.9382 2.31983 -88.4615 -47.3611 97.3753
-8.58298 14.2419 2.08305 -41.7147 -103.35 68.8942
-8.93336 14.8307 -0.587064 -82.8241 -114.198 1.50206
-9.14094 14.1383 -1.39287 -103.834 -115.728 -35.2207
-8.99413 14.3555 1.34535 -92.2002 -118.764 86.4875
-7.23884 -15.8001 -2.97568 78.1738 42.9073 -118.936
-7.22599 -15.4545 -0.300547 77.0929 44.9398 -17.3956
-6.09377 -14.9305 -1.25786 178.578 -28.8926 -76.2687
-9.06106 10.5303 2.9906 -125.858 -131.101 113.429
-6.72353 -18.369 -1.07977 86.0866 57.4951 -25.9936
-6.98273 -14.8301 2.36594 59.8298 23.9713 101.965
-7.84559 18.8417 0.491145 -29.015 -105.833 48.3328
-7.61028 -9.46011 10.4191 -7.79189 47.7313 -55.9786
-5.98853 -15.9013 1.0956 144.05 -72.5851 17.668
-8.59209 15.6951 -0.00183511 -114.85 -124.164 19.7695
-7.92346 18.3908 -0.648311 -50.9494 -110.545 -6.29594
-7.28856 15.8348 -0.778988 9.96476 -84.6078 -52.1538
-7.9495 17.3714 0.563193 -66.9085 -110.026 46.2468
-6.66269 -16.3213 -1.32742 47.0922 66.3933 -85.4514
-6.33013 -14.4132 -2.64427 80.0384 32.8525 -105.496
-6.12884 -14.0761 2.07622 97.4047 51.2968 87.1958
-7.2758 14.473 1.63221 -18.0539 -88.5878 67.7947
-7.21987 13.2229 1.09127 -17.2463 -12.9129 -147.608
-5.92541 -15.0094 0.240634 110.99 -91.4339 -69.5385
-5.87672 -17.8367 -5.81493 114.684 40.0622 94.1448
-5.46296 -17.5874 -0.0739707 145.625 15.4821 55.0092
-7.91517 14.705 1.69719 -103.915 -109.289 93.5844
-5.46076 -20.3137 -6.23753 123.415 83.7553 53.0941
-5.57037 -19.5487 -0.863929 110.764 109.972 19.1595
-5.56626 -15.8578 -0.261459 109.497 27.3999 41.9611
-4.44991 -14.0998 1.89899 215.073 12.0583 52.3724
-7.28599 15.2318 -0.204749 -67.0051 -317.713 -146.532
-7.8134 12.8612 0.397682 -126.139 -108.501 34.0407
-4.96576 -25.4278 3.48422 152.716 190.139 -120.18
-7.33753 14.3086 -2.71557 -83.9436 -109.022 -101.047
-7.35318 12.6739 -2.89859 -100.816 -102.564 -109.59
-7.01941 14.557 0.10528 -70.1866 -97.9906 21.5968
-7.71959 10.9742 -2.2376 -143.634 -123.12 -87.0213
-6.58154 15.4874 -2.48461 -39.5128 -91.1257 -91.1991
-4.83104 -18.1225 0.598518 133.976 37.9023 29.6085
-6.91665 12.7143 -5.10106 -81.9048 -150.323 -40.7162
-4.09485 -16.2404 -0.113133 196.878 -24.5238 -8.90212
-5.75033 9.69304 6.46565 24.2142 47.4985 -113.722
-7.01636 11.7454 -2.05218 -102.83 75.0265 60.8475
-5.32138 -18.9354 -0.219568 63.4404 18.9284 -83.007
-4.18122 -10.2418 -4.29014 166.796 -76.2882 -177.961
-6.66411 34.1101 9.43932 -99.2484 -121.655 42.2393
-6.13684 -1.15785 -2.70497 -49.1929 -186.35 -30.9314
-4.48549 -16.1138 -1.19065 110.979 34.3387 -49.9634
-6.75515 12.6072 -0.987399 -115.462 -71.2214 -160.478
-3.42417 -14.7502 1.53463 192.894 -20.3986 64.4124
-4.85624 -17.1574 7.17973 49.4912 15.0746 223.054
-4.44023 -18.5402 -2.7782 89.525 57.5373 -91.7347
-3.98786 -9.77832 -4.92527 132.109 -148.227 61.4368
-6.95578 12.6989 -0.722751 -164.327 -105.039 -14.952
-6.84033 6.97496 5.56782 -166.488 -137.907 70.1567
-6.41635 12.757 5.26116 -126.783 -32.6875 -76.3013
-3.54597 -14.7162 0.53682 156.604 -8.86223 70.9409
-3.82444 -24.217 10.209 127.609 104.797 -35.9095
-6.20166 16.254 2.0067 -112.38 -71.8589 74.4157
-6.17809 14.8946 -1.48667 -110.46 -98.0447 -46.475
-5.5317 19.2438 1.29037 -49.2013 -102.198 39.8418
-3.57147 -29.6229 -0.910086 145.23 300.876 -136.5
-3.59232 -13.9034 1.60726 141.794 0.984879 116.424
-3.79042 -16.5362 -0.693736 121.517 33.0713 -48.2757
-5.98455 16.9196 0.030471 -101.019 -94.1858 5.1198
-6.29704 12.5502 1.47491 -138.094 -97.9813 82.0185
-4.16516 -16.2734 0.874258 62.4535 58.4695 39.2155
-3.06509 -17.1142 1.29858 159.054 21.8011 39.6214
-3.35964 -18.0233 -0.55112 120.731 52.8184 -25.4898
-2.79079 -16.1162 0.567276 174.388 6.12177 27.7794
-3.65752 -7.05579 -8.26615 75.5517 154.06 -112.443
-4.53386 18.5138 -0.923816 -13.6294 -92.5209 -57.4479
-5.0608 14.205 3.01656 -70.2051 -85.75 151.848
-3.54916 -19.115 -1.14183 72.3048 72.4637 -33.6033
-3.32574 -16.1005 -2.11465 94.1239 48.7674 -93.1538
-2.31874 -12.5031 3.20979 182.36 -30.1475 139.206
-1.96692 -10.6772 -4.10093 193.021 -77.2562 -159.472
-2.42504 -15.5005 2.92875 138.953 139.623 156.694
-4.65152 16.8018 -0.613513 -82.8571 -89.4351 13.0411
-5.3629 15.7317 -0.155416 -154.19 -80.1443 -4.2579
-5.37368 13.3757 2.86326 -155.764 -88.4927 115.551
-2.6694 -14.7078 -4.6479 98.6187 72.9714 -49.5788
-2.53463 -16.2776 2.69378 110.276 -67.507 93.1484
-3.63527 15.5007 3.7781 0.00552805 -97.7633 153.191
-2.22966 -15.2344 1.1985 134.688 62.9881 54.1297
-1.97392 -17.3669 2.04068 148.772 -53.916 114.079
-4.35327 18.2751 -0.161902 -89.8124 -47.2404 -18.2601
-4.36396 15.0779 -0.499163 -101.989 -88.159 -34.5865
-2.17422 -16.7883 -0.846581 110.779 69.6973 -96.2583
-1.93372 -16.1556 -0.984372 105.408 49.6085 -29.4713
-2.28462 -12.3742 3.90782 60.116 -68.9751 -143.992
-2.31177 -17.9565 -0.628913 50.4071 66.0831 -45.6862
-2.1511 -20.5461 -1.51146 58.9229 84.8988 -5.80859
-3.23899 19.7742 0.180209 -56.4457 -95.3002 -49.9764
-1.51 -9.91685 -8.40465 110.399 -2.24712 103.688
-4.9989 6.20335 -3.45892 -238.99 -32.0849 -146.228
-1.99443 -17.1259 -0.287903 58.329 70.6012 -30.1574
-3.22324 17.4245 -0.327175 -65.9175 -85.8442 -65.6695
-2.97762 17.1175 2.94764 -41.921 -80.7147 133.364
-1.8205 -17.6865 -0.373405 71.3803 78.8072 -34.928
-2.6079 19.5327 2.05349 -13.1106 -89.7532 94.1603
-2.97788 16.4481 -0.229789 -59.3648 -80.9437 -58.4836
-3.77485 14.5805 -1.16215 -140.424 -146.61 -62.9177
-1.80222 -17.3454 -1.61974 50.1418 70.3022 -20.2095
-2.61656 35.8898 2.13821 -31.8751 -0.139068 -6.65596
-1.45743 -19.7281 0.258827 82.7215 76.48 69.8423
-2.34035 18.4296 1.35365 -7.10419 -84.1257 62.9852
-4.8003 19.5998 3.15817 -255.083 78.9373 112.811
-0.696245 -15.4637 -0.949305 149.285 36.5075 -28.7257
-1.02351 -17.7426 0.0541588 104.511 61.3083 -15.3881
-4.56388 5.50736 -0.416019 -252.251 -75.4508 46.2657
-1.07297 -2.9907 -0.630051 92.6102 -193.606 32.5942
-3.13784 17.3188 1.48432 -112.79 -17.1657 53.3269
-2.88214 18.8184 -1.67907 -96.7228 -87.9857 -88.3385
-4.06956 5.45376 0.432848 -216.77 203.617 18.6608
-0.217266 -16.5482 -0.924894 165.542 37.282 -11.4098
-0.414969 -0.564935 9.37931 143.084 25.608 91.6881
-0.92878 -16.4438 1.02693 81.566 63.4267 94.1171
-2.5642 18.0763 1.14573 -83.8377 -85.25 37.293
-0.695163 -2.62916 -10.8734 100.62 15.683 -87.4015
-1.31529 -17.7385 -2.75499 30.0839 79.2412 -97.0953
0.142806 -14.4216 3.00917 171.113 21.2706 145.435
-3.14545 13.019 -3.29282 -164.355 -53.1662 -121.564
-0.681507 -19.7249 0.881845 67.4047 81.8858 66.5646
-2.9218 14.5054 2.53846 -157.272 -58.1855 139.391
-2.49045 16.2484 -2.14179 -131.455 -77.1597 -81.3014
-1.09711 17.6486 0.997046 -6.44937 -80.2128 14.794
1.68435 -9.79189 0.95925 246.693 -113.093 48.0191
0.203558 -17.2928 -2.74707 92.8851 55.2506 -97.9827
-1.66115 17.6229 -2.60761 -96.4261 -80.0924 -100.845
-2.768 16.6728 2.31444 -210.889 46.0043 86.3535
-2.05034 -3.02745 -2.87369 -139.975 -147.07 6.8798
-1.66943 15.9026 0.306527 -104.639 -67.3162 43.2889
-1.5284 18.1582 -1.2497 -91.1714 -79.8752 -40.3131
-1.84562 15.0765 -3.54545 -125.418 -18.0674 95.2811
-1.77855 19.3481 0.193157 -127.091 -31.3922 35.1036
1.41651 -21.56 3.99027 182.36 211.104 -104.204
0.191471 -17.6019 0.162017 56.8542 73.3021 -23.3995
-0.0575223 -18.6367 -0.262444 21.0162 84.4667 11.5439
-1.18973 17.6187 0.499141 -91.8391 -148.394 51.5822
-0.196359 -17.0588 2.54803 -1.58954 120.767 56.3925
-0.301341 0.0943443 0 -13.3443 -0.426096 0
-0.794669 14.7422 -3.87191 -63.6618 -62.4269 -143.912
-1.1325 21.6217 -16.0704 -97.3364 -71.5083 -106.937
1.22341 -15.7682 0.265948 131.076 54.5992 33.4589
-1.86954 15.2953 -1.04963 -182.023 -47.6023 -53.9673
-0.993176 19.6829 0.0335255 -95.9268 -29.9289 21.9127
0.491467 -20.2899 0.421739 47.3461 89.2065 43.8265
-0.763959 16.7274 -2.33592 -80.7979 -76.8535 -84.9376
-0.471408 17.9312 0.7158 -55.5483 -77.0031 65.2458
-1.88808 14.094 1.71532 -200.836 -18.0521 64.0511
0.630216 -18.9863 2.04604 36.4494 85.2907 70.8436
1.69815 -12.7014 -4.01566 137.358 46.0817 -160.3
-0.248294 19.7072 -1.42268 -65.953 -83.9941 -41.3481
0.914688 -17.7465 -0.894799 48.4898 79.815 -58.0973
-1.06944 19.4047 3.15893 -151.507 -167.387 -133.498
-0.0429293 17.2598 0.474558 -50.3247 -78.6271 40.0929
1.84012 -18.4686 0.658663 131.871 70.3424 -2.67645
1.39059 -16.9194 -3.69408 82.9707 76.6349 -142.555
1.41639 -15.6908 2.36704 82.5914 72.0951 124.344
1.48409 -18.1461 -2.29288 88.5556 78.0827 -79.0861
1.5506 -19.8754 -1.00066 93.9236 92.6089 -19.5263
2.52622 -15.3367 -1.41249 186.331 49.8416 -41.5548
1.57484 -17.1065 -2.30362 91.391 78.437 -80.7246
-1.24414 17.9429 -4.6584 -191.896 -152.557 21.9384
2.00191 -19.304 -0.582036 112.982 84.567 -1.85363
-0.210658 -4.79025 -5.18431 -109.01 -64.2437 63.7023
-0.6342 14.9575 0.504166 -165.406 -29.5287 -35.1849
-0.215441 15.9376 0.793338 -128.949 -59.0001 56.0695
-0.295123 15.9588 -0.48941 -138.707 -92.2869 1.99846
0.574617 16.5502 -1.63998 -60.6741 -25.7277 -98.921
1.52115 -19.6691 -1.11834 30.3822 90.5214 -59.8668
0.476484 16.9491 3.27868 -74.0717 -72.1824 119.77
3.19511 -14.8853 2.76083 181.576 47.4898 96.9223
1.46439 -17.4416 0.588476 6.36161 80.478 -19.0742
1.29598 12.5739 0.437172 -15.8401 -150.806 -2.78041
2.14295 -19.0991 2.13905 58.9407 89.1576 84.6666
0.536987 17.3853 -1.77589 -105.655 -59.1056 -55.9459
-0.653443 21.652 -0.33642 -224.617 149.637 1.2245
2.7397 -17.6686 -0.326097 111.619 -34.5121 39.7929
1.56061 -16.0124 0.956856 -7.72083 125.412 21.8421
0.525099 15.5778 2.32384 -112.722 -55.057 89.0935
3.40667 -15.7411 0.527737 170.531 62.7036 42.7211
3.42052 -16.0097 -2.38954 171.665 70.6899 -85.9635
2.49343 -17.2414 -0.411923 77.8691 82.8083 -27.345
3.29446 -35.0947 9.16904 156.29 73.4399 62.0021
3.42143 -12.8368 -2.7879 167.624 53.6535 -107.616
0.593192 18.9695 0.878761 -115.301 -66.6658 63.7381
0.603001 30.6211 -5.8085 -124.676 -189.114 -42.0348
2.75082 -17.9912 0.15697 87.848 86.5084 -2.54961
3.03618 -17.5915 -1.6505 108.783 84.1073 -49.3132
3.99081 -13.6183 -2.01769 194.086 67.1977 -72.2825
1.79537 18.7339 0.75342 -26.1446 -83.7211 5.14584
0.538834 15.8669 -1.20155 -151.143 -37.1553 -45.6401
3.80494 3.30814 -6.69312 156.398 94.5963 53.1849
2.62412 -20.1445 -0.0728122 27.6762 93.5425 -38.8051
0.545535 6.96241 -0.878784 -195.981 -92.3399 8.15998
4.3149 -15.5787 -2.12542 177.601 159.45 -8.20522
1.73211 22.2466 -1.40633 -92.3328 13.5859 -70.0936
1.77733 19.1424 1.68106 -89.8147 -75.4939 57.3234
2.00879 17.8621 -0.2643 -68.0126 -68.9074 -27.6499
4.51494 -18.1769 0.448977 173.18 0.761137 -4.52667
2.52383 18.0597 -2.13001 -25.3935 -78.6943 -70.2733
2.23509 20.5204 0.163543 -56.105 -84.5307 34.4354
0.917044 17.103 -1.18436 -188.101 -25.3176 -24.2057
3.85168 -16.1853 0.733694 98.3761 86.9225 3.53083
1.08388 10.0505 -3.75343 -177.065 53.7903 -183.987
3.2379 -19.0126 -0.0594558 30.1973 204.373 -7.50075
1.96935 13.9341 0.636916 -102.577 -182.257 35.3657
2.25184 18.8707 0.469952 -75.0044 -120.385 -0.820135
5.06003 -11.5175 -2.93828 202.196 58.8252 -136.236
2.43929 14.8785 -3.33395 -60.7512 -54.5713 -140.339
4.57608 -12.1169 -3.42554 147.967 72.1478 -173.669
2.0758 17.8631 0.929856 -108.327 -55.4777 49.8368
2.26504 20.653 -3.42015 -90.6034 -21.2352 -7.43788
4.23171 -14.1791 -1.75983 95.2656 76.4548 -114.333
3.79439 -14.6966 6.94112 41.4564 67.7004 -4.31827
2.18334 14.8746 0.114375 -119.192 -97.2976 15.9392
4.14662 -14.3937 -3.57112 73.6726 81.7131 -114.988
4.29722 -16.303 -0.65595 84.4759 87.0728 -70.8594
4.71044 -12.9371 -2.45935 124.144 72.7523 -142.276
2.98659 18.0472 0.672422 -47.5607 -138.828 4.87162
2.40868 19.8216 0.148302 -116.305 -64.7871 16.2097
5.17791 -15.8564 -0.819974 157.996 91.6062 -64.9667
1.41012 15.0993 0.248928 -218.786 20.3727 47.9503
1.85226 16.5942 -1.54466 -176.317 -13.4498 -47.3168
2.66691 19.1379 0.525944 -97.573 -64.2192 32.6173
4.45861 -15.1259 -1.72719 73.7773 83.0037 -79.2088
2.02651 12.7769 2.28395 -176.37 15.5079 120.242
3.54746 18.2593 -6.61179 -46.7921 -70.7584 99.7623
5.06972 -15.4955 1.47316 96.8582 90.8724 62.4251
2.74249 12.1058 3.46711 -135.219 5.32159 171.958
3.53501 12.5763 8.1055 -59.7521 -51.9111 -135.05
5.54869 -13.5473 -3.85396 140.123 90.6652 -129.225
3.01691 17.9445 -0.660371 -115.511 -42.8262 3.80811
5.0419 -17.0396 2.59126 84.1607 92.296 111.686
2.92626 17.9455 -1.109 -130.525 -53.9868 -87.9761
2.93744 16.0316 1.05949 -143.624 -23.8779 102.922
4.34177 -17.4418 -2.26387 -9.23649 81.5551 -139.764
3.30034 17.6813 -0.104781 -114.02 -49.2179 -40.2956
4.22875 -1.39797 -5.96447 -26.0979 141.961 5.24943
4.87076 -16.5184 3.52418 22.9541 85.302 118.268
5.03787 -15.7505 3.21166 38.4126 85.1583 106.008
3.57594 12.5557 -5.05071 -114.595 -8.43031 -204.069
2.73139 11.0878 -3.35929 -201.86 130.229 -78.0682
4.01913 15.5735 2.53194 -77.0573 -49.0811 132.938
5.69498 -12.6844 3.96057 76.9814 88.5765 201.739
7.08146 -19.3905 -1.47381 202.721 55.39 -56.2367
5.05789 4.71845 10.8361 0.571881 90.4674 -67.7466
3.83953 25.1724 -7.63529 -126.277 -196.312 108.146
3.27066 11.8457 1.89931 -185.503 77.5161 115.389
5.72923 -5.94166 -11.4627 58.4815 -26.6269 -10.9868
5.51662 1.66422 5.72895 28.2226 155.742 242.739
3.3838 12.3941 3.33196 -184.657 -30.0459 120.38
7.00882 2.85109 -1.00388 174.084 229.323 -58.5008
3.97 14.1957 2.68103 -134.025 -12.0685 140.964
6.18258 -16.7072 0.839749 76.2143 97.4167 -1.55487
5.72471 -19.3712 -0.30867 29.312 98.3 -1.1969
7.23034 -13.0399 1.27148 160.386 99.7348 24.9707
4.8073 -5.49339 4.83996 -81.7815 -85.135 -21.4922
6.43473 -4.80118 -8.22368 68.8838 159.755 49.2437
5.06137 12.8307 3.58636 -68.3414 -36.6284 179.809
6.4012 -13.3055 -2.39643 54.3965 140.319 -36.3622
7.38556 -12.9711 -2.47134 144.544 102.977 -81.9881
4.33014 14.1547 2.15413 -162.517 10.907 67.4142
7.18638 -16.1592 -1.22276 120.394 109.119 -70.814
4.77196 19.5208 2.69051 -128.844 155.896 94.3642
6.17801 -17.3629 2.22443 10.1051 85.8703 -41.3164
4.43378 0.770067 -0.133164 -167.373 137.733 -104.233
4.90199 14.6351 3.56502 -121.58 56.7836 131.848
6.33248 -17.395 3.09515 7.42702 88.9686 133.699
6.2245 -15.8846 -0.420603 -13.9189 159.476 56.0144
7.03218 -15.232 2.51367 66.1181 97.5454 108.291
4.79436 17.178 2.21682 -167.606 -28.9577 31.5122
5.41151 15.4188 1.8537 -107.198 -34.4373 106.984
6.02515 3.80117 -5.7742 -47.979 119.334 -244.415
6.73643 -19.3106 -4.19816 16.648 107.676 93.0488
6.85803 -17.8315 3.80297 15.9265 50.1824 145.36
6.91616 -15.0514 1.35452 17.9556 67.9245 58.1415
6.65461 -1.30498 -4.38594 -11.5335 -135.884 -82.9262
6.91613 -18.573 -0.337027 13.9326 97.6795 -18.5264
8.4043 -12.7148 1.58719 156.619 115.412 67.6302
6.02363 39.0021 -6.36482 -79.9893 -29.0011 -35.597
5.86941 15.7833 0.698173 -96.7711 -38.6622 56.52
6.72166 -16.3143 -0.738656 -14.8695 -15.8881 -55.6772
6.30243 12.8886 2.90088 -58.2308 117.445 17.5266
5.33044 16.7677 0.187467 -163.948 -65.1879 14.1909
5.45248 15.6082 0.226468 -156.479 -0.638071 -21.3969
8.0165 -12.3409 3.53805 96.4597 105.084 162.519
5.42081 17.2336 0.642905 -163.111 4.11804 -43.8103
6.3078 17.5134 -2.01361 -81.9791 -57.3111 -41.7275
7.46942 -15.0999 0.654448 27.6804 95.1921 35.8312
6.07213 12.616 -1.94769 -116.832 -150.217 -83.1001
6.16663 16.9294 0.349264 -109.216 -40.8638 42.9073
5.82464 18.1063 -0.337694 -145.029 -31.4888 13.9703
8.08255 -12.6044 3.22612 66.6325 102.655 178.183
6.29699 9.98836 4.52321 -118.489 56.3049 207.632
6.71212 13.063 -2.04845 -84.646 29.3739 90.3006
8.50051 -17.3271 -3.87032 91.3907 -26.3952 -171.225
6.23 16.8705 1.59755 -138.494 29.5395 39.5496
6.57327 18.4645 2.04733 -105.944 -54.3611 72.2388
8.65146 -10.1514 -0.0290185 96.0548 269.998 -9.23797
8.20012 -16.1277 -0.277425 41.1604 105.527 -13.327
7.73941 -17.8403 0.946414 -7.43182 92.4602 49.8242
9.28829 -12.2468 0.607896 145.089 135.469 26.0581
7.22174 14.7561 5.19949 -62.8676 -39.0321 -18.9887
8.59975 -15.8805 -2.66457 61.8492 108.858 -119.027
7.23007 17.8079 1.09799 -75.7706 -8.36654 53.5894
6.8458 8.76074 -4.1632 -115.033 80.722 -193.17
6.98293 17.4025 0.973439 -103.721 -82.3787 72.9218
7.1494 17.8287 1.64264 -90.9436 -53.2507 101.994
8.22216 -14.7214 -2.2736 14.6071 90.0265 -81.8989
7.629 16.8295 0.954463 -54.7298 -66.5271 70.4447
6.95961 13.5026 -3.92448 -126.597 5.87452 -156.871
7.79136 19.8611 4.52685 -43.9837 -82.1736 17.8851
8.48329 -11.852 6.2823 20.7492 62.0506 -47.903
7.03692 16.5419 0.929542 -124.095 -24.9699 6.75382
6.52079 11.1359 1.48297 -185.099 14.9217 79.6305
6.65175 13.6763 -0.588096 -179.118 57.7835 -45.0218
7.66305 19.0698 -0.900574 -82.8269 -66.4603 -24.4327
7.5069 39.66 3.3982 -98.7731 35.237 33.5418
8.00367 13.5037 1.06767 -49.7846 -106.471 48.8068
7.54278 13.5465 2.09529 -101.14 -12.173 116.118
7.16436 12.0519 -3.41305 -139.471 60.2844 -157.475
6.76494 14.1403 0.101871 -194.055 82.653 22.7371
8.73305 5.06511 -1.14783 1.26938 258.376 -54.3928
8.51518 -14.7016 0.364318 -24.5814 73.2961 62.5639
9.13724 -13.0815 1.01711 28.8981 98.2745 88.4737
7.77952 13.8622 -2.42413 -112.279 -4.30052 -64.0933
10.8152 -19.8084 4.51166 184.444 55.8801 -15.07
10.3005 -13.5997 -0.214986 129.505 138.763 30.0859
7.86515 15.0743 -0.110872 -115.22 32.5674 10.5471
7.55036 13.1783 2.29191 -146.579 27.3413 82.2232
8.17621 12.5604 -6.05617 -84.9095 -18.7438 55.2769
9.25608 -13.3145 4.4859 20.2546 96.2933 165.08
9.40184 -13.23 -1.78098 34.2414 103.195 -34.6978
10.1615 -12.9185 16.8039 105.727 80.8031 294.511
7.62881 13.3298 -1.09395 -148.136 28.2309 -67.915
8.40652 15.3323 5.79263 -72.8951 60.7608 -4.12299
8.08097 17.5137 -0.593307 -111.528 -40.4688 -63.3414
9.12804 -14.9664 -2.77483 -10.4177 84.969 -74.9472
10.0807 -14.4207 0.438336 80.0192 134.397 23.7995
8.06971 13.3565 0.558396 -120.293 103.048 47.3377
7.78454 13.7549 -1.05265 -148.961 38.1257 -66.3952
10.4585 -12.3266 -0.15289 109.864 137.885 -19.4602
8.62827 16.8649 1.54404 -78.265 -53.5039 32.0199
10.6215 -9.90033 1.45917 119.529 141.804 59.7314
8.04283 14.6863 1.71927 -143.082 -52.9114 20.2346
8.03499 13.9975 1.27205 -146.225 114.572 119.47
9.83474 -3.26301 4.85206 30.3625 126.024 222.318
10.6773 -13.376 2.98835 111.655 238.76 232.228
9.89291 -12.815 1.6101 32.4293 103.424 65.6512
8.37696 18.1279 13.2834 -130.237 103.778 209.4
9.17663 31.8986 -6.44864 -52.103 -253.591 151.202
8.409 17.3485 -1.85847 -147.631 118.904 -90.2363
10.3054 -16.0496 -0.807369 30.0805 114.317 -51.065
10.5548 -13.6208 0.211046 51.2017 129.499 -26.5125
8.60038 13.6994 0.749119 -150.619 55.7728 25.8017
8.71492 14.4565 1.32628 -144.821 26.3328 37.4662
10.5577 -14.9353 0.0914295 37.7763 113.609 53.7269
10.4589 -15.2553 -3.10318 26.947 111.076 -86.9944
8.17789 16.1356 1.38881 -201.022 -124.285 131.278
8.20139 10.3181 0.0210242 -198.704 -113.939 -10.2577
9.66538 4.89219 -4.67366 -67.9411 111.896 -213.594
8.71404 14.0797 0.552948 -162.491 55.0919 16.8802
10.4834 -14.5856 -0.865894 12.3108 101.541 -44.6378
10.1964 -17.9064 6.29526 -36.4442 69.8978 97.6414
9.15058 20.0872 -8.40157 -140.352 53.6316 -76.5994
8.91614 13.7876 -0.217198 -168.149 84.4782 16.7308
9.37806 16.6694 -0.391287 -122.713 -18.5369 11.519
9.71084 6.94075 -1.86628 -92.1771 223.086 -89.8708
8.88595 13.2143 2.83711 -174.615 19.5826 -115.132
8.9651 12.7404 2.47424 -169.76 99.5716 78.6921
9.45922 9.1273 6.13101 -122.728 -18.5294 140.801
9.80851 17.3964 -3.00496 -88.7105 -26.5525 -47.4933
10.9511 -16.3418 -2.61939 23.4657 108.546 -62.6485
9.97276 11.8457 -2.57927 -80.5629 -16.694 -121.461
10.8112 -1.772 4.38819 -3.3926 -124.372 70.249
10.1472 11.3811 -3.44042 -72.1473 -25.8606 -132.227
11.0841 -10.146 0.421158 19.3452 220.414 64.1758
9.75319 13.7088 -3.09869 -116.263 3.49647 -116.98
9.57699 18.444 -0.44376 -140.371 221.341 -24.9074
12.1626 -9.51777 -0.695549 111.918 150.927 3.6596
11.4973 -15.5677 1.26515 42.255 132.501 15.8
11.5971 -11.3675 -1.86967 48.9575 119.886 -45.2717
9.94192 14.1331 -0.0658924 -122.589 6.11884 17.8639
10.1241 11.5669 0.771945 -110.503 -65.3962 34.9935
11.7258 -12.0689 -4.12438 30.1737 100.695 -74.927
10.6612 5.9967 -2.33323 -76.2004 192.385 -122.587
10.6943 6.52178 -11.5739 -73.9563 61.8678 57.7274
10.0853 14.457 -1.99288 -137.333 34.9346 -96.3503
10.8182 5.62738 -6.23141 -69.7938 190.609 8.78764
11.7085 -11.4118 -2.9507 17.0674 112.132 -133.647
11.0193 5.26058 -4.01393 -52.0709 238.503 -17.005
12.2865 -13.4386 1.60163 69.4117 140.738 42.8982
10.3636 11.8154 2.8669 -124.927 44.5911 95.1488
10.6153 6.57766 -0.331622 -101.195 202.161 2.80437
10.5695 -4.3449 -6.60067 -108.643 -46.2761 58.6947
10.7212 12.7945 -2.27718 -95.6391 -12.9632 -78.8278
10.5578 8.41975 2.52002 -115.044 143.587 119.559
10.8547 48.4596 -36.6987 -85.6144 -194.995 143.808
10.3867 12.0341 -5.74483 -138.681 152.214 -25.6115
11.0627 16.0177 -1.26038 -72.2617 -56.1791 -33.9409
10.9931 7.55904 2.96548 -100.246 103.71 139.346
11.2956 6.72074 0.185622 -74.2433 208.421 31.9161
12.0347 -12.342 -0.0165304 -1.34908 103.895 0.318817
12.8964 -7.10154 -0.720532 78.0309 167.85 -73.8103
10.9159 11.819 -0.702994 -119.052 29.5185 -63.9493
10.8886 9.68848 0.344468 -132.844 119.747 18.7179
13.1442 -11.2325 -1.55088 89.3839 163.536 -28.8866
11.1437 13.4246 -0.520516 -110.393 -37.1742 -19.9458
11.4916 12.7117 0.284693 -76.7543 -32.1031 35.2077
12.6857 -8.68429 2.57092 41.8374 141.351 3.19326
11.1005 10.4688 -1.67115 -120.09 78.8881 -68.3622
12.3595 -12.8111 -2.90176 0.221535 106.411 -131.751
11.635 5.48753 -2.99447 -75.8243 191.171 -134.16
12.7746 -13.154 -0.798212 36.1281 127.936 7.42351
11.5649 14.5715 -2.53895 -89.7965 28.7746 -116.725
13.243 -10.7726 -0.705052 62.1405 161.24 -30.1907
12.5691 3.90044 -8.31247 -6.12901 -40.5142 -40.61
11.8596 11.9897 -6.35069 -77.2426 22.7566 27.3594
12.5477 -15.3497 -1.25517 -9.44387 107.334 -50.2413
11.3945 15.7065 -2.03316 -127.608 -0.558506 -66.6924
11.5147 23.2842 -0.401496 -117.145 72.8444 46.5579
12.8954 -11.1776 1.55303 18.1733 117.383 49.8388
13.0464 -6.20812 -3.3382 27.8726 -61.0588 57.0879
11.5012 15.0735 -0.960981 -125.846 9.14974 -51.365
13.0336 -14.0017 -2.40271 25.2709 120.352 -61.8254
13.5589 -7.85864 -4.72613 72.4954 166.024 -96.9106
11.6806 14.1557 0.306786 -118.407 9.32156 25.3122
13.1259 0.698403 -0.113126 19.8993 209.872 -37.1811
12.9607 -15.037 0.136634 -1.84659 106.55 52.5539
11.8599 11.3165 -0.318251 -112.885 28.4723 3.01715
11.5235 9.04671 1.62147 -146.392 55.9663 75.7718
12.2982 11.7196 1.1171 -70.1476 22.4215 -42.6437
13.1748 -14.6317 -0.769984 13.7221 116.329 11.9143
11.6866 13.1607 2.65318 -138.416 45.0782 81.7583
13.15 -9.36887 2.06505 5.55607 114.427 114.758
13.8101 -8.26692 -1.35728 67.916 165.718 -106.306
11.4866 13.1417 0.0350209 -164.506 87.3969 -12.6315
13.5209 -9.61139 1.54022 35.0719 141.894 37.1035
12.1387 7.39529 -0.154425 -102.617 192.286 -15.3959
12.2246 11.6576 3.81678 -95.2966 -5.66625 134.337
12.317 10.1358 2.22455 -89.2456 6.80847 138.521
12.9668 -5.00984 -4.12384 -28.6404 85.0972 -211.446
12.7092 4.42542 -1.2959 -55.7502 189.665 -75.9276
12.1352 14.4112 -1.53936 -123.449 12.7505 -65.7695
13.8761 -4.40982 1.74734 44.7181 185.148 87.8594
12.2636 11.0352 -1.57158 -115.479 137.936 -55.4299
12.3364 8.28652 2.79881 -112.205 80.448 122.273
12.5289 6.54606 3.16833 -95.439 128.088 144.838
13.46 2.26966 -0.785777 -13.1132 240.351 2.26504
12.8158 8.19148 -3.10742 -78.1249 -78.014 -11.3924
12.9607 9.7959 2.38747 -64.7629 -35.447 92.2684
13.2963 -16.3748 -5.96624 -31.9308 113.068 89.8725
12.3273 5.33512 7.98337 -128.94 140.253 24.8954
13.2404 -12.467 2.31606 -38.7493 77.2572 68.0724
13.0024 4.6106 -0.961501 -62.5209 189.186 -23.703
13.4378 1.34948 2.09097 -19.7735 186.63 101.61
12.5465 7.62442 1.367 -111.776 157.111 66.6856
12.57 7.04986 1.6233 -109.88 171.421 62.975
12.962 4.63269 -2.81617 -74.4349 148.284 -126.416
13.4857 2.56346 0.424095 -28.7519 201.543 -7.03636
12.8556 11.9839 1.08936 -92.315 -11.6751 12.1991
12.7803 12.4086 -0.0913126 -103.152 0.979976 -40.4937
14.2561 -4.8812 0.32838 42.7992 176.793 25.3686
13.9837 -4.37743 -1.36567 15.1028 157.854 -73.9752
13.7969 -14.1738 1.86175 -3.55719 283.45 -167.57
12.9011 7.50675 2.61054 -93.8009 80.3394 107.209
13.9709 -9.87271 -2.22843 9.93618 121.459 -74.0784
13.0229 9.97978 2.68355 -85.5117 0.599194 117.035
12.7587 7.55908 0.402201 -113.134 151.308 24.0603
12.7051 8.21339 -0.749623 -119.98 104.998 -41.8109
12.8919 15.2887 -0.890231 -103.152 -44.8172 -115.841
13.9613 -7.46858 -1.46406 2.37573 121.617 -63.9971
13.359 4.08449 -1.28451 -60.0477 174.23 -76.4145
12.9654 12.4968 -0.675308 -103.652 -2.24515 -66.8285
12.9315 15.034 -1.71985 -108.668 -2.38851 19.6755
12.8011 8.12898 -5.64633 -129.823 90.6518 163.569
12.7807 0.631471 -2.08044 -133.865 -89.0206 9.43783
13.0714 15.2614 -1.84201 -105.726 -19.7075 -55.1512
13.6041 0.304945 4.49332 -56.4033 71.7498 192.887
14.124 -4.25877 5.48748 -13.2913 -22.5474 -12.0728
14.6505 -10.0502 -0.436688 36.4822 156.032 -26.0974
13.9729 -1.58943 -3.41372 -32.8091 117.315 -179.195
13.0556 12.5623 -1.13943 -125.853 39.0913 -65.2893
14.196 -12.0866 2.0662 -18.8679 98.1838 36.4692
13.4009 9.43686 -1.187 -98.8547 112.024 -60.4108
14.5478 -0.527643 1.02615 14.0714 215.912 13.4872
13.1819 2.66954 4.72646 -125.687 3.03368 -23.7601
14.5919 -0.544546 -1.66707 12.6948 205.479 -119.662
13.551 5.92536 -1.76593 -93.178 150.517 -87.7943
13.772 4.79669 -2.37095 -71.5145 162.206 -70.6632
14.0999 2.88559 -0.859328 -40.9762 186.606 -44.2046
14.0046 -10.2552 1.82804 -50.5315 63.1824 94.81
13.7725 4.14556 3.31545 -74.0792 95.6137 131.038
14.2354 1.44424 -1.42269 -29.2971 200.079 -53.3278
14.0477 1.52291 -2.71095 -49.9329 126.85 -126.261
14.7137 -7.1076 -3.07078 16.1955 40.3448 -154.813
14.1075 3.2448 0.0620247 -49.3379 190.943 -16.9089
14.5261 -10.2919 -3.013 -8.34109 111.9 -107.318
14.3595 -11.3128 1.23509 -27.368 92.5538 -52.5486
13.6749 7.79484 -2.38819 -98.9055 67.9435 -96.1253
14.7019 -6.78178 -2.29886 1.39443 133.455 -89.849
13.2021 11.8677 1.46731 -148.358 -16.0195 -243.328
14.1579 2.10579 -2.35016 -54.8232 141.045 -123.953
13.8608 5.81694 -0.954019 -85.3202 167.679 -58.377
14.8109 -7.05932 1.367 0.392189 125.058 72.5939
13.8884 10.6397 1.81205 -96.1506 4.2232 96.6132
13.979 7.15186 -2.27147 -90.2003 47.896 -109.539
14.716 -2.02517 1.88514 -19.5644 146.596 73.3667
14.4591 -8.41402 -2.46734 -49.1416 74.5698 -27.3289
14.7806 -6.3715 -1.90387 -17.8594 109.283 -99.3333
14.1669 -7.03767 -1.06695 -79.6625 -31.9739 -85.5922
15.2927 -2.50355 -1.34959 31.6733 211.337 -60.5759
14.1038 12.8504 0.562248 -94.4611 -20.3783 -14.2713
13.933 12.7405 -2.22797 -118.273 -42.2894 126.847
14.6655 -10.4295 2.4654 -51.8945 66.3302 -1.6666
14.6397 -12.4517 1.17097 -58.9493 64.7265 80.1901
14.3504 7.0268 3.92638 -89.6284 25.8102 183.785
14.9856 -3.52162 -3.7316 -28.193 66.4123 96.2941
14.8131 0.409917 -2.94568 -46.181 124.313 -137.006
14.9774 -10.6366 -2.61799 -32.4597 90.2772 -74.4259
14.7304 -3.42021 -1.0667 -59.7477 149.341 -49.3773
15.1087 -1.55563 0.917998 -24.1595 142.705 70.2247
14.88 0.56377 -3.94921 -48.8458 115.764 -148.079
14.2656 20.456 3.50323 -112.533 192.262 88.769
15.3127 -4.53444 1.81009 -9.15861 149.122 47.2904
14.6625 4.50085 1.63558 -74.7385 135.816 70.5227
14.6259 5.16853 -2.48852 -83.029 47.0704 -105.104
15.4043 -6.06443 2.31238 -6.87527 132.565 87.0036
14.3779 9.1371 -2.77106 -110.249 62.5133 -99.3399
15.2169 -1.07876 -2.48919 -29.225 169.386 -43.8273
14.4846 7.68491 1.28395 -107.531 106.385 84.0897
14.6736 7.62624 2.25867 -89.402 16.1 98.1491
14.855 4.58415 -0.343324 -77.6721 148.807 21.8526
14.3528 30.9447 -2.64305 -128.147 -139.56 0.295922
15.5273 -6.38485 0.100393 -14.9305 126.235 -11.2516
15.3871 0.687572 -0.232985 -34.299 178.128 0.177398
16.0175 -4.91822 2.15484 26.5651 179.663 80.1679
14.8884 25.0848 9.85058 -91.6174 70.9535 124.13
15.099 3.1365 2.15768 -70.924 121.531 117.418
14.9781 4.68375 3.39886 -90.0431 85.8422 140.088
15.457 -2.30265 2.41842 -45.4705 108.312 75.6983
16.1595 -7.78244 1.84614 22.9696 179.168 10.3703
14.9274 8.65745 -0.808041 -99.5655 35.0198 -11.9843
14.3278 15.7743 2.48294 -160.201 133.792 -71.8483
14.899 8.26088 2.41613 -104.859 76.0111 97.343
14.8211 12.9165 -2.73187 -115.904 8.00008 -71.1486
15.974 -0.772625 -2.52064 -4.94935 227.138 -145.714
15.5794 -6.9902 2.58169 -53.326 68.8761 78.7824
15.4905 -7.68859 -1.92949 -66.042 42.4187 -121.407
15.1836 9.24223 -1.36121 -97.3287 15.9534 -95.0034
16.0731 -9.81077 -0.863846 -12.5879 124.245 -23.2863
15.9648 -1.30798 0.981524 -25.0273 165.508 74.6922
15.7653 1.71215 0.53339 -52.4157 152.469 27.4036
15.3723 6.14411 2.49802 -92.829 53.8723 86.7523
15.5334 6.54909 0.110963 -77.5735 -11.2161 15.3783
15.633 3.2566 2.43984 -72.5539 125.336 93.939
16.2311 -2.51284 2.67818 -15.6293 167.584 81.3578
16.0631 -1.38347 3.6941 -32.684 153.064 131.585
15.1381 10.6728 0.49335 -126.589 56.9117 16.4434
16.1068 -1.80612 1.77434 -33.1718 147.854 110.416
16.0285 -3.68626 -0.531496 -41.4217 170.648 -78.3341
16.1212 -15.648 11.352 -34.6819 131.404 15.1382
16.0057 -12.9154 -1.62673 -47.3597 86.7981 -41.7416
16.1257 -2.54221 -1.94582 -39.5499 99.528 46.5471
16.3051 -4.87028 0.564584 -22.8796 78.8465 2.42393
15.624 -0.361693 -6.45898 -90.948 4.60321 103.723
16.4898 -8.11623 -1.98198 -5.72644 131.981 -74.2291
15.7355 3.4233 1.51271 -83.011 78.9589 93.6112
16.2673 -7.12548 3.35699 -31.6542 107.717 118.606
16.3072 -9.08221 -0.857925 -27.8037 41.5938 -50.2025
15.6687 8.98466 -1.18207 -93.3616 -28.4807 -42.798
15.8316 9.20177 -1.03059 -77.8489 21.4 -26.294
15.2356 36.3988 -3.75362 -137.981 -239.117 119.972
16.406 -6.12728 1.04488 -24.8887 161.195 26.3915
15.8799 3.61834 -2.31735 -80.6159 97.0696 -98.1911
15.5178 4.18651 1.76547 -119.511 -82.78 23.4571
15.7489 12.5807 0.409566 -96.7362 14.9962 -35.8471
15.8585 5.02818 1.81732 -89.1723 117.052 52.6702
16.1751 9.76684 1.28209 -58.6828 21.51 62.6945
16.6738 -9.33012 3.8055 -10.5862 131.285 39.7919
16.7523 -4.98039 -0.330558 -6.78005 153.107 -15.5796
16.0887 8.90791 -0.153931 -79.4955 -16.2593 -1.81513
16.2824 -11.4178 -0.762602 -60.9586 68.7457 -32.7089
16.5226 -2.04349 -0.303664 -37.5287 131.094 -46.532
16.866 -6.29043 0.87304 -11.996 148.554 8.33506
16.2158 2.79155 2.19771 -76.6164 21.4128 78.9859
16.6804 -1.64849 2.70438 -34.781 149.808 86.4911
16.152 7.42782 1.04338 -90.4035 11.8672 57.2187
16.1035 7.60157 -2.29983 -95.3251 18.4706 -90.7914
16.666 -6.73929 -0.250168 -41.3249 98.3751 -48.3483
16.8842 -6.05982 1.07228 -28.5233 119.076 46.5078
16.9017 -11.5548 -1.07455 -30.3196 108.568 -27.3604
16.8799 -9.48868 -2.38412 -37.1109 103.695 -91.1415
16.5778 1.38388 1.24141 -72.2082 117.808 31.4612
16.2148 7.20633 1.24369 -110.708 94.945 62.7121
16.325 8.34586 -2.23078 -102.674 44.6777 -87.4989
17.1716 -7.3392 0.509331 -21.9788 130.466 5.07294
16.6578 2.39596 -0.0357545 -73.2533 98.5432 -0.4513
16.5592 4.62131 -2.20347 -86.5609 99.2055 -116.492
16.8406 -3.43888 -1.75578 -60.3882 79.9437 -112.425
17.2295 -0.252581 19.1469 -25.6397 142 3.85825
16.8626 6.46981 -0.19723 -64.2051 121.788 -3.19978
16.9654 -2.15699 0.694901 -57.8769 100.323 36.5202
17.1858 -4.43044 1.61689 -43.9684 105.501 34.3149
15.7919 10.11 0.821863 -183.327 45.3341 29.7137
16.9617 -0.286091 0.753141 -69.4078 59.8712 25.7661
16.8896 3.29682 -2.27886 -83.8066 78.9719 -96.216
17.2363 -0.634492 -0.149943 -51.2585 139.979 5.30425
17.4101 -8.6813 0.13123 -48.4969 92.6199 -12.4991
17.3235 -4.40242 1.52551 -60.175 68.7713 20.1408
17.2953 -1.85206 -0.770139 -64.5003 89.3333 -21.9274
17.1235 -0.169102 2.43293 -83.5321 -11.8495 -57.3267
17.0355 7.67129 -1.63854 -93.4421 6.05606 -60.9689
16.8298 8.24726 0.847052 -114.207 88.6677 -61.8135
17.287 1.78368 -0.589773 -71.6655 108.743 -85.1187
17.269 2.63341 0.0596295 -80.2574 95.7611 -12.942
17.501 -3.22705 2.75439 -57.5418 96.9297 86.1637
17.1132 7.84389 0.462144 -96.6598 23.4891 9.68056
17.3351 3.49106 -1.11066 -83.9668 91.8453 -6.27701
17.8354 -5.92957 -0.35785 -35.1588 126.224 -49.7255
17.3663 2.8512 -0.307238 -83.8666 57.5324 -8.78682
17.5329 -1.4126 -5.25308 -76.6777 73.7001 -111.096
17.3407 3.26866 -0.986101 -99.6294 28.3955 -76.4074
17.2093 -6.31312 1.94743 -116.164 48.2442 43.4711
17.7996 -8.01397 1.34424 -63.4453 70.2029 58.4559
18.0944 -6.94086 1.91389 -42.0519 113.561 83.6924
17.502 6.55857 -0.5941 -104.08 52.6351 -18.2067
17.9531 -1.6664 1.97851 -62.581 103.169 100.19
17.7685 2.78954 2.78766 -81.4809 97.7046 23.1036
17.9096 2.85893 -0.563407 -68.3442 62.0177 68.8165
17.6622 4.73775 1.56686 -97.2977 67.8818 57.216
18.1973 -6.63752 1.68502 -46.7788 107.902 39.6039
17.9514 3.8536 0.977918 -71.8661 55.6679 15.5033
17.7701 7.69851 -2.66916 -92.5633 -5.19445 -106.175
18.0077 -5.66302 0.171181 -72.7817 79.7013 -27.4779
18.3745 -3.67238 1.53527 -39.9577 137.86 55.125
17.6675 7.66198 -0.353213 -118.887 95.5094 -7.33544
18.1305 0.0926506 1.72715 -77.9168 81.9714 68.3411
18.3865 -3.16897 1.1684 -56.5551 110.513 14.2869
18.3315 -9.67917 0.80453 -62.3983 80.2763 16.0944
18.1518 1.54866 -2.59929 -81.9084 28.4919 -91.6829
18.3876 -1.78717 -0.186117 -61.8711 101.645 4.60559
18.0982 2.39864 0.521573 -92.6769 119.326 -67.7775
18.5875 -1.50302 0.312216 -49.7579 150.045 35.2656
18.481 0.325925 -0.935876 -69.3296 105.092 -36.9685
18.9831 -4.79911 1.28526 -25.1198 122.036 11.127
18.7247 -3.33932 0.285936 -59.7249 108.196 -25.5717
18.7783 -5.31809 0.524727 -55.1618 101.2 -21.7281
18.6925 -3.96877 -1.27433 -66.5997 81.8924 -94.8995
19.3547 -1.53428 -1.92093 -36.1142 69.3752 98.8816
18.8765 -3.95348 -0.933125 -86.0271 -40.4646 -63.1317
18.9697 0.251032 0.321865 -78.5574 92.3268 5.7613
18.9007 -11.5966 3.62805 -94.0298 176.77 -207.46
19.0917 -1.18955 -2.38164 -75.9138 81.877 5.11305
19.0282 2.34581 -0.392561 -88.3174 61.7456 7.23384
19.2077 1.85105 -5.61367 -84.3792 74.7516 10.737
19.2818 0.487038 0.376776 -81.7019 104.278 8.03605
19.2551 3.22064 -1.11619 -88.5703 -3.87509 -15.6861
19.5146 2.61337 0.0307206 -89.9756 92.1795 -16.2353
19.9495 -4.07986 0.699628 -68.3078 93.4998 -9.95414
20.8256 -1.27905 0.649147 -91.8649 33.0126 19.3715
20.6782 14.8397 13.6097 -131.576 13.1326 -88.2401
nan nan nan nan nan nan
18.6703 -0.228021 -2.34386 -79.8165 70.0521 -112.174
18.9186 -0.0493335 2.50105 -76.5385 78.6474 102.302
