-174.366 51.2177 -21.5304 -5.51609 1.58886 -0.906039 0.211011 256
-135.357 -108.152 51.4486 -4.22868 -3.42609 1.61836 0.201424 182
-129.59 75.1941 151.659 -4.05569 2.40051 4.84839 0.285679 205
-123.549 -4.80811 -71.0537 -3.95053 -0.262087 -2.37048 0.133004 363
-113.776 -1.67465 9.01566 -3.73017 -0.200492 0.394029 0.0880755 234
-99.141 -67.1169 -41.3408 -5.71645 -3.37583 -2.35491 0.310024 243
-97.8722 -75.4378 -10.1144 -5.70137 -4.30225 -0.450689 0.320012 355
-90.0903 96.2987 173.823 -2.99185 3.16027 5.59437 0.313914 316
-89.4979 -103.478 16.4536 -5.2209 -5.35733 0.667295 0.352435 314
-88.6579 125.987 161.162 -2.78381 4.07672 5.18337 0.320172 29
-83.8851 -171.436 -71.3224 -4.91764 -9.94409 -4.06109 0.872192 134
-73.1765 -190.011 86.1831 -4.22871 -10.6772 5.02473 0.98202 453
-71.125 -19.2462 -1.70851 -2.14638 -0.674755 -0.102488 0.0315352 34
-67.9951 20.8017 -2.86335 -1.8075 0.655114 -0.205657 0.0231902 238
-67.7168 20.9586 -2.73718 -1.9128 0.609363 0.0842008 0.0250565 24
-67.4744 20.0343 -2.62191 -2.0391 0.56789 0.0169893 0.0278271 21
-62.1945 60.8467 -5.60727 -1.90981 1.9435 -0.333901 0.046957 5
-60.4528 -11.3477 14.704 -1.75469 -0.500846 0.314223 0.0212306 224
-44.1539 -87.0928 282.569 -2.32262 -4.38577 14.2685 1.42633 54
-42.1634 -116.653 -27.0619 -2.52759 -6.60778 -1.67502 0.330258 409
-36.0547 27.3593 1.44789 -0.914528 0.869942 0.10972 0.00975645 422
-33.2027 -19.341 -3.79224 -0.859675 -0.600195 -0.264326 0.00698341 35
-33.0508 -73.8275 250.46 -1.79736 -3.79879 12.8379 1.1404 45
-30.0295 -103.677 75.2706 -1.55794 -5.47611 4.30448 0.318302 435
-28.2861 -25.3787 39.0442 -0.939609 -0.815226 1.22665 0.0188464 468
-28.0154 -11.2259 22.8911 -0.734861 -0.236426 0.559731 0.00535261 255
-27.8119 -24.5768 -19.7603 -0.66904 -0.817218 -0.802634 0.0107007 156
-25.94 -62.8408 -15.9894 -1.51259 -3.315 -1.02632 0.0893867 279
-22.7766 -106.848 95.3915 -1.07862 -5.56405 5.50472 0.390064 109
-20.8063 -9.56285 -36.7206 -1.03164 -0.344432 -1.61788 0.023464 358
-18.8966 -5.09403 7.66516 -0.291705 -0.120312 0.138403 0.000147304 302
-18.6528 12.6056 30.3945 -0.459103 0.366624 0.7881 0.00570883 95
-18.1419 -38.8838 19.3361 -0.443531 -1.24488 0.528548 0.0123957 307
-17.2033 52.674 -47.2992 -0.56574 1.57062 -1.39986 0.0294943 359
-17.1704 7.99171 4.79983 -0.0584413 0.304085 0.150975 0.000101947 53
-17.1038 1.76031 -4.20046 -0.221105 -0.242067 0.0727724 -1.34832e-06 184
-17.0652 -2.35253 0.447307 -0.0592089 -0.287662 -0.0387234 -0.000176909 88
-16.5303 -10.1113 8.78442 0.0296587 -0.279982 -0.0606536 -6.90958e-05 196
-16.2993 -8.10431 -5.68067 0.0794206 -0.194034 0.0287755 -0.000375617 178
-15.938 12.1149 5.70325 -0.212247 -0.149488 -0.0352493 -0.000171505 175
-15.4481 -8.29402 -8.18318 -0.272634 -0.130056 -0.245117 0.000299773 188
-15.4458 -3.62096 -1.20517 -0.215942 -0.0860156 -0.139973 -0.00032552 334
-15.3945 -8.24278 -7.22705 -0.259854 -0.303173 -0.236527 0.000684724 397
-15.2744 7.3185 -1.55556 -0.28289 -0.175789 0.0278902 -3.67615e-05 315
-15.0506 -2.07528 -5.22898 -0.252117 -0.0800102 -0.297712 0.00021327 262
-14.9596 -9.2515 -5.02175 0.122844 -0.194748 0.0451011 -0.000339287 50
-14.7461 -8.85663 -7.26907 -0.237891 -0.280199 -0.233315 0.000515249 328
-14.4498 4.74296 -2.67474 -0.196144 -0.208884 0.0917763 -0.000243695 454
-14.3145 4.117 5.72849 -0.216368 -0.183671 -0.117193 -0.000194008 137
-14.0166 -8.20115 -7.07442 -0.261851 -0.339252 0.0557456 0.000461611 9
-13.8719 0.101056 -8.26314 -0.191127 -0.163581 0.14702 -0.000243502 64
-13.503 2.33517 7.02554 -0.0382429 -0.209669 -0.0964011 -0.000469736 180
-13.4321 8.14488 4.86838 -0.148986 -0.188221 -0.064851 -0.000373641 395
-13.1654 -25.843 -34.6655 -0.650213 -1.25679 -1.66546 0.0295738 87
-13.1424 2.60322 -13.8437 -1.41143 0.43549 -0.616788 0.015365 277
-12.7404 11.121 0.693023 -0.301067 -0.122828 -0.00993216 -7.71125e-05 227
-12.5968 6.51036 -2.89635 0.123664 -0.102864 0.0326722 -0.000695326 200
-12.4105 -8.30328 -0.226298 0.0104515 -0.323257 -0.0206375 -0.000180594 491
-12.3457 -8.52194 -10.6024 -0.0606726 -0.193964 -0.402243 0.000588931 26
-12.056 -4.98697 5.6441 -0.0735947 -0.220173 -0.183806 -0.000331359 43
-11.779 -46.8486 111.056 -0.442185 -1.70104 4.04124 0.121276 69
-11.7465 1.48972 -2.94585 -0.139925 -0.228435 0.0717779 -0.000543751 164
-11.6439 3.26243 -0.356995 -0.204908 -0.234935 -0.0708527 -0.000394506 138
-11.5535 13.4593 -10.6427 -0.691872 0.540873 -0.525616 0.00594262 163
-11.5503 0.645585 6.3118 0.0900433 -0.170132 -0.100148 -0.000654273 60
-11.5211 -4.13129 -7.35782 -0.0507474 -0.206778 0.164982 -0.000421854 265
-11.5009 5.79369 3.64993 0.137968 -0.108206 -0.0492301 -0.000726583 296
-11.4049 -12.8973 -30.6152 -0.263135 -0.463303 -0.758312 0.00501241 481
-11.1256 -1.77481 3.66575 0.0722656 -0.236558 -0.10454 -0.000604368 267
-11.0064 -13.2241 -31.0801 -1.00149 -0.333824 -1.4843 0.0203831 445
-10.9974 11.691 7.17685 -0.2821 -0.0247216 -0.101112 -0.000145853 298
-10.857 -13.8992 -30.7381 -0.593876 -0.381706 -1.75628 0.0220405 183
-10.8018 -0.948986 -1.104 -0.0926592 -0.24504 -0.0776975 -0.000680173 237
-10.7562 11.2395 2.33949 -0.246307 -0.141088 -0.0373192 -0.000282273 378
-10.6558 9.29552 3.76215 -0.252346 -0.0995302 -0.110324 -0.000318296 165
-10.2204 -39.8454 206.515 -1.05424 -1.74101 10.4647 0.710273 244
-10.2181 -8.6146 -0.751254 -0.0591934 -0.266154 -0.265048 -3.01076e-05 301
-10.1102 -9.26233 -8.45415 0.147164 -0.0682943 0.0802943 -0.000571191 341
-10.0336 -5.67831 -3.79864 -0.207536 -0.16373 0.156195 -0.000440551 91
-9.90329 -4.59851 3.32738 0.0118746 -0.177648 -0.199908 -0.000647196 352
-9.88108 2.78156 -0.49766 -0.1368 -0.254145 -0.0985944 -0.000634882 46
-9.76057 15.5838 1.57689 -0.304152 0.364641 -0.0571593 0.000752316 85
-9.63182 -11.294 -3.6011 0.160817 -0.225263 0.0782732 -0.000301307 322
-9.62948 -4.25143 -3.18501 0.207601 -0.138743 0.0833646 -0.000703508 22
-9.3643 4.06787 -0.95781 0.137765 -0.222543 -0.0314341 -0.000784645 342
-9.07166 9.16595 -0.00766409 -0.231823 -0.0159131 0.216229 -0.000339595 499
-8.74332 0.639826 9.39841 0.0449948 -0.141044 -0.154877 -0.000685672 482
-8.65124 14.1945 8.07579 -0.303731 0.0452047 -0.105518 -1.74336e-05 326
-8.64194 -9.12977 -0.0702596 0.202162 -0.192726 -0.00508702 -0.000506575 295
-8.60682 -11.907 4.2622 0.182371 -0.239799 -0.00375403 -0.000249762 350
-8.47467 -4.87976 -2.11748 0.261136 -0.0210239 0.0624682 -0.000795924 11
-8.44871 -11.0133 3.81517 0.225788 -0.20674 0.0340092 -0.000275339 63
-8.33236 5.65597 -3.10172 -0.0636581 -0.25999 0.105424 -0.000668983 339
-8.29626 1.81208 -9.20101 -0.100401 -0.100983 0.202612 -0.000615029 151
-7.92232 0.33435 -1.30845 0.0758431 -0.281916 0.0480686 -0.00100826 471
-7.89945 4.98245 6.78678 -0.128561 -0.128148 -0.20041 -0.00062576 111
-7.84928 17.1501 6.24556 -0.38118 0.203535 0.105992 0.000608095 143
-7.4824 0.193809 -0.124264 0.138068 -0.239012 0.0778363 -0.00115575 152
-7.42021 7.0083 -5.45787 -0.077789 -0.0226634 0.00950079 -0.00103839 375
-7.37071 -14.2319 -24.5891 -0.840275 -1.99141 -2.87282 0.0803546 210
-7.34303 16.5707 5.73422 -0.07187 0.380524 0.211332 0.000558867 427
-7.33971 -5.17559 -3.03523 -0.0725467 -0.164849 0.10107 -0.00105198 216
-7.28341 -4.00215 -11.7685 0.0623897 -0.101217 0.146035 -0.000645987 386
-7.27116 -17.8195 -28.1021 -0.445295 -0.93383 -1.20454 0.0153907 414
-6.90179 -9.48453 -6.14812 0.188457 -0.244125 -0.0219743 -0.000346384 391
-6.8928 15.8081 5.28584 -0.0681532 0.420942 0.146327 0.000577301 129
-6.87907 -1.29149 9.31885 -0.0247267 -0.113223 -0.215815 -0.00069749 218
-6.62908 -4.55988 -6.10607 0.200509 0.0185023 0.0035227 -0.000984065 336
-6.48453 16.1207 2.73432 -0.140759 0.346495 0.0432157 0.000175234 372
-6.39012 14.7929 -9.13226 -0.124903 0.171076 -0.301368 0.000173192 475
-6.31512 1.23268 -4.06328 0.217867 -0.184942 0.197586 -0.00088816 264
-6.2579 6.21806 1.23532 -0.219431 -0.158283 -0.139157 -0.000824689 303
-6.21399 2.95042 -0.660766 -0.0168682 -0.368143 0.154805 -0.000810221 299
-6.18935 8.13309 0.594201 -0.187387 -0.126471 -0.12481 -0.0008042 387
-6.07619 2.97303 -4.67282 0.0601451 -0.262032 0.138362 -0.000949 399
-6.07229 11.7158 -4.22154 -0.224878 0.0641524 -0.249091 -0.000172642 357
-5.89672 2.70584 0.78719 0.0541563 -0.358863 -0.0282294 -0.00108443 450
-5.87317 -9.40593 4.21629 0.191329 -0.126795 -0.142292 -0.000597834 186
-5.76111 7.12106 0.186022 -0.29244 -0.17216 -0.122441 -0.000550945 325
-5.71875 -7.90096 1.06149 0.221154 -0.158582 0.0737124 -0.000777261 77
-5.54083 7.45248 -1.08894 -0.126708 -0.146603 -0.162049 -0.000938077 153
-5.54058 4.64967 0.222066 -0.172274 -0.276591 -0.144531 -0.000933169 447
-5.4818 -6.99314 -0.350339 0.197273 -0.0190991 0.0381332 -0.00115108 495
-5.46614 -2.97731 0.78024 0.311135 -0.262337 0.0881744 -0.000908879 390
-5.42931 -1.97151 -34.2306 -0.30635 -0.241903 -4.06593 0.103916 252
-5.42991 -10.9919 -26.1407 -0.689595 -1.53573 -3.1749 0.0802797 198
-5.42861 9.71374 -7.40902 -0.208358 0.0174403 0.173292 -0.000474106 440
-5.39301 2.46153 14.4897 -0.0957473 0.0814562 0.334371 -8.96609e-07 116
-5.35779 -11.4485 -9.68398 -0.0932039 -0.435145 0.321738 0.0010997 369
-5.19996 7.83524 7.09742 -0.155426 -0.0348217 -0.208981 -0.000629466 476
-5.18817 10.1828 7.63359 -0.178658 -0.0503084 -0.153647 -0.000546677 270
-5.06538 -4.37382 1.13354 0.168094 0.0524617 -0.284705 -0.00114115 331
-5.00664 -1.09657 0.109753 0.196763 -0.457269 -0.209473 -0.000615255 232
-4.84934 1.65373 0.807441 -0.111403 -0.502289 0.0688725 -0.000725911 306
-4.67964 2.62855 -0.979351 0.104117 -0.368958 -0.172993 -0.00118547 197
-4.64196 -13.5962 -11.9663 0.138823 -0.189791 0.10256 -0.00025722 124
-4.63247 -6.0978 -28.3154 -0.439278 -0.5533 -2.14449 0.0314361 487
-4.6255 1.55079 1.94781 0.134829 -0.232845 -0.0654601 -0.00190033 494
-4.57665 -2.31043 -6.7053 0.0282416 -0.0721114 0.313483 -0.000829245 96
-4.53329 3.59979 15.9209 -0.112258 0.229269 0.548422 0.0015492 441
-4.52554 -0.481695 1.43777 0.0911348 -0.506029 -0.0731393 -0.000933247 145
-4.523 22.6826 3.2371 -0.132173 0.473262 0.228356 0.00129973 44
-4.4716 0.828523 -1.5824 0.080498 -0.215285 0.260108 -0.00184295 187
-4.29517 8.87541 -0.14233 -0.276017 -0.158032 -0.166219 -0.000462677 208
-4.25801 21.721 3.1666 -0.131309 0.480677 0.130255 0.00109883 189
-4.1267 -5.88967 -7.32634 -1.34277 -1.81342 -1.18682 0.0394078 419
-4.03447 -4.50735 0.504822 0.384589 -0.21626 0.102054 -0.000777397 148
-4.01025 -0.111317 0.665049 0.125943 -0.460236 -0.0280414 -0.00164595 7
-3.95192 -6.9997 -8.09079 -0.275881 -2.49937 -1.34797 0.0497788 121
-3.93206 -0.0129753 -1.57071 0.0509483 -0.235423 0.201357 -0.00233613 41
-3.91177 7.36488 0.806391 -0.108678 -0.150723 0.063443 -0.00125102 431
-3.90754 3.93364 -3.74562 -0.0355913 -0.229369 0.320903 -0.000887782 434
-3.85046 -6.17241 -28.3478 -0.324668 0.328458 -1.44584 0.0139713 381
-3.82239 4.68867 2.56075 0.204833 -0.299283 -0.154902 -0.000930867 272
-3.81833 -4.99419 -7.08343 -0.899766 -1.66554 -2.28631 0.0537478 472
-3.80682 -1.34468 -1.51105 0.0536498 -0.453898 -0.0372003 -0.00158539 119
-3.8038 1.83497 -1.26011 -0.218304 -0.464336 -0.0608037 -0.00116772 401
-3.73616 21.477 3.2121 -0.121945 0.485799 0.0504376 0.00101656 485
-3.73443 -2.40451 2.22851 0.24996 -0.184044 0.00335737 -0.00191317 233
-3.68676 -6.64238 -8.12862 -0.755863 -2.11974 -1.14537 0.0387298 222
-3.62859 10.787 6.07609 -0.208428 0.0340495 -0.188592 -0.000467836 42
-3.59145 -6.3117 -7.51165 -0.76024 -0.784476 -1.8562 0.0277963 20
-3.563 -15.3303 7.97356 0.0403451 0.0997755 -0.0542066 -0.000617722 490
-3.55236 -2.29986 -0.70007 0.173452 -0.388065 -0.382559 -0.000870232 442
-3.55112 -5.40782 -28.8087 0.187996 0.193098 -1.33798 0.0112193 23
-3.5499 6.73201 -0.183244 -0.279652 -0.222583 -0.0315086 -0.000837333 452
-3.53972 2.0145 1.9024 -0.522718 0.153625 0.00586788 -0.000925302 261
-3.52649 2.57515 0.0884553 -0.15762 -0.445765 -0.0561832 -0.00144511 425
-3.51365 0.525334 -2.29758 -0.314866 -0.518456 -0.219878 -0.000352675 240
-3.45748 -1.24081 -3.03254 0.22786 -0.349025 0.291378 -0.00100767 285
-3.39025 2.0278 0.913763 -0.255839 -0.326077 0.0394147 -0.00199949 335
-3.37003 3.01248 -2.00423 -0.233365 -0.442407 0.0284298 -0.000959317 398
-3.34925 0.000620246 -0.0766967 0.0934596 -0.46093 -0.0571672 -0.00232833 71
-3.3096 3.53338 -0.999854 -0.158283 -0.548067 -0.082847 -0.000451744 356
-3.30931 -1.35235 -0.644409 -0.321844 -0.292867 0.179981 -0.00205516 110
-3.29111 33.7036 -5.17266 -0.0650115 1.05203 -0.355394 0.00736818 155
-3.27445 1.25847 -0.627353 -0.0875748 -0.436297 -0.0987135 -0.00220912 72
-3.26605 -14.0027 6.97204 0.156914 -0.20009 -0.13468 -0.00026476 176
-3.23155 -0.525576 -1.19821 0.0142677 -0.576293 -0.196679 -0.00126663 276
-3.21404 17.6647 -35.765 -0.199943 1.72824 -2.09588 0.0460596 102
-3.15097 -2.26398 -4.15111 -0.188059 -0.237165 -0.64819 0.00099862 377
-3.10567 -5.05757 -4.09286 0.000569203 -0.310546 -0.279256 -0.0006437 498
-3.05947 -15.4944 -28.6521 0.250559 -0.554352 -1.3629 0.0135403 65
-3.04803 -16.271 -0.541814 0.15174 -0.236959 -0.179264 -5.90111e-05 33
-3.03898 -4.42938 -6.48564 -1.04233 -0.589348 -2.00475 0.0325958 112
-3.01051 4.85529 1.03758 -0.496405 -0.216006 -0.0741478 -0.000286731 219
-2.98187 -5.39491 -6.33622 0.0483804 -0.359451 -0.92201 0.00472126 191
-2.96242 -2.90804 2.61692 0.287441 -0.268287 -0.118358 -0.00149346 340
-2.94033 2.77086 2.22875 -0.333386 -0.338155 0.252315 -0.000901815 286
-2.90945 0.854161 -3.01885 -0.378577 0.167328 0.0387922 -0.00184125 56
-2.90156 -12.6106 8.78807 0.0434686 0.0401782 -0.0402716 -0.00076709 327
-2.85371 10.4846 -3.38361 -0.209684 -0.1902 0.0591901 -0.000575559 348
-2.84424 2.86237 -0.583028 -0.126836 -0.506549 -0.0509982 -0.00134541 98
-2.83571 -5.38694 -2.34489 0.327577 0.0176032 0.0123238 -0.00124253 364
-2.79554 59.2771 180.296 0.0594884 1.84379 5.74229 0.22729 25
-2.78151 2.40351 -1.46928 -0.205697 -0.507391 -0.0561361 -0.00126431 486
-2.76881 -5.28591 -5.83918 -0.679892 1.3761 -0.983958 0.0192783 444
-2.71472 5.84318 -0.06625 -0.275303 -0.270006 -0.0260656 -0.00100639 139
-2.65012 -43.7319 202.302 -0.477152 -1.78586 9.97278 0.642898 323
-2.64397 0.379332 -6.94749 -0.160734 -0.321197 -0.0461204 -0.00085981 384
-2.56293 -4.46682 2.697 0.109757 0.182373 -0.361889 -0.00104854 333
-2.52066 -1.15694 -0.062998 -0.114617 -0.256499 -0.112777 -0.003933 310
-2.49528 -0.187585 -1.50272 0.0629367 -0.557513 -0.0581065 -0.002294 92
-2.48075 -0.258015 -0.49739 0.119868 -0.270212 -0.120064 -0.00427875 220
-2.45683 -15.4472 5.12133 0.234919 -0.13192 -0.0754777 -0.0002702 484
-2.44627 -7.95075 -0.533057 0.302357 0.069614 -0.0464714 -0.000884427 253
-2.43542 2.77194 41.3292 -0.148649 0.0871297 1.4332 0.0127222 169
-2.39652 -1.31445 0.916667 0.509282 -0.00582661 -0.15117 -0.00257176 36
-2.35536 -4.16007 -0.791664 0.387415 0.185625 -0.0598859 -0.00140378 392
-2.34006 -1.0845 -5.08839 0.183317 0.0822415 0.396621 -0.000955692 8
-2.31015 -2.23636 0.539287 0.558609 -0.00785471 -0.134903 -0.00176971 48
-2.27438 12.4099 1.79942 -0.203914 0.067309 -0.118051 -0.000605539 497
-2.23473 -4.67559 -1.61375 0.542295 0.18541 -0.0371253 -0.000241534 304
-2.20151 -13.6226 -2.33859 0.20831 -0.149021 0.0470401 -0.000469276 201
-2.19487 2.31448 -4.15256 -0.336186 -0.166008 0.171199 -0.00132541 179
-2.17791 2.19446 -0.493245 -0.0738197 -0.451394 -0.0336415 -0.00267791 27
-2.15159 1.72381 -2.91172 0.286112 -0.277789 0.42435 -0.00099794 32
-2.12597 -5.98891 -2.30518 0.27798 -0.0431785 -0.0225538 -0.00135126 113
-2.08464 -4.28956 -0.704157 0.361803 0.128341 -0.0653762 -0.00164504 311
-2.04231 -3.25035 3.10256 0.426985 -0.0943687 -0.274332 -0.000867046 457
-1.95634 0.81812 -37.8353 -0.233813 0.145523 -4.30013 0.115713 67
-1.94847 -18.3106 -25.8763 0.50145 -1.07781 -1.07363 0.0156427 449
-1.92345 6.35056 0.953133 -0.234881 -0.323386 -0.0977703 -0.000806514 488
-1.90858 1.69902 1.75163 -0.274726 -0.615317 0.299954 -0.000634489 282
-1.84366 0.845359 -0.730714 -0.417651 -0.575958 0.183664 -0.00242387 93
-1.81959 -12.984 7.27977 0.146831 -0.15096 -0.220595 -0.000252223 248
-1.72823 -6.78313 0.859456 0.374243 0.117473 -0.0225031 -0.00080767 500
-1.71871 4.49356 0.768981 -0.154565 -0.190151 0.0920306 -0.0021374 84
-1.70495 -3.35206 1.57452 0.397755 -0.034917 0.274118 -0.00159989 374
-1.59727 -4.59835 -0.0837747 0.227657 0.165568 0.120355 -0.00198169 226
-1.5968 -5.21384 -2.1643 0.360739 -0.111476 0.0425605 -0.00122835 247
-1.58773 -2.99055 0.759973 0.401241 -0.219568 0.192604 -0.00206279 133
-1.58621 3.58878 -9.33731 -0.059912 -0.0405812 0.25021 -0.000810167 4
-1.56183 -16.4479 1.25271 0.241057 -0.176529 -0.0264914 -0.000192076 245
-1.43538 3.60916 0.0865498 -0.353297 -0.4471 0.126442 -0.00108804 82
-1.41907 2.6495 13.2889 0.0597252 -0.122709 0.373253 6.96812e-05 30
-1.30632 0.0192963 -1.58662 -0.737477 -0.621165 -0.337443 0.00044054 126
-1.30011 -3.97239 -0.264945 0.340179 0.0797903 0.00833428 -0.00222115 266
-1.24831 1.64068 -0.00531429 -0.318882 -0.515954 -0.316297 -0.00313868 38
-1.23301 -2.5448 -0.0612856 0.422868 -0.290387 0.163496 -0.00260768 68
-1.19763 -3.0408 0.893021 0.414257 -0.313926 0.119075 -0.00191243 31
-1.07718 -5.82483 -4.77365 0.17555 0.0732297 0.0376894 -0.00140807 347
-1.03713 -0.828303 -1.09806 0.597019 -0.731826 -0.560513 0.000282261 366
-1.02005 -9.10019 0.217901 0.311278 -0.00244267 -0.0176268 -0.000757094 338
-1.01933 2.59478 -1.02253 -0.023338 -0.643753 0.309424 -0.00101766 141
-0.988399 -10.4147 0.179215 0.241 -0.0904855 0.036336 -0.00077225 288
-0.988126 14.9537 -2.82354 -0.294768 0.151338 0.057971 -0.000112473 37
-0.979552 1.48244 3.97496 -0.0108056 -0.14828 -0.528361 -0.000987982 120
-0.865254 -2.30924 1.8033 0.341877 0.224391 -0.547527 -0.00117277 379
-0.840327 0.440528 -0.782583 -0.525248 -0.289549 -0.416522 -0.00683084 405
-0.777551 1.14774 -2.44471 -0.486049 -0.477615 0.00430205 -0.00154536 55
-0.678524 -3.26864 1.61381 0.443984 0.0909232 0.225849 -0.00176867 446
-0.675011 -0.0712296 0.0338993 0.935116 -0.324008 -0.25756 -0.0118571 319
-0.592569 -5.32252 -2.79309 0.398102 0.0774886 -0.0835193 -0.000997875 353
-0.483256 -0.792284 0.582068 0.361751 -0.202745 0.0745579 -0.0103011 407
-0.43387 -14.4832 -13.3098 0.0800047 0.0552829 0.0658064 -0.000549156 332
-0.349011 7.48549 1.71456 -0.279573 0.0902918 0.0885225 -0.00103763 228
-0.328858 -16.6533 1.75024 0.352424 -0.32373 -0.0293031 0.000690293 150
-0.281588 0.664294 -0.223753 -0.111125 0.137134 -1.15046 -0.00808037 309
-0.227404 -0.365193 -0.841177 0.0463378 -0.0456916 -0.057762 -0.0131829 464
-0.22701 -1.75424 0.491016 0.264056 0.198478 -0.478002 -0.00469918 393
-0.222644 7.6355 -0.723427 -0.0951306 0.442769 0.0815246 -0.000305727 127
-0.197038 -12.6124 -2.02349 0.13162 0.158758 0.030697 -0.000706771 215
-0.186366 -1.94741 -8.36369 0.0220202 0.22423 -0.148226 -0.00100068 159
-0.161852 -1.30222 -0.50123 0.236246 -0.0493712 -0.105978 -0.0084644 470
-0.126583 5.73792 -0.241918 -0.251467 -0.0564151 0.00463238 -0.00176078 373
-0.0147102 8.7186 3.24883 -0.0117082 -0.261827 -0.0980045 -0.000854127 321
-0.00893027 14.4911 -3.42225 -0.081047 0.250216 -0.197784 -0.000162658 439
0.00775516 0.620447 0.733814 -0.73227 0.389212 -0.216211 -0.00841712 382
0.0111727 1.39004 1.37148 0.123989 0.401568 -0.246865 -0.00491636 62
0.0566059 -0.09608 0.038777 0.937446 1.01378 -0.766423 -0.0902932 170
0.120186 -4.17225 1.95125 0.136395 0.236441 -0.433711 -0.00107161 2
0.192565 -2.86624 0.410086 0.316644 0.458075 -0.498482 -0.000816497 144
0.283986 38.7228 161.689 0.149554 1.11481 5.12836 0.172207 496
0.326056 1.77215 -0.71117 -0.813269 -0.287249 -0.107899 -0.00173049 324
0.471806 0.334879 -0.520403 -0.309875 0.419977 -2.05868 0.0121278 479
0.5469 -1.46802 1.15035 0.249194 0.0503425 0.0805533 -0.00598693 204
0.584958 -0.632722 0.596476 -0.19652 0.210148 -0.317334 -0.0107807 49
0.605234 8.79663 9.61648 -0.12466 -0.0710424 -0.147282 -0.000693831 284
0.649847 -9.20634 -11.5858 0.0797197 -0.142324 0.171653 -0.000493407 214
0.703803 -2.10424 0.39513 0.376602 0.423789 -0.207754 -0.00326768 70
0.727028 -0.251677 -1.75033 -0.320393 0.17194 0.863628 -0.00104989 360
0.759278 -1.32052 -0.108137 0.314807 0.326772 -0.365834 -0.00606231 290
0.773619 5.06438 -18.0639 -0.0143763 -0.0800979 -0.284659 -0.000117899 39
0.784818 -7.14631 -0.706445 0.300269 0.169815 -0.0609931 -0.000963376 412
0.784992 -2.26096 -0.588825 0.229988 0.482556 -0.229171 -0.00295734 83
0.794446 4.04034 -0.255827 -0.403511 -0.226724 -0.344979 -0.000947107 74
0.897269 12.7263 1.11978 -0.246464 0.00535602 -0.0973895 -0.000536923 344
1.05269 -0.478539 -0.559489 -0.0268653 0.472148 -0.31639 -0.00770727 172
1.09988 2.21605 -5.55807 -0.126098 -0.0748687 0.395826 -0.000940982 293
1.16646 -50.7086 204.074 0.425492 -2.92312 10.4204 0.733125 371
1.17 -4.81366 1.14615 0.220953 0.327544 0.0654284 -0.00145595 402
1.24425 0.0727806 0.257505 -0.214353 0.65512 -0.371881 -0.00598776 13
1.25505 9.92263 -2.93897 -0.271276 -0.0512365 0.0886831 -0.000673588 376
1.2575 25.1871 7.43595 -0.0979722 -0.0454038 -0.0179147 -0.00040055 365
1.36043 -8.40574 -0.982863 0.333486 0.0734438 -0.00274855 -0.000729452 231
1.37817 -3.82927 -0.417269 0.400961 0.208434 0.0431357 -0.00176747 146
1.43339 0.602799 -0.568574 -0.344252 0.904728 -0.230837 -0.00136024 51
1.62463 -4.38765 -9.08182 0.0588727 0.0439698 -0.0204567 -0.00118719 217
1.63764 -5.16212 -3.05385 0.0951174 0.123296 -0.393482 -0.000891271 211
1.68691 9.49327 -8.19965 0.0451234 0.0215578 0.0695109 -0.000941759 108
1.72982 9.78635 -1.3761 -0.195115 0.354538 -0.117987 -0.000135355 489
1.77148 25.5343 -62.0089 0.326464 1.40916 -3.31304 0.081492 89
1.80751 3.58236 -0.265952 -0.504404 -0.0189142 0.174282 -0.0013262 474
1.88386 0.985443 9.28064 -0.0263892 0.0360719 -0.272087 -0.000837701 250
1.89371 26.2636 -62.6698 -0.397465 1.13625 -3.7512 0.0968195 477
1.95702 -1.32529 3.50824 0.197137 -0.0732222 -0.26975 -0.0022238 158
2.03945 26.7565 -63.4098 -0.0551735 2.16674 -2.99945 0.0854091 136
2.10413 -5.01887 2.30221 0.301318 0.340354 0.0700325 -0.000793295 437
2.11425 2.68653 -2.44073 -0.46548 -0.0218776 0.179678 -0.00141684 213
2.12079 13.4234 1.82034 -0.174849 0.150414 -0.0886875 -0.000530022 185
2.15213 10.6701 -2.15106 -0.266068 0.0542077 0.113768 -0.00058487 433
2.17216 0.423202 -1.2173 -0.0432048 0.240369 0.300185 -0.00401313 469
2.1813 -4.93328 1.02408 0.276607 0.416594 0.0938142 -0.000658822 225
2.18341 -2.37798 -1.07731 0.365241 0.482282 -0.408566 -0.000342097 99
2.19236 -4.45468 -0.457062 0.429243 0.183072 -0.0950222 -0.00108959 57
2.39834 10.0883 12.1766 -0.140523 0.053956 -0.119601 -0.000550549 241
2.42329 28.9247 14.0174 -0.0844535 1.21568 0.663947 0.0116487 280
2.52347 2.00311 -4.94987 -0.369726 0.0221038 0.0364732 -0.00125074 242
2.64436 -4.52053 -2.48011 -0.164453 0.360343 0.189246 -0.000952723 305
2.67981 0.165985 2.48555 -0.326472 0.323384 0.17143 -0.00191298 396
2.76931 16.3506 -0.458818 -0.252375 0.200199 0.0149218 -0.000103503 140
2.78657 4.74464 -3.11432 -0.329599 -0.0756204 0.269696 -0.000807716 275
2.85657 1.86262 -0.359106 -0.253588 0.404386 0.096748 -0.00216287 273
2.88806 0.944013 -0.752917 -0.0128199 0.440395 0.0286598 -0.00277486 283
2.92078 -1.98131 -7.82489 0.18836 0.246128 0.0294313 -0.000850413 14
2.97093 -8.62809 -3.58982 0.0948099 0.0892329 0.235769 -0.000821368 260
3.03705 1.89174 1.23509 -0.377334 0.257516 -0.0259119 -0.00199378 79
3.0545 -0.307724 -0.32033 -0.294974 0.464513 -0.275734 -0.00168216 19
3.09779 -11.8943 -7.41378 0.0516042 -0.256502 -0.065251 -0.00041638 297
3.39558 8.447 -1.01531 -0.115113 0.25519 0.115112 -0.000791923 78
3.41853 -4.95451 -1.13726 0.332174 -0.333529 -0.112852 -0.000576034 368
3.64186 0.54388 -1.27383 0.386846 0.646881 0.447773 0.00159566 312
3.675 -2.82554 -1.10265 -0.00593318 0.331136 -0.292107 -0.00140447 149
3.74824 28.638 -64.1096 0.431731 1.94476 -3.39242 0.0965535 117
3.75621 3.05749 2.6428 -0.331624 0.288994 0.0970763 -0.000997336 418
3.77852 5.75327 -0.847688 -0.282981 0.0935521 -0.163784 -0.00107957 194
3.78202 5.21049 6.77456 -0.182176 -0.0182159 -0.225424 -0.000810372 406
3.87463 -2.14138 -0.210744 -0.127028 0.412845 -0.258486 -0.00123669 300
3.88609 -12.4678 -0.299925 0.0290698 0.184311 -0.018908 -0.00073708 40
3.95344 -12.176 -1.74649 0.246711 0.053508 0.0767558 -0.000532341 354
4.11913 0.0609584 1.14955 -0.271311 0.417038 -0.0624595 -0.00135119 59
4.16552 -8.18944 -4.27305 0.130254 0.196772 0.144004 -0.000755954 460
4.23124 -4.31891 -8.28083 0.0728423 0.101229 -0.0928047 -0.00106809 420
4.2591 6.80425 -0.106176 -0.160371 0.127189 0.0669351 -0.0012672 473
4.38681 -8.30802 -2.82394 0.199446 0.186954 0.128929 -0.000703215 15
4.52201 8.65795 -2.34229 -0.0254199 0.229213 0.0469375 -0.00089827 287
4.59705 -9.77439 5.04364 0.178868 -0.0211467 -0.225028 -0.00052933 105
4.60857 -1.59497 0.323096 -0.134454 0.270475 -0.233495 -0.0016466 86
4.62936 3.14857 -0.32129 -0.227428 0.00198001 -0.180912 -0.00170118 451
4.77476 -1.62555 3.66095 -0.258732 0.201183 -0.253029 -0.000934135 413
4.78539 -3.92138 1.115 1.0013 -0.16781 0.496025 0.00599163 320
4.91674 38.182 -37.1816 0.144456 1.06141 -1.01743 0.0134078 383
4.93 -3.35815 -1.31127 -0.0130913 0.383613 0.196521 -0.000884473 223
5.0553 -1.56465 -2.41268 0.251317 0.194109 0.0256449 -0.00151491 254
5.07264 -0.774692 -0.0497853 0.0576913 0.379962 0.0653392 -0.00148604 430
5.12552 -3.24903 11.7509 0.0479921 0.0790529 -0.175255 -0.00069973 90
5.14514 -17.1607 7.21025 0.211429 0.0407427 -0.0450007 -0.00034485 438
5.23597 -49.4981 197.536 1.03437 -2.71364 9.20921 0.582709 258
5.32539 5.73997 -3.78525 -0.19051 0.0695548 0.217335 -0.000885014 100
5.37446 -19.8435 -6.807 0.451327 -0.793348 -0.253811 0.00503228 421
5.39212 -4.25993 -35.4353 0.707569 -0.376611 -4.07216 0.10731 122
5.42681 0.929363 -0.43177 -0.233479 0.446219 -0.0424609 -0.000666961 294
5.54639 3.00945 -1.77042 -0.374934 -0.0669717 0.107307 -0.000928665 17
5.79481 15.8356 -0.387846 -0.222605 0.21939 -0.0188366 -0.000128343 209
5.92527 -12.0085 25.4139 0.0106916 -0.520209 0.688225 0.00421726 157
5.94572 5.64581 -1.12491 -0.247231 0.226458 -0.0444302 -0.000795515 400
5.94923 15.515 -1.49521 -0.22384 0.175622 0.0291792 -0.000237991 76
6.251 14.1168 -0.27823 -0.158435 0.298471 0.00603428 -9.56174e-05 367
6.26552 11.3494 -3.64802 0.00362542 0.550357 -0.00941191 0.000965554 206
6.27744 -8.07143 -6.78948 0.0940431 0.17773 0.113818 -0.000684746 202
6.38678 0.918254 0.18093 0.0218168 0.258286 -0.135379 -0.00140202 318
6.43733 -18.7022 -6.61827 0.462154 -0.662012 -0.265369 0.00391485 492
6.48737 -4.08843 5.70178 0.0109876 0.205923 -0.202605 -0.000785783 308
6.48741 -10.3851 -3.46738 0.162535 0.182595 0.060159 -0.000586103 463
6.61737 11.7128 4.08376 -0.214103 0.0509217 -0.0672403 -0.000558145 416
6.69323 -2.71897 3.77025 0.154719 0.237195 -0.104641 -0.000964241 415
6.71369 2.5364 -6.11622 0.171856 0.217011 -0.261919 -0.000417946 249
6.89561 -6.40765 4.68156 -0.0276785 0.228798 -0.118772 -0.000768864 73
7.10493 12.6324 0.956093 -0.013818 0.423342 -0.0427851 0.000272156 403
7.24879 -12.3088 0.496927 0.253611 -0.0603529 -0.199053 -0.000202141 174
7.34779 -6.19794 -0.526793 -0.0414625 -0.0390928 0.171062 -0.00109523 329
7.38547 -13.2936 -4.07699 0.458236 -0.20292 -0.0882491 0.000824476 18
7.38621 -14.6646 1.73679 0.303366 -0.0994239 -0.102762 -5.40825e-05 229
7.42778 8.82834 -9.84773 -0.142624 0.105179 0.112756 -0.000548327 462
7.47299 -9.77575 -0.514107 0.388343 0.114183 0.156824 0.000162793 75
7.63301 -2.52568 -2.24497 0.166176 0.228617 0.239197 -0.000640596 480
7.78899 4.49417 4.71586 -0.122685 0.145928 0.118407 -0.00091624 104
7.85634 -3.15323 4.64947 0.252087 0.240326 0.259462 -0.00011532 466
7.86821 9.32924 -2.42185 -0.237521 0.0881399 0.047666 -0.000589289 193
7.92393 42.4261 15.1132 0.109677 1.66823 0.624041 0.0196295 268
7.92728 4.89017 0.7654 -0.166547 0.250357 -0.0804459 -0.000731969 455
7.95523 10.1845 4.26154 0.0751681 -0.0342957 0.168575 -0.000698319 3
8.0728 1.69656 5.85182 -0.0939815 0.18844 -0.147684 -0.000822462 177
8.14221 8.11694 1.83502 -0.02561 0.180324 -0.0283052 -0.000861317 199
8.15554 -0.831795 -2.13281 0.28189 -0.0450314 -0.114615 -0.000884252 80
8.30204 3.89262 1.06389 -0.10838 0.232656 -0.204613 -0.000680772 161
8.47944 7.29344 -0.135549 0.107834 0.657271 0.0530983 0.0016728 239
8.72713 -9.29417 1.28729 -0.016204 0.205444 -0.0198389 -0.000707591 16
8.94517 -0.939495 -2.75233 0.306287 0.263445 -0.247195 7.30741e-05 289
9.02529 -2.35301 1.54154 0.0189197 0.256246 0.0347153 -0.000902105 168
9.21795 5.19751 -0.0884144 -0.171083 0.253751 0.00137777 -0.000595797 281
9.25006 16.8975 8.63839 -0.167329 0.24032 -0.0542852 -3.77126e-05 349
9.25609 -5.56896 6.60494 0.130826 0.126561 -0.224679 -0.000464659 207
9.40917 -8.15158 3.06176 0.235079 0.0739335 0.153806 -0.000447627 436
9.46881 -2.95653 -1.25201 0.141799 0.296329 -0.113883 -0.000494663 291
9.61694 12.937 5.56538 -0.161751 0.206342 -0.0668762 -0.000275402 428
9.63881 1.68245 -1.07062 0.201191 0.402584 -0.0304801 1.80872e-06 483
9.65743 2.48458 0.183487 -0.080519 0.338915 0.0478944 -0.000480553 114
9.68708 2.83844 -1.47019 0.479759 0.560424 -0.132281 0.0022855 61
9.71599 18.4156 3.84364 0.36342 0.85995 0.192263 0.00508809 10
9.72446 -6.11728 7.73288 0.096632 0.164183 -0.0348576 -0.000668188 251
9.93735 0.136598 4.24248 0.0139904 -0.0599191 -0.00457824 -0.00113298 160
9.97451 -8.05703 -5.2641 0.200554 0.0860889 0.135438 -0.000489479 337
10.048 -5.5214 0.676744 0.153171 0.0903749 -0.22897 -0.000563024 362
10.1451 0.968249 -0.369672 0.0751282 0.341905 -0.0375955 -0.000451016 263
10.2796 -0.449938 -1.67714 0.185149 0.216674 0.00442219 -0.000691219 142
10.4647 -0.953408 1.39769 0.00210125 0.13613 -0.260627 -0.000638786 461
10.5456 0.856656 -1.90784 0.0786067 0.257382 -0.0588534 -0.00068838 429
10.5554 -3.83703 -1.27016 0.206416 0.22204 -0.0314362 -0.000525315 103
10.8536 0.589726 0.29367 -0.0436733 0.279726 0.0396565 -0.000638781 97
10.8708 -3.76454 12.0241 0.0769804 0.150306 -0.117957 -0.000485957 361
10.8747 -7.4575 0.451129 0.109683 0.233452 -0.013642 -0.000530435 346
10.9598 1.33604 13.3315 0.02672 0.155266 -0.117034 -0.00048139 351
10.9608 -5.2482 -1.42546 0.124941 0.246327 0.0797842 -0.00050501 106
11.0689 -8.15662 -4.04654 0.226763 0.111696 0.165576 -0.000301425 459
11.5905 -1.08977 0.0101829 0.133414 0.230874 -0.0500938 -0.000613659 345
11.7451 9.47896 7.15323 0.323126 0.918694 0.364062 0.00600754 221
11.8662 0.560516 0.357158 -0.0259208 0.265359 0.0285492 -0.000602374 478
11.8805 -19.8273 0.714607 0.230477 0.0869865 -0.0100313 -0.000160616 423
11.926 7.79731 3.1612 0.0629932 0.240681 -0.187401 -0.000250105 166
12.0693 -4.21914 76.4152 0.328479 -0.258214 2.87348 0.0525352 28
12.1493 -9.53943 9.48634 0.24816 0.0807807 -0.111815 -0.000185746 259
12.2026 -10.041 5.0568 0.171604 0.097291 -0.115298 -0.00042708 203
12.2455 -15.6155 -29.6247 0.525431 -0.78942 -1.64426 0.0221672 432
12.3817 -11.7316 -7.00069 0.278809 0.090001 0.065134 -0.000114978 448
12.4757 -4.57261 -1.40825 0.203061 0.212356 0.0787023 -0.000357239 411
12.5281 -10.951 -0.546611 -0.0296776 0.143998 0.00677146 -0.000615425 292
12.5802 -3.39175 -1.47021 0.177783 0.239058 0.109544 -0.000323599 94
12.6191 4.39478 -1.06788 0.0108236 0.30667 0.0376848 -0.000335086 410
12.9825 -0.565743 -1.41402 0.171655 0.223618 -0.0372487 -0.000450913 135
13.3273 -10.5349 -2.04559 0.304996 0.126427 0.0437905 -3.72519e-05 192
13.5873 1.4719 -5.86708 0.0841621 0.26494 -0.151695 -0.000213656 426
13.6195 9.03455 4.0498 0.100293 0.284967 -0.152969 -2.57221e-05 195
13.7029 2.93488 -3.8344 0.137548 0.201517 0.189313 -0.000264309 118
13.8918 10.8874 3.15966 -0.141174 0.152336 -0.0169495 -0.000425742 6
14.3837 0.288677 73.7613 0.476448 0.016985 2.56723 0.042446 171
14.7943 -4.34113 5.34328 0.183106 0.205332 -0.0893427 -0.000243095 394
14.8359 9.33641 0.224925 0.500084 0.303601 0.000692024 0.00142607 456
14.9464 -0.0179677 -6.70449 1.64692 0.10794 -0.799533 0.0202572 443
14.9465 7.34821 -9.36729 0.0881934 0.284334 0.0954395 -4.3326e-05 269
14.9649 3.77766 3.76563 0.176012 0.20855 -0.177632 -0.000124137 212
15.3705 -1.22565 4.97359 -0.0675722 0.113139 -0.0544963 -0.000644429 385
15.5036 -3.83341 -2.66007 0.0129824 0.218826 0.0328788 -0.000464967 66
15.5127 -1.45494 -4.38887 0.202588 0.199129 0.131601 -0.000159636 128
15.5266 0.167406 2.59451 -0.0417742 0.215809 -0.0449763 -0.000479381 52
15.5968 -7.43084 -3.77834 0.201393 0.204459 0.0525129 -0.000174817 388
15.7267 1.99281 4.76074 0.18643 0.188794 -0.179565 -0.000113683 154
15.8318 -2.59277 -1.75023 0.223271 0.211804 0.0588143 -0.000161011 343
15.9141 -1.19122 0.173237 0.040457 0.241926 0.0377671 -0.000398287 493
16.0195 -1.61058 -1.74057 0.0202013 0.258327 -0.0137748 -0.000351069 408
16.6961 1.63844 5.12605 0.219373 0.233319 -0.077327 -3.41888e-05 147
16.9888 -1.72494 -3.898 0.253149 0.00293283 0.0370055 -0.000304517 125
17.3677 -17.703 5.24542 0.261597 -0.268235 0.107385 0.00045634 167
17.5242 1.00705 -45.2398 0.412403 0.250128 -1.30777 0.0118856 380
19.2026 5.35165 -1.15351 -0.0570345 0.242049 0.0105257 -0.000238814 47
19.8523 -3.3442 -0.813382 1.03954 0.17135 -0.0345333 0.00632453 465
20.0017 -0.528138 26.0423 0.617215 -0.00260038 1.00283 0.00828577 271
20.2301 0.754263 -2.44037 0.0507695 0.261968 0.00692043 -0.000167693 236
20.7285 -5.13517 4.39712 0.435999 -0.00806342 0.0673221 0.000643513 107
22.7823 22.5497 -8.80129 0.694522 0.798542 -0.377608 0.00751533 230
23.947 22.2354 -14.2999 0.584848 0.802797 -0.718852 0.00904505 317
24.6034 7.07812 20.5748 0.771961 0.316692 0.761238 0.00759254 389
24.6587 -12.1433 -78.5307 1.21736 -0.683358 -4.67053 0.148367 181
25.7683 -1.53877 9.78582 0.772154 0.00997681 0.310451 0.00387659 132
26.2747 -14.7271 8.2945 0.516155 -0.170631 0.190642 0.00167412 101
27.4451 6.51966 -5.11566 0.853832 0.246919 -0.243501 0.00487206 370
30.0592 -9.16462 -11.3924 1.58853 -0.352526 -0.458097 0.0174857 81
35.2261 4.74553 1.56339 1.7595 0.447039 0.450603 0.0215157 130
36.1635 -50.6901 101.965 1.1854 -1.70733 3.50638 0.103738 257
38.3547 -49.8377 2.61799 2.07892 -2.23917 0.114451 0.0582321 1
44.7126 -13.6304 -47.8518 1.71968 -0.494873 -1.94033 0.0433572 467
51.3336 -72.0208 63.0013 1.76719 -2.52909 2.08965 0.0866719 458
57.1639 -17.6435 -38.006 3.2164 -0.979807 -2.01688 0.0959053 12
59.6046 44.5081 47.7771 2.10849 1.64261 1.61447 0.0607986 330
59.6623 -86.0879 -30.2264 1.87112 -2.72712 -0.844726 0.0727094 235
61.8352 -1174.43 -230.943 3.33444 -67.1665 -13.3602 29.381 404
65.8354 -23.125 -41.5357 3.74356 -1.36917 -2.21316 0.129764 313
72.0343 23.5208 39.0221 2.50976 0.885855 1.34198 0.0553819 131
77.2699 18.3538 -64.6842 4.52523 1.22699 -3.68738 0.222253 58
86.8896 68.5619 63.5836 3.428 2.74534 2.39356 0.156259 417
89.0576 -29.0758 -60.8264 3.29865 -1.16855 -2.42719 0.11325 278
103.16 -88.3931 -5.46735 5.87011 -4.79715 -0.267053 0.359547 115
106.139 243.579 296.827 5.29717 12.1841 14.7897 2.47027 274
110.293 -24.349 -64.519 4.52878 -0.946279 -2.66192 0.177973 246
110.55 -29.9797 -56.8677 4.54404 -1.2872 -2.33676 0.173438 173
160.213 -347.449 -610.336 9.08914 -19.7017 -34.5604 10.4074 162
167.506 39.447 -3.70101 8.33262 2.01471 -0.142685 0.459378 424
181.152 -676.75 73.2745 12.52 -46.9792 5.14277 14.939 123
181.146 -158.969 61.4265 38.087 -31.3014 13.1548 16.2715 190
