-57.5006 1.6958 17.1235 -0.177682 -0.0194835 0.101195 5.54303e-05 106
-52.0276 0.365949 3.55246 -0.161647 -0.0797381 0.0164058 -3.49609e-05 190
-47.4584 -26.0542 1.60557 -0.113311 -0.146773 0.0101156 -1.52565e-05 250
-45.5185 7.82152 -16.7328 -0.276156 -0.021097 -0.0882785 0.000273665 20
-45.0805 -5.8674 2.04463 -0.110298 -0.103695 0.00720912 -0.000131121 314
-38.4504 29.2199 19.4531 -0.137378 0.0271373 0.132875 -7.18323e-06 11
-37.37 -18.3497 -0.195 -0.0380713 -0.149139 0.0146688 -0.000150828 64
-37.0921 16.0521 -18.8442 -0.111418 -0.0291516 -0.0556957 -0.000178023 387
-36.3057 -10.1392 -3.74782 -0.127917 -0.126319 -0.0268129 -0.000123493 287
-34.2066 33.8499 5.4729 -0.132472 0.0516289 0.0799346 -9.18084e-05 468
-30.511 -14.8735 13.0754 0.0132338 -0.0950927 0.060395 -0.000263239 263
-29.5129 2.26412 -3.33773 -0.0553489 -0.145333 -0.019219 -0.000266177 26
-28.0227 -21.1965 -1.78247 -0.316055 -0.270714 -0.024308 0.000730746 381
-26.9976 -1.34242 -3.83343 -0.251312 -0.138178 -0.0168971 5.79999e-05 109
-24.8607 -25.8138 6.02018 -0.275526 -0.356431 0.123234 0.00101944 200
-24.8355 10.7793 4.92796 -0.0910124 -0.134956 0.0384609 -0.000279388 217
-24.5785 9.86842 17.4983 -0.0842936 -0.104675 0.0337238 -0.000273779 312
-23.9054 39.3212 31.3368 -0.300838 0.379178 0.353093 0.00201894 449
-23.005 8.05273 17.7189 -0.021033 -0.118284 0.115852 -0.000240723 476
-22.7457 14.6698 0.750974 -0.471957 0.215417 0.0459581 0.00123372 51
-22.0503 -2.31496 6.25914 0.023774 -0.160343 -0.011039 -0.000377599 383
-21.3973 -0.316231 10.7912 0.00481401 -0.158584 -0.00883463 -0.000363747 213
-20.0042 28.7439 1.45255 -0.0330894 -0.00691249 0.0502404 -0.000333717 231
-19.1971 46.4227 2.96537 -0.119166 0.105159 0.0108043 -8.97979e-05 98
-19.0077 -11.1222 1.77132 -0.192334 -0.236897 -0.00584717 1.6397e-05 317
-18.0884 2.03612 -1.87417 0.0304398 -0.171953 -0.00269027 -0.000492467 272
-18.0871 9.77383 -6.76551 -0.0329832 -0.127399 0.00948733 -0.000468735 310
-16.4047 2.49398 -0.867214 0.0740024 -0.188738 0.0154501 -0.000493937 212
-16.3721 14.2687 2.60453 -0.105225 -0.0945539 0.00902314 -0.000445895 143
-15.8207 -8.88836 -1.8671 -0.00126765 -0.190829 -0.0229996 -0.000454304 174
-15.2544 6.82432 2.68182 -0.0691384 -0.145595 -0.0877488 -0.000528058 137
-14.1216 -2.80011 -5.02882 -0.308013 -0.165265 -0.0838656 -1.20854e-05 325
-13.6629 -1.60648 1.86163 0.0188493 -0.114042 0.238084 -0.000462635 459
-13.088 -25.7925 0.54075 0.107909 -0.081238 0.00215735 -0.00031805 495
-12.9357 -21.3485 6.52926 -0.0345905 -0.233902 0.0995993 -7.30489e-05 112
-12.7141 -11.9071 7.39033 0.139865 -0.139084 -0.0502144 -0.000401678 292
-12.5084 17.9813 13.6511 -0.128323 -0.0850173 0.019395 -0.000333871 289
-12.3485 -9.63556 16.6846 0.127242 -0.123708 0.0240327 -0.00034577 125
-12.095 -7.47469 1.3759 0.115208 -0.18652 -0.111362 -0.000497161 132
-11.6359 -3.51725 0.219758 0.132629 -0.210976 0.0554696 -0.000620775 333
-11.0904 -8.41634 1.04322 0.132391 -0.225561 -0.0683472 -0.000438598 219
-11.0827 -7.71363 3.06501 0.117807 -0.192405 -0.0234275 -0.000581225 229
-11.0484 2.39593 2.13793 0.060301 -0.244723 0.0447702 -0.000676865 433
-10.9865 1.40267 1.90075 -0.0953604 -0.276495 -0.0171229 -0.000575856 290
-10.3033 -5.07716 -1.57322 0.186857 -0.216184 0.0261962 -0.000563577 248
-10.0569 2.54477 2.3535 0.0512216 -0.308235 -0.00813311 -0.000564469 210
-9.99399 53.918 5.61915 -0.109763 0.320748 0.0746934 0.000526401 108
-9.59112 -5.9033 1.60564 0.0577753 -0.256422 -0.0224189 -0.000663835 50
-9.19713 25.5353 1.40556 -0.158869 -0.0260147 0.00680676 -0.000297675 410
-9.01092 4.19983 0.198418 -0.281085 -0.249436 -0.00213805 -0.000374394 364
-8.76065 4.92492 3.54567 -0.0691687 -0.28043 -0.00334037 -0.000651441 6
-8.68085 -5.64339 0.474924 0.164373 -0.269908 -0.0419948 -0.000570793 160
-8.58483 -4.31191 1.41686 0.130823 -0.201588 -0.0177271 -0.000924312 288
-8.58399 -1.88546 3.90086 0.042408 -0.293033 -0.0597845 -0.000729739 58
-8.58086 -15.8372 -8.04247 0.114889 -0.201893 0.0503896 -0.000280548 479
-8.33132 4.70252 1.07158 -0.241316 -0.246509 -0.0152914 -0.000553262 417
-8.05874 1.84827 4.95032 -0.0300105 -0.327489 -0.0130672 -0.000620128 218
-7.36645 3.54071 0.0673682 -0.183445 -0.306434 0.0742138 -0.000697704 303
-7.28782 -7.55077 -1.30011 0.210069 -0.215724 0.0569098 -0.000595205 186
-6.81335 16.8167 9.34668 -0.171136 0.00438041 0.0200429 -0.000426756 124
-6.80015 -5.40948 2.66851 0.150226 -0.298424 -0.0622338 -0.0006533 404
-6.6928 4.09797 -1.93112 -0.137891 -0.298625 0.0352723 -0.00086271 84
-6.49088 7.59236 0.269284 -0.211898 -0.262345 -0.0250902 -0.000536231 156
-6.37268 -1.33793 1.14335 0.120488 -0.312822 0.00786806 -0.00118799 151
-6.21267 -6.52096 0.836158 0.237702 -0.284519 0.000247463 -0.000522833 445
-6.15515 5.93188 0.364147 -0.167552 -0.245642 0.0639319 -0.000882829 185
-6.02138 -12.1392 6.78607 0.117335 -0.175939 -0.151032 -0.000402741 260
-5.96009 -3.44598 -0.704574 0.279691 -0.314989 -0.0287818 -0.000692008 175
-5.95876 1.80726 -1.44644 -0.144701 -0.429218 0.0560311 -0.00065348 438
-5.90437 6.94549 -0.400702 -0.292306 -0.164427 0.0576507 -0.000646126 141
-5.76449 -2.45526 -0.615987 0.253884 -0.298968 0.0506234 -0.00100794 39
-5.74742 1.23595 -1.82368 -0.0317618 -0.398648 0.0729581 -0.000997988 216
-5.55218 2.41334 -0.137824 -0.213722 -0.388534 -0.0017271 -0.000835226 228
-5.27511 17.1849 1.34811 -0.159599 -0.0244955 0.137827 -0.000411738 322
-5.24344 39.3049 7.21653 -0.110938 0.148228 0.0305268 -9.0073e-05 7
-5.168 0.720106 -1.46283 0.00999974 -0.434993 -0.04598 -0.0011102 83
-5.04276 -8.53277 0.882511 0.29866 -0.158952 0.0327091 -0.000534106 70
-4.89073 1.27158 -0.494577 -0.0493545 -0.540523 0.0931289 -0.000566393 293
-4.87804 24.503 3.96815 -0.166589 -0.0155537 0.0151989 -0.000317725 3
-4.76884 6.92964 -0.305175 -0.263996 -0.25313 -0.0439196 -0.000636885 257
-4.73672 0.212118 -0.574939 0.0816817 -0.515194 -0.0569843 -0.000896243 365
-4.64893 3.84505 -0.899464 -0.234218 -0.321816 0.103807 -0.000991794 492
-4.64569 -4.50178 1.08064 0.281084 -0.219722 -0.0313262 -0.0011042 42
-4.37615 0.906413 -1.19769 -0.0268962 -0.382855 0.0276481 -0.00177628 145
-4.24605 10.2382 -1.70973 -0.245335 -0.0807351 0.111445 -0.000620052 409
-4.1672 2.70742 0.150787 -0.188338 -0.382849 0.0384184 -0.0013672 60
-4.07502 1.63044 0.574769 -0.227571 -0.45762 -0.000208444 -0.00119133 237
-3.84863 2.74959 1.53717 -0.192014 -0.392924 -0.118734 -0.00122987 28
-3.75998 -8.49729 0.577152 0.355325 -0.175985 -0.0248502 -0.000356129 169
-3.32075 -7.91253 0.319252 0.306341 -0.14237 -0.0320982 -0.000736029 330
-3.30779 -4.45761 1.09516 0.342805 -0.218828 -0.0385251 -0.00116629 63
-3.29042 -10.3354 -0.332247 0.256434 -0.104764 0.0280729 -0.000667388 489
-3.28191 9.15739 0.135491 -0.244897 -0.161607 0.00457434 -0.000746662 477
-3.25989 -29.718 -0.380869 0.121764 -0.413822 -0.00917391 0.000745415 354
-3.17005 1.26673 0.0358475 -0.0926955 -0.567097 0.0869307 -0.00155052 193
-3.15784 -3.39907 0.360843 0.483915 -0.548337 0.0706473 0.000687888 241
-3.14436 9.79075 -1.20084 -0.276399 -0.226018 -0.0582466 -0.000389406 72
-3.1227 6.23493 0.109281 -0.36871 -0.150183 0.0840229 -0.000757594 397
-3.08052 6.80639 -1.15862 -0.336327 -0.123484 0.0120865 -0.000850172 367
-2.94814 -5.19779 0.385367 0.356386 -0.228015 -0.00696184 -0.000968417 435
-2.94463 10.1255 14.5923 -0.17178 0.196692 0.186836 -4.99044e-05 482
-2.93445 -8.53206 1.07011 0.346135 -0.146357 -0.00737023 -0.000492743 24
-2.86497 -7.58474 0.203499 0.285021 -0.0990791 0.00650022 -0.000971893 205
-2.84751 8.16969 0.134923 -0.325013 -0.215853 0.0638992 -0.000467694 356
-2.77553 4.23207 -0.272805 -0.334301 -0.253505 0.0499758 -0.00135053 472
-2.64153 28.0958 19.4097 -0.0762124 -0.0148071 0.125197 -0.000229324 370
-2.53341 -7.04007 -0.456242 0.294005 -0.109643 0.00229363 -0.00105216 82
-2.50694 8.53794 1.08035 -0.238401 -0.147565 -0.00775064 -0.000902818 391
-2.49442 -4.05089 -0.00471838 0.484792 -0.393194 -0.204609 6.92703e-05 138
-2.43421 1.82616 0.673708 -0.422161 -0.482775 0.0972739 -0.00138088 22
-2.34201 -38.0249 7.48402 0.10723 -0.0970579 0.0416367 -0.00018038 305
-2.27431 -14.3087 -3.2009 0.237972 -0.0401541 0.0845542 -0.000433749 309
-2.24524 5.32142 0.714035 -0.367984 -0.217142 -0.000299197 -0.00100687 341
-2.09237 10.5611 -0.12632 -0.29292 -0.0275696 0.0300157 -0.000614302 29
-1.96953 -3.37034 0.0191173 0.476101 -0.392824 -0.0215926 -0.000818064 453
-1.96381 9.00386 -1.37099 -0.279716 -0.0449465 0.0589832 -0.000818265 384
-1.50075 -11.8035 -1.81485 0.2203 -0.0582804 -0.0822825 -0.000671672 203
-1.41121 -11.4513 -3.10016 0.271402 -0.00312311 -0.108921 -0.000511696 117
-1.34582 -3.40271 0.60261 0.468719 -0.238191 -0.00510496 -0.00164279 358
-1.1108 11.6465 2.91386 -0.284652 -0.0491079 0.0511475 -0.000498922 27
-1.05705 9.2415 -0.0941321 -0.197555 0.0117719 0.0160871 -0.00109735 77
-0.954665 -7.9123 -0.244199 0.322192 -0.0965348 -0.0289188 -0.000855439 166
-0.849547 5.74906 -2.7515 -0.352051 -0.261427 -0.0267568 -0.000737778 455
-0.752709 7.01654 -0.730487 -0.401274 -0.019954 -0.0118696 -0.000752178 249
-0.748061 4.38956 0.336588 -0.44204 -0.167275 0.00416028 -0.00140297 399
-0.742737 -4.29472 0.462525 0.463558 -0.203355 -0.160228 -0.00109001 280
-0.573847 -3.3546 0.154746 0.456234 -0.134446 -0.0154808 -0.00225368 423
-0.499828 0.00154581 0.00254003 -0.135003 -0.924756 0.258482 -0.0191318 300
-0.49846 0.0133019 0.0246399 -0.188361 -0.897491 0.247283 -0.0193995 346
-0.496567 0.0543569 -0.00981427 -0.310215 -0.926094 0.206505 -0.0187903 130
-0.495564 9.3834 -1.61007 -0.375115 0.053554 0.024497 -0.000410057 279
-0.494098 -0.022868 0.0710288 -0.0757466 -1.03902 0.201672 -0.0179776 118
-0.491398 0.00266695 0.0905093 -0.154621 -0.840237 -0.0479601 -0.0204402 274
-0.482718 0.0411825 0.120521 -0.239756 -0.895755 0.0479111 -0.0196497 254
-0.481338 -0.0985788 0.0920743 -0.0150707 -0.942346 0.388585 -0.0185106 485
-0.475691 -0.152529 0.0125042 0.685601 -0.786477 0.323204 -0.0175582 432
-0.473394 -0.147917 -0.054047 0.261722 -0.884062 0.301811 -0.0191728 258
-0.473173 -0.0251499 -0.159436 -0.0215288 -0.801182 0.237696 -0.0206349 38
-0.47182 0.115065 -0.11861 -0.327565 -0.780704 0.0571175 -0.0205035 79
-0.466842 -0.156344 -0.0870413 0.55435 -0.627328 0.294342 -0.0200802 278
-0.466244 -0.153207 0.093419 0.125777 -0.902646 0.420347 -0.0187254 405
-0.463696 0.0793584 0.168572 0.093092 -0.882279 -0.0945629 -0.0200384 105
-0.463076 0.154422 -0.106571 -0.364023 -0.875457 0.393335 -0.0184326 53
-0.457234 -0.167838 -0.11133 0.377012 -0.793629 0.302885 -0.0196204 323
-0.455613 11.412 -2.07556 -0.158096 -0.0313186 -0.139084 -0.00079358 157
-0.454379 -0.18944 0.0850939 0.114762 -0.834161 0.106587 -0.0205184 294
-0.452887 0.190494 -0.0886418 -0.502204 -0.860066 0.319814 -0.0181987 163
-0.447354 0.191694 -0.112346 -0.271621 -0.91794 0.370703 -0.018439 265
-0.446473 -0.0787175 -0.210089 0.0185913 -0.800249 0.257857 -0.0205962 102
-0.44489 -0.226787 0.0247141 0.739002 -0.794918 0.296166 -0.0170907 425
-0.437247 -0.240354 0.029046 0.788259 -0.754653 0.335368 -0.0168643 302
-0.433756 0.210253 0.12757 -0.369261 -0.89266 0.0539447 -0.0192184 99
-0.433043 -0.243052 0.0562943 0.431871 -0.85505 0.380408 -0.0183719 335
-0.4316 0.251652 -0.0119973 -0.609873 -0.901918 -0.1212 -0.0175119 59
-0.424935 -0.089543 0.246877 0.179898 -0.727594 0.0268747 -0.0215078 242
-0.423828 0.236592 0.119561 -0.412301 -0.875701 0.0563666 -0.0191298 164
-0.418353 -0.21366 -0.170555 0.280055 -0.884167 0.275631 -0.0191611 393
-0.417429 -0.22912 0.150769 0.348728 -0.90528 0.132326 -0.0190347 251
-0.416427 -0.17425 0.214312 0.0938367 -0.715231 -0.0277645 -0.0217577 113
-0.412572 0.0641177 0.274668 -0.0215737 -1.20257 -0.0539561 -0.0159519 430
-0.407129 0.0795271 0.27881 -0.0408732 -1.20345 -0.0253294 -0.0159431 426
-0.405786 -0.284988 0.0632773 0.746889 -0.685035 0.171786 -0.0184019 431
-0.400468 -0.225769 0.195899 0.232862 -0.740575 0.163641 -0.0210798 240
-0.394547 -0.28875 -0.102919 0.427747 -0.766022 0.354811 -0.0194204 284
-0.394506 0.230075 0.203476 -0.109426 -1.17558 -0.00802253 -0.0162887 374
-0.393633 0.301023 -0.0657566 -0.699864 -0.681732 0.0188122 -0.0190375 392
-0.385628 0.31804 0.00355697 -0.690111 -0.890929 0.069047 -0.0170391 245
-0.380063 0.271198 0.178394 -0.426874 -0.802541 0.0241733 -0.019841 332
-0.379422 -0.243956 -0.215279 0.607266 -0.599205 0.367429 -0.0196163 500
-0.378213 0.25714 0.20113 -0.399342 -1.00955 -0.106065 -0.0175821 19
-0.374477 -0.328067 0.0456165 0.904924 -0.648152 0.36198 -0.0164403 171
-0.369523 -9.95976 -1.32158 0.266573 0.0367174 -0.00699796 -0.000790442 252
-0.364227 0.180434 -0.290752 -0.582231 -0.478931 -0.0467742 -0.0214463 69
-0.355214 0.135041 -0.324028 -0.611946 -1.42337 1.2335 -0.000517349 43
-0.354384 0.352465 -0.00802631 -0.741213 -0.816405 0.152683 -0.0172606 353
-0.352193 -0.152685 0.319869 0.719257 -0.864526 -0.377769 -0.01622 150
-0.343146 -0.341842 0.123897 0.499953 -0.0895495 -0.274412 -0.0229193 134
-0.34263 -0.321062 0.170831 0.359108 -0.722181 0.163039 -0.0207853 491
-0.335448 0.262331 0.261352 -0.558487 -0.799381 -0.0111718 -0.0190736 480
-0.329313 -0.135502 0.350622 0.466945 -0.898195 -0.171235 -0.0184246 401
-0.324555 -0.361274 0.117548 0.387768 -0.304513 0.055017 -0.0234782 234
-0.319268 -0.318393 0.215747 0.465124 -0.619948 0.101822 -0.0211883 65
-0.318703 -0.383433 0.0343722 0.920837 -0.441127 0.0227464 -0.0184922 378
-0.318159 0.176542 0.34244 -0.287438 -0.920325 -0.19692 -0.0189647 244
-0.311482 -0.213317 0.326938 0.802185 -0.794906 -0.258208 -0.0166416 34
-0.294436 0.403995 0.00969038 -0.805978 -0.753046 0.187543 -0.017176 447
-0.288112 -0.395923 0.0998444 0.68803 -0.0645089 0.203364 -0.0217702 276
-0.285381 0.0718346 0.403935 -0.127053 -0.663949 -0.49392 -0.0206309 419
-0.274081 -0.372511 0.189855 0.435276 -0.640896 0.0935152 -0.0211975 406
-0.264273 0.424442 -0.00252982 -0.886925 -0.66671 0.132205 -0.0171963 439
-0.262389 -0.0810551 0.417477 0.73986 -0.952926 -0.399857 -0.0149189 442
-0.26177 0.425588 -0.0113602 -0.810521 -0.843371 0.130933 -0.0163526 239
-0.248419 -0.347855 0.258718 0.812583 -0.220909 -0.197469 -0.020342 441
-0.242823 -0.434696 -0.0447002 0.374093 -0.157798 -0.227952 -0.0236489 466
-0.241545 0.435613 -0.0401363 -1.14412 -0.301273 0.0853158 -0.0162203 471
-0.230166 -0.245228 0.369319 0.755842 -0.52 -0.496787 -0.0182215 100
-0.229789 -0.277999 -0.345921 0.51994 -0.0804732 0.132238 -0.0231733 407
-0.229435 0.443635 0.0154072 -0.939578 -0.665629 0.233314 -0.0163886 493
-0.22923 -0.442782 -0.0244399 0.515863 -0.271552 -0.368467 -0.0220675 295
-0.224179 -0.44074 0.0735457 0.751727 -0.0123616 -0.364107 -0.0206428 359
-0.218151 -0.446484 0.046056 0.627891 -0.0727745 -0.378637 -0.021654 490
-0.206388 -0.21735 0.39996 0.456354 -0.463243 -0.316019 -0.0217427 444
-0.201029 -0.449451 0.0867394 0.726968 -0.174561 -0.42776 -0.0203658 496
-0.199594 0.0657062 0.45342 0.497136 -0.469299 -1.55189 -0.00703927 422
-0.19905 -0.0358074 0.45717 0.729846 -0.446244 -0.961464 -0.0146532 247
-0.198764 0.414634 0.196383 -0.519049 -0.680668 -0.0533395 -0.020403 331
-0.195075 -0.261764 0.378052 0.767839 -0.467617 -0.445805 -0.0187315 304
-0.19347 -0.430354 -0.164998 0.954857 -0.185196 -0.214506 -0.0188066 9
-0.184557 0.452161 0.106081 -0.927105 -0.373875 0.206079 -0.0185007 452
-0.178577 -0.455925 -0.0986824 0.582309 -0.011491 -0.0376833 -0.0228963 89
-0.176528 0.108527 -0.454772 -0.929005 -0.522147 0.617419 -0.0155315 189
-0.174549 -0.452599 -0.12076 0.746417 0.0744488 0.0052098 -0.0214883 154
-0.173275 -0.172633 0.434914 0.549773 -0.446869 -0.367141 -0.0210717 165
-0.169813 -0.445707 -0.148074 0.766362 -0.346811 -0.0976246 -0.0205472 366
-0.159799 0.393682 0.262517 -0.519794 -0.383058 0.0413863 -0.0224118 222
-0.150109 -0.439734 0.183405 0.622036 -0.501842 0.00442726 -0.0210307 428
-0.148277 0.342229 0.331668 -0.62019 -1.11994 -0.490177 -0.0132998 487
-0.141827 0.472056 -0.0838648 -1.1366 -0.339753 -0.0398835 -0.0161952 328
-0.140895 -0.426444 0.219534 0.775542 -0.377466 -0.0804762 -0.0203148 177
-0.135733 -0.477876 -0.0555672 0.173299 0.288824 0.245893 -0.0239192 4
-0.130827 -0.165984 0.452856 0.672801 -0.418405 -0.668752 -0.0182943 349
-0.126 -0.482199 -0.0364005 0.614862 0.0858361 -0.0241048 -0.0226016 95
-0.112749 -0.464524 0.145208 1.12766 0.0133849 -0.107909 -0.0169995 158
-0.109272 0.466796 0.141881 -0.83681 -0.394281 0.0245366 -0.0196496 408
-0.105184 -0.324389 0.365305 0.798325 -0.464476 -0.246258 -0.0193024 470
-0.08717 -0.441264 -0.217369 0.685175 0.183035 -0.0574815 -0.0218577 488
-0.0869254 0.20397 -0.447661 -0.924798 -0.540938 0.816603 -0.0136801 40
-0.0862569 -0.445586 0.209025 0.80678 -0.301069 -0.0572272 -0.020361 281
-0.0818468 -8.37578 0.736703 0.356492 0.0464401 0.0421108 -0.000667734 12
-0.0763872 0.481393 0.104252 -0.896205 -0.144494 0.0695244 -0.0198976 342
-0.0740653 0.344525 0.354633 -0.663218 -0.732385 -0.389885 -0.017951 127
-0.0740082 -0.472169 0.146417 1.10656 -0.0943998 -0.113423 -0.0172179 475
-0.073558 0.413648 -0.270298 -1.03801 -0.0648417 0.161706 -0.0180974 282
-0.0701353 -0.476236 -0.133357 0.891632 0.200492 -0.0920767 -0.0197519 345
-0.0656004 -0.478291 0.12976 1.07689 -0.167774 -0.101437 -0.0175166 46
-0.0593218 -0.495971 0.0189815 0.895182 0.274383 -0.127963 -0.0194253 159
-0.0583059 -0.443547 0.222576 0.768348 -0.2481 0.0140739 -0.0209407 10
-0.0489752 0.477892 0.136336 -0.83566 -0.256325 0.00559335 -0.0202563 47
-0.0477801 0.465755 -0.173651 -0.94084 0.348625 -0.0871285 -0.0186924 339
-0.0454752 0.4976 -0.00697654 -1.21783 -0.137066 0.256413 -0.0152161 451
-0.0349313 0.486313 -0.109423 -1.03794 -0.400548 0.338851 -0.0165617 115
-0.0347685 0.460946 0.189282 -0.768415 -0.528328 -0.0995119 -0.0195278 5
-0.0246619 -0.497872 -0.0338711 0.788933 0.32261 -0.199373 -0.0202294 277
-0.0207897 -0.499366 0.00452638 0.878277 0.410373 -0.204966 -0.0188729 155
-0.0163194 0.498529 0.0342641 -1.07521 -0.139174 0.155632 -0.0175035 415
-0.0112348 0.498646 -0.0277064 -1.29128 -0.0764704 0.138152 -0.0144458 465
-0.00507222 -0.493038 -0.0821553 0.96159 0.373374 -0.124241 -0.01826 394
-0.00245649 0.493373 0.0802027 -0.799123 -0.0525688 0.0820369 -0.0209566 371
-0.00121523 -0.184674 -0.464502 0.0307562 0.225119 1.46408 -0.0112869 388
-0.00116503 -8.98934 -2.54396 0.297765 -0.0319607 -0.0166739 -0.000775718 236
0.017534 -0.193786 -0.46014 0.0445397 0.156058 1.26058 -0.0149243 8
0.0198532 0.465434 -0.181141 -0.90418 0.143609 0.252669 -0.0193707 296
0.0199239 0.481322 -0.132626 -1.03754 0.411446 0.165149 -0.0170606 194
0.0327672 0.102753 -0.487517 -0.770445 -0.690759 1.66062 -0.00110736 227
0.0389925 -0.437227 -0.238642 0.727233 0.302809 0.0900559 -0.0210889 413
0.0532293 0.496289 -0.0262098 -1.28435 0.121098 0.150916 -0.0144651 31
0.0558293 0.362804 0.339 -0.738286 -0.0820204 -0.253197 -0.0211674 196
0.0571907 -0.140147 -0.476435 0.0531646 0.077617 1.02338 -0.0184039 352
0.0660991 1.54471 -0.0858856 -0.692218 0.0249562 -0.243139 -0.00470416 2
0.0785558 -0.371449 0.324988 0.924526 0.431773 -0.23268 -0.0181662 149
0.0851329 -0.489888 -0.0516935 0.437082 0.53639 -0.0379039 -0.0220033 1
0.0856425 0.419868 -0.2572 -1.11319 -0.824686 0.982365 -0.00698416 57
0.0883552 -0.439643 0.220897 0.902745 0.0860771 -0.240057 -0.0195057 375
0.0916098 8.68906 -1.18848 -0.36817 0.0552754 0.0340292 -0.000551726 126
0.0953661 6.39065 -0.76549 -0.359642 -0.00529409 0.00867241 -0.00113285 273
0.0974026 0.227871 0.433524 -0.715548 -0.392387 -0.706243 -0.0177526 73
0.0998701 -0.460242 -0.165547 0.706766 0.289559 0.10293 -0.0213277 114
0.103426 -0.478942 0.098161 1.0669 0.202277 -0.0321636 -0.0176377 443
0.106232 0.436674 -0.217938 -1.16151 0.108565 0.608236 -0.014209 122
0.111001 -0.487085 -0.0127677 0.866973 0.660329 -0.332518 -0.0168992 271
0.116331 0.390693 0.289062 -0.789973 0.327673 -0.0870127 -0.0203947 123
0.132044 -0.482084 -0.00542802 0.826993 0.665933 -0.221714 -0.0176531 147
0.133997 0.0489238 0.478798 -0.302482 -0.279288 -0.593085 -0.0217624 462
0.137243 -7.70402 1.35603 0.341659 0.107066 -0.000619674 -0.000796506 107
0.138025 0.470851 -0.0955814 -0.80429 0.569702 0.16158 -0.0187709 395
0.147572 -0.472978 0.0659407 0.833949 0.80113 -0.240477 -0.0162889 129
0.148657 0.475013 0.0442413 -0.716004 0.279433 0.285005 -0.0208155 62
0.156025 0.303489 -0.364999 -1.01435 -0.192082 0.694772 -0.0153382 52
0.158434 -0.389053 0.269785 0.770962 0.49603 -0.475375 -0.0183727 133
0.164503 0.471637 -0.00742142 -0.932407 0.562692 0.200121 -0.0173593 434
0.165494 -0.471128 -0.0081453 0.84345 0.637522 -0.133673 -0.017931 167
0.171672 0.388312 -0.263504 -1.25792 0.0517708 0.530042 -0.0133529 269
0.174695 0.261284 -0.388403 -0.650781 0.344701 -0.0317959 -0.0216219 255
0.177516 0.329436 -0.331166 -1.29463 -0.461863 1.07971 -0.00591982 307
0.188131 0.440813 -0.141372 -0.8913 0.469751 0.131936 -0.0185622 36
0.192095 -0.4439 -0.125773 0.68159 0.831202 -0.0612476 -0.0177666 184
0.192871 0.381855 -0.258152 -1.21443 0.226536 0.568623 -0.0134579 334
0.201591 -11.4611 20.0709 0.151585 -0.0116655 -0.037475 -0.000387567 389
0.206572 -0.400375 0.216036 0.94036 -0.0239531 -0.214134 -0.019201 400
0.207677 0.429404 0.149696 -0.526763 0.626932 0.325313 -0.0201515 161
0.20943 0.445986 0.0816446 -0.619229 0.486978 0.288828 -0.0206284 402
0.209647 0.237868 -0.386244 -0.862557 0.0798092 0.523723 -0.01861 181
0.222654 0.286293 -0.343771 -0.846193 0.216865 0.362449 -0.0194239 285
0.229363 -0.145194 -0.419077 0.0192858 1.00152 0.347061 -0.0180102 306
0.2335 -0.274274 -0.346149 0.31217 1.02238 0.36738 -0.0170361 403
0.239223 -0.434043 -0.0647173 0.769319 0.637803 -0.097744 -0.0187083 461
0.247214 -0.388663 -0.193637 0.485137 0.593395 0.110532 -0.0212685 206
0.248818 0.433093 -0.018502 -0.538111 0.800507 0.0438516 -0.019182 86
0.270213 -0.408819 -0.09905 0.749892 0.690676 -0.0764327 -0.0184695 486
0.274567 0.288061 0.30172 -1.0455 0.319008 -0.563077 -0.0155806 275
0.279949 -0.336251 -0.240603 0.402645 0.636183 0.100784 -0.0214274 41
0.282724 -0.403464 0.0819154 0.849468 0.74274 -0.0548963 -0.0170521 355
0.289003 -0.407606 0.00117192 0.733779 0.919098 -0.0729418 -0.0163386 92
0.293887 -0.395365 0.0854652 0.861038 0.719003 -0.0371277 -0.0171273 421
0.302567 0.338307 0.209758 -0.447246 0.727182 -0.157911 -0.0202892 21
0.305197 0.389848 -0.0670181 -0.659306 0.629964 0.0550313 -0.0198031 283
0.30625 0.374465 -0.124975 -0.850009 0.822316 0.130396 -0.0161702 467
0.307746 0.325988 -0.221088 -1.03578 0.412939 0.42844 -0.0160889 324
0.309222 -0.375949 0.113616 0.452148 1.23856 -0.172736 -0.0139549 343
0.321646 0.343941 -0.166078 -0.705527 0.757773 0.232446 -0.0179958 497
0.323745 0.365574 -0.105724 -0.84831 0.526524 -0.0077522 -0.0187876 436
0.329798 0.3743 -0.0333723 -0.599061 0.540621 -0.0303019 -0.0209256 61
0.333483 -0.221597 0.299381 0.0736696 0.536711 -0.546634 -0.0213009 362
0.339864 -0.356172 0.0862471 0.635686 0.963115 -0.166286 -0.0165139 88
0.341692 -0.333551 -0.148138 0.831262 0.850753 -0.191685 -0.0159303 68
0.343907 0.242049 -0.269818 -0.636013 0.208734 0.379199 -0.0213177 361
0.345376 0.222005 0.28494 -0.983475 0.394532 -0.598637 -0.0157542 44
0.345439 -0.279369 0.228113 0.931125 0.310906 -0.219748 -0.0187049 120
0.348901 -0.0588268 -0.352854 0.194196 0.962934 0.316688 -0.0183573 153
0.352002 0.125759 -0.331284 -0.855894 0.557178 -0.309004 -0.017911 469
0.352623 0.272516 0.225341 -0.569991 0.578176 -0.392714 -0.0199469 93
0.354798 0.330136 -0.122443 -0.698892 0.868666 -0.142813 -0.0171104 191
0.355962 0.336224 -0.100952 -0.611481 0.768366 -0.119134 -0.0188871 45
0.363026 -0.152166 -0.307782 0.246962 0.876693 0.121559 -0.0197392 246
0.36573 -0.336881 -0.0515958 0.556207 1.02349 -0.117241 -0.0164381 253
0.366049 0.25128 -0.228871 -0.568607 0.560434 0.263464 -0.0206067 18
0.368721 0.272326 -0.198427 -0.649118 0.6472 0.210548 -0.0194971 116
0.37144 7.83207 0.31455 -0.301781 -0.0283108 0.0436349 -0.00100682 238
0.373371 0.281642 -0.175277 -0.358003 0.851067 0.0700405 -0.0196689 450
0.377664 -0.196554 -0.261791 0.244149 0.887403 0.132792 -0.0196055 270
0.385214 -0.305431 0.0902911 0.84784 0.772964 -0.159559 -0.0166225 350
0.397216 0.197496 0.230451 -0.657283 0.648691 -0.40262 -0.0186621 195
0.39729 -0.232953 -0.193893 0.517689 0.707835 0.0232918 -0.0202051 315
0.400851 0.281587 0.0973112 -0.483475 0.976818 -0.102052 -0.0175383 142
0.402639 -0.294658 -0.0273001 0.499993 1.10048 -0.165657 -0.0157126 320
0.409334 0.105778 0.266004 -1.22524 0.872417 -0.608873 -0.00856836 201
0.409403 0.255561 -0.130512 -0.229876 0.852523 -0.19296 -0.0198967 385
0.410055 -0.190033 -0.213596 0.481546 0.706826 -0.00232233 -0.0204341 301
0.41623 0.260665 -0.0924718 -0.397632 0.777764 -0.152824 -0.0200979 329
0.424315 -0.194816 0.177483 0.669363 0.635341 -0.0857314 -0.0196561 136
0.425856 -0.0930327 0.24422 0.426843 0.73525 -0.375796 -0.0196174 15
0.427994 0.257136 0.0240645 -0.33529 0.987351 -0.0506554 -0.0181946 321
0.429495 -0.254061 0.0306198 0.520398 1.06557 -0.150647 -0.0160716 221
0.435373 0.0565979 0.238088 -0.178809 1.03518 0.080446 -0.0180903 148
0.438497 0.0912094 0.220902 -0.27962 0.987199 -0.0345146 -0.0184431 235
0.43985 0.231095 -0.0515816 -0.242118 1.03891 -0.0538028 -0.017893 183
0.447825 -0.153848 0.159901 0.193395 0.882709 -0.145805 -0.0197743 135
0.455342 -0.180726 0.099979 0.295774 1.19172 -0.271572 -0.0151163 139
0.461122 0.191153 -0.0281011 -0.121421 1.0173 -0.199906 -0.0181918 448
0.46264 -0.0814447 0.171143 0.394181 0.887155 -0.368149 -0.0182648 25
0.46564 -0.122784 0.134186 -0.0900063 1.12487 -0.0496058 -0.0170306 146
0.469387 0.074917 -0.153399 0.0474208 0.861365 -0.164655 -0.0202059 382
0.469844 -0.10902 0.128897 -0.470969 1.02705 -0.60699 -0.0147556 412
0.471043 0.153073 0.0675237 -0.325403 1.16495 -0.173939 -0.0156736 207
0.473173 -0.161162 -0.011017 0.368556 1.15283 -0.13875 -0.015725 170
0.475077 -0.14223 -0.0623328 0.208419 1.23083 -0.115915 -0.0151855 173
0.476504 0.147131 0.0350951 -0.116977 1.11869 -0.130362 -0.0169898 78
0.480675 0.0359828 0.131653 -0.124281 1.17131 -0.220267 -0.0160417 121
0.491268 -0.0910002 -0.0138502 0.19069 1.19233 -0.0693175 -0.0158665 446
0.4918 -7.10213 0.421656 0.356695 0.0730835 -0.0606332 -0.000901203 414
0.491767 -0.082828 0.0344403 0.25336 1.10132 -0.054563 -0.0170054 336
0.492922 0.0813788 -0.0168643 0.00228828 1.14877 -0.130736 -0.0166513 344
0.494011 -0.0223348 0.0732986 0.0466407 1.02492 -0.0349137 -0.0184174 369
0.497655 -0.00366995 -0.0450399 0.1393 1.10745 -0.0101534 -0.0172278 297
0.4995 -0.0158598 0.00939895 0.224032 1.12141 -0.00989927 -0.0168339 483
0.557103 -11.4714 -4.09169 0.294183 -0.0238568 -0.139114 -0.000359849 81
0.568234 0.651151 -0.0886839 -0.853246 0.770379 0.0255115 -0.00612472 484
0.590384 -2.14723 -0.205878 0.706974 0.13528 -0.0219923 -0.00234808 209
0.929646 5.3849 2.39717 -0.380086 0.0460949 0.176633 -0.000983592 460
1.03684 -8.6261 0.364467 0.372138 0.0705968 0.065622 -0.000513863 37
1.0749 4.59564 -2.16894 -0.359893 0.438717 -0.105597 -0.00032437 340
1.08191 -6.5966 1.30526 0.335055 0.19942 -0.0476271 -0.000870906 182
1.60455 7.55042 -1.08435 -0.336236 0.096286 0.0114079 -0.000838279 427
2.0293 -24.8492 10.7507 0.122926 0.0129786 -0.00985577 -0.000364286 204
2.10165 3.32169 0.364561 -0.466391 0.0530515 0.0115641 -0.00178856 424
2.10194 15.3449 -1.02141 -0.159342 0.0998418 -0.0329262 -0.000577551 140
2.27057 35.5941 -33.3965 -0.0335559 0.0531926 -0.167733 -5.52644e-05 319
2.54524 -0.468775 -0.227539 -0.182913 0.619327 0.125207 -0.00210697 111
2.58532 9.00823 -0.645103 -0.232745 0.0461786 0.12521 -0.000880751 214
2.60414 0.746256 -0.222115 -0.150531 0.500231 0.0383363 -0.00288414 363
2.95588 0.341549 -1.06601 -0.0698999 0.500817 0.071673 -0.00232451 90
3.13267 -6.01669 -1.45375 0.365096 0.240229 -0.0841136 -0.000563828 168
3.25896 0.172565 0.053609 -0.137242 0.563088 0.137613 -0.00161195 215
3.29346 -8.05621 -6.72262 0.134765 0.0611614 -0.0733753 -0.000966093 291
3.44228 -28.2281 18.0953 0.113975 -0.00130353 0.109734 -0.00021439 23
3.49595 -0.520667 -0.577432 -0.164168 0.646817 0.0355289 -0.000699128 458
3.80933 3.50166 -1.85777 -0.139319 0.398034 -0.0441637 -0.00115001 338
4.27227 -0.142911 -0.0730813 -0.0593324 0.510775 -0.0238718 -0.00126765 326
4.54097 -12.8778 -2.4233 0.207173 0.0745342 0.0259757 -0.000594143 494
4.59636 5.8034 1.14031 -0.285975 0.134049 -0.0227273 -0.00104213 256
4.61358 -2.60751 -0.152814 0.322247 0.376916 0.087792 -0.00077265 348
4.62113 8.59547 -0.225766 -0.234838 0.261222 0.0355609 -0.000501469 327
4.64356 7.44892 1.28231 -0.120572 0.296867 0.0837547 -0.000723582 380
4.96146 -3.63028 0.227131 0.297036 0.306988 -0.00435768 -0.000891304 87
5.006 -8.45822 -1.98065 0.330558 0.0355397 0.0463314 -0.000542497 14
5.17125 -3.40002 -0.395431 0.297988 0.379699 0.0228459 -0.000556336 316
5.35292 -4.48745 -4.08221 0.217636 0.324608 -0.0518837 -0.000573608 411
5.40161 21.4041 -1.1978 -0.123395 0.0448856 0.0263602 -0.000453316 347
5.52759 -3.56312 -0.337998 0.293383 0.36098 -0.00160473 -0.000545818 372
5.54333 7.29685 1.41674 -0.142031 0.267751 0.194683 -0.000537041 187
5.60259 1.60319 -1.33341 -0.167194 0.386102 0.00144486 -0.00098454 197
5.77842 -10.8893 1.39318 0.12609 0.209501 0.0431537 -0.000622254 54
5.77885 -6.63147 1.14053 0.230296 0.160858 -0.0842536 -0.00087172 299
5.81264 10.3792 2.48518 -0.0992525 0.174495 0.00767371 -0.000776332 266
6.00179 -11.6755 -14.3775 0.173737 0.0573912 0.0690265 -0.00040302 80
6.01558 -3.95059 1.17883 0.102745 0.33014 0.0308758 -0.000960897 286
6.03023 -3.91521 0.179589 0.215762 0.298654 0.0313965 -0.000883461 379
6.08087 15.1836 0.135639 -0.0788654 0.335526 -0.0388452 -1.23035e-05 398
6.0947 3.14251 0.282657 -0.138962 0.318728 -0.0690668 -0.00103594 104
6.1161 -4.64895 -3.54264 0.170518 0.318763 0.0130249 -0.000659711 259
6.32406 6.9441 0.281556 -0.189461 0.241799 0.0369491 -0.000731991 456
6.32918 7.06939 1.29112 -0.185771 0.193897 0.0545971 -0.000836033 418
6.41759 33.9249 -21.8145 -0.0121078 0.222789 -0.129915 0.000110555 49
6.50738 -4.01974 -3.1015 0.216545 0.283473 0.022539 -0.000715991 128
6.5893 -4.87406 1.87066 0.221661 0.320726 0.0694162 -0.000506779 373
6.97559 -6.3378 -2.32399 0.123519 0.227185 -0.176564 -0.000674938 396
7.12585 -4.8146 -4.29051 0.014511 0.291378 0.107611 -0.000696303 152
7.13044 11.422 2.0003 -0.233621 0.134091 -0.0548981 -0.000445926 94
7.4879 3.02815 -2.25068 -0.180929 0.284292 0.0230187 -0.00077776 360
7.50478 -2.14345 0.999388 0.102854 0.326943 -0.0230259 -0.000851086 16
7.61406 38.3081 12.0621 -0.066207 0.0926039 0.0370993 -0.000216196 368
7.62238 8.61204 4.92842 -0.201635 0.172612 0.0095588 -0.000558125 243
7.64943 15.0415 0.203171 -0.214169 0.054347 -0.00227987 -0.000435524 457
7.71576 9.27999 0.276464 -0.221076 0.324745 -0.100697 -7.51302e-06 144
7.71897 10.6133 0.612732 0.170394 0.27482 0.0294807 -0.000292524 202
7.75677 -3.9997 -2.26407 0.144875 0.27195 -0.0242441 -0.000789315 232
7.79741 -1.33769 -2.88143 -0.202905 0.232263 -0.0450086 -0.000877471 386
8.02386 -14.3265 -6.17659 0.205137 0.115375 0.0136693 -0.000365135 357
8.12294 10.1565 0.208886 0.115393 0.18246 0.0788565 -0.000630864 416
8.16404 -5.24634 0.417087 0.245161 0.221941 -0.0592732 -0.000581418 267
8.53706 8.89731 0.182493 -0.24812 0.24893 -0.0285131 -0.000236487 33
8.77782 -4.31438 -4.69579 0.119294 0.282733 -0.0386521 -0.00055422 481
9.21331 8.20205 0.357728 -0.29185 0.190852 -0.0901435 -0.000202138 56
9.56286 -0.534721 -1.0697 0.0662914 0.304751 0.0398974 -0.000679166 377
9.85535 -14.3382 -0.522656 0.16159 0.0680916 -0.0133231 -0.000524841 101
9.99751 10.5466 -1.67321 -0.197495 0.139071 0.0436352 -0.000477964 71
10.2036 -1.86498 8.68508 0.0284023 0.23898 0.0316209 -0.000555732 225
10.2987 -3.85922 -3.1882 0.0469963 0.289906 0.00895956 -0.00055203 474
10.4296 -1.44152 0.196907 -0.0385016 0.258503 -0.00193841 -0.000760085 211
10.5349 -1.13661 -0.842771 0.0290513 0.275624 0.0149184 -0.000694503 85
10.7283 29.6336 -6.04908 -0.134079 0.0951839 -0.0554857 -0.000201293 76
10.748 0.0422436 -0.955766 0.050887 0.276927 -0.0964631 -0.000604785 440
10.9169 2.40245 0.467183 -0.0623102 0.246668 0.028892 -0.000707521 13
11.3611 -22.668 14.9936 0.108325 0.0529879 0.0240214 -0.000329852 454
11.4782 -5.35629 0.850896 0.135023 0.245234 0.0396742 -0.000484984 35
11.6096 41.7445 -17.5491 -0.0507354 0.119428 -0.135787 -4.69223e-05 351
11.822 -35.054 -14.2334 0.119622 -0.0363441 -0.0787035 -0.000178954 478
11.8605 -40.768 2.53195 0.138633 -0.085133 0.00796688 -0.000128071 188
12.0036 -18.5184 -0.85396 0.155895 0.0782795 -0.0433493 -0.000364057 179
12.1162 26.5994 2.54781 0.00457393 0.308127 0.0190854 0.000169755 55
12.3193 14.3131 -4.75217 0.00618447 0.219012 -0.00724006 -0.000341547 97
12.9188 16.5241 0.990459 0.0270051 0.244593 0.0340264 -0.000209588 180
13.0676 7.63867 -6.99675 -0.0885931 0.218803 0.055112 -0.000382354 298
13.1685 20.8149 -2.79066 0.132518 0.429228 -0.0574184 0.00077757 75
13.7505 -19.3027 6.91837 0.121999 0.0971233 -0.00112374 -0.000354316 473
14.3543 8.56067 -2.41391 -0.162509 0.0631927 0.0297765 -0.000544676 96
14.6931 7.94631 -2.28682 -0.0682597 0.0824487 -0.128148 -0.000567155 224
15.1774 8.42832 -2.01611 -0.139232 0.0875928 -0.010257 -0.000545446 178
15.4231 -7.89443 -0.627134 0.103203 0.228316 0.00606105 -0.000328386 131
15.9033 -13.7624 -5.22081 0.123026 0.136099 -0.0128892 -0.000365439 91
16.107 4.04296 -0.770884 0.125341 0.256256 -0.0583831 -0.000221989 223
17.0091 -4.67701 5.34441 0.0309919 0.201126 -0.0364778 -0.000411017 199
18.2812 40.0335 18.363 0.0239176 0.214836 0.0848411 7.49052e-05 376
19.2184 8.70591 14.1014 0.0618342 0.110264 -0.0917692 -0.000340054 48
19.786 23.2782 -3.87679 -0.0829307 0.132098 -0.0255773 -0.000249763 313
20.0358 4.26009 13.7733 -0.053289 0.147272 0.0262825 -0.000348784 198
20.4623 -7.94346 3.46565 0.184524 0.104231 -0.0338003 -0.000274658 230
21.4685 16.3788 -5.96529 0.0576241 0.191431 -0.0998551 -0.000139905 429
21.9872 -10.8892 3.02817 0.0895073 0.141022 0.0283293 -0.000326237 67
22.3408 6.60755 1.65046 0.00252176 0.114421 -0.0241659 -0.000449683 172
22.4447 -33.2192 -8.12247 0.159332 -0.0211086 -0.0516585 -0.000127452 226
23.6413 -34.2479 8.79822 0.158139 -0.0241376 0.0599071 -0.000111503 162
25.4379 -8.62835 -27.4285 0.0076983 0.0536117 -0.137327 -0.000189397 30
25.8022 -27.7388 13.5179 0.14927 -0.00330988 0.0371741 -0.000162798 32
27.7138 5.66889 -12.734 -0.0146732 0.089905 -0.00234471 -0.000351045 110
28.6475 -28.0651 -10.7783 0.140783 0.0159646 -0.108529 -0.000101926 176
28.9726 165.251 30.2749 0.215189 1.43302 0.269094 0.0135034 262
29.5812 12.8511 -12.5684 0.0262771 0.133445 -0.02036 -0.000242917 208
30.1762 -10.0847 -4.6754 0.095131 0.122799 -0.0595815 -0.000215704 264
30.439 -14.3135 19.9244 0.0602788 0.051616 0.140263 -0.000157416 498
32.2053 23.3788 -1.34442 0.106207 0.149309 -0.00688349 -0.000103793 463
33.4018 -4.38734 -7.32636 0.222946 0.0136345 0.00958741 -5.01782e-05 390
33.5256 27.4676 24.6488 0.330997 0.380654 0.291243 0.00186979 103
35.1957 -1.76325 -14.8683 0.302109 0.0774731 -0.196878 0.000523392 464
35.2855 7.13605 11.2714 0.375736 0.149025 0.106547 0.000760752 220
35.8566 -7.52393 -25.6216 0.807098 -0.0940216 -0.571088 0.00588534 308
35.9027 22.8893 -2.87539 0.128808 0.171298 -0.00387957 -5.72351e-06 233
37.6143 1.45653 0.296624 0.0892929 0.139524 0.00202179 -0.000160534 66
39.7964 -15.4863 -23.3647 0.106686 0.0213074 -0.150341 -4.15532e-05 437
44.3019 -14.1162 10.0208 0.140815 0.0395967 0.0506703 -0.000113027 420
49.3311 2.72596 -7.24215 0.142033 0.108932 -0.0722189 -1.74843e-05 192
52.2449 1.42619 -14.2965 0.139658 0.00569084 -0.0536556 -9.05952e-05 337
52.6215 17.1322 -9.32948 0.226316 0.138949 -0.0416557 0.000228897 311
54.0915 20.8693 23.0757 0.195834 0.111013 0.0893892 0.00016634 74
57.2609 13.589 -19.1478 1.33856 0.372824 -0.447515 0.0131169 17
64.739 21.5654 -11.137 0.299197 0.132155 -0.0398312 0.000497771 318
65.0153 86.6063 21.3317 0.31069 0.462034 0.102717 0.00189021 119
66.9401 29.1811 -5.93308 0.484731 0.248552 -0.0211506 0.00168682 268
69.4703 28.3751 -47.0351 0.76881 0.35054 -0.529577 0.00607386 499
69.47 6.2517 -22.8562 1.11976 0.147982 -0.416284 0.00888628 261
