-204056 279087 111223 -2.12584 2.90752 1.15873
-152202 7476.68 19469.1 -1.586 0.0779277 0.202873
-143934 39489.7 -1804.86 -1.51611 0.415959 -0.0190003
-138429 -177733 -186602 -1.45784 -1.87176 -1.96516
-127471 285010 263141 -1.32814 2.96956 2.74172
-103606 37196.7 33957.2 -1.09681 0.393803 0.359498
-92366.5 -174372 43238.9 -0.962273 -1.81661 0.450462
-92042.5 -9125.48 121144 -0.959073 -0.0950787 1.26224
-88257.4 -82285.3 -1512.94 -0.919449 -0.857218 -0.015746
-87355.7 62718.5 -16153.1 -0.910617 0.653792 -0.168379
-84452.6 97477.2 -16605.1 -0.879834 1.01557 -0.173007
-83386.4 341511 -91782.5 -0.869817 3.5624 -0.957409
-81836.6 -114393 26638.5 -0.854113 -1.19384 0.277945
-74428.1 120249 89105.2 -0.776785 1.25501 0.929966
-68701.7 -4243.49 128034 -0.715711 -0.0442073 1.33381
-66293.8 190151 -155899 -0.690626 1.98093 -1.6241
-65618.6 -4787.18 -6176.75 -0.683987 -0.0499004 -0.0644214
-63425.3 7841.13 17905.1 -0.660795 0.0816924 0.186543
-62465.6 -24763.9 -39729.4 -0.651217 -0.258169 -0.4142
-62107.1 117244 -93168.4 -0.646992 1.22137 -0.970567
-61539.6 130835 51622.8 -0.649303 1.38044 0.54467
-61074.5 -16990.6 -59560.3 -0.636874 -0.177178 -0.621084
-56662.9 -65233.8 -44722.1 -0.590269 -0.679563 -0.465873
-55644.2 -23669.9 30779.2 -0.579681 -0.246586 0.320656
-55195.6 16452 -50805.5 -0.575036 0.171412 -0.529284
-54133.8 -80726.8 -165.526 -0.772594 -1.15213 -0.00236226
-52775.3 75860.4 -48179.4 -0.638675 0.918046 -0.583056
-50022.8 16659.8 -60139.5 -0.5212 0.17358 -0.626598
-43714.7 -171716 167674 -0.46388 -1.82217 1.77928
-43351.2 7130.04 -6483.52 -0.45312 0.0745253 -0.0677596
-42168.3 -148147 -213180 -0.439357 -1.54357 -2.22115
-38493.2 -33155.6 25283.6 -0.401008 -0.345405 0.263387
-37264.8 124665 119257 -0.388192 1.29864 1.2423
-35185.4 -26797.4 165785 -0.366556 -0.279164 1.72712
-34971.6 18269 -16138.6 -0.364306 0.190312 -0.168124
-34486 27415.5 -54592.5 -0.359541 0.285827 -0.569165
-33593.5 9486.76 -15649.1 -0.356297 0.100618 -0.165985
-31632.2 -1399.04 12737.9 -0.329516 -0.0145844 0.132938
-30951.1 6199.53 23744.3 -0.322791 0.0646511 0.247674
-28739.8 -17356.6 3541.17 -0.300067 -0.181217 0.0369845
-25742.3 13101.5 15270.8 -0.304363 0.154905 0.180579
-24646.3 -10592.5 37732.5 -0.25674 -0.11036 0.393059
-24186.1 24078.5 44622.3 -0.257658 0.256618 0.475497
-23810.6 9519.91 49611 -0.248081 0.0991841 0.516874
-23770.8 -32088.4 43331.3 -0.249284 -0.336519 0.454403
-22630.1 7089.93 3234.92 -0.235832 0.0739352 0.0336976
-21782.1 3839.48 13984.2 -0.226979 0.0400388 0.145727
-21540.2 10751.1 -2942.2 -0.225437 0.11252 -0.0307905
-20939.5 -22136.2 30302.5 -0.218127 -0.230616 0.315715
-19910.1 -120458 -83646.6 -0.207493 -1.25535 -0.871725
-19530.4 12818.8 -28740 -0.203492 0.13356 -0.299423
-19450.2 -32928.7 27749.4 -0.202636 -0.343041 0.289069
-19422.4 14450.5 -6709.4 -0.332828 0.247717 -0.115027
-19253.7 23904.3 -54359.3 -0.200574 0.249019 -0.566258
-17828.8 14504.4 421.196 -0.185908 0.151243 0.00439945
-17616.5 -22798.3 17752 -0.18386 -0.237945 0.18526
-17491.9 23174.1 -14045.3 -0.182354 0.241592 -0.146413
-17001.3 44631.8 -3149.95 -0.177071 0.464929 -0.0328209
-16957.1 10866.1 -12447.6 -0.178701 0.114511 -0.131203
-16532.8 16845.4 15237.4 -0.172261 0.175517 0.158785
-15982.5 2571.36 -5855.2 -0.167267 0.0269339 -0.0613863
-15396.8 -8080.62 -24353.1 -0.160645 -0.0843101 -0.254137
-14808.6 8758.67 -28445.1 -0.15431 0.0912408 -0.296366
-14128 -44523.1 35637.3 -0.147342 -0.464335 0.371649
-13466.4 77058.4 1031.91 -0.216879 1.24105 0.0166192
-12760.2 2587.02 -2787.49 -0.132923 0.0269342 -0.0290578
-12377.7 -8587.09 19547.6 -0.128963 -0.0894704 0.203702
-11743 16915.2 32682.8 -0.123367 0.177705 0.343364
-11732.2 -41755.5 -51324.4 -0.124948 -0.444915 -0.54692
-11326.1 -1882.23 -14508.9 -0.128405 -0.021339 -0.164578
-11072 31066.4 22159.7 -0.1156 0.324364 0.231353
-10926.8 -5091.62 -9924.11 -0.11394 -0.0530795 -0.103463
-10449.6 -32096.4 -38507.3 -0.109535 -0.336439 -0.403616
-10052.6 6956.33 14440.7 -0.10471 0.0724515 0.150441
-9851.9 4814.64 -8164.39 -0.134502 0.0657311 -0.111498
-9818.22 69003.5 -70496.4 -0.102292 0.718883 -0.734438
-9782.49 32954.3 -40496.8 -0.101908 0.343306 -0.421871
-8846.5 39272.6 -25957.2 -0.0921447 0.409183 -0.27046
-8702.8 -61319.2 100536 -0.0907159 -0.639203 1.048
-8617.75 22111.6 4917.2 -0.0897923 0.230364 0.0512153
-8279.59 29339.4 -26017.5 -0.0865337 0.306638 -0.271903
-7385.05 9615.22 -23636.2 -0.0771472 0.100443 -0.246889
-7349.63 -61846.1 -29854.6 -0.0765612 -0.644316 -0.311017
-6825.47 17481.5 -1207.83 -0.0712067 0.182269 -0.0126007
-6747.66 -11517 47617.9 -0.0708324 -0.120862 0.499765
-6255.99 -4988.94 6867.88 -0.0656035 -0.0523166 0.0720441
-6001.82 4559.82 15487.6 -0.0626425 0.0475912 0.161633
-5987.44 -16240.4 3057.07 -0.06538 -0.177492 0.0334198
-5115.44 -4819.22 -2619.77 -0.0532911 -0.0502115 -0.0272682
-5075.22 104529 -443927 -0.0529674 1.09091 -4.633
-4515.28 -4974.76 2938.12 -0.0470513 -0.0518268 0.0305847
-4209.85 -11774.9 17383.5 -0.0441524 -0.123494 0.182309
-4196.02 -15091 -45481.4 -0.0507019 -0.182348 -0.549549
-4045.06 2844.42 6729.19 -0.042168 0.0296392 0.0701775
-3819.49 1594.12 -999.059 -0.0397845 0.0165862 -0.0104049
-3544.26 -10173.7 -9082.21 -0.0369197 -0.105983 -0.0946311
-3523.81 -3411.25 4411.06 -0.0368523 -0.0356749 0.046115
-3293.97 49639.7 26839.7 -0.0343326 0.517246 0.27962
-3089.54 1766.13 -4175.34 -1.23477 0.705853 -1.66862
-3089.26 -209.757 -874.245 -0.322511 -0.021898 -0.0914869
-3064.49 -264418 -58934 -0.0333864 -2.88076 -0.642069
-2902.67 18168.8 -33161.1 -0.0304104 0.190383 -0.347409
-2810.42 26884.8 10795.8 -0.0293106 0.280204 0.112521
-2766.34 -709.284 1649.66 -0.0955182 -0.0244907 0.057108
-2611.92 -29971.8 22974.3 -0.0272008 -0.312237 0.239318
-2353 4971.5 2363.83 -0.0246584 0.0520985 0.0247397
-2164.82 -5205.05 -9634.17 -0.0226867 -0.0545482 -0.100925
-2032.41 -4547.73 -275.557 -0.02118 -0.0473994 -0.00284732
-1832.22 -1416.36 -914.297 -0.0191525 -0.0148081 -0.00952521
-1760.32 2975.93 10931.9 -0.0185227 0.0313035 0.115003
-1580.98 33611.7 -50512.1 -0.0362545 0.770739 -1.15828
-1543.92 -450.103 -201.941 -0.0160964 -0.00469499 -0.00207522
-1511.06 -2417.18 1442.3 -0.01697 -0.0271463 0.0161716
-1509.84 -270.629 10279.9 -0.015774 -0.00283464 0.107427
-1254.65 -6476.81 3588.3 -0.0134101 -0.0692265 0.0383191
-1158.96 -2062.38 2206.54 -0.0123081 -0.0218962 0.0234531
-1152.5 2088.16 1764.5 -0.0146137 0.0264779 0.0223902
-1117.32 5115.56 -8992.9 -0.011948 0.0547025 -0.0961369
-1107.81 3733.72 9457.03 -0.0118981 0.0401006 0.101567
-1070.16 -158.977 -325.931 -0.0111721 -0.00166742 -0.00336763
-957.321 1231.73 732.86 -0.0100036 0.0128705 0.00767101
-692.316 9634.25 -17210.3 -0.00726032 0.100361 -0.179313
-600.012 1969.55 -8252.58 -0.00626172 0.0205476 -0.0860293
-582.179 893.701 13760.3 -0.00608516 0.00933109 0.143773
-565.927 -1223.05 -2504.95 -0.0074033 -0.0159984 -0.0327482
-536.755 -1401.39 5532.44 -0.0056018 -0.0146234 0.0576985
-482.146 81.7015 47.973 -0.00504504 0.000852073 0.000467221
-348.068 -7720.63 -29260.5 -0.00389214 -0.0863334 -0.327121
-278.56 239.462 663.896 -0.00363844 0.00312516 0.0086307
-268.949 -1605.19 13719.1 -0.00285505 -0.0170429 0.145828
-236.037 -1201.3 1675.57 -0.00254608 -0.0129544 0.0180352
-218.315 -13329.7 -718.369 -0.00238576 -0.145247 -0.00787187
-198.841 874.705 -786.59 -0.00209013 0.0091637 -0.00817863
-194.129 -2602.74 3191.71 -0.0022268 -0.0298555 0.0365902
-172.239 22.0337 86.8833 -0.0018029 0.00023592 0.000868964
-159.529 -345.929 -159.408 -0.00167561 -0.00364105 -0.0016366
-112.979 5378.25 -10391.6 -0.00120099 0.0571679 -0.110427
-112.751 -1079.72 -11482.1 -0.00254154 -0.0243382 -0.258395
-104.437 -13.1039 -194.975 -0.00122538 -0.000154827 -0.00224634
-63.3821 1091.13 1283.77 -0.0102113 0.175788 0.206672
-52.132 -4.52055 -357.235 -0.000572893 -7.23722e-05 -0.00371073
-47.3221 -2.15175 26.7425 -0.00049241 -2.63423e-05 0.000242156
-32.9064 27.0138 -3.61731 -0.000377024 0.00030424 -2.74757e-06
-23.7339 51.3784 69.1843 -0.000518866 0.00112157 0.00143211
-20.8554 22.8665 -15.5243 -0.000227201 0.000242603 -0.000121315
-20.5295 13.7775 -5.62408 -0.000242757 0.000160968 -1.82094e-05
-8.97466 -4.15058 0.692759 -2.88159e-23 -2.20723e-22 -0.000106338
-8.89886 14.0312 -4.11778 -9.77168e-05 0.000153409 -2.81415e-06
-8.6206 1.10089 -0.118114 -5.06153e-18 -3.87701e-17 0.106606
-8.44141 4.12483 1.29001 -1.90583e-21 -1.45982e-20 -2.24376e-05
-8.40357 -1.45125 -0.106422 -7.20615e-19 -5.51974e-18 -0.184804
-8.36597 -6.70609 -2.31789 7.43455e-27 -1.4503e-27 2.82414e-19
-8.13684 1.67232 -5.4866 -1.34722e-23 -1.03194e-22 3.69847e-22
-8.13517 -1.62348 -3.75229 -7.05512e-20 -5.40406e-19 3.0018e-08
-8.10032 3.41446 -0.191133 -1.52003e-18 -1.16431e-17 0.000497991
-7.56049 2.42187 3.70693 -4.40998e-19 -3.37794e-18 -2.33859e-09
-7.31735 -2.59034 0.585131 -2.97911e-15 -2.28193e-14 -0.00985103
-6.69801 0.199896 -4.48885 -8.07108e-16 -6.18226e-15 2.60225e-12
-6.66649 -10.0891 -3.37146 -6.91097e-05 -0.000105144 1.12157e-07
-6.58155 -1.36591 -0.234019 -8.56623e-13 -6.74066e-12 0.153513
-6.47526 6.63727 1.91668 -2.78906e-21 -2.13635e-20 -1.75096e-17
-6.27781 -12519.9 -280.016 -9.64836e-05 -0.201613 -0.00450934
-6.19992 -1.8319 -0.226713 -2.6118e-11 -2.06081e-10 0.00425292
-6.18542 -3.50604 0.754536 -1.02546e-12 -7.85543e-12 0.000592077
-5.81601 -4.21203 0.0401016 -4.77457e-13 -3.65752e-12 -1.57971e-06
-5.70247 -1.99179 0.809633 7.49194e-12 -5.77949e-10 0.0350062
-5.70067 -3.98826 -3.3671 -4.01306e-16 -3.07399e-15 1.13493e-11
-5.57864 -1.50204 -0.00881787 2.33805e-09 -5.22355e-10 -0.19406
-5.57337 -7.94736 4.85355 1.72979e-26 -3.3744e-27 -8.29673e-28
-5.33554 -1.83011 0.0755161 6.99476e-09 -5.22318e-08 -0.0921811
-5.27034 0.804071 -4.76292 -7.76614e-13 -5.94918e-12 -5.08684e-12
-5.24421 -7.13751 2.00529 1.60899e-18 -3.13875e-19 -8.64622e-20
-5.21515 -2.44815 -1.08632 -1.42798e-09 -2.27973e-08 -0.0107763
-5.10494 3.34561 -4.58235 -7.68897e-05 4.8638e-05 -4.207e-06
-4.9331 -3.11043 0.18619 -3.24407e-09 -3.53295e-08 -0.00379167
-4.87598 0.974501 0.239305 5.24231e-06 -1.33048e-06 -0.00825501
-4.77372 -1.73243 0.0199198 3.03793e-06 -6.9316e-07 -0.00890087
-4.71115 2.55397 -3.33904 -2.28642e-10 -1.78601e-09 1.79653e-07
-4.70883 -3.71797 0.447852 -7.31696e-10 -6.9126e-09 8.99873e-05
-4.63736 0.805143 -3.90609 -7.56992e-10 -6.19159e-09 1.64716e-08
-4.47688 -5.17539 3.69954 3.09298e-14 -6.03366e-15 -1.48566e-15
-4.42917 3.42573 -2.92909 -2.53005e-10 -1.96965e-09 1.48938e-07
-4.28915 -0.23841 4.22591 -1.47542e-09 -1.2361e-08 -1.08296e-08
-4.27901 4.89114 2.77247 -2.5726e-13 -1.97207e-12 -6.25902e-12
-4.19137 2.54693 -0.0182941 6.62513e-06 -4.64327e-06 -0.00524543
-4.16983 -3.8331 -6.33152 2.70796e-16 -5.28258e-17 -1.29884e-17
-4.1508 5.52232 1.19929 -5.99182e-13 -4.59278e-12 -7.42949e-10
-4.08408 -0.213009 5.80249 -2.29369e-13 -1.75769e-12 -1.50571e-12
-4.06875 -2.75996 7.96489 5.00572e-08 -4.38463e-08 7.73227e-05
-3.99645 -2.58914 -0.745626 1.15419e-05 6.68552e-06 0.00888589
-3.77352 0.937045 -3.51403 4.55445e-07 -7.32726e-07 2.12953e-06
-3.66424 2.93438 -5.04906 -5.18946e-12 -3.97636e-11 -3.4062e-11
-3.61905 -2.43349 -2.89559 2.47774e-07 -1.77313e-07 1.16413e-05
-3.61831 2.93948 -4.79024 -2.19929e-11 -1.68693e-10 -1.4449e-10
-3.54187 -1.54264 7.9085 -1.57534e-18 -1.20667e-17 -1.03368e-17
-3.43474 -3.33939 -3.6002 1.989e-08 -3.68575e-09 -8.91161e-10
-3.36778 3.18916 -6.0064 -2.8593e-14 -2.19016e-13 -1.87618e-13
-3.33393 -4.73572 -0.811199 1.87955e-08 -2.56427e-09 5.26271e-06
-3.32155 -1.39909 4.0933 3.85862e-08 -2.29858e-07 -2.23138e-07
-3.30038 1.35357 3.79466 5.8765e-07 -1.04009e-06 -6.65369e-07
-3.28587 2.14455 6.83984 -1.00519e-15 -7.69951e-15 -6.59571e-15
-3.27255 4.45264 -4.85732 -5.82234e-14 -4.45995e-13 -3.82055e-13
-3.18212 -4.13097 2.23947 8.59885e-08 -8.33474e-09 -6.29585e-07
-3.08531 -4.8944 -1.3958 1.66256e-08 -2.81667e-09 2.07634e-07
-3.04051 3.37503 2.97877 6.01314e-08 -2.30011e-07 -2.2938e-07
-3.03238 -1.88037 -7.64775 -2.97264e-17 -2.27697e-16 -1.95055e-16
-3.02888 -0.832092 4.18316 5.56602e-07 -2.75925e-07 -3.7777e-07
-2.93705 4.78152 -0.793071 -2.5997e-09 -6.73146e-08 3.80718e-06
-2.91254 -10.5827 -2.95547 7.66079e-30 -1.49444e-30 -3.67441e-31
-2.78428 3.49697 -3.48186 2.40866e-09 -3.57541e-08 -2.3988e-08
-2.68221 -4.47901 4.07518 3.18992e-10 -6.21421e-11 -1.52979e-11
-2.67583 -0.798791 -4.22341 -6.43193e-05 -2.05741e-05 -1.11704e-06
-2.63101 0.407568 -4.50148 7.60444e-07 -1.54632e-06 -1.17681e-06
-2.61974 3.34981 4.27892 -5.06485e-11 -1.09116e-09 -8.48557e-10
-2.52956 0.692874 7.29574 -1.16458e-14 -8.92039e-14 -7.64157e-14
-2.51737 -0.88687 -5.84551 -5.5387e-11 -4.28368e-10 -3.67127e-10
-2.51602 -1.12813 -4.42985 4.78512e-06 -4.51552e-06 -5.21262e-06
-2.45508 -5.54319 0.35699 7.07321e-09 -1.26889e-09 -2.74179e-09
-2.23631 3.18343 -5.0328 -1.49718e-10 -1.15722e-09 -9.89923e-10
-2.15703 5.14881 -0.278121 6.49361e-09 -5.9868e-08 1.08868e-07
-2.08515 -6.57729 -0.122881 3.18931e-11 -6.2188e-12 -1.52595e-12
-2.04236 -0.0603721 6.52364 -8.86104e-12 -6.78886e-11 -5.81562e-11
-2.00495 19.3099 25.7192 -4.21376e-05 0.000395697 0.000448453
-1.90923 -4.12091 -6.28654 1.12952e-13 -2.20342e-14 -5.4176e-15
-1.90811 9.4633 2.77976 -1.38779e-22 -1.89194e-23 7.09412e-23
-1.84126 5.71029 -3.99922 -4.22691e-13 -3.23781e-12 -2.77362e-12
-1.83158 5.2934 -1.25514 4.05056e-10 -1.49525e-08 -1.62001e-09
-1.77897 -4.64211 5.07688 1.13782e-12 -2.21847e-13 -5.45721e-14
-1.7118 -0.338271 9.19868 -1.13633e-20 -8.70405e-20 -7.45623e-20
-1.67974 5.50546 1.0291 -2.58512e-09 -2.4726e-08 -2.15218e-08
-1.45866 -0.751231 -5.50325 -1.55148e-05 -1.07949e-05 -1.27375e-05
-1.44974 -0.174079 5.36554 7.27729e-09 -2.16546e-08 -1.95995e-08
-1.44331 4.4932 2.23318 1.96394e-07 -1.23687e-06 -3.98613e-07
-1.3605 -4.55878 -2.57884 5.55359e-07 5.77803e-08 -2.35623e-08
-1.31283 -7.75045 -0.85214 2.57648e-14 -5.02609e-15 -1.23578e-15
-1.26298 -6.07831 -5.66907 5.53842e-17 -1.08041e-17 -2.65644e-18
-1.20311 1.02891 -6.24379 -6.21456e-11 -4.77903e-10 -4.09229e-10
-1.14254 6.01365 6.30829 -1.65845e-18 -2.26094e-19 8.47771e-19
-1.10297 7.40098 -3.13865 -1.99842e-15 -2.72441e-16 1.02156e-15
-0.971262 -2.24679 5.32199 2.8662e-08 -5.00747e-09 -1.36356e-09
-0.893013 4.27108 -6.03816 -9.57919e-13 -1.30592e-13 4.89671e-13
-0.863683 -3.97714 -3.87194 1.13153e-07 -6.39728e-09 -5.26963e-09
-0.817901 9.17716 0.251782 -3.67672e-19 -5.0124e-20 1.87947e-19
-0.812211 -5.3314 3.85082 2.65202e-10 -5.1645e-11 -1.27195e-11
-0.765104 0.562956 -6.3389 -1.46152e-10 -1.12127e-09 -9.60388e-10
-0.667934 -5.04161 -3.95936 8.66198e-10 -1.68071e-10 -4.15406e-11
-0.657609 7.4775 0.874238 -3.41348e-13 -4.65356e-14 1.74491e-13
-0.480788 2.90453 -4.28554 -4.84109e-06 -1.14059e-06 -3.32698e-06
-0.449444 1.15068 -5.43847 -1.19348e-08 -1.19877e-07 -9.65552e-08
-0.394789 -4.28341 -4.1969 5.66321e-09 -9.32033e-10 -2.70879e-10
-0.340436 5.81442 -1.68505 -5.6372e-09 -8.90138e-10 2.88754e-09
-0.262674 -3.53738 -4.0168 4.04695e-07 1.47727e-07 -1.85589e-08
-0.239598 -5.85068 2.25283 3.92326e-09 -7.56237e-10 -1.8818e-10
-0.210075 -4.75172 -3.52639 4.54279e-09 -3.38801e-10 -2.16736e-10
-0.136429 3.46481 4.19883 -4.72783e-07 -1.58615e-07 2.43241e-07
-0.0522443 -4.61058 -3.09399 1.25386e-07 1.16873e-08 -5.99045e-09
0.0295294 2.51938 -5.08977 -1.36596e-08 7.83481e-09 -8.85267e-09
0.110478 5.7292 3.10958 -3.83275e-11 3.51645e-11 -2.49396e-11
0.11439 -4.74671 2.89637 2.29178e-07 -1.10033e-08 -1.10323e-08
0.155403 -1.76394 4.67333 7.38591e-07 3.37138e-06 -4.63715e-08
0.261376 -2.23753 -4.43295 1.68663e-05 -8.42102e-05 -3.87609e-06
0.506814 5.01547 1.32429 -6.48677e-07 -7.48584e-07 -4.09254e-07
0.61246 -1.65169 -6.98951 5.74465e-12 -1.12064e-12 -2.75536e-13
0.623954 -0.0837413 7.7889 -5.67348e-15 2.43493e-14 1.19703e-14
0.740533 -0.746768 5.10221 -2.61697e-06 -1.37401e-07 1.45611e-06
0.754988 -5.89184 0.202348 2.5807e-08 -4.52946e-09 -1.27112e-09
0.767335 -2.19842 -5.25568 2.63594e-08 -3.38226e-09 -1.29586e-09
0.837053 -2.10975 4.28338 -2.03535e-06 9.66464e-06 -7.96695e-08
0.886711 5.83135 1.59406 -1.74537e-09 1.54075e-09 -1.13238e-09
0.903813 -6.90508 3.03303 1.69158e-13 -3.29987e-14 -8.11349e-15
1.00251 -1.81289 -5.67148 2.26447e-09 -3.96134e-10 -1.09968e-10
1.006 -3.03594 6.47264 6.08666e-12 -1.18735e-12 -2.9194e-13
1.03224 5.10991 -2.34175 -6.53539e-08 5.27686e-08 -4.16244e-08
1.08875 -3.91892 -3.47399 4.85638e-07 1.80825e-07 -2.70726e-08
1.13358 -2.2512 -4.72012 4.34752e-07 6.74162e-08 -2.4838e-08
1.13494 1.57071 6.26348 -3.9723e-10 3.68364e-10 -2.58495e-10
1.17252 5.15721 1.43313 -1.10738e-07 -5.73306e-09 -7.1443e-08
1.22282 4.64878 -2.04847 -9.61224e-07 -5.28434e-07 -3.85184e-07
1.27789 -7.41915 0.742426 9.26313e-14 -1.807e-14 -4.44302e-15
1.2795 7.10034 1.68463 -4.16123e-13 3.85996e-13 -2.70822e-13
1.28159 4.68061 3.13877 -2.56819e-08 2.03065e-08 -1.62147e-08
1.29149 -11.3801 -4.00652 3.41268e-05 -0.000280434 -4.82205e-06
1.46856 -6.60795 -4.18838 1.85418e-14 -3.61706e-15 -8.89336e-16
1.52128 0.649151 -6.81338 -5.42606e-13 1.27529e-12 -1.05297e-12
1.54591 4.2644 7.40304 -3.80733e-17 3.5317e-17 -2.47789e-17
1.56948 -4.38252 -3.02462 1.51915e-07 3.65585e-09 -7.86789e-09
1.64592 -1.8119 4.7703 -2.49573e-08 2.28965e-07 -1.26764e-07
1.84331 -5.03817 0.847928 2.00118e-07 9.89425e-08 -3.60268e-07
1.86819 -5.16563 -0.333504 1.68269e-07 3.36537e-08 1.23031e-07
1.89792 1.54832 5.58163 -5.09483e-10 1.11339e-09 -9.37211e-10
2.06801 2.43549 -4.2642 -6.75867e-07 6.23378e-07 -7.75208e-07
2.10774 3.5063 -5.29516 -7.63376e-11 7.07736e-11 -4.96727e-11
2.14053 -4.24286 3.41146 2.22172e-10 9.64938e-10 -3.84923e-11
2.22744 -0.298977 -5.53763 -3.06287e-09 1.25997e-08 6.18547e-09
2.26123 -0.159704 6.09817 -6.37399e-11 2.72797e-10 1.34103e-10
2.34863 -5.99642 -5.72645 5.98028e-17 -1.16661e-17 -2.86838e-18
2.44694 -3.46762 3.59115 -1.57369e-08 2.81191e-08 -3.33229e-09
2.45069 2.87453 -6.20854 -2.35198e-13 5.52923e-13 -4.56521e-13
2.47675 -4.59312 -0.417432 8.58597e-07 8.324e-07 -1.31171e-05
2.57659 2.69059 232.816 -1.24502e-05 7.88475e-06 0.00243044
2.59483 2.7524 -3.16263 -6.44287e-06 -3.70429e-06 -7.48518e-07
2.63535 -5.85111 -2.28908 3.95687e-11 -7.71183e-12 -1.88131e-12
2.66029 7.31046 1.30506 -2.29442e-14 2.12832e-14 -1.49326e-14
2.73064 -4.66937 5.26213 2.07291e-13 3.70046e-13 -3.77382e-13
2.86103 6.20572 8.66342 -2.1603e-28 2.0039e-28 -1.40597e-28
2.9162 2.70865 -3.43038 -6.68107e-07 -1.9434e-07 -2.20235e-07
2.97184 -3.45222 -0.685428 -1.19692e-05 1.40474e-05 -0.00146612
3.12226 2.81258 4.87828 -1.25179e-10 2.92363e-10 -2.41828e-10
3.1268 -3.82564 2.07442 5.11105e-09 2.82379e-07 -8.37419e-06
3.14011 -7.85772 -1.3107 7.84214e-17 -1.52981e-17 -3.76138e-18
3.28159 -5.56888 4.09106 8.09356e-14 1.44482e-13 -1.47347e-13
3.29475 6.00392 -1.86431 -4.2889e-12 3.97817e-12 -2.71542e-12
3.30928 -6.84793 0.219138 1.81601e-13 -3.5426e-14 -8.87489e-15
3.33207 4.14545 2.00184 -7.01613e-08 5.53554e-08 -2.62556e-06
3.41521 -2.06566 3.82316 -3.64316e-08 1.24535e-07 -7.17122e-08
3.44104 -3.78256 0.360402 -6.47963e-07 1.06465e-06 -0.000650785
3.53838 2.02963 3.78507 -3.17856e-08 4.87026e-09 -1.95302e-08
3.60495 -2.66017 4.76126 -5.70407e-10 -1.46066e-10 3.90418e-10
3.61533 5.6129 0.237011 -9.6245e-11 8.92061e-11 -9.08029e-10
3.68122 4.26474 -2.63733 -5.08979e-10 1.15774e-09 4.83653e-09
3.73147 -4.70544 -3.03335 3.03534e-11 5.42333e-11 -5.38516e-11
3.77493 -4.13487 0.231024 1.61587e-08 7.71524e-08 2.0745e-05
3.81383 -4.8399 -2.77604 3.21132e-11 5.73594e-11 -5.12409e-11
3.8377 -2.8606 -6.55983 -1.58985e-15 -4.07641e-16 1.08854e-15
3.9085 -0.560082 -5.75482 -2.19141e-12 9.40282e-12 4.62248e-12
3.92239 2.83925 -3.81975 -1.98172e-09 4.58878e-09 -3.75302e-09
3.92943 3.71706 2.64501 -1.85391e-09 3.93756e-09 -3.80685e-07
3.99087 -5.83106 -0.350387 5.13004e-12 9.15834e-12 8.07408e-11
4.06115 -2.92781 -4.01099 -2.96333e-10 -7.49587e-11 2.03726e-10
4.29802 -1.41063 -5.14374 -1.17337e-11 5.03448e-11 2.47494e-11
4.34314 6.90749 -0.641787 -2.63164e-15 2.44112e-15 -1.6101e-15
4.53709 -2.84835 -1.1601 -5.49844e-08 4.04851e-09 -0.00449423
4.70555 -4.97846 0.862977 1.33582e-11 2.38513e-11 -6.146e-07
4.80834 -0.302524 5.24283 -2.75674e-12 6.48081e-12 -5.35082e-12
5.07071 -14.5062 568.932 9.00284e-05 -0.000140611 0.00591242
5.12994 -1.67957 -0.508591 -1.64866e-07 1.56297e-07 -0.0807689
5.24674 -92.508 2680.95 0.00204985 -0.0369232 1.0715
5.25305 1.45082 -5.04504 -4.12946e-14 9.70791e-14 -8.01436e-14
5.34981 -4.76726 0.0127259 2.98194e-12 5.32335e-12 -3.65827e-06
5.45016 -1.82961 0.165505 -8.84016e-09 2.03292e-08 0.0462231
5.453 2.54794 2.90391 -3.20629e-11 7.53305e-11 -8.17692e-06
5.58113 3.48545 2.39654 -5.20292e-12 1.22204e-11 2.24989e-06
5.80138 2.13589 1.02304 -1.0631e-11 -3.78488e-12 0.022634
5.84811 -8.12246 -4.69732 7.92483e-28 1.4147e-27 -1.44275e-27
5.92216 1.2922 -0.19164 -3.99464e-09 9.0768e-09 0.0344855
5.94317 -3.09313 0.0537389 -2.71754e-11 1.16494e-10 -0.00130575
5.97231 1.47824 -0.3476 -8.7541e-10 1.96027e-09 0.0358458
6.18853 16.5899 -3.91265 6.17003e-05 0.00017797 -1.79143e-06
6.38196 0.410437 -0.154533 -4.01394e-12 4.64901e-12 0.0554458
6.40191 3.14573 -1.94482 -3.47986e-13 8.18083e-13 -0.000132681
6.51833 4.09536 -1.15351 -3.7447e-16 8.80353e-16 5.79641e-05
6.82645 1.06216 0.258383 -1.81083e-13 4.20425e-13 0.0439377
28.3123 31.8646 -17.2874 0.000318888 0.000352403 -0.000149062
31.5847 25.8297 -4.53232 0.000341249 0.000279722 -1.02586e-05
46.7641 -2310.29 129498 0.000565402 -0.0279577 1.56716
50.3485 -1632.7 148848 0.000525545 -0.017018 1.55136
80.1341 2732.72 12469 0.000834834 0.0284717 0.130001
104.459 -373.592 15387.3 0.00110064 -0.00393556 0.162889
108.852 -9.75357 -2.34687 0.00114273 -0.00010181 1.10832e-05
156.55 5506.43 -12656.9 0.00168385 0.0574287 -0.132043
174.268 513.792 88.1003 0.00245726 0.00724597 0.00119503
198.933 -11756.6 -10004.1 0.00207602 -0.122478 -0.10419
264.127 -1130.43 -6954.95 0.00278231 -0.0117557 -0.0724563
300.761 15240.9 3115.25 0.00334817 0.166588 0.0340576
303.249 367.151 106.196 0.00347338 0.00420075 0.00117626
428.99 -861.476 2252.24 0.00450928 -0.00905721 0.0235677
455.934 927.961 910.352 0.00484915 0.00987007 0.00970267
538.939 -785.804 199.306 0.00564376 -0.00824317 0.00215655
700.868 -9629.99 81.5198 0.00725484 -0.100348 0.000844912
731.67 10551.9 -2899.04 0.00769981 0.111022 -0.0305359
740.027 -1175.02 -35.4759 0.00773504 -0.0122745 -0.000396514
813.258 4969.7 1785.31 0.00877868 0.053647 0.0192462
872.224 7225.12 -3066.83 0.00919331 0.0761414 -0.0322954
895.386 -115.536 955.904 0.0192561 -0.00248471 0.0210452
985.897 -819.088 14963.7 0.0107367 -0.00891602 0.163018
1020.24 -4712.27 3936.01 0.0107541 -0.0496484 0.041507
1082.57 -3234.68 2689.56 0.0113039 -0.0337748 0.0281038
1252 -1643.61 2827.89 0.013171 -0.0172892 0.0297117
1255.78 2766.76 2438.26 0.0131093 0.0288845 0.025474
1314.18 -7174.97 -9826.18 0.0136997 -0.0747295 -0.102369
1320.34 -2731.86 2478.81 0.0138055 -0.0285577 0.0259363
1347.9 -793.509 2422.88 0.0141612 -0.00834532 0.0254484
1432.3 -18441.6 -18075.8 0.0176002 -0.226612 -0.222101
1458.27 1116.18 12748.7 0.0152373 0.0116546 0.133186
1620.26 2690.64 967.833 0.0169314 0.0282323 0.0101598
1916.47 6894.19 -5790.1 0.0840282 0.302279 -0.253797
2016.7 -71560 -16792.1 0.0210505 -0.745676 -0.174983
2127.9 -123.126 -228.383 0.0221959 -0.00128151 -0.00235233
2134.41 -30792.4 -17067.4 0.0223697 -0.322648 -0.178772
2361.67 -1913.32 1949.46 0.0255729 -0.0207522 0.0210916
2675.91 4086.24 -2487.96 0.0278678 0.0425582 -0.0259293
2788.83 5286.23 -10498.4 0.0290555 0.0550879 -0.109374
2956.22 5410.17 28404.6 0.030803 0.0563924 0.295975
2956.25 -33096.8 -20833.2 0.0307962 -0.344758 -0.217
3092.43 -7809.38 8837.82 0.0332094 -0.0838644 0.0948977
3272.46 -18733.8 9897.53 0.0342598 -0.196463 0.103807
3636.67 7305.96 13730.1 0.0379089 0.0761609 0.143129
3691.51 14176.2 70054.1 0.0384094 0.147682 0.729785
3855.54 -2850.95 -2453.65 0.0407353 -0.0301213 -0.0259443
4265.17 3546.49 24065.6 0.0444343 0.0369677 0.250727
4310.2 121007 -9091.64 0.0451076 1.26647 -0.0951554
4346.42 -50462.6 22747.4 0.0453417 -0.526378 0.237278
4368.58 6367.73 -3900.12 0.0455031 0.0663282 -0.040617
5050.25 -11037.9 50881.2 0.0585019 -0.127868 0.589426
5069.86 -3327.48 -6557 0.0528613 -0.0346915 -0.0683368
5717.02 3426.45 -8007.63 0.0600989 0.0360233 -0.084165
5963.12 -51238.8 -7307.07 0.0621018 -0.533796 -0.0761258
6200.69 21462.4 11800.3 0.0671605 0.232475 0.127805
6309.22 -393.192 73844.8 0.0657292 -0.00409845 0.769295
6489.7 9308.58 2380.1 0.0715823 0.102675 0.0262295
6597.76 -9239.17 22293.7 0.0689205 -0.0965116 0.232869
6733.89 -17417.9 12901.8 0.0701793 -0.181634 0.134554
7057.18 8228.26 685.929 0.0737691 0.0860107 0.00716686
7493.13 16629.9 -40487.5 0.0795096 0.176463 -0.429629
7704.38 18937.8 -18588.8 0.0807363 0.198573 -0.19493
7725.22 -32946.1 -15136 0.0805148 -0.343373 -0.157743
7737.56 -15868.9 -20213.2 0.132737 -0.272005 -0.34648
8169 4627.76 -7478.28 0.0893675 0.050627 -0.0818361
8317.82 33056.3 84635.9 0.0866586 0.344391 0.881741
8638.48 -6003.35 -66271.6 0.0899954 -0.0625323 -0.690348
9070.61 -104287 -108904 0.0945406 -1.08652 -1.13463
9136.73 -8247.87 -15963.8 0.0952025 -0.0859366 -0.166324
9177.69 13558.7 -16378.1 0.096217 0.142147 -0.171692
9278.22 27117.2 -82722.1 0.0968285 0.283025 -0.863342
9706.58 9405.22 7347.04 0.101178 0.0980382 0.0765918
9815.66 -141122 66108.5 0.102413 -1.47213 0.689624
9835.85 -2100.15 2239.65 0.10446 -0.0223043 0.0238029
9914.75 -240893 -29401.4 0.103405 -2.51235 -0.306637
10185.4 44988.5 42733.4 0.106175 0.469083 0.445591
10210.5 121015 -163684 0.106361 1.26061 -1.70508
11074.1 22513.2 -13997.2 0.11546 0.234682 -0.145916
11088.6 -39128.1 2492.91 0.115571 -0.407809 0.0259666
11341.5 -39179 -23149.4 0.131418 -0.453979 -0.26822
11967.8 -28993.1 9664.58 0.124701 -0.302131 0.10065
12294.6 32465.7 63067 0.128078 0.338205 0.656969
12527.4 6327.45 -2499.5 0.144625 0.0730487 -0.0288714
12667.5 -27787.4 20105.7 0.133651 -0.293175 0.21213
13013.2 1574.82 6177.48 0.136107 0.0164713 0.0645943
13320.9 -24209.1 -18794.2 0.138928 -0.252484 -0.195994
13437.7 -20200.9 -5059.32 0.140242 -0.210839 -0.0527676
13587.2 6429.91 16498.2 0.141969 0.0671844 0.172414
14021.3 -6206.25 -13829.4 0.155587 -0.0688675 -0.153491
15337.8 -30988.3 15933.3 0.159797 -0.322845 0.165985
15340.3 -32890.4 27437 0.181864 -0.389925 0.325256
15405.2 -3358.75 -4088.77 0.219509 -0.0478591 -0.0582793
15711.4 79078.1 -273007 0.163676 0.823823 -2.84413
15809.8 15765.3 -13801.9 0.165187 0.164723 -0.144193
16033.6 -14984.4 -30019.3 0.168444 -0.157421 -0.315381
16215.5 -23691.2 93443.6 0.168946 -0.246839 0.973607
16488.9 573.341 44340.3 0.171823 0.00598818 0.462006
17243.2 -25489.4 -27371 0.179723 -0.26566 -0.285281
17544.5 10407.3 -2785.85 0.18278 0.108409 -0.0290121
17952.2 -52528.6 -56925.7 0.187522 -0.548692 -0.594621
18478.5 -31105.4 -24988.5 0.233727 -0.393438 -0.316051
18928 -14037.6 7632.33 0.197785 -0.146684 0.0797687
20143.1 13193.9 -5011.54 0.21085 0.138109 -0.0524566
21674.2 -10310.6 12124.2 0.225802 -0.107416 0.126298
22099.3 -160906 -195829 0.230245 -1.67642 -2.04027
22372.5 -20052.6 -39461.1 0.233078 -0.208905 -0.411115
22735.3 -1010.36 -14251.7 0.236899 -0.0104981 -0.148495
23286.2 27729.1 -39459.4 0.332336 0.395744 -0.563159
24735.9 13995.9 -13694.5 0.25766 0.145808 -0.142669
25480.3 3664.1 48622.3 0.265496 0.0381759 0.5066
25767.3 -33999.8 -120172 0.272882 -0.359962 -1.27228
25952.2 21600.5 -19683.7 0.27052 0.22517 -0.205188
28515.7 14276.9 -70428.9 0.29708 0.148732 -0.733728
29180.4 -84823.5 54234.6 0.30401 -0.883628 0.56498
29470.8 60407.7 -42921 0.307001 0.629311 -0.447156
29766.5 35446.7 113364 0.310092 0.369263 1.18097
30789.1 1316.44 -61320.2 0.321013 0.0137225 -0.639335
31168.1 -22240.2 -23103.8 0.325005 -0.231909 -0.240924
31499.4 42252.1 260549 0.328605 0.440779 2.71809
31522.1 -39645.7 20054.4 0.328455 -0.41305 0.20893
34646.6 62867.4 -136814 0.361438 0.655841 -1.42726
40634.3 32082.3 36511.6 0.423366 0.33427 0.380414
41141.8 -30084.5 -33558.2 0.430231 -0.314602 -0.350946
41477.6 -33882.9 23756.1 0.951111 -0.776961 0.544746
44682.4 -2726.07 -8636.88 0.53627 -0.0327178 -0.1037
45153 -50982 26681.5 0.470448 -0.531173 0.277991
53774.4 -32502.4 60020.1 0.56067 -0.338903 0.625842
55809.7 323191 338609 0.581403 3.36699 3.5276
57076.4 -21798.2 -9501.67 0.594853 -0.22718 -0.0990279
60826.5 31043 -46651.4 0.633843 0.323485 -0.486152
61449.2 19541.8 44443.9 0.640126 0.203571 0.462995
71283 -82913.9 146487 0.743214 -0.864482 1.52731
76085.8 9005.53 -30889.5 0.792654 0.0938194 -0.321821
82039.3 -153710 -160115 0.855055 -1.60204 -1.6688
86202.2 50408.9 -155563 0.898064 0.52517 -1.62067
88330.9 -18652.2 -26771 0.920133 -0.194306 -0.278875
93081 81663.3 -37807.2 0.969933 0.850957 -0.393959
98541.7 -160842 -85649.8 1.02653 -1.6755 -0.892217
101906 -30719.1 21977.1 1.06154 -0.319993 0.228934
105461 -46603.4 16985.8 1.11086 -0.490886 0.178912
117989 67146.5 90558.9 1.23013 0.700056 0.944151
131681 -49445.4 -11537 1.37316 -0.515611 -0.120315
148352 -115845 -107866 1.5457 -1.20701 -1.12386
162959 7566.74 -185219 1.69788 0.0788428 -1.92986
173242 -34726.2 383220 1.80804 -0.362395 3.99944
220388 278752 117785 2.32096 2.93561 1.24043
307440 -706237 -456813 3.20286 -7.35747 -4.75901
