-103.022 125.625 27.2917 -0.992315 1.16578 0.264024 0.0150082 90
-79.1911 39.9142 6.42477 -0.426721 0.189523 0.0433446 0.00123372 51
-78.6921 4.83533 -27.2501 -0.247165 -0.0244642 -0.0779329 0.000273665 20
-78.5363 -0.8248 29.5218 -0.153754 -0.0197163 0.0931459 5.54303e-05 106
-70.3141 -9.73568 5.48015 -0.127652 -0.0775167 0.0139212 -3.49609e-05 190
-65.7445 -53.7187 -4.71182 -0.282973 -0.244702 -0.0220724 0.000730746 381
-61.7737 86.8663 75.7171 -0.292934 0.367165 0.343085 0.00201894 449
-60.0578 -43.6827 2.82755 -0.0867039 -0.129889 0.00904631 -1.52565e-05 250
-58.0543 -69.1688 21.1996 -0.25092 -0.329081 0.115829 0.00101944 200
-55.998 -18.5072 2.81688 -0.0645769 -0.093264 0.00502477 -0.000131121 314
-54.2429 31.4465 35.4602 -0.112031 0.0101808 0.118159 -7.18323e-06 11
-52.8852 -18.0562 -5.20328 -0.172411 -0.123025 -0.00737247 5.79999e-05 109
-49.0886 38.5609 15.2579 -0.102489 0.0251371 0.0727876 -9.18084e-05 468
-48.6343 -24.8639 -6.71508 -0.0723406 -0.104614 -0.0201468 -0.000123493 287
-48.3885 11.2491 -24.4693 -0.0678694 -0.0435292 -0.033624 -0.000178023 387
-40.7408 -20.0086 -11.5515 -0.161511 -0.115436 -0.0368439 -1.20854e-05 325
-38.863 -35.3495 1.65121 0.00952568 -0.116769 0.0138916 -0.000150828 64
-36.5875 -36.3667 0.550308 -0.10808 -0.172031 -0.0107237 1.6397e-05 317
-33.3306 57.4953 4.18866 -0.102477 0.0713667 0.00849914 -8.97979e-05 98
-32.5947 11.135 2.96348 -0.305133 -0.0796715 0.0409298 0.000270484 416
-29.3492 -4.728 17.7611 0.00843788 -0.114644 -0.0271209 -0.000273779 312
-28.3853 -15.3818 -4.73154 0.0666359 -0.119412 -0.0023667 -0.000266177 26
-28.3458 -9.39123 -0.893533 -0.291735 -0.231393 -0.0028197 0.000448208 293
-26.9651 -8.19617 7.67769 0.0553276 -0.143863 0.00303738 -0.000279388 217
-26.6778 12.9014 0.425697 -0.117518 -0.0228436 0.0353904 -0.00032437 340
-24.3938 -24.272 18.5088 0.0776659 -0.04973 0.0237045 -0.000263239 263
-23.8249 13.5119 1.67214 -0.0552531 -0.148981 -0.00286706 -0.000297675 410
-23.6759 93.2227 14.962 -0.104725 0.297773 0.0716592 0.000526401 108
-21.5679 28.2989 29.5347 -0.126331 0.111966 0.0822817 -4.99044e-05 482
-20.6461 0.775027 9.59149 0.0222265 -0.164102 -0.0834218 -0.000333871 289
-20.6034 11.6928 3.80186 -0.054351 -0.170956 -0.0184569 -0.000317725 3
-20.1861 -10.3636 5.40823 -0.116536 -0.219941 -0.0246585 -0.00014485 411
-20.1644 22.469 7.17838 0.0348053 -0.0928094 0.0350672 -0.000333717 231
-19.9219 -7.88841 27.1314 0.0616156 -0.120694 0.0311611 -0.000240723 476
-18.9091 5.6475 4.86694 0.0101973 -0.153666 -0.0799945 -0.000426756 124
-18.8259 24.4964 4.63619 -0.281229 0.173007 0.0494435 0.000296543 252
-18.7215 -2.66469 1.07294 -0.0525377 -0.247711 0.00223574 -0.000259173 457
-18.6868 54.5885 10.4369 -0.0989471 0.0972977 0.020987 -9.0073e-05 7
-16.9556 1.61116 1.97227 0.00419132 -0.190642 -0.00705263 -0.000501469 327
-16.5558 -11.6823 3.55835 0.0690059 -0.16231 0.0223816 -0.000410057 279
-16.0024 5.57246 -5.84656 -0.0497801 -0.197329 -0.0192366 -0.000436175 140
-15.9061 4.94395 -2.04604 -0.0436975 -0.207057 0.0108411 -0.000464228 202
-15.0152 -17.1494 -2.89997 -0.0569551 -0.266094 0.0131408 -8.01181e-05 42
-14.7863 3.03395 1.31856 -0.0276574 -0.24259 0.00529192 -0.000452217 71
-14.2386 -44.9622 17.1577 0.0027671 -0.151899 0.0712894 -7.30489e-05 112
-13.4469 3.21822 3.3102 -0.0609005 -0.222611 0.00112431 -0.000546296 232
-13.0358 -4.8463 1.40234 0.217216 -0.153176 -0.0330585 -0.000445895 143
-12.5899 -2.40707 10.9571 0.0814862 -0.212532 -0.0302587 -0.000411738 322
-11.6824 -6.52408 2.1131 0.112979 -0.189427 0.0314089 -0.000612538 358
-11.6371 -2.11662 0.967257 -0.0619973 -0.271411 -0.00816674 -0.000568462 166
-11.4636 21.6664 31.418 -0.0592584 -0.0781995 0.0622176 -0.000229324 370
-11.3658 11.1225 -3.19031 -0.14143 -0.142596 -0.0434595 -0.000506779 373
-11.3645 -7.35909 -2.96104 0.124453 -0.238347 0.0257514 -0.000445926 94
-11.3003 -7.39081 2.07778 0.100662 -0.193889 0.00763202 -0.000616325 241
-11.2752 6.3601 -0.311464 -0.110597 -0.173562 0.00413861 -0.000700489 288
-11.2474 -7.02028 1.47978 0.105023 -0.178622 0.0174773 -0.000666717 138
-10.4697 1.84941 -1.52341 -0.0325013 -0.279091 0.0206845 -0.000667734 12
-10.3209 -3.07839 -0.631729 -0.0912123 -0.282421 0.0218704 -0.000605119 237
-9.13825 8.87602 1.94173 -0.030634 -0.2858 0.00710166 -0.000453316 347
-8.80897 14.0615 4.29807 -0.153073 -0.14109 0.0715761 -0.000426386 298
-8.80481 3.66909 -3.52312 -0.0453716 -0.113518 -0.0850704 -0.00109064 458
-8.78549 1.95251 0.43956 -0.05035 -0.266366 0.0580584 -0.000906905 433
-8.69081 -0.353765 4.16594 0.00384122 -0.335994 -0.0321768 -0.000583979 481
-8.30963 -6.50769 0.134788 0.163415 -0.260189 -0.0580012 -0.000573177 377
-8.19217 1.04194 -0.208874 -0.108267 -0.362429 -0.0814048 -0.000577524 494
-7.64235 -15.3833 3.23759 0.210538 -0.0204159 -0.107129 -0.000363747 213
-7.48378 35.1195 -11.49 -0.141345 -0.00406603 -0.0290934 -0.000201293 76
-7.26222 -1.66444 0.377342 0.0262637 -0.357333 -0.00795383 -0.000872839 228
-6.65642 -3.8227 0.379889 0.122528 -0.246845 0.0804568 -0.00111134 438
-6.60043 4.20353 -0.275815 -0.0437689 -0.286324 0.0107178 -0.00107132 360
-6.49472 15.2977 0.301165 -0.315099 0.116723 0.0534224 -2.84803e-05 330
-6.39499 44.6756 -4.36656 -0.0979017 0.177648 -0.0315838 -1.23035e-05 398
-6.38272 11.9271 0.388033 -0.223874 -0.135977 -0.0397362 -0.000484984 35
-6.21313 9.63737 -2.26704 -0.304187 -0.168409 -0.0426264 -0.0003025 169
-6.17649 -0.427963 -5.56937 0.0349834 -0.37733 0.02138 -0.000600654 225
-5.7426 11.3368 -1.91902 -0.236818 -0.0890175 0.0173666 -0.000570655 267
-5.73338 10.9607 1.01763 -0.26843 -0.0844963 0.0526607 -0.000494839 205
-5.71901 2.49097 1.66861 0.0609285 -0.37785 0.0184459 -0.00101816 77
-5.45016 17.756 -2.3256 -0.200546 0.00985629 -0.0264226 -0.000411444 37
-5.09931 2.48269 -0.486332 -0.22087 -0.368983 -0.0298187 -0.00103454 273
-5.01978 9.55692 1.02296 -0.205661 -0.17445 -0.0315171 -0.000692008 175
-4.77607 -7.08317 1.71267 0.172819 -0.271893 -0.053651 -0.000767955 256
-4.74917 2.23712 0.628865 -0.1247 -0.408201 -0.0325331 -0.00121896 399
-4.67735 3.95768 -0.154602 -0.321423 -0.205784 0.0146994 -0.00112776 455
-4.38556 10.9877 1.08747 -0.275285 -0.0967779 0.0612504 -0.000496527 24
-4.30935 -3.85408 -0.140852 0.19788 -0.301105 -0.19855 -0.0011037 460
-4.18808 -15.1078 0.802346 0.246947 0.0334652 -0.0698986 -0.000377599 383
-4.14818 -6.31946 1.93152 0.151763 -0.300973 -0.0548037 -0.000873245 214
-4.13503 10.0752 -3.2696 -0.288292 -0.159935 -0.0378519 -0.000411017 199
-3.93529 8.19563 1.20711 -0.240467 -0.121656 0.0620937 -0.000884953 477
-3.83051 6.48325 -1.12396 -0.318201 -0.15836 0.0180754 -0.000850172 367
-3.82813 2.77583 -0.626724 -0.399235 -0.417303 0.117615 -0.000449541 238
-3.67564 3.79941 -1.37211 -0.210143 -0.320266 0.0201717 -0.00136912 326
-3.4395 2.80218 2.32501 -0.0672399 -0.508149 0.0715843 -0.00082148 56
-3.4041 -5.65496 -1.43371 0.300718 -0.250707 -0.0943395 -0.000836984 236
-3.36506 -1.51337 0.0609719 0.290535 -0.557723 -0.0167283 -0.000913941 489
-2.96788 -7.62324 -0.705521 0.392808 -0.127135 0.0180189 -0.00045494 16
-2.9108 6.7992 1.86595 -0.280659 -0.195081 0.0738953 -0.000874447 6
-2.88615 -19.4621 -2.48486 0.161179 0.0447312 0.0135145 -0.000454304 174
-2.69853 -6.8884 -1.00603 0.33028 -0.104586 0.017099 -0.00092224 13
-2.58986 -7.18178 0.0280588 0.370981 -0.0257117 -0.0317531 -0.000766697 372
-2.52813 8.27021 2.8021 -0.313039 -0.10204 0.0766647 -0.000660775 203
-2.37827 0.661559 0.0281085 0.208479 -0.775591 -0.0138156 -0.00103086 84
-2.29415 -10.7245 -2.02201 0.233427 0.0066305 -0.100737 -0.000716625 152
-2.28083 -0.0156212 0.729266 0.301681 -0.591557 0.150882 -0.00232177 440
-2.26888 -8.37293 0.00937266 0.312493 -0.055256 0.0350493 -0.000803855 193
-2.19794 8.34158 -1.2672 -0.293138 -0.048188 0.0608194 -0.00085898 384
-2.17611 2.72005 0.132375 -0.301759 -0.573157 0.0092086 -0.000963027 58
-2.04576 1.29151 0.822858 -0.3436 -0.636457 0.231234 -0.00128775 291
-2.02413 40.4671 -52.6551 -0.0338656 0.0273067 -0.139168 -5.52644e-05 319
-1.90658 -1.62399 -0.894078 0.451614 -0.601832 0.252065 -0.000764935 144
-1.73733 0.401982 0.328569 0.242952 -0.586765 0.07614 -0.00433674 111
-1.65828 -7.31725 -0.3074 0.459136 -0.0157823 0.0591172 -0.000323712 316
-1.62463 -6.49993 0.336334 0.384801 -0.092556 -0.130814 -0.000777417 474
-1.57744 4.77933 0.503194 -0.393235 -0.323485 -0.0295826 -0.00084538 60
-1.51239 2.63109 -0.98716 -0.822117 0.289862 -0.292346 0.00136662 33
-1.16978 2.74491 0.351597 -0.231961 -0.406587 -0.0175989 -0.00278911 54
-1.12549 46.0345 15.4592 -0.0712506 0.0343164 0.0181324 -0.000216196 368
-0.988254 -7.19837 -0.848018 0.405336 -0.0440813 -0.0138032 -0.000668573 379
-0.716457 5.7753 -0.329694 -0.423787 -0.0549901 0.0966891 -0.000944685 197
-0.499828 0.00154581 0.00254003 0.176063 -0.734064 0.0139619 -0.0214454 300
-0.49846 0.0133019 0.0246399 -0.0299597 -0.912197 0.121479 -0.0197393 346
-0.497534 0.0179746 -0.0447725 0.361478 -0.82035 -0.00700861 -0.0199836 83
-0.496567 0.0543569 -0.00981427 -0.272246 -0.913118 0.107071 -0.0192725 130
-0.496361 28.2168 -1.21687 -0.100592 0.520928 0.00064645 0.00131676 423
-0.494098 -0.022868 0.0710288 0.019955 -0.996721 0.0980688 -0.0187433 118
-0.491398 0.00266695 0.0905093 -0.0958807 -0.904246 -0.0070925 -0.0198483 274
-0.486188 -6.65232 -0.699889 0.338782 0.0282287 -0.0547009 -0.0011228 418
-0.482718 0.0411825 0.120521 -0.0987748 -0.929055 0.0255829 -0.0195785 254
-0.481338 -0.0985788 0.0920743 0.171149 -0.847044 0.370594 -0.0194802 485
-0.475691 -0.152529 0.0125042 0.421417 -0.789964 0.247107 -0.019623 432
-0.473394 -0.147917 -0.054047 0.236727 -0.830929 0.237893 -0.0200358 258
-0.473173 -0.0251499 -0.159436 -0.0321907 -0.792252 0.231395 -0.0207387 38
-0.47182 0.115065 -0.11861 -0.180926 -0.81806 0.105875 -0.0205466 79
-0.466842 -0.156344 -0.0870413 0.432191 -0.722275 0.248954 -0.0201866 278
-0.466244 -0.153207 0.093419 0.109501 -0.863259 0.403857 -0.019269 405
-0.463696 0.0793584 0.168572 0.0715477 -0.930602 -0.0406145 -0.0195587 105
-0.463076 0.154422 -0.106571 -0.309334 -0.879812 0.400992 -0.0185769 53
-0.457234 -0.167838 -0.11133 0.465168 -0.742626 0.271629 -0.0197583 323
-0.454379 -0.18944 0.0850939 0.184595 -0.806723 0.264823 -0.0203018 294
-0.452887 0.190494 -0.0886418 -0.312772 -0.889627 0.318862 -0.0188441 163
-0.447354 0.191694 -0.112346 -0.287199 -0.901039 0.324253 -0.0187785 265
-0.446473 -0.0787175 -0.210089 0.0713888 -0.740182 0.230927 -0.0212271 102
-0.44489 -0.226787 0.0247141 0.487995 -0.890553 0.26639 -0.0181128 425
-0.437247 -0.240354 0.029046 0.611099 -0.803406 0.322131 -0.0179934 302
-0.433756 0.210253 0.12757 -0.193831 -0.896676 0.0189511 -0.0198068 99
-0.433043 -0.243052 0.0562943 0.499191 -0.725716 0.347091 -0.0194095 335
-0.4316 0.251652 -0.0119973 -0.48289 -0.999532 -0.173956 -0.0171218 59
-0.424935 -0.089543 0.246877 0.303285 -0.78244 0.0276474 -0.0206172 242
-0.423828 0.236592 0.119561 -0.359653 -0.828127 0.0388345 -0.0199009 164
-0.418353 -0.21366 -0.170555 0.25406 -0.828171 0.223162 -0.0200107 393
-0.417429 -0.22912 0.150769 0.397253 -0.906983 0.0501655 -0.0188829 251
-0.416427 -0.17425 0.214312 0.298688 -0.735094 -0.0967083 -0.0210215 113
-0.412572 0.0641177 0.274668 -0.0218583 -1.1818 -0.0456256 -0.0162665 430
-0.407129 0.0795271 0.27881 -0.0525406 -1.18954 0.0234556 -0.0161449 426
-0.405786 -0.284988 0.0632773 0.607956 -0.695734 0.102596 -0.0196047 431
-0.400468 -0.225769 0.195899 0.421476 -0.741917 0.0288045 -0.0204582 240
-0.394547 -0.28875 -0.102919 0.685656 -0.503707 0.43147 -0.0193306 284
-0.394506 0.230075 0.203476 -0.243463 -1.10855 0.114427 -0.0168686 374
-0.393633 0.301023 -0.0657566 -0.427268 -0.884468 0.00594027 -0.0189752 392
-0.385628 0.31804 0.00355697 -0.607776 -0.9647 0.0464848 -0.0168677 245
-0.38018 0.311555 0.0906711 -0.547154 -0.875224 0.0493547 -0.0183348 145
-0.380063 0.271198 0.178394 -0.310663 -0.856621 0.0191513 -0.0198172 332
-0.379422 -0.243956 -0.215279 0.514158 -0.617181 0.306649 -0.0203883 500
-0.378213 0.25714 0.20113 -0.403428 -1.0291 -0.0799494 -0.0173428 19
-0.374477 -0.328067 0.0456165 0.715086 -0.6785 0.341458 -0.018201 171
-0.364227 0.180434 -0.290752 -0.585076 -0.464606 -0.0362729 -0.0215155 69
-0.35794 -0.346182 0.0419682 0.794842 -0.524692 -0.0606898 -0.0193216 215
-0.355214 0.135041 -0.324028 -0.660244 -1.4301 1.26042 0.000406414 43
-0.354384 0.352465 -0.00802631 -0.73493 -0.911146 -0.13734 -0.0163235 353
-0.352193 -0.152685 0.319869 0.489528 -0.930805 -0.182504 -0.0178957 150
-0.343146 -0.341842 0.123897 0.189937 -0.420093 -0.135461 -0.0235591 134
-0.34263 -0.321062 0.170831 0.418925 -0.725563 0.0510942 -0.0206136 491
-0.335448 0.262331 0.261352 -0.484898 -0.855063 -0.0370993 -0.0189699 480
-0.329313 -0.135502 0.350622 0.451487 -0.882292 -0.181308 -0.0186681 401
-0.324555 -0.361274 0.117548 0.347341 -0.336774 0.0704546 -0.0235225 234
-0.319268 -0.318393 0.215747 0.510945 -0.585188 -0.00511057 -0.0212353 65
-0.318703 -0.383433 0.0343722 0.814963 -0.524387 0.0417531 -0.0191307 378
-0.318159 0.176542 0.34244 -0.282644 -0.944112 -0.174436 -0.0187568 244
-0.311482 -0.213317 0.326938 0.648706 -0.827475 -0.212936 -0.0178364 34
-0.294436 0.403995 0.00969038 -0.81166 -0.641061 -0.0175398 -0.0183122 447
-0.288112 -0.395923 0.0998444 0.503031 -0.258723 0.238175 -0.022659 276
-0.285381 0.0718346 0.403935 -0.126977 -0.663955 -0.493876 -0.0206313 419
-0.274081 -0.372511 0.189855 0.507303 -0.603218 0.0262181 -0.0211165 406
-0.272217 0.361846 0.21129 -0.556325 -0.72579 -0.300008 -0.0192269 22
-0.264273 0.424442 -0.00252982 -0.846648 -0.481877 0.16245 -0.0189038 439
-0.26319 -6.67032 -1.64567 0.414641 0.0101016 -0.0364732 -0.00073459 187
-0.262389 -0.0810551 0.417477 0.736151 -0.956539 -0.405797 -0.01488 442
-0.26177 0.425588 -0.0113602 -0.933344 -0.386944 0.150194 -0.0184898 239
-0.248419 -0.347855 0.258718 0.637338 -0.408115 -0.092098 -0.0213848 441
-0.242823 -0.434696 -0.0447002 0.468714 -0.0291588 -0.166895 -0.0234514 466
-0.241545 0.435613 -0.0401363 -1.08429 -0.330023 0.0639305 -0.01696 471
-0.230166 -0.245228 0.369319 0.755842 -0.52 -0.496787 -0.0182215 100
-0.229789 -0.277999 -0.345921 0.500121 -0.0759643 0.149541 -0.0232735 407
-0.229435 0.443635 0.0154072 -0.813804 -0.323055 -0.0712803 -0.0201923 493
-0.22923 -0.442782 -0.0244399 0.626064 -0.214141 -0.34629 -0.0215543 295
-0.224179 -0.44074 0.0735457 0.531916 -0.385059 -0.300052 -0.0217464 359
-0.218151 -0.446484 0.046056 0.571807 -0.173052 -0.335606 -0.0221125 490
-0.206388 -0.21735 0.39996 0.456354 -0.463243 -0.316019 -0.0217427 444
-0.201029 -0.449451 0.0867394 0.621044 -0.240939 -0.36128 -0.0214137 496
-0.199594 0.0657062 0.45342 0.497071 -0.471354 -1.55186 -0.00702823 422
-0.19905 -0.0358074 0.45717 0.723831 -0.448473 -0.965303 -0.0146492 247
-0.198764 0.414634 0.196383 -0.568815 -0.670607 -0.166141 -0.0199948 331
-0.195075 -0.261764 0.378052 0.767839 -0.467617 -0.445805 -0.0187315 304
-0.19347 -0.430354 -0.164998 0.9211 -0.208224 -0.220537 -0.0191294 9
-0.190335 -13.8744 0.504294 0.257496 -0.0244241 -0.0111246 -0.000481358 126
-0.184557 0.452161 0.106081 -0.872079 -0.34632 0.118599 -0.019421 452
-0.178577 -0.455925 -0.0986824 0.662703 0.191605 0.00261375 -0.0220509 89
-0.176528 0.108527 -0.454772 -1.06494 -0.729012 0.56515 -0.0126061 189
-0.174549 -0.452599 -0.12076 0.74188 0.0777117 -9.80603e-05 -0.0215275 154
-0.173275 -0.172633 0.434914 0.549773 -0.446869 -0.367141 -0.0210717 165
-0.169813 -0.445707 -0.148074 0.784755 -0.261472 -0.0782469 -0.0207146 366
-0.159799 0.393682 0.262517 -0.627513 -0.496267 -0.0763232 -0.0209915 222
-0.150109 -0.439734 0.183405 0.725377 -0.53429 0.00419073 -0.0199504 428
-0.148277 0.342229 0.331668 -0.638142 -1.09895 -0.522996 -0.0132418 487
-0.141827 0.472056 -0.0838648 -1.15395 0.0199443 -0.017578 -0.0166738 328
-0.140895 -0.426444 0.219534 0.797667 -0.27746 -0.108727 -0.0204732 177
-0.135733 -0.477876 -0.0555672 0.263059 0.287966 0.2576 -0.0236407 4
-0.130827 -0.165984 0.452856 0.672801 -0.418405 -0.668752 -0.0182943 349
-0.126 -0.482199 -0.0364005 0.509646 0.0837823 0.0863342 -0.0233003 95
-0.112749 -0.464524 0.145208 0.983052 -0.320873 0.0898761 -0.0182871 158
-0.109272 0.466796 0.141881 -0.86942 -0.270668 0.082081 -0.0197772 408
-0.105184 -0.324389 0.365305 0.798325 -0.464476 -0.246258 -0.0193024 470
-0.101419 -10.3066 -1.951 0.286554 0.0760392 -0.0430472 -0.000630671 27
-0.08717 -0.441264 -0.217369 0.68702 0.179246 -0.0483801 -0.0218565 488
-0.0869254 0.20397 -0.447661 -1.02326 -0.781759 0.747948 -0.0111617 40
-0.0862569 -0.445586 0.209025 0.826085 -0.196732 -0.108024 -0.0204361 281
-0.0805722 0.309447 -0.383904 -0.982522 -0.725148 0.650232 -0.013056 286
-0.0763872 0.481393 0.104252 -1.00715 -0.232441 -0.0234582 -0.0183975 342
-0.0740653 0.344525 0.354633 -0.693375 -0.738073 -0.380598 -0.0176878 127
-0.0740082 -0.472169 0.146417 1.01515 -0.182755 -0.0653396 -0.0183308 475
-0.073558 0.413648 -0.270298 -1.03015 -0.0685101 0.149643 -0.0182193 282
-0.0701353 -0.476236 -0.133357 0.859868 0.0388247 -0.14188 -0.0202686 345
-0.0656004 -0.478291 0.12976 0.960533 -0.200002 -0.0865709 -0.0189416 46
-0.0593218 -0.495971 0.0189815 0.788191 -0.186736 -0.138263 -0.0207865 159
-0.0583059 -0.443547 0.222576 0.783327 -0.163288 -0.0248588 -0.0210108 10
-0.0489752 0.477892 0.136336 -0.91238 -0.138964 -0.0942275 -0.0196528 47
-0.0477801 0.465755 -0.173651 -0.978354 0.346271 -0.0877982 -0.0182519 339
-0.0454752 0.4976 -0.00697654 -1.11422 -0.026339 0.214546 -0.0169625 451
-0.0349313 0.486313 -0.109423 -1.10185 0.155707 0.276086 -0.0167995 115
-0.0347685 0.460946 0.189282 -0.688758 -0.298604 -0.205328 -0.021239 5
-0.0246619 -0.497872 -0.0338711 0.855823 0.210593 -0.108196 -0.0200904 277
-0.0207897 -0.499366 0.00452638 0.820251 0.0589663 -0.110512 -0.0207059 155
-0.0163194 0.498529 0.0342641 -1.01324 -0.0723249 0.144189 -0.0184222 415
-0.0112348 0.498646 -0.0277064 -1.15137 -0.0713724 0.150907 -0.0165634 465
-0.00507222 -0.493038 -0.0821553 0.879944 0.265902 -0.0928733 -0.0196717 394
-0.00245649 0.493373 0.0802027 -0.824109 -0.543933 0.0341883 -0.018906 371
-0.00121523 -0.184674 -0.464502 0.0307562 0.225119 1.46408 -0.0112869 388
0.017534 -0.193786 -0.46014 0.0445397 0.156058 1.26058 -0.0149243 8
0.0178612 -7.92471 -0.180183 0.347682 0.0356264 -0.0358744 -0.000805441 259
0.0198532 0.465434 -0.181141 -0.936147 0.0286132 0.306912 -0.0189371 296
0.0199239 0.481322 -0.132626 -1.11203 0.276116 0.226114 -0.0164923 194
0.0327672 0.102753 -0.487517 -0.700322 -0.750058 1.63727 -0.00169925 227
0.0389925 -0.437227 -0.238642 0.72643 0.303113 0.0890916 -0.0210962 413
0.0390196 0.35451 -0.349997 -1.06841 -0.513539 0.671936 -0.0134106 484
0.0532293 0.496289 -0.0262098 -1.1418 0.171278 0.120858 -0.016586 31
0.0558293 0.362804 0.339 -0.762678 -0.141211 -0.258573 -0.0208388 196
0.0571907 -0.140147 -0.476435 0.0531646 0.077617 1.02338 -0.0184039 352
0.0718163 12.763 0.307067 -0.249266 0.0556393 -0.0496098 -0.00055603 248
0.0759479 -2.95463 0.420689 0.706237 0.00370605 -0.0339236 -0.00106246 338
0.0785558 -0.371449 0.324988 0.898642 0.437477 -0.214792 -0.0184801 149
0.0851329 -0.489888 -0.0516935 0.670121 0.340335 0.00175598 -0.0214739 1
0.0856425 0.419868 -0.2572 -1.11148 -0.858733 0.936701 -0.00719733 57
0.0883552 -0.439643 0.220897 0.916257 0.0892684 -0.243071 -0.0193395 375
0.0974026 0.227871 0.433524 -0.705137 -0.416026 -0.676176 -0.0179853 73
0.0998701 -0.460242 -0.165547 0.704708 0.288749 0.10266 -0.0213492 114
0.103426 -0.478942 0.098161 0.982882 -0.057823 -0.149357 -0.0188159 443
0.106232 0.436674 -0.217938 -1.14545 0.188797 0.506132 -0.0150025 122
0.111001 -0.487085 -0.0127677 0.850901 0.248759 -0.11179 -0.0200231 271
0.116331 0.390693 0.289062 -0.925617 -0.112774 -0.440098 -0.0183687 123
0.132044 -0.482084 -0.00542802 0.851665 0.342989 -0.178191 -0.0195395 147
0.133997 0.0489238 0.478798 -0.29631 -0.309469 -0.585449 -0.0217307 462
0.135573 -0.479537 -0.0383016 0.706939 0.474749 -0.183518 -0.0202672 2
0.138025 0.470851 -0.0955814 -0.890757 0.290871 0.203058 -0.0192601 395
0.147572 -0.472978 0.0659407 0.932232 0.179378 -0.174845 -0.0191845 129
0.148657 0.475013 0.0442413 -0.784715 0.152516 0.244594 -0.0206474 62
0.156025 0.303489 -0.364999 -0.90993 -0.278532 0.863046 -0.0147013 52
0.158434 -0.389053 0.269785 0.756192 0.503072 -0.441832 -0.0186619 133
0.164503 0.471637 -0.00742142 -0.874316 0.467254 0.196546 -0.0186385 434
0.165494 -0.471128 -0.0081453 0.82314 0.436745 -0.15133 -0.0194592 167
0.171672 0.388312 -0.263504 -1.08166 0.298921 0.480865 -0.0156993 269
0.174695 0.261284 -0.388403 -0.647554 0.342539 -0.0315966 -0.0216574 255
0.177516 0.329436 -0.331166 -1.0409 -0.134909 0.836089 -0.01376 307
0.188131 0.440813 -0.141372 -0.888643 0.4202 0.120533 -0.0188854 36
0.192095 -0.4439 -0.125773 0.689219 0.762426 -0.056053 -0.0183901 184
0.192871 0.381855 -0.258152 -0.985999 0.512571 0.359703 -0.0164903 334
0.206572 -0.400375 0.216036 0.869154 0.226211 -0.282347 -0.0194784 400
0.207677 0.429404 0.149696 -0.990534 0.485595 0.176126 -0.0172038 161
0.20943 0.445986 0.0816446 -0.707054 0.122194 0.094878 -0.0217544 402
0.209647 0.237868 -0.386244 -0.873038 0.0549645 0.499837 -0.0186701 181
0.222654 0.286293 -0.343771 -0.903148 0.12963 0.423929 -0.0186879 285
0.229363 -0.145194 -0.419077 0.0188435 1.01532 0.339264 -0.0178698 306
0.2335 -0.274274 -0.346149 0.298862 1.02693 0.343932 -0.017133 403
0.239223 -0.434043 -0.0647173 0.786199 0.586051 -0.102439 -0.0189342 461
0.247214 -0.388663 -0.193637 0.448656 0.634556 0.136653 -0.0211252 206
0.248818 0.433093 -0.018502 -0.680787 0.546347 0.100199 -0.0201838 86
0.270213 -0.408819 -0.09905 0.740091 0.669486 -0.0827564 -0.0187346 486
0.274567 0.288061 0.30172 -1.02183 0.245326 -0.629007 -0.0156552 275
0.279949 -0.336251 -0.240603 0.356392 0.664562 0.105829 -0.0214096 41
0.282724 -0.403464 0.0819154 0.797268 0.652497 0.0716564 -0.018363 355
0.289003 -0.407606 0.00117192 0.806214 0.671532 0.00344907 -0.0181357 92
0.293887 -0.395365 0.0854652 0.640765 0.90908 -0.0215388 -0.0172664 421
0.295327 0.201836 0.347548 -1.3098 -0.197561 -1.00269 -0.00781309 280
0.302567 0.338307 0.209758 -0.626305 0.5964 -0.316765 -0.0196983 21
0.303259 -0.395247 0.0354098 0.652072 0.912674 -0.0194135 -0.0171621 363
0.305197 0.389848 -0.0670181 -0.677369 0.567748 0.0850949 -0.0200916 283
0.30625 0.374465 -0.124975 -0.933619 0.60542 0.188939 -0.0170567 467
0.307746 0.325988 -0.221088 -0.671875 0.673013 0.222495 -0.0190456 324
0.309222 -0.375949 0.113616 0.808843 0.730804 0.00986326 -0.0175793 343
0.321646 0.343941 -0.166078 -0.679909 0.695237 0.217272 -0.0188282 497
0.323745 0.365574 -0.105724 -0.740849 0.575764 5.61619e-05 -0.0195161 436
0.329798 0.3743 -0.0333723 -0.459155 0.65684 -0.033286 -0.0209799 61
0.333483 -0.221597 0.299381 0.0700295 0.554301 -0.524935 -0.0213295 362
0.339864 -0.356172 0.0862471 0.548227 1.00105 -0.0866341 -0.0168213 88
0.341692 -0.333551 -0.148138 0.693934 0.955805 -0.128067 -0.0161803 68
0.343907 0.242049 -0.269818 -0.0984326 0.422754 0.051005 -0.0238231 361
0.345376 0.222005 0.28494 -0.746855 0.466358 -0.338794 -0.019449 44
0.345439 -0.279369 0.228113 0.821012 0.411716 -0.28337 -0.0192553 120
0.348901 -0.0588268 -0.352854 0.100617 0.980749 0.342649 -0.0182063 153
0.352002 0.125759 -0.331284 -0.294072 0.674022 -0.450152 -0.0203802 469
0.352623 0.272516 0.225341 -0.758986 0.495793 -0.315322 -0.0192726 93
0.354798 0.330136 -0.122443 -0.697359 0.876692 -0.11448 -0.0170818 191
0.355962 0.336224 -0.100952 -0.488218 0.83454 -0.113858 -0.0190791 45
0.363026 -0.152166 -0.307782 0.161223 0.897651 0.151572 -0.0196743 246
0.365428 -8.24803 1.347 0.276777 0.0327927 -0.0294117 -0.00100336 63
0.36573 -0.336881 -0.0515958 0.674613 0.826916 -0.127702 -0.0177845 253
0.366049 0.25128 -0.228871 -0.439412 0.604606 0.19439 -0.0212967 18
0.368721 0.272326 -0.198427 -0.648602 0.631117 0.194425 -0.0196706 116
0.373371 0.281642 -0.175277 -0.348835 0.830845 0.0538449 -0.0199345 450
0.377664 -0.196554 -0.261791 0.22398 0.841746 0.0776388 -0.0202305 270
0.385214 -0.305431 0.0902911 0.496615 1.05088 -0.133065 -0.0164542 350
0.393273 2.18741 -0.803002 -0.593581 -0.261651 0.0336965 -0.00265258 151
0.397216 0.197496 0.230451 -0.570343 0.717709 -0.28392 -0.019249 195
0.39729 -0.232953 -0.193893 0.468407 0.6408 0.0637733 -0.0210519 315
0.400851 0.281587 0.0973112 -0.56344 0.867887 -0.0901454 -0.0182853 142
0.402639 -0.294658 -0.0273001 0.585476 0.971557 -0.243662 -0.0166027 320
0.409334 0.105778 0.266004 -1.13852 0.907611 -0.557853 -0.00983002 201
0.409403 0.255561 -0.130512 -0.264634 0.829902 -0.206067 -0.0199945 385
0.410055 -0.190033 -0.213596 0.38217 0.636743 -0.000937001 -0.0215591 301
0.41623 0.260665 -0.0924718 -0.324043 0.84705 -0.197706 -0.0196279 329
0.424315 -0.194816 0.177483 0.737669 0.615209 -0.073373 -0.0192251 136
0.425856 -0.0930327 0.24422 0.427498 0.735456 -0.377097 -0.0196058 15
0.427994 0.257136 0.0240645 -0.460509 0.829713 -0.0392594 -0.0193685 321
0.429495 -0.254061 0.0306198 0.317831 1.10888 -0.21581 -0.016395 221
0.435373 0.0565979 0.238088 -0.265703 1.00533 0.0841108 -0.0182258 148
0.438497 0.0912094 0.220902 -0.568879 0.898319 -0.186523 -0.0177465 235
0.43985 0.231095 -0.0515816 -0.415954 0.946701 -0.0725494 -0.0183076 183
0.447825 -0.153848 0.159901 0.417943 0.805787 -0.0568454 -0.0198408 135
0.455342 -0.180726 0.099979 0.199518 1.08075 -0.207581 -0.0171821 139
0.461122 0.191153 -0.0281011 -0.386556 0.896019 -0.185395 -0.0188353 448
0.46264 -0.0814447 0.171143 0.305984 0.955832 -0.403316 -0.0176901 25
0.46564 -0.122784 0.134186 0.195424 1.04154 0.0737991 -0.0179521 146
0.469387 0.074917 -0.153399 -0.120961 0.882396 0.00594655 -0.0200686 382
0.469844 -0.10902 0.128897 -0.486789 1.00286 -0.569192 -0.0152458 412
0.471043 0.153073 0.0675237 -0.386356 1.06557 -0.15464 -0.0168275 207
0.473173 -0.161162 -0.011017 0.232246 1.20099 -0.123537 -0.0155533 170
0.475077 -0.14223 -0.0623328 0.312597 1.14056 -0.14285 -0.0161406 173
0.476504 0.147131 0.0350951 -0.27558 1.01819 -0.127303 -0.0179478 78
0.480675 0.0359828 0.131653 -0.21134 0.947168 -0.0611761 -0.0191066 121
0.491268 -0.0910002 -0.0138502 0.115955 1.16662 -0.104712 -0.0163503 446
0.491767 -0.082828 0.0344403 0.0492581 1.11509 -0.0953031 -0.0171626 336
0.492922 0.0813788 -0.0168643 -0.210579 1.0822 -0.187761 -0.0171889 344
0.494011 -0.0223348 0.0732986 -0.146808 0.952256 -0.0515128 -0.0191853 369
0.497655 -0.00366995 -0.0450399 0.36772 1.0017 -0.0350116 -0.0178909 297
0.4995 -0.0158598 0.00939895 0.225783 1.12977 -0.00152038 -0.0167119 483
0.569385 -6.69732 -1.98878 0.419516 0.0260166 -0.0258896 -0.000674905 380
0.676428 -1.4262 0.21553 0.387402 0.175915 -0.28469 -0.00620823 365
0.759759 5.21123 1.0008 -0.436582 0.188633 0.039246 -0.00090855 39
0.814183 15.6038 -0.718507 -0.190441 -0.00122023 0.0125088 -0.000571495 435
0.849905 -2.37489 0.112287 0.586229 0.150569 -0.0642782 -0.00263529 266
1.07777 -6.75233 -1.30399 0.400824 0.074988 -0.00807724 -0.000756034 87
1.31591 5.2965 0.112375 -0.376385 0.113188 0.0431717 -0.0013128 107
1.9399 -8.41278 1.40462 0.360896 -0.0310743 -0.0854518 -0.000563341 396
1.94009 -4.03721 -0.601041 0.486096 0.210506 -0.0452431 -0.000999348 218
1.93966 -4.09945 0.357759 0.404748 0.289272 -0.0401587 -0.00119075 472
2.15436 7.61804 -0.799908 -0.352986 0.163403 0.0839736 -0.000581225 229
2.18886 -4.86909 -1.08258 0.403331 0.172491 -0.022389 -0.00108897 348
2.43077 -3.85738 1.14963 0.35843 0.434554 -0.0558008 -0.000655747 310
2.49233 5.40926 -0.410619 -0.42796 0.184888 0.071503 -0.000703526 50
2.55594 -5.4542 1.04224 0.303168 0.302238 -0.0676319 -0.000870906 182
2.62225 2.88447 -0.253579 -0.384056 0.377366 0.0432121 -0.00137623 209
3.1282 -27.0974 0.619509 0.134318 0.0661174 -0.0010793 -0.00031805 495
3.14947 -15.6662 4.65887 0.216915 0.0404629 -0.00651493 -0.000446407 364
3.2022 11.7931 2.49723 -0.251463 0.0458403 0.114649 -0.000511696 117
3.51093 6.62813 2.15713 -0.282472 0.26828 0.0875887 -0.000605142 212
3.5382 16.694 8.75612 -0.189325 0.00484673 -0.112257 -0.000348784 198
3.54106 5.66668 0.584119 -0.272706 0.216377 0.0572859 -0.00108563 424
3.60192 -9.99646 0.208759 0.325106 -0.0471421 -0.0184182 -0.000499583 414
3.99373 -7.33432 -1.09163 0.339644 0.0912825 -0.0570664 -0.000690748 168
4.45877 59.6613 -36.6844 -0.0169636 0.185805 -0.10666 0.000110555 49
4.47085 6.38083 -0.172799 -0.313609 0.197639 -0.0120593 -0.000744237 141
4.55066 8.12437 1.57841 -0.22466 0.102606 -0.0751033 -0.000906968 157
4.55461 54.3876 -33.6407 -0.0575396 0.0823314 -0.116611 -4.69223e-05 351
4.58144 -8.13057 -2.11422 0.258283 0.142886 -0.00986544 -0.000761155 211
4.68135 -1.76413 1.23474 0.072162 0.355373 -0.0385189 -0.00159471 216
4.71232 -12.5828 -1.80732 0.204107 0.131634 0.00362875 -0.000553262 417
5.00692 12.4428 -1.38413 -0.230522 0.0961932 -0.0218572 -0.000534106 70
5.23217 -0.0896301 -1.07848 -0.00293701 0.460754 -0.00857343 -0.0010122 341
5.34229 20.4271 1.77105 -0.111018 0.241542 0.0701294 -0.000117538 404
5.34325 -1.20671 -0.738386 0.221469 0.376126 0.0709687 -0.00103925 243
5.35722 7.90608 -1.01043 -0.20996 0.22615 -0.011824 -0.000705567 427
5.36942 33.5583 -6.01317 -0.130894 0.0282323 -0.00754034 -0.000249763 313
5.59529 1.32502 0.788439 -0.222589 0.380632 -0.0824701 -0.000896071 104
5.76631 11.1649 -1.03845 -0.195302 0.0751526 0.0272584 -0.000713029 391
5.78619 -7.00428 -0.353817 0.256548 0.234056 -0.0329362 -0.000614302 29
6.10513 -2.48089 -1.16717 0.156818 0.343946 0.00867649 -0.000974221 85
6.28796 30.611 -2.95966 -0.074137 0.0540974 0.0253846 -0.000341547 97
6.83896 -0.829752 0.059552 0.101229 0.381465 0.223718 -0.000528058 137
7.14629 8.9719 -1.24921 -0.27868 0.190536 0.00151492 -0.000371072 101
7.3546 21.0512 0.690752 -0.0464632 0.242341 0.0141503 -0.000178494 131
7.42478 5.66133 -1.78039 -0.206003 0.24905 -0.0258543 -0.000658004 303
7.43549 0.153184 -1.13117 0.0350454 0.343084 0.00999281 -0.000917693 128
7.63774 -5.36347 -1.32717 0.283325 0.201564 -0.00345388 -0.00057031 456
7.68791 3.34507 0.549664 -0.0553372 0.365806 0.00413035 -0.000632136 272
7.74095 -15.3296 8.31945 0.147693 0.0632451 -0.15386 -0.00034577 125
8.14153 7.87278 -1.46828 -0.206915 0.193606 0.0231021 -0.000589359 160
8.66054 11.3274 4.31348 -0.20389 0.0767052 0.000828225 -0.000542497 14
8.67553 -4.82972 -0.4316 0.122737 0.213575 -0.0707678 -0.000847173 299
8.73469 -5.78647 2.21703 0.273099 0.124642 -0.0274197 -0.000599248 178
8.78341 -27.2562 2.21626 0.129878 0.00136113 0.0887408 -0.000280548 479
8.78736 -5.01537 2.33494 0.171547 0.121391 0.0392902 -0.000918124 96
9.05502 -4.70889 -1.98035 0.0927607 0.302008 0.020505 -0.000575856 290
9.11944 8.64699 4.89906 -0.176445 0.216095 -0.0323482 -0.000433749 309
9.16201 13.8398 -1.70748 -0.213315 -0.0450375 -0.0196262 -0.000449683 172
9.22473 3.66843 1.51021 -0.161362 0.252465 -0.00796822 -0.000683324 257
9.22897 -0.798186 -3.6288 -0.145153 0.23599 -0.0664104 -0.000749109 386
9.26106 -5.68639 2.8347 0.296135 0.142808 -0.0499907 -0.000421798 224
9.39275 -8.21052 -0.430075 0.167946 0.2066 -0.0188771 -0.000556088 156
9.55654 -9.30274 0.993704 0.119349 0.184737 -0.0178247 -0.000630358 397
9.64254 0.853204 1.17884 0.0209858 0.268023 0.0218022 -0.000827123 82
9.70327 6.28854 -0.198452 -0.181462 0.14468 0.0213236 -0.000741418 333
9.77523 4.16457 -1.82745 -0.0893624 0.280807 0.138279 -0.000497161 132
9.93216 -6.41846 -12.3984 0.0569628 0.21326 -0.0597122 -0.000402741 260
9.94469 -3.98416 9.31257 0.166885 0.0928671 -0.174355 -0.000462635 459
10.7032 -3.71718 0.799679 0.0909911 0.2596 -0.0178206 -0.000625565 249
10.9139 60.8904 4.54036 -0.0157878 0.242841 0.0135522 0.000169755 55
10.9431 38.4038 4.55206 -0.0364791 0.119954 0.0225508 -0.000209588 180
10.945 -13.0508 1.92841 0.154723 0.0926595 0.0247798 -0.000522098 72
11.0465 8.07949 -1.84733 -0.147499 0.125193 -0.068587 -0.000641807 492
11.0807 -1.62698 -1.52218 -0.014124 0.2373 0.00926452 -0.000752224 356
11.1357 -45.9745 11.8288 0.101632 -0.0330248 0.0271344 -0.00018038 305
12.1378 -77.5359 -1.47167 0.120543 -0.360758 -0.00833077 0.000745415 354
12.3848 -7.09851 -5.12464 0.144805 0.238988 -0.0974833 -0.000276748 292
12.3855 -6.00839 -0.93052 0.258983 0.151494 -0.0965009 -0.000285125 409
12.4026 10.8825 2.21822 -0.166266 0.165713 0.081266 -0.000365135 357
12.4882 -3.68449 1.70027 -0.0544046 0.154981 -0.251638 -0.000387567 389
12.813 45.2278 17.3072 0.194092 1.05887 0.41652 0.0080778 28
13.0337 7.97346 0.123331 -0.139558 0.154922 0.144371 -0.000416078 80
13.748 -5.87524 -4.08903 0.0899349 0.224574 0.01834 -0.000438598 219
13.8629 5.81051 -1.33812 -0.0960361 0.199068 -0.00517808 -0.000522833 445
14.0764 -12.3623 4.90147 0.0305142 0.192075 -0.0846788 -0.000364286 204
15.4287 8.93127 -2.53886 -0.15483 0.160399 0.0538224 -0.000365439 91
15.5711 5.5512 0.468553 -0.0491708 0.210493 -0.00446095 -0.000463696 186
15.9513 11.2868 -3.23054 -0.0126213 0.19275 -0.0178314 -0.000395941 210
16.0021 3.78805 0.744346 -0.0892377 0.141503 0.12955 -0.000479553 81
16.7067 -23.6445 28.383 0.0900028 0.0649294 0.0520678 -0.00021439 23
17.6376 16.9545 -2.00505 -0.0869311 0.00606117 -0.139548 -0.000340054 48
17.8903 1.40199 2.82573 -0.0997283 0.198464 -0.0637937 -0.000354316 473
18.1017 14.3353 -9.35731 -0.140363 0.0310825 0.0586459 -0.000351045 110
18.2902 28.8284 -6.52345 -0.036828 0.139916 -0.0329962 -0.000221989 223
18.296 -5.75131 -4.3663 0.122504 0.134753 -0.016003 -0.000426619 185
19.21 1.35039 -4.50221 -0.0719723 0.194138 -0.0032891 -0.000364057 179
20.1148 -9.54316 13.0266 0.0136985 0.145504 -0.0583068 -0.000329852 454
20.4336 65.2806 28.2117 0.0120661 0.183896 0.0710698 7.49052e-05 376
20.9015 9.36724 4.58104 -0.110529 0.145443 -0.0073917 -0.000326237 67
23.5488 -1.03118 -41.3559 -0.0324148 0.0621525 -0.082451 -0.000189397 30
23.8675 36.0685 -16.7859 -0.00525078 0.124711 -0.0717235 -0.000139905 429
25.4795 -36.0253 -22.5671 0.0934232 0.0156197 -0.0524378 -0.000178954 478
27.4577 70.7243 -9.46606 0.10304 0.370801 -0.0495919 0.00077757 75
28.208 27.1375 -13.1065 -0.0412739 0.088262 0.00953434 -0.000242917 208
28.273 -48.2206 3.33001 0.117734 -0.0366121 0.0047938 -0.000128071 188
31.7449 -1.80137 0.556066 1.09185 0.024182 0.0116051 0.00706222 453
32.58 7.25549 -1.84423 0.0250958 0.116042 -0.0422778 -0.000274658 230
34.7686 -6.42606 35.2686 0.0121825 0.0677525 0.100611 -0.000157416 498
35.6599 6.66564 -10.9154 -0.00404754 0.130062 -0.0367074 -0.000215704 264
40.3411 -32.9244 -13.8503 0.121834 0.0200245 -0.0384899 -0.000127452 226
41.5743 -34.5856 15.6041 0.123674 0.0136613 0.0470182 -0.000111503 162
41.9662 -25.5498 16.8783 0.105363 0.0324825 0.0171496 -0.000162798 32
42.7693 40.0788 -2.09182 0.0648625 0.115157 -0.00501713 -0.000103793 463
43.8169 -23.7074 -23.4245 0.0991704 0.0469536 -0.0893423 -0.000101926 176
44.2906 18.5363 0.512166 0.0214295 0.124525 0.00136682 -0.000160534 66
49.7172 42.9109 -3.17238 0.0928222 0.144514 -0.00127484 -5.72351e-06 233
51.2349 -12.0115 -41.1455 0.0756338 0.0310656 -0.128865 -4.15532e-05 437
56.4893 348.516 64.6892 0.214847 1.43099 0.26872 0.0135034 262
57.3293 -2.19406 -5.30262 0.161126 0.0188391 0.019174 -5.01782e-05 390
59.5141 -8.3298 15.8309 0.100291 0.0488386 0.0406862 -0.000113027 420
64.9543 16.3567 -16.0238 0.106186 0.10351 -0.0652076 -1.74843e-05 192
67.9137 2.09168 -20.5383 0.108043 0.00477267 -0.0445511 -9.05952e-05 337
70.9188 8.12552 -38.6926 0.265406 0.0763687 -0.179172 0.000523392 464
74.7717 75.1975 61.0705 0.317581 0.368471 0.280858 0.00186979 103
77.7758 34.5177 33.9232 0.176731 0.103095 0.0811494 0.00016634 74
79.835 34.2826 -14.3488 0.202568 0.130005 -0.0374169 0.000228897 311
80.4823 25.5013 24.0067 0.340307 0.13985 0.0956007 0.000760752 220
101.881 38.0796 -16.0426 0.283568 0.126633 -0.0372558 0.000497771 318
104.507 145.372 34.3886 0.306996 0.457006 0.101504 0.00189021 119
128.116 60.6047 -8.57017 0.473582 0.243486 -0.0202828 0.00168682 268
137.937 -19.3355 -97.8458 0.793577 -0.0916576 -0.561461 0.00588534 308
153.108 66.5224 -104.65 0.763926 0.348482 -0.526255 0.00607386 499
153.108 17.3143 -53.9592 1.11387 0.147384 -0.414278 0.00888628 261
153.108 40.2943 -51.1918 1.33213 0.371215 -0.445365 0.0131169 17
