-17.2909 8.33751 -3.39445 12.2737 -131.506 11.2007
-14.4683 -2.98217 3.9913 89.5979 -273.136 -18.0078
-14.3397 -3.58037 9.6403 61.4107 -163.417 -34.8032
-13.363 -2.99734 0.846146 142.538 -278.991 63.6508
-13.725 -4.06895 5.13574 46.8581 -193.116 -24.8675
-14.8051 -0.199397 -3.74101 -71.8961 -197.325 24.1176
-13.1172 -2.77959 2.96401 26.7713 -216.308 -17.8205
-12.4667 -16.132 4.12789 89.8881 29.3476 -11.3463
-12.8159 -2.63604 -6.88895 36.3229 -209.902 34.1167
-12.5894 -10.4171 0.66934 52.1317 -224.676 -29.2887
-13.3794 5.87712 11.3147 -36.2394 -145.493 -49.971
-12.7895 -13.7491 7.08964 11.4651 -310.504 60.433
-13.5517 2.45077 0.626341 -66.1124 -225.534 -1.17353
-12.2901 0.774567 0.295426 55.1248 -253.711 6.47204
-13.3042 2.09506 -4.56457 -56.571 -204.925 18.4842
-12.1345 -4.20374 6.10733 39.92 -226.65 -29.434
-11.521 -6.36572 -1.80035 93.6034 -186.527 16.6078
-12.0548 -3.65868 -3.00511 39.7784 -222.538 5.41979
-11.3115 -7.4745 -4.7915 110.159 -182.702 19.0713
-11.8526 -3.15942 7.63637 40.1166 -181.593 -34.0077
-12.6195 2.67302 -9.85995 -40.664 -173.121 38.4571
-11.2607 -5.67026 4.57071 65.0685 -225.463 -8.4853
-11.9467 -0.827574 -10.2855 -5.79856 -202.237 35.3736
-10.5473 -8.89535 -1.84602 123.021 -177.085 7.29724
-12.0417 0.30667 -1.96428 -46.8889 -225.196 6.65197
-11.0867 -6.75155 -3.40647 45.9801 41.861 -95.8309
-11.0559 -3.52661 -4.74401 38.8608 -493.125 125.14
-11.5416 -1.84802 0.838288 -10.5701 -232.644 -12.3883
-10.4226 -6.59509 5.83365 96.491 -185.714 -30.7567
-12.1837 2.69598 5.3793 -93.1761 -207.054 -14.0818
-10.5335 -4.48273 12.2746 57.1261 -172.389 -39.8988
-9.50586 -9.06362 -2.0896 137.856 -196.115 -4.37029
-11.4486 5.78974 12.6134 -65.9481 -139.461 -51.7698
-10.0304 -5.70974 9.19281 71.057 -193.194 -47.9015
-11.8016 -10.9055 7.90092 -114.835 -472.3 172.125
-10.9592 -0.741986 -2.82391 -50.0189 -239.838 16.3187
-8.8244 -9.44429 -4.23449 142.791 -144.626 17.6444
-10.3854 -1.84335 2.0477 -16.5145 -217.474 -11.9405
-10.7663 1.2885 -4.97469 -56.6185 -204.975 4.26158
-8.36343 -10.0983 -0.223695 164.644 -139.702 -9.87371
-10.2914 4.55305 -8.05337 -34.3222 -239.918 23.2851
-11.0256 6.73168 4.75202 -110.354 -164.027 -18.8692
-11.2855 5.31387 -6.72424 -137.029 -183.761 24.6887
-9.96552 -1.7612 -6.82507 -12.3066 -9.05028 126.723
-9.66214 -2.63722 11.3686 17.4449 -179.359 -48.7433
-10.9594 7.39282 -2.692 -115.983 -171.43 9.44833
-8.27747 -16.0516 -16.3409 143.929 -197.547 31.1309
-8.72829 -6.87854 4.99707 94.8109 -230.487 -13.8403
-10.4304 -12.11 8.2275 -76.256 -363.528 54.098
-10.7911 3.14943 1.01106 -120.508 -200.18 11.7192
-8.14252 -9.06034 1.3649 140.956 -178.309 -1.24762
-9.28573 -4.06753 0.15677 19.676 -260.951 9.31417
-8.87722 -4.48756 10.04 60.0861 -183.863 -27.8441
-9.97148 -19.6462 9.56641 -56.4564 -427.117 -6.48565
-9.20221 -3.09193 -2.34687 11.1054 -222.547 2.18802
-10.7898 4.06231 2.55299 -152.198 -191.062 -10.7041
-10.5228 6.02145 -5.68576 -127.258 -174.94 20.7989
-7.8403 -5.05019 -21.3161 137 -183.97 221.105
-9.58572 -9.03707 -11.0675 -40.171 -222.682 33.7386
-9.73078 0.56436 -8.19728 -56.5909 -194.08 17.1295
-9.91294 -0.279502 -3.83517 -82.872 -246.154 -3.53716
-10.01 -8.72897 -3.28095 -100.537 -285.471 -34.7855
-9.29698 -3.70161 -3.83174 -37.25 -215.479 14.2614
-9.77913 5.78904 -1.28276 -90.1351 -218.614 14.4856
-6.83572 -10.9 2.08632 179.37 -164.208 -20.3288
-9.99767 1.53272 6.16401 -135.336 -218.085 -27.8886
-9.03696 10.7885 -4.06279 -61.67 -129.717 -71.5346
-9.12884 -1.81962 -2.09333 -73.5224 -254.644 7.0047
-7.09664 -18.3782 0.645946 116.366 -153.967 0.0156668
-7.91349 3.21278 -2.7619 33.1527 -245.011 -6.36297
-10.2056 0.988677 -0.710056 -195.296 -165.672 -0.233047
-7.97504 -5.02208 0.155849 22.794 -273.257 -8.03849
-7.09598 -6.7708 -11.5017 107.486 -177.014 41.9768
-8.73041 -6.21 2.0409 -59.1845 -342.744 144.111
-9.17054 -0.969777 4.77584 -103.138 -249.874 -16.7644
-9.81469 -0.074455 -6.97405 -167.254 -130.271 20.4907
-9.5247 1.19042 1.61436 -139.649 -228.184 6.75909
-7.72909 -5.06798 3.51623 37.4196 -249.336 -20.7889
-9.26825 12.2 -8.12726 -116.143 -111.84 29.9826
-9.65056 2.1544 -3.92343 -155.492 -212.539 18.4028
-10.1706 -0.360451 4.3993 -207.675 -87.8047 -47.583
-9.24195 4.87365 -9.17215 -129.059 -167.775 34.0898
-9.11778 3.96738 -8.94609 -119.212 -154.949 33.2815
-6.76431 2.63084 12.1243 114.472 -240.615 -46.2174
-9.38727 6.33225 -2.35995 -152.631 -165.164 13.6192
-6.03222 -11.3892 5.18328 176.429 -106.752 -6.69481
-8.27165 -2.86498 1.80377 -52.3845 -253.938 -6.53075
-8.30688 -1.55474 3.40026 -58.4323 -232.285 -7.48354
-6.98961 -5.63549 -4.4231 66.3425 -220.393 17.7169
-9.08672 6.12963 4.29824 -147.621 -157.508 -5.6146
-5.67612 -11.2273 6.97762 185.927 -117.235 -61.545
-8.36324 -4.91946 -3.42088 -81.83 -287.312 -89.4685
-7.04007 -5.32845 -0.27979 49.2745 -229.839 10.0786
-9.00578 5.95828 8.48019 -146.756 -146.832 -71.6742
-6.04276 -8.72158 -1.68069 137.042 -207.375 5.03371
-6.84032 -4.68937 8.05828 54.7197 -201.365 -19.3541
-7.63486 0.608365 -6.85263 -26.1005 -138.297 -122.017
-8.95803 5.23108 -6.44791 -161.558 -150.583 70.2253
-8.78954 1.7487 0.074746 -146.984 -195.518 -3.08278
-5.36801 -11.1873 7.4798 189.641 -122.919 -14.1016
-7.63118 -4.09903 6.75544 -35.3877 -237.471 -7.43179
-8.86985 1.41163 2.28239 -161.076 -212.486 -5.18031
-8.29523 0.581128 -3.54247 -108.968 -200.45 19.8668
-8.4049 0.238901 7.69892 -121.251 -217.322 -41.4227
-7.57963 5.45183 -6.62255 -40.3947 -224.096 33.3528
-8.37647 5.94108 -10.4537 -124.845 -138.028 49.0536
-8.64422 4.33322 -2.41335 -153.168 -161.323 10.9279
-5.403 -9.20875 -3.06636 168.309 -193.958 20.399
-8.84318 -10.289 -10.9028 -174.945 -266.677 -37.9415
-7.24619 -3.47018 1.07132 -19.043 -250.407 1.45653
-8.77095 12.3731 -4.15042 -175.439 -171.021 38.8667
-7.26729 -2.72604 2.10133 -31.7867 -227.726 -12.3959
-8.50194 5.12705 -11.2697 -156.058 -151.161 8.44525
-8.32756 12.7588 -6.90517 -144.324 -115.369 25.7345
-7.53988 -1.66241 3.54066 -67.6528 -226.448 -14.3417
-7.73508 -1.98335 -6.30464 -87.2375 -250.753 -85.4399
-6.98958 -0.974639 6.59399 -14.2834 -37.4066 -147.77
-6.62459 -5.55722 1.4081 17.3633 -281.598 -13.076
-6.10231 -5.66452 -7.9114 66.5325 -242.007 31.078
-4.93918 -10.7608 2.13881 181.989 -157.684 -8.46497
-8.32608 2.98196 -5.21561 -155.759 -181.66 18.9063
-8.39764 1.61359 3.90138 -167.833 -187.667 -15.8717
-6.09039 -5.33358 4.97443 56.1253 -231.49 -5.92787
-7.47546 -6.78372 -1.29761 -82.7837 -277.829 -12.9294
-6.44897 -4.69439 5.73785 17.817 -242.309 -28.4735
-6.25528 -5.21733 0.170764 34.3903 -255.024 2.30677
-7.47504 7.0637 4.84143 -87.7488 -205.307 6.5247
-7.38723 -1.18988 -2.91614 -82.6686 -222.559 -5.55961
-8.39287 1.92139 1.92836 -182.958 -198.293 -3.29157
-6.49078 -3.06796 6.96232 -1.38864 -243.855 -33.8764
-5.59975 -6.03697 0.0702611 82.8136 -237.601 11.7903
-6.24698 -4.62233 5.62302 16.6796 -256.802 -28.3983
-5.63108 -5.60328 -14.2577 75.9737 -181.056 46.0876
-7.82283 1.43311 -5.873 -146.117 -189.556 19.6352
-6.76006 -4.42223 3.67124 -41.7447 -208.585 -62.6084
-7.6386 -0.533825 5.4259 -130.632 -223.507 -33.2783
-8.42885 4.50117 -1.66795 -209.284 -172.065 -1.16554
-8.10896 5.10384 -0.707433 -185.646 -139.6 7.00435
-7.63164 1.22487 3.1767 -139.192 -180.754 -14.705
-6.41347 13.646 -2.24573 -19.1913 -32.9224 -10.2772
-8.09451 6.19929 6.46524 -194.86 -121.049 -26.0544
-5.01765 -6.5893 -12.5805 109.766 -180.581 36.9102
-7.84043 6.33973 -3.37018 -172.72 -136.565 16.8657
-7.72207 2.90946 1.72228 -161.328 -159.52 -4.77609
-8.24872 -0.646875 3.54529 -214.275 28.468 -52.6039
-7.91404 8.22317 -4.80316 -182.448 -123.099 16.9361
-8.02657 6.77663 -4.80588 -194.034 -122.778 16.8699
-7.92226 9.84112 1.85923 -187.354 -119.999 -7.76966
-5.85301 -4.57716 10.1157 15.629 -239.617 -45.0633
-5.82771 -4.31632 -8.7845 16.0064 -222.263 27.3724
-5.09971 -10.9291 -3.06176 86.6664 -74.2796 -117.012
-5.35119 -5.10324 5.60583 58.8648 -214.877 -20.4979
-7.88321 7.68059 0.842317 -193.428 -114.02 -3.9163
-6.41652 -2.66985 6.59655 -50.6998 -226.919 -25.2703
-4.93393 -6.11312 -7.67099 95.1304 -217.02 30.1497
-4.70742 -6.87301 8.42705 117.202 -226.584 -31.7668
-5.32969 -5.04652 8.18647 54.5155 -204.599 -44.6025
-7.72076 4.56296 -5.93337 -183.002 -153.702 15.9784
-5.54724 -4.99328 1.92689 31.2525 -244.391 -4.50365
-7.3258 2.93785 -11.1293 -150.478 -157.593 38.9102
-8.07586 6.54628 -0.837402 -228.507 -123.288 2.36599
-3.75227 -12.7188 -6.21039 191.618 -69.974 20.3852
-7.64861 5.66335 5.38364 -200.215 -79.7518 -25.1688
-3.63568 -12.1144 -1.78517 197.01 -76.1722 3.42772
-6.92821 0.44144 -11.6654 -130.434 -169.768 39.0633
-6.51782 -2.93853 -6.17906 -89.9693 -198.782 25.0052
-7.34928 -0.307765 -2.31253 -174.32 -213.862 12.4502
-3.94432 -7.84801 3.24419 159.62 -164.104 -24.0317
-6.99881 15.5027 -1.23443 -146.318 -104.013 5.78128
-4.05346 -8.41621 1.84043 144.972 -195.988 4.15259
-7.55225 6.10302 -0.365293 -203.821 -123.66 -0.0894647
-5.64938 -3.67715 -6.61425 -16.6761 -232.377 10.0462
-5.70594 -4.43845 -4.88538 -24.1066 -278.808 0.431932
-8.11945 -3.69313 2.35905 -268.513 -223.454 103.236
-7.38849 0.878261 1.31533 -198.169 -199.9 -0.394323
-6.04487 -3.17073 6.52775 -66.0442 -261.366 -34.5953
-7.60397 13.398 -1.32984 -222.875 -70.08 10.0041
-7.48524 4.69467 -7.33179 -216.901 -123.834 26.3555
-6.69687 9.78302 11.3715 -140.827 -109.067 -44.3584
-3.49705 -9.46806 -0.339891 175.137 -127.634 35.7343
-3.21283 -10.4303 1.84096 202.801 -147.365 -4.90607
-7.20094 2.84394 5.1274 -200.423 -157.067 -26.6189
-4.34171 2.12857 1.28861 77.2941 -81.7093 -159.472
-3.47207 -8.53701 -1.16013 158.532 -223.296 16.9369
-2.90651 -14.6331 4.28844 211.983 -44.5627 -16.0766
-4.08726 -9.18562 2.64647 86.8581 -192.08 -31.7888
-3.06298 -9.4637 -2.65921 187.1 -140.598 19.8057
-7.05496 2.88112 0.445405 -214.934 -145.163 3.11783
-3.10271 -8.32839 -0.481666 176.637 -189.403 -11.4779
-6.63388 -0.972521 -1.80101 -174.467 -205.328 3.76075
-6.67815 2.33832 -1.1521 -182.269 -143.271 2.29377
-6.76657 0.89218 -1.51644 -191.163 -172.227 7.80085
-2.58306 -12.313 -5.69223 222.33 -76.8195 26.4225
-6.8598 -0.755817 -2.74074 -203.773 -205.975 9.26681
-6.69985 3.10713 1.63288 -193.699 -133.489 -1.85344
-5.70096 -3.17557 1.863 -97.7534 -258.976 -13.8856
-6.81863 9.63933 0.601657 -212.987 -98.8473 -0.797741
-5.93559 -1.26007 1.36138 -125.437 -204.249 -16.879
-5.87586 -1.49303 1.81771 -125.143 -202.345 -0.195123
-6.6197 -0.272235 5.9091 -199.558 -401.339 212.514
-4.89802 -4.69381 2.45428 -28.6571 -250.421 -3.62079
-2.33864 -12.1479 -0.807701 224.476 -116.77 25.2925
-3.11677 -7.24754 -3.75322 145.623 -213.61 -1.17045
-5.10545 -10.429 8.22268 -54.4846 -105.486 -110.242
-4.67247 -4.81582 -4.68502 -12.5804 -279.008 9.27602
-5.87115 -0.967707 -5.31846 -132.521 -193.218 31.6139
-4.21045 -5.35174 -6.00543 27.2231 -270.606 25.9972
-3.24556 -6.62929 0.942587 112.566 -229.883 -3.2649
-6.54443 0.690147 1.2374 -215.407 -158.104 -7.13367
-5.29683 -1.63615 7.48189 -91.9878 -202.647 -32.0997
-6.34619 10.6434 1.45187 -196.546 -289.017 61.9205
-2.53901 4.54336 -3.83159 180.807 -83.8601 -49.1873
-4.88381 -4.18612 2.39683 -52.8244 -270.068 -14.4052
-6.49337 0.523952 -2.41608 -216.454 -161.304 4.07982
-6.49803 3.41003 1.45148 -218.506 -105.272 -6.29868
-6.59176 3.51329 -2.01399 -228.313 -109.522 6.86468
-5.803 -0.769792 10.6299 -151.465 -181.551 -37.349
-2.63945 -6.47691 5.4162 162.271 -173.019 -54.148
-6.32223 4.73995 7.01353 -204.365 -104.718 -27.4305
-6.5585 4.28075 1.45209 -232.19 -100.006 -6.99928
-2.35688 -7.76058 4.42358 180.746 -200.887 -30.717
-2.81747 -6.5985 2.5023 129.653 -189.336 -23.2754
-2.71338 -6.6334 -4.65445 136.589 -183.555 19.4811
-6.53074 1.65531 5.93901 -243.535 -122.192 -24.3226
-5.12534 -2.27461 8.43485 -104.585 -222.459 -36.1128
-2.56827 -7.24625 3.60007 142.452 -229.193 -8.94241
-5.05051 -2.43218 1.22755 -104.356 -217.729 -3.40233
-3.976 -4.31352 1.62544 0.0833261 -248.99 3.32659
-2.56652 -8.64535 -15.7343 135.871 -51.277 57.5921
-6.20998 8.14284 -1.91721 -228.657 -179.926 -16.7384
-5.737 -0.667146 -3.43813 -185.224 36.4037 -71.6345
-5.22123 -0.600241 -13.77 -135.156 -162.507 55.2257
-1.8001 -2.49161 10.9427 204.607 -101.031 -35.8064
-6.38101 2.19616 2.15604 -253.005 -113.57 -9.08949
-6.30451 7.68991 7.88916 -245.88 -95.1578 -24.0521
-6.32559 6.31122 -4.89152 -248.574 -72.1645 5.38302
-1.98626 -14.6766 2.59965 182.278 0.190464 0.114245
-2.3566 -7.05622 6.21176 144.737 -217.961 -39.3467
-6.04333 4.76526 2.81252 -224.016 -36.5035 -8.53639
-5.85151 5.03721 -5.80586 -205.901 -78.523 23.5331
-6.05419 2.35249 -0.269072 -229.233 -91.0342 -37.7052
-4.09086 5.37653 9.86978 -34.6215 -169.553 61.0941
-2.43257 -6.26193 -6.22 126.203 -187.04 10.1661
-5.46837 12.5586 -1.84837 -176.035 -79.7026 10.826
-4.01369 -4.98867 0.474147 -32.7038 -290.607 -20.8295
-1.64433 -15.0423 -0.987863 202.388 -17.1952 13.7069
-3.97938 -4.14672 2.11749 -30.4902 -242.224 -2.64477
-2.13609 -6.83024 4.49088 151.765 -233.009 -33.7035
-6.30417 0.50422 -1.70923 -262.679 -110.542 5.89022
-5.59917 8.34256 -11.5711 -192.744 -69.5552 33.6629
-1.85532 -7.68204 -3.54847 179.141 -161.339 19.4046
-1.69062 -10.8157 5.22417 194.469 -68.2793 -15.6909
-5.66352 1.089 11.2047 -202.144 -128.301 -38.2109
-5.66935 7.278 -7.36972 -204.438 -86.4944 29.4744
-2.90982 -5.22515 -7.5435 68.5593 -223.691 39.9949
-1.55028 -14.3135 8.42594 203.066 -16.9561 -17.8167
-3.0656 -4.05492 -0.0147333 51.0667 -208.188 97.0668
-5.13772 -1.19297 3.25463 -155.067 -178.224 -15.1007
-6.05664 1.49312 -1.36392 -247.392 105.064 50.4226
-5.95182 -0.19367 -7.02434 -237.368 -143.574 31.9236
-4.16834 -3.33899 -2.77626 -60.9727 -229.774 10.4155
-3.42527 -4.7614 4.09477 10.5574 -251.304 -9.84236
-5.50173 11.7144 -1.34261 -197.911 -60.2786 8.43232
-6.2672 3.59764 5.28129 -275.157 -33.5514 -16.84
-6.08948 2.5625 6.14053 -257.829 -82.8402 -21.6254
-5.84442 2.51944 -1.9881 -237.232 -102.765 46.8175
-5.95192 5.30983 5.91773 -250.812 -92.0518 -22.3094
-5.05779 -2.24055 1.92551 -162.898 -199.039 17.3133
-4.18456 -0.458604 5.80222 -77.1538 -265.124 0.715407
-1.85462 -14.9185 -4.49736 153.809 -151.633 2.95545
-5.30526 -3.26868 0.68438 -189.005 -219.131 -4.49799
-1.55744 -7.4512 -0.796319 183.242 -209.497 -11.2884
-3.32619 -5.30093 -3.07741 4.70302 -287.228 3.89016
-5.8941 1.49243 -3.08478 -250.407 -73.0455 11.8531
-1.72411 -7.30496 9.46021 162.626 -164.368 -35.0943
-5.16398 12.2271 3.20369 -182.319 -61.022 -9.13484
-2.27166 -5.95493 -2.5301 102.983 -215.068 7.50191
-1.32951 -8.02588 5.27066 194.526 -143.314 -27.7268
-5.64562 3.43445 3.16864 -235.705 -79.9672 -10.4581
-4.78697 1.09167 -13.5062 -156.386 -101.064 54.9042
-5.72048 12.5017 0.472081 -249.736 70.445 -35.2878
-5.56863 0.54693 -4.21018 -238.692 -114.298 14.377
-5.26886 7.08769 -9.65535 -210.51 -43.5001 40.2627
-3.41683 -4.11586 1.48397 -27.4349 -245.274 -21.6848
-5.79456 1.5774 -2.68823 -264.133 -80.4368 12.0246
-5.63009 0.232472 -3.85589 -248.079 -336.623 106.559
-1.83484 -6.11307 -11.7235 128.255 -190.202 55.0883
-4.94805 -0.824079 -9.42929 -182.138 -147.298 34.5116
-2.30606 -5.97731 0.0975751 78.5592 -274.82 -4.2533
-4.40458 -2.52097 -2.1007 -132.685 -201.45 -3.8083
-3.41214 -3.79363 3.21662 -34.5582 -253.609 -6.6968
-4.8793 9.02409 13.4884 -181.313 -48.6763 -48.328
-5.40693 -1.48633 -0.273492 -236.085 -159.083 -6.95157
-1.83416 -3.79021 3.0566 117.448 -168.231 89.857
-5.02728 -2.26099 -2.53677 -200.538 -196.174 12.1143
-2.22057 -10.9434 -17.1992 75.7047 16.1342 68.9002
-5.24575 -1.5788 0.283784 -226.464 -152.162 -8.7548
-5.64745 5.81148 4.21148 -269.006 -42.9329 -11.6293
-4.09695 -0.14309 16.1068 -121.336 -123.859 -62.0269
-3.85696 -0.99743 -7.22283 -100.175 -208.061 28.3761
-5.05103 5.84175 4.82956 -220.041 192.231 -67.9087
-0.766749 -9.0037 6.37433 205.116 -100.723 -27.9916
-0.986482 -7.55807 -8.10184 183.268 -135.962 23.5943
-5.05503 9.66807 -2.14887 -222.331 -54.1137 11.847
-5.19762 0.852544 -3.19171 -237.749 -90.8487 7.18863
-1.33641 -6.42135 3.15425 145.746 -208.18 -10.0518
-5.00323 10.5532 -1.90615 -218.827 -57.2189 10.8666
-4.95397 -0.880652 3.7447 -215.117 -126.501 -9.60066
-5.21057 2.88597 7.77547 -241.157 75.5173 -63.0702
-0.701777 -8.40509 -5.12784 206.683 -104.214 15.7723
-0.801501 -8.14636 4.53238 194.735 -109.769 -17.5183
-5.46096 9.12236 1.18512 -270.797 -189.106 -48.1228
-2.2546 -13.3954 0.526109 43.8131 -274.645 -0.48822
-4.94139 4.50882 11.6418 -223.823 -53.1821 -47.8335
-4.8753 2.44361 -11.1967 -218.908 -51.2258 31.1004
-0.351267 -8.84006 5.26995 230.392 -119.28 -24.2805
-5.31171 4.69125 1.85304 -263.749 -38.233 -9.23212
-5.19068 -2.04718 -3.66843 -251.745 -65.1092 21.5568
-4.75839 -0.106633 10.851 -209.562 -97.9003 -42.7669
-0.289698 -10.457 1.1022 234.103 -76.4779 -3.90385
-2.57214 -5.08704 -5.03663 7.13557 -268.857 25.3286
-0.382004 -15.8145 10.2827 223.158 -21.1254 -28.543
-4.87337 0.88953 -9.83357 -223.377 -85.681 32.78
-5.37694 5.59908 1.96252 -275.719 -42.5311 -2.97963
-4.97307 4.93344 -0.216281 -240.153 -37.3395 4.75383
-4.99144 4.48034 3.43989 -242.133 -35.7919 -15.0994
-1.39368 -5.61171 5.81843 114.083 -209.551 -28.001
-4.47373 -2.55365 -2.97615 -192.077 -185.207 13.6692
-4.78729 6.79351 -7.46615 -223.947 36.3801 46.6553
-1.56787 -4.05441 -4.11879 95.7042 -213.15 16.2562
-3.23237 -0.270646 -15.8916 -70.0272 -240.135 90.0436
-5.05197 -0.0444359 0.83742 -252.021 -70.376 -1.49358
-4.88643 3.41832 0.881241 -236.086 -79.6615 -3.58193
-4.52702 4.99449 -7.70774 -200.486 -57.8798 -87.9463
-1.82353 -5.2002 -8.41317 66.9311 -234.415 43.7981
-5.86736 8.17089 -1.74202 -337.76 23.3855 -101.961
-5.00285 1.69807 3.79787 -252.964 -25.9778 -16.5458
-4.96944 6.94083 5.77565 -252.413 -34.7543 -29.5366
-1.46844 -6.63432 -6.30177 93.2555 -274.402 -62.8264
-2.05073 -5.61012 2.71113 35.3619 -285.395 0.750814
-4.37785 14.0291 3.57796 -196.79 -68.7311 -15.2597
-2.18933 -5.42095 4.22842 19.8457 -278.624 -12.8815
-0.221675 -8.97425 -6.1764 215.295 -90.6714 28.3099
-4.85795 2.99392 -0.32491 -245.349 -3.8614 -24.637
-1.42363 -2.68977 -10.3164 94.9853 -251.141 46.4553
-4.55796 4.12252 6.23922 -217.229 -77.2869 -21.9035
-0.0205283 -8.73623 -2.94996 233.181 -136.189 51.2975
-5.18196 -0.0705582 -2.41513 -280.396 -19.5771 -23.9254
-4.84701 6.82832 -6.78016 -249.239 -144.95 40.2735
-3.76341 8.52369 2.41835 -142.249 -147.209 46.9252
-5.06533 1.50889 4.5556 -272.417 34.6183 -14.154
-0.380019 -19.1337 11.6082 192.712 -210.716 33.6127
-4.88167 3.98481 -4.62399 -254.532 -34.7321 21.7501
-0.578243 -6.84201 9.32572 172.478 -183.636 -34.4977
0.0690892 -10.0796 -0.621373 235.928 -94.5535 11.8046
-0.461305 -6.75036 -3.67343 180.963 -214.708 -0.486163
-1.28714 -5.97035 1.30811 95.8869 -263.652 -3.85995
-0.0581711 -10.1993 -3.38234 214.121 -70.0728 23.1082
-4.82851 3.76587 -2.46061 -260.385 -34.3031 13.5982
-0.453858 -6.68777 -0.0214943 168.018 -176.976 -0.245215
-0.0794006 -7.3397 7.62586 203.106 -148.729 -37.1627
0.1465 -8.22305 1.66425 224.889 -142.576 -10.9955
-3.71212 1.12457 -16.7835 -166.147 -51.1673 65.0338
-4.58674 4.1163 -1.75665 -253.067 -1.45939 4.83386
-2.9827 -3.88973 6.02324 -95.1287 -230.803 -14.6345
-4.67636 4.20514 2.38026 -267.27 2.61345 -10.0354
-4.71038 8.21137 1.45101 -271.071 -12.3844 -6.51042
-4.44433 2.34708 5.93442 -246.873 39.1661 -24.0701
-4.28517 6.33346 5.44336 -232.804 -41.9564 -16.9478
-4.09136 10.4781 0.771194 -213.678 -56.3157 0.541231
0.351529 -11.5795 -5.79909 227.233 -42.7 33.672
-0.14465 2.64947 3.21227 175.694 56.2793 -114.16
-4.24039 2.98249 8.24448 -232.138 4.86515 -32.2393
0.334818 -8.51797 0.780568 217.378 -94.8549 1.91342
-4.36194 2.59517 0.784611 -249.482 70.6654 7.33643
-0.986445 -5.20141 2.78177 85.7601 -246.226 32.9255
-2.03936 -4.72173 6.90075 -19.726 -251.166 -34.0274
-4.16883 6.30987 -4.0947 -231.268 -7.87932 14.7489
-4.096 4.92795 6.89745 -224.259 -3.09336 -27.0814
-4.11721 5.34156 5.86199 -227.182 -18.1233 -14.0881
0.888465 -8.29714 -0.834963 266.072 -72.5332 17.4304
-0.255548 8.75938 -5.10178 151.035 -19.0668 58.0427
-0.486234 -18.2601 3.8478 121.821 58.9235 -13.5423
-4.9715 1.09107 -4.03198 -324.261 -185.261 -47.1596
0.284332 1.76728 0.592568 197.719 -58.4087 77.1329
-0.806604 -5.41615 -9.47047 88.0378 -246.816 37.1079
0.087636 -6.79082 3.56299 175.546 -219.107 -15.2294
0.751776 -8.76971 -0.377182 240.647 -108.366 6.87722
-3.89982 3.09435 -7.50547 -226.622 32.2498 27.2302
0.302139 -16.8751 -0.122274 188.445 20.731 -11.0694
-3.93731 4.8289 -1.20936 -234.777 57.5187 19.2957
-3.87464 -1.84194 -0.273858 -231.089 -128.96 3.89986
-3.38058 1.45573 13.714 -182.166 7.19983 -52.8841
-4.04726 4.04544 3.96818 -250.299 55.8669 12.0852
0.573197 -7.33566 7.01817 207.091 -93.8967 -22.0473
-4.2574 5.72355 -1.80405 -274.922 31.2943 5.24328
-4.02743 4.97179 -6.21982 -255.15 30.3917 22.1727
0.85409 -5.28013 -0.19485 228.596 -71.5598 7.76895
-1.46389 -5.04547 -0.793581 -1.75975 -263.94 -4.18832
-3.70862 6.47196 -12.0215 -224.939 -12.0827 44.1354
1.00459 -9.89722 -1.14108 241.623 -9.99092 267.038
0.695113 -10.1372 -5.20536 206.267 -34.9385 22.9683
-4.08493 4.63329 4.86931 -269.872 56.6282 -34.3906
-3.81069 4.7705 4.21653 -245.167 80.6264 -43.9451
0.670188 -6.3009 -2.6389 198.978 -173.151 27.1753
-5.40263 1.61925 3.56256 -404.262 141.958 117.175
0.98969 -10.9692 -1.88917 230.096 -92.8522 13.3807
-3.75859 4.05017 -5.1983 -242.144 51.3101 5.55293
-3.43814 9.51163 4.77339 -211.798 -21.5246 -18.9426
-3.29588 3.20927 7.83617 -199.905 128.926 -33.1265
-3.80909 4.26151 0.47303 -251.4 126.951 -3.46726
-3.82511 6.78009 6.73001 -253.229 23.0153 -27.1218
-3.02429 15.6792 1.8466 -174.458 -73.0203 -4.21022
-3.41176 11.7353 6.64058 -214.398 174.918 30.3901
1.01945 -11.4896 -5.25671 223.945 -25.7905 10.2971
-3.47142 9.59978 -1.00173 -225.162 -24.0284 2.17978
-3.37172 3.62158 -3.98132 -218.949 120.708 8.84703
1.22153 -8.03319 -3.29413 236.935 -89.9928 12.847
0.997879 -9.88707 -4.94208 211.957 -28.2084 9.61391
0.767904 -13.0844 -7.18558 188.439 10.3352 24.5547
1.19759 -2.48885 3.54219 228.85 -128.645 -9.68724
1.63874 -4.77114 -6.81248 271.758 -24.5714 -31.311
-3.89384 5.28835 1.4261 -278.31 85.7052 4.74938
-3.70918 5.65475 3.93027 -263.513 50.7116 -30.3824
1.34609 -7.04974 1.95814 237.26 -166.202 -13.7506
-3.42054 8.01837 3.11081 -236.451 3.98867 -9.11478
-3.40192 11.0658 3.07113 -239.25 -7.23767 -8.9338
-3.35361 7.17838 0.727066 -235.236 17.8903 -4.15365
-0.270215 -6.52766 4.23394 70.5618 61.7313 154.313
0.311303 -5.24764 5.35616 127.865 -212.74 -35.3127
0.166181 -5.63951 -3.51982 108.349 -253.189 10.9394
1.64125 -8.53792 3.48614 250.512 -88.5006 -2.72991
1.28494 -4.47389 -6.54948 210.422 -52.1717 -56.4629
-3.54118 4.20411 -2.66014 -269.093 61.826 -44.8358
1.4681 -7.19204 -8.42916 228.468 -104.348 41.4494
-3.34397 4.92979 5.07803 -250.005 104.797 -16.3128
1.34642 -11.7706 3.17161 213.697 -22.7681 -32.7434
-3.3842 10.2178 -5.01514 -257.235 -1.52948 22.0527
-3.22603 -2.37483 -1.09116 -242.396 -11.632 -36.6273
1.25588 -5.94327 3.6106 201.648 -162.096 19.6297
-3.34169 5.02726 1.58286 -257.4 127.155 -4.36975
1.54926 -10.6178 -9.35021 225.664 -26.2774 45.5631
-0.510593 -4.82155 1.3042 20.1473 -247.079 9.0813
1.58131 -10.235 -7.78562 226.297 -31.9386 19.7349
1.66748 -10.3785 -6.15849 234.376 -29.8277 33.804
-2.79617 9.01263 4.26196 -211.046 76.5227 -32.5442
-3.08295 5.14664 4.22058 -240.748 107.103 -26.8953
-3.21066 5.45154 -0.00965652 -254.303 104.593 3.10336
1.95157 -9.45262 -3.91652 258.254 -57.5291 18.9161
-3.08471 12.3564 0.462152 -244.639 -6.46673 -6.79305
1.39614 -14.0273 3.78599 200.003 11.0453 -17.4268
-1.42782 -3.75581 7.64111 -81.3542 133.113 95.4129
-2.96556 7.6405 -3.09767 -234.208 -46.0351 11.4694
-2.80725 4.71706 0.922941 -219.604 134.449 2.03326
1.68603 -8.45683 -1.57325 226.567 -224.366 157.739
1.82098 -6.8038 6.4684 237.266 -137.146 -29.1226
-3.13345 6.3656 1.17176 -255.221 71.618 -20.5479
1.58305 -5.8152 5.31265 210.503 -152.554 -33.1477
-2.5905 0.293252 6.33333 -205.313 58.008 -1.71592
1.39224 -14.1804 0.471686 189.516 26.5985 6.23907
-3.11398 7.8662 1.79423 -259.234 154.726 -12.2226
1.69273 -12.461 -0.00176989 216.304 1.48476 -3.25961
1.8664 -9.0547 3.26083 232.298 -34.4883 -2.11911
-2.78281 11.9096 5.02583 -229.768 -12.0888 -16.5064
-2.55299 8.58974 12.1758 -207.886 6.97318 -47.5777
2.11045 -7.60826 -5.9272 254.44 -102.037 22.8993
0.501792 9.54141 5.98629 93.3968 -12.0249 -57.4341
-3.15989 2.61982 3.13575 -270.437 -30.375 21.9288
1.40808 -5.70995 14.9425 182.269 -73.7921 -47.9241
-2.88668 4.74151 2.18171 -250.091 -0.394769 5.94063
1.65316 -8.11389 12.6597 196.499 -27.524 -39.4822
-2.51008 5.2867 0.187517 -218.246 178.292 -2.88323
1.62269 -7.14429 -5.99963 187.017 -233.675 -87.3571
2.02551 -6.8293 -3.15945 226.851 -40.0111 -29.2754
2.12477 -6.55774 3.38513 234.472 -98.5329 -1.28982
-3.84539 12.073 -5.50813 -358.711 143.166 -77.0483
0.731523 1.85154 3.91879 94.4844 -226.958 -7.77342
-2.50013 9.73546 5.7125 -228.185 6.27526 -23.0793
0.687826 -10.4049 -3.88953 87.5028 -228.947 -8.42053
-2.09442 16.1666 18.3919 -189.124 42.4045 -73.3446
-2.59902 6.46764 1.63695 -239.925 65.5753 2.44235
-2.58817 6.22773 3.17823 -239.265 84.3942 -13.4468
-2.91877 10.7876 -6.68185 -272.389 -94.8928 58.9894
0.446821 -4.8967 9.8558 61.0142 -247.131 -25.2304
2.28556 -7.16011 -2.46811 241.847 -66.6351 21.0028
2.43561 -7.22717 -2.84028 256.091 -97.5465 21.7128
-2.22886 5.04729 6.04672 -208.595 144.217 -1.56851
-2.65609 5.88707 -0.356291 -251.744 129.53 -5.77509
2.16055 -11.74 5.49035 225.58 -59.2158 -3.85064
-2.58525 7.14357 2.29465 -247.781 71.7762 -13.2702
-2.37722 6.28897 1.86221 -232.113 -48.9031 39.754
2.62572 -10.4017 -2.47504 261.673 -27.8083 2.75148
-2.60147 8.01505 -3.30881 -262.78 74.2441 7.80139
1.32756 -4.44516 -4.38229 119.957 -208.513 2.23559
2.59134 -6.06771 0.86621 245.183 -125.373 2.40058
0.119859 -7.65037 -4.05109 -2.668 -243.571 32.9925
-2.25701 8.73758 4.06047 -239.108 41.7102 -5.85067
-1.89256 4.36814 0.864207 -204.09 -38.4652 -103.589
-2.11054 8.82766 -3.26883 -227.059 24.9902 13.2658
-2.40821 6.89805 1.0758 -257.621 103.389 46.9938
2.21728 -13.1527 3.12372 198.644 31.7742 -9.97992
2.10103 -4.82333 -4.85555 186.547 -177.507 29.2232
0.467697 -8.02213 -1.56771 22.1315 -229.179 12.3593
2.4691 -7.45314 -5.39234 217.788 -37.0676 30.3045
2.57594 -5.46867 2.9868 225.533 -184.199 -20.802
2.99412 -6.81959 1.49229 264.582 -78.8274 8.31246
2.79197 -9.73886 -0.363303 242.884 -15.2289 -2.33412
-1.75614 5.65603 0.473202 -209.632 111.066 54.9847
-1.75501 8.76066 6.24694 -212.262 23.6131 -35.9446
-1.95573 11.6018 -4.25445 -233.52 18.5252 2.81904
-2.04359 11.5131 0.29192 -244.202 45.6786 -3.42869
-1.99815 10.57 -2.90304 -240.778 21.6691 11.9193
2.54799 -8.69319 9.69439 208.834 0.0602571 -34.8714
-2.0731 8.18064 -2.38785 -252.366 50.8109 18.8755
-1.67427 -5.05152 3.31397 -214.06 -29.7983 -46.7683
-1.9905 4.57019 7.77904 -245.894 58.9123 -32.5839
3.10919 -7.5673 -1.05014 259.177 -49.2583 15.6556
-1.12952 5.17492 -6.15817 -173.261 159.522 19.3699
2.7309 -8.10368 10.5128 209.889 2.59669 -48.3724
2.07878 -4.0621 -7.10006 143.96 -253.085 83.4105
0.499993 4.79362 -1.07772 -15.0176 249.956 13.2411
3.31498 -7.39787 1.77137 264.041 -51.5302 5.15492
-0.363458 5.18289 3.67476 -102.173 224.843 -8.49674
-1.42151 6.19415 0.832163 -207.856 121.293 -15.0861
0.165145 6.11609 -10.8617 -50.734 220.78 45.7516
2.93969 -10.7173 -1.93651 222.406 16.9521 6.19616
-1.85787 4.77571 0.15094 -255.422 59.9171 -36.3009
2.77071 -4.82035 2.01936 204.028 -120.821 -33.1897
3.21836 -6.61681 -6.13792 246.865 -49.4503 34.5168
-1.64651 6.8728 3.65703 -236.404 114.645 -20.5343
2.80041 -13.4718 1.17707 199.131 36.5898 1.63556
3.01168 -4.48787 -5.61499 219.854 -100.691 32.4428
2.84466 -8.92092 8.93396 198.324 15.4777 -32.0847
3.26613 -6.90232 -2.58002 239.405 -34.6711 8.03509
1.04631 9.95069 0.17411 18.808 182.348 6.22777
3.48008 -7.01143 -0.312903 259.435 -29.5701 -2.80716
2.9534 -4.15362 0.0040341 207.035 -148.574 34.483
2.88838 -3.94189 -6.69908 197.749 -145.998 21.1949
3.51943 -5.16094 -1.1597 258.675 -138.738 10.4951
0.602297 5.0311 -4.45674 -32.3384 261.034 16.0235
-1.29978 6.66096 -5.65159 -221.587 171.955 19.3626
-0.660562 6.07487 1.51193 -159.672 246.842 1.07915
3.41019 -4.59839 -1.47489 244.506 -64.5715 20.373
-1.04714 6.7669 -4.42397 -200.059 -154.143 -13.1692
0.944887 0.025437 0 -3.59788 1.33607 0
-0.640646 15.27 -0.647433 -162.373 163.147 -0.650913
3.54941 -7.12324 -7.08135 253.402 -27.954 23.0499
-1.31761 6.74629 8.45452 -231.086 130.567 -26.5051
1.62855 -9.84238 -0.0947145 60.2047 -25.9741 -83.479
3.85812 -6.33863 0.662742 281.525 -61.1959 10.2173
3.44705 -5.42188 7.92496 237.777 -51.6332 -19.3844
3.35835 -1.9457 -4.4332 228.411 135.326 15.0381
3.61671 -4.53384 -4.14026 251.3 -115.039 16.0984
-0.905841 9.1715 -9.18723 -199.476 15.6617 35.6895
-1.17532 11.3583 -5.5469 -228.576 27.2962 30.1632
3.79616 -5.53373 6.68011 263.905 -59.1171 -13.4633
-1.13443 7.78755 -8.14069 -226.207 77.9475 36.0466
3.18088 -9.93802 8.75643 200.083 22.9659 -27.1546
-0.103372 5.80763 -2.87151 -128.673 199.31 18.3314
-1.29264 16.1039 0.981745 -246.985 141.217 -5.90633
3.51227 -4.27716 2.31715 230.012 -162.477 -9.15348
-1.26881 9.27842 -0.870485 -245.559 81.5423 8.79864
-1.22447 8.17918 -5.91016 -246.027 104.628 24.0425
3.71329 -6.14934 1.56516 244.311 -29.9151 -9.74959
-0.459693 3.27424 -5.06515 -173.859 211.503 -16.3808
1.65704 4.66894 5.00065 36.3788 255.624 -26.5265
-0.87568 7.7918 -8.9942 -215.737 94.9857 30.571
3.71239 -8.79298 0.232261 238.258 84.747 -2.60684
3.44687 -3.94963 -5.64898 206.995 -176.723 12.6906
3.99629 -7.34814 2.62227 261.077 -0.236713 -11.3777
0.185554 5.65208 0.581592 -117.624 232.11 5.85365
3.31636 -5.02058 -13.6643 192.427 0.988701 53.9256
1.0336 5.37355 -6.66401 -35.7988 276.685 24.3709
-0.649175 6.50408 -5.41648 -203.347 173.962 38.8589
3.49844 -10.2653 3.49411 208.298 -54.5326 -12.6385
3.95354 -4.45777 -4.77636 253.057 37.0752 -10.9964
-0.978944 9.29337 2.82865 -243.188 72.2325 -3.94954
-0.689647 7.77596 5.4218 -215.297 88.417 -19.3077
1.74261 4.98901 -0.393383 26.2467 265.263 10.2804
-0.773154 10.1118 3.61396 -225.68 49.3324 -17.7835
3.31154 -13.4363 5.35723 179.908 53.1248 -14.6282
-0.957693 -1.91007 0.291227 -248.289 -12.673 4.79839
-0.0186077 15.7478 9.03021 -155.687 -31.5609 -35.2546
3.13175 -16.8822 1.36938 156.156 62.5564 -55.244
-0.339578 6.3798 6.33297 -190.33 201.835 -6.96087
2.7144 4.8297 -1.45415 110.739 280.923 62.3623
-0.919462 10.8347 -3.22915 -253.913 63.287 5.01011
4.1974 -4.05997 -1.12635 253.801 51.246 12.9419
4.07092 -4.16478 -1.83225 239.877 -6.71891 9.33757
3.58182 -12.3438 5.39069 189.172 49.0696 -14.4471
4.25873 -5.30368 1.90961 254.629 -82.6623 3.6402
-0.553104 10.6667 -9.55749 -223.383 40.8005 44.2228
3.90305 -2.60987 8.5596 219.192 -109.233 -21.3997
4.42792 -5.65921 -0.248341 269.901 -20.3295 -33.471
4.21365 -7.66933 5.96643 244.521 19.9414 -4.35501
-0.441982 10.6049 -5.39143 -219.906 44.7517 16.6305
4.4794 -5.48576 -7.2525 267.513 -4.26968 30.2463
1.1575 5.61308 4.05077 -62.6538 262.591 -10.2769
-0.242114 7.18516 -3.00419 -201.949 125.377 31.4904
0.561175 5.88202 1.48468 -133.084 224.345 17.042
3.21789 16.2431 -10.2572 130.441 456.724 -96.882
3.77064 -13.4113 1.69777 184.309 55.7309 -12.3394
4.61795 -6.45399 -0.416679 268.317 -0.700672 4.2296
0.432641 2.96722 -3.78301 -147.439 170.226 128.1
4.28382 -8.28365 -2.25189 234.647 13.9491 15.8925
0.292275 2.86423 5.91642 -162.949 164.959 -1.12945
0.890249 -2.89992 3.43176 -105.854 -134.199 147.958
3.10952 6.81468 -3.45435 113.966 193.306 12.6779
-0.204655 9.81358 -2.02755 -215.489 56.4837 6.55281
4.3531 -6.98544 0.0331198 235.811 28.9508 -0.47844
0.116278 6.67245 -1.13755 -185.58 218.734 -22.2731
3.20809 10.5235 -3.99669 119.729 -33.6494 -29.2012
0.0228117 7.1215 -6.88424 -197.972 172.623 21.6678
4.61146 -5.72418 -4.84748 256.577 -2.43951 20.9922
4.55221 -5.07847 7.99148 248.18 -23.0702 -68.2532
4.71944 -4.87785 7.93424 264.196 -6.37206 -27.603
4.82316 -7.29869 -0.577912 272.817 2.04883 4.89236
3.92899 2.02743 -6.5472 183.829 138.326 29.1181
4.26155 -8.62327 -8.29166 213.951 38.2391 24.7659
4.35096 -8.89423 -6.66616 221.478 39.7419 29.7729
0.246499 8.05557 9.58108 -189.364 76.5432 -39.6445
3.07362 -8.50018 17.3182 86.2717 47.6153 -69.4553
0.134618 8.91084 5.94978 -209.357 79.1788 -21.3738
5.01336 -5.30045 -0.493612 271.905 22.4295 -78.8332
4.60791 -1.6213 -5.6117 229.796 37.9839 27.0746
0.526497 6.53419 -8.44713 -175.774 189.381 22.1292
4.88903 -2.05868 6.51598 257.056 20.3157 -32.1009
4.87665 -6.94484 -1.7391 251.687 34.4819 37.8525
4.81402 -6.80211 0.900378 244.66 32.3913 1.4215
4.36317 -11.5372 5.03884 195.458 59.5565 -29.8713
0.592451 7.13434 0.457822 -183.999 156.281 -5.91809
4.7114 -1.91229 1.88172 224.491 127.445 -13.1856
5.14343 3.00364 4.44782 267.357 -53.3321 -10.148
4.54759 -9.68218 -4.99555 208.033 56.6295 19.615
3.98374 0.164 -4.30236 149.234 169.466 33.5852
4.70576 0.484446 -1.07815 220.316 91.9097 0.848356
5.46203 -2.24538 -1.3813 294.826 -19.3536 8.17741
4.8146 0.728957 0.133669 228.154 125.059 -2.06561
1.5322 0.298961 10.2504 -99.9751 185.126 21.9511
1.14579 4.26142 0.486317 -138.72 159.244 137.669
5.30365 0.123753 1.1454 272.757 45.1237 -14.8633
4.54212 -6.86068 -9.29477 195.582 53.5016 40.3036
4.3349 -2.09822 2.92481 174.828 162.538 17.5321
5.29634 -4.41542 -0.486902 269.579 29.9265 -5.80796
5.06144 -4.14443 0.627134 246.183 37.1716 -3.88771
3.10361 4.10609 -6.66034 51.639 258.048 -96.8167
5.06985 -6.56792 0.488583 245.752 44.539 -15.2146
4.09154 -2.97766 16.4212 148.377 184.592 -70.6882
1.5911 5.52263 -4.80503 -100.719 206.019 19.6921
5.04916 0.834556 3.88947 242.778 -1.82042 36.5642
5.3899 -6.55128 1.1315 276.443 32.2747 1.168
4.74354 -10.5925 -1.50924 210.852 57.2004 -5.78647
4.90228 -6.93827 6.95729 225.291 46.0774 -27.8698
5.07896 -5.66078 6.81771 239.527 42.4144 -27.4226
2.34339 -1.62453 0.36709 -35.0653 500.884 30.1439
1.23971 6.18005 14.2154 -148.681 149.845 -44.0836
0.808047 7.71943 -2.04673 -191.965 198.091 20.9732
3.18279 8.86564 -0.37056 43.8464 258.188 9.16248
4.60384 -10.5582 8.9495 184.287 57.9016 -33.5461
0.443253 10.5695 6.19802 -230.083 83.4516 -22.1991
0.581154 8.61115 5.46524 -216.755 109.197 -15.642
1.59145 5.82923 8.11518 -117.453 195.1 -33.1657
4.3776 -13.5569 -0.329456 154.157 69.8563 -87.3656
5.076 -5.66562 -6.60106 223.384 44.1802 16.8489
3.93885 0.517279 2.76079 109.268 257.376 -7.30024
3.77636 -8.78216 -1.35509 90.6082 174.525 39.6866
4.91376 2.55159 6.0212 201.341 -96.7616 -10.9929
1.06608 10.3142 -9.75793 -181.237 56.6848 38.2427
4.30081 -8.03089 15.1174 137.984 63.1802 -55.4996
5.2862 -7.13298 8.22913 235.041 59.9776 -25.4471
4.53868 3.19081 2.42578 157.681 226.101 -16.0443
5.70075 -11.807 14.3113 268.06 -169.891 60.0796
4.05806 2.05174 1.08828 103.649 207.713 73.4286
4.70036 -15.76 -6.56538 166.183 138.146 19.9925
4.86798 5.07082 0.936456 182.415 117.873 -42.8483
5.12778 -3.51992 7.44747 207.899 69.9886 -29.9439
4.66635 -14.8496 -2.23555 161.022 84.3042 1.13725
5.6429 -8.43578 4.70576 256.798 28.042 10.3653
0.512212 19.6746 -0.433393 -254.269 77.8856 -4.28456
4.76122 -13.5898 9.49805 165.831 67.879 -35.6818
5.64991 0.0119191 7.53042 252.214 107.677 -32.4161
4.67371 -4.6141 -3.5012 152.617 88.2008 -164.154
0.760698 10.275 -0.892032 -236.447 96.3965 -2.9642
4.84996 -2.1339 -1.61996 169.03 166.291 -89.8759
1.66594 8.03843 2.5605 -148.742 215.926 2.99244
4.83264 1.66133 -2.46976 163.871 178.866 2.37
0.928728 7.48818 0.367514 -226.193 83.3061 -11.7845
5.50033 -8.39687 -3.75808 225.381 64.8433 22.9642
5.57287 -1.16631 -4.04022 229.534 103.122 11.956
1.57086 7.392 8.84627 -169.97 165.37 -19.0046
4.83181 -13.6976 8.66034 152.257 74.9296 -26.9805
5.74467 -0.771901 4.32902 242.003 106.785 -20.0913
5.32249 -11.9655 4.11698 197.326 73.546 -10.6561
5.63491 -0.304742 -6.94371 222.19 -5.25739 -94.8645
1.38155 9.46974 1.39161 -205.448 124.633 -0.808528
5.60118 -6.20334 -9.93006 213.135 61.4576 41.0556
5.98518 -4.95252 -4.06388 250.923 63.029 19.2618
3.06083 4.85282 -9.44038 -39.6468 242.567 35.0646
5.57031 -1.47072 -6.95168 208.855 105.699 27.0527
2.38191 6.52706 -3.39502 -108.172 267.774 4.65359
3.81323 4.96416 -2.41035 33.7476 290.231 0.714403
4.00853 3.04969 9.0547 52.0553 177.879 119.27
4.70383 -4.93803 0.0239364 120.641 211.21 81.0297
3.51361 4.70067 -2.81929 1.6924 244.458 4.79731
5.37401 -0.496238 -8.28891 185.641 139.25 32.1224
5.96567 -1.99623 -0.696552 243.233 108.4 6.00888
5.60082 -2.121 -13.0033 204.356 96.8907 46.4279
5.8013 1.57827 3.04027 222.923 126.687 -14.5482
5.77763 -4.03898 -6.16732 218.762 83.294 30.9121
5.71511 -6.09336 -9.11036 211.955 346.852 131.822
5.91851 -1.63501 6.44014 229.08 105.246 -27.9623
1.81333 14.0776 10.4669 -180.387 181.419 -60.3394
1.3907 10.6171 -6.40776 -222.885 104.13 21.0312
5.65764 -3.66784 7.74707 199.198 97.6303 -26.7128
6.16253 -2.13027 5.37661 246.543 44.3244 -10.2828
1.69293 9.24287 1.39891 -201.901 124.484 -11.0097
4.12814 3.13049 9.94467 36.809 210.129 -40.1383
6.03312 -1.61929 2.48276 224.196 174.893 7.34818
1.57453 11.1452 0.126259 -219.887 73.4044 0.831569
4.53839 1.97168 -12.7103 73.7483 180.733 41.8636
5.06844 2.96556 -2.30465 123.98 237.803 20.0906
5.6667 -0.936623 -9.76725 175.959 141.144 24.7383
4.95805 -0.227062 -3.78946 104.353 248.908 12.8833
5.4799 11.4002 -8.36387 155.386 685.181 -518.715
6.10021 -1.53407 6.69131 216.334 128.258 -14.6711
5.94928 0.836859 0.970246 201.134 180.268 8.49657
5.88491 -10.7729 6.20669 193.361 75.8405 -20.6477
3.89762 4.55678 -4.58544 -4.04958 253.754 7.01875
1.82345 10.0889 -5.95134 -211.947 100.849 11.2055
6.46575 -3.97151 1.29751 248.997 89.1346 -7.46222
3.05689 5.65353 6.477 -90.0527 220.291 -30.5225
1.92921 8.74657 2.7934 -202.558 178.964 8.59201
5.85635 0.269001 -0.900854 183.616 167.779 14.6477
5.73939 -2.6714 8.26064 165.488 202.049 -30.1185
6.42122 -3.49763 6.20725 232.507 114.44 -27.1485
6.07698 -0.779169 -6.82418 198.204 148.295 20.8898
4.20767 1.04167 6.97737 10.7821 232.146 -18.3831
5.95797 -5.94789 -7.59987 184.318 101.106 31.551
6.26796 -2.83789 0.873055 212.861 119.229 -10.7313
2.91409 8.76358 -12.0972 -125.494 228.186 -41.9638
2.06485 22.2615 -21.3077 -216.596 4.21795 66.553
6.08923 -9.23607 -10.251 179.199 85.5242 37.622
6.27894 -5.09603 6.81636 195.35 105.691 -28.9525
5.43072 3.76925 1.74592 110.717 269.164 -11.4559
5.74359 1.06069 3.45091 140.927 243.993 -39.7746
6.09314 -0.135434 -9.54784 174.946 162.951 47.1499
2.32193 17.7273 -1.42433 -200.254 188.89 -5.18257
4.65444 3.99501 1.94144 31.1316 252.42 -2.42954
6.28787 -8.24674 4.26951 191.523 126.6 -13.8149
5.55268 0.736008 -3.58145 117.973 176.146 -87.0369
5.30736 0.247742 2.77378 87.708 545.634 -87.2065
3.68515 6.25513 -2.83891 -74.9599 273.219 16.1942
3.30167 6.56322 -4.90229 -117.885 203.465 25.934
6.6386 -5.6802 -6.9026 212.704 111.828 29.2869
2.80202 0.136398 -1.87375 -169.195 113.131 101.43
5.43327 3.20169 3.00343 91.7645 247.027 -26.2019
4.08626 5.74963 3.47914 -42.633 280.308 4.79065
3.71212 13.0562 2.28156 -83.4056 -7.67352 -36.342
4.4785 3.68486 10.2185 -8.19157 208.585 -47.4832
3.00163 8.35493 -13.8733 -155.775 97.8757 36.9636
5.98993 -15.883 6.35616 139.722 86.7068 -21.9535
5.19404 2.71574 -9.39167 59.5996 219.578 29.2824
4.6135 4.96374 2.95005 -0.462037 278.858 -17.9721
5.60096 -2.64453 -6.20789 97.5286 180.969 -32.7
2.86606 15.8072 0.276886 -175.288 2.96134 -3.94636
6.1855 0.321975 5.60429 153.98 179.15 -28.1909
6.98685 -6.9534 -4.43268 231.335 96.2482 14.5013
4.27807 4.89929 4.09145 -38.8561 233.235 -0.543895
6.61094 2.43117 8.12393 184.616 215.41 -7.14925
6.84396 -7.77343 -5.92624 207.043 102.406 14.0898
6.61599 -0.633405 2.8298 183.059 173.13 0.569508
6.64249 -0.41237 4.69404 185.665 174.507 -6.38157
5.48781 6.19085 1.27933 70.8144 -72.789 68.525
5.13126 7.54119 0.0358298 34.842 268.84 6.59599
7.20299 -6.56277 4.27477 240.077 111.061 14.6361
3.3562 8.62133 12.9755 -147.044 84.1196 -50.6858
7.3223 -3.07901 -3.12209 245.462 -90.3026 25.1988
6.60787 -13.7544 1.08136 174.081 94.4529 -1.4541
6.78232 0.680261 3.93232 187.239 213.886 -23.1957
2.85564 9.96996 -2.90542 -203.385 136.519 19.7488
2.75366 12.9784 -1.81944 -216.916 62.3836 8.19452
7.49144 -7.01352 0.52795 251.981 102.581 -4.59542
7.0385 -4.77823 7.05811 205.678 124.671 -34.1494
3.91604 6.87642 0.468851 -108.26 261.695 -8.76114
6.57802 -14.4063 -0.180588 152.754 82.5923 -4.75581
5.14702 4.26511 -8.50686 10.0226 239.829 40.3034
3.20263 -1.81549 7.22543 -187.254 -30.74 12.2311
6.99403 -0.517897 -1.29464 185.42 209.923 -24.8981
7.20295 -14.3475 -6.35381 204.215 276.73 44.8489
4.74649 5.19678 4.59731 -41.9819 247.084 -1.57581
3.46028 9.03812 4.33546 -174.39 133.47 -15.9226
8.23981 -1.59211 5.53768 294.576 206.505 193.954
7.41289 -1.1464 5.08914 212.121 179.899 -34.8862
7.09505 -12.2828 -4.4683 180.431 90.5821 19.7873
7.63289 5.58575 -1.71722 222.008 62.1963 23.5708
7.22845 -11.3104 -4.71556 180.189 99.2523 16.0413
3.69803 9.02563 -2.39047 -172.641 138.046 24.7206
6.55055 -4.26474 -2.49528 109.264 551.89 45.8979
7.31352 -10.9025 -1.69724 183.211 98.6046 4.51754
7.26795 -5.99098 -8.65962 177.276 111.983 33.4925
7.09979 3.42699 -3.79515 152.455 -58.5301 -94.7915
7.19576 1.98273 1.41552 160.548 189.046 -6.35608
4.26537 7.19539 -12.578 -131.986 165.267 52.7724
7.61867 2.37081 -8.74991 199.835 179.732 -36.8695
6.71407 0.232592 -8.1981 109.872 189.609 23.9544
6.48542 1.97916 -3.97576 86.3198 222.032 7.17007
7.3371 -2.50208 -0.196045 170.656 156.636 -4.57889
7.49968 -10.1277 3.93945 176.408 147.726 -19.4089
5.67286 4.60116 6.0333 -6.9827 236.947 -28.7325
7.24991 4.03665 -2.47699 146.324 164.405 9.17983
5.12935 5.33681 -10.7333 -67.4317 202.149 35.1848
6.21916 0.541359 0.674751 35.7365 289.2 -47.3929
3.97356 10.5173 9.05972 -190.665 119.049 -26.5773
6.18634 4.39631 -4.07657 28.8941 270.589 20.8507
7.7937 -7.70073 2.9517 182.776 109.845 -8.55789
8.14409 -4.45728 -1.16989 217.032 146.358 6.13644
7.65003 -6.14331 -3.23052 166.033 321.637 -7.72327
4.56758 7.61103 -2.37606 -141.146 177.017 14.2636
5.00738 21.4764 10.2343 -98.6321 227.042 3.8148
7.73054 -1.29503 -1.78026 168.406 197.133 3.12891
6.3641 -1.96102 4.95516 28.3777 309.854 -16.435
5.03085 6.88661 -3.25274 -107.896 247.445 5.75408
7.09346 2.95254 -5.13405 96.5606 260.166 25.2831
5.21724 6.17493 -1.51182 -94.7668 207.619 0.485875
8.28851 8.32944 0.0997011 206.143 438.219 -36.8999
7.81039 -2.59798 4.49439 157.763 163.602 -6.89906
7.41448 2.02643 4.44698 117.856 246.264 -5.39595
7.66872 -0.868209 8.30397 141.409 191.161 -37.9187
7.87445 -5.9815 4.8464 160.387 142.51 -20.2097
8.17017 -0.333246 1.44276 189.689 37.1179 67.0444
6.6872 3.60977 -2.29998 41.6624 270.013 5.85485
4.75299 6.8558 -2.74018 -151.941 200.431 20.4639
5.96695 5.12564 -2.65447 -31.9685 256.154 14.2917
8.18751 -3.29981 4.60777 187.935 173.54 -12.9289
8.06171 -1.54594 4.65949 174.98 200.542 -18.4885
4.54812 9.90648 0.0202482 -174.111 151.225 10.3301
7.48056 -0.331123 4.58281 113.683 193.657 -30.9127
4.46065 6.69375 -0.64189 -193.555 187.225 13.962
7.34028 2.0806 -3.00997 91.0345 238.127 2.92055
7.23388 1.70094 -7.54971 80.4042 216.752 20.9988
7.68187 -2.95895 -0.730927 115.012 208.894 -2.02758
8.25783 -1.32483 3.628 166.241 209.948 -11.0725
6.4627 9.55268 -3.62213 -12.4221 252.643 4.61722
6.43153 4.74686 2.86995 -17.1788 257.053 -15.6052
5.99357 5.47571 -0.882071 -61.1436 238.558 -9.15601
8.47612 -6.69583 -11.1568 184.563 109.32 -86.2482
8.43613 -10.0298 -2.10072 177.911 68.0705 110.282
8.10154 -1.07052 -1.24354 144.331 196.963 -1.73302
7.71529 -6.0317 13.6689 100.778 118.589 -49.3056
5.15998 0.00592745 5.01969 -153.843 226.38 -18.8615
8.38561 -0.676217 4.74637 164.832 219.225 -25.3379
8.93454 15.0282 -8.20069 218.91 518.87 -57.8483
8.24546 -3.64957 -6.77002 150.323 162.865 35.6778
7.06812 12.0834 -2.49681 32.155 202.764 7.27842
8.13324 0.87737 -10.1042 137.601 128.224 79.1529
8.13588 0.53447 -0.785976 136.468 233.481 -5.98531
6.73899 1.19218 -1.53059 -9.49275 276.057 -0.529907
8.02661 -7.79885 -3.32865 118.098 181.71 5.63745
8.75912 6.1831 -0.563839 184.462 12.8663 -29.4643
5.5795 7.65292 9.17669 -132.046 155.296 -30.2722
5.51889 7.85847 -10.5049 -139.589 126.441 22.9606
6.8437 4.00531 8.19383 -11.3729 305.008 -219.409
6.03026 9.91059 3.07345 -92.7991 184.285 -69.3363
7.87605 9.90767 5.8874 90.0625 182.908 -23.398
6.80424 4.78639 7.15567 -18.7923 249.592 -31.7998
6.46533 2.46428 1.28156 -56.6645 257.198 -1.42804
5.66042 8.16828 1.34656 -137.081 219.513 2.84495
7.98145 -4.38377 -14.6945 93.2761 136.834 53.6713
7.46451 3.05784 -3.51995 33.9024 251.823 10.7078
8.77406 -8.79708 -1.32182 158.01 129.76 3.95507
6.19169 6.95598 7.17471 -98.58 204.654 -33.2974
5.27998 3.68494 1.1059 -192.386 196.086 9.74028
7.34818 3.33275 3.98476 12.3052 245.32 -22.2368
6.88055 5.28275 6.24071 -35.8189 266.636 -19.4106
5.97609 7.51059 -0.349048 -127.828 230.392 -7.90891
7.83361 0.0165482 14.4699 55.1238 175.61 -61.1954
7.80599 2.62931 2.8166 51.2514 249.001 0.372529
8.33895 0.989167 -0.513608 103.858 231.996 12.6651
6.18624 7.29339 -0.0780817 -120.903 212.177 -8.26146
9.12655 -3.74482 -5.8259 169.401 181.617 33.3049
7.92296 2.17131 -0.23566 47.3637 252.384 -9.38953
8.7065 -8.06706 -15.2168 122.839 248.267 175.848
8.51699 -1.02476 11.1251 102.893 188.174 -47.6269
8.26064 -4.62876 -9.36269 73.9482 201.662 43.7497
5.99813 16.7826 -2.46478 -155.388 155.049 14.1083
7.37773 3.9732 -3.03465 -18.5339 225.001 2.30674
7.61627 4.70104 -4.20908 2.02378 -63.9273 -75.2528
8.00605 3.61827 -1.13786 38.9114 279.58 1.3316
9.12388 -3.09603 6.81406 147.004 200.171 -23.4253
9.20419 -11.1695 2.04876 151.271 161.016 -79.0085
6.45645 9.21862 1.34674 -123.191 240.349 67.9632
7.8418 3.13255 -6.32276 12.461 219.91 28.3746
6.5868 2.57911 -6.90047 -122.847 224.59 27.9415
9.75126 0.577447 16.9126 191.004 166.355 31.5576
8.2178 6.11211 -1.11744 35.898 212.02 0.870425
7.31551 5.46516 2.43618 -56.2593 214.441 -5.39142
8.01867 3.78816 -4.48765 13.5288 267.774 9.36168
6.12141 10.2979 -1.26055 -175.26 143.788 15.4023
8.90809 7.23583 -14.6399 97.0658 240.761 34.7001
9.35899 -16.285 1.75824 140.048 247.326 -5.05896
9.41844 -1.87201 -11.8925 144.032 71.9857 45.4213
9.6905 -4.31726 -5.36118 167.488 123.707 19.1789
9.37707 -4.65707 5.72766 134.096 277.895 -113.764
8.63674 12.5524 -7.19875 59.3344 360.244 -111.482
8.77347 -11.7673 -6.70724 72.4643 265.333 33.2518
6.84327 7.63364 -6.09635 -121.324 205.753 14.8375
6.13152 11.0036 -10.5234 -193.542 163.275 51.1696
7.32158 5.80185 -0.358647 -78.9205 240.418 0.192124
7.22899 6.9359 -3.37727 -88.485 481.58 129.812
9.40608 -4.75542 11.144 106.336 165.451 -40.4618
7.36974 6.57983 7.77919 -98.0303 181.547 -35.4626
8.01337 0.409213 -3.78873 -38.6559 242.483 18.2869
9.7088 -2.49577 -2.67478 128.22 200.556 16.8035
9.61804 3.02342 -1.49025 118.761 207.371 23.0728
7.49494 -5.77016 -4.15249 -93.2379 160.502 -31.4109
6.64151 13.0174 7.36852 -178.479 83.8658 -29.5161
10.5264 -10.0543 4.90051 207.253 214.054 37.9235
9.38044 -2.82946 -2.83251 93.252 234.099 20.4945
8.97479 2.95006 6.18947 46.7823 252.905 -11.4712
8.67243 11.802 3.19768 14.0926 435.959 -79.1494
9.1715 0.195738 -9.95852 61.5081 198.665 30.9977
9.83766 -8.63223 -8.39451 118.794 190.132 12.3127
9.91877 -9.0871 6.38131 124.078 236.701 -21.8279
7.61159 6.95662 -6.60759 -105.732 210.199 19.4246
6.87433 12.0686 2.24452 -183.993 118.393 -7.97316
9.88449 -2.50794 -5.84189 112.047 182.671 28.2419
7.98921 6.16333 3.31072 -81.1916 212.333 -18.6317
10.1186 -4.51562 -1.83455 126.885 188.649 9.27982
9.3107 -0.922574 -12.1571 44.4313 168.706 40.5569
10.04 -3.28674 4.68098 115.424 190.227 -11.6674
7.66178 7.43168 2.52112 -122.843 202.584 -17.8351
7.65314 5.82381 -13.6417 -128.873 222.607 49.4689
9.8549 1.37283 -0.959467 87.8924 254.125 -5.34899
9.00786 3.39131 -3.94865 2.86496 225.111 8.51871
8.83569 0.574236 -6.48726 -20.0466 211.23 -53.8189
8.9494 1.30954 -2.45832 -19.0343 271.451 1.09726
7.44472 10.9989 -5.57163 -169.317 127.894 31.0516
7.57137 10.0694 4.14787 -161.741 136.928 -34.8936
8.36454 4.39576 11.2431 -89.0172 179.189 -6.47281
10.9562 -6.69695 0.879831 167.797 179.426 1.06392
8.39112 -2.45632 -6.2585 -92.3339 505.054 64.4216
9.8883 0.936202 -7.23011 47.5347 224.824 10.0997
8.40545 7.94951 -1.37943 -114.681 224.695 -0.925807
9.28631 4.64433 5.77073 -28.771 230.276 -26.1888
8.2629 8.54524 2.77992 -134.799 215.32 -9.06151
8.21629 3.65618 -6.75198 -140.972 123.518 -54.6081
10.9418 -4.48543 -1.20308 129.012 193.987 6.94831
9.69239 5.71309 -0.117167 2.19724 226.923 -6.9212
12.0734 -3.62377 -2.11084 228.739 139.031 10.1169
10.6708 -0.666188 1.48276 83.2199 217.856 4.13488
9.13909 1.70004 5.08473 -83.7735 179.525 76.899
11.3274 -6.5227 -1.15758 132.09 188.574 -3.79304
9.86078 10.4004 -0.349219 -22.2408 -35.5542 -40.4184
11.4376 -7.52823 -5.60379 132.847 173.271 30.9472
9.15778 6.98555 -2.39347 -103.3 184.432 4
11.135 -1.07208 3.0278 83.08 240.324 10.9673
11.1976 3.78529 -0.998775 81.8568 236.979 1.97011
10.5222 1.8702 3.23947 14.4022 223.13 -14.6906
9.19497 8.66872 -8.05122 -120.725 152.93 36.5718
9.97063 9.56652 4.44331 -46.2875 210.162 -13.354
11.78 -1.96818 7.90474 131.963 183.527 44.8372
11.1432 -1.40562 -4.80225 67.8315 197.046 26.9933
11.6083 1.98043 11.2882 103.563 157.578 -50.9179
10.6208 10.7967 9.17165 -8.0262 278.434 50.1648
11.4772 1.23847 -2.29986 74.5418 241.055 29.5031
9.92291 6.26566 -5.7904 -81.5933 179.612 16.8491
11.4774 -9.64609 7.27945 69.4991 4.4754 2.88779
9.67563 11.1492 3.74392 -139 201.217 -13.4045
12.196 -4.65487 3.1684 100.988 188.235 -6.1574
10.3743 8.09162 6.17423 -101.194 158.762 -27.2655
11.1075 3.39968 -9.84229 -33.6153 205.087 29.0795
11.5709 1.37942 2.43225 -1.31918 210.091 8.63827
12.6193 -1.54831 -5.62413 99.4325 154.733 17.0703
11.0036 4.87612 0.304193 -67.8235 223.201 -1.9751
11.1139 5.56596 -8.19352 -67.9024 190.701 34.698
12.2148 -1.66393 -8.49446 36.3129 177.608 26.3997
12.219 0.182914 3.3721 33.8786 232.201 -19.4026
11.6119 3.11712 8.63267 -36.414 184.114 -40.4191
12.3062 -4.21113 13.0095 23.1892 137.816 -44.005
12.7313 1.53224 -8.55186 55.6325 174.339 41.0193
13.2331 -6.41139 -1.59123 103.248 193.578 0.386377
13.4921 7.48081 0.714822 123.506 149.188 0.760493
12.7955 -5.94846 -8.13832 54.0921 161.789 21.2526
13.6549 7.93785 -9.22383 123.284 230.847 13.4045
11.7835 6.75134 1.07626 -89.5922 182.009 -9.40587
11.929 9.30555 -5.14906 -87.8825 103.622 74.5098
13.0839 0.987883 1.743 21.3634 239.841 -15.4267
12.7866 2.62522 3.81363 -17.803 215.629 -12.1913
13.6507 6.12644 -0.529388 16.5374 101.372 -12.6359
13.9614 -9.59228 5.60056 47.3109 148.811 -43.3274
13.4471 9.82837 -1.31874 -8.6253 257.357 -66.0115
14.1003 0.617908 -4.54759 -17.205 197.518 21.0224
15.2027 -2.10915 -3.3573 29.6419 209.798 1.29063
14.8418 -3.96937 -6.13113 -29.0274 230.591 28.3682
15.7035 -11.4276 -0.0701266 1.10842 295.362 -4.75083
16.9044 1.95642 10.3613 -58.8822 88.0348 -41.6142
18.0183 -6.40071 -8.01572 -55.3777 269.94 38.9385
nan nan nan nan nan nan
15.3115 -14.4567 -1.32186 -46.9242 66.8409 5.1911
17.8099 5.01418 -3.20947 -52.2072 80.2963 -7.91264
