-21831 8910.62 29005.5 -38.4497 15.6938 51.0856
-13063.5 8210.15 -336.018 -23.4744 14.7502 -0.603702
-12607.4 -7165.61 -1661.69 -22.1341 -12.5803 -2.91591
-10885.8 1949.34 442.556 -19.2604 3.45238 0.785225
-10348 4968.72 4488.38 -18.3669 8.81634 7.96565
-9771.56 619.636 2099.52 -17.1996 1.09066 3.7071
-8836.69 -1296.66 748.93 -18.1386 -2.67462 1.54803
-8169.1 -9364.28 -2677.39 -14.8293 -17.0016 -4.85834
-7233.2 6010.55 6583.68 -13.9941 11.6325 12.737
-6342.59 7920.23 -3495.36 -11.2803 14.0809 -6.21501
-3831.77 1824.47 -10692.5 -6.73813 3.2089 -18.7991
-3492.5 9990.67 2067.42 -6.20257 17.7524 3.6738
-3220.74 -61.0315 104.684 -5.77396 -0.108762 0.192532
-3121.18 -29.3572 -83.2044 -5.53655 -0.0520736 -0.162534
-2977.93 -2777.86 567.842 -6.09384 -5.69734 1.16622
-2319.52 21473.4 -5052.26 -4.19342 38.8215 -9.13341
-2285.24 2228.76 -6882.1 -4.02502 3.92609 -12.12
-2173.18 -6334.99 -22523.1 -3.83528 -11.1807 -39.7535
-1934.66 7896.09 -8539.3 -3.41422 13.9293 -15.0642
-1470.75 11010.3 686.023 -2.75548 20.6274 1.28286
-693.998 155.653 -94.3284 -1.41399 0.319094 -0.196531
-572.501 3783.09 175.207 -1.15442 7.76544 0.360242
-442.532 -1036.49 1235.79 -1.21982 -2.78173 3.34147
-291.97 -2542.14 683.809 -2.52483 -21.9829 5.90109
-266.122 3112.71 292.451 -1.02767 11.7649 1.10547
-140.394 -985.052 -1265.18 -1.1552 -8.10975 -10.3969
-44.5723 13403.4 -16297.6 -0.0784976 23.6903 -28.8061
-16.2614 2.0196 -0.143624 1.37701e-60 -1.51925e-60 -0.174503
-14.7826 -4.42498 10.5501 9.99401e-77 -1.10263e-76 -5.82963e-77
-14.3812 13.4888 2.60032 -5.83508e-87 5.35963e-87 -3.79979e-79
-13.946 7.43076 -3.51434 2.96444e-58 -3.27065e-58 7.85331e-29
-13.748 -7.63587 2.36555 6.7113e-56 4.91394e-56 -1.77076e-24
-13.228 7.25853 5.36705 2.83594e-57 -3.12887e-57 -7.68062e-42
-12.1411 -1.94479 -6.36508 7.73792e-43 -8.53719e-43 1.0663e-30
-12.0629 -4.02492 -0.5533 4.35506e-36 -4.8049e-36 -0.000788185
-11.7877 1.68965 3.56942 4.63168e-35 -5.1101e-35 -1.99914e-06
-11.6826 8.00887 3.73689 -1.13463e-47 1.04218e-47 -4.40159e-34
-11.4832 7.64584 0.498457 -3.11989e-42 2.86568e-42 -1.41379e-20
-11.2655 3.42517 -6.01135 7.75642e-39 -8.5576e-39 2.2551e-30
-11.2427 -4.97308 -13.5258 1.58042e-73 1.15717e-73 -1.11999e-74
-11.1963 7.92426 2.17685 -1.69033e-43 1.5526e-43 -1.01803e-25
-11.1913 -6.54715 0.84004 1.12202e-37 8.21528e-38 -5.65146e-14
-10.9591 0.0545135 -6.92418 1.29386e-37 -1.4275e-37 1.77961e-35
-10.9367 3.34243 5.8583 1.03579e-36 -1.14278e-36 -1.45587e-28
-10.6259 6.45281 0.254469 4.18677e-36 -4.61923e-36 -2.10293e-13
-10.3581 -3.48184 -6.31744 1.64909e-35 -1.81943e-35 8.35653e-34
-10.3112 -0.477778 -5.42411 2.8712e-31 -3.16778e-31 1.37216e-19
-10.2551 -0.599948 -4.44776 3.83239e-28 -4.22824e-28 2.32157e-11
-10.1549 7.19729 -5.65895 -2.11694e-41 1.94445e-41 1.95373e-41
-9.98616 0.543999 -9.46578 2.57858e-42 -2.84493e-42 -1.50412e-42
-9.96212 -3.27809 -13.7523 3.26747e-66 -3.60498e-66 -1.90596e-66
-9.68551 -1.81954 7.74367 6.01092e-35 -6.6318e-35 -3.50625e-35
-9.59766 -12.9764 8.68912 5.03289e-74 -4.91617e-74 -8.07351e-74
-9.23037 2.97653 9.65262 1.70722e-41 -1.88356e-41 -9.95842e-42
-9.19059 -0.842795 -3.34875 3.08811e-22 -3.40709e-22 0.000214837
-9.02291 -2.62087 -9.31687 6.43526e-39 -7.09997e-39 -3.75377e-39
-8.77123 11.1747 -0.329391 -1.10436e-44 1.01438e-44 1.0176e-44
-8.57723 -2.57996 0.350923 2.05128e-18 -2.26317e-18 -0.332279
-8.47702 -2.51751 -0.477951 6.34022e-19 -6.99511e-19 0.0235805
-8.40533 -0.171229 -4.66946 2.91562e-21 -3.21678e-21 5.95504e-13
-8.19469 -8.93746 2.33275 5.01151e-34 -4.89529e-34 -1.82138e-33
-8.16877 -0.886022 9.16476 1.05878e-34 -1.16814e-34 -6.17599e-35
-8.11313 -9.71492 4.28004 1.13249e-39 -1.10623e-39 -1.81669e-39
-8.10763 10.2679 8.04414 -3.29191e-52 3.02368e-52 3.03323e-52
-8.00505 5.94371 3.46287 -3.81058e-25 3.50009e-25 -6.88775e-20
-7.96288 -11.1027 -4.20929 1.44442e-45 -1.41093e-45 -2.31707e-45
-7.89908 0.744092 3.88788 2.87204e-18 -3.1687e-18 -1.89082e-07
-7.8414 11.7643 -13.2004 -1.61323e-82 1.48178e-82 1.48646e-82
-7.685 -2.58036 0.246425 3.6827e-17 -4.06307e-17 0.660353
-7.67392 5.06716 -0.637069 -2.73405e-19 2.51127e-19 2.2771e-06
-7.53934 6.24143 -0.91018 -4.34259e-22 3.98875e-22 2.38979e-12
-7.52731 -7.03643 5.25506 2.21804e-30 -2.1666e-30 -3.55806e-30
-7.522 -3.94923 4.53831 4.38568e-21 3.21114e-21 -1.12408e-18
-7.5118 -5.59155 -4.77406 3.33988e-26 -3.26243e-26 -5.12814e-26
-7.47517 -1.15101 5.59694 3.4251e-21 -3.77889e-21 -3.04573e-21
-7.39735 -2.87156 -10.4676 6.15651e-39 -6.79243e-39 -3.59117e-39
-7.27704 1.06319 -6.44943 1.73118e-22 -1.91e-22 -1.00982e-22
-7.27341 14.5474 5.62105 -1.02341e-65 9.40025e-66 9.42994e-66
-7.27156 3.86037 3.44036 2.59947e-18 -2.86797e-18 -6.93075e-11
-7.25491 1.78888 -12.028 1.33109e-44 -1.46859e-44 -7.76445e-45
-7.20763 -2.97679 -3.46914 8.85345e-17 -9.76794e-17 1.97372e-08
-7.2056 3.43296 7.03248 1.20669e-25 -1.33133e-25 -7.03879e-26
-7.19086 5.02189 5.59545 -1.14883e-25 1.05522e-25 1.05855e-25
-7.17909 158.107 -129.457 -0.000658819 0.323814 -0.269372
-7.17575 10.5585 -10.2625 -1.47581e-59 1.35556e-59 1.35984e-59
-7.13422 -9.05574 -0.951393 1.72935e-30 -1.68925e-30 -2.34345e-30
-7.08548 -2.38621 4.53043 7.57131e-18 -8.35337e-18 -2.58599e-14
-6.99565 19.1506 0.330214 -2.37904e-91 2.18519e-91 2.19209e-91
-6.9725 -1.63656 -5.01755 4.33753e-18 -4.78557e-18 5.07771e-17
-6.94583 -2.49217 -3.93907 9.19659e-17 -1.01465e-16 3.00366e-10
-6.87852 0.655192 8.61171 9.62499e-28 -1.06192e-27 -5.61438e-28
-6.85248 -2.70723 6.24061 4.5102e-21 -4.97607e-21 -2.63086e-21
-6.84437 -3.44313 -2.92821 2.33456e-15 1.70934e-15 8.44249e-07
-6.7633 -0.432032 0.00274416 6.20983e-11 -6.8411e-11 -0.257514
-6.70498 -4.20258 1.84732 1.95518e-16 1.43156e-16 -4.60549e-05
-6.70399 -5.57915 -1.88748 1.23186e-18 -1.20329e-18 5.24943e-11
-6.69712 3.57411 11.0121 9.60034e-41 -1.0592e-40 -5.60001e-41
-6.57088 2.81191 0.182174 9.46173e-13 -1.04369e-12 -0.489907
-6.44211 -12.032 -5.46504 8.30305e-48 6.0794e-48 -5.88407e-49
-6.34405 7.02354 4.76441 -1.97393e-25 1.81309e-25 1.81882e-25
-6.30008 3.29278 10.5529 2.9108e-36 -3.21147e-36 -1.69791e-36
-6.26555 1.45536 0.0166633 3.78634e-10 -4.11111e-10 0.796364
-6.22839 -3.74494 2.86744 4.40551e-14 3.22566e-14 -1.91293e-07
-6.19664 -5.95145 -10.0417 6.77155e-39 -6.61452e-39 -1.08626e-38
-6.08391 -0.976446 -7.60118 1.23941e-21 -1.36743e-21 -7.22966e-22
-6.05069 6.74095 -9.49444 -1.19132e-38 1.09425e-38 1.09771e-38
-5.88649 1.695 0.0778601 5.18327e-09 -5.44554e-09 0.110673
-5.8647 -10.6157 0.687283 4.31625e-33 3.16031e-33 -3.05877e-34
-5.80068 1.23009 6.18775 8.90591e-17 -9.82583e-17 -5.19494e-17
-5.71291 0.958945 10.0348 3.81383e-30 -4.20777e-30 -2.22466e-30
-5.70245 -1.59119 4.58525 2.58677e-14 -2.85357e-14 -2.42613e-13
-5.64113 3.58962 2.74792 -3.68588e-13 3.38592e-13 -2.1837e-06
-5.57817 6.25879 1.47808 -6.53857e-18 6.0058e-18 -2.07308e-13
-5.57738 -7.09379 -0.343938 6.39838e-19 -6.25e-19 4.22368e-17
-5.52535 -8.86298 -9.56198 4.66243e-45 3.41378e-45 -3.3041e-46
-5.50416 2.05545 -5.89754 4.23505e-17 -4.6725e-17 -2.47036e-17
-5.50217 2.98164 -10.2281 1.53356e-33 -1.69196e-33 -8.94545e-34
-5.478 11.325 7.9688 -1.84847e-49 1.69785e-49 1.70321e-49
-5.4251 1.79235 5.66567 4.51164e-15 -4.97766e-15 -2.6317e-15
-5.402 5.13731 1.72429 -1.19793e-13 1.10032e-13 -1.77472e-08
-5.37807 8.81826 -0.712876 -2.175e-24 1.99778e-24 2.00414e-24
-5.35415 -2.79003 3.30433 1.4658e-11 1.0729e-11 -5.14013e-07
-5.2833 1.81656 8.56555 5.83451e-24 -6.43717e-24 -3.40335e-24
-5.2788 -6.07221 -5.99375 2.52292e-23 -2.46441e-23 -4.04714e-23
-5.20509 -7.08282 -3.7447 4.22041e-22 -4.12254e-22 -6.77017e-22
-5.17965 4.57612 10.9217 -4.56168e-37 4.18999e-37 4.20322e-37
-5.17326 10.4548 16.874 -3.10241e-92 2.84962e-92 2.85862e-92
-5.15158 -0.969275 10.2233 5.49661e-30 -6.06437e-30 -3.20624e-30
-5.04776 -3.69252 2.14843 1.82612e-10 -1.77525e-10 -0.000212534
-4.94509 -11.2641 -2.51932 6.12823e-35 4.48702e-35 -4.34285e-36
-4.86992 4.46005 7.60907 -3.07267e-23 2.8223e-23 2.83122e-23
-4.80943 4.75292 2.47977 -1.2837e-13 1.17899e-13 -1.99195e-09
-4.73999 7.89124 5.03369 -9.64619e-25 8.86021e-25 8.88819e-25
-4.73437 -9.14226 0.85858 2.08429e-24 1.52609e-24 -1.47706e-25
-4.73063 1.78669 -0.0935138 3.86197e-05 -1.48255e-05 -0.00760457
-4.72726 3.15218 -10.9664 -6.01406e-34 5.52403e-34 5.54147e-34
-4.72702 -15.4824 6.04483 8.55348e-67 6.26276e-67 -6.06155e-68
-4.69865 6.90503 -3.79858 -2.15032e-19 1.97511e-19 1.98134e-19
-4.67545 1.14593 -8.77371 1.3766e-23 -1.51879e-23 -8.02986e-24
-4.60324 10.824 -3.21828 -3.99873e-33 3.67291e-33 3.68451e-33
-4.60112 -5.57526 6.79215 1.82808e-22 -1.78569e-22 -2.93251e-22
-4.53887 9.24785 -8.81712 -9.04971e-41 8.31233e-41 8.33858e-41
-4.48605 0.455275 3.82788 1.70786e-08 -1.55657e-08 -6.71554e-07
-4.46127 -3.86381 -1.36153 3.76755e-09 -1.50644e-09 -0.00240697
-4.37046 -2.90676 -1.22363 9.69159e-07 6.47714e-07 0.0483304
-4.35961 4.90087 2.98075 -3.32325e-12 3.05244e-12 6.47721e-13
-4.34422 -5.15477 0.926308 5.35677e-11 -5.2242e-11 -5.47506e-07
-4.30293 6.60161 -0.879883 -3.20894e-15 2.94747e-15 2.81782e-14
-4.24176 -5.81104 0.206933 2.92794e-13 -2.85643e-13 -4.68425e-10
-4.22062 -11.2175 6.52191 4.20408e-41 3.07818e-41 -2.97928e-42
-4.13723 -1.13951 -4.03713 1.88516e-08 -1.53392e-08 7.15169e-11
-4.11449 -3.38531 -0.523521 1.31875e-06 1.03933e-06 0.0684655
-3.98313 -6.78005 -0.395551 2.73816e-14 2.00485e-14 1.64133e-15
-3.94493 -2.1012 -9.64284 2.07846e-26 1.52183e-26 -1.47293e-27
-3.86459 -7.13548 -3.08751 4.851e-17 3.55185e-17 -3.43773e-18
-3.85274 5.2705 -4.79183 -3.4401e-15 3.1598e-15 3.16978e-15
-3.83137 8.79375 -1.96312 -3.07759e-22 2.82683e-22 2.83575e-22
-3.78473 6.57771 -2.20779 -7.73322e-15 7.10311e-15 7.14935e-15
-3.75494 3.2182 -6.34285 -4.80266e-17 4.41133e-17 4.42529e-17
-3.70372 -6.16683 0.474727 1.32668e-13 9.72439e-14 -1.05166e-11
-3.62748 -6.23503 -11.9005 4.02014e-43 2.9435e-43 -2.84893e-44
-3.59799 7.16551 -2.20482 -3.88227e-16 3.56594e-16 3.57728e-16
-3.53912 1.80306 9.25601 2.35987e-23 -2.60362e-23 -1.37654e-23
-3.50057 0.589249 -8.32869 1.4102e-19 -1.55587e-19 -8.22591e-20
-3.4529 7.96458 7.37737 -4.07617e-29 3.74404e-29 3.75587e-29
-3.37774 4.91262 -1.52454 -3.39918e-09 3.04825e-09 5.52581e-07
-3.34896 -8.00469 -10.7716 2.08795e-42 1.52877e-42 -1.47966e-43
-3.34475 -2.70788 -5.61964 3.0631e-12 -2.99087e-12 -4.9126e-12
-3.31753 3.41729 -10.2362 -1.25438e-28 1.15217e-28 1.15581e-28
-3.30614 3.67221 -1.87162 1.54173e-06 -1.72805e-06 0.00101122
-3.28549 3.43191 -0.943137 0.000132638 -0.000138597 -0.0312345
-3.24834 -7.5809 -6.40151 2.46038e-25 1.80146e-25 -1.74358e-26
-3.15415 -5.14033 -0.350992 3.51983e-09 3.03349e-09 1.04683e-06
-3.06986 -3.16244 3.45358 1.22366e-07 5.04109e-08 -6.8257e-08
-3.06844 -9.40002 -7.22395 1.00054e-33 7.32581e-34 -7.09043e-35
-3.04528 -11.3933 0.300698 3.87631e-32 2.83819e-32 -2.747e-33
-3.00649 3.59297 5.50802 -1.88581e-12 1.73214e-12 1.73769e-12
-2.96472 4.67152 -1.85418 -8.51614e-09 4.20528e-09 7.38652e-07
-2.912 4.64772 -3.48034 -5.42708e-10 4.97422e-10 5.0156e-10
-2.90339 -4.53005 6.1938 1.98212e-15 1.45128e-15 -1.40466e-16
-2.87695 -6.01594 9.05028 2.2121e-28 1.61967e-28 -1.56764e-29
-2.81131 -0.0162535 -5.67911 4.4576e-10 -4.78884e-10 -2.53223e-10
-2.77651 -10.4228 1.6166 1.01035e-26 7.39765e-27 -7.15997e-28
-2.73991 3.67905 0.141625 0.000657585 -0.000885017 0.00771788
-2.735 7.75823 -1.04918 -9.32901e-16 8.56887e-16 8.59594e-16
-2.50757 -6.08808 -9.82416 4.54255e-31 3.326e-31 -3.21914e-32
-2.46528 -6.97385 -9.4653 3.74824e-32 2.74442e-32 -2.65625e-33
-2.43881 -9.15269 -0.407516 1.10969e-20 8.12504e-21 -7.86399e-22
-2.39588 3.82139 4.29566 -9.4121e-10 8.38354e-10 9.02889e-10
-2.30833 10.042 8.93421 -2.35291e-41 2.16119e-41 2.16802e-41
-2.30689 -1.2874 -6.27698 3.24226e-11 2.37361e-11 -2.29633e-12
-2.26915 -4.23357 17.6015 1.91559e-73 1.40257e-73 -1.35751e-74
-2.24459 -6.93839 2.60867 6.61914e-14 4.84647e-14 -4.69075e-15
-2.23555 4.56834 -1.81514 3.10304e-07 -9.0303e-07 2.6654e-06
-2.21348 -5.66737 8.56438 7.82053e-25 5.7261e-25 -5.54212e-26
-2.16695 -17.9912 -9.21394 1.46207e-90 1.07051e-90 -1.03612e-91
-2.07374 -8.09038 -6.86429 1.45522e-26 1.0655e-26 -1.03126e-27
-2.04849 -0.0738448 10.0851 3.22194e-25 -3.55474e-25 -1.8794e-25
-2.00567 5.16754 -1.07993 -2.10772e-08 -3.40907e-08 3.51128e-07
-1.9811 12.9318 -1.92787 -8.85314e-39 8.13178e-39 8.15746e-39
-1.97383 -6.12135 -7.79217 4.05481e-23 2.96889e-23 -2.8735e-24
-1.94416 -5.64784 4.36287 1.14906e-12 8.41339e-13 -8.14296e-14
-1.93213 -4.46071 1.85994 4.07698e-06 8.82218e-06 -4.71256e-06
-1.78368 -3.39659 2.28955 0.000905024 0.0017209 -0.000174896
-1.76693 2.72176 -4.2394 7.71889e-07 -1.23208e-06 6.38118e-08
-1.64409 -1.65594 -5.96407 3.11131e-11 -2.46682e-11 -4.52825e-11
-1.63904 12.377 10.9874 -4.40179e-61 4.04313e-61 4.0559e-61
-1.62273 -7.30011 1.93194 1.53947e-14 1.12719e-14 -1.09097e-15
-1.61603 4.45738 -5.15217 -1.40513e-11 1.29047e-11 1.2948e-11
-1.59507 -4.30259 3.20665 4.62884e-08 1.2151e-07 -1.59829e-10
-1.55333 7.61305 10.96 -3.82636e-40 3.51459e-40 3.52568e-40
-1.51978 -6.91876 1.08801 7.45513e-12 5.45888e-12 -5.28501e-13
-1.51944 5.00428 3.44028 -8.17045e-10 7.11066e-10 7.68126e-10
-1.41496 -8.38492 -0.525576 5.65066e-17 4.13735e-17 -4.00442e-18
-1.41384 11.6732 5.61912 -8.26422e-39 7.59084e-39 7.61481e-39
-1.37739 5.55427 -4.99974 -1.73583e-13 1.59438e-13 1.59942e-13
-1.35646 -3.75789 -3.93705 1.25804e-07 1.60443e-07 -6.53934e-09
-1.31285 -3.42326 3.39089 2.15166e-05 5.40474e-05 -8.04304e-08
-1.25485 3.25033 -4.01696 3.96955e-07 -1.6171e-06 3.24536e-07
-1.25018 -1.98403 -6.89663 1.87437e-12 1.3724e-12 -1.32829e-13
-1.22195 -9.78913 -17.1488 2.17514e-86 1.59262e-86 -1.54145e-87
-1.15558 -9.36383 -6.04197 3.69653e-28 2.70656e-28 -2.6196e-29
-1.15502 -6.12502 2.09163 2.34848e-10 1.72969e-10 -1.66463e-11
-1.11336 6.25124 3.89257 -4.33907e-14 3.98503e-14 3.9982e-14
-1.10899 14.3071 10.2497 -6.71182e-69 6.16493e-69 6.1844e-69
-1.09401 3.76701 -9.22188 -4.8272e-23 4.43387e-23 4.44787e-23
-1.07539 -5.59183 2.21642 4.29453e-09 3.47787e-09 -3.02644e-10
-1.0277 6.2051 -1.51071 -3.74502e-10 3.39947e-10 3.46141e-10
-0.978155 1.72044 -6.98539 -4.43498e-13 4.07349e-13 4.08661e-13
-0.973086 -4.20186 9.79805 6.03826e-26 4.42114e-26 -4.2791e-27
-0.887681 8.40582 -5.50168 -6.00491e-23 5.51563e-23 5.53304e-23
-0.838713 -13.5827 11.9041 1.01091e-71 7.40178e-72 -7.16396e-73
-0.725645 7.04377 5.24298 -3.71536e-19 3.41263e-19 3.4234e-19
-0.700693 -4.87702 1.82879 1.50948e-06 6.07077e-06 -1.70419e-07
-0.690574 -11.7575 3.20152 2.2587e-33 1.6538e-33 -1.60066e-34
-0.647284 -4.85565 -7.66345 1.06947e-18 7.83052e-19 -7.57893e-20
-0.601622 -4.87755 5.81946 2.52707e-14 1.85032e-14 -1.79084e-15
-0.576638 6.28805 -12.7721 -1.32681e-45 1.2187e-45 1.22254e-45
-0.502717 1.17045 -6.69222 -3.18797e-11 2.92765e-11 2.93783e-11
-0.452116 1.76737 -7.89302 -3.4528e-15 3.17146e-15 3.18148e-15
-0.355153 -6.58288 9.42048 1.37574e-30 1.0073e-30 -9.74938e-32
-0.342921 4.12414 -9.62419 -3.07004e-25 2.81989e-25 2.8288e-25
-0.256295 4.69708 -5.17557 -8.86636e-13 8.11488e-13 8.17117e-13
-0.194322 10.1358 -2.2933 -1.40417e-24 1.28976e-24 1.29383e-24
-0.184152 5.01393 0.352957 5.04307e-07 -5.23019e-05 -2.09745e-06
-0.178062 12.5284 8.47923 -1.00118e-50 9.19601e-51 9.22505e-51
-0.144648 10.6133 3.67469 -1.39509e-28 1.28142e-28 1.28546e-28
-0.112648 -16.4763 -3.1829 2.04564e-62 1.4978e-62 -1.44967e-63
-0.0552324 7.96825 -8.25716 -4.45104e-30 4.08837e-30 4.10128e-30
-0.0418772 4.30521 -9.69517 -2.25454e-25 2.07084e-25 2.07738e-25
-0.0212611 -6.42934 -1.15572 6.09731e-10 4.48584e-10 -4.31072e-11
0.0143182 0.0403029 0.034169 -0.0815472 -2.78586 1.39549
0.0149968 -5.15249 10.8321 4.67804e-32 3.42521e-32 -3.31516e-33
0.0285343 0.537492 -9.51579 -2.66726e-21 2.44992e-21 2.45766e-21
0.0895252 0.595368 -10.139 -9.09074e-24 8.35002e-24 8.37638e-24
0.0997564 -6.80559 -2.33334 5.88755e-12 4.31106e-12 -4.17229e-13
0.134832 2.65662 -7.95506 -2.0785e-16 1.90914e-16 1.91517e-16
0.197406 5.97341 3.12101 -4.3123e-11 3.94827e-11 3.97307e-11
0.202338 1.7033 3.37989 -0.00163785 -0.0131174 -4.66082e-05
0.240816 2.011 -13.7921 -3.08286e-43 2.83166e-43 2.8406e-43
0.258682 -5.41145 -10.8159 1.73931e-32 1.2735e-32 -1.23259e-33
0.261292 3.20937 4.0163 -1.19537e-06 -1.09535e-05 2.6001e-07
0.264998 -0.449247 9.41584 3.37713e-20 2.47269e-20 -2.39325e-21
0.273641 -10.4936 11.4939 5.59627e-55 4.09752e-55 -3.96587e-56
0.277074 0.13453 4.00086 -0.00963357 -0.00418564 0.000129415
0.284961 4.47456 5.67533 -1.69084e-12 1.55297e-12 1.55797e-12
0.330825 -9.20955 -12.4696 4.79927e-53 3.51397e-53 -3.40107e-54
0.351441 -9.64296 -11.9479 5.25751e-52 3.84949e-52 -3.72581e-53
0.358149 5.05927 -13.9588 -7.41715e-49 6.81279e-49 6.83431e-49
0.368614 1.61996 -7.40434 -2.63955e-13 2.42447e-13 2.43213e-13
0.41188 0.616552 7.21681 -1.77846e-12 1.63354e-12 1.63871e-12
0.433939 -15.3463 -1.48598 2.79041e-53 2.04311e-53 -1.97746e-54
0.461419 8.72774 7.30663 -1.15943e-29 1.06496e-29 1.06833e-29
0.485633 -0.888643 -5.91727 3.43309e-09 2.82989e-09 -2.52037e-10
0.487051 0.665521 -3.37431 -0.0610199 -0.0830878 0.00011959
0.639735 6.54504 -7.79317 -1.27797e-23 1.17384e-23 1.17755e-23
0.639984 -7.88215 -2.84084 1.18572e-16 8.68172e-17 -8.40278e-18
0.690773 5.21421 -8.24192 -2.78892e-22 2.56168e-22 2.56977e-22
0.710362 -6.91392 6.44006 2.26299e-20 1.65694e-20 -1.6037e-21
0.710867 -7.71699 11.5189 2.73852e-43 2.00511e-43 -1.94069e-44
0.718431 4.81533 10.3713 -1.11556e-29 1.02467e-29 1.0279e-29
0.719941 -13.546 -4.40251 3.34904e-45 2.45213e-45 -2.37334e-46
0.751664 -8.34584 4.72516 4.44238e-21 3.25266e-21 -3.14815e-22
0.769608 6.6136 5.44092 -4.55343e-17 4.18241e-17 4.19562e-17
0.789419 -9.36553 -0.940827 4.53604e-20 3.32124e-20 -3.21453e-21
0.803714 6.14814 -2.10207 -2.79292e-10 2.54633e-10 2.57154e-10
0.865387 -9.69715 9.44798 4.30454e-41 3.15173e-41 -3.05047e-42
0.903931 8.49712 -9.68093 -8.8614e-38 8.13937e-38 8.16507e-38
0.966647 2.78244 3.73745 -0.000118257 -0.000330729 2.27405e-06
0.987501 -3.26377 3.70776 -9.94265e-06 3.42477e-05 -2.43751e-08
1.00395 -0.284253 -8.66479 -2.17814e-17 2.00066e-17 2.00698e-17
1.13843 1.38786 -10.5794 -2.4712e-26 2.26985e-26 2.27701e-26
1.17192 0.759893 -5.10652 -1.08897e-06 -4.06733e-07 1.76006e-07
1.17388 3.22303 -9.51054 -5.74752e-25 5.2792e-25 5.29587e-25
1.21099 5.41424 15.5708 -1.25685e-60 1.15444e-60 1.15809e-60
1.23625 -2.32732 4.00247 -0.000118279 0.000226505 -1.01573e-07
1.25066 1.60638 -4.13062 -0.000528912 -0.000665367 5.30616e-06
1.29274 -9.3418 6.46715 2.36787e-29 1.73373e-29 -1.67803e-30
1.31571 4.3694 1.91553 -3.23801e-05 -9.50918e-05 -3.55099e-06
1.32198 5.62053 -1.35809 -8.54728e-09 3.75732e-09 7.88445e-09
1.32328 -1.65072 -5.82023 -1.85403e-10 1.81262e-10 1.40114e-10
1.32772 2.36287 -6.46704 -1.03093e-11 9.46751e-12 9.4986e-12
1.3802 5.70922 -3.26404 -4.29683e-11 3.9272e-11 3.95563e-11
1.46574 2.74749 -7.2732 -1.85458e-14 1.70347e-14 1.70885e-14
1.47256 6.74777 -7.91672 -1.40032e-25 1.28622e-25 1.29028e-25
1.64989 3.97725 5.88964 -1.93033e-12 1.773e-12 1.77863e-12
1.65586 4.10456 5.09578 -1.67562e-11 1.52856e-11 1.5411e-11
1.72921 -2.25886 -7.4889 -5.90496e-16 5.42382e-16 5.44095e-16
1.84179 -6.68675 6.35281 5.13762e-21 3.76171e-21 -3.64084e-22
1.86338 0.73411 -5.65821 -4.75739e-09 3.73995e-09 3.94141e-09
1.88107 -9.6218 -3.49585 7.08323e-26 5.18626e-26 -5.01963e-27
1.88117 7.35326 0.0961754 -1.87572e-13 1.72287e-13 1.72832e-13
1.88272 -0.773491 5.11738 -2.22333e-07 1.30949e-07 7.18827e-08
1.99234 -10.9163 -3.54194 2.84211e-30 2.08096e-30 -2.0141e-31
2.02298 -1.97738 -3.53755 -0.00101726 0.000994226 2.09531e-06
2.02606 -10.8646 5.82607 8.79976e-36 6.44309e-36 -6.23607e-37
2.05253 11.5065 -7.93471 -1.84158e-44 1.69153e-44 1.69687e-44
2.08236 -3.17311 -5.54333 1.23742e-10 9.07365e-11 -8.77335e-12
2.10597 4.57389 5.73797 -4.46194e-14 4.09833e-14 4.1113e-14
2.16927 -6.94932 5.44548 1.25424e-18 9.1834e-19 -8.88834e-20
2.18951 -1.86354 6.84973 -8.25983e-13 7.58681e-13 7.61074e-13
2.23182 3.24522 -7.13001 -2.99185e-15 2.74807e-15 2.75675e-15
2.30777 -4.70774 -4.20501 5.6765e-11 4.17387e-11 -4.02723e-12
2.33106 -5.43444 0.140526 1.55464e-08 1.65843e-08 -2.42058e-08
2.41278 0.137772 11.2843 -6.44118e-30 5.91634e-30 5.93503e-30
2.42833 5.76946 4.32444 -1.08851e-13 9.99807e-14 1.00297e-13
2.43639 6.24815 -4.29727 -9.61703e-15 8.83342e-15 8.86131e-15
2.51961 -6.05781 -4.91518 1.85503e-15 1.35823e-15 -1.3146e-16
2.53013 9.99624 5.12431 -9.61992e-31 8.83607e-31 8.86398e-31
2.55324 -6.10189 -2.11485 3.46346e-11 2.53694e-11 -2.43342e-12
2.63852 -2.6165 -10.6303 -1.48206e-28 1.3613e-28 1.3656e-28
2.76618 -0.194485 6.01024 -7.06925e-11 6.46813e-11 6.48647e-11
2.89332 4.21011 0.545652 -1.1907e-05 -1.66905e-05 0.00216977
2.95989 6.5685 0.0163167 -1.26055e-12 1.15754e-12 1.15801e-12
2.9678 -6.90987 -1.30861 1.70794e-13 1.25054e-13 -1.20144e-14
3.04271 -0.504741 7.88413 -2.04115e-16 1.87484e-16 1.88076e-16
3.076 6.27224 3.59272 -3.41495e-14 3.13669e-14 3.1466e-14
3.1169 4.60636 2.12541 -7.79651e-09 3.7416e-09 -1.70098e-07
3.14328 3.95798 -0.23416 -2.51452e-05 -2.94367e-05 -0.00630218
3.21751 17.5884 -0.613467 -8.24063e-71 7.56918e-71 7.59308e-71
3.22054 -0.0700122 -7.06516 -5.96636e-14 5.48021e-14 5.49752e-14
3.22865 2.83577 -6.54424 -3.98658e-14 3.66174e-14 3.67331e-14
3.24571 -0.459751 16.4938 -3.15998e-62 2.9025e-62 2.91167e-62
3.28109 4.37617 -1.10081 -1.17329e-07 -1.08314e-07 0.000410899
3.33547 -0.521307 -20.1996 -3.05403e-92 2.80518e-92 2.81404e-92
3.35174 0.508981 -5.07032 -5.53432e-09 4.79804e-09 4.8538e-09
3.37794 3.21907 -5.58512 -5.57047e-13 5.11587e-13 5.13239e-13
3.43352 -1.28647 -8.08421 -3.96112e-18 3.63836e-18 3.64985e-18
3.45007 3.47359 -5.84198 -2.06698e-13 1.89855e-13 1.90455e-13
3.47341 2.26161 -8.99982 -2.4702e-22 2.26892e-22 2.27609e-22
3.49914 2.69201 -4.0699 -3.21071e-09 1.47101e-09 2.16505e-09
3.50497 18.1662 4.73295 -8.62414e-81 7.92144e-81 7.94645e-81
3.58064 0.748893 -3.48779 -2.99858e-05 -5.63267e-06 5.42376e-05
3.63489 -1.36175 4.12112 -5.21874e-08 2.07994e-08 8.12233e-10
3.84969 14.9093 -5.27167 -5.97364e-59 5.4869e-59 5.50423e-59
3.85523 5.19079 -10.4829 -4.08245e-34 3.74981e-34 3.76165e-34
3.86759 -10.8023 2.2769 1.20829e-30 8.84695e-31 -8.5627e-32
3.8944 -5.32698 1.38062 1.10954e-10 8.14095e-11 -1.65072e-08
4.02937 -1.01198 -19.5714 -1.51998e-88 1.39613e-88 1.40054e-88
4.06182 5.96724 -8.22928 -1.10704e-28 1.01684e-28 1.02005e-28
4.08581 0.40893 -6.37637 -5.21999e-14 4.79461e-14 4.80975e-14
4.14674 -9.57672 5.96413 3.03755e-32 2.22406e-32 -2.1526e-33
4.23045 11.8329 1.44469 -1.82983e-36 1.68073e-36 1.68604e-36
4.23108 1.6953 -4.83256 -7.45412e-12 6.41188e-12 6.56624e-12
4.26283 -6.27295 2.31466 6.98404e-16 5.11369e-16 -5.26295e-16
4.40229 0.937994 -4.90967 -1.05649e-10 9.6734e-11 9.71001e-11
4.53347 -5.92275 -3.56025 -9.02231e-16 8.28716e-16 8.31356e-16
4.54029 0.574241 5.92547 -9.99667e-14 9.18188e-14 9.21091e-14
4.58023 1.25199 -4.6993 -8.96064e-11 8.20471e-11 8.24391e-11
4.58129 4.72682 6.20114 -1.19037e-18 1.09338e-18 1.09683e-18
4.59942 6.965 1.88995 -1.9125e-17 1.75667e-17 1.61678e-17
4.66274 -8.16982 5.50902 1.84287e-27 1.34933e-27 -1.30597e-28
4.66765 8.18157 10.0685 -2.4241e-42 2.22658e-42 2.23361e-42
4.67234 -14.6875 -6.40854 2.32704e-61 1.70383e-61 -1.64909e-62
4.68544 2.69585 -0.646656 -6.68683e-07 -3.72762e-07 0.222507
4.72602 2.58809 0.274627 -1.27782e-06 -6.63749e-07 -0.169828
4.78249 -4.39858 16.8463 -1.16998e-71 1.07465e-71 1.07804e-71
4.81427 3.1414 1.24977 -2.08464e-08 4.61793e-09 -0.0177174
4.81932 12.9483 -7.16665 -2.13921e-53 1.96491e-53 1.97111e-53
5.0469 3.4595 3.83428 -4.01811e-12 3.6905e-12 -1.00899e-12
5.04889 4.29461 1.33062 -7.92816e-11 7.26987e-11 -0.000327932
5.10546 -1.5604 -0.0104591 -2.42573e-06 7.51168e-07 -0.816466
5.13761 11.9322 -1.6242 -4.6086e-38 4.23309e-38 4.24645e-38
5.2139 -0.407814 7.28139 -1.69992e-19 1.56141e-19 1.56634e-19
5.22292 6.53273 3.20198 -6.71689e-21 6.16959e-21 4.86239e-21
5.22702 -3.99411 6.10172 -1.71838e-18 1.57837e-18 1.58335e-18
5.24259 1.02069 0.0205799 -2.51578e-06 -3.82886e-07 -0.57162
5.24298 2.05075 -5.11827 -4.2752e-14 3.92679e-14 3.93936e-14
5.26133 -6.56747 3.98236 -1.37492e-20 1.26289e-20 1.26687e-20
5.27045 1.16205 4.26845 -7.38287e-12 6.76257e-12 -1.81715e-10
5.28718 -1.67272 8.37878 -7.55885e-23 6.94294e-23 6.96487e-23
5.32993 9.80764 10.9134 -9.7657e-54 8.96998e-54 8.9983e-54
5.34473 2.50211 0.217393 -2.37019e-09 -6.57987e-10 -0.842166
5.37117 -3.9929 -4.28388 -1.13173e-14 1.03952e-14 1.04948e-14
5.49469 -1.31711 0.0381762 -8.22524e-08 2.08943e-08 -0.473577
5.54448 3.22097 3.82877 -1.64687e-13 1.51262e-13 -2.50396e-11
5.67331 -7.87314 -5.77217 2.26343e-28 1.65726e-28 -1.60401e-29
5.69771 4.22961 -6.29033 -2.19418e-20 2.01539e-20 2.02176e-20
5.70448 4.33233 -5.70053 -1.24923e-19 1.14744e-19 1.15107e-19
5.71214 -1.59124 -0.0757032 -2.28617e-09 6.7721e-10 0.434055
5.76925 2.98074 -1.15185 -8.82645e-11 7.92171e-11 -0.00149668
5.78448 5.79717 -3.74697 -1.9677e-19 1.80737e-19 1.88232e-19
5.79451 0.45797 -4.34958 -1.05434e-12 9.6835e-13 1.49414e-10
5.82095 -8.96625 -0.907387 2.15502e-26 1.57788e-26 -1.52476e-27
5.88034 10.6182 -3.96651 -1.40578e-36 1.29124e-36 1.29532e-36
5.94347 4.35174 0.0763352 -1.04257e-12 9.5759e-13 0.00078422
6.02857 3.32302 -3.9471 -2.82737e-15 2.59699e-15 2.11722e-12
6.05291 2.88391 -1.05261 -7.5465e-12 6.82517e-12 -0.0512337
6.10022 -4.38638 -2.62995 -1.40708e-14 1.29243e-14 1.29773e-08
6.10484 2.94863 0.30329 -1.71424e-12 1.53283e-12 0.355945
6.16519 -0.921112 -9.98805 -2.766e-32 2.54062e-32 2.54864e-32
6.26759 0.695812 -4.739 -1.5375e-14 1.41222e-14 1.1779e-13
6.39874 1.21421 4.83573 -8.01289e-16 7.35999e-16 -5.42438e-15
6.4093 -4.18523 -2.93382 -1.96931e-15 1.80885e-15 2.76039e-09
6.48607 0.908393 -5.97579 -7.2341e-18 6.64465e-18 6.66564e-18
6.62572 12.7603 12.6436 -1.33045e-80 1.22204e-80 1.2259e-80
6.80027 5.11152 -5.43322 -4.39195e-23 4.03408e-23 4.04682e-23
6.85473 -0.397122 -9.33239 -4.74929e-30 4.36231e-30 4.37609e-30
6.87579 -1.71795 8.07929 -5.21279e-27 4.78804e-27 4.80316e-27
6.94731 -9.05381 -2.32456 -2.7396e-30 2.51637e-30 2.52445e-30
7.0089 2.86276 -3.93714 -5.55235e-17 5.09994e-17 4.25409e-11
7.02301 -4.84923 0.934217 -6.68282e-17 6.13829e-17 -1.1333e-05
7.12104 3.7059 1.65779 -3.83582e-16 3.52327e-16 -0.000358633
7.29814 2.90378 2.90475 -2.07832e-16 1.90897e-16 -3.16516e-05
7.30063 -1.13719 -3.49851 -1.85751e-15 1.70616e-15 2.40602e-05
7.50016 -5.07479 8.16234 -1.41637e-33 1.30096e-33 1.30507e-33
7.51793 2.5719 5.46296 -2.26916e-22 2.08426e-22 1.09199e-22
7.62165 -8.07575 1.26887 -2.49636e-28 2.29295e-28 -2.74241e-24
7.75986 -0.215484 -13.9494 -2.25134e-56 2.0679e-56 2.07443e-56
7.87072 -12.1674 -7.28626 1.59258e-58 1.16607e-58 -1.1286e-59
7.96242 -1361.51 330.973 0.0298161 -2.80169 0.682285
7.96213 -5.92709 -0.0702498 -2.00372e-23 1.84045e-23 4.38851e-11
7.97342 1.34745 7.43471 -3.17878e-27 2.91977e-27 2.92899e-27
7.98305 -13.4419 -13.9671 1.99263e-96 1.45898e-96 -1.41211e-97
7.99185 2.41101 -0.196286 -5.40591e-16 4.96543e-16 -0.199213
8.04198 6.40246 5.93026 -1.05143e-31 9.65762e-32 9.68812e-32
8.11101 6.67815 4.05459 -1.71942e-28 1.57932e-28 -8.81366e-28
8.21785 -3.7253 0.100603 -1.34143e-18 1.23213e-18 0.00467567
8.26025 -8.06869 -10.6466 -3.06133e-55 2.81189e-55 2.82077e-55
8.26149 -2.46571 0.383739 -1.86914e-17 1.71684e-17 -0.206865
8.27126 -3.27548 -5.00745 -1.5644e-23 1.43693e-23 2.07916e-20
8.40377 6.33953 -7.27768 -8.91793e-37 8.19129e-37 8.21715e-37
8.471 -8.73018 3.74799 -4.3061e-36 3.95523e-36 3.96559e-36
8.5035 -1.48533 -3.84329 -8.14258e-22 7.47912e-22 7.1374e-08
8.85216 2.17394 -3.95283 -2.98465e-22 2.74146e-22 1.07095e-09
8.87647 3.44529 -4.82684 -2.66808e-26 2.45069e-26 2.23228e-19
8.96312 -8.3565 2.08855 -1.6941e-35 1.55607e-35 -1.82254e-28
9.05612 3.50687 7.61912 -1.19046e-34 1.09346e-34 1.09692e-34
9.0905 -12.1291 6.87887 -4.85838e-61 4.46251e-61 4.4766e-61
9.12504 -4.92331 -3.17753 -4.8784e-27 4.4809e-27 1.82901e-13
9.23813 -3.15968 4.56 -1.09884e-26 1.00931e-26 -2.08428e-16
9.24799 -0.597393 6.13876 -6.6599e-28 6.11724e-28 -8.45904e-27
9.49982 3.08292 0.989507 -2.23989e-23 2.05738e-23 0.0917927
9.59839 -1.55136 10.3311 -5.35391e-45 4.91766e-45 4.93319e-45
9.63949 -0.560174 5.16273 -4.70102e-27 4.31798e-27 -3.03597e-17
9.68831 0.996374 2.56767 -7.07417e-26 6.49776e-26 -0.0263623
9.78037 -1.01272 0.0190783 -5.62841e-24 5.1698e-24 -0.643535
10.5322 -7.53748 3.22309 -1.38417e-39 1.27138e-39 -7.38234e-28
10.9964 5.43728 -4.76832 -1.30031e-38 1.19436e-38 1.40213e-26
11.0338 -8.23513 -10.4843 -5.5137e-66 5.06444e-66 5.08043e-66
11.1096 10.8356 -3.93798 -1.43175e-56 1.31509e-56 1.33479e-56
12.0634 -1.5219 0.0597443 -9.09626e-34 8.35509e-34 -0.0595965
12.0664 -12.2236 10.9306 -7.39626e-91 6.7936e-91 6.81506e-91
12.1832 -2.39278 7.33818 -2.16155e-46 1.98542e-46 -4.60572e-43
12.4701 -3.14435 -2.71826 -1.85873e-38 1.70728e-38 5.4175e-05
14.2969 -5.83244 -6.79715 -7.90601e-63 7.26181e-63 9.67742e-49
14.4447 2.86668 -3.52282 -1.04906e-50 9.63581e-51 1.80044e-08
14.4915 -0.100624 0.00254266 -3.56303e-49 3.27271e-49 -0.189187
14.7711 -3.66478 -4.75175 -1.16403e-56 1.06918e-56 1.94502e-19
42.9018 -752.881 -1035.07 0.095671 -1.88667 -2.60066
267.093 2378.8 -691.573 0.56265 4.88301 -1.42084
314.355 -3491.73 -13181.7 0.552501 -6.13299 -23.1519
471.454 -10876.6 -3098.19 0.832295 -19.1874 -5.46443
632.947 2493.75 2129.25 3.1777 12.516 10.6742
1062.74 -4070.12 4466.72 1.88175 -7.21246 7.91184
1253.46 9154.15 -833.058 2.76169 20.1389 -1.83265
1312.84 7240.74 -1390.32 2.32747 12.8365 -2.46247
1522.57 20261.7 1813.18 2.67691 35.6231 3.18666
1542.54 1024.82 -297.965 3.18334 2.10435 -0.613256
1792.79 -1809.84 3939.88 3.74229 -3.78329 8.22557
2126.4 4866.82 -7134.36 3.74026 8.55924 -12.5485
2263.44 -9958.65 847.696 3.9803 -17.5079 1.49258
2291.59 20127 -13553 4.03121 35.4076 -23.8413
2492.28 -14689 10794 4.41488 -26.0231 19.1233
2652.38 529.418 526.93 6.638 1.32834 1.32435
2698.54 -15556.6 8036.49 4.7552 -27.4149 14.1626
3159.99 -10170.3 -427.946 6.48325 -20.8749 -0.881076
3881.48 2131.79 1600.28 6.82972 3.74842 2.81337
4790.76 30.0081 -57.9433 18.0946 0.107169 -0.228832
4933.84 20038.7 2903.86 8.65739 35.1628 5.09571
5202.93 -1218.03 2824.18 9.20977 -2.15601 5.00619
6383.02 1156.35 -14251.2 11.3077 2.04982 -25.2478
6422.25 4461.97 2739.49 18.0364 12.5346 7.69069
8024.53 -5710.7 -1821.57 21.6716 -15.4187 -4.92453
9260.37 4764.13 -127.641 16.6763 8.5757 -0.23018
9349.07 -3558.07 -2055.57 16.4446 -6.26184 -3.6201
9394.15 717.434 3121.05 19.6514 1.50379 6.52659
9623.82 -8623.72 2740.6 16.9411 -15.1767 4.82344
9667.12 -81.8438 152.161 17.0385 -0.147705 0.284945
11022.7 1151.15 -31403.2 19.389 2.02594 -55.239
