-21.1991 -14.7482 -13.9596 113.378 -25.9415 76.2588
-21.1744 1.41888 -0.563828 73.6317 -31.8289 -19.8879
-20.1984 4.47482 -0.741056 50.8877 -89.7514 9.32556
-19.8583 -2.20849 -0.100884 72.8811 -94.2253 16.1708
-19.5933 -3.22988 1.04572 71.7036 1.0795 16.6152
-19.5902 -0.0347865 -0.341131 64.8281 -104.456 -8.34328
-19.5279 -1.52335 5.64701 67.5633 -76.1785 -5.85492
-19.3658 -2.07321 0.422938 71.6476 -63.631 -6.8773
-19.2634 12.3342 -4.51706 77.457 -166.324 203.836
-19.3755 1.54097 2.3982 59.2181 -80.6566 -3.04047
-19.2046 3.76919 0.657833 69.4939 43.7907 63.7916
-19.2652 0.148967 -0.296189 61.961 -92.3284 -6.02633
-19.2055 0.389452 -2.05264 59.9911 -78.421 -104.227
-19.4657 1.83082 2.34421 19.2839 -67.8857 -96.9886
-18.9719 0.530539 1.85311 63.4763 -69.6912 113.94
-18.937 4.31378 0.860811 50.2711 -78.2673 95.7805
-18.9393 3.79959 -0.395893 43.3845 -105.054 25.2646
-18.9731 5.74347 -0.617499 38.7856 -96.3626 21.2233
-18.7377 0.12947 0.773762 53.1777 -105.128 37.6919
-18.4568 -1.87683 -0.813566 76.8017 -121.123 67.1679
-18.1405 -7.2309 0.320655 103.323 -101.916 7.62391
-19.0474 5.31584 -1.23412 8.63663 -117.599 -12.213
-18.4637 -1.42178 2.19659 66.0119 -29.7653 93.7177
-18.7594 2.14861 -0.158926 33.5595 -148.394 -35.4533
-18.6124 2.22272 0.205606 45.8173 -99.8618 -4.43381
-18.4253 0.26218 -1.42747 62.048 -81.8601 -69.6758
-18.5586 10.0038 -0.733025 46.3919 -71.7143 -16.7529
-18.5883 3.63966 -1.10386 40.5147 -107.513 -15.2644
-18.1291 -7.703 2.2036 76.9722 -1.47854 108.236
-18.0418 -4.43302 -1.31568 81.7888 -71.8224 -58.4381
-18.2805 5.99459 -0.289652 57.0313 -74.6154 27.2656
-17.9114 -6.31555 0.513949 88.694 -58.1867 18.6782
-18.2203 -3.60378 -0.908566 56.1665 -58.8721 -16.3132
-18.5044 4.26019 -1.29321 23.9665 -134.36 -56.3245
-18.0795 -2.36035 -2.6812 65.917 -99.8899 -25.4615
-18.1634 -2.58396 0.859797 52.6889 -64.3464 -68.1683
-17.6716 6.50708 -1.75482 101.003 -42.6693 -45.0545
-18.3571 7.08881 -1.50976 30.925 -101.907 -40.9693
-18.1819 2.10882 -1.54046 46.9016 -101.486 -101.668
-17.7312 -3.13818 0.653254 84.3933 -31.1573 77.0821
-18.0325 8.29895 -1.08821 47.8966 -63.1052 -59.4824
-18.2341 7.41592 -1.54736 26.2981 -107.291 -85.1529
-17.8237 1.72814 4.76021 61.3289 -72.3058 115.382
-17.6885 -2.59565 0.268508 68.6452 -59.8649 9.03213
-17.6578 -3.08557 1.08091 68.7721 -94.6513 7.22331
-17.4914 -7.72396 -0.419186 81.6274 -30.2209 -10.0578
-17.2846 -7.84441 -1.11248 99.3785 -95.5963 60.9362
-16.5481 -9.89029 -0.6914 169.235 -53.9756 -30.3554
-17.5759 -2.21299 -0.115478 65.1286 -97.8159 12.8602
-17.4 -7.62718 1.37096 78.4844 -12.6792 62.2442
-17.9459 6.46178 0.141898 19.6453 -120.799 49.919
-17.4448 0.117445 -2.67524 68.5216 11.9681 55.0878
-17.7091 3.63883 -2.37521 42.2652 -93.9112 -88.3456
-17.5567 -1.30908 0.220166 56.5411 -110.033 85.4302
-17.534 2.2342 0.67348 49.3855 -87.5222 22.5426
-17.5433 4.68964 -1.43482 45.046 -64.8016 -21.4137
-17.5792 9.0617 -0.184995 33.3201 -84.8924 12.3564
-17.2127 -2.94748 1.8573 68.9978 -81.6399 97.963
-17.4178 1.23857 0.172539 36.2257 -139.104 -5.16213
-17.2223 0.54443 -0.639916 54.5702 -59.4838 -26.3576
-17.3359 4.87649 -1.46466 28.9963 -101.421 -35.6337
-16.6559 -6.77876 -0.969486 96.42 -100.958 -63.6417
-16.8949 -4.18135 1.69437 72.0315 -102.972 118.126
-16.731 -8.13309 1.84704 88.3095 -51.7943 89.2247
-17.1762 2.58595 -0.535289 43.0629 -98.2225 -37.0362
-17.101 -5.92784 0.182927 49.4653 -127.102 3.36295
-16.9358 -1.96406 0.0337187 58.6697 -100.386 0.481181
-17.0625 3.77669 1.26532 45.6764 -76.7816 113.682
-16.8514 -0.871002 -1.10241 57.6962 -118.73 -32.4619
-17.3002 0.866291 -19.0855 10.6726 -141.449 -20.4154
-17.2266 7.88646 -0.486196 7.07036 -123.811 -5.50178
-16.4782 -7.50391 1.90169 81.1695 -25.0044 92.5692
-16.5054 -7.35914 -0.793414 76.2174 -18.2661 -57.9878
-17.001 9.91512 1.98426 22.4195 -95.2435 92.9914
-16.9934 11.9974 0.95368 15.6252 -98.3172 28.2262
-16.5094 -2.6924 -1.85087 62.4074 -23.7781 -80.7029
-16.9682 6.56079 -0.868581 13.8482 -113.555 -47.3269
-16.8058 7.14913 0.0404255 26.8088 -92.3144 48.4518
-15.9986 -4.53485 -1.65987 105.806 78.9644 -24.9298
-16.395 -8.95744 0.145719 65.3896 8.51411 1.94407
-15.7969 -37.3483 4.26386 124.476 207.066 -116.444
-16.7919 2.29272 -2.3239 20.2676 -148.032 -88.629
-16.5081 11.6885 0.61932 46.7284 -58.7063 33.2924
-16.1306 -12.4864 -0.563687 82.8841 -25.8461 35.4091
-16.2072 -4.51006 -1.58522 75.243 -121.13 -54.1196
-16.6464 2.60584 0.101654 23.1455 -129.02 46.6861
-16.1916 -3.18996 1.88716 66.688 -99.9735 99.9668
-16.8785 6.91839 -0.834943 -2.62476 -142.764 -9.07096
-16.3912 -9.65097 -1.00788 44.5508 -29.9102 -63.6574
-16.0359 -9.08689 0.994163 79.5868 20.6405 43.7208
-15.6504 -10.4017 -0.421062 113.196 -66.013 -16.8319
-16.1314 -9.0877 0.914432 63.9693 -29.3115 27.1242
-15.981 0.380762 6.89261 77.2175 -4.27951 -97.8928
-16.0578 -3.07372 -1.10421 69.2026 -81.7364 -94.7014
-16.7425 5.63111 0.262388 -7.7301 -148.441 15.8293
-16.6806 9.87627 -3.62446 -3.86488 -122.906 -42.9915
-16.4754 6.81031 -0.928272 10.6359 -155.517 -27.2339
-16.3662 7.57483 -2.83605 17.5056 -101.301 -121.233
-15.738 -5.8967 -2.11689 79.3119 -59.0625 -88.711
-16.3894 9.24094 0.638742 13.6295 -33.6386 50.8276
-16.2592 2.96684 2.14264 25.5053 -97.096 -44.7548
-16.1732 13.2607 1.44236 33.4007 -75.4208 43.0515
-15.9104 -2.70678 -2.02775 58.8585 -127.861 -95.8306
-15.8327 -6.58231 -0.0441765 63.9525 5.5235 -15.4384
-14.9874 -15.1587 -2.78797 147.43 -147.128 69.5322
-16.366 5.2 -0.552779 8.71877 -74.4485 -2.90676
-16.1703 4.41588 0.191376 27.4569 -167.06 78.611
-16.2336 16.1799 -11.26 20.6526 -117.558 -24.9248
-15.5692 -9.15163 0.947042 83.9643 -23.9126 95.9592
-16.2127 2.44152 -1.29252 19.1585 -145.946 -111.693
-16.476 8.66823 1.65623 -8.55413 -124.651 75.7705
-16.1669 2.04241 -3.11623 18.7097 -151.509 -134.474
-15.9552 -1.04856 -0.413594 38.6529 -153.594 -27.8011
-15.2879 -12.8518 2.41769 102.81 -19.157 73.3461
-16.2608 3.23195 -2.31996 1.54934 -165.018 -83.4849
-15.74 7.85414 1.39977 52.4851 -35.6673 122.792
-15.3178 -7.91276 -1.98937 91.7229 -82.981 -99.2061
-15.3233 -8.48573 0.754309 86.4176 -42.4285 12.6554
-15.7737 7.27183 -2.23485 39.7219 -62.6672 -80.8321
-16.0358 2.02092 -0.656108 11.1559 -163.99 -75.367
-15.3327 -4.30146 -2.78489 76.8735 -89.6942 -142.701
-16.09 10.3253 0.76109 -1.34816 -115.466 23.9793
-15.25 -24.7193 -9.29057 78.5217 -92.4915 -132.363
-14.8737 -31.4762 2.63816 115.429 112.46 1.99158
-15.3706 -2.60343 -1.64468 57.6945 -123.961 -119.01
-15.6176 2.76583 -2.08529 31.9907 -106.067 -77.6139
-14.9159 -7.20673 -0.917175 94.7476 -112.785 -85.0042
-15.9581 1.75344 1.88438 -8.88311 -225.939 147.554
-15.1563 -3.92969 0.437058 64.638 -152.426 -21.5045
-14.8213 -8.84533 2.33483 97.5519 -70.2728 101.505
-15.026 -7.53878 -1.82879 76.4975 -22.6608 -99.874
-14.7191 -19.5765 -3.11102 99.9272 -209.512 -91.5927
-15.4996 0.0846269 0.233208 20.9057 -178.307 0.0245988
-14.9509 -4.95283 2.02802 70.1806 -51.4323 107.012
-16.0224 8.53935 -1.79697 -36.8974 -172.016 -11.9434
-14.9516 -3.90279 -1.32668 61.8777 -139.393 -71.7731
-15.5556 6.91604 -0.148834 1.46119 -120.416 11.1385
-14.7047 -6.89873 -3.12214 77.0028 -31.8296 -186.753
-14.4122 -12.8937 2.77152 105.942 31.1673 -124.623
-15.3078 1.80901 2.29377 15.9909 -168.057 45.8787
-15.8652 5.68397 -1.803 -40.3616 -174.989 -81.8451
-14.9545 4.05828 0.850599 46.8632 -146.033 50.1849
-15.0565 -0.0616497 3.29938 35.8573 -115.982 151.15
-15.3981 6.62375 -1.93059 -6.46882 -127.009 -88.8011
-14.8605 12.7027 -0.821327 46.1452 -53.8019 -81.0159
-14.9783 0.128826 2.34611 33.2566 -124.377 139.235
-14.4795 -12.9085 -0.622674 82.0377 9.21238 13.7515
-15.1779 2.16935 -0.612057 11.0308 -141.025 -70.855
-15.0829 11.0023 2.28991 19.4252 -80.8635 76.5172
-15.3165 5.16896 -1.60128 -4.11153 -144.851 -48.7461
-14.8558 10.692 -2.46685 39.0844 -57.1516 -0.470391
-15.0725 3.8007 4.13946 15.1614 -63.2103 -92.8405
-13.8131 -11.9093 -2.51653 136.589 5.71397 241.49
-14.4785 6.88291 0.694182 67.219 37.9883 86.3155
-14.3366 -6.92795 1.79229 77.8948 -53.9721 111.249
-14.2719 -10.5966 -1.38987 83.9096 -13.4189 -97.9554
-14.6379 8.71696 2.34335 36.5167 -67.1157 29.3998
-14.0708 -7.48271 1.96676 86.8428 -74.529 97.9671
-14.1975 -5.07797 0.699248 73.1283 -172.32 59.0661
-14.8234 6.82938 1.4697 5.02928 -103.515 100.749
-13.6948 -2.65018 -4.81821 113.988 -5.33631 19.6152
-14.7662 2.65463 -1.56335 6.78621 -144.501 -74.8264
-14.362 -1.4907 1.80844 42.4455 -142.538 125.697
-13.9225 -5.26037 1.382 81.2358 -155.292 89.1172
-13.5696 -12.3639 0.854322 114.263 -49.8691 66.1227
-14.0608 -3.72224 -2.74082 61.99 -98.9771 -133.6
-13.7972 -8.93019 0.922881 87.0292 -119.927 61.2967
-15.12 3.41196 1.08438 -44.8308 -208.677 61.6021
-14.288 -2.41118 -0.135029 37.0166 -193.305 16.8157
-14.0492 -4.08377 2.05971 59.4317 -165.978 72.5496
-14.7746 7.58384 -1.04976 -13.2059 -118.658 -73.6071
-14.2309 -0.970593 2.1584 37.662 -127.871 128.312
-14.4444 11.6868 -1.45953 14.88 -82.5496 51.3573
-14.1905 10.5046 -1.41361 38.2964 -54.1619 -96.1702
-13.3299 -1.01511 2.11641 122.494 88.2663 -7.61576
-14.2442 -2.07158 0.666088 28.681 -188.667 44.8449
-13.3328 -7.71783 6.34075 118.444 -97.4734 -158.302
-14.6615 7.34327 1.9048 -14.1115 -127.276 91.6281
-14.3289 -0.575314 1.18867 16.912 -200.861 54.4342
-14.5283 10.752 2.5417 -4.24658 -102.733 109.675
-13.4983 -15.3111 1.59912 94.1691 6.45702 56.6161
-13.3714 -15.0092 1.80095 97.2259 -10.6247 -18.1415
-14.6093 7.26554 2.39388 -28.8882 -34.101 157.108
-13.3835 -12.4773 0.384625 92.1925 -8.57248 67.2567
-14.2445 12.4831 -1.90361 6.54122 -87.497 -38.1717
-14.0822 2.09324 2.63053 20.6429 -115.666 181.73
-13.1945 -7.73998 0.566996 108.708 -111.859 42.3618
-13.8163 0.00616214 -3.64838 44.5011 -71.846 -196.325
-14.5029 1.43219 1.1455 -25.2903 -204.528 120.825
-13.2183 -6.88685 -0.297175 101.831 -157.495 -24.3521
-13.308 -15.4469 0.387014 91.7572 31.4845 116.341
-14.453 1.46046 -0.965412 -26.6255 -214.951 -14.3436
-14.1485 4.15128 -5.52689 1.03996 26.1795 7.29676
-13.1967 -12.3754 -0.0840791 91.8533 -11.7138 40.4781
-13.3624 -9.95388 -2.17098 74.0444 -9.23245 -119.084
-13.2767 -7.14167 -2.14065 82.4196 -86.6467 -109.217
-13.5876 -3.32122 0.950933 48.349 -177.357 77.3474
-12.8564 -4.71592 -7.85702 117.973 -144.542 -31.7446
-13.225 -12.0065 -1.03405 80.9765 1.27913 -13.1131
-13.0008 -6.92694 -1.07532 100.66 -163.341 -67.7126
-13.016 -6.29181 -1.34708 98.7477 -177.12 -64.2324
-14.4585 10.7017 0.322769 -49.0728 -146.972 26.4143
-13.2538 -3.98038 2.26271 63.0461 -151.946 128.557
-12.793 -7.91914 -2.26331 101.27 -87.4297 -124.409
-13.1239 -8.50984 3.05087 66.854 70.7444 14.0544
-12.7345 -10.4127 1.32811 104.598 -147.162 56.6601
-12.6409 -14.3224 1.25124 112.661 -25.1895 66.9478
-13.9184 7.97726 1.18378 -14.4497 -114.871 65.1144
-12.9125 -5.97665 -2.53435 84.3759 -133.453 -147.241
-13.2425 -3.7814 0.856714 51.125 -192.733 24.4795
-13.5786 -1.68559 -0.453544 17.0167 -203.29 6.65299
-13.2106 -9.92637 -1.98274 53.3978 26.8886 -94.1186
-12.1714 -12.7329 -0.0895839 154.184 -98.5632 12.5717
-13.7801 15.3669 -2.58232 -8.38843 -270.525 165.567
-13.8953 10.3751 1.90276 -22.0008 -112.634 75.8335
-13.3771 12.7721 -2.01616 27.2031 -66.2902 -69.9173
-13.8857 5.0501 1.04246 -27.1665 -153.698 74.984
-13.4034 16.8257 6.3411 20.3521 -98.6367 -84.5005
-13.492 -0.538952 -1.64651 8.10068 -187.361 -103.182
-12.2581 -12.9349 -2.29329 127.982 -56.3597 -83.863
-12.1299 -8.78347 -1.28989 136.08 -63.6629 -76.9977
-13.4853 -1.22458 0.793741 1.43676 -241.754 -1.57988
-14.0377 5.63462 -0.217867 -55.0339 -172.157 -25.5934
-12.5543 -6.54618 0.0874603 91.8747 -198.235 15.4936
-12.6743 -10.0826 -1.62011 78.3803 -15.5622 -140.122
-12.6084 -11.6549 -3.22671 84.497 -4.43329 -137.326
-12.9207 -3.59458 0.964406 44.6238 -193.051 76.8715
-12.3205 -11.1668 0.33056 102.36 -38.1969 -2.73474
-12.1656 -14.0823 -0.196566 108.024 -21.5475 -25.5186
-13.0604 5.36627 3.19948 17.3544 -80.5638 214.52
-12.0188 -14.9987 0.736528 115.601 -22.1702 52.0765
-12.573 -11.5953 -1.29897 59.3431 -32.5092 41.5775
-11.9199 -15.6722 1.73989 117.451 -13.0323 68.2958
-13.6502 5.20048 -1.36317 -56.6195 -180.9 -89.166
-11.9945 -22.9147 0.601971 106.908 -92.82 -46.1018
-13.0952 9.84201 -1.56378 -16.9206 -106.053 -116.277
-13.3376 10.2028 -1.37611 -46.6884 -133.247 -38.3495
-12.9384 15.4628 0.091037 -9.37149 -93.2911 -52.5494
-12.1661 -11.8632 6.45421 66.8011 -33.077 -21.8008
-13.0846 15.1008 0.819728 -25.089 -103.398 -11.2203
-11.9263 -14.413 2.02806 79.5807 -41.3148 118.649
-11.5941 -10.1031 1.37151 110.206 -87.7617 69.6484
-13.0091 0.211148 -0.0479863 -31.2096 -209.986 37.1922
-13.484 8.96452 0.894224 -79.7061 -158.178 107.232
-11.4378 -9.14782 -0.262688 123.113 -127.85 -18.9722
-11.5952 -13.5541 0.433013 100.493 25.4722 20.3496
-11.9359 -4.64769 2.40709 65.5804 -195.473 136.438
-12.5593 15.7782 1.03489 -1.43466 -93.8026 51.2099
-12.8938 14.4896 2.12964 -36.4888 -107.956 63.7598
-12.5663 -4.0666 8.11737 -4.7603 37.0449 47.7072
-11.4054 -11.6637 0.424703 109.329 -39.6756 64.4082
-12.8954 5.92947 3.57737 -39.0955 66.2875 -54.0663
-12.7867 11.6593 -1.33379 -29.2882 -107.438 -51.0661
-11.7968 -12.8209 -0.131717 66.6324 21.0298 -35.3718
-13.2136 8.55852 4.29585 -84.0574 -158.837 100.773
-11.4011 -7.09273 -2.35573 90.5009 -110.008 -141.587
-10.9624 -11.3475 5.62061 129.37 -162.271 30.5222
-11.5904 -5.8034 -0.047117 64.2967 -213.749 -32.0021
-12.3296 13.2415 2.32502 -10.9146 -95.0782 133.954
-12.9432 11.4449 0.572798 -73.4534 -151.543 30.7302
-12.5885 13.6768 0.828463 -47.0965 -116.256 -6.71555
-11.0308 -7.77892 -1.99691 105.64 -150.536 -121.46
-10.8799 -11.5949 -2.44858 115.668 -54.7098 -97.4071
-11.0149 4.13455 6.83917 99.244 49.9273 -52.8467
-11.3495 -16.2234 1.1106 62.5213 42.1892 34.9521
-11.1099 -12.8207 1.93085 86.1396 1.86291 80.614
-11.1997 -49.19 37.2352 76.0228 152.612 -111.72
-11.0283 -5.68773 0.342979 91.7742 -207.38 -2.51089
-10.6559 -14.2721 1.57141 128.287 -47.3614 97.8495
-12.4751 9.2755 -2.5511 -52.7156 -133.508 -5.4102
-12.0124 12.7626 0.017871 -9.06668 -92.9736 -0.30377
-12.7268 11.9138 1.4223 -100.548 -153.435 30.161
-11.0949 -4.78965 6.25487 60.2707 -195.033 -3.37562
-11.2188 -4.21651 3.93099 42.4153 -242.497 20.4382
-10.9892 -6.23891 11.7966 64.5308 -67.366 -47.5786
-10.9659 -5.15042 1.79746 66.7983 -197.124 124.319
-12.5287 7.81108 0.399541 -89.0068 -161.314 74.2613
-10.5785 -11.8228 -0.618758 101.486 55.2357 -35.5796
-10.449 -14.0736 0.143019 113.701 -18.3327 -17.7651
-10.1619 -17.4434 0.334972 131.757 -236.782 25.2332
-11.6073 11.8702 2.36564 -27.1579 -101.997 135.888
-10.2334 -13.6617 2.58539 107.553 -15.3494 119.388
-9.67855 -12.2799 -2.12803 161.606 -110.362 -80.649
-9.62059 -13.0987 -3.32855 166.519 -30.97 112.409
-9.62274 -13.39 0.289069 160.042 -96.2101 -16.5038
-11.5678 12.4763 3.79061 -40.2485 -90.0173 78.3205
-11.9575 14.0161 -1.41231 -79.88 -128.782 -44.1838
-9.96805 -9.18614 -5.50757 114.257 10.589 -145.776
-10.4357 -11.4664 2.86036 63.1993 15.9532 134.895
-9.73638 -19.8083 8.05057 132.107 -70.8861 83.6896
-9.88702 -16.7106 0.440205 114.312 4.07104 -11.1535
-10.298 -11.8902 2.0478 71.7461 6.40593 123.409
-9.02843 -16.6355 -0.817648 193.477 110.034 -132.173
-10.1694 -17.4706 2.79249 80.0169 11.4389 49.9823
-9.04184 -10.7869 -0.0653505 191.144 104.745 10.2155
-9.39663 -13.8085 -0.478632 154.572 -67.1452 -17.3192
-10.0869 -5.95945 1.47313 83.5598 -228.57 91.2756
-11.3582 11.8596 1.66946 -58.8771 -109.771 46.7836
-11.2876 16.1045 -1.19384 -52.1039 -118.722 -16.8577
-10.8006 1.22982 -4.07404 -5.9693 125.615 -73.8816
-9.32107 -14.3088 -1.1611 136.943 -38.7793 -38.5262
-10.9746 11.0758 -0.142545 -28.8902 -211.12 -64.3903
-9.23189 -13.4261 -0.635749 142.826 -67.4954 -26.3896
-10.3302 18.167 -5.85816 27.537 -54.2416 -102.86
-9.93673 -4.39669 3.73872 59.4198 -115.868 217.139
-10.824 16.7732 2.34225 -32.886 -94.1536 64.7685
-9.02802 -16.7936 1.46376 140.011 -133.637 91.6335
-11.65 10.1485 0.709756 -122.179 -142.339 -3.04925
-10.4057 14.9908 0.670765 -21.3525 -88.6838 45.2827
-8.92081 -17.6366 -12.3465 122.685 -119.22 -220.404
-8.6488 -13.4692 -0.752248 138.931 -126.416 -120.291
-8.64303 -14.8809 -1.62772 135.789 40.081 -21.6749
-10.3179 15.7002 2.71959 -35.9333 -97.6173 89.4761
-10.3696 15.3919 0.141211 -46.8228 -100.421 -53.6805
-8.41078 -13.5578 0.762958 141.878 -49.9376 67.1509
-9.3806 -32.9212 7.08768 44.0415 225.4 -145.269
-10.1512 16.5067 0.584573 -38.9266 -100.164 51.6442
-8.57126 -12.8795 -0.352305 113.03 -114.363 -47.7103
-10.3087 14.1492 -0.325248 -60.2143 -117.412 26.268
-8.25183 -13.1765 0.797594 141.189 -39.6981 68.7029
-8.9467 -17.057 -1.40191 70.6169 38.7872 -33.281
-8.54458 -17.6479 0.317902 104.276 25.2212 63.7068
-8.16684 -13.0293 -1.93085 139.704 -38.6795 -84.0141
-7.58864 -13.7497 -0.00327029 187.748 -94.6943 -22.7722
-8.34523 -14.8982 0.15624 108.145 -45.5338 -10.4265
-8.70224 -15.0336 -5.79694 65.4514 -73.8846 -0.898506
-9.72952 13.2325 -1.32233 -40.913 -92.0948 -66.8909
-8.24708 -13.8485 2.1412 105.286 -7.70334 66.041
-8.52444 -12.6121 6.28116 77.637 7.8326 -49.9079
-9.68042 3.80058 -3.87896 -38.8008 -122.906 -225.997
-9.15179 15.2991 2.44412 2.49564 -71.8213 77.173
-7.41109 -13.3944 0.391955 172.945 -69.4814 45.4255
-7.30631 -11.0454 -1.13501 179.025 -24.5218 -80.7276
-7.75099 -11.7629 2.72383 132.947 -70.571 160.06
-10.1694 14.3776 -1.97673 -120.632 -226.629 -234.271
-7.9627 -13.5675 -1.58806 94.3774 0.423888 -117.66
-9.14684 13.7 -3.76127 -28.2158 -84.5485 -168.576
-7.91667 -39.4149 -3.24516 92.0473 -69.4691 -36.4037
-9.71098 14.9684 -0.334354 -88.5543 -121.606 -24.1231
-9.23175 13.6455 1.62672 -42.2961 -91.507 36.1577
-10.0796 10.4907 -1.19736 -128.44 -132.907 -60.8543
-8.60164 14.9844 -0.0928115 17.1566 -60.4049 -62.733
-8.00347 -19.3128 0.792772 76.0032 49.8056 25.1548
-9.95876 12.8943 0.0683466 -118.656 -126.898 19.5471
-7.55733 -16.6113 -0.898154 117.717 10.5993 -7.5423
-7.49102 -13.4456 3.23668 120.279 -17.5434 159.9
-8.20035 -13.9328 -0.85403 42.7435 94.5391 -49.6165
-8.99088 13.4761 -0.63199 -36.7363 -86.7267 -89.1471
-8.70716 -3.93553 0.909843 -8.82238 -262.155 55.2589
-9.68042 13.2379 -15.4906 -114.272 -69.4371 -308.362
-7.32745 -8.39107 3.31781 108.841 -88.1134 196.32
-7.41532 -17.7182 -0.6557 97.4365 67.1294 -73.5937
-7.52613 -18.0174 -1.19757 84.5454 37.7007 -103.177
-7.96344 -20.1702 -4.4389 37.1397 64.7976 -21.76
-7.84795 -17.078 -0.647485 48.0012 51.8106 -71.106
-9.71616 14.1682 0.344637 -138.114 -126.672 -29.8296
-7.54097 -17.8025 -0.86359 69.3381 -7.06068 -54.4142
-6.81458 -16.7033 -1.42273 132.781 -44.0671 -40.8395
-8.37371 12.0927 -6.47486 -28.0406 -51.6512 42.3556
-7.47684 -14.8905 -5.26949 56.4725 26.1738 14.4457
-9.99201 20.0039 -4.56631 -193.371 -38.611 11.1312
-7.01624 -18.6566 -1.73003 100.009 38.2584 -73.8415
-6.79487 -9.72146 -3.61441 112.764 -64.8155 -211.06
-8.13976 15.0764 1.91398 -21.6869 -77.0791 83.6748
-7.06263 -12.9054 2.43431 78.6409 -40.6076 -88.3173
-6.43844 -18.2002 0.397342 139.651 15.7495 -13.6455
-7.75348 18.1986 -0.72866 0.718218 -76.8085 -50.5267
-6.11378 -17.1755 -0.83093 158.04 -19.0191 43.1517
-6.56337 -13.2364 1.58364 111.306 138.951 84.5911
-6.6247 -17.0666 -0.162828 103.625 26.1209 -43.1093
-6.11668 -15.5745 -0.318503 151.396 -12.8678 21.151
-6.02724 -17.0106 -0.125638 158.953 50.5279 -14.3199
-8.3121 16.3143 2.14342 -69.1454 -94.864 121.055
-8.0029 16.5466 0.219124 -48.1592 -91.3265 13.5359
-6.64772 -17.7205 1.82839 76.33 42.0243 43.3722
-6.27434 -15.9137 -0.452033 91.4668 24.916 -56.9921
-8.21571 11.2957 -0.0110134 -103.316 -260.584 9.2415
-5.50823 -17.2632 -2.07532 163.066 14.0274 -33.3566
-6.3556 -39.0365 6.19596 74.5907 -4.81187 41.0208
-8.63893 12.8043 -0.493747 -152.787 -124.556 -26.5232
-8.08529 17.1724 3.12054 -98.532 41.3252 174.174
-6.53962 -12.3504 -2.81829 52.6418 -128.322 -19.9955
-7.77542 13.0191 -2.44775 -73.47 -91.5094 -180.558
-7.33222 15.4764 -0.497911 -34.0784 -81.9052 -36.3138
-5.86262 -15.5317 -1.38656 102.266 21.0163 -108.338
-6.77029 16.2074 0.496067 9.01908 29.9663 56.1863
-5.14749 -0.172424 -0.318067 163.146 -138.078 104.105
-6.68896 0.714092 4.01696 5.74891 136.696 86.5273
-6.21864 -3.27605 4.70336 42.6539 -122.344 248.84
-6.8397 18.9522 0.256093 -19.884 -81.3817 18.7747
-5.02308 -14.0744 -1.85746 158.391 -23.1283 -69.1205
-5.4165 -14.3553 -2.98631 117.055 -69.3135 -134.625
-6.82233 15.3101 -1.09983 -23.8976 -54.7432 -59.1777
-5.3182 -18.8008 -2.276 124.415 -172.422 -96.4716
-6.77311 18.0069 -3.16525 -21.823 -34.6371 -148.311
-7.58049 12.7667 -2.82672 -103.17 -94.1608 -165.201
-6.64868 19.7313 4.59089 -22.4376 -90.7167 -89.1991
-6.27018 16.5374 0.661943 8.50082 -145.36 -55.5196
-6.28556 17.7393 -2.50953 -12.8886 -73.7104 -136.065
-7.70713 13.1843 -1.29091 -163.525 -104.142 -68.8455
-6.72973 15.6185 -2.03932 -72.048 -84.1386 -110.213
-4.17473 -12.4951 -2.8034 181.298 19.2522 -122.982
-5.3452 -12.9592 -2.80012 63.8026 25.4415 -182.492
-6.11987 17.6938 -2.39798 -15.4268 -70.6471 39.2953
-5.14986 5.11226 -4.92163 77.4311 89.6891 17.2544
-4.06552 -11.4827 -1.3957 182.24 -87.5841 -116.763
-4.54053 -14.2148 -2.06495 130.277 -0.242077 -142.954
-4.37684 -25.9628 8.0853 122.66 174.074 -101.287
-3.59827 -10.4985 3.01372 199.025 -139.519 80.7924
-6.15093 13.8814 2.23353 -59.8078 -128.48 38.3507
-6.64876 16.5935 0.913558 -126.33 -94.8834 71.7065
-6.12171 5.48108 8.4175 -74.2903 -155.228 -42.0135
-5.58453 19.7512 0.302772 -34.1966 -81.3102 1.46118
-6.743 13.3863 2.11088 -150.597 -91.5137 83.9348
-4.06333 -12.5628 4.1561 111.233 -2.45272 207.962
-4.34309 -15.7494 -1.95092 73.3999 35.4921 -134.818
-5.38164 -0.986587 -4.66547 -32.9297 -156.818 -247.129
-5.83843 17.0896 -0.844514 -81.3855 -82.7339 0.824676
-5.0436 -4.31606 -11.1038 -4.94671 -94.3386 58.2129
-3.5519 -16.0975 -0.611767 140.747 9.95132 -103.598
-3.78589 -17.8529 -0.0697857 110.898 33.8048 40.2921
-6.51961 13.4409 -1.16049 -166.267 -88.2195 -26.0125
-5.46285 5.81259 11.3884 -63.3019 31.7055 20.8788
-3.48409 -18.1371 0.725814 127.688 38.3341 88.7302
-3.32105 -12.0545 -2.71511 132.53 -15.7833 -174.556
-3.50957 -18.0879 0.675303 112.631 27.2003 -3.22786
-4.33177 2.00883 5.97325 22.3781 -140.42 -0.0766244
-2.78477 -12.6799 -1.75845 174.204 -26.5264 -121.937
-2.35331 -14.9759 -0.0409101 217.055 -33.3892 -48.0536
-5.34865 13.038 -3.07859 -81.729 -77.3949 -204.694
-4.76008 16.8488 -3.00432 -27.1148 -70.8108 -121.04
-4.85993 16.0821 -2.74556 -42.6817 -71.3318 -108.54
-6.23935 -1.85236 0.748454 -179.742 -231.254 59.2327
-4.37158 17.7539 1.65395 5.45836 -66.2737 141.396
-2.61069 -16.6136 1.33635 174.302 -0.93915 48.5428
-3.78524 -12.7715 -8.67081 56.554 40.9086 127.722
-3.7416 -18.5227 7.02793 43.6135 54.795 -93.8086
-6.18793 19.5849 1.22709 -208.374 -38.4837 57.3805
-2.9062 -20.0556 -0.0778315 113.949 47.4858 -16.3001
-3.08279 -19.371 -0.383611 95.0376 47.5109 -32.9962
-2.69387 -15.2608 -0.0451535 117.025 84.2007 -16.0009
-4.66604 17.3991 -2.10205 -88.3264 -77.3375 -113.667
-3.18536 -18.6057 -0.649776 44.8656 122.889 -5.44203
-4.63886 15.8524 -1.19966 -101.018 -77.2532 -63.5539
-1.84734 -9.79434 2.94872 175.713 -62.3605 186.805
-1.72864 -17.1725 1.07688 186.868 10.4607 25.1739
-2.53958 -18.0613 -0.712087 106.278 39.8927 -50.5249
-2.65171 -20.6966 3.37999 88.4321 3.31627 10.3797
-4.92955 13.9078 3.28592 -144.596 -78.7321 132.258
-2.4085 -14.69 -0.482434 100.633 169.775 -35.8341
-1.39209 -7.34562 0.912032 195.051 86.1002 -7.38059
-4.12903 15.4497 1.3805 -77.4626 -69.7227 80.5182
-2.57106 -19.3474 -0.472402 72.8809 103.777 0.41161
-2.6964 -15.0799 2.71905 58.4988 41.5708 142.896
-3.60618 14.9552 -6.94359 -44.6426 -54.8266 -1.69737
-2.16172 -19.4243 -1.42915 88.0672 58.7553 -58.644
-3.81822 14.7136 3.06533 -77.0883 -69.0687 117.809
-2.12751 -22.1358 1.09982 90.6185 -32.8022 71.1466
-3.92173 16.6416 0.347875 -87.9966 -72.7638 71.2614
-2.47259 -20.8382 -0.0141913 54.0401 66.5788 -34.4965
-2.29833 -18.1184 0.144068 66.1157 53.2919 27.814
-4.16239 13.2216 1.83811 -127.929 -61.389 144.071
-2.62779 -18.3579 1.82103 23.1505 62.885 71.9521
-4.48231 16.2156 0.537008 -162.107 -77.6731 65.5244
-3.8097 14.4767 1.26111 -98.7045 -64.0082 115.589
-3.09971 19.8523 0.0268682 -32.9283 -187.446 7.53467
-1.19143 -15.9906 1.0013 150.324 23.3402 46.5731
-0.319792 -20.9541 0.340932 224.658 -168.021 -0.930563
-3.92528 12.4007 2.66624 -151.581 -61.4955 176.227
-3.4171 16.5235 -0.716706 -101.479 -72.7158 -4.15739
-1.14095 -31.3677 5.61309 123.863 162.178 46.9622
-1.09061 -19.2136 -0.600973 114.518 50.0974 -64.3496
-2.49826 20.5021 -0.0952317 -29.882 -75.8947 38.7775
-1.90428 -19.0524 -0.729399 24.5301 67.3166 -5.78569
-1.01151 -15.7796 -1.93298 112.004 41.4503 -90.8961
-4.1735 11.7451 2.34206 -206.102 -48.7227 138.46
-0.992805 -17.6004 1.52972 104.944 43.9256 57.3517
-3.75521 18.1377 -0.467512 -176.682 14.9675 4.12763
-0.0828387 -15.0503 -0.655201 165.568 16.5183 34.6666
-3.53651 16.2321 2.08496 -180.919 -145.599 10.025
-0.305622 -16.3208 0.496912 138.638 78.2635 -1.57035
-1.59037 16.5175 -0.860131 6.35253 -111.265 -22.6189
-0.342905 -16.1556 -0.548925 128.834 45.0729 -56.6249
-0.795811 -17.2218 -2.75288 73.4865 57.3491 -122.327
0.41108 -18.5609 4.74243 192.524 136.676 -17.8566
-3.11946 -2.89119 6.90757 -159.325 -97.2376 -47.2697
-1.36148 -13.1969 -0.448179 14.6818 139.575 2.39567
-2.36436 18.3234 -0.167634 -90.0229 -70.7401 2.40785
-0.835756 -16.6229 1.20821 60.0353 11.3481 100.109
-2.55849 17.9143 1.43331 -111.155 -68.6904 50.6261
-0.261417 4.50114 5.44778 108.937 68.2382 -59.068
-1.43345 17.749 -0.669618 -7.61376 -65.1993 18.5205
-2.15074 17.5593 0.292665 -79.8446 -67.6974 27.6375
-1.88296 19.4402 -1.76778 -60.6571 -72.4246 -86.3196
-3.14186 13.8772 1.70028 -197.085 -55.258 73.8594
0.411508 -20.0835 -3.72907 152.078 150.207 130.453
-2.25043 17.478 0.497483 -113.728 49.7186 -39.4178
-1.38616 20.0148 0.85674 -31.6273 -73.292 60.6946
1.01484 -14.1392 -1.43422 202 5.8156 -65.3856
-2.61064 35.3304 -8.8794 -158.775 -42.904 -69.7904
-2.68828 13.0389 2.31584 -170.193 -42.4216 109.777
-2.66098 15.9756 -0.341689 -173.08 -48.9377 -43.078
-2.66989 16.2781 2.01207 -174.223 -56.673 87.8302
1.07773 -15.4655 0.813715 183.215 34.2574 54.7494
-0.0376035 -20.0245 1.24048 66.0138 66.7469 42.4825
-0.174879 -17.5597 -0.300005 50.2443 63.51 -40.4099
-2.40214 15.056 -2.33509 -183.917 -34.4999 -99.0847
0.412638 -17.0208 1.96302 81.2701 62.2012 86.7603
0.57587 -19.7664 0.0613487 96.5621 12.829 -21.8905
-1.50846 19.6248 0.572658 -114.45 -67.6674 2.35289
0.230001 -18.2224 -0.43187 55.8265 61.3089 -65.7127
1.84922 -16.4349 -1.93547 212.791 -60.3224 -88.1543
0.708766 -21.8805 15.5703 98.089 52.634 120.592
-1.1758 17.4058 1.94902 -92.5401 -63.4531 82.5292
-1.05579 15.966 -1.82359 -83.6239 -58.3509 -126.102
-0.702781 18.0503 0.641376 -49.168 -64.274 58.7358
-1.09753 18.4415 1.9454 -89.6328 -62.2001 80.8852
-1.14065 20.2296 0.913848 -95.0459 -75.1961 20.3464
-1.02841 17.2115 3.06875 -83.98 -61.817 145.419
0.789653 -18.2195 -0.274827 92.654 132.804 -51.8936
0.517407 -14.9778 3.24029 64.2007 49.5259 146.926
-0.471061 19.311 -1.73478 -36.9096 -68.6642 -72.4484
1.22459 -19.4387 -0.0408446 128.333 14.5787 -35.1888
1.44001 2.38414 2.89674 141.422 149.346 -4.37737
1.29874 -15.1195 3.94936 126.722 4.98076 -91.9909
-1.26534 18.7298 -0.668703 -133.155 -54.1988 2.10031
0.242909 -0.0959673 0 13.5739 0.343473 0
1.21286 -16.1566 -0.11854 105.839 53.3998 -43.453
0.189024 17.5414 -2.29812 1.75572 -105.726 -58.4654
-1.71424 15.5165 1.22942 -188.082 -36.4557 42.6798
-0.285497 20.6285 -0.231157 -47.6607 -71.443 -44.089
1.13041 -18.4614 1.07239 92.2809 63.9779 41.3002
1.24013 -17.9282 2.16526 97.6381 64.6578 102.865
-1.09997 12.8711 3.31281 -138.506 -34.9846 163.4
0.148306 18.9586 0.311771 -20.9173 -68.1447 -11.2899
1.91595 -16.5443 1.78507 133.303 62.9211 82.9647
0.0549317 17.8779 -0.262866 -56.8871 -57.9015 23.2047
2.23461 -14.7233 -1.92951 159.432 45.4993 -141.262
-0.653507 15.9676 -0.120581 -131.829 -40.8288 -33.6108
2.42709 -13.2186 2.75923 166.693 41.7778 124.129
3.46196 -5.82091 0.615196 255.611 70.5096 -45.7977
3.12229 -4.56016 -0.351109 219.785 -207.86 -18.9917
1.06665 -17.9544 -0.930717 7.38354 64.7557 -15.6221
3.68558 -19.2125 -2.66276 258.64 -95.711 -115.28
0.198745 17.4915 2.31677 -92.8442 -40.1595 100.131
-0.624301 22.4229 -4.43174 -183.159 -191.957 100.508
2.19553 -18.4029 -0.981726 85.8604 69.411 -38.1972
2.45698 -19.1551 1.29299 98.9906 71.4983 89.5849
2.64258 -17.3526 -1.25016 115.242 2.1411 -54.4866
3.95333 -6.32766 2.81825 242.757 26.6428 148.88
0.971513 20.033 -0.591822 -66.6577 -64.6283 -67.1721
3.15855 -15.1807 0.887251 143.362 133.652 63.7763
1.44236 18.0398 2.32852 -28.8757 -63.7086 99.2522
-0.613207 9.27977 -0.749275 -247.575 121.301 -48.7369
1.27947 16.6798 -0.61737 -80.5719 -49.0512 -94.7858
2.71411 -16.7598 -0.0237523 61.8026 66.5235 58.5459
2.47256 -35.8066 -2.16201 34.0646 -30.9137 4.79041
1.12883 2.69086 10.4699 -99.7833 -13.3716 96.6053
2.30415 -18.7505 -1.07801 9.1125 67.9837 -64.0093
2.93055 -17.7551 0.0423198 68.5523 70.5678 65.7992
0.597773 14.48 -2.37298 -170.836 -8.74308 -147.699
2.78932 -17.4267 -2.36382 44.3993 65.7159 -135.603
2.54509 -19.8754 -1.64135 15.3363 72.6436 -95.7171
1.4711 2.14616 0.769584 -91.4655 195.741 -31.9729
2.98723 -20.1403 -0.39599 59.1163 77.9687 49.7038
1.03299 0.674398 -8.96076 -142.391 -25.0594 -99.5891
2.01493 17.6091 1.52853 -48.4654 -55.1305 21.5637
1.47324 17.9664 -0.120602 -103.382 -45.8139 15.3053
0.932904 16.6708 0.873375 -164.967 -22.8772 12.1834
1.81189 20.0129 0.0439208 -81.2673 -59.2323 -69.9031
2.24211 17.3913 0.156768 -56.4672 -55.6187 30.336
2.12504 17.9861 0.221431 -69.6385 -63.3205 35.1695
1.34044 15.5856 0.822819 -148.334 -23.0428 29.4799
3.91255 -15.424 0.348373 105.527 74.9075 34.9376
2.40098 20.8654 1.4828 -56.9241 -66.9238 7.10276
2.52443 18.2004 0.429803 -48.2892 -50.3925 46.1237
3.95456 -18.4368 0.0825299 93.3692 31.3182 18.3575
4.68729 -13.7273 -2.35669 160.049 76.7132 -117.759
1.98407 9.88397 8.83358 -108.834 10.8221 -96.1738
4.68334 -16.0417 0.136633 158.47 66.3458 4.38242
2.53935 12.0469 -4.52161 -57.9989 79.5204 140.274
4.28221 -17.1495 0.668497 86.6881 74.689 -12.4798
2.38521 16.3324 0.854577 -103.488 -35.5146 30.2542
3.6268 -15.8875 -3.10656 3.13977 84.1235 -156.103
2.64838 17.0506 0.428184 -108.64 -55.0091 96.7659
4.74527 -14.5428 -2.35261 74.4198 73.2593 -154.103
3.0898 14.9892 4.42256 -96.0788 -60.0756 53.4844
2.6129 17.0931 -1.5424 -146.717 68.8162 -115.579
3.00577 15.9475 -2.28452 -107.825 81.4329 -95.2616
2.80712 15.4713 -0.961528 -132.444 -49.66 -55.0402
5.68493 -12.9448 -1.11665 143.22 86.8938 -83.103
4.4643 -18.8708 0.673135 17.5203 76.2864 58.113
6.10411 -7.55526 -5.25131 172.018 131.55 -74.8102
3.02049 16.0683 -2.24404 -136.53 -125.886 -158.862
5.53356 -17.2875 -0.00825119 105.961 79.3267 -5.1342
6.22864 -13.1237 0.656379 169.962 93.8059 15.5425
5.70101 -16.5269 -1.68008 117.483 57.6278 -75.9781
5.6858 -15.2839 1.28215 115.547 84.9287 47.6528
5.85289 -12.8686 -5.57896 132.039 21.5735 71.5711
3.85366 19.3838 0.99379 -69.0651 -55.7559 34.5128
3.72516 16.2739 1.70672 -91.0266 -34.7231 94.7658
3.97582 7.70579 7.7604 -72.2107 -147.596 119.333
2.79734 10.3181 3.40146 -190.868 86.3139 162.647
5.30593 -19.6409 -1.115 53.8725 85.3096 -40.8652
3.10222 12.3435 -2.60008 -179.928 40.895 -141.658
4.42561 16.4884 -0.702567 -58.7039 -44.2529 -39.8803
6.23987 -12.8858 0.290854 121.037 60.1472 160.957
3.87408 18.2097 0.439562 -117.543 -37.101 25.9071
6.21919 -34.5568 -9.23455 104.782 91.8585 -50.3076
3.53869 16.1051 -0.445775 -171.566 7.8365 -28.2053
3.74601 17.1686 -1.12414 -156.03 -6.94268 -40.6524
5.90969 0.34898 2.56484 54.3877 186.917 33.1995
6.55513 -11.3934 2.31062 108.66 -85.0135 -58.9298
4.30726 16.6406 0.483271 -117.954 -18.6867 48.7632
5.059 17.1826 -6.19802 -45.1739 -0.194531 -228.745
7.08019 -11.4812 1.85592 149.978 113.338 88.7541
4.19734 13.8751 -1.09984 -138.354 11.0468 -117.543
4.36756 24.6138 -10.3405 -124.002 -83.5992 26.9927
4.1914 30.8553 0.31745 -141.8 -274.543 136.969
6.54616 -13.3349 4.913 87.6979 138.971 45.0346
4.81715 18.7458 2.37486 -85.4742 -41.3617 93.9242
4.21517 14.6435 -0.22867 -153.17 21.5742 -71.2396
6.89987 -13.088 2.41773 106.942 91.3592 111.842
4.55005 9.11424 5.17955 -128.35 156.341 -57.0319
7.24947 -13.3006 -0.24949 132.605 97.1197 -34.3053
6.69938 -14.9469 -0.0116042 76.0959 85.1668 -21.6375
6.39523 -15.8454 2.08427 45.115 77.5129 93.1358
4.95511 16.2247 0.971729 -106.839 -20.3165 50.8768
5.84166 -9.46492 -6.94252 -19.1823 -55.7741 107.862
6.95724 -14.7468 2.27209 90.0961 96.3869 103.161
4.25065 14.6275 -1.25239 -189.481 33.1131 -65.5898
5.58339 18.973 -0.140039 -58.6881 -2.501 83.0031
6.9791 -16.5707 -0.429636 73.1526 303.792 146.366
7.44714 -15.1434 -1.28837 110.521 96.3112 -94.8343
4.89303 9.88786 3.51025 -162.788 84.9714 181.257
5.39934 18.2442 -0.469032 -129.483 -22.1339 -30.0572
8.07518 -16.1956 0.0873549 122.016 110.295 -19.7217
4.93699 16.0964 0.074358 -192.875 38.518 8.97922
7.1284 -13.2479 -1.72729 23.4527 1.4421 146.319
7.64148 -17.8068 -0.361811 73.6302 94.7391 -46.6261
7.1807 -14.8225 -1.33511 24.3069 75.8587 -69.0486
6.02695 15.9393 0.442375 -104.425 -13.6154 -41.6368
6.03654 19.9788 0.944796 -105.686 -92.8016 -18.3672
7.68455 -18.826 0.619561 57.6859 94.3751 6.84217
5.61483 26.191 -3.99599 -148.063 -167.694 116.885
8.49543 -11.0729 -2.49291 133.404 121.684 -115.751
5.98191 20.6286 6.45265 -118.402 -65.9839 -47.5733
6.85085 16.5704 0.954651 -41.2175 -52.1168 86.4003
7.70174 -19.2555 -0.280907 35.7353 89.2836 -48.6449
7.31465 -16.1639 0.551548 -3.63532 70.7097 52.706
6.6616 14.5217 2.18171 -74.3745 -20.3053 107.537
7.5588 9.64451 -10.6369 14.3582 -39.4348 46.8331
6.39172 14.5788 -0.540901 -105.604 104.207 69.1679
6.35913 17.9684 6.20863 -109.332 -24.5361 -88.8937
6.53591 14.2652 -1.69415 -91.8745 -38.9981 -88.7885
5.36993 14.119 -1.66799 -210.72 0.16921 -53.8931
6.08019 17.6133 0.311772 -140.558 -0.229061 -54.8167
8.67039 -14.606 1.23725 111.501 103.225 36.3435
8.57426 -14.8357 -0.968055 99.7667 106.066 -87.4495
8.5542 -15.2901 0.592191 90.36 101.099 -0.990613
8.68715 -16.1059 -1.89316 96.1207 33.4605 -99.155
8.71379 -17.3349 -4.88247 94.261 128.212 18.2273
7.22525 14.8992 -1.91931 -53.6485 -11.0841 -103.774
7.08024 18.5748 0.964794 -80.0682 -41.4677 26.8671
8.38248 -14.6557 -1.78015 49.0434 90.7859 -70.5356
9.10191 -16.0137 -3.3299 111.469 79.9137 -195.933
6.59771 15.5502 -1.01661 -138.533 86.1736 -18.5747
8.37782 -14.046 2.24827 24.5682 80.4126 116.614
9.05282 -16.5965 0.571121 87.4593 103.928 -4.8728
7.54263 15.6128 0.22459 -70.6608 -31.4634 17.615
7.56012 15.9488 2.4542 -71.728 -29.1366 121.233
9.51653 -15.5341 0.605654 120.284 118.962 39.9119
8.41157 -16.6909 -0.427657 4.45619 77.3112 8.23136
9.79536 -14.5651 0.901574 140.561 156.433 53.7707
8.93275 -16.4578 3.18721 43.6146 121.888 -172.435
9.36066 -11.2266 2.02502 81.8498 107.114 131.757
6.85208 14.7706 0.924976 -172.888 41.7431 77.1789
9.37647 -11.9328 -3.58252 63.0472 100.415 -180.766
9.95884 -8.89207 4.00988 119.712 50.4184 -95.7662
7.34534 20.5553 2.53868 -141.677 -120.516 -46.4088
7.51858 17.89 1.12612 -129.626 -10.048 68.5861
9.71961 -15.8283 -0.22414 83.0847 113.504 19.222
9.90117 -9.16551 -1.48164 81.0982 110.497 -150.648
7.9222 14.3306 -1.36695 -117.013 11.3843 -50.9874
9.20637 -14.3469 -1.26739 0.491653 80.039 -41.3643
8.7427 8.8626 4.19051 -56.758 -0.150333 231.394
10.0271 -12.7797 -0.983981 67.5114 106.182 -34.2135
9.51179 -16.1389 -1.24186 10.0671 80.7199 20.9808
8.06321 11.6308 1.27706 -156.056 98.8242 68.2775
9.90601 -11.457 -9.85583 18.5176 58.5305 4.84947
8.45038 7.81376 -2.02038 -130.825 176.262 -116.738
9.04229 14.4979 -0.0138798 -82.1511 -18.2624 26.0094
9.06423 14.6305 1.18661 -83.0011 -14.9001 19.7361
10.4676 -6.14966 3.42716 50.2701 122.06 186.42
8.66768 11.0238 -2.24383 -128.625 59.1355 -128.504
8.80256 15.5428 2.84533 -118.394 6.74632 110.785
8.46488 12.1502 -0.634672 -155.024 108.397 -38.66
8.39565 33.9537 -12.4342 -167.09 -148.795 110.405
10.7965 -14.4431 -1.42195 70.3293 95.0184 -39.5179
11.0241 -11.3487 -0.971506 88.1967 237.738 -35.4804
10.9263 -16.1945 1.27241 76.1815 -3.38221 72.107
9.55924 14.4496 0.304604 -60.9856 -32.9831 -29.997
9.05923 9.78307 -3.34902 -117.933 87.1147 -150.316
8.78596 14.272 -0.853833 -152.546 48.1256 14.2861
11.4544 -9.94959 2.43264 110.803 141.969 59.8792
10.615 -15.5697 -0.253283 26.113 111.701 36.588
9.57 13.837 -2.18009 -81.9706 -10.8861 -76.5769
9.4369 12.1378 -2.61579 -97.1263 8.9158 -167.499
10.6171 -10.814 2.93587 20.014 86.1249 204.059
10.5406 -12.2228 -9.1059 8.44795 39.8459 -56.0864
9.74854 11.6344 -3.73976 -72.6317 -6.09903 -197.857
9.46192 15.997 2.29751 -107.287 -4.21458 78.1396
11.0976 -7.12964 -2.43177 45.3309 118.037 -199.055
9.37394 11.9274 -2.29819 -130.251 72.2982 -131.751
10.2336 10.4003 -3.3939 -51.6656 124.205 33.8814
9.26473 12.4224 -1.4008 -148.604 88.8298 -81.6663
11.9983 -9.31751 -2.13599 109.107 155.406 -80.1905
11.1376 2.01658 2.38369 2.11813 225.791 129.738
10.1769 7.65242 2.99909 -93.6572 141.639 163.375
10.0742 12.9118 1.00329 -107.056 20.2928 45.6752
9.8346 15.5775 1.90065 -140.967 25.2691 88.6174
10.1358 16.3053 -0.508245 -134.134 20.5263 22.9935
11.4325 -17.7513 -0.100354 -7.00547 83.1345 21.6152
12.4437 -10.4438 -1.08252 90.2649 145.132 -18.2709
10.5743 7.20333 -0.394667 -97.8931 223.394 -17.7499
9.97541 13.0642 -1.66316 -159.367 78.8414 -96.5838
11.6523 -11.8445 -0.0098135 6.67724 38.453 84.6653
10.452 8.05767 -1.7352 -116.934 184.311 -99.1884
12.0607 -8.09511 -7.22722 42.6805 0.218877 -28.3617
10.5725 13.5382 -1.31469 -109.686 23.4069 -84.3275
12.6661 -6.19882 1.99863 97.7554 184.959 105.876
11.6254 -11.9048 0.0564795 -6.67916 215.974 -9.25304
12.3856 -10.9698 -0.73929 67.7378 139.419 0.131491
12.2935 -10.0136 -1.73181 55.5528 127.018 -34.5797
10.9241 12.9993 2.50902 -80.7055 -8.23318 152.657
12.135 -11.9432 1.22404 25.0779 103.227 126.857
11.1717 12.7678 1.0304 -71.132 -14.3387 46.7963
10.6493 13.9599 0.219386 -123.503 28.0135 1.11663
12.4223 -9.68637 1.07265 52.1781 127.267 62.2725
10.8769 11.2287 -2.61305 -102.508 44.4462 -159.826
10.6364 10.4126 4.99744 -126.601 87.4955 122.426
11.2606 7.21301 -3.72081 -66.0935 17.1667 -194.077
10.6995 11.1737 0.335821 -127.746 90.1106 61.5821
13.0569 -8.65426 0.535997 101.171 170.856 32.2351
12.4956 -0.453932 0.278068 43.6901 226.113 4.02193
11.0895 11.4741 -0.744781 -121.33 64.4674 -34.6959
11.0624 11.7183 -0.938125 -131.969 93.1269 -33.9731
11.7306 14.2729 -1.26802 -69.8685 -29.0079 27.2837
11.27 12.9496 -1.27261 -116.738 45.4459 -74.9108
11.9424 3.64311 -4.39525 -50.5659 16.8731 -241.123
12.5662 -13.6477 -1.45368 10.2247 90.5862 -121.194
12.4443 -15.1803 1.2494 -3.91431 43.6064 -72.2178
11.294 10.735 -0.431548 -119.25 75.6692 -161.368
12.4118 -11.4909 -1.29134 -13.5068 71.596 -88.4034
11.053 13.6057 0.726636 -152.042 61.0468 36.6903
12.8765 -13.1937 4.15617 28.7065 198.634 150.677
11.2712 15.1713 -1.25638 -135.692 34.0787 -56.4155
11.6591 11.3669 0.315288 -108.011 44.0695 24.7143
12.9487 -4.21299 -2.5863 18.0284 146.7 -140.195
13.7514 -11.8487 -3.49933 90.6896 154.931 -151.345
13.3464 2.22684 -0.985628 48.6888 -25.5039 103.189
13.6818 -14.0837 -0.713722 78.4887 49.7185 15.6733
11.6587 15.1789 0.335626 -124.437 23.4508 32.7341
12.5264 4.98349 0.272904 -40.5975 225.445 26.4843
11.6945 10.6921 -4.92492 -125.691 77.1487 -93.3276
13.5787 -8.6774 1.76249 59.771 148.65 130.027
13.1536 -11.2891 0.416348 11.2943 99.6796 6.64083
13.7779 -13.4959 -0.98896 66.7842 92.902 -9.39754
13.274 -15.7497 1.61076 4.50579 92.1148 -15.9342
12.1348 13.4003 1.07565 -117.577 25.9602 56.0613
12.6767 5.50931 -0.746144 -75.5415 180.9 -26.611
13.5426 -5.599 2.68929 6.42684 114.081 137.686
12.1151 9.32029 -1.35903 -137.86 0.929859 -100.094
12.5823 14.7034 -0.241448 -92.2408 -10.7695 -25.8252
13.0833 -0.537345 3.57311 -45.5771 20.7173 197.02
13.7201 -14.2889 -1.469 14.5009 107.41 -29.6044
12.4759 9.67226 -1.1549 -109.53 92.7958 -48.4765
12.5828 15.3036 -0.855229 -102.479 -1.12798 -33.2768
13.6207 -14.5363 0.400966 -1.94353 88.1866 90.7142
13.0452 3.34392 3.25064 -67.0328 129.856 193.722
13.1053 10.5498 -2.32443 -68.0038 -9.53445 -135.436
13.5613 -3.28106 4.96514 -27.069 230.651 264.262
13.1215 4.17804 0.604409 -71.0904 175.871 45.9761
12.6503 19.2347 2.88118 -123.843 -143.124 -155.408
12.6846 12.0447 -2.71682 -122.802 179.645 -59.9765
14.2899 -13.784 0.392556 36.2874 250.737 -20.2989
14.5057 -9.91881 -1.36826 43.9713 140.552 -41.8712
13.1411 10.2133 -0.146444 -92.7548 35.6493 -16.5186
14.1619 -12.4579 -1.4446 3.35832 99.2457 -98.8266
13.3381 -2.59398 5.17714 -79.2442 -10.1026 -48.0932
14.4173 -9.04669 0.766169 27.3133 130.334 20.1832
14.4607 -12.9364 -0.657423 30.704 122.399 39.8344
13.1729 8.68012 -1.13798 -110.434 119.537 -68.9796
13.2096 10.9254 -1.05217 -107.661 67.6375 -85.1351
13.602 15.7259 0.311289 -73.0093 -43.4099 9.86052
14.2837 -1.26084 -2.41239 -9.90515 130.979 -131.991
13.2167 14.1557 0.205934 -117.277 30.5267 27.6401
13.809 13.2882 -0.932269 -61.0654 -33.6994 -42.79
14.6759 -9.0608 0.0365268 22.9127 133.578 19.9225
14.3275 10.9232 1.00983 -11.9179 99.1767 -63.0933
14.4504 -9.0791 -2.2067 -0.37114 100.88 -43.464
13.4047 9.90831 -0.490232 -113.174 75.16 -10.2287
14.5567 -12.5442 -2.69687 -6.17368 90.3916 -78.0903
13.524 8.43359 0.527339 -110.477 142.638 26.7196
13.874 4.84797 -2.23091 -77.157 120.425 -166.066
13.7788 12.3068 -0.534821 -93.8837 15.4023 -21.8157
14.1447 4.70192 1.03683 -59.6213 201.772 51.4246
14.3509 -9.27205 2.24974 -44.0936 43.9415 112.622
15.134 -7.36888 -0.710457 29.3346 142.8 -85.3191
14.6289 2.68477 7.39715 -23.9517 63.0854 13.9509
13.9592 9.50171 0.107581 -92.8902 46.499 23.3905
14.9746 -5.80064 1.43789 5.13233 126.277 85.4525
14.2421 4.13271 -0.582656 -75.6838 168.524 -19.3382
14.4114 4.06403 6.40941 -61.6989 72.344 -108.93
14.1574 20.5122 -4.45181 -87.7867 156.704 19.824
15.4752 -4.66147 -0.558342 42.7195 184.73 -26.1568
13.9579 8.03898 0.267258 -109.825 111.635 12.1112
14.891 -8.77176 1.06646 -17.1546 86.7639 12.137
14.7271 -4.15418 0.0257558 -33.9187 3.30725 90.6391
14.4228 14.0682 -0.827762 -68.8555 -29.3443 -36.4798
14.0034 8.67935 -1.13321 -111.867 98.8356 -69.0174
15.4629 -0.642673 -4.43464 32.8595 318.438 -305.875
14.0636 8.56444 1.76483 -112.826 90.549 92.8991
15.0232 -8.03192 -3.94066 -21.9151 79.2215 5.92815
14.9563 -10.3941 0.0195996 -28.6943 70.0044 86.5362
14.9106 -0.630388 3.21707 -33.3426 122.789 174.932
14.377 28.7145 -15.293 -91.6537 2.25157 81.2886
14.2894 14.2867 0.00806424 -102.674 15.627 18.8248
14.5474 9.16149 2.56187 -77.9337 17.5456 160.894
15.497 -7.94348 1.03528 11.6343 121.53 78.4323
15.4184 -4.19094 -0.437713 0.372154 139.541 -29.109
15.2114 -1.82336 2.47568 -21.8586 124.98 89.9272
15.7058 -5.42178 -0.0614211 25.8948 158.333 1.79369
14.4478 11.1924 1.8257 -99.9564 43.0946 73.7669
15.4122 -6.44413 1.29817 -6.5697 109.899 77.867
14.7116 6.07604 -1.99563 -77.982 105.453 -105.892
15.1403 -5.61219 2.26282 -36.7735 127.774 61.4755
14.4398 5.61842 1.71804 -106.365 82.2487 77.4108
15.4465 -6.91427 -2.04919 -9.22459 110.025 -129.151
15.3387 2.20903 3.29489 -20.676 -71.8171 48.1302
14.1271 11.8365 0.0275459 -143.024 16.6826 -10.1554
14.7164 7.41854 1.85487 -87.3242 69.4196 100.765
14.8191 5.54011 -1.59456 -80.5659 73.2714 -83.4265
14.6823 14.7463 -0.62094 -95.0244 -7.65918 -39.3545
15.204 1.39412 1.28198 -45.9468 136.415 68.5844
15.9231 -7.61172 -1.40636 23.3106 150.307 -91.9998
15.0642 7.00507 2.89321 -64.8702 -0.0262902 155.903
14.6963 8.7527 0.0119945 -104.931 89.2115 -5.22499
15.738 -3.36379 -1.10711 -2.95571 151.042 -77.3915
15.3895 -12.6927 -2.2757 -45.5295 165.221 94.5433
15.1398 3.00329 -2.73238 -72.1591 102.072 -138.758
15.3484 3.86815 -0.0505286 -55.2638 150.776 11.0254
15.651 -12.8354 0.203384 -32.57 72.9078 2.72701
16.1668 -6.0741 0.837391 16.7517 105.86 5.43861
15.8714 -12.4031 -1.29858 -15.2028 92.6667 -81.1555
15.9885 -3.08208 -3.01717 -4.4923 151.987 -137.419
15.7527 -9.69027 -0.159587 -36.8008 65.4292 13.1736
15.4646 9.06293 0.629447 -67.5834 -10.6624 53.7235
15.7145 -8.69046 -0.571911 -44.8869 49.9663 -57.0974
15.6096 5.4657 1.47135 -61.8852 60.1658 89.6017
16.1562 -3.68392 1.21682 -7.60543 143.917 51.9784
15.1005 12.24 0.108923 -117.389 67.0347 -23.846
15.3408 6.92356 0.0478532 -94.2942 139.427 8.6203
16.1994 -5.69535 -2.45397 -12.7662 110.225 -117.023
16.4525 -6.1317 1.49312 9.86548 149.943 89.0169
15.7346 3.62709 -2.05334 -66.3997 35.746 -160.67
15.7307 3.93162 -0.748167 -68.2313 151.864 -27.4382
15.5097 11.2996 0.491367 -90.3341 12.2955 17.8131
15.0121 6.28676 3.33655 -142.334 -3.81235 63.6709
15.4837 10.3403 -0.22986 -97.6457 43.4442 6.32478
15.5838 11.5311 -0.254854 -89.5876 9.96672 -34.63
16.3695 -2.12663 -2.07282 -13.315 162.089 -79.823
15.8183 -13.841 4.78398 -68.8967 80.6356 70.138
16.2753 -1.92291 -0.898925 -26.7187 125.917 -46.9712
15.4548 -2.02659 3.7088 -114.735 -9.69102 51.5292
16.1605 1.57188 -0.140592 -46.2182 137.715 -14.3654
15.7306 7.47859 0.428356 -89.6228 50.4006 20.8632
16.1481 0.765237 -2.97318 -49.6153 92.7813 -172.671
16.1054 0.145817 1.83168 -55.1682 70.553 99.0985
15.631 8.78678 -1.77309 -103.772 69.0646 -105.302
15.9822 3.72303 -0.814582 -68.9189 139.153 -30.9259
16.3618 -0.598009 1.56353 -32.2755 139.192 82.0838
16.5512 -9.44363 1.7666 -15.3124 94.5215 121.367
16.0542 6.11569 -2.19436 -66.3036 14.039 -141.194
16.0937 -2.70654 -3.22321 -65.0634 96.6395 -107.535
16.903 -7.05323 0.22571 14.5047 145.531 -12.7172
16.0872 3.73541 3.24354 -67.27 65.3235 167.295
16.2715 -2.35443 -1.833 -52.3251 43.7779 -107.8
16.4794 0.682396 1.10384 -36.2955 170.579 72.1587
16.3149 1.21467 0.918035 -55.4268 76.7008 84.085
16.6409 3.40204 -2.87238 -30.4568 90.7271 26.0344
16.1179 2.53835 0.567589 -83.0328 68.737 40.3703
16.7352 -1.50291 -0.136507 -24.4048 165.707 -60.9128
16.2808 10.9093 0.621941 -71.5842 -20.258 4.19426
16.5906 9.25358 -0.274788 -51.8964 -24.3781 -3.97789
16.0601 4.80809 -0.695294 -105.379 192.762 -19.1796
16.9367 -8.30654 1.41294 -19.9366 96.5754 52.6366
16.6079 0.467023 -0.992376 -56.1028 90.3979 -58.8099
16.7998 3.17618 -0.77304 -38.8422 110.02 -44.495
16.6713 -0.393713 2.18002 -57.1133 42.5969 118.45
16.7196 2.90442 1.12902 -57.7438 91.2572 78.1393
16.4524 12.7466 1.22677 -85.3461 119.258 -27.1738
16.8793 -1.38975 0.286002 -44.3785 102.429 10.466
16.4912 6.47623 2.70141 -83.1084 35.0519 -3.27223
16.4337 7.78101 -0.46023 -90.8136 51.943 -28.9199
16.8554 -4.18864 -1.36183 -52.7367 68.2076 -17.5982
16.9673 -0.408137 0.604397 -45.3174 114.66 44.6469
17.1395 -3.11762 0.35635 -28.6298 124.372 58.184
17.1558 -6.13264 0.91326 -33.3654 87.8095 45.6778
17.255 -1.71201 -0.808203 -24.9007 150.896 -41.7173
17.4118 -5.30958 0.239215 -10.2816 131.857 40.5308
17.2032 -4.79008 -0.199787 -33.5105 91.5301 23.3829
16.4703 8.71936 -0.15643 -112.044 95.5477 -12.0172
16.7105 7.08854 0.478465 -90.2784 62.7776 20.8827
17.1672 0.348284 0.592058 -45.0081 158.433 44.0763
16.9636 5.64635 0.242743 -66.296 50.127 12.663
17.2695 -7.74056 1.85936 -40.4216 71.9942 60.7969
16.9715 11.403 0.501479 -73.7429 -18.829 -3.80646
16.948 5.66797 0.699608 -77.1637 50.3623 45.4949
17.5859 -5.97535 -0.616092 -14.3925 131.5 -12.589
17.6187 -7.60998 -1.6294 -13.7509 115.419 -84.9266
17.5007 -3.44401 0.240805 -25.4983 164.022 4.22909
17.0873 6.48594 -0.465368 -70.7227 13.5889 -45.7748
17.3895 0.868485 2.6369 -42.4434 -33.7992 -15.0506
17.6882 -10.3488 0.407483 -14.7115 228.24 14.1366
17.0603 7.31288 -3.31871 -79.9847 37.6202 -29.1614
17.6209 -4.28437 2.2118 -24.7128 64.4848 111.796
17.7764 0.935834 -0.34772 -9.89944 -27.1338 4.09318
17.3797 -3.73257 -0.317625 -50.0668 57.1612 -74.4587
17.0716 10.2738 -2.17613 -81.5191 -0.572052 -100.988
17.1604 8.16813 -0.964 -76.0165 9.57557 -60.4565
17.2559 2.59558 -0.33676 -67.4732 71.1561 -3.16719
17.5479 0.273369 0.478873 -40.3872 176.885 6.71618
17.3313 -5.44644 4.39274 -70.8558 40.1339 112.212
18.1817 -5.87297 0.31314 11.2225 280.297 -6.13507
17.3978 2.49181 1.02748 -67.7057 64.6496 49.4467
17.7649 -5.24402 0.914157 -33.1931 101.106 33.0335
17.5967 -5.84079 3.0791 -50.766 67.0182 61.0001
18.1781 -4.69326 -0.308951 -9.26632 154.046 -46.2772
17.6258 0.230379 1.76742 -65.7466 42.894 -4.27127
17.9349 -0.0443759 -0.458385 -37.4704 67.8441 31.1234
17.7285 -2.83775 1.631 -59.8055 32.9805 85.274
18.0851 -3.76012 -1.31372 -25.7954 116.265 -34.4527
17.9357 -7.5723 1.08919 -44.0143 68.927 72.9026
18.0495 -9.35626 0.418586 -34.146 82.2443 -5.00912
17.5216 8.71582 1.649 -89.7074 25.5544 85.3436
17.9139 -5.0949 -0.536839 -58.5867 36.0476 11.1133
17.9675 -4.05847 -0.925309 -54.0719 57.0236 56.5889
18.3005 -4.3594 2.59453 -22.6694 67.4099 2.7155
18.0426 -9.14689 0.240791 -50.6476 59.0264 6.82089
17.686 6.68948 1.59978 -86.4348 111.479 113.241
17.9039 10.2646 -2.77719 -65.5305 99.9146 -97.6225
17.8329 24.0773 -7.56378 -76.7521 8.48144 -56.7992
17.7903 -7.53878 -3.58617 -82.8653 19.7535 -20.2862
18.2411 -7.56569 -0.221855 -42.0412 76.3949 -0.185687
18.1737 -1.75027 1.83713 -50.8488 96.6523 96.7035
18.3056 -5.22079 1.45198 -40.9225 89.9777 17.0794
17.9528 -5.23085 2.51713 -78.0199 177.786 7.29464
17.879 5.06573 -0.310168 -86.6951 91.4017 -70.0668
18.4662 -7.50171 -3.37825 -30.5095 97.109 14.6721
18.1061 5.03513 0.0940202 -68.4202 0.442053 12.0041
18.1738 0.041358 -0.318894 -61.7481 58.9155 -25.2069
18.0885 4.68903 -1.48592 -70.4091 -28.2924 -52.8154
18.1328 2.3799 2.02449 -67.2336 99.8367 83.0862
18.0035 5.20256 -0.800685 -80.4936 22.4714 -44.3163
18.0334 6.50374 1.5053 -81.3147 77.379 85.0083
18.1728 1.83235 1.12547 -67.7031 24.6927 54.5907
18.3142 -2.25026 -1.4909 -53.7139 70.6673 -89.3283
18.4535 -0.0470726 -1.50076 -44.4791 146.213 -72.0909
18.4647 -9.17322 0.288355 -43.8685 69.9791 22.7133
18.2831 2.42358 -1.48511 -65.9454 57.5438 -66.4899
18.5924 -11.189 0.846882 -40.5824 110.174 25.8578
18.1968 8.09077 0.61721 -87.4203 33.1605 30.9862
18.8382 -5.43391 -0.507409 -33.1955 113.537 -47.4596
18.701 2.39625 -0.935083 -65.0951 54.4047 -35.4129
18.5374 5.88685 1.45297 -83.1753 37.9311 88.1855
18.9076 -3.71433 2.11326 -49.0326 80.1275 56.6968
18.949 2.66321 0.632054 -71.9568 67.7046 26.6534
18.8877 7.90005 -0.395189 -86.1726 8.90698 -24.5446
19.3042 -4.4872 3.24813 -46.5435 59.2026 -37.3727
18.9839 5.73001 -0.819023 -78.8592 23.8002 -38.6455
19.1912 -0.251359 0.68144 -62.8127 60.1241 34.2088
19.5305 6.62308 -4.11756 -37.5881 155.795 -96.5026
19.3683 -4.12194 2.38561 -54.3112 65.4225 70.1933
19.4636 0.760181 0.44351 -63.2413 117.672 20.8598
19.3303 2.98227 0.767419 -76.6799 83.804 60.433
19.4555 13.3883 3.42439 -73.9842 133.412 17.6928
19.5653 -2.49958 0.942756 -68.2992 21.058 65.3951
19.7322 -2.32634 -0.347457 -56.7014 81.4092 -25.8913
19.3328 16.0417 -7.42129 -112.055 -49.4165 32.1705
19.9689 -6.21204 -0.361594 -51.448 74.3494 20.3308
19.8063 2.95677 0.183096 -72.7068 80.759 28.1239
19.7797 2.34505 1.12379 -85.4526 51.9863 75.8188
20.1379 1.40155 1.74853 -69.8455 -0.709674 -34.1876
24.252 -1.79805 7.32064 -78.7732 116.545 -23.3621
25.7198 -10.4265 5.59612 -49.5234 170.539 -77.6264
29.0022 -10.1799 -8.43687 -71.1058 20.9929 49.176
nan nan nan nan nan nan
19.3945 2.1328 -1.61674 -41.0677 37.9477 44.5282
23.2726 13.2362 3.43538 -66.1627 18.4475 -56.9645
