-83678.5 -23234.6 62845.3 -99.9667 -27.7583 75.0786 310
-75254.9 10550.4 87157.4 -89.6974 12.5763 103.876 313
-45809.8 159045 23130.5 -54.9496 190.775 27.7454 399
-40766 -24838.6 54420.5 -48.6476 -29.6436 64.9504 81
-40091.5 -24808.7 26175.8 -47.9607 -29.6813 31.3156 496
-38293.6 14906.8 21538.9 -45.7979 17.8367 25.7707 195
-34643.5 42037.8 32805.1 -41.4429 50.2926 39.247 401
-34464.7 26471.7 -28097.4 -41.3832 31.7822 -33.7374 227
-33002.6 -28276.4 -19769.2 -39.3836 -33.747 -23.5913 491
-31830.1 -10128.5 19740.2 -38.0776 -12.1173 23.6163 175
-28861 -23572.9 -19940.2 -34.5224 -28.203 -23.8534 479
-28839.8 80728.2 -7870.91 -34.6281 96.9293 -9.45092 7
-27536.2 -5957.8 5660.13 -32.8383 -7.1059 6.75139 274
-25175.7 2548.58 -17956.6 -30.1119 3.05112 -21.4795 309
-23862.2 -3475.7 -929.861 -28.5206 -4.16856 -1.1263 391
-23638.3 -22655.2 19889.7 -28.2763 -27.1037 23.7945 78
-23609.3 -2277.43 -7984.21 -28.169 -2.71611 -9.53105 133
-23343.2 18172.5 5044.48 -27.962 21.758 6.04321 110
-16823.7 -14790.7 4196.32 -20.1733 -17.7374 5.03029 101
-15810.7 46202.9 6506.72 -18.8483 55.0762 7.75657 77
-14967.6 -11664.4 1448.61 -18.0564 -14.0743 1.74624 482
-13028 12567.4 -7637.88 -15.6041 15.0487 -9.14953 174
-13017.2 -5180.07 5287.46 -15.519 -6.17731 6.30658 107
-12984.7 -295.46 2328.66 -15.4806 -0.350613 2.77649 412
-12944.8 -2205.96 14275.9 -15.5116 -2.64319 17.1067 397
-12513.4 15043 -679.45 -15.1221 18.1756 -0.82271 191
-11474.5 12314.7 -8566.18 -13.8459 14.8584 -10.3369 410
-11406.4 11281.4 -4203.48 -13.6192 13.4769 -5.02586 138
-11291.6 -1376.55 -2974.47 -13.465 -1.6431 -3.5486 350
-11058 -905.207 8455.63 -13.3376 -1.09126 10.2004 415
-10911.6 15035.1 -3502.32 -13.0687 18.005 -4.19543 351
-10837.4 9990.13 1951.94 -12.9325 11.9175 2.33208 334
-10714.1 -16870.9 -1887.92 -12.9277 -20.3461 -2.27924 424
-10499.5 -16248 -17668.4 -12.7384 -19.7139 -21.4357 215
-10472.4 -6525.3 13777.6 -12.5475 -7.81908 16.5086 419
-10305 4267.6 -3814.57 -12.3023 5.09288 -4.55374 108
-10074.5 -2438.28 3993.91 -12.0918 -2.92868 4.79365 225
-9815.06 27705.1 4320.64 -11.78 33.26 5.19268 376
-9300.34 -27740.5 -2224.28 -11.2199 -33.4678 -2.68498 385
-8266.59 6947.65 -16562.8 -10.0258 8.42625 -20.0869 118
-8209.35 -5695.9 -909.98 -9.78502 -6.7914 -1.0865 312
-8133.67 3127.31 2502.81 -9.75886 3.74448 2.99393 160
-7976.27 15121.5 -37789.2 -9.6775 18.3468 -45.8481 331
-7638.18 13254 23717.6 -9.17153 15.9127 28.4791 284
-7071.97 7602.89 11818.6 -8.48898 9.12526 14.191 94
-6842.44 -4577.42 -6486.18 -8.30448 -5.55683 -7.87344 270
-6827.59 -2430.51 6715.43 -8.23414 -2.93076 8.10098 183
-6772.62 -1047.33 2829.94 -8.10003 -1.25447 3.38523 5
-6756.53 9144.74 -1119.34 -8.06096 10.9177 -1.33362 495
-6657.2 3433.87 3072.22 -7.98274 4.11051 3.68387 382
-6087.63 -6590.21 14533 -7.2785 -7.87968 17.3753 322
-5824.26 -1149.73 1745.58 -6.93887 -1.37989 2.08675 404
-5794.61 3744.2 -2670.98 -6.95013 4.47918 -3.20168 12
-5363.86 6429.88 -1245.02 -6.43051 7.70566 -1.49184 172
-5281.11 364.192 -213.764 -7.53377 0.517699 -0.30534 398
-5239.76 5111.03 4051.24 -6.28783 6.13228 4.86178 150
-4759.92 -2549.78 -2502.31 -5.75902 -3.0839 -3.03041 442
-4734.82 8849.62 1266.57 -5.66881 10.5915 1.51667 62
-4573.24 3583.29 -9990.19 -5.48254 4.29536 -11.976 485
-4534.82 1458.39 2982.61 -5.4679 1.75646 3.59744 304
-4472.44 -2323.39 -11284.1 -5.39381 -2.79889 -13.6091 132
-4464.9 854.566 -1388.52 -5.37795 1.02567 -1.67904 202
-4367.37 3109.32 790.845 -5.2201 3.70987 0.944043 249
-3926.18 -6715.89 -440.862 -4.75166 -8.13301 -0.533668 143
-3902.55 10837.2 10433.2 -4.65653 12.9301 12.4484 33
-3809.29 9915.5 -44653.5 -4.60217 11.9789 -53.947 79
-3780.39 5613.56 6968.93 -4.53102 6.71318 8.34694 258
-3734.14 11609.1 -1826.2 -4.48031 13.9228 -2.19351 473
-3668.28 1965.24 -5336.81 -4.40262 2.35777 -6.40579 140
-3600.24 -77257.9 546.073 -4.38337 -94.0608 0.664752 283
-3537.71 -84.7958 -949.143 -4.24444 -0.105168 -1.13741 159
-3528.66 607.506 -1052.64 -4.33806 0.739502 -1.29379 457
-3340.27 -13636.5 -6830.91 -4.04204 -16.4933 -8.26348 287
-3305.4 -636.679 -7004.39 -3.9332 -0.755357 -8.34845 344
-3253.8 4142.88 617.276 -3.89059 4.95446 0.740835 22
-3112.57 -12775.5 -1123.97 -3.75352 -15.4077 -1.35522 422
-3013.07 854.623 535.107 -3.70875 1.04705 0.662847 347
-2908.63 -6761.7 1224.41 -3.47705 -8.07894 1.46684 147
-2860.33 -500.174 -570.525 -5.23407 -0.926629 -1.04526 218
-2848.62 -593.233 -843.127 -3.40205 -0.713646 -1.00736 469
-2777.01 406.949 996.273 -3.63358 0.531814 1.30723 184
-2718.32 -2690.01 2497.32 -3.24682 -3.21328 2.98595 456
-2688.1 -4015.55 -23102.7 -3.23129 -4.82745 -27.7741 253
-2637.54 503.908 -2058.47 -3.99384 0.762195 -3.11944 302
-2608.92 1596.31 2108.51 -3.09398 1.89097 2.50894 414
-2591.23 -4047.93 -2986.86 -3.07765 -4.82412 -3.5568 357
-2567 10872.5 -3919.2 -3.091 13.0606 -4.70917 47
-2490.12 8998.63 3288.96 -2.98334 10.771 3.9373 299
-2408.68 3693.68 -816.735 -2.87051 4.38889 -0.973508 373
-2376.32 -401.746 1258.31 -2.80993 -0.497482 1.49732 308
-2351.04 6346.97 -889.181 -2.83922 7.6485 -1.06897 201
-2336.99 -3064.05 -1675.97 -2.7677 -3.64426 -1.98991 306
-2317.18 -28.9345 -1063.27 -2.83991 -0.03936 -1.30256 431
-2314.81 2646.02 66.9984 -2.75742 3.14243 0.0787035 289
-2206.77 1066.7 -238.621 -2.59157 1.24737 -0.282593 39
-2198.9 4903.56 6699.23 -2.61661 5.84665 7.9929 53
-2184.98 -15864.4 5570.67 -2.63675 -19.1492 6.72909 40
-2139 -2133.5 -3271.98 -2.53639 -2.54828 -3.89239 125
-2108.79 -530.567 -1819.07 -2.49032 -0.628248 -2.14712 149
-2089.24 -758.451 -239.043 -2.46931 -0.905739 -0.27669 271
-2063.33 -2128.53 -1290.24 -2.44931 -2.54004 -1.53046 198
-2051.22 -3017.61 -1096.79 -2.42268 -3.58583 -1.30259 238
-2012.39 -1292.68 -1404.13 -2.39298 -1.55009 -1.67689 8
-1950.34 4790.96 -325.954 -2.33688 5.73776 -0.394894 247
-1935.68 -5678.06 -35.4764 -2.3467 -6.88034 -0.0413647 443
-1792.2 -702.382 1165.16 -2.10399 -0.837737 1.37979 207
-1774.6 -2878.41 2212.28 -2.12071 -3.42878 2.63598 61
-1771.33 3802.05 -329.052 -4.42727 9.48896 -0.821296 301
-1746.21 14513.5 -9277.84 -2.0839 17.3176 -11.0716 323
-1740.38 -216.686 1168.19 -2.12514 -0.273287 1.42801 88
-1689.7 -12880.8 4701.58 -2.03649 -15.5394 5.67798 305
-1685.52 -5799.59 -3317.57 -2.00136 -6.91131 -3.95743 268
-1655.42 -101.005 -1404 -1.92858 -0.107102 -1.63216 158
-1644.72 602.974 -1474.94 -2.00861 0.733233 -1.79897 269
-1421.85 -244.32 -2305.87 -1.65572 -0.280901 -2.73373 413
-1403.84 1577.14 -91.1998 -1.75311 1.96185 -0.112889 64
-1339.52 -1327.6 -1241.12 -1.5646 -1.55965 -1.45057 236
-1274.54 -894.865 -17.3047 -1.51046 -1.07504 -0.0188268 187
-1261.3 -2784.53 -3482.43 -1.49886 -3.31316 -4.14557 24
-1166.35 2287.62 352.181 -1.43385 2.75786 0.427568 460
-1127.25 -15770.4 -4464.62 -1.35903 -19.0481 -5.396 426
-1119.69 29765.8 -1361.25 -1.34011 35.5261 -1.6236 471
-1112.59 -2717.5 239.432 -1.33165 -3.26745 0.290488 137
-1063.07 1101.18 -1076.18 -1.25387 1.284 -1.24854 470
-992.58 2594.74 -357.681 -1.51308 3.94069 -0.543569 84
-992.592 -2978 647.854 -1.47843 -4.44758 0.968003 345
-992.589 -2605.59 -475.624 -1.30924 -3.44172 -0.625297 488
-992.587 -2005.92 -753.778 -1.36334 -2.74808 -1.03548 371
-992.578 -995.351 -701.246 -1.31573 -1.3292 -0.93033 338
-974.816 -124.163 -27.7747 -1.01181 -0.134512 -0.0402414 447
-951.892 883.792 -310.945 -1.14667 1.02768 -0.384586 455
-938.156 -320.058 -151.465 -1.0037 -0.355351 -0.157515 262
-883.543 -2699.15 -653.922 -1.03352 -3.18981 -0.771894 500
-806.157 -37.6901 -2076.54 -0.949168 -0.0513438 -2.44387 444
-768.878 1718.55 548.941 -0.986112 2.18848 0.699027 136
-764.771 -1309.11 780.426 -0.864832 -1.50905 0.903771 49
-677.563 3090.77 2773.97 -0.823944 3.67573 3.3057 272
-647.964 -993.279 -146.167 -0.718507 -1.08592 -0.179651 216
-641.473 234.441 1539.26 -0.742347 0.248454 1.77171 185
-633.96 -1316.73 -1027.9 -0.720828 -1.52818 -1.18136 498
-619.663 -832.471 -238.603 -0.64295 -0.9059 -0.240794 196
-589.793 -173.084 358.348 -0.518305 -0.216124 0.320193 296
-575.629 1660.58 549.451 -0.75923 2.16632 0.712737 449
-548.448 -838.675 -116.106 -0.585777 -0.90574 -0.124215 169
-474.581 459.546 -262.936 -0.487447 0.436297 -0.2524 295
-456.774 -347.067 622.103 -0.481855 -0.299191 0.622766 109
-433.173 308.459 -86.3894 -0.334159 0.148723 -0.059313 162
-431.342 -1101.41 -705.62 -0.47935 -1.23234 -0.792657 71
-406.239 -18.5023 3317.87 -0.482482 -0.0297349 3.95343 294
-399.476 -2018.49 24.1733 -0.469793 -2.42138 0.0299248 407
-380.473 908.535 -467.623 -0.728024 1.69639 -0.878076 230
-379.966 2733.2 1082.81 -0.469522 3.3368 1.32307 52
-373.511 -1814.03 170.914 -0.523977 -2.55394 0.243024 394
-371.967 -557.975 698.118 -0.400137 -0.574674 0.71614 86
-367.707 -1173.77 205.218 -0.637783 -2.12702 0.36967 327
-365.604 -971.833 -150.153 -0.37624 -1.03112 -0.167542 69
-353.57 4745.72 -2351.23 -0.428931 5.70772 -2.82917 74
-336.28 -1085.63 -688.66 -0.367984 -1.20863 -0.768153 11
-279.64 -144.176 -77.8095 0.0951588 -0.0420265 -0.0414008 365
-278.289 1089.09 1017.85 -0.323253 1.23701 1.1787 476
-256.688 -509.846 -456.591 -0.20475 -0.467289 -0.417193 106
-253.275 -2468.3 1762.48 -0.307849 -3.01879 2.15608 229
-241.832 -7559.62 2643.59 -0.294693 -9.24004 3.23035 273
-217.752 -815.934 625.536 -0.220458 -0.880864 0.662301 92
-212.797 20074.7 1627.29 -0.253878 24.0792 1.9512 13
-211.533 1667.96 -1444.8 -0.229092 1.95261 -1.68862 405
-200.644 -432.021 305.308 -0.151346 -0.311563 0.196497 135
-158.833 -332.809 601.696 -0.31953 -0.609968 1.14175 346
-157.369 659.085 -70.863 -0.601863 2.49833 -0.248968 343
-134.81 465.028 -967.801 -0.122309 0.474587 -1.05031 342
-76.2717 206.671 -44.8586 -0.0815202 -0.349943 0.0694358 487
-52.8138 -455.565 73.9135 0.0836592 -0.252743 0.0523069 105
-37.5329 87.2601 40.5449 -0.247548 -0.203771 0.379183 257
-34.8872 -5813.32 846.031 -0.0413781 -7.03423 1.02753 463
-26.5845 -61.4141 21.4329 -0.512555 -1.4942 0.279772 165
-24.9114 -0.560193 -8.59093 -0.236861 -1.34431 -0.724787 42
-18.5338 -1.62302 1.32157 0.114449 -2.13915 0.0608227 244
-15.8819 -6.44699 0.716237 0.811483 -2.06764 -0.12917 252
-14.6868 3.06237 1.42729 -0.771974 -2.43459 0.00157887 275
-14.3932 -8.40423 6.04538 1.05475 -1.83756 -0.44053 452
-14.173 -2.56131 1.26451 0.245621 -2.39909 -0.127658 400
-13.9678 4.54725 0.80279 -0.927997 -2.26452 -0.0856563 55
-13.5312 -4.21022 0.106364 1.07775 -2.22855 -0.0302361 441
-13.4914 3.13999 1.50547 -0.620554 -2.33842 0.0456509 90
-12.7373 12.5406 0.542919 -1.50125 -1.42198 0.399932 30
-12.3962 23.0795 -6.21459 -1.46551 -0.642146 -0.169724 180
-11.3968 -9.03805 1.36533 1.26096 -1.62329 -0.00400736 233
-11.2084 -9.40137 -0.401359 1.09555 -2.30566 0.0673563 358
-10.9596 -9.99791 0.358452 1.20904 -2.23271 0.0918135 362
-10.6123 -3.18556 0.219974 0.51754 -2.8354 -0.15553 179
-10.4993 -4.9442 3.34262 0.28099 -2.65571 -0.219799 267
-10.4312 -11.1082 1.24249 1.21628 -1.93643 0.0709741 166
-10.292 2.28464 -0.120898 -0.684895 -2.74468 -0.202014 354
-10.1844 -57.3182 -19.5068 0.673301 -0.518567 -0.180934 256
-9.55219 -9.98469 0.421608 1.24792 -1.64136 0.00757439 450
-9.54301 2.66147 0.550699 -1.02891 -2.8168 0.0691059 462
-9.54516 16.4189 6.94446 -1.87043 -0.763422 0.339658 446
-9.46348 -3.36872 0.658733 0.732724 -2.78322 0.0136541 18
-9.35824 -2.23733 0.442806 0.45182 -3.0448 -0.142236 15
-9.31089 -4.47468 1.18471 0.843738 -2.88718 -0.127973 82
-9.24936 -5.553 0.841367 0.984612 -2.62572 -0.231752 210
-8.8801 -1.34173 0.716568 0.103332 -3.17432 0.20961 430
-8.68427 8.28502 1.94815 -2.42657 -1.64294 0.209143 339
-8.24746 3.69704 1.01253 -1.3728 -2.84524 0.584471 408
-8.12073 -8.70606 2.68157 1.65322 -2.15235 0.321992 182
-8.07546 -0.350707 0.61183 -0.0251066 -3.2884 0.0354517 428
-7.62132 -15.9857 0.280354 2.00953 -0.79139 0.00378968 264
-7.56853 -13.0593 -0.115118 1.85484 -1.85336 -0.160865 65
-7.45375 5.66861 -0.149575 -1.99409 -2.33881 0.0123215 6
-7.31247 -44.3518 -1.30801 0.664837 0.562231 0.247003 200
-6.96698 -10.0318 1.54104 1.78698 -1.80194 -0.146324 494
-6.53256 8.64867 -0.299144 -2.43859 -1.45197 -0.178581 490
-6.21594 11.5381 0.30586 -2.35726 -0.995953 -0.175418 45
-6.00521 2.28729 0.871166 -1.40977 -3.64444 -0.0732132 480
-5.73049 -15.5679 -3.18001 2.0119 -0.755747 -0.259173 337
-5.76565 6.5543 0.150462 -2.31228 -2.27133 0.0816183 330
-5.66599 9.18583 0.858402 -2.35873 -1.69519 -0.0282017 2
-5.25021 -9.32295 0.595618 2.22159 -1.65121 -0.17649 95
-4.58518 6.7004 -0.452864 -2.7705 -2.00596 -0.112334 276
-4.229 -7.46878 4.30526 1.83011 -2.5559 -1.11811 466
-3.83395 -16.1823 0.592805 1.8422 -0.89192 -0.236534 242
-3.6553 7.63832 0.195006 -2.95282 -1.5628 -0.0563756 122
-3.30891 -18.3877 -19.2853 1.18102 -0.702177 -0.0509987 113
-2.87115 9.91021 0.828192 -2.71235 -1.30789 -0.196102 261
-2.61274 -11.0021 -0.138195 2.44179 -0.795544 -0.191945 112
-2.572 -7.01921 0.723828 2.67427 -1.32876 0.0954802 35
-2.35641 -7.92358 1.10238 3.06823 -0.766657 1.77332 433
-2.09964 10.1537 0.2112 -2.82892 -0.899474 0.328592 93
-2.02156 11.4699 -0.224661 -2.74589 -1.03457 0.366511 142
-1.28248 -21.4951 -4.97684 1.76766 -0.660032 -0.227248 139
-0.962782 21293.3 379.344 -0.00299636 25.4918 0.451964 50
-0.890302 12.5138 -0.556593 -2.93506 -1.1945 -0.15139 336
0.136001 12.2193 -0.0936993 -2.65494 -0.247323 0.213536 168
0.32578 21.0436 15.0932 -0.982737 -1.17666 1.23096 388
0.415448 -24.01 -1.57258 1.38887 -0.546891 0.288818 364
0.536391 -10.3631 0.297312 2.51966 -0.154888 -0.0860007 134
1.18008 12.3351 1.65832 -2.88819 -1.16095 -0.052835 372
1.39154 10.3025 -0.617996 -2.81852 0.302958 0.235419 102
1.83749 -14.7699 0.0106109 2.14049 -0.00321066 0.0033517 417
1.83419 8.47061 0.861816 -3.29331 0.320455 0.354562 32
2.12485 -13.6793 0.767401 2.16279 0.428384 -0.163078 251
2.21203 9.34484 0.467066 -3.0204 0.411283 0.506983 212
2.33838 4.02172 0.672676 -4.40036 0.953614 -0.344581 161
2.55425 4.90441 -0.136063 -3.69181 0.852913 0.418007 20
2.72453 5.76059 0.327038 -3.72748 1.55205 -0.0973014 369
2.99514 11.3986 -0.0540438 -2.81518 0.378405 0.205495 260
3.49136 -8.80582 0.763176 2.4745 0.973275 -0.017187 411
3.49985 9.02939 0.303675 -3.02217 0.914304 0.235466 220
3.61747 6.19356 -0.088444 -3.3805 1.46934 -0.131062 151
3.93738 -15.6444 1.57936 2.17201 0.627599 -0.010138 307
4.0355 -1.70464 0.170377 0.858091 4.66692 0.399226 1
4.20492 -15.2728 -2.00326 1.91434 0.394491 -0.0860591 458
4.62514 -14.158 -1.14972 2.08037 0.592415 -0.0621851 464
4.91006 -20.5474 -2.82755 1.76072 0.677171 0.0237396 277
5.0522 -8.5932 -0.246823 2.26317 1.44991 -0.00775908 318
5.14532 106.701 -107.203 -0.26972 -0.387926 0.440098 38
5.57046 8.50779 -0.326415 -2.74122 1.02865 0.131796 176
5.68966 -2.48536 -0.0596401 0.955731 3.44052 -0.180828 465
5.70126 23.5549 12.0677 -1.53317 0.0799608 -0.445063 499
6.1148 -11.6915 -3.07741 1.53035 1.84676 0.000366156 409
6.19882 13.2699 0.936456 -2.31194 0.675004 0.161425 164
6.89648 0.677151 -0.0659947 -0.357498 3.2726 0.0273812 380
7.27314 -14.438 -0.0901998 1.75358 0.685986 -0.200663 325
7.33599 -5.77177 0.460621 2.07288 2.14252 -0.45729 440
7.98002 -21.9108 2.69228 1.51178 0.563179 0.117417 21
7.97574 6.53842 -1.63978 -1.94399 1.85421 -0.0138656 89
8.33366 -12.9729 -2.01834 1.49219 1.31708 -0.0991258 418
8.50527 2.62033 -0.723482 -1.12863 2.61203 0.158842 48
8.49455 8.15519 -0.584015 -2.25659 1.52438 -0.0131712 241
8.61677 9.74472 -0.207076 -2.1162 1.35395 0.239177 119
8.94338 -2.0594 -0.612603 0.519227 2.80904 0.00350276 217
9.27677 -10.9558 -0.69523 1.63842 1.66804 0.180502 489
9.44432 11.5564 -1.0177 -2.00899 1.35417 0.226845 41
9.60975 12.1874 -2.40159 -1.97658 1.23362 -0.0523893 367
9.6572 2.05633 -1.58769 -0.714056 2.53324 0.20908 352
9.70015 -15.0344 -0.0476665 1.66313 0.82753 -0.109123 189
9.80446 3.45066 -0.640218 -0.638244 2.59135 1.37084 396
10.1425 1.87189 -1.48893 -0.514785 2.56151 0.16898 235
11.0787 -14.4691 -5.74766 1.78875 -1.06418 0.266361 9
11.1606 3.97821 -1.51122 -1.20623 2.10033 0.387284 99
11.7062 -6.13847 -1.88655 0.53613 2.14314 0.381887 425
11.7485 6.23122 9.29714 0.0811634 1.18002 -0.819922 439
11.7645 31.2327 2.8697 -0.865758 0.420326 -0.404562 83
11.8396 -3.00892 -1.13864 0.304898 2.47183 0.0470376 246
11.9805 -28.5874 0.366878 1.4809 0.270743 -0.16254 360
12.3921 -40.2965 17.4476 0.998554 0.242981 0.12063 17
12.3991 3.64842 0.498037 -0.944529 2.02818 0.13138 170
12.5203 5.54962 -0.362558 -1.227 1.96552 0.227404 104
12.7506 -18.9193 -1.67626 1.79328 0.435085 0.0118168 14
12.9315 22.7143 -2.35087 -1.53914 0.310359 -0.356153 130
13.49 -2.23103 -0.756713 0.281128 1.92956 0.0386096 57
13.4919 5.56497 -0.080108 -1.15094 1.83974 0.122711 178
14.0109 -2.04006 -4.2445 0.432981 1.66349 0.129614 29
14.1809 17.3107 0.989494 -1.32562 1.19872 -0.047413 445
14.2587 2.01237 -2.96376 -0.313647 2.21843 -0.00031625 282
14.366 8.03643 14.8607 -1.01468 0.0583875 1.58078 243
15.2781 3.12598 -0.582685 -0.501493 2.15141 0.104781 474
15.978 -6.01763 -2.75058 0.767237 1.85863 -0.181592 26
16.406 -7.76379 -3.11707 0.780786 1.83794 0.0881544 51
16.4274 -3.06338 -2.17169 0.15371 2.04468 0.184009 232
16.6846 -5.7326 -1.41658 0.216364 2.05513 0.122039 100
18.8612 681.481 -294.71 0.0231768 0.654836 -0.239992 128
20.8378 -12.7577 14.6189 1.92524 0.168986 0.205203 451
22.0871 -29.1445 -6.62899 0.185611 1.41741 0.133815 19
24.4111 14.0028 -8.86455 -0.323514 1.39207 -0.875365 335
24.4205 -11.4968 -4.99785 0.342642 1.27897 0.262961 208
25.8162 -46.2645 -74.9831 0.344378 0.286835 0.426923 326
25.9093 -0.379507 -2.25973 -0.351856 1.49493 0.067227 359
35.3427 -177.971 -41.6296 0.101118 -0.105375 -0.115393 37
52.4837 126.796 81.1475 -0.265811 0.123172 0.0137535 111
60.751 -2.66097 -0.836875 0.177873 0.597683 -0.16313 214
62.3197 235.468 289.153 0.0152809 0.00185161 0.0592396 435
76.4325 -682.935 -221.282 0.143376 -0.620348 -0.208283 429
91.4577 -1550.03 -852.642 0.109918 -1.88705 -1.04618 432
95.6881 17.238 96.6145 -0.185381 0.319854 -0.212653 329
107.207 1286.89 3108.92 0.125201 1.52354 3.69681 163
117.387 180.335 -294.732 0.0325666 0.0251814 0.00122787 392
122.552 -300.002 128.985 0.14228 0.0378803 0.00311172 298
123.909 548.158 -60.2952 0.0888369 0.399926 -0.0206833 120
128.996 -115.12 -17.3302 0.31517 -0.232265 0.0606571 292
131.606 -29.5867 -96.0614 0.227687 0.20629 -0.150731 434
141.012 1051.43 -204.844 0.130284 1.14064 -0.219137 363
150.705 -2558.96 261.185 0.193121 -3.01133 0.311773 203
150.974 -378.116 13.845 0.778148 -1.72694 0.0570775 355
167.769 -177.763 36.2213 -0.0314568 0.297932 -0.0403722 374
173.523 150.061 -70.364 -0.0282365 0.0511735 -0.0487489 16
196.055 -1814.31 338.711 0.23579 -2.11313 0.384808 206
256 -261.207 -447.185 0.196516 -0.172093 -0.324341 423
260.609 216.782 473.182 0.129065 0.197608 0.380735 324
261.382 11031.7 2817.64 0.317094 13.3245 3.40299 421
266.09 -4746.83 5193.08 0.324418 -5.81665 6.36181 328
274.184 728.239 -195.674 0.220818 0.711805 -0.212077 237
287.948 -8949.22 -208.027 0.353931 -10.7793 -0.251784 361
363.401 -1006.69 1103.09 0.41801 -1.14912 1.26603 468
410.701 221.455 -0.919834 0.527079 0.359283 0.00325953 454
437.944 -3224.16 -2593.34 0.535693 -3.86957 -3.09099 348
439.91 1016.56 -782.872 0.47827 1.14722 -0.875687 152
466.6 8054.04 337.42 0.554158 9.6086 0.40039 103
507.552 -843.323 174.515 0.916506 -1.49474 0.315092 85
613.507 -3077.24 -278.806 0.732943 -3.6443 -0.327822 25
646.547 -896.201 -2271.53 0.767631 -1.07071 -2.67695 353
755.345 4888.41 -204.848 0.899385 5.81729 -0.247039 146
798.29 2426.4 1537.37 0.943885 2.86126 1.81923 281
835.596 4803.39 -82.6619 0.990909 5.74918 -0.0984492 186
892.312 2333.81 834.721 1.26331 3.31553 1.18671 153
894.395 8395.31 -9960.32 1.07484 10.0657 -11.9488 223
896.066 1798.59 -338.166 1.04006 2.09979 -0.396802 250
897.303 -3056.21 -1971.77 1.0829 -3.66694 -2.36466 199
924.415 -1603.4 95.0252 1.08161 -1.84876 0.109397 129
928.783 14472.8 5269.85 1.11499 17.3563 6.3222 285
943.61 11733.5 354.998 1.13942 14.04 0.423913 36
985.557 -733.722 662.302 1.26027 -0.918704 0.842878 56
992.801 1901.37 -2265.37 1.18802 2.25535 -2.67118 286
1031.3 -559.895 2549.76 1.23088 -0.661524 3.0189 390
1068.18 -15173.2 1375.02 1.28614 -18.2975 1.65688 263
1082.44 -427.35 963.141 1.23912 -0.489888 1.0868 193
1108.92 934.955 56.5174 1.24641 1.06327 0.0628757 265
1135.07 -4224.34 -799.679 1.36275 -5.06844 -0.963037 192
1147.58 -14082.1 4737.35 1.38271 -16.9792 5.71378 59
1170.77 -28.8298 60.4553 1.31548 0.00038956 0.0732901 356
1196.28 -1930.54 -891.617 1.41732 -2.26078 -1.0579 254
1231.42 2046.79 -1564.33 1.46067 2.4713 -1.87847 319
1292.5 179.612 -266.758 1.542 0.226539 -0.319268 341
1305.68 700.305 136.255 1.49015 0.815725 0.139049 116
1326.29 -2196.22 -290.996 1.5635 -2.58673 -0.344746 145
1422.52 1611.27 362.828 1.69649 1.93843 0.434854 333
1445.98 3634.94 2038.85 1.72153 4.31988 2.42623 478
1515.54 -8571.8 13562.6 1.84094 -10.4132 16.4754 46
1536.89 -4264.07 -541.183 1.88063 -5.19601 -0.658471 156
1557.66 2691.45 -879.35 1.8899 3.26682 -1.06991 23
1645.21 -1281.18 -347.39 2.13216 -1.65011 -0.44786 131
1649.86 -6782.34 99.3145 2.18272 -8.97474 0.129923 375
1681.17 -280.735 -293.312 4.00659 -0.663997 -0.696799 221
1681.19 -1450.2 -238.937 4.11511 -3.52855 -0.58152 87
1681.15 -309.982 -388.447 3.31564 -0.60236 -0.756892 386
1695.2 -1250.96 -333.554 2.0114 -1.47774 -0.39954 492
1744.25 -4878.27 -631.327 2.07987 -5.81935 -0.755564 34
1837.76 2703.2 1052.75 2.18394 3.21358 1.25906 459
1853.97 -9384.17 -7637.08 2.21556 -11.2229 -9.14506 366
1996.72 -7839.24 -410.178 2.40539 -9.46675 -0.487933 96
2004.69 9599.25 2010.46 2.39861 11.4931 2.40236 219
2041.58 -2826.41 -1892.41 2.43483 -3.36506 -2.25389 280
2147.17 4140.1 657.494 2.56227 4.94765 0.785522 266
2194.43 -5614.37 2347.5 2.61934 -6.70034 2.80854 332
2199.62 1706.9 274.013 2.59804 2.02405 0.322356 205
2208.26 -985.95 1184.39 2.63587 -1.16617 1.41712 188
2218.22 -4971.71 1375.12 2.68635 -6.01358 1.66711 340
2244.77 9839.72 3412.54 2.6882 11.7885 4.08976 320
2256.74 3835.11 232.822 2.69322 4.57922 0.279094 240
2288.58 -2145.13 -23047.6 2.74639 -2.57606 -27.6571 121
2291.75 -14485.2 -4075.8 2.74069 -17.3379 -4.87824 127
2319.18 -447.433 2134.66 2.74128 -0.534841 2.53756 278
2326.11 10970.3 -667.046 2.77418 13.0828 -0.795568 453
2357.15 1399.69 -1287.25 2.79042 1.67356 -1.5292 389
2381.02 20155 -13988.1 2.84042 24.0474 -16.6922 493
2426.31 -2033.35 1292.3 2.88877 -2.40767 1.53458 204
2438.04 1595.48 -225.149 2.88354 1.8944 -0.26852 472
2463.88 -2044.66 -449.674 2.92136 -2.4181 -0.531915 3
2476.87 -116.363 206.347 2.91773 -0.123771 0.246509 91
2613.19 9777.26 -1248.21 3.10651 11.6482 -1.49574 211
2618.72 -4010.68 -410.255 3.12604 -4.77977 -0.491931 427
2675.27 505.296 730.67 3.16498 0.608488 0.868606 231
2698.96 3223.47 -3974.9 3.2351 3.84994 -4.76518 381
2745.57 -2041.86 -247.738 3.26263 -2.41602 -0.290583 370
2762.78 -4010.33 7850.81 3.30641 -4.79807 9.38419 484
2790.37 2360.37 3823.87 3.33382 2.82023 4.55735 393
2815.07 486.329 755.91 3.26143 0.520611 0.836165 239
2815.19 485.725 755.291 3.35309 0.545295 0.82982 60
2815.7 486.037 754.809 3.39846 0.612377 0.921397 483
2816.13 487.711 756.359 3.30157 0.647243 0.965008 316
2929.41 -10426.5 1568.37 3.50235 -12.4669 1.87724 420
2970.79 4435.21 -2216.66 3.54843 5.3046 -2.65021 70
2981.85 -2924.53 -8861.85 3.56509 -3.49136 -10.596 438
2993.25 -4835.22 1877.56 3.56955 -5.75643 2.23503 395
3010.14 -2272.88 -1504.31 3.58524 -2.69745 -1.80327 154
3019.72 -3634.42 -521.918 3.60298 -4.32974 -0.622771 66
3049.38 6843.83 2239.1 3.6533 8.17742 2.67737 349
3123.12 -84.6108 1945.16 3.74641 -0.0908223 2.33228 114
3160.78 -4748.67 4921.69 3.77156 -5.65832 5.86649 317
3195.13 929.838 1375.37 3.83339 1.13048 1.65546 436
3204.87 -2355.13 -2423.95 3.86073 -2.83141 -2.91757 213
3245.47 -5042.66 1169.74 3.87676 -6.01602 1.4001 115
3246.16 -14771 -5045.71 3.92646 -17.8562 -6.10157 300
3256.42 12432.9 -635.76 3.89704 14.8975 -0.759588 384
3298.55 -2624.7 262.859 3.93259 -3.11897 0.317206 293
3346.78 4445.95 441.471 4.00345 5.31759 0.529005 44
3411.03 393.948 431.214 4.09453 0.496487 0.514536 157
3433.52 -2930.41 -2534.21 4.10347 -3.49729 -3.02719 167
3448.74 3211.61 4102.51 4.13581 3.84859 4.92 377
3577.05 2096.62 -2765.94 4.4464 2.60806 -3.44117 209
3580.06 2675.21 -515.141 4.25616 3.17169 -0.611295 155
3582.33 1197.01 11656.5 4.34433 1.45558 14.1349 378
3654.86 2780.3 -9678.8 4.38254 3.33312 -11.6018 68
3790.83 3886.32 -1116.07 4.98534 5.13065 -1.47388 461
3794 -6805.35 -2308.63 4.57367 -8.19561 -2.7811 63
3878.29 4884.04 3160.23 4.6261 5.84305 3.77807 403
3994.37 6850.93 -8409.46 4.75999 8.15802 -10.023 288
4379.06 2830.41 5883.98 5.22368 3.38097 7.03277 73
4431.37 -11298.7 1723.89 5.30053 -13.5098 2.06321 177
4463.76 -8278.76 -2779.05 5.37866 -9.96631 -3.34652 481
4838.7 -22908.8 1160.16 5.78844 -27.4026 1.38802 126
4863.27 -4076.78 -1781.19 5.8605 -4.90827 -2.14603 43
4907.52 -7610.21 -1494.68 5.86829 -9.09174 -1.78614 80
4958.71 -7697.75 -2154.91 5.93068 -9.19827 -2.57662 406
4980.53 110.713 5750.42 6.00288 0.142121 6.93145 141
5037.19 -8777.83 -1563.42 6.02385 -10.4908 -1.86751 173
5073.16 -1787.64 2548.04 6.06592 -2.13753 3.05859 497
5375.74 78435.9 20558.4 6.44585 94.0916 24.6634 291
5457.18 -1736.71 -3419.15 6.52957 -2.07764 -4.09547 27
5506.12 -13405.2 2015.84 10.0163 -24.3847 3.66695 181
5621.3 5672.72 8308.98 6.69915 6.7487 9.9025 234
5808.37 -6062.86 -3203.07 7.00493 -7.30716 -3.86473 279
5852.18 -2135.45 -3879.22 7.00643 -2.55598 -4.64566 416
5895.41 15217.3 3414.14 7.0761 18.2676 4.10125 303
5899.64 -2523.14 -1331.81 7.0615 -3.02081 -1.59721 402
5936.68 -10835.1 2533.95 7.16125 -13.062 3.05621 475
6628.42 6980.43 9433.25 7.8925 8.31617 11.2407 311
6661.43 311.323 -377.297 7.97535 0.382476 -0.451767 245
6833.09 -6589.74 -4854.67 8.29484 -7.98867 -5.88904 72
6985.37 2474.66 6001.83 8.31581 2.93893 7.14397 486
6990.08 -428.94 -2908.83 8.37185 -0.507863 -3.48249 290
7098.15 505.466 21.8576 8.88553 0.627181 0.0291331 379
7352.05 5879.75 5965.6 9.15091 7.31981 7.42861 224
7624.45 6648.24 4956.48 9.08151 7.919 5.89828 467
7840.25 3776.5 5516.62 9.50506 4.58413 6.68751 448
7875.73 7553.87 -2164.92 9.41552 9.03203 -2.5961 75
7878.27 1884.15 8991.59 9.4537 2.2596 10.7963 248
7971.89 -3032.92 -2915.37 9.55219 -3.63616 -3.49051 437
8679.39 -2757.09 62416.6 10.3462 -3.28685 74.4014 321
10799.2 -3003.74 7837.91 12.9365 -3.59727 9.3885 117
11062.6 2454.98 6718.14 13.2281 2.92661 8.04066 4
12000.1 3839.31 5460.21 14.3539 4.59096 6.52879 171
12476.8 5912.21 4947.93 14.9262 7.08273 5.91372 222
13495.4 -7748.14 -696.616 16.3805 -9.40585 -0.844335 148
13641.5 13362.9 -11417 16.3784 16.0403 -13.7073 54
13896 4748.29 -28520.2 16.6071 5.67461 -34.0847 477
14840.2 -10834.6 138501 17.935 -13.0944 167.383 368
14877.3 9903.1 1150.25 17.8636 11.8929 1.37929 97
15403.4 3026.06 16921.8 18.4392 3.63412 20.2549 144
15420.9 -427.004 -20348.6 18.4277 -0.510609 -24.3175 259
16404.4 -3300.37 4248.24 19.8882 -3.99848 5.14918 10
17321.5 -28761.9 19993.6 20.7374 -34.4376 23.9351 67
17792.9 17676.9 -34524.9 21.369 21.2306 -41.465 190
18182.8 5645.51 13961.7 21.8076 6.76304 16.7466 31
18692.2 -9685.59 36611.3 22.3323 -11.5695 43.7244 123
21108 -16486 -3011.12 25.2477 -19.7201 -3.6022 228
21555.9 9452.75 -119694 25.7728 11.3019 -143.109 255
21873.8 -12995.8 -60764 26.1547 -15.5398 -72.6568 124
22167.9 -16362.6 17636.3 26.5079 -19.5637 21.078 58
25298.7 8783.27 11591.3 31.1444 10.8135 14.2698 194
26516.8 13583.7 -27352.6 31.8448 16.3136 -32.8486 28
26927.4 39776.6 -20141.9 32.3313 47.7577 -24.1855 387
29811.6 19357.6 56346.4 35.787 23.2433 67.6553 315
29845.2 74415.1 16182.8 36.019 89.8074 19.5303 314
31026.3 23981.8 -23429.9 37.2145 28.7593 -28.1056 226
43561.2 -3764.34 -12474.2 52.2533 -4.51599 -14.9632 197
54035.6 -40065.8 -41371.5 66.3488 -49.1956 -50.7987 98
145575 -8539.61 1549.97 175.295 -10.2841 1.86351 297
148043 47097.5 -102320 262.752 83.5923 -181.605 76
148046 -21810.3 48561.9 554.486 -81.6897 181.886 383
