-1009.52 240.626 391.88 -0.587777 0.136426 0.22808 0.00258945 419
-989.873 788.632 84.7752 -0.516854 0.408444 0.0440438 0.00271455 8
-971.953 389.612 -11.1495 -0.452706 0.176358 -0.00546008 0.00146353 205
-920.06 514.098 42.7547 -0.534399 0.296814 0.025094 0.00232759 4
-893.583 844.43 -11.0385 -0.738574 0.694188 -0.00980766 0.00641161 387
-850.113 776.725 154.401 -0.423419 0.383643 0.0765757 0.0020663 2
-787.753 -509.478 174.84 -0.384318 -0.253083 0.0851987 0.00135572 146
-733.143 545.942 -94.162 -0.603241 0.445511 -0.0775992 0.00353891 325
-731.439 653.485 -558.665 -0.333687 0.294931 -0.253198 0.00162918 117
-633.236 355.123 -54.2622 -0.383181 0.212022 -0.0325202 0.00118807 27
-595.242 -212.215 -126.288 -0.348509 -0.130713 -0.0748943 0.000881563 234
-443.425 -76.0283 -250.696 -0.251938 -0.0489093 -0.145003 0.000518797 180
-381.865 -967.656 -265.719 -0.177723 -0.456775 -0.124775 0.00158709 151
-368.478 -139.027 -50.9289 -0.152817 -0.0632724 -0.026658 0.000143942 240
-365.251 -227.007 115.8 -0.153634 -0.110029 0.0593622 0.000217144 422
-361.103 -821.99 -179.448 -0.216424 -0.497768 -0.108452 0.00190119 430
-317.766 -89.5708 85.4642 -0.238797 -0.0750911 0.0630913 0.000379867 82
-269.027 -799.463 -76.0337 -0.123492 -0.368872 -0.0366307 0.000939357 266
-239.929 689.523 -119.21 -0.117578 0.326112 -0.056301 0.000753999 406
-221.202 -149.744 -78.7075 -0.103351 -0.0893802 -0.0412455 8.24337e-05 43
-199.868 -196.029 33.3601 -0.0617301 -0.062519 0.0135372 5.05416e-06 213
-150.507 -337.37 -425.141 -0.0626029 -0.147224 -0.188011 0.000358693 300
-140.239 -137.554 142.058 -0.0503052 -0.0706166 0.0646482 2.15415e-05 411
-125.911 109.549 -37.8972 -0.166377 0.106257 -0.0466211 0.000184121 178
-103.913 52.558 21.0701 -0.00175226 -0.0497236 -0.00359119 -9.00761e-05 31
-100.38 -113.02 20.0922 0.00330224 -0.0332658 0.00327766 -7.49208e-05 480
-69.2827 59.4949 -67.0816 -0.022166 -0.0428733 0.0254277 -9.17145e-05 130
-55.0152 -403.328 22.624 -0.0158971 -0.221249 0.0124102 0.000277825 308
-49.6953 -20.7722 -16.4906 0.119564 -0.0320479 -0.00927892 -0.000125603 495
-40.5736 1.73089 22.6609 0.040026 -0.0978615 -0.0545903 -0.000180293 301
-38.6637 -16.4533 -0.425492 0.148922 -0.0223184 0.0748343 -0.000120745 321
-38.122 46.5598 -2.22119 -0.0509391 -0.0485573 -0.0164534 -0.000174938 320
-34.7133 15.815 -0.106297 -0.135943 -0.0686047 -0.00456334 -0.000182636 121
-34.6507 12.5396 4.18454 -0.0548399 -0.0795079 0.0847495 -0.000233852 60
-34.606 153.465 28.8716 -0.0177753 0.00390933 0.0129517 -7.50327e-05 203
-30.4327 14.0517 -14.8239 -0.00270552 -0.116432 0.106469 -0.000185426 162
-29.5163 -27.775 -12.0018 0.143807 -0.0028855 -0.0241389 -0.000162776 96
-29.1939 -313.875 -46.0115 0.000125896 -0.166909 -0.0198274 0.000137336 223
-29.0956 31.8968 1.22822 -0.106945 0.0211539 0.00883771 -0.000214644 421
-28.0252 -53.5721 20.8929 0.0549168 -0.0176991 -0.0164566 -0.000172911 104
-26.9531 -470.76 22.0461 0.00260042 -0.205083 0.00823429 0.000236855 199
-21.487 25.3826 10.9108 -0.112388 -0.0812788 0.0448935 -0.000224311 366
-21.1924 -7.81508 -3.0045 0.0141104 -0.144941 -0.152178 -0.00027129 276
-20.6883 44.1063 26.6661 -0.097443 0.0071963 0.060595 -0.000142455 310
-19.5122 -0.489118 -2.12733 -0.0379776 -0.20977 0.00275624 -0.000352571 400
-19.0175 -27.7236 -11.0333 0.0841061 -0.0329511 0.13725 -0.000184539 356
-18.6858 12.9996 -3.56474 -0.105534 -0.10978 -0.0235406 -0.000394133 164
-18.6249 11.5101 -10.7473 0.0149067 -0.191418 0.0367189 -0.000273684 55
-17.9658 6.6774 -7.16434 -0.0469112 -0.201825 -0.0265982 -0.000338137 16
-17.3844 29.3728 18.1758 -0.0487478 -0.146717 -0.0949229 -0.000117547 138
-16.9719 -10.6351 -3.73832 0.176398 -0.0880483 0.101211 -0.000306555 407
-15.8558 -0.423457 -1.11902 0.0264455 -0.220144 0.0176852 -0.000476896 232
-15.7371 16.9924 4.96819 -0.118947 -0.13079 -0.00688206 -0.000332076 140
-15.5122 -3.82416 4.04452 -0.0187597 -0.273296 -0.0631506 -0.000264525 469
-14.7845 2.71385 -8.65783 0.030579 -0.269862 0.0030423 -0.000259542 72
-14.5194 0.861396 -5.80155 0.138823 -0.227006 -0.00905115 -0.000355213 259
-14.339 -10.9504 0.196797 0.13286 -0.152016 -0.00460832 -0.000437894 156
-13.0905 -4.96191 -2.54385 0.0535248 -0.251564 0.0242633 -0.0004614 433
-12.2552 13.095 -1.08702 -0.121357 -0.154906 -0.00963736 -0.000453077 167
-11.5771 21.0707 -0.0457999 -0.149242 -0.0435716 -0.0239892 -0.000365259 227
-11.1009 8.10295 0.0637389 -0.139405 -0.151299 0.0171353 -0.000643132 420
-10.9261 13.3815 1.64657 -0.087477 -0.00778884 -0.226684 -0.000350936 442
-10.0956 4.4742 1.60703 -0.018168 -0.305318 0.0598117 -0.000513136 17
-9.58484 10.6048 -3.09539 -0.150991 -0.21019 -0.000213456 -0.000436041 417
-9.43036 -9.13426 2.05223 0.191297 -0.12681 0.157985 -0.000455464 435
-9.08677 2.89693 -1.93031 -0.0316361 -0.312725 0.0335778 -0.000660054 76
-9.0383 0.632075 -0.840961 0.0281155 -0.385193 0.0528476 -0.000423999 290
-8.89603 -5.55487 1.33678 0.189456 -0.283434 0.0358122 -0.000447841 330
-7.89719 15.1376 -0.234149 -0.183707 -0.128308 -0.0296855 -0.00041272 131
-7.65695 8.741 -1.56419 -0.165838 -0.222878 0.0172145 -0.000581872 275
-7.41371 1.4051 -0.964173 -0.0211641 -0.389389 0.0767065 -0.000655992 362
-7.30788 4.39335 -1.77301 -0.0735947 -0.333724 0.0628461 -0.000680655 338
-6.84743 6.59109 -2.62074 -0.186361 -0.240112 0.0478551 -0.000676175 452
-6.39448 17.6234 2.81567 -0.178353 -0.025414 -0.0546489 -0.000437842 237
-6.21664 7.30769 -10.2751 -0.214636 -0.158655 0.0325661 -0.000437295 359
-6.07803 -0.833329 -0.201146 0.0225635 -0.401133 0.0489597 -0.0010126 107
-6.00495 8.45881 -0.320469 -0.213345 -0.223573 -0.0302916 -0.000601793 493
-5.99509 21.4883 -5.70914 -0.17732 -0.0103955 0.110278 -0.000269622 494
-5.90043 -8.54063 -1.12755 0.289369 -0.147676 0.0655594 -0.00051062 268
-5.48489 4.28496 -0.617493 -0.256234 -0.288175 0.000441852 -0.00085951 246
-4.57425 9.02419 -0.431842 -0.25451 -0.145544 -0.00696742 -0.000696842 163
-4.53706 29.6635 -2.41533 -0.135632 -0.00801824 -0.00370083 -0.000299743 328
-4.29176 6.15428 0.540608 -0.296066 -0.263202 0.00540451 -0.000680705 428
-4.25072 -2.19033 -0.646875 0.207051 -0.434999 0.0188329 -0.00113765 488
-4.15188 7.36075 0.653119 -0.256918 -0.241884 -0.0579621 -0.000675507 201
-4.03029 -4.02872 -0.33719 0.328873 -0.289298 0.0789895 -0.000951637 129
-3.82469 -13.0147 -0.547194 0.261225 -0.188889 -0.063177 -0.000246303 181
-3.67705 4.55929 -2.92533 -0.318157 -0.240014 0.00782988 -0.00091615 438
-3.58358 5.00555 -1.01539 -0.328929 -0.205032 -0.0291959 -0.00105916 262
-3.04795 -7.46637 0.712847 0.291345 -0.142827 0.0532266 -0.000868262 98
-2.93983 -0.240948 -0.208676 0.108825 -0.590452 -0.0924314 -0.0019208 13
-2.84655 13.4767 -1.0804 -0.211968 -0.0688954 0.0149571 -0.000592845 472
-2.71204 13.3219 -1.16488 -0.209072 -0.0604246 0.00400827 -0.000619972 329
-2.57322 14.2513 -0.792171 -0.209151 -0.0585527 -0.0154663 -0.00056554 85
-2.43992 -22.3786 6.14506 0.15555 0.0734986 -0.0263955 -0.000346337 464
-2.18992 65.646 -3.48197 -0.0581214 0.176706 -0.00825275 2.66518e-05 256
-2.08984 -0.504628 0.245132 0.0012233 -0.671974 0.0830774 -0.00291146 287
-1.98571 -8.49335 0.369932 0.313348 -0.0229841 -0.0764199 -0.000778335 69
-1.45865 8.28153 0.128076 -0.32696 -0.0743299 -0.00204203 -0.000783632 269
-1.09921 -13.7334 10.4241 0.116139 -0.130906 -0.101604 -0.000467602 161
-0.966168 8.89418 1.00369 -0.333033 -0.0709338 0.0174937 -0.000661928 316
-0.669545 11.3515 -0.132916 -0.293001 -0.040102 -0.0142643 -0.000551304 224
-0.499296 7.06796e-05 -0.00798076 -0.0962133 -0.914257 0.00176088 -0.01975 128
-0.4955 -0.0610952 -0.026521 0.0304188 -0.958563 0.173857 -0.0190647 170
-0.494921 -0.0208779 0.0650341 -0.0146805 -1.1647 -0.283545 -0.0160373 391
-0.490956 0.0102909 0.0870438 -0.223666 -1.15668 -0.257257 -0.0159761 346
-0.490839 -0.0698462 -0.062646 -0.0285254 -0.804936 0.15806 -0.020803 9
-0.488778 -0.0567453 -0.0775 0.135165 -0.956143 0.0474056 -0.019252 445
-0.488523 -0.00917605 -0.100613 0.0301417 -0.783916 0.0339616 -0.0212034 490
-0.488041 -0.00717294 -0.0830929 0.152651 -0.956079 0.0502732 -0.0193721 263
-0.487447 -0.0943336 -0.0284171 0.0508594 -0.946484 0.0489301 -0.0195055 487
-0.486922 0.06538 -0.0851294 -0.319863 -0.663212 0.0638591 -0.0216556 206
-0.485513 0.106053 0.0399865 -0.340732 -0.921614 -0.114821 -0.0189553 311
-0.484807 0.109983 0.037524 -0.463207 -0.914714 -0.138894 -0.0183822 53
-0.481602 -0.114623 0.0637256 0.152028 -1.13139 -0.2198 -0.0165965 15
-0.481601 0.0150421 0.133214 0.10025 -1.17427 -0.32108 -0.0156791 478
-0.479498 -0.0501618 0.126926 0.233452 -1.17066 -0.314029 -0.0155509 74
-0.478596 0.129429 0.00359544 -0.256702 -1.01112 -0.156347 -0.0182572 390
-0.478347 -0.132868 0.00747208 0.186906 -1.05813 -0.11439 -0.0178777 208
-0.476165 -0.0610561 0.129235 0.459171 -1.15229 -0.55325 -0.0136137 371
-0.472577 -0.156941 -0.0149646 0.212439 -1.01693 -0.152025 -0.0182014 171
-0.469034 -0.168574 0.00950971 0.353495 -0.984506 -0.157032 -0.0180824 51
-0.467548 -0.166792 0.0406056 0.267829 -1.13361 -0.144396 -0.0164868 66
-0.465803 0.136085 0.0807347 -0.219831 -1.01035 -0.188164 -0.018506 415
-0.465524 -0.0961563 0.140259 0.479701 -1.10385 -0.418827 -0.0150712 475
-0.465451 0.0922917 -0.140524 -0.321877 -0.774685 0.00892203 -0.0208596 283
-0.464806 -0.0791717 0.165024 0.195136 -1.07503 -0.430338 -0.0164043 44
-0.463258 -0.156342 0.0737377 0.443792 -1.00054 -0.209148 -0.0175192 179
-0.461599 0.0860604 0.144968 0.0392838 -0.942927 -0.000204223 -0.0198698 492
-0.4615 0.186112 0.0406017 -0.541631 -0.944883 -0.153799 -0.0174753 258
-0.458686 0.132029 -0.142088 -0.322217 -0.784979 -0.253958 -0.0201967 30
-0.458668 -0.191435 -0.0139548 0.229724 -0.947915 0.0142042 -0.0191933 429
-0.457737 -0.170185 -0.104524 0.155542 -0.756343 0.165867 -0.021131 103
-0.456534 0.0567841 0.192315 -0.00481176 -0.788519 -0.122292 -0.021089 294
-0.45612 0.0264319 0.197977 -0.0261615 -0.824526 -0.313745 -0.0202352 41
-0.455501 0.132025 -0.14788 0.168076 -0.896117 0.0157052 -0.0199655 418
-0.455283 0.19779 0.0347976 -0.696019 -0.841762 -0.111676 -0.0175859 200
-0.452793 -0.210463 0.00535839 0.484352 -1.06424 -0.177852 -0.0162901 93
-0.450826 0.209198 -0.0522047 -0.478881 -0.667174 -0.0131944 -0.020797 94
-0.449947 0.0877558 0.19726 0.183026 -0.842331 -0.0354963 -0.0203952 459
-0.449162 0.174171 0.129266 -0.258986 -0.908538 -0.195143 -0.0192444 443
-0.445415 -0.223581 -0.00708298 0.367487 -1.00447 -0.31018 -0.0173274 101
-0.4436 -0.00398809 -0.226984 -0.113953 -0.866075 0.00692135 -0.020315 77
-0.43878 -0.214945 -0.0899422 0.279158 -0.756543 0.00455277 -0.0210961 245
-0.436262 -0.172742 -0.168675 0.205054 -0.690235 0.179806 -0.021627 383
-0.43308 -0.249791 0.0011838 0.369783 -0.915654 -0.0320295 -0.0189011 333
-0.432751 0.159875 -0.192592 -0.464118 -0.809207 -0.251839 -0.0191685 21
-0.429983 -0.11672 -0.212087 0.0597073 -0.831211 -0.023142 -0.0209882 319
-0.428627 0.24897 0.0243006 -0.730327 -0.818524 -0.085498 -0.0176205 368
-0.426555 0.192632 0.164423 -0.382092 -0.878505 -0.131751 -0.0193533 6
-0.426409 -0.192886 0.175378 0.515036 -0.855212 -0.0417934 -0.0187706 192
-0.424692 0.237355 -0.0441303 -0.327664 -0.792143 -0.0668228 -0.0209669 124
-0.422623 0.244293 -0.10192 -0.523438 -0.593396 -0.049974 -0.0211376 327
-0.420586 -0.242617 0.0932825 0.649791 -0.902447 -0.197225 -0.0173097 150
-0.418786 -0.263368 -0.052691 0.454172 -0.793391 -0.137282 -0.0197837 135
-0.418239 -0.253567 0.0807052 0.522093 -0.990722 -0.144199 -0.0172479 382
-0.417141 -0.172924 0.206684 0.373813 -0.665733 -0.120805 -0.0214358 114
-0.416823 -0.197134 -0.188369 0.403906 -0.724196 0.418148 -0.0197059 477
-0.416359 0.0221606 -0.269668 0.367354 -1.06523 0.19209 -0.0170075 174
-0.413791 -0.126762 -0.245377 0.530919 -1.0494 0.271869 -0.0160195 486
-0.412249 -0.27593 0.0187283 0.507332 -0.903424 -0.177125 -0.0182742 461
-0.405402 0.260496 0.122089 -0.318097 -1.18091 -0.287852 -0.0152793 214
-0.401738 -0.125198 0.265084 0.187164 -0.639321 -0.0931613 -0.0223064 125
-0.401399 -0.215096 0.191905 0.864849 -0.583799 -0.206427 -0.0182231 80
-0.400729 -0.235523 0.179872 0.648979 -0.761383 0.0830089 -0.0187814 272
-0.394666 0.285593 0.0998488 -0.653963 -0.953754 -0.193667 -0.0165438 50
-0.385869 -0.316077 -0.0194545 0.484106 -0.871098 -0.10285 -0.0187678 470
-0.385807 -0.302291 -0.0547361 0.690757 -0.600315 0.00332508 -0.0201113 139
-0.38551 0.259853 0.177528 -0.509907 -0.752316 -0.378715 -0.0190592 222
-0.382575 -0.294139 -0.106258 0.640746 -0.674366 -0.0115277 -0.0198875 315
-0.379015 0.257305 0.199328 -0.727305 -0.71473 -0.309553 -0.0179228 285
-0.376784 0.140684 0.292306 -0.296865 -0.454559 -0.20313 -0.0230411 33
-0.373848 0.319463 0.0493027 -0.865559 -0.719145 -0.123608 -0.0172823 281
-0.372238 0.326953 -0.0475175 -0.719468 -0.633038 0.124857 -0.0192777 434
-0.371711 0.2822 0.176117 -0.626178 -0.671199 -0.231045 -0.0194591 141
-0.369013 0.321511 -0.0476892 -0.69584 -0.619841 0.150508 -0.0198506 187
-0.364714 -0.212162 0.260768 0.801849 -0.607137 -0.171872 -0.018694 20
-0.363492 0.308986 0.13188 -0.421125 -1.05131 -0.34902 -0.0164766 137
-0.360258 -0.329148 0.104128 0.657039 -0.751933 0.00128496 -0.0188199 230
-0.357778 0.304272 0.160408 -0.7106 -0.608539 -0.217881 -0.019419 481
-0.357525 0.217097 -0.269265 -0.662417 -0.895364 0.283145 -0.016874 496
-0.356302 0.313531 -0.156194 -0.662673 -0.607055 0.0860028 -0.0199235 70
-0.355619 0.348831 -0.0287833 -0.783843 -0.452823 -0.0284935 -0.0199247 271
-0.351964 0.334855 0.108076 -0.700279 -0.736934 -0.142554 -0.0185303 500
-0.351109 -0.34515 0.0757208 0.701371 -0.735305 -0.170726 -0.0184576 324
-0.342028 -0.353943 -0.0556187 0.467158 -0.620472 0.0544045 -0.021447 349
-0.341788 -0.350603 0.101253 0.680911 -0.710055 -0.157864 -0.0187957 248
-0.337824 -0.30636 -0.200969 0.608865 -0.602135 0.356788 -0.0197033 52
-0.33429 0.270554 -0.254955 -0.564664 -0.932518 0.263217 -0.0171417 264
-0.330558 0.171666 0.324008 -0.239744 -0.503752 -0.238344 -0.0230198 252
-0.328611 0.269562 0.254676 -0.457711 -0.6548 -0.0851916 -0.0211931 108
-0.320915 0.379425 0.0244958 -0.781546 -0.317368 -0.107772 -0.0206037 239
-0.320262 -0.364638 0.118439 0.659325 -0.741422 -0.156445 -0.0187166 46
-0.316075 -0.360053 -0.140742 0.61456 -0.470586 0.111397 -0.0212104 432
-0.313947 -0.382886 -0.0611972 0.667185 -0.427863 0.0620117 -0.0211044 384
-0.313176 0.37138 0.115475 -0.77765 -0.842207 -0.055394 -0.0168012 105
-0.310421 0.366435 0.137117 -0.679919 -0.834127 -0.0659872 -0.0177631 185
-0.309989 -0.00337125 0.384297 0.115549 -0.355178 -0.346955 -0.0236922 341
-0.306851 -0.389719 0.0504714 0.758031 -0.695534 -0.141609 -0.0183308 491
-0.304254 -0.338558 0.194978 0.785247 -0.384428 -0.304429 -0.0198864 119
-0.301899 0.340095 -0.201288 -0.44196 -0.917345 0.169495 -0.018475 235
-0.301196 -0.269746 -0.289873 0.633005 -0.683591 0.464273 -0.0183534 299
-0.300609 0.366892 -0.156878 -0.732139 -0.536321 -0.0519858 -0.0198559 353
-0.297108 0.218601 -0.330432 -0.552678 -1.12689 0.385845 -0.0144649 210
-0.296228 0.395046 -0.0497961 -0.889503 -0.310201 -0.0134468 -0.0196398 86
-0.292217 -0.282901 0.284477 0.76534 -0.482009 -0.233469 -0.0197308 54
-0.290583 0.238219 0.307535 0.492928 -1.14753 -1.06128 -0.00895551 189
-0.290416 -0.32351 -0.246168 0.561085 -0.494094 0.265678 -0.0210855 293
-0.288302 -0.252082 0.305034 1.00792 -0.425751 -0.364024 -0.0172205 73
-0.282874 -0.0632588 -0.404572 0.248796 -0.914282 0.7329 -0.0161474 183
-0.271508 -0.392642 -0.147506 0.727478 -0.309291 0.0782547 -0.0210741 113
-0.264361 -0.316761 -0.279795 0.817696 -0.540852 0.455115 -0.0177731 309
-0.263089 0.151859 -0.397137 0.016438 -1.09098 0.774561 -0.01381 195
-0.253326 -0.427203 -0.0380104 0.704208 -0.377806 0.0608906 -0.0210798 439
-0.243935 -0.428549 0.0573092 0.756253 -0.541318 0.00700296 -0.0197736 62
-0.242495 -0.436932 0.00996797 0.815762 -0.427353 0.0256622 -0.0197046 143
-0.230703 -0.0889701 -0.429907 0.366067 -1.01112 1.07267 -0.0107858 440
-0.222051 0.376754 0.233628 -0.889958 -0.552591 -0.0964411 -0.0182943 261
-0.220645 0.216464 -0.387681 -0.496374 -0.705892 0.445338 -0.019317 260
-0.21626 -0.449072 -0.00718262 0.851398 -0.28759 -0.0187553 -0.0200265 277
-0.215596 -0.449345 0.0364087 0.92911 -0.278741 -0.0198823 -0.0191308 196
-0.212215 0.432634 0.117098 -0.855832 -0.616314 -0.0831393 -0.0182115 152
-0.210634 -0.0352204 -0.444452 0.467729 -1.06177 1.02579 -0.0103602 194
-0.208927 0.448664 -0.0139082 -0.782037 -0.212311 -0.100779 -0.0210789 244
-0.206641 -0.357248 -0.271188 0.909503 -0.424194 0.444794 -0.0177811 323
-0.188456 -0.355336 -0.286515 1.05529 -0.108529 0.657159 -0.0155793 1
-0.178525 -0.185656 -0.412885 0.808001 -0.823305 0.784785 -0.0135205 90
-0.170767 0.465518 -0.0272496 -0.786127 -0.128602 -0.00672686 -0.0212051 112
-0.157971 0.334389 0.334581 -0.683145 -0.772854 -0.361814 -0.0175964 388
-0.147325 0.460808 0.107325 -0.973216 -0.365469 -0.139399 -0.0183487 154
-0.144763 -0.475041 0.0471474 0.985096 -0.16981 -0.128511 -0.0187095 395
-0.143016 0.468562 0.0581974 -0.945481 -0.454337 0.0566318 -0.0184399 84
-0.140865 0.434572 0.202231 -1.01017 -0.412871 -0.149987 -0.0174365 410
-0.139141 -0.383568 0.284195 1.0363 -0.271127 -0.592851 -0.0157704 7
-0.133431 0.475744 0.0705624 -0.898599 -0.284553 -0.0783242 -0.0194532 345
-0.128268 -0.402167 0.259053 1.01766 -0.280113 -0.594268 -0.0160682 339
-0.120427 -0.473704 -0.0979203 0.831414 -0.196306 0.105124 -0.0204458 58
-0.119306 0.45498 -0.161425 -0.87126 -0.268115 0.389094 -0.0189964 215
-0.119145 -0.445039 -0.192514 0.8562 -0.260961 0.0858677 -0.0199808 412
-0.11909 0.344894 -0.337452 -0.789141 -0.887005 0.534269 -0.0145574 361
-0.117475 0.364412 0.317563 -0.837179 -0.485456 -0.221315 -0.0189694 403
-0.110019 -0.217908 0.420679 0.599479 0.417346 -1.79778 -0.00216559 257
-0.0988236 0.239632 0.42644 -0.337894 -0.51788 -0.321099 -0.0220139 28
-0.0954199 -0.334884 0.356627 1.10235 -0.0562487 -0.777147 -0.0136892 354
-0.0934692 -0.35023 -0.339167 0.554385 0.331308 0.705341 -0.019464 79
-0.0915188 -0.346468 -0.340266 0.925027 0.0500305 0.400368 -0.0189298 444
-0.0902761 -0.299443 -0.380789 0.957872 0.188944 0.562582 -0.0174314 251
-0.0742802 0.473294 0.136514 -0.98276 -0.439196 0.00746652 -0.0178502 462
-0.0712629 0.489847 -0.05083 -0.773323 -0.0230278 0.15623 -0.0212267 5
-0.0676609 -3.09474 0.117911 0.508372 -0.226757 -0.0274776 -0.00209386 14
-0.0643279 0.135168 -0.476486 -0.015239 -0.283476 1.00532 -0.0182072 267
-0.0665104 6.01603 0.156893 -0.399911 -0.0370468 -0.00956812 -0.00106824 218
-0.0594287 0.410801 0.271656 -0.637769 -0.501691 0.0144233 -0.0210814 220
-0.0589193 -0.478545 -0.121407 0.87102 -0.236139 0.217057 -0.0197557 427
-0.0426436 0.463524 0.178924 -0.786884 -0.230527 -0.0905799 -0.0208126 337
-0.0358758 -0.496435 -0.0191966 0.703206 -0.0333242 0.238517 -0.0216422 63
-0.0349994 0.420602 -0.263922 -1.18449 -0.488945 0.576544 -0.012771 347
-0.028346 -0.2585 0.423332 0.683025 0.628465 -1.13957 -0.0116591 242
-0.0277956 0.472605 0.149643 -0.932223 -0.215867 -0.159734 -0.0192936 159
-0.019615 -0.458149 0.181476 1.17875 -0.130267 -0.606136 -0.0142597 35
-0.0163859 -0.469359 0.15926 1.12889 -0.267573 -0.5441 -0.0149433 160
-0.0107153 -8.98221 -1.13703 0.297871 0.0989125 0.0565032 -0.000744974 278
-0.0078806 0.469756 -0.152458 -0.889607 -0.0943924 0.330809 -0.0196208 342
-0.00662213 0.41348 0.26701 -0.665181 -0.179542 -0.111383 -0.0223495 414
0.000141719 -0.494257 0.0606528 0.767385 -0.0879971 -0.237318 -0.0210213 3
0.00345736 -0.46805 0.173889 1.01628 0.146295 -0.428385 -0.0172982 280
0.00412749 -0.448212 -0.209218 0.929329 0.133898 0.386746 -0.0188255 169
0.00752253 -0.489947 -0.0897636 0.808869 0.200442 0.504864 -0.0191591 374
0.00883292 -0.312446 -0.388598 0.923371 0.422606 0.294768 -0.0180767 350
0.010664 -0.468579 0.163745 1.09085 0.0543128 -0.370607 -0.0168632 289
0.0159395 -0.496141 0.0321327 1.03276 -0.0296338 -0.0941779 -0.0184018 202
0.0213445 -6.13716 -0.272082 0.426242 -0.0395128 0.0990344 -0.000828188 408
0.018907 -0.494569 0.0317254 0.797451 0.381299 -0.222878 -0.0200107 463
0.0292316 0.490483 0.0666059 -0.973183 -0.0637428 0.0779264 -0.0192268 450
0.0386975 0.477474 -0.13063 -0.839874 0.0119177 0.187097 -0.0205463 193
0.043433 0.497505 -0.00924138 -0.711447 0.0553149 0.137956 -0.0217243 303
0.0486551 -0.0112056 -0.495074 0.393935 0.0930851 0.527111 -0.0223607 489
0.0565622 -0.492376 0.037812 0.780324 0.00724086 0.0178493 -0.0213402 165
0.0581496 -0.467121 0.157014 1.04535 0.166573 -0.667291 -0.0154042 19
0.06789 -0.144739 0.473341 0.817675 0.419708 -0.923802 -0.014406 372
0.069785 -0.488041 0.0754206 0.779142 0.0590786 0.0122901 -0.0212462 448
0.0743454 -0.488933 -0.042025 0.940683 0.240514 0.0636274 -0.0192672 209
0.0749444 -0.338102 -0.357814 1.03588 0.557496 0.165563 -0.0162822 476
0.0767239 -0.380669 -0.299252 0.621497 0.506734 0.336011 -0.0207725 247
0.0802087 0.437575 -0.213758 -0.966727 -0.020995 0.134659 -0.0193693 307
0.0869898 -0.403202 -0.277501 0.854535 0.287859 0.310909 -0.0194579 288
0.0931525 0.483518 0.0817154 -0.871226 0.169473 -0.245905 -0.0197415 473
0.0993676 -0.386139 -0.294426 0.616589 0.49487 0.345595 -0.0205665 265
0.11118 0.480797 -0.0733055 -0.726601 0.180632 0.0340904 -0.0215443 83
0.116316 -0.436989 -0.209861 0.739588 0.129151 0.28147 -0.0210557 378
0.129782 0.0728116 0.474543 0.286531 0.571719 -1.08719 -0.0151908 355
0.131682 0.462742 -0.135496 -0.84545 0.0252985 0.0400084 -0.0205271 133
0.132758 0.447376 0.173663 -0.538202 0.173731 -0.256282 -0.0226947 26
0.133359 0.436956 0.192607 -0.727197 -0.116487 -0.409926 -0.0207719 168
0.136026 -0.352392 -0.322811 0.835291 0.318078 0.417856 -0.0190727 25
0.140274 -0.426921 0.212025 0.597392 0.432499 -0.192881 -0.0215248 334
0.14453 0.469659 0.0790961 -0.84493 0.229313 -0.0467361 -0.0203103 379
0.148801 -0.457507 -0.120805 0.549806 0.568236 0.313973 -0.0206765 11
0.161508 0.208295 -0.424732 -0.648795 0.625789 0.537719 -0.018121 416
0.17409 -0.466238 -0.0456507 0.475524 0.124331 0.287401 -0.0229854 322
0.182665 -0.450353 0.114504 0.588059 0.289382 -0.162549 -0.0221854 148
0.184733 0.456756 0.0569753 -0.778555 0.266094 0.0524398 -0.0209544 365
0.207048 0.374621 -0.247407 -1.06319 -0.149639 0.454841 -0.016786 32
0.208687 0.39392 -0.221196 -0.728869 0.378947 0.0447393 -0.020888 48
0.229754 0.291257 0.331073 -0.279905 0.823015 -0.149202 -0.0202776 312
0.23126 0.325202 0.293858 -0.707598 0.765046 -0.219389 -0.0181352 87
0.233079 0.441344 0.0101171 -0.678298 0.317513 0.13897 -0.0214131 441
0.233216 -0.441559 0.00974427 0.41525 0.540873 0.166164 -0.0219484 122
0.239887 0.398866 0.169632 -0.543714 0.2469 -0.161639 -0.0228405 65
0.242404 0.41539 0.122999 -0.577088 0.144481 -0.199732 -0.0227188 405
0.251721 0.418638 -0.0888257 -0.881966 0.47757 0.130829 -0.0187822 497
0.252481 -0.313521 0.286546 0.484404 0.784001 -0.104403 -0.0199214 456
0.254398 0.365891 -0.220777 -0.81592 0.238441 0.142405 -0.0204914 340
0.269038 -0.400528 -0.128372 0.323797 0.673141 0.424031 -0.0204249 144
0.270487 -0.144589 -0.388027 0.18874 1.0144 0.812945 -0.0144883 449
0.273827 0.415751 -0.0148035 -0.659617 0.421952 0.062256 -0.0212418 68
0.275479 -0.209725 -0.359091 0.76701 0.787726 0.202941 -0.0172467 399
0.277824 -0.229944 0.344874 0.48484 0.824595 -0.162758 -0.0191657 23
0.279968 0.375348 -0.162969 -0.68835 0.635996 0.0209347 -0.0197191 253
0.296907 -0.381346 0.119773 0.572042 0.249931 -0.174891 -0.0224777 306
0.297732 0.329789 0.221122 -0.762982 0.361004 -0.295488 -0.0201885 484
0.297749 0.398784 0.0434919 -0.771506 0.418116 -0.0815121 -0.020167 204
0.299121 0.298193 -0.248224 -0.682484 0.49228 0.631983 -0.0185931 197
0.314119 -0.380608 0.0174847 0.361935 0.610645 0.174004 -0.0219754 110
0.316274 0.38024 -0.0519418 -0.566608 0.414251 -0.0685946 -0.0220272 375
0.318862 -0.380823 -0.0315103 0.350652 0.573378 0.302885 -0.0217196 45
0.318932 -0.380972 0.0234856 0.511063 0.674511 0.0582625 -0.0206334 188
0.321915 0.357707 -0.110966 -0.774279 0.549619 0.194661 -0.0194391 177
0.326754 0.373125 0.0299917 -0.668865 0.481863 0.0178462 -0.0209077 233
0.326883 -0.053674 -0.365702 -0.134669 1.12533 1.20543 -0.00822317 369
0.328286 0.369486 -0.0621111 -0.558405 0.442854 -0.0891513 -0.0218688 116
0.330155 0.358544 -0.0672229 -0.427209 0.361534 0.132879 -0.023338 471
0.331437 0.308422 0.202738 -0.639104 0.464231 -0.188345 -0.021077 457
0.332767 -0.363866 -0.0751823 0.356384 0.711692 0.358414 -0.0202986 479
0.337061 -0.0784852 -0.349189 0.330125 0.957709 0.667076 -0.0162306 385
0.339014 -0.363479 0.0461111 0.558687 0.729396 -0.0264395 -0.0197611 254
0.340079 -0.32232 0.151353 0.207826 0.465908 -0.0806578 -0.0237189 100
0.342373 0.35809 -0.0235273 -0.684833 0.559354 -0.00858297 -0.0203152 132
0.347556 0.236906 0.262196 -0.626567 0.863262 0.108129 -0.0180352 219
0.350897 0.283109 0.207343 -0.649036 0.446406 -0.244359 -0.0209371 482
0.351605 -0.336441 -0.108462 0.322248 0.683109 0.315538 -0.0208834 42
0.360072 -0.340391 0.0414544 0.48659 0.776899 -0.116939 -0.0198017 198
0.363465 0.273913 -0.200209 -0.421523 0.852953 0.464654 -0.0181333 10
0.363722 0.328659 0.0337827 -0.878707 0.307972 -0.0273622 -0.0200154 425
0.365047 -0.308764 -0.140599 0.419611 0.674669 0.348995 -0.0203757 145
0.372993 0.324524 -0.00504602 -0.710412 0.534521 -0.011307 -0.0203407 81
0.373628 0.248689 0.207202 -0.775346 0.362274 -0.0697482 -0.0206781 451
0.374733 0.198008 -0.259654 -0.139809 0.741235 0.660711 -0.0188642 284
0.386984 0.166092 -0.263649 -0.13728 0.768594 0.449916 -0.0200838 153
0.38792 0.307389 0.0656973 -0.527883 0.427612 -0.0650281 -0.0221249 136
0.390693 -0.254663 -0.180228 0.045279 1.00003 0.550927 -0.016841 396
0.395136 0.295817 0.0576121 -0.537808 0.512319 -0.195126 -0.0214673 106
0.395272 -0.283208 0.0916925 0.279231 0.687185 0.130463 -0.0217163 458
0.395676 -0.293723 -0.0740313 0.24195 0.678871 0.423575 -0.0207171 273
0.396013 0.293587 -0.0752232 -0.678876 0.736534 0.22403 -0.0184817 92
0.400736 0.278099 -0.0927331 -0.857858 0.732911 0.178955 -0.0170185 326
0.407102 0.258312 0.11359 -0.556439 0.58505 -0.0731568 -0.0211274 47
0.40974 0.138604 0.246803 -0.418947 0.703511 -0.0141811 -0.0209086 305
0.414774 -0.00490755 -0.259511 -0.240321 0.163584 0.120752 -0.0249277 336
0.4161 0.24826 0.11538 -0.531916 0.597369 -0.127247 -0.0209965 446
0.423393 0.252579 -0.0637173 -0.551314 0.744841 -0.0499135 -0.0197627 357
0.424483 0.19237 -0.171198 -0.400176 0.8445 0.24009 -0.0193583 221
0.435596 0.0195792 -0.23447 -0.286771 0.27142 0.053929 -0.0242559 186
0.437816 0.12061 -0.201998 -0.201295 0.292417 0.151406 -0.0242187 460
0.439198 0.0742518 -0.222664 -0.4364 0.42277 -0.156743 -0.0226403 292
0.44134 -0.107255 0.200483 -0.000367541 0.815162 -0.360681 -0.0202118 71
0.442704 0.0354492 0.223983 -0.246816 0.79086 -0.160387 -0.0206798 437
0.445281 0.221728 0.0208777 -0.394853 0.555161 -0.15957 -0.0220471 241
0.447515 -0.0266389 0.217094 -0.13174 0.818242 -0.326794 -0.0201347 120
0.451898 0.142874 -0.158591 -0.984138 0.500199 0.15824 -0.0172377 386
0.452981 0.166662 -0.128507 -0.349067 0.598361 0.0577497 -0.0220058 34
0.454787 0.172558 0.115623 -0.491558 0.691076 -0.0750053 -0.0204709 282
0.459643 -0.123116 0.151508 0.0429025 0.58536 -0.270085 -0.0224219 228
0.459987 0.0433958 -0.189983 -0.818643 0.54315 0.200066 -0.0187392 377
0.462974 -1.94198 0.153963 0.601799 0.184936 0.238817 -0.00340898 184
0.464493 -0.174582 -0.0024323 0.122665 0.837518 -0.161704 -0.0205488 126
0.466873 0.109208 -0.135004 -0.565725 0.711488 0.194174 -0.0196946 447
0.468402 0.125617 0.11163 -0.387807 0.716326 -0.01808 -0.0209698 455
0.476461 0.120772 -0.0277283 -0.280887 0.544262 0.0408568 -0.0230356 59
0.478709 -0.0520547 0.114894 -0.022443 0.7807 -0.149102 -0.0212986 95
0.479903 -0.0948157 -0.0825071 -0.101562 0.636109 0.180681 -0.0223996 499
0.482366 -0.0889266 0.0901887 -0.00218087 0.596943 0.128142 -0.0227345 149
0.483799 0.114505 0.0453707 -0.171596 0.66711 0.0404177 -0.0220628 49
0.483849 -0.0428158 -0.111804 -0.35742 0.643579 0.159476 -0.0215321 39
0.486739 -0.102029 0.0250458 0.0262283 0.769755 0.0952906 -0.0213387 158
0.486956 0.0664962 -0.0858927 -0.337103 0.842384 0.242242 -0.0195418 89
0.487123 0.0985144 0.0231989 -0.274787 0.608125 0.0674911 -0.0223126 123
0.490486 0.0516467 -0.0706752 -0.243797 0.820173 0.198926 -0.0202655 394
0.492294 -0.0816739 -0.00873842 -0.000226471 0.831891 0.128379 -0.0206168 331
0.493338 0.02075 -0.0734627 -0.196214 0.830973 0.127909 -0.020381 75
0.493983 -0.038926 -0.0474393 -0.104634 0.818563 0.109102 -0.0207809 397
0.496325 -0.010763 -0.0237381 -0.147404 0.816486 0.115796 -0.0207643 249
0.531989 19.3561 5.94869 -0.118489 0.0126763 -0.180646 -0.000324376 291
0.716074 -21.2439 -2.67635 0.200863 0.00623114 -0.0033533 -0.000330988 392
0.746323 -7.98182 -0.397659 0.395927 0.0489689 0.0345755 -0.000555143 402
0.773409 -5.52509 0.592168 0.436509 0.0613301 -0.0102824 -0.001013 191
1.23725 16.7429 2.26657 -0.20987 -0.0858864 -0.00376673 -0.000416386 335
1.29917 10.5321 1.02697 -0.294098 0.000236499 -0.0157333 -0.000630311 423
1.33362 6.27035 0.209571 -0.401897 0.052783 0.00350754 -0.000921854 373
1.62072 21.8892 -5.24039 -0.178479 0.0124211 -0.0981553 -0.000293657 147
1.70425 -5.29451 0.630134 0.419135 0.0529202 0.0135459 -0.00111648 134
1.92311 -3.30677 0.44598 0.387332 0.223344 0.0184006 -0.00199417 157
2.06252 -126.991 8.69849 0.0245127 -0.149643 0.00529244 4.56969e-05 270
2.80249 -2.95262 0.762524 0.332157 0.306824 0.0783804 -0.00170178 111
2.9593 -7.15596 2.92637 0.400941 0.199129 -0.00917637 -0.000256922 142
3.18397 -3.772 0.998223 0.303541 0.28321 0.0433956 -0.00139316 318
3.80646 -5.77568 0.776158 0.328626 0.19214 0.0340368 -0.000882873 12
4.22847 5.53029 -5.12221 -0.254454 0.35756 0.0468112 -0.000228839 97
4.36939 -4.7092 2.0633 0.206854 0.238441 -0.0495536 -0.00121449 255
4.62366 23.4159 1.60281 -0.174715 0.040781 0.0310276 -0.000315341 236
4.64884 8.23869 -0.623215 -0.291107 0.121247 -0.0521386 -0.000680007 175
4.83345 -4.12743 -1.86369 0.196927 0.357541 0.193701 -0.000611362 172
5.03844 -16.8962 5.0356 0.181693 0.0745984 -0.00374628 -0.000440508 297
5.32839 7.80224 0.241641 -0.216931 0.216483 -0.0342676 -0.000728221 182
5.62378 -0.2015 0.299909 0.0179404 0.409016 0.0672144 -0.00114229 274
5.66443 -4.92352 -0.95976 0.276166 0.151959 0.0137504 -0.0010299 207
5.69745 -14.4212 1.44489 0.299685 -0.0260906 0.0636884 -0.000211746 453
5.96769 -7.41286 -0.383738 0.315956 0.0888264 0.0412783 -0.000628553 115
6.18802 2.97513 -1.21593 -0.189104 0.422602 0.0023804 -0.000452913 190
6.18977 15.5509 -0.571726 -0.17459 0.158305 -0.0650734 -0.00037279 483
6.26172 16.0372 -9.22912 -0.164911 0.0625685 -0.122239 -0.000352079 364
6.46243 -2.94334 -0.0440847 0.0617748 0.276787 -0.0181012 -0.00125553 436
6.8261 -1.58708 -0.458428 0.143549 0.365814 0.0260084 -0.000810436 332
6.83799 -8.92744 -0.0186013 0.214505 0.207778 0.0378526 -0.000545217 302
6.9878 5.12775 0.940003 -0.0726697 0.304603 0.0430126 -0.00080932 176
7.13491 15.2526 2.27774 -0.196526 0.0694631 -0.00478792 -0.000463937 231
8.64834 -5.39931 1.28232 0.188625 0.251783 0.0150179 -0.000596461 295
8.87914 0.560366 0.892552 -0.0553599 0.298724 -0.00901464 -0.000820593 454
9.06995 2.00624 0.494615 -0.0339626 0.348014 0.00649367 -0.000579312 313
9.54153 14.3776 0.40724 -0.17766 0.0802467 -0.0422089 -0.000475548 404
9.66792 1.14192 0.681658 -0.0601162 0.305997 -0.0193659 -0.00067073 102
10.274 -0.635204 0.692384 -0.010544 0.364234 -0.029115 -0.000376447 381
10.3674 -9.89058 1.16443 0.231401 0.126924 0.0238234 -0.000430621 393
10.3674 8.07813 -1.75234 -0.0770255 0.257694 -0.0227189 -0.000487385 426
11.3178 0.571823 1.27652 -0.0248915 0.291211 -5.39296e-05 -0.000562216 57
11.8126 7.89822 0.718052 -0.0227656 0.259982 -0.016028 -0.000451263 64
12.643 26.3193 4.4655 -0.162465 0.0352949 0.00349672 -0.000250354 348
13.9839 -1.37703 3.53595 0.0779299 0.256114 -0.0794124 -0.000375352 243
14.5543 17.0366 6.54583 -0.11228 0.154524 -0.0147344 -0.000306095 127
15.0021 -6.1432 1.41878 0.147283 0.161416 0.0686895 -0.000440227 343
15.7363 -11.6442 -4.69288 0.220012 0.0678687 0.0115188 -0.000288795 78
15.9944 15.558 -17.5069 -0.101465 0.0667049 0.126418 -0.000248703 352
16.0241 2.02641 -9.9515 -0.0898395 0.23585 0.0480244 -0.000246372 317
16.4237 107.033 34.6074 -0.0446887 -0.0225964 -0.00874757 -9.3805e-05 216
17.7272 9.86697 -9.29835 -0.138861 0.189857 -0.0647683 -0.000188082 409
17.8689 18.0616 4.81755 -0.0817551 0.112626 -0.00153074 -0.000362308 465
19.0507 -6.80531 -24.4558 0.0715332 0.0448875 0.129839 -0.000243906 18
19.596 -20.5639 -6.42733 0.137057 0.0585211 -0.0298091 -0.000284842 88
20.0346 14.9496 4.12372 -0.0372726 0.17979 0.0238579 -0.000279113 389
21.3029 -21.4605 26.2815 -0.0127973 0.0967339 -0.0155011 -0.000250995 468
22.9387 29.2468 -2.28308 -0.101343 0.0749193 -0.00558302 -0.000236201 173
24.3892 -8.97531 8.36969 0.0829663 0.0882221 -0.0311217 -0.00036011 67
24.5682 7.60653 1.29309 0.0640631 0.145692 -0.020211 -0.000324547 24
26.1283 1.73588 -1.77808 0.0294527 0.164784 0.0303417 -0.000295373 166
26.2789 66.5222 6.75458 0.00093992 0.115979 0.00541531 -8.97317e-05 485
27.2924 -22.9851 21.6385 0.0667016 0.0795355 -0.00962169 -0.000231621 36
27.8045 18.5822 37.6464 -0.0840138 0.0547546 -0.0769044 -0.00014842 351
28.3836 3.67057 11.9473 -0.14555 0.0793338 -0.133271 -0.0001203 229
29.2105 -74.1313 -100.563 0.0271566 0.0208957 0.0161324 -8.84607e-05 358
41.2338 43.4339 -15.312 0.0190779 0.0637205 -0.0196258 -0.000172155 279
46.7408 106.419 13.0701 0.00554847 0.116844 0.0123192 -2.04015e-05 466
47.5439 -3.88027 29.7667 -0.0709046 0.06742 -0.087724 -0.000114383 398
54.6605 -17.1548 -105.757 0.0120235 0.0361904 0.026189 -9.05505e-05 40
55.5381 -368.445 -122.603 0.0330074 -0.158777 -0.0536342 0.000150485 37
55.9293 78.4557 -13.7675 -0.0504077 0.00408712 0.0105871 -0.000111745 22
70.9338 173.205 194.048 0.00421946 0.0605325 0.0624688 1.03778e-06 226
70.947 201.503 -349.553 0.0169485 0.0814057 -0.147839 0.000149304 238
73.2573 -143.049 10.8571 0.0330923 0.0032941 0.00198049 -7.06634e-05 413
78.127 344.106 59.5771 0.0195147 0.138211 0.024148 9.04837e-05 474
78.2814 245.661 72.9549 0.0894852 0.314344 0.0944957 0.000676784 225
104.337 307.414 -38.0326 0.0363287 0.126685 -0.0137735 7.14975e-05 370
131.272 -642.231 -313.18 0.0631851 -0.288557 -0.14433 0.00065835 118
135.278 1018.85 -287.095 0.0714204 0.568672 -0.159685 0.00220071 363
137.873 342.539 12.2326 0.0710514 0.209906 0.00618284 0.000273334 38
143.787 -267.004 45.2925 0.0619424 -0.0900035 0.0158784 3.54184e-05 498
154.242 -65.6541 -9.38402 0.132645 -0.0325408 -0.00698459 4.24394e-05 298
158.761 -83.5435 163.311 0.0492834 -0.00423903 0.0496846 -2.08039e-05 211
183.676 -58.1504 172.997 0.135718 -0.0323244 0.123543 0.00016877 314
228.609 -97.9221 82.7222 0.241009 -0.084619 0.0831014 0.000403254 424
275.286 111.872 21.7875 0.383443 0.0927036 0.0415225 0.000941461 155
275.584 112.111 21.9553 0.385953 0.11624 0.00412208 0.000973653 29
276.448 112.342 21.7875 0.349587 0.279975 0.0410835 0.0012225 467
329.153 -1367.97 876.143 0.199815 -0.822383 0.527944 0.00621099 401
341.657 -1579.97 -200.711 0.163967 -0.752088 -0.0953737 0.00375244 217
347.523 308.239 51.3528 0.171538 0.154704 0.0229898 0.000310047 56
397.551 160.198 18.8205 0.626402 0.259884 0.0290321 0.00285063 367
454.568 -127.022 93.0146 0.470286 -0.121578 0.0954842 0.00150569 91
455.824 -111.068 7.31978 0.202654 -0.0388918 0.00294421 0.000239548 61
501.155 -50.2185 -146.315 0.287624 -0.0224591 -0.0833671 0.000539804 304
517.04 -6.15568 81.1363 0.592775 -0.0033095 0.0928623 0.00222622 431
604.269 -3.54079 113.156 0.487584 0.00394488 0.0910614 0.00151745 286
658.62 385.429 -250.809 0.293011 0.177023 -0.115429 0.000800167 212
672.793 165.199 57.7571 0.314314 0.0825584 0.0285781 0.000647182 99
755.623 -47.145 -394.396 0.474574 -0.0275231 -0.24762 0.00178094 376
842.755 128.465 -199.991 0.496013 0.0799879 -0.117884 0.00165024 344
890.7 -245.096 -12.3877 0.433468 -0.116025 -0.00554387 0.00124514 109
1015.18 -87.5547 81.8095 0.988718 -0.0818316 0.0799176 0.00617931 296
1015.17 559.335 8.48842 0.608445 0.339863 0.00478117 0.00302506 250
1015.17 853.94 176.872 0.558772 0.474618 0.101844 0.00341479 360
1015.17 -235.17 -225.819 0.627274 -0.142912 -0.138407 0.00269486 380
