-21.0002 -14.7915 -13.8259 120.71 -20.8283 81.0868
-21.0444 1.36357 -0.598218 80.9599 -32.3168 -19.6903
-20.1079 4.31881 -0.724814 57.8804 -91.2915 9.58125
-19.7297 -2.37147 -0.072857 79.7534 -93.4492 16.2039
-19.4668 -3.22764 1.07439 78.4843 2.1985 16.2509
-19.4757 -0.215748 -0.355546 71.6085 -104.432 -8.22412
-19.4086 -1.65515 5.63621 74.3217 -75.6419 -7.81088
-19.2395 -2.18321 0.410974 78.3494 -62.9053 -7.02305
-19.1269 12.0447 -4.1634 84.1227 -170.578 205.378
-19.2707 1.40106 2.39266 65.9247 -81.1812 -3.87108
-19.082 3.84462 0.768273 76.1401 42.4796 63.5563
-19.1556 -0.0110056 -0.306596 68.6291 -92.3693 -5.923
-19.0994 0.253547 -2.23297 66.6387 -78.5469 -103.504
-19.43 1.713 2.17591 26.0264 -68.5123 -97.7897
-18.8598 0.409741 2.05029 70.0426 -69.8669 113.285
-18.8477 4.17768 1.02665 56.8268 -79.7529 95.4711
-18.862 3.61715 -0.352078 49.9418 -106.359 25.3988
-18.9037 5.57586 -0.580659 45.3552 -98.3415 21.4348
-18.6434 -0.0526747 0.838972 59.664 -105.161 37.4194
-19.0303 5.11149 -1.25514 15.2354 -119.427 -11.784
-18.3216 -2.08645 -0.697106 83.1879 -120.458 67.4421
-18.6991 1.89128 -0.220329 40.0556 -149.121 -35.3942
-18.3472 -1.47319 2.3587 72.4018 -29.2692 92.9457
-17.9594 -7.40663 0.333826 109.597 -99.3983 7.51193
-18.5308 2.04946 0.197901 52.261 -100.62 -4.50454
-18.4761 9.87845 -0.761964 52.8169 -75.1722 -16.497
-18.3156 0.120331 -1.54801 68.425 -81.9415 -69.1732
-18.5159 3.45298 -1.13018 46.9507 -108.762 -14.8802
-17.9936 -7.70467 2.39086 83.2448 1.19065 107.46
-18.1796 5.86463 -0.242382 63.3587 -76.6838 27.3628
-17.8981 -4.55694 -1.41677 88.0307 -70.2781 -57.9755
-18.4608 4.02693 -1.39064 30.3754 -135.821 -55.87
-18.1209 -3.70535 -0.936723 62.4732 -57.6166 -15.9965
-17.7556 -6.41563 0.546249 94.8899 -55.9917 18.4979
-17.9632 -2.53313 -2.725 72.1738 -99.0605 -24.5296
-18.3014 6.91144 -1.58056 37.282 -104.352 -40.4414
-18.07 -2.69514 0.741599 58.9763 -63.4436 -68.4584
-18.0985 1.93276 -1.71642 53.196 -102.205 -101.122
-17.4946 6.43241 -1.83267 107.114 -44.9191 -44.4413
-18.1864 7.22919 -1.69471 32.613 -109.848 -84.6069
-17.583 -3.1918 0.78672 90.5272 -30.0663 76.8469
-17.9474 8.18867 -1.19114 54.1392 -65.9734 -59.0985
-17.7153 1.60267 4.95955 67.4975 -72.8962 113.719
-17.5676 -2.69906 0.284125 74.7662 -58.9586 8.93805
-17.5367 -3.2492 1.0933 74.8825 -93.5713 6.84795
-17.348 -7.77542 -0.436562 87.6786 -27.5411 -9.9114
-17.461 -2.38219 -0.0931852 71.211 -97.0378 12.8987
-17.1104 -8.00912 -1.00678 105.356 -92.8672 61.3147
-17.9098 6.25175 0.228364 25.8611 -123.024 49.8641
-17.6338 3.47572 -2.52799 48.3964 -95.1612 -87.5124
-17.262 -7.64826 1.47864 84.5043 -10.035 61.762
-17.4567 -1.49956 0.368144 62.6178 -109.566 85.344
-17.3241 0.138166 -2.5795 74.5582 11.926 56.0084
-16.253 -9.98266 -0.743909 174.949 -50.5424 -30.1123
-17.4464 2.08231 0.712457 55.4552 -88.2863 22.3066
-17.4633 4.57684 -1.47175 51.1194 -66.419 -20.914
-17.5195 8.91358 -0.163567 39.4073 -88.0224 12.419
-17.0912 -3.08858 2.0268 74.9539 -80.6092 97.3081
-17.353 0.997437 0.163576 42.2566 -139.517 -5.22132
-17.1258 0.441314 -0.685505 60.5313 -59.6656 -26.1328
-17.2836 4.70022 -1.52623 34.9997 -103.099 -35.1221
-17.0996 2.41549 -0.59939 49.0094 -99.1072 -36.8464
-17.0133 -6.14735 0.188732 55.385 -125.033 3.29918
-16.7682 -4.35926 1.89882 77.8772 -101.512 117.526
-16.5761 -8.22188 2.00141 94.0965 -48.9702 88.5744
-16.4869 -6.95289 -1.07963 102.18 -98.5979 -63.2984
-16.9814 3.64324 1.46212 51.5832 -78.0813 113.23
-16.8322 -2.13775 0.0345484 64.531 -99.694 0.469443
-17.2797 0.621136 -19.1186 16.6657 -141.733 -13.8001
-16.7495 -1.0766 -1.15852 63.5284 -118.415 -32.0761
-17.2123 7.67105 -0.495671 13.0384 -126.53 -5.33268
-16.9602 9.74897 2.14514 28.3076 -98.668 92.2931
-16.3357 -7.54636 2.06184 86.8697 -22.4015 91.8996
-16.3715 -7.38993 -0.893783 81.9276 -15.7141 -57.7062
-16.9644 11.8257 1.00247 21.5115 -102.463 27.8925
-16.9422 6.36331 -0.950473 19.7259 -115.815 -47.0205
-16.7574 6.98837 0.124362 32.6288 -94.7809 48.4322
-16.3993 -2.73329 -1.99048 68.1205 -22.8424 -80.0523
-16.7549 2.03599 -2.47718 26.0835 -148.809 -87.8135
-16.2799 -8.94165 0.14907 71.0628 11.6168 1.89336
-16.4252 11.5855 0.676926 52.4429 -62.7495 33.0739
-15.8134 -4.39752 -1.70287 111.337 80.5266 -24.3518
-16.8811 6.67026 -0.850561 3.2238 -145.145 -8.78061
-16.6043 2.38202 0.182524 28.9106 -129.908 46.6455
-16.075 -4.71939 -1.6788 80.85 -119.553 -53.5641
-15.5794 -36.9852 4.06163 129.936 219.983 -117.908
-15.9851 -12.5297 -0.502277 88.4636 -21.5167 35.6003
-16.3121 -9.70167 -1.11805 50.2251 -26.5628 -63.3008
-16.0742 -3.36279 2.06013 72.2906 -98.8567 99.3014
-15.8962 -9.05008 1.06979 85.134 23.7867 43.3713
-16.7539 5.37329 0.289781 -1.92808 -150.375 15.7365
-16.0187 -9.13744 0.961318 69.5513 -26.1593 26.8043
-16.6854 9.6622 -3.69853 1.91526 -126.314 -41.7307
-15.9361 -3.21497 -1.26815 74.7585 -80.6619 -94.3078
-15.8454 0.373304 6.72222 82.7458 -4.41095 -100.27
-15.4525 -10.5148 -0.450174 118.606 -62.4013 -16.684
-16.4551 6.54009 -0.975346 16.3432 -157.859 -26.9091
-16.334 7.39846 -3.04575 23.1743 -103.913 -120.237
-16.3639 9.18159 0.726725 19.3067 -36.8366 50.6004
-16.2131 2.79828 2.06486 31.136 -98.1128 -45.4921
-16.1135 13.1285 1.51678 39.0007 -80.0068 42.5468
-16.349 5.07042 -0.557751 14.3884 -76.2416 -2.71489
-16.1959 15.9744 -11.3019 26.2751 -123.151 -21.0204
-16.489 8.45128 1.78731 -2.84434 -127.64 75.1879
-15.8066 -2.92798 -2.19354 64.3646 -126.908 -95.117
-16.1208 4.12595 0.327544 33.0566 -168.571 78.5356
-15.5987 -5.99834 -2.27033 84.7558 -57.0125 -87.9673
-16.1776 2.1884 -1.48588 24.7739 -146.775 -111.233
-15.7201 -6.57199 -0.0709178 69.4311 7.80358 -15.4213
-16.1327 1.77969 -3.34884 24.3092 -152.2 -133.379
-15.8864 -1.31453 -0.46171 44.1768 -153.213 -27.6546
-16.2563 2.94569 -2.46433 7.1834 -166.119 -82.6715
-15.422 -9.192 1.11318 89.3492 -20.7389 95.62
-14.7302 -15.4118 -2.66718 152.606 -141.858 70.4902
-15.6473 7.79144 1.61234 57.9329 -38.3846 122.293
-15.1081 -12.8835 2.54448 108.095 -14.7017 72.4999
-16.0146 1.73659 -0.786602 16.7109 -164.671 -75.131
-15.7031 7.16243 -2.37463 45.1828 -65.1796 -80.0484
-15.1571 -8.0556 -2.16101 97.0198 -80.2297 -98.5053
-16.0905 10.1241 0.802546 4.22704 -119.03 23.7128
-15.1718 -8.55825 0.776147 91.717 -39.4834 12.3926
-15.1977 -4.45635 -3.03179 82.1773 -88.1934 -141.72
-15.1122 -24.8766 -9.51881 83.7966 -83.9158 -129.129
-15.9716 1.3618 2.1398 -3.35275 -226.521 146.884
-15.5604 2.58176 -2.21951 37.3983 -107.013 -76.8824
-15.2688 -2.81788 -1.85067 63.0136 -123.045 -118.427
-14.672 -31.2777 2.64131 120.569 123.354 1.07725
-16.0845 8.24036 -1.81745 -31.3415 -174.955 -11.3194
-14.7501 -7.4013 -1.06434 99.9049 -110.275 -84.6766
-15.0425 -4.19331 0.399752 69.882 -151.046 -21.6535
-15.4616 -0.224291 0.233224 26.2738 -178.315 -0.0562088
-14.8918 -7.57717 -2.00161 81.695 -20.046 -99.2289
-14.6505 -8.96605 2.51042 102.676 -67.1999 100.685
-15.5513 6.70662 -0.12952 6.8509 -122.799 11.1888
-14.5443 -19.9372 -3.26935 105.016 -202.705 -90.5042
-14.8276 -5.04136 2.21318 75.3529 -49.7103 106.297
-15.9333 5.38015 -1.94458 -34.8598 -176.938 -81.2109
-14.8427 -4.14383 -1.45087 67.0512 -138.025 -71.3052
-15.2783 1.51765 2.37299 21.2931 -168.664 45.0786
-14.9927 -0.262576 3.56086 41.0701 -115.947 149.99
-15.4075 6.40295 -2.08422 -1.13277 -129.289 -88.1219
-14.5696 -6.95308 -3.44532 82.089 -29.4356 -185.65
-14.8716 3.80482 0.937444 52.0394 -147.423 49.8844
-14.227 -12.8382 2.5553 110.924 35.6313 -125.569
-15.3219 4.91742 -1.68555 1.19599 -146.625 -48.1856
-15.1571 1.92478 -0.73474 16.2886 -141.761 -70.6347
-14.9189 -0.0866668 2.58705 38.4426 -124.407 138.406
-15.0475 10.8609 2.4222 24.6491 -84.6663 75.715
-14.7788 12.608 -0.961589 51.2889 -58.1971 -80.722
-15.0445 3.69075 3.97814 20.3822 -64.5199 -94.2641
-14.7863 10.5918 -2.46738 44.2273 -60.8497 0.384407
-14.3357 -12.8911 -0.598778 87.0452 13.684 13.9656
-14.3603 6.94793 0.843639 72.2279 35.599 86.065
-14.2 -7.02066 1.98482 82.8533 -51.5654 110.615
-14.1249 -10.6186 -1.55941 88.845 -9.74577 -97.4625
-13.5749 -11.898 -2.09787 141.359 9.83978 242.334
-14.5729 8.59968 2.39401 41.5843 -70.1283 28.5845
-14.8129 6.64926 1.64407 10.1649 -105.87 100.228
-14.7528 2.40398 -1.6928 11.9018 -145.405 -74.2761
-14.0692 -5.37592 0.801496 78.0392 -170.541 58.817
-13.9187 -7.61096 2.13626 91.7082 -71.9277 97.2743
-15.1959 3.05004 1.19098 -39.5867 -209.835 61.2193
-14.2868 -1.73747 2.026 47.4169 -142.005 125.056
-14.7958 7.37739 -1.17716 -8.08508 -121.272 -73.2349
-13.4958 -2.65912 -4.78367 118.72 -4.41743 21.2824
-13.7801 -5.5288 1.53624 86.0505 -153.451 88.628
-14.2222 -2.7458 -0.105881 41.963 -192.447 16.8605
-13.9518 -3.89329 -2.97196 66.8548 -97.676 -132.635
-14.417 11.5424 -1.37039 19.8832 -86.5894 51.8571
-14.6843 7.12193 2.06332 -9.02974 -129.806 90.9576
-14.164 -1.19201 2.38044 42.5885 -127.52 127.549
-13.9446 -4.37084 2.18517 64.2928 -164.543 71.8275
-13.6448 -9.13693 1.02897 91.7998 -116.819 60.9699
-13.37 -12.4488 0.968778 118.951 -45.5794 65.819
-14.1225 10.4095 -1.58006 43.2089 -57.7954 -95.6693
-14.5339 10.5727 2.73141 0.787828 -106.447 108.781
-14.1929 -2.3982 0.743703 33.6132 -187.927 44.6089
-14.2979 -0.923231 1.28284 21.8749 -200.639 54.016
-14.6577 7.20562 2.66578 -23.8229 -36.6145 156.261
-13.1162 -0.862071 2.10297 127.099 88.6079 -8.3482
-13.1261 -7.88581 6.06577 123.05 -94.788 -160.481
-14.2315 12.3301 -1.96952 11.476 -91.8122 -37.5077
-14.545 1.07769 1.3547 -20.2622 -205.001 120.414
-13.3336 -15.2981 1.69702 98.8353 11.7614 56.0555
-14.0448 1.89261 2.94507 25.5199 -116.378 180.798
-14.4974 1.0879 -0.99015 -21.6146 -215.432 -14.0074
-13.7376 -0.118309 -3.98808 49.2832 -71.8399 -195.038
-13.2014 -15.0259 1.76931 101.848 -5.4229 -18.7634
-14.145 4.19616 -5.51361 5.94216 24.7381 9.21093
-13.2223 -12.4907 0.5011 96.8192 -4.24822 67.1157
-13.0047 -7.93288 0.64032 113.267 -109.164 42.1605
-13.1475 -15.3906 0.588525 96.3577 36.8331 116.193
-13.0404 -7.15891 -0.33933 106.399 -155.091 -24.2463
-14.5418 10.4459 0.368493 -44.0574 -150.663 26.2994
-13.5022 -3.6281 1.08482 53.0514 -176.186 77.009
-13.2326 -9.96873 -2.37703 78.6658 -5.78244 -118.318
-13.1324 -7.29095 -2.32962 87.0104 -84.1621 -108.462
-13.0361 -12.3943 -0.0139428 96.4152 -7.42448 40.5025
-13.0831 -12.0029 -1.05664 85.5495 5.43912 -12.7533
-12.8249 -7.20912 -1.19251 105.153 -160.922 -67.3321
-12.8435 -6.59794 -1.4582 103.246 -174.92 -63.7582
-12.6505 -4.96579 -7.91111 122.414 -142.891 -29.0185
-13.9418 7.77733 1.29646 -9.62541 -117.622 64.6967
-13.143 -4.24316 2.48516 67.6312 -150.55 127.758
-13.5476 -2.03758 -0.441966 21.7196 -202.683 6.80938
-13.9318 10.1788 2.03392 -17.1837 -116.216 75.1654
-13.793 14.8965 -2.29518 -3.61277 -275.818 166.443
-13.0065 -8.3863 3.07487 71.3935 73.6849 12.9956
-13.1524 -4.11486 0.899025 55.7075 -191.401 24.1799
-13.9312 4.78324 1.17225 -22.352 -155.43 74.6142
-13.1166 -9.87864 -2.14556 57.969 30.3249 -93.4207
-12.6161 -8.06969 -2.47858 105.691 -84.6757 -123.61
-12.7648 -6.20716 -2.78914 88.8403 -131.367 -146.346
-12.5518 -10.6664 1.42612 108.999 -143.537 56.1934
-13.3284 12.6557 -2.13706 31.835 -70.708 -69.2106
-14.1314 5.33571 -0.262181 -50.1636 -174.09 -25.515
-12.4443 -14.3644 1.36708 117.028 -20.224 66.5065
-13.3666 16.6529 6.19397 24.9939 -104.455 -86.6879
-13.4764 -0.863485 -1.82508 12.7746 -187.153 -102.6
-13.4812 -1.64327 0.790912 6.10913 -241.302 -1.85473
-11.9029 -12.9022 -0.0677936 158.383 -94.1399 12.6013
-12.537 -10.1084 -1.86267 82.7628 -12.0668 -139.544
-12.035 -13.0311 -2.43832 132.214 -51.8714 -83.0587
-12.3937 -6.88885 0.114292 96.2141 -195.944 15.4615
-12.4605 -11.6612 -3.46425 88.856 -0.394472 -136.192
-12.8419 -3.92862 1.09747 49.0956 -191.783 76.5285
-11.8928 -8.89275 -1.42313 140.267 -60.6122 -76.5419
-13.0289 5.22608 3.57075 21.8777 -82.4139 213.387
-13.7467 4.88648 -1.51749 -51.8832 -182.681 -88.6834
-12.1418 -11.2317 0.325784 106.618 -34.3233 -2.84896
-12.4687 -11.6502 -1.22679 63.6927 -28.4878 42.0228
-11.977 -14.118 -0.240754 112.227 -16.6656 -25.4475
-11.8171 -15.0354 0.826663 119.752 -16.9707 51.8153
-13.123 9.65714 -1.76504 -12.3813 -109.451 -115.721
-13.4169 9.97077 -1.44239 -42.0617 -136.766 -37.8682
-11.715 -15.693 1.85801 121.568 -7.60048 67.685
-11.8079 -23.0728 0.522032 111.052 -84.8696 -46.305
-13.1266 14.9199 0.800195 -20.5524 -108.618 -11.503
-12.9531 15.2994 -1.30057e-05 -4.88736 -98.638 -52.5748
-13.6205 8.68945 1.0799 -75.0248 -161.266 106.909
-13.0617 -0.152668 0.016453 -26.6984 -210.035 37.2045
-12.0489 -11.9191 6.4157 71.0088 -28.9627 -24.0346
-12.9556 14.3009 2.23985 -32.0169 -112.964 63.0146
-11.7871 -14.4829 2.23338 83.7039 -36.3161 117.932
-12.9616 6.04363 3.48329 -34.6228 64.2253 -55.2996
-12.5603 15.6138 1.12349 2.91719 -99.2588 50.8454
-12.836 11.4718 -1.42211 -24.8543 -111.466 -50.5981
-12.5731 -4.00195 8.19909 -0.40564 38.4496 44.8891
-13.3577 8.28235 4.46994 -79.4693 -161.784 99.2732
-11.4018 -10.254 1.49201 114.21 -84.2509 69.1651
-11.8209 -4.98581 2.64318 69.7085 -193.84 135.588
-11.2232 -9.36826 -0.295527 127.062 -124.665 -18.879
-11.4198 -13.5084 0.468218 104.499 30.1656 20.1972
-11.68 -12.7829 -0.192982 70.7122 25.4697 -35.3221
-13.069 11.1811 0.62597 -68.9602 -155.491 30.5282
-11.2147 -11.7311 0.536238 113.269 -35.6296 64.2536
-12.3471 13.0752 2.55682 -6.64123 -99.6553 133.133
-12.6686 13.4738 0.816732 -42.7293 -120.981 -7.00183
-11.243 -7.28249 -2.60075 94.4408 -107.537 -140.754
-11.4777 -6.17304 -0.102554 68.3053 -211.714 -31.9821
-12.565 9.04314 -2.56018 -48.387 -136.706 -4.52564
-10.737 -11.6273 5.67284 133.154 -158.32 28.5712
-12.0268 12.6001 0.0173427 -4.90342 -97.385 -0.309927
-10.8466 -8.03882 -2.20711 109.45 -147.824 -120.754
-12.8995 11.6466 1.47438 -96.1263 -157.545 29.6647
-11.2398 -16.1484 1.17103 66.4465 47.8055 34.5632
-10.6782 -11.6884 -2.61705 119.424 -50.6859 -96.5474
-10.8416 4.22057 6.74682 103.049 48.4889 -55.2103
-11.0667 -48.92 37.0373 79.8946 169.638 -124.609
-10.9594 -12.816 2.07029 89.9791 6.30495 79.9356
-10.868 -6.04635 0.33859 95.5848 -205.385 -2.62944
-12.6815 7.53071 0.528149 -84.6554 -164.001 74.1143
-10.4324 -14.3525 1.74074 131.964 -42.4108 97.2937
-10.9892 -5.12698 6.2483 64.108 -193.351 -5.54249
-11.144 -4.63614 3.96594 46.2976 -241.008 19.0738
-10.8762 -6.3549 11.7128 68.331 -65.1965 -51.6606
-10.8489 -5.49133 2.01263 70.5901 -195.316 123.682
-10.4015 -11.7257 -0.680326 105.139 59.3258 -35.3611
-10.2508 -14.1038 0.112225 117.308 -13.4542 -17.8126
-11.653 11.6921 2.60078 -23.1329 -106.098 135.052
-12.0945 13.7914 -1.4887 -75.7276 -133.623 -43.6893
-9.93244 -17.8516 0.378649 135.263 -230.71 25.1142
-11.6362 12.3189 3.92586 -36.2357 -94.3298 76.998
-10.0459 -13.6867 2.79193 111.086 -10.6139 118.478
-9.39746 -12.4697 -2.26751 164.941 -106.095 -79.9024
-9.33099 -13.1509 -3.13343 169.833 -26.4279 113.549
-10.325 -11.4374 3.09373 66.8079 19.9243 133.888
-9.34436 -13.5551 0.260444 163.358 -91.5595 -16.6021
-9.76896 -9.16673 -5.75949 117.698 13.7707 -143.851
-10.1725 -11.8777 2.26136 75.306 10.525 122.685
-11.4589 11.668 1.75032 -54.9348 -113.867 46.1997
-11.3766 15.897 -1.22291 -48.1868 -124.288 -16.4421
-9.68784 -16.7016 0.420831 117.725 9.86066 -11.3048
-10.0296 -17.4488 2.87875 83.5312 17.491 49.009
-9.50638 -19.9288 8.19463 135.465 -64.0145 80.8905
-9.94099 -6.35475 1.63109 87.0452 -226.479 90.7547
-10.8097 1.4473 -4.20156 -2.2263 125.174 -72.4615
-11.0233 10.7088 -0.254082 -25.0843 -214.934 -64.3335
-9.12776 -13.9232 -0.508581 157.81 -62.3529 -17.1513
-8.69219 -16.443 -1.04654 196.583 115.785 -131.875
-11.8603 9.90069 0.704391 -118.129 -145.839 -3.29483
-8.70965 -10.6042 -0.047645 194.255 108.471 10.237
-10.2813 18.0709 -6.03568 31.1132 -60.5301 -100.818
-10.8798 16.6082 2.45419 -29.1317 -99.9546 63.9495
-9.08275 -14.3744 -1.22771 140.157 -33.8169 -38.1194
-9.83264 -4.59692 4.11447 62.8559 -114.331 215.818
-8.98338 -13.5415 -0.681394 146.009 -62.8356 -26.1662
-10.4415 14.8354 0.749138 -17.7445 -93.8678 45.0451
-8.78442 -17.0232 1.62234 143.122 -127.803 91.1158
-10.379 15.5293 2.87429 -32.3541 -103.046 88.5234
-10.4496 15.2161 0.048195 -43.2244 -105.743 -53.7233
-8.70723 -17.8411 -12.7269 125.762 -113.095 -216.1
-10.2174 16.3312 0.673977 -35.4048 -105.872 51.4357
-10.4118 13.9441 -0.279702 -56.6355 -122.301 26.3777
-8.40711 -13.6866 -0.960561 141.912 -121.734 -120.017
-8.40679 -14.8097 -1.66508 138.768 45.2325 -21.1084
-9.30322 -32.5269 6.83519 47.2868 236.781 -147.708
-8.16401 -13.6428 0.879206 144.776 -45.2342 66.8788
-8.82332 -16.9878 -1.45941 73.7087 44.6928 -32.7914
-8.37445 -13.0761 -0.43492 115.987 -109.887 -47.5827
-8.00628 -13.2438 0.916526 144.032 -35.1279 68.4186
-8.36294 -17.6021 0.428234 107.225 31.3331 63.5893
-9.79927 13.0714 -1.43806 -37.5371 -96.6691 -66.425
-9.74653 3.58721 -4.27005 -35.4421 -124.209 -224.627
-7.92386 -13.0948 -2.07618 142.518 -34.1605 -83.3354
-8.58784 -15.1599 -5.79783 68.4591 -68.667 1.11019
-8.1569 -14.9754 0.138159 111.024 -40.3665 -10.4795
-9.14641 15.1729 2.57753 5.66637 -77.114 76.3172
-8.38895 -12.5971 6.19397 80.5817 12.2017 -52.0785
-10.3772 13.9833 -2.38237 -117.095 -231.585 -233.559
-7.2625 -13.9122 -0.0427217 190.356 -89.9192 -22.7684
-8.06372 -13.8602 2.25537 108.131 -2.90407 65.2915
-10.301 10.2592 -1.30265 -124.933 -136.527 -60.4324
-9.86328 14.756 -0.376108 -85.1793 -126.779 -24.0045
-10.1632 12.673 0.102203 -115.192 -131.351 19.5211
-9.19466 13.552 -4.05289 -25.0432 -89.2856 -167.253
-9.30396 13.4854 1.68917 -39.0924 -96.2245 35.5898
-7.51977 -11.8838 3.00081 135.617 -66.4871 159.098
-7.11061 -13.5132 0.470607 175.493 -64.8324 45.2844
-6.99532 -11.0866 -1.27474 181.535 -20.6919 -80.325
-7.79828 -13.5652 -1.79172 97.1255 5.12487 -117.096
-8.57092 14.878 -0.201483 20.135 -65.5898 -62.6936
-9.87727 13.1161 -16.023 -110.904 -74.0159 -302.959
-9.05349 13.3243 -0.78636 -33.6168 -91.386 -88.9178
-7.75628 -39.5307 -3.30785 94.7797 -55.8042 -35.275
-7.87087 -19.2243 0.836261 78.7676 56.4915 24.8772
-8.72144 -4.38924 1.00547 -5.8044 -260.761 54.9373
-9.95432 13.9471 0.292919 -134.732 -131.567 -29.9456
-8.12535 -13.7674 -0.93989 45.5799 99.3558 -49.3149
-7.35252 -16.591 -0.911117 120.322 16.3537 -7.23023
-7.28177 -13.4745 3.51332 122.861 -12.8826 158.76
-10.3259 19.9347 -4.5465 -189.887 -45.5377 12.7121
-7.89817 -20.0556 -4.47609 39.8947 71.7789 -20.2195
-7.76388 -16.9863 -0.770598 50.7149 57.722 -70.8734
-7.13804 -8.54276 3.65754 111.368 -85.1958 195.148
-7.37879 -17.95 -1.37618 87.1434 43.9393 -102.75
-7.24566 -17.5999 -0.783123 99.9946 73.2608 -73.358
-8.42132 12.0018 -6.40073 -25.136 -55.8353 44.5942
-7.41998 -17.8127 -0.95776 71.943 -0.891442 -54.1087
-8.17639 14.9412 2.05873 -18.8641 -82.294 83.0019
-7.37814 -14.8434 -5.24385 59.0566 31.3302 16.2699
-6.58376 -16.7777 -1.49332 135.126 -38.2745 -40.3418
-6.84217 -18.5881 -1.85776 102.429 44.7183 -73.2335
-7.75134 18.0635 -0.816111 3.40465 -83.1053 -50.2684
-8.43093 16.1481 2.3529 -66.2573 -100.506 120.298
-6.59873 -9.83262 -3.97965 115.106 -61.4396 -209.784
-6.92557 -12.9743 2.28103 81.079 -36.1313 -89.1506
-8.08541 16.3864 0.242549 -45.3807 -97.0492 13.4584
-6.19576 -18.1708 0.373656 141.866 22.0539 -13.7816
-6.36978 -12.9941 1.73001 113.567 143.521 84.0326
-6.44441 -17.0194 -0.237494 105.909 32.0313 -43.0479
-5.83928 -17.2065 -0.756076 160.14 -13.0658 43.4346
-5.85369 -15.595 -0.281823 153.498 -7.46992 21.2589
-8.90263 12.587 -0.53964 -149.776 -128.979 -26.3491
-8.39376 10.843 0.00499835 -100.457 -264.468 9.24425
-5.75116 -16.9211 -0.150433 161.023 56.4161 -14.2747
-6.51471 -17.6456 1.90332 78.6246 48.1595 42.7337
-8.25506 17.242 3.42193 -95.7192 35.3704 173.072
-7.9018 12.859 -2.76028 -70.7674 -96.0099 -179.689
-7.39042 15.3327 -0.560766 -31.5339 -87.2582 -36.1371
-6.11515 -15.8687 -0.550717 93.6302 30.4271 -56.8289
-6.44767 -12.5713 -2.8526 54.9017 -124.028 -19.0167
-6.22565 -39.0403 6.26631 76.7843 8.7145 38.8692
-5.22509 -17.2369 -2.13287 164.956 20.0073 -32.6337
-6.75388 16.2575 0.59335 11.3639 24.3471 56.0079
-6.67823 0.950829 4.1664 8.06592 136.433 85.1254
-7.75835 12.6021 -3.1126 -100.532 -98.5735 -164.202
-5.68477 -15.4935 -1.57409 104.285 26.3955 -107.845
-6.87336 18.809 0.28859 -17.5118 -87.9391 18.6838
-6.86294 15.2135 -1.20222 -21.531 -60.0417 -58.7898
-6.81013 17.9449 -3.42183 -19.4736 -40.8724 -147.197
-6.14403 -3.48763 5.13392 44.8037 -121.195 247.181
-4.86425 -0.411618 -0.137673 164.911 -138.002 104.203
-6.68678 19.5719 4.43583 -20.1313 -97.543 -90.7795
-5.21308 -14.4737 -3.2192 118.918 -64.3315 -133.575
-5.10205 -19.0973 -2.44287 126.243 -165.888 -95.6719
-7.98954 13.0024 -1.41004 -160.835 -108.698 -68.3903
-6.25472 16.2836 0.565681 10.6724 -151.073 -55.7426
-4.7481 -14.1129 -1.977 160.113 -18.249 -68.469
-6.30717 17.6096 -2.74496 -10.7092 -79.8484 -135.18
-6.85377 15.4709 -2.23003 -69.7079 -89.5405 -109.493
-6.14589 17.5694 -2.32962 -13.3045 -76.7697 40.1216
-5.23405 -12.9136 -3.11595 65.6473 29.9288 -181.5
-5.01512 5.26705 -4.89117 79.2066 87.9074 18.9577
-3.86016 -12.4603 -3.01614 182.724 23.5794 -121.997
-6.25383 13.6572 2.29971 -57.6697 -133.275 37.5724
-4.31431 -14.2136 -2.31237 131.836 4.68325 -142.222
-6.86686 16.4272 1.03768 -124.012 -100.622 71.3817
-3.74933 -11.6331 -1.59782 183.628 -83.5954 -116.266
-6.2497 5.21152 8.34374 -72.1606 -157.109 -44.9252
-7.00313 13.2262 2.25605 -148.243 -96.1413 83.1937
-4.16383 -25.6583 7.90889 124.162 183.05 -104.077
-5.64313 19.608 0.305268 -32.2577 -88.1444 1.3561
-3.25305 -10.739 3.15334 200.249 -135.865 79.7388
-5.97876 16.9443 -0.842987 -79.3532 -88.6457 1.1172
-6.80691 13.2866 -1.20542 -163.989 -92.8665 -25.6074
-5.43807 -1.25815 -5.09307 -31.0612 -156.458 -245.484
-5.05159 -4.479 -11.0017 -3.19857 -92.8322 62.0535
-3.87016 -12.5656 4.5159 112.629 1.90047 206.498
-4.21543 -15.6861 -2.18427 74.8962 40.945 -134.126
-5.57189 5.86685 11.4232 -61.4018 29.6878 16.9305
-6.55002 -2.25278 0.850986 -177.559 -230.586 58.9666
-3.30766 -16.0784 -0.791176 141.961 15.5278 -103.374
-3.59333 -17.7923 2.68158e-05 112.197 39.9868 40.3117
-5.48963 12.9024 -3.43285 -79.8663 -81.9035 -203.604
-3.26247 -18.0686 0.879452 128.881 44.614 88.4685
-4.80651 16.7242 -3.21367 -25.4623 -76.6406 -119.986
-4.2925 1.76533 5.97242 23.8765 -141.1 -2.14629
-4.93331 15.9566 -2.93329 -40.9928 -76.8959 -107.576
-6.54822 19.5159 1.32635 -206.206 -45.2652 56.9487
-3.31404 -18.0387 0.669633 113.834 33.4644 -3.46147
-3.09106 -12.0804 -3.01721 133.666 -11.6047 -173.595
-4.36162 17.637 1.89872 6.97244 -72.4176 140.807
-3.68683 -12.6992 -8.44853 57.859 45.3291 130.711
-2.48264 -12.7244 -1.96949 175.149 -22.1299 -121.314
-1.977 -15.032 -0.124156 217.846 -28.1963 -48.0339
-3.66561 -18.4257 6.8646 44.9049 61.2066 -96.2329
-2.30842 -16.6133 1.4203 175.187 4.81743 48.0741
-4.81852 17.2631 -2.29873 -86.6995 -83.3572 -112.925
-2.91779 -19.2865 -0.440731 96.0948 54.2173 -32.8594
-2.70845 -19.971 -0.106062 114.943 54.4294 -16.2713
-4.81333 15.7168 -1.30963 -99.3994 -82.737 -63.1309
-5.17949 13.7698 3.51467 -142.872 -83.542 131.104
-2.49082 -15.1131 -0.0728692 117.945 89.4787 -15.9834
-3.10727 -18.3906 -0.659129 45.9641 129.322 -5.21626
-4.26275 15.3271 1.51983 -76.023 -75.0678 80.0306
-2.35516 -17.9901 -0.799537 107.145 46.1462 -50.2723
-2.4982 -20.6885 3.39758 89.3406 10.4871 9.20734
-1.54271 -9.90125 3.27201 176.333 -58.9597 185.762
-1.4047 -17.1524 1.12036 187.446 16.4097 24.7979
-2.23388 -14.3942 -0.544459 101.456 174.846 -35.6628
-3.68311 14.8584 -6.94573 -43.3879 -60.0021 0.708717
-4.07373 16.5137 0.471293 -86.6276 -78.5216 71.1326
-2.59475 -15.0061 2.9663 59.4263 46.791 141.937
-3.95133 14.5922 3.26907 -75.7564 -74.1588 116.734
-2.4445 -19.1654 -0.471635 73.7633 110.468 0.575246
-4.76264 16.0792 0.650464 -160.535 -83.2827 65.3308
-4.38354 13.1138 2.08749 -126.472 -65.9631 143.418
-1.05401 -7.1956 0.89914 195.511 88.6355 -7.69575
-3.98026 14.3642 1.46121 -97.373 -69.0169 115.138
-2.37868 -20.7204 -0.0739534 54.8906 73.7913 -34.4876
-2.0089 -19.3203 -1.53059 88.806 65.4788 -58.142
-1.97027 -22.1901 1.22295 91.3452 -25.1286 70.7573
-2.18352 -18.024 0.192238 66.9044 59.5637 27.7608
-3.1564 19.5253 0.0399185 -31.8505 -194.303 7.52449
-2.58737 -18.2469 1.94547 24.0584 69.2386 71.3128
-4.18743 12.2928 2.97123 -150.203 -65.7852 175.283
-3.59252 16.3956 -0.723825 -100.283 -78.4326 -3.90857
-4.53008 11.6593 2.58166 -204.632 -52.7866 137.632
-0.930864 -15.9483 1.08187 150.719 28.8781 46.2207
-4.06087 18.1616 -0.460307 -175.361 8.68125 4.28915
-2.54974 20.3682 -0.0280403 -29.0129 -82.9898 38.806
0.0694547 -21.2428 0.33928 224.742 -160.741 -1.04859
-0.926231 -31.0831 5.6938 124.244 173.028 45.0119
-1.86157 -18.9335 -0.739338 25.1871 73.9104 -5.53229
-0.892083 -19.1246 -0.712387 114.883 56.749 -64.1339
-3.84953 15.978 2.10209 -179.673 -151.206 9.30142
-0.817355 -15.7059 -2.09023 112.342 46.913 -90.2158
-0.81088 -17.5222 1.6289 105.276 50.0189 56.8151
-3.39513 -3.05931 6.82488 -158.226 -96.2246 -49.6577
-1.57918 16.3229 -0.899218 6.90285 -116.975 -22.3183
-2.75077 17.7932 1.52086 -110.256 -74.8896 50.1236
-2.52005 18.1987 -0.163443 -89.1932 -77.0809 2.46565
-3.48294 13.7798 1.82804 -195.974 -60.06 73.2618
-2.28882 17.44 0.340512 -79.0901 -73.7737 27.5329
-1.33589 -12.9536 -0.443977 15.1519 144.131 2.55068
0.204011 -15.0199 -0.595067 165.578 21.7312 34.8896
-0.0654019 -16.1833 0.494134 138.728 83.9095 -1.74235
-0.119665 -16.0756 -0.646961 128.938 50.6655 -56.4282
-0.668407 -17.1205 -2.96449 73.7537 63.3097 -121.359
-1.98783 19.3125 -1.91712 -59.9977 -79.1521 -85.6971
-1.44647 17.634 -0.637455 -7.11621 -71.3417 18.7504
-0.73165 -16.6013 1.3815 60.3179 17.1065 99.6787
-2.4472 17.5621 0.429136 -112.935 43.6569 -39.5856
-2.88541 35.252 -8.99928 -157.853 -55.1407 -66.7057
-2.98282 12.9639 2.50575 -169.242 -46.9346 108.962
-2.96053 15.889 -0.416281 -172.138 -54.4674 -42.9546
-2.97142 16.178 2.164 -173.278 -62.3067 87.1229
0.744573 -18.322 4.71094 192.36 143.091 -19.4978
-0.0726578 4.61884 5.34482 109.015 66.6708 -60.9488
-1.44079 19.8855 0.961792 -31.1434 -80.2185 60.3907
-2.72049 14.9945 -2.50648 -183.063 -39.7127 -98.2641
0.67493 -19.821 -3.50264 151.918 157.148 131.73
1.36468 -14.1275 -1.54733 201.625 10.714 -64.8811
-0.0878129 -17.4476 -0.369979 50.2991 69.5869 -40.3013
0.076767 -19.9066 1.31393 66.0192 73.6775 42.0478
-1.70657 19.5053 0.576668 -113.914 -74.4594 2.1542
1.39502 -15.4044 0.908472 182.82 39.6121 54.4611
-1.33599 17.2939 2.09177 -92.122 -69.4767 81.8444
-1.20054 15.8631 -2.04184 -83.2485 -63.8762 -125.455
-1.25269 18.3316 2.0853 -89.2422 -68.5827 80.2018
-1.30519 20.097 0.948991 -94.6397 -82.1968 20.0274
-1.17378 17.1024 3.32032 -83.614 -67.7735 144.339
-0.787882 17.9369 0.743059 -48.9188 -70.5209 58.5067
0.553387 -16.9111 2.1131 81.1178 68.0916 86.0701
0.326691 -18.1141 -0.545665 55.7403 67.6158 -65.5555
0.743093 -19.7419 0.0234172 96.3514 19.6764 -21.9092
-0.534951 19.1898 -1.8601 -36.7421 -75.3474 -71.839
-1.49588 18.6337 -0.664987 -132.701 -60.6823 2.33177
-2.03988 15.4515 1.30322 -187.466 -41.8278 42.2489
0.87862 -21.7868 15.7774 97.832 60.2093 115.183
0.628573 -14.8903 3.49446 64.014 54.7099 145.787
0.950081 -17.9873 -0.364698 92.3696 139.101 -51.7924
-1.3398 12.809 3.59551 -138.109 -39.4403 162.234
2.21765 -16.5375 -2.08797 212.126 -54.6209 -87.4735
-0.368034 20.5023 -0.307513 -47.5563 -78.5824 -44.0038
0.266397 -0.0953612 0 13.4881 0.376685 0
1.44678 -19.4112 -0.101803 127.894 21.3123 -35.1705
0.192044 17.3562 -2.39914 1.69003 -111.792 -57.6624
1.51813 -15.1091 3.78954 126.257 10.219 -93.3487
1.68485 2.6426 2.88882 140.906 148.503 -5.38056
0.11205 18.8384 0.292176 -20.9663 -74.7058 -11.3966
1.39608 -16.0623 -0.193807 105.407 58.9918 -43.4069
1.29015 -18.3484 1.14381 91.8785 70.3672 40.9238
1.40914 -17.8141 2.34322 97.1971 70.8623 102.103
-0.881819 15.895 -0.178796 -131.587 -46.3567 -33.5652
-0.0436291 17.7755 -0.222635 -56.8995 -64.0893 23.2931
2.14667 -16.4333 1.9286 132.623 68.6463 82.3366
-0.941545 22.0877 -4.2571 -182.922 -199.704 102.032
2.51056 -14.6427 -2.17402 158.64 50.5955 -140.577
0.0378731 17.4199 2.48998 -92.9024 -46.2155 99.3164
1.07932 -17.8402 -0.957674 7.01311 70.9692 -15.2978
2.7156 -13.1447 2.97396 165.833 46.3531 123.159
3.5027 -4.91974 -0.383971 218.678 -206.256 -18.8678
3.90439 -5.69808 0.535782 254.382 72.5183 -46.0055
-1.04205 9.48885 -0.833623 -247.333 118.072 -48.4716
2.34402 -18.2805 -1.04779 85.0898 75.7794 -37.8527
0.85592 19.9188 -0.708127 -66.9866 -71.5621 -66.9593
4.13324 -19.3761 -2.86217 257.334 -89.043 -114.344
2.62819 -19.029 1.44804 98.1278 78.1271 89.1266
1.39217 17.9274 2.5002 -29.3721 -69.9519 98.4339
2.84192 -17.3469 -1.34441 114.313 8.15339 -54.0471
4.37344 -6.28077 3.07585 241.359 28.8322 147.886
1.13974 16.5928 -0.781512 -81.0059 -54.8249 -94.561
0.955827 2.66739 10.6361 -100.163 -14.3024 92.9664
3.40655 -14.9474 0.997638 142.251 138.897 63.4615
0.301737 14.4631 -2.62859 -171.024 -13.7593 -146.86
2.53129 -35.856 -2.15346 33.2039 -18.5034 5.53897
2.82086 -16.6427 0.0776787 60.8551 72.323 58.5473
0.786188 0.630906 -9.13226 -142.733 -25.2902 -96.4728
2.31967 -18.6305 -1.18878 8.31308 74.4727 -63.6284
1.31247 2.48503 0.714104 -91.9647 194.975 -32.2359
0.646998 16.6293 0.894381 -165.271 -28.6508 11.8793
1.29397 17.8849 -0.0940726 -103.88 -52.0338 15.3453
3.04897 -17.6308 0.156309 67.529 76.7116 65.7769
1.93073 17.5115 1.56571 -49.158 -61.2255 21.0316
2.57137 -19.7472 -1.80698 14.4527 79.5218 -95.1374
2.86591 -17.3108 -2.59847 43.4277 71.7465 -134.769
1.67089 19.908 -0.0771884 -81.8858 -66.1598 -69.9103
3.0893 -20.0029 -0.309834 58.0744 84.9381 49.8352
1.0833 15.5438 0.873796 -148.782 -28.4404 29.1914
2.00415 17.8743 0.282335 -70.3668 -69.5452 35.0887
2.14402 17.293 0.209306 -57.2375 -61.6383 30.2782
2.30209 20.747 1.49494 -57.7495 -74.1457 6.58816
1.79529 9.90157 8.66595 -109.509 7.39612 -99.2235
2.44048 18.111 0.50966 -49.1583 -56.693 45.9694
2.43858 12.1833 -4.27807 -58.872 75.337 141.825
4.09492 -15.2925 0.408861 104.159 80.2432 34.8129
4.11587 -18.3804 0.114324 91.9882 37.7028 18.3268
2.20564 16.269 0.906893 -104.303 -41.1696 29.9546
4.96403 -13.5928 -2.56043 158.407 81.4607 -116.928
4.95734 -15.9249 0.144209 156.829 71.8964 4.33457
2.45986 16.9533 0.595777 -109.545 -60.9106 96.6064
4.4319 -17.0181 0.646799 85.1944 80.6226 -12.71
3.63182 -15.7399 -3.37664 1.88275 89.6186 -155.008
2.35842 17.2104 -1.74245 -147.605 62.8856 -115.031
2.92299 14.8833 4.51471 -97.1383 -65.2623 51.9459
2.81862 16.0868 -2.44929 -108.854 75.8978 -94.459
2.57734 15.3835 -1.05677 -133.401 -55.0149 -54.7007
4.87365 -14.4142 -2.61932 72.767 78.2898 -153.27
2.78361 15.8483 -2.519 -137.561 -131.439 -158.066
4.49414 -18.7365 0.773735 15.9714 82.8162 57.873
2.46635 10.4664 3.68285 -191.816 82.7288 161.45
3.73357 19.285 1.05347 -70.3924 -62.4658 34.1644
3.56703 16.2118 1.8707 -92.3068 -40.3578 94.1635
5.93239 -12.7927 -1.26049 141.233 91.369 -82.7065
3.85026 7.44919 7.96624 -73.58 -150.248 116.63
2.79015 12.4129 -2.84519 -180.982 36.6133 -140.741
5.7165 -17.1481 -0.017145 104.031 85.3076 -5.13075
6.40142 -7.32649 -5.38031 169.883 134.153 -72.982
5.90389 -16.4252 -1.81152 115.495 63.3476 -75.3872
5.88533 -15.135 1.36455 113.564 90.2147 47.203
6.08097 -12.8298 -5.45432 129.995 26.0299 73.4959
6.52237 -12.9596 0.68323 167.784 98.3423 15.3132
3.67 18.1433 0.484394 -118.871 -43.4062 25.7518
5.39865 -19.4909 -1.18567 52.0278 92.1052 -40.4741
4.32339 16.4098 -0.771577 -60.2306 -49.9609 -39.6323
3.24105 16.1168 -0.494588 -172.773 2.25534 -28.0476
3.47526 17.1545 -1.19444 -157.31 -12.8906 -40.2582
6.44884 -12.7801 0.569672 118.861 64.6051 160.838
4.10241 16.6063 0.567695 -119.433 -24.4503 48.5901
3.95716 13.8927 -1.30335 -139.793 6.23791 -117.148
6.4 -34.3936 -9.32063 102.615 103.822 -47.1021
3.94526 30.3761 0.554706 -143.236 -285.202 136.843
4.15222 24.4661 -10.2925 -125.501 -92.118 30.5724
4.98016 17.1802 -6.59359 -46.9216 -6.14812 -226.571
6.00324 0.672765 2.62206 52.3337 186.774 32.307
3.94932 14.6792 -0.352064 -154.613 16.4979 -71.1522
4.66851 18.672 2.5373 -87.1334 -47.8522 93.0905
4.32717 9.38404 5.08015 -129.912 153.165 -58.82
6.74262 -11.5393 2.20826 106.376 -81.056 -59.7236
6.69734 -13.0926 4.99046 85.4196 143.576 43.3271
3.92189 14.6832 -1.36588 -190.932 28.041 -65.1483
7.3392 -11.2835 2.00947 147.508 117.303 88.1008
4.76945 16.1877 1.05976 -108.544 -25.9359 50.5343
5.80775 -9.56045 -6.75485 -21.2042 -52.4882 110.255
7.08435 -12.9282 2.61121 104.539 95.8835 110.992
6.47265 -15.7093 2.24539 42.8939 82.9943 92.4029
6.83044 -14.7976 -0.0490889 73.7659 90.336 -21.631
5.48108 18.9665 0.00377661 -60.6159 -9.07471 83.042
7.47836 -13.1308 -0.308894 130.078 101.717 -34.2149
7.11253 -14.5781 2.45055 87.6751 101.485 102.361
4.61044 10.0339 3.82387 -164.465 81.5355 180.02
7.10503 -16.0425 -0.176012 70.7259 309.498 146.498
5.17439 18.2037 -0.521051 -131.339 -28.4528 -29.8912
7.63775 -14.9748 -1.45252 107.927 101.547 -94.3769
4.60227 16.1613 0.0899055 -194.563 32.9363 8.95242
5.35767 25.8974 -3.79303 -149.992 -176.75 118.256
5.84534 15.9139 0.37019 -106.501 -19.1367 -41.7853
5.85274 19.8157 0.912867 -107.765 -99.7134 -18.6925
7.16821 -13.2438 -1.4736 20.9801 6.03221 146.901
5.77609 20.5119 6.36949 -120.461 -73.1239 -49.8036
7.22198 -14.6893 -1.45458 21.816 80.9857 -68.578
7.76816 -17.6406 -0.442547 70.974 100.898 -46.4953
8.28563 -16.0027 0.0531778 119.203 115.894 -19.7497
5.00425 14.1177 -1.76117 -212.557 -4.72292 -53.3089
6.77865 16.4782 1.10423 -43.5865 -57.8523 86.0596
7.7836 -18.6604 0.631343 55.0166 100.887 6.6267
5.83597 17.6108 0.216768 -142.649 -6.33188 -54.9184
6.16898 17.9238 6.0539 -111.523 -30.7591 -91.0347
6.20803 14.7576 -0.421008 -107.806 99.1432 69.3473
6.53198 14.4848 2.36777 -76.6741 -25.3346 106.769
6.37599 14.196 -1.84778 -94.1285 -43.9364 -88.1913
7.3075 -16.0395 0.642795 -6.16937 76.3022 52.5088
8.72556 -10.8608 -2.69316 130.445 125.506 -114.874
7.76276 -19.0986 -0.365149 33.0626 95.9452 -48.5419
7.5828 9.57507 -10.5546 11.7375 -42.772 50.5133
7.13147 14.8783 -2.09887 -56.1458 -16.2452 -103.097
8.86256 -14.4254 1.30007 108.483 108.274 35.9106
6.94071 18.5009 1.01123 -82.5122 -47.8989 26.5297
8.74611 -14.6503 -1.11945 96.7843 111.194 -87.104
6.35695 15.6977 -1.04867 -140.803 80.7756 -18.2203
8.70975 -15.1132 0.590407 87.3856 106.385 -1.19569
8.85267 -16.0461 -2.06472 93.0995 39.0372 -98.4876
8.87609 -17.1108 -4.85033 91.2308 134.204 19.917
8.46647 -14.4967 -1.90214 46.1333 95.8535 -69.9107
7.41934 15.5565 0.255082 -73.2661 -36.8694 17.5351
7.43498 15.8965 2.66395 -74.3393 -34.6593 120.369
8.41942 -13.9051 2.45004 21.6625 85.2701 115.822
9.29398 -15.8734 -3.66897 108.303 85.4531 -194.757
6.55177 14.8412 1.05858 -175.243 36.6204 76.8495
9.20329 -16.4145 0.562613 84.3125 109.666 -5.07013
8.41832 -16.555 -0.413347 1.54114 83.0855 8.37859
9.72382 -15.3262 0.67473 116.973 124.33 39.6975
7.09904 20.3441 2.45799 -144.205 -127.624 -47.283
9.00727 -16.2448 2.88811 40.5145 127.577 -173.519
7.29314 17.8705 1.24481 -132.216 -16.2456 68.188
10.0377 -14.2924 0.994625 137.151 161.462 53.4521
9.50138 -11.0397 2.25305 78.5969 110.992 131.04
9.48461 -11.7575 -3.89527 59.7911 104.538 -179.503
7.71856 14.3486 -1.45513 -119.745 6.41753 -50.5079
10.1651 -8.8037 3.8435 116.247 53.4936 -97.1445
9.86243 -15.6298 -0.190813 79.7074 118.975 19.2975
9.20615 -14.2065 -1.3389 -2.69833 85.0008 -40.9204
8.64336 8.86132 4.5909 -59.7807 -3.22113 229.916
10.0405 -8.97302 -1.74246 77.6582 113.66 -150.118
7.79192 11.8007 1.3952 -158.832 94.7828 67.8271
9.52814 -15.9972 -1.20537 6.77017 86.3026 21.4087
10.1429 -12.5943 -1.04314 64.0293 110.598 -33.8686
8.22276 8.11822 -2.22239 -133.738 173.534 -116.025
8.89892 14.4646 0.0311821 -85.2747 -23.2837 26.0112
8.44384 11.1249 -2.4662 -131.613 55.3091 -127.712
9.93695 -11.3543 -9.84629 15.0832 62.4935 8.26387
8.19533 12.3366 -0.701575 -157.939 104.174 -38.4356
8.91938 14.603 1.22067 -86.1322 -19.9677 19.3227
8.10521 33.692 -12.2415 -169.98 -160.542 114.7
8.59643 15.5527 3.03693 -121.431 1.3601 109.786
8.85388 9.93286 -3.60905 -121.058 83.7149 -149.138
10.5535 -5.93748 3.74973 46.6373 124.176 185.211
8.52066 14.3537 -0.828984 -155.573 43.1749 14.5803
9.45248 14.3908 0.252601 -64.2907 -37.9859 -30.0991
10.9171 -14.2768 -1.49025 66.5803 100.012 -39.0206
9.26755 12.1519 -2.90567 -100.385 4.70913 -166.573
9.42688 13.8165 -2.31251 -85.2771 -15.6793 -75.8126
11.1756 -10.9355 -1.03286 84.3668 241.643 -35.1397
11.0571 -16.1985 1.39719 72.3868 2.22944 71.6578
9.62158 11.6224 -4.08211 -76.0011 -10.1295 -196.539
9.27495 15.9879 2.43262 -110.553 -9.75693 77.3345
10.659 -15.3744 -0.189866 22.432 117.083 36.6715
10.6506 -10.6636 3.28906 16.3329 89.8619 203.018
9.14721 12.0512 -2.52618 -133.484 68.1571 -130.939
10.5541 -12.1524 -9.20201 4.79473 44.0764 -52.9248
9.00621 12.5748 -1.54212 -151.797 84.5153 -81.1715
11.645 -9.70249 2.53609 106.821 145.4 59.0294
10.1429 10.6142 -3.33481 -55.2055 120.588 35.0535
11.1749 -6.92432 -2.77635 41.4805 120.494 -198.19
10.0134 7.89692 3.28178 -97.1726 138.971 162.317
9.88758 12.9454 1.08231 -110.535 15.8166 45.3223
9.58924 15.6195 2.05395 -144.358 19.8687 87.9486
12.186 -9.0472 -2.27467 104.937 158.616 -79.4411
11.14 2.40752 2.60818 -1.7412 225.066 128.897
9.90229 16.3389 -0.468351 -137.63 14.8743 23.167
9.69817 13.1993 -1.83029 -162.805 74.3057 -95.9964
10.4035 7.58952 -0.425373 -101.546 220.873 -17.6111
10.2482 8.37605 -1.90684 -120.542 181.498 -98.5757
10.3813 13.5772 -1.46063 -113.336 18.7134 -83.8622
11.4191 -17.6052 -0.062895 -10.9659 89.2756 21.6474
10.7831 12.9835 2.7732 -84.4813 -12.7364 151.77
11.6626 -11.7765 0.136867 2.63903 42.5526 84.6589
10.4341 14.0068 0.221295 -127.179 23.1733 1.04048
11.6125 -11.5293 0.0404425 -10.7065 220.074 -9.27154
10.4158 10.563 5.20896 -130.272 83.8776 120.68
12.5987 -10.1912 -1.11405 85.9429 148.734 -17.8937
12.1333 -8.09379 -7.27552 38.4966 3.02374 -25.8543
10.698 11.3044 -2.88964 -106.265 40.5505 -158.903
10.4769 11.3285 0.44247 -131.438 86.2286 61.4587
11.0471 12.7414 1.11136 -74.9946 -18.761 46.4338
11.1448 7.24192 -4.05661 -69.9876 14.6654 -192.766
12.5015 -10.727 -0.738976 63.4385 143.204 0.387633
12.3883 -9.79237 -1.79152 51.2868 130.473 -33.9757
12.834 -5.87767 2.18182 93.3554 187.085 105.171
12.177 -11.763 1.44367 20.8703 107.353 126.419
12.5112 -9.46477 1.18041 47.8678 130.609 61.8937
10.878 11.5845 -0.804804 -125.158 60.4843 -34.4339
12.5698 -0.0621476 0.285004 39.3554 226.245 3.92512
10.8325 11.8783 -0.996873 -135.787 89.0558 -33.6441
13.2307 -8.35726 0.591781 96.6351 173.834 32.0457
11.0664 13.0269 -1.40224 -120.63 40.9537 -74.4612
11.0861 10.8649 -0.711061 -123.149 71.9409 -161.199
11.6082 14.221 -1.22061 -73.925 -33.95 27.7199
10.7883 13.7098 0.790116 -155.854 56.3255 36.4343
11.8534 3.67192 -4.81248 -54.698 15.6089 -239.572
11.0348 15.2286 -1.35397 -139.582 28.8181 -55.9737
12.4361 -15.103 1.12414 -8.2257 48.8612 -72.6423
12.5824 -13.4892 -1.66348 5.86948 95.3045 -120.677
12.387 -11.3655 -1.44435 -17.8059 75.5693 -87.9457
11.4706 11.442 0.358068 -112.039 40.1259 24.6022
12.9247 -12.848 4.41673 24.2416 203.183 149.22
11.4417 15.2177 0.392298 -128.462 18.1888 32.614
11.4754 10.8245 -5.08604 -129.728 73.4351 -91.6103
12.9785 -3.95835 -2.82889 13.5396 148.143 -139.283
12.4546 5.37349 0.318755 -44.9332 223.692 26.3867
13.4293 2.18239 -0.806743 44.0587 -26.2726 103.519
13.907 -11.5789 -3.76112 85.9144 159.019 -150.115
13.8162 -13.996 -0.686486 73.739 54.5927 15.9188
13.1716 -11.1151 0.427805 6.73542 103.58 6.4958
13.6807 -8.41887 1.98756 55.0592 151.64 129.401
11.9297 13.4437 1.17265 -121.768 21.3141 55.6821
13.892 -13.3334 -1.00513 62.0025 97.5675 -9.05378
13.2803 -15.5883 1.58297 -0.0940531 97.5613 -16.4905
11.8748 9.32083 -1.53228 -142.042 -2.29965 -99.6111
12.5443 5.82207 -0.792161 -79.9252 178.97 -26.3494
12.4211 14.683 -0.286161 -96.5899 -15.8629 -25.7386
12.2847 9.8319 -1.23875 -113.84 89.4338 -48.0707
12.4038 15.2999 -0.912781 -106.827 -6.43043 -32.9766
13.0028 -0.501391 3.91403 -50.1051 20.9011 195.759
13.5522 -5.40071 2.92752 1.73369 116.008 136.739
13.7436 -14.1012 -1.52012 9.74534 112.349 -29.092
12.9276 3.56851 3.58588 -71.5451 128.682 192.574
13.6158 -14.3818 0.558078 -6.66277 93.2131 90.5648
12.986 10.5321 -2.5588 -72.5368 -13.1888 -134.615
12.4343 18.9845 2.61161 -128.212 -149.772 -156.388
12.4704 12.3545 -2.82041 -127.183 175.451 -59.0282
12.9968 4.48225 0.683991 -75.6287 174.403 45.7613
13.5129 -2.88109 5.42239 -31.7647 231.762 262.511
12.9789 10.2739 -0.175044 -97.2973 32.1063 -16.466
14.3511 -13.348 0.357344 31.3319 255.484 -20.4326
13.1993 -2.61118 5.09322 -83.8566 -9.20262 -49.8815
12.98 8.88621 -1.25736 -114.986 116.515 -68.5773
13.0215 11.0413 -1.19954 -112.225 63.8442 -84.7607
14.166 -12.2845 -1.61565 -1.54903 103.551 -98.3147
14.5802 -9.67416 -1.44064 38.9401 143.973 -41.3923
14.463 -8.81985 0.801047 22.3147 133.453 19.9154
13.012 14.207 0.253796 -121.843 25.6184 27.5655
14.5122 -12.7228 -0.588336 25.6899 126.867 40.0576
13.474 15.6489 0.328336 -77.7138 -48.8538 9.75152
13.7016 13.2282 -1.00629 -65.843 -38.2997 -42.4621
13.207 10.0374 -0.507896 -117.806 71.7182 -10.0577
14.2649 -1.03378 -2.64078 -14.8532 131.401 -131.14
14.3052 11.0938 0.900411 -16.8809 95.3805 -63.4359
13.331 8.67973 0.573569 -115.15 139.699 26.5338
14.4481 -8.90328 -2.28174 -5.37804 104.014 -42.6944
14.7139 -8.82834 0.0710374 17.825 136.702 19.9075
13.7387 5.05604 -2.51836 -81.9553 118.731 -165.274
13.6145 12.3321 -0.572553 -98.6471 11.1364 -21.6278
14.5443 -12.3862 -2.83185 -11.2167 94.7276 -77.1468
14.0398 5.05094 1.1258 -64.5154 200.119 51.0594
14.2729 -9.19485 2.44459 -49.061 47.1491 111.829
13.7966 9.58117 0.148091 -97.7162 43.2014 23.3505
14.5857 2.79375 7.42047 -29.0177 62.1479 11.3863
13.766 8.23145 0.28821 -114.649 108.836 12.0172
14.1093 4.42419 -0.616092 -80.6098 167.073 -19.1341
14.0036 20.7814 -4.41695 -92.682 149.579 21.3642
15.1831 -7.12063 -0.858187 24.0874 145.337 -85.0631
14.3028 4.18889 6.21996 -66.6852 70.9275 -111.138
14.9818 -5.5812 1.58576 -0.0568354 128.273 84.9444
13.808 8.84957 -1.25265 -116.706 95.8169 -68.6168
14.3018 14.0158 -0.890866 -73.8449 -34.2154 -36.1887
13.8665 8.72032 1.92557 -117.686 87.571 92.2768
14.6666 -4.14797 0.182781 -39.0176 4.74626 90.6198
14.8596 -8.62044 1.08737 -22.3122 89.7932 11.7661
15.5475 -4.34089 -0.603593 37.3526 186.323 -25.9603
14.2166 28.7151 -15.1504 -96.6247 -7.69804 86.5781
14.1099 14.3121 0.0406765 -107.614 10.675 18.8198
14.8511 -0.417589 3.51976 -38.5052 122.993 173.797
15.518 -0.0909197 -4.96404 27.498 318.623 -304.303
14.9049 -10.2716 0.169518 -33.8732 73.5978 86.5194
14.4107 9.19083 2.84032 -82.9653 14.3692 159.988
14.9835 -7.89375 -3.92993 -27.118 81.9954 7.29286
14.273 11.2658 1.95328 -104.951 39.2115 73.1258
13.8777 11.864 0.00994889 -147.902 12.5794 -10.1638
14.2539 5.76027 1.85195 -111.356 80.2924 76.8066
14.5748 6.25803 -2.17885 -83.0705 103.336 -105.188
15.1717 -1.60663 2.63118 -27.1267 125.597 89.0591
15.5154 -7.73201 1.17104 6.26342 124.268 78.0645
15.4173 -3.94871 -0.488092 -4.97024 140.977 -28.954
14.5634 7.53795 2.02923 -92.4132 66.8411 100.11
15.0749 -5.39018 2.36906 -42.0152 129.704 60.6844
15.399 -6.25299 1.43292 -11.9091 112.119 77.4082
14.516 14.7314 -0.689048 -100.101 -12.7678 -39.1348
14.6778 5.66641 -1.73891 -85.6913 71.3433 -82.8644
15.7488 -5.14685 -0.0583066 20.4499 160.193 1.81476
15.3011 2.08435 3.37789 -25.9884 -72.5743 46.983
15.4287 -6.72286 -2.2727 -14.5756 112.408 -128.426
14.5128 8.90624 0.00294101 -110.011 86.1685 -5.22854
15.1226 1.63029 1.40065 -51.2096 135.917 68.1323
14.9501 7.00422 3.16297 -70.0823 -2.45349 154.883
15.9617 -7.35044 -1.56559 17.7907 152.927 -91.5019
15.0131 3.17978 -2.97246 -77.3966 101.019 -137.796
15.7311 -3.10173 -1.24106 -8.40846 152.19 -76.9989
15.3088 -12.405 -2.11164 -50.8566 169.6 95.3209
15.2509 4.12892 -0.0314217 -60.5755 149.418 11.0416
15.5927 -12.7076 0.208085 -37.9892 77.3468 2.65623
15.8433 -12.2411 -1.43903 -20.7003 96.9536 -80.6962
15.9789 -2.81842 -3.2549 -10.0317 153.037 -136.358
15.3457 9.04341 0.722448 -72.9339 -13.8014 53.4992
16.194 -5.89001 0.846716 11.1481 107.952 5.14783
15.6871 -9.5758 -0.136746 -42.2548 68.7793 13.2274
14.8954 12.3547 0.0675986 -122.607 62.7859 -23.881
15.6349 -8.6029 -0.670764 -50.3267 52.9717 -56.8926
15.5006 5.5693 1.62641 -67.2867 58.265 89.0816
15.1757 7.16431 0.0627819 -99.5988 137.012 8.60273
14.7638 6.27943 3.44647 -147.519 -5.99021 62.5074
16.1412 -3.43417 1.30673 -13.2025 145.177 51.5508
15.3514 11.3196 0.52217 -95.6977 8.37886 17.6408
15.6177 3.6886 -2.33145 -71.8439 34.4851 -159.94
15.3127 10.4144 -0.218876 -102.999 39.8564 6.4037
15.6107 4.19426 -0.795616 -73.6739 150.484 -27.1758
16.1754 -5.50373 -2.65643 -18.3777 112.186 -116.16
15.4268 11.5471 -0.314819 -94.9769 5.97013 -34.5377
16.4677 -5.87123 1.64717 4.16368 152.05 88.4892
15.6971 -13.6997 4.90494 -74.3696 85.4221 68.4723
15.2542 -2.04315 3.79764 -120.077 -8.9877 50.2382
15.5735 7.56504 0.464451 -95.063 47.8035 20.7124
16.3446 -1.84557 -2.21087 -18.9854 162.807 -79.0956
15.4494 8.90542 -1.95532 -109.176 66.012 -104.675
16.2271 -1.70454 -0.980197 -32.3548 126.569 -46.6544
16.0785 1.81029 -0.165463 -51.8124 137.154 -14.315
15.8609 3.96368 -0.868065 -74.4486 137.847 -30.6401
16.0603 0.925889 -3.27198 -55.2048 92.5055 -171.621
16.008 0.26803 2.00315 -60.7422 70.4943 98.4524
15.9375 6.13931 -2.43872 -71.8586 11.9183 -140.417
16.304 -0.356796 1.70555 -37.941 139.383 81.5326
15.9791 -2.53881 -3.40914 -70.6323 97.5661 -106.406
15.9688 3.84814 3.533 -72.8363 64.0216 166.152
16.5228 -9.27878 1.97666 -21.0455 97.7828 120.741
16.1789 -2.27831 -2.01955 -57.957 44.5886 -107.152
16.217 1.34741 1.0636 -61.0734 76.2711 83.7572
16.4146 0.977838 1.22872 -42.0013 170.323 71.7679
16.9261 -6.80029 0.203652 8.64632 147.958 -12.7939
15.9721 2.65714 0.637463 -88.608 67.8495 40.169
16.1549 10.8729 0.629136 -77.217 -24.0357 3.97828
16.5863 3.55883 -2.82695 -36.2192 89.5379 27.0267
15.8757 5.14148 -0.728441 -110.931 191.074 -18.9365
16.691 -1.21566 -0.242021 -30.2005 166.208 -60.8585
16.4988 9.21027 -0.281648 -57.6389 -27.5816 -3.88222
16.5088 0.623579 -1.09415 -61.8509 90.2256 -58.4593
16.9003 -8.13827 1.50397 -25.8028 99.4424 52.141
16.7306 3.36641 -0.850037 -44.6587 108.907 -44.222
16.5704 -0.31987 2.38498 -62.8832 42.7284 117.681
16.3026 12.9517 1.17955 -91.0368 114.827 -27.5957
16.3454 6.53621 2.69543 -88.8128 32.8039 -4.20787
16.2745 7.8701 -0.51028 -96.4973 49.2409 -28.7571
16.6176 3.06218 1.26427 -63.5304 90.2403 77.7391
16.8005 -1.21213 0.304101 -50.2219 102.899 10.3657
16.7621 -4.06998 -1.39216 -58.5708 69.6511 -17.1243
16.8868 -0.209446 0.681676 -51.1911 114.788 44.4323
17.088 -2.90179 0.45711 -34.5652 125.438 58.0538
16.2743 8.88389 -0.177231 -117.738 92.5154 -11.9616
17.096 -5.9798 0.992289 -39.3059 89.9242 45.3561
16.5522 7.19648 0.514588 -96.058 60.3142 20.7145
17.2099 -1.45039 -0.880383 -30.8765 151.472 -41.4324
17.1432 -4.63095 -0.159254 -39.4674 93.1792 23.4494
17.392 -5.08054 0.309405 -16.3135 133.681 40.4432
16.8468 5.73254 0.264653 -72.166 48.1648 12.5775
17.0873 0.622722 0.66835 -50.9512 158.294 43.8661
16.8418 11.3691 0.494827 -79.6149 -22.7779 -3.97978
16.8123 5.75457 0.778345 -83.0271 48.3926 45.2472
17.1975 -7.61494 1.96447 -46.4007 74.668 60.1457
16.9628 6.50873 -0.544617 -76.6352 11.34 -45.6083
17.5589 -5.74684 -0.637831 -20.4842 133.555 -12.3741
17.4545 -3.15945 0.248104 -31.5591 165.196 4.14517
16.9197 7.37721 -3.36885 -85.8867 35.082 -28.0081
17.5928 -7.40914 -1.77634 -19.8541 118.043 -84.3522
17.314 0.809829 2.61052 -48.4638 -34.0963 -15.9625
16.9284 10.2716 -2.35083 -87.4248 -4.13176 -100.222
17.0268 8.18377 -1.06863 -81.9536 6.74428 -60.1155
17.2909 -3.63311 -0.446584 -56.0829 58.4479 -74.34
17.6607 -9.95217 0.431926 -20.8387 231.799 13.9938
17.137 2.71855 -0.342208 -73.4444 70.2485 -3.05014
17.576 -4.17216 2.40523 -30.8154 65.9618 111.017
17.7572 0.888718 -0.340588 -16.0577 -27.4549 4.21319
17.4759 0.579784 0.490453 -46.4627 176.77 6.54948
17.2066 -5.37628 4.58664 -76.8527 42.0164 110.677
17.2785 2.60352 1.11302 -73.726 63.7788 49.085
17.5067 -5.724 3.18443 -56.8572 69.0342 59.9262
17.7054 -5.06825 0.971281 -39.3447 102.911 32.7129
18.199 -5.38669 0.302475 4.92141 282.3 -6.24286
17.5099 0.304664 1.75982 -71.8462 42.8092 -4.88317
17.6228 -2.78029 1.77855 -65.9413 33.9599 84.6991
17.8679 0.0731663 -0.404412 -43.6804 67.8517 31.2786
18.16 -4.42584 -0.389088 -15.5638 155.654 -46.1648
17.3642 8.75908 1.79666 -95.7681 22.5315 84.7624
18.0384 -3.55826 -1.37325 -32.0588 117.554 -33.9935
17.8573 -7.45201 1.21537 -50.2238 71.5428 72.5168
17.9883 -9.2127 0.40986 -40.396 85.4767 -5.15358
17.8103 -5.03186 -0.517524 -64.787 37.8088 11.298
17.5342 6.88184 1.79578 -92.5528 109.148 112.674
17.8718 -3.95922 -0.827164 -60.2913 58.4233 56.9029
17.7883 10.4365 -2.94599 -71.7265 96.3465 -96.6489
17.9528 -9.04357 0.25258 -56.8934 62.1889 6.73667
17.6979 24.0892 -7.66131 -82.9222 0.13789 -54.1719
17.6447 -7.50369 -3.6209 -89.0199 22.3633 -19.0413
18.2591 -4.24211 2.59893 -29.0077 68.9126 1.8162
18.1661 -7.43247 -0.222152 -48.3567 79.0075 -0.108794
18.0835 -1.58262 2.00445 -57.1399 97.2476 96.0558
17.7267 5.2235 -0.43152 -92.8801 89.6359 -69.9513
17.8156 -4.92224 2.52948 -84.2314 179.578 6.42163
18.2326 -5.0643 1.4814 -47.2605 91.7762 16.5743
17.862 5.24089 -0.877369 -86.7223 20.6661 -44.0338
17.9644 4.63948 -1.57725 -76.6684 -29.9138 -52.2945
17.9854 5.03531 0.114806 -74.6859 -1.30263 11.9701
18.0647 0.143422 -0.362527 -68.038 58.8944 -25.0935
18.0142 2.55259 2.1682 -73.5087 99.0005 82.3752
17.8904 6.63704 1.6524 -87.5537 75.1166 84.4769
18.4112 -7.33261 -3.35244 -36.9043 99.6971 15.841
18.0534 1.87492 1.21991 -73.992 24.0549 54.1944
18.219 -2.12757 -1.64549 -60.0534 71.4389 -88.8014
18.3743 0.20624 -1.62549 -50.868 146.212 -71.5625
18.3865 -9.05092 0.327672 -50.2612 73.1494 22.6108
18.1668 2.523 -1.60013 -72.2727 56.6974 -65.9676
18.0432 8.14729 0.670821 -93.7152 30.3532 30.7688
18.52 -10.9968 0.891581 -47.0198 114.038 25.5614
18.7785 -5.23659 -0.589572 -39.7189 115.406 -47.2783
18.3912 5.95189 1.60557 -89.5888 35.887 87.6719
18.5861 2.49022 -0.996327 -71.5674 53.5681 -35.0848
18.8204 -3.57509 2.21124 -55.5783 81.4052 55.958
18.8222 2.7802 0.678157 -78.5142 66.774 26.4314
18.7362 7.91457 -0.437666 -92.7071 6.16865 -24.4048
18.8451 5.77058 -0.885881 -85.4278 21.8121 -38.3573
19.2213 -4.38411 3.18301 -53.2269 60.7506 -38.4938
19.0802 -0.147167 0.740626 -69.4551 60.2043 33.9687
19.3211 2.19829 -1.53941 -47.783 37.2043 45.0833
19.272 -4.00812 2.50694 -61.0159 66.8432 69.3586
19.4631 6.89223 -4.28427 -44.3509 153.482 -95.0648
19.1952 3.12711 0.872028 -83.3688 82.761 60.1601
19.3518 0.963955 0.479597 -69.978 117.395 20.7037
19.4447 -2.46281 1.05594 -75.0705 21.9217 65.0609
19.6316 -2.18503 -0.392272 -63.5318 82.2059 -25.7679
19.8775 -6.08251 -0.32633 -58.3611 76.4932 20.4538
19.678 3.09634 0.231798 -79.5611 79.7252 28.0573
19.6294 2.43484 1.25502 -92.2963 51.1678 75.4207
20.0145 1.40016 1.68909 -76.8151 -1.19522 -34.7895
23.1553 13.2667 3.3363 -74.2188 13.8592 -58.1482
24.1127 -1.59594 7.27932 -87.1672 117.155 -25.8959
25.631 -10.1298 5.46099 -58.4294 174.132 -79.5564
28.8757 -10.1424 -8.3507 -81.1466 24.5178 52.0937
nan nan nan nan nan nan
19.3251 13.6179 3.45464 -80.7168 128.758 16.5043
19.1364 15.9542 -7.3647 -118.741 -54.9691 34.7382
