-20.7887 -14.8258 -13.6838 127.973 -15.7008 85.868
-20.9017 1.30743 -0.632261 88.2423 -32.7855 -19.4807
-20.0053 4.16015 -0.708132 64.841 -92.7774 9.83129
-19.5893 -2.5331 -0.0447761 86.5804 -92.6167 16.2272
-19.3286 -3.22346 1.10242 85.2203 3.31659 15.8768
-19.3493 -0.396646 -0.369753 78.3484 -104.345 -8.09997
-19.2776 -1.78601 5.62203 81.0381 -75.0597 -9.76288
-19.1015 -2.29194 0.39876 85.0067 -62.1416 -7.16464
-18.979 11.7478 -3.80711 90.7403 -174.732 206.797
-19.1543 1.26026 2.38567 72.5942 -81.6573 -4.69967
-19.0345 -0.17103 -0.316822 75.2585 -92.3549 -5.81609
-18.9478 3.91777 0.878293 82.7431 41.1426 63.2828
-18.9817 0.117438 -2.41203 73.2488 -78.6257 -102.718
-19.3827 1.59411 2.00625 32.7557 -69.0979 -98.5323
-18.7363 0.288652 2.24632 76.5693 -70.0008 112.562
-18.7471 4.03903 1.19193 63.3508 -81.1912 95.1044
-18.823 5.40485 -0.543457 51.8999 -100.262 21.6335
-18.7733 3.43247 -0.308035 56.4716 -107.6 25.5179
-19.0017 4.90399 -1.27541 21.8275 -121.184 -11.3477
-18.5379 -0.234856 0.903703 66.1169 -105.131 37.1244
-18.6275 1.63271 -0.281622 46.53 -149.759 -35.3137
-18.1754 -2.2949 -0.580185 89.5266 -119.721 67.6758
-18.4381 1.8749 0.190074 58.6758 -101.319 -4.57259
-18.2197 -1.52372 2.51946 78.7506 -28.7554 92.1177
-18.3824 9.74708 -0.790456 59.2126 -78.5864 -16.2311
-18.4324 3.26415 -1.15583 53.3609 -109.946 -14.4868
-18.195 -0.0216435 -1.66767 74.7633 -81.9738 -68.6288
-17.7675 -7.57798 0.346801 115.807 -96.8205 7.39539
-18.406 3.79116 -1.48727 36.7684 -137.201 -55.3817
-18.0677 5.7311 -0.19495 69.6504 -78.707 27.4437
-17.8473 -7.70172 2.57676 89.4699 3.86012 106.62
-18.0106 -3.80474 -0.964328 68.7447 -56.3261 -15.6701
-17.7435 -4.67817 -1.51705 94.2221 -68.691 -57.4779
-18.2347 6.72986 -1.65044 43.619 -106.734 -39.8891
-17.8361 -2.70446 -2.76718 78.3896 -98.1714 -23.5826
-17.9657 -2.80474 0.622912 65.2306 -62.5025 -68.7074
-17.5892 -6.51189 0.578233 101.031 -53.7623 18.3065
-18.0042 1.75547 -1.89141 59.4608 -102.863 -100.516
-18.1278 7.03804 -1.84109 38.9107 -112.34 -84.0099
-17.8516 8.07343 -1.29339 60.3516 -68.8031 -58.6789
-17.307 6.35384 -1.90945 113.164 -47.1427 -43.8011
-17.4241 -3.24352 0.919763 96.6091 -28.9569 76.5654
-17.5964 1.4762 5.15599 73.628 -73.4431 111.987
-17.436 -2.8009 0.299577 80.8446 -58.0166 8.83857
-17.4049 -3.41093 1.10504 80.9502 -92.4346 6.46834
-17.8629 6.0379 0.314725 32.0637 -125.176 49.7792
-17.1941 -7.82224 -0.453683 93.6794 -24.8438 -9.75899
-17.3356 -2.55003 -0.070828 77.2528 -96.2012 12.9295
-17.548 3.31045 -2.67931 54.5008 -96.3545 -86.6264
-16.9259 -8.16909 -0.900444 111.272 -90.0814 61.6564
-17.3462 -1.6892 0.515957 68.6592 -109.034 85.2066
-17.1136 -7.66477 1.58547 90.4757 -7.38379 61.2426
-17.1929 0.158811 -2.48217 80.5522 11.8768 56.8957
-17.3483 1.92912 0.751019 61.4938 -88.9976 22.0572
-17.3727 4.46124 -1.50782 57.1644 -67.9972 -20.4017
-17.4492 8.76006 -0.142033 45.4731 -91.1007 12.4743
-16.9593 -3.22788 2.19515 80.8672 -79.5298 96.5946
-15.948 -10.0691 -0.795992 180.561 -47.0777 -29.8511
-17.2778 0.755615 0.154511 48.2644 -139.846 -5.27739
-17.0189 0.337895 -0.7307 66.4582 -59.8116 -25.8923
-17.221 4.52107 -1.5869 40.9843 -104.716 -34.5892
-17.0127 2.24351 -0.663156 54.9286 -99.9327 -36.6345
-16.9154 -6.36325 0.194426 61.2735 -122.889 3.23341
-17.2488 0.375518 -19.1403 22.6511 -141.932 -7.17405
-16.6314 -4.53462 2.10221 83.6782 -99.9893 116.854
-16.8901 3.50754 1.65812 57.4611 -79.3347 112.71
-16.7184 -2.31022 0.0353577 70.3558 -98.9417 0.457418
-16.4112 -8.30577 2.15463 99.8291 -46.1158 87.8707
-16.308 -7.1229 -1.18917 107.881 -96.1774 -62.917
-17.1877 7.45096 -0.504853 19.0008 -129.173 -5.16032
-16.6375 -1.28162 -1.21395 69.3246 -118.028 -31.671
-16.9092 9.5769 2.30478 34.181 -102.035 91.5392
-16.9251 11.6469 1.05068 27.387 -106.549 27.5419
-16.9061 6.16193 -1.03182 25.5939 -118.007 -46.6857
-16.1833 -7.5843 2.22082 92.5199 -19.7842 91.1746
-16.2276 -7.4163 -0.993654 87.5907 -13.1517 -57.3898
-16.699 6.82336 0.208254 38.4313 -97.1913 48.3835
-16.7078 1.77795 -2.62902 31.886 -149.497 -86.9451
-16.2794 -2.77254 -2.12893 73.7949 -21.8927 -79.3534
-16.8736 6.41803 -0.865675 9.07258 -147.439 -8.48488
-16.1549 -8.9205 0.152333 76.6955 14.7137 1.84149
-16.3325 11.4754 0.734147 58.1281 -66.7565 32.8356
-16.5523 2.15668 0.263314 34.6606 -130.718 46.5768
-15.9331 -4.92597 -1.7714 86.4105 -117.904 -52.9762
-15.6187 -4.25751 -1.74486 116.803 82.041 -23.759
-16.7554 5.11216 0.31701 3.87724 -152.219 15.6343
-16.2232 -9.74657 -1.22758 55.8713 -23.1981 -62.9061
-15.83 -12.5656 -0.440543 93.9921 -17.1728 35.7702
-16.6801 9.44226 -3.7704 7.69639 -129.647 -40.4444
-15.9471 -3.53367 2.23193 77.8518 -97.6801 98.5761
-15.3525 -36.5998 3.85689 135.319 232.772 -119.301
-15.7469 -9.00783 1.14481 90.632 26.9197 42.9956
-15.8964 -9.1817 1.00764 75.0937 -22.9902 26.4681
-16.4248 6.26586 -1.02185 22.0429 -160.107 -26.568
-15.8047 -3.35435 -1.43139 80.2716 -79.5386 -93.8575
-15.7002 0.365619 6.54773 88.2266 -4.53979 -102.587
-16.292 7.21758 -3.2537 28.8313 -106.465 -119.167
-16.3286 9.11672 0.814304 24.9744 -40.0137 50.3427
-16.1573 2.62799 1.98581 36.7501 -99.071 -46.2023
-16.3222 4.93775 -0.56239 20.0516 -77.9897 -2.52132
-16.492 8.22917 1.91737 2.86928 -130.553 74.56
-15.2452 -10.6217 -0.479027 123.946 -58.7508 -16.5261
-16.0441 12.9884 1.59031 44.5794 -84.5465 42.0163
-16.1485 15.7592 -11.337 31.8838 -128.672 -17.102
-16.0617 3.83343 0.463566 38.6385 -169.981 78.4131
-16.1328 1.93386 -1.67841 30.3764 -147.517 -110.705
-15.6932 -3.14751 -2.35807 69.834 -125.879 -94.3459
-16.0887 1.5158 -3.57952 29.8962 -152.799 -132.203
-16.242 2.65755 -2.60727 12.8152 -167.12 -81.808
-15.4501 -6.09642 -2.42247 90.1508 -54.9275 -87.1705
-15.598 -6.55771 -0.0976264 74.8699 10.0798 -15.395
-15.808 -1.57982 -0.509568 49.6762 -152.74 -27.4915
-15.2654 -9.22687 1.27871 94.6825 -17.5516 95.2233
-15.9838 1.4511 -0.916673 22.2579 -165.254 -74.8497
-15.5451 7.72404 1.82402 63.3478 -41.0798 121.72
-16.0813 9.91673 0.843535 9.80176 -122.525 23.432
-15.623 7.04868 -2.51303 50.6186 -67.6538 -79.2164
-14.919 -12.9074 2.66979 113.317 -10.236 71.6099
-14.4641 -15.6558 -2.54475 157.693 -136.502 71.4062
-14.9873 -8.19367 -2.33142 102.26 -77.4292 -97.7452
-15.9756 0.969209 2.39402 2.18166 -226.966 146.126
-15.0112 -8.62567 0.797527 96.9633 -36.5135 12.1222
-15.0536 -4.60863 -3.27697 87.4337 -86.6391 -140.653
-15.4938 2.39606 -2.35245 42.7855 -107.895 -76.1045
-16.1369 7.9363 -1.83685 -25.7648 -177.79 -10.6883
-14.9653 -25.0191 -9.74143 89.0232 -75.2866 -125.816
-15.1579 -3.03073 -2.05563 68.2969 -122.054 -117.772
-15.4143 -0.533189 0.2331 31.6281 -178.217 -0.137012
-14.4614 -31.0604 2.64287 125.639 134.177 0.161932
-15.9918 5.07299 -2.08505 -29.3351 -178.782 -80.5278
-14.9197 -4.4545 0.362192 75.0861 -149.576 -21.7895
-15.5376 6.49311 -0.110121 12.2385 -125.108 11.2324
-14.5753 -7.59149 -1.21091 105.004 -107.698 -84.298
-14.7485 -7.61102 -2.17329 86.8455 -17.4183 -98.5239
-14.471 -9.08143 2.68456 107.74 -64.0855 99.8032
-15.2397 1.22528 2.45081 26.5844 -169.171 44.2512
-14.6953 -5.1269 2.39708 80.4818 -47.9577 105.518
-14.3607 -20.2861 -3.42576 110.043 -195.773 -89.3609
-14.7248 -4.38248 -1.57423 72.1863 -136.573 -70.7942
-15.4077 6.17822 -2.23664 4.20593 -131.493 -87.3896
-14.9198 -0.463418 3.8203 46.2602 -115.842 148.738
-15.318 4.66283 -1.76883 6.50476 -148.312 -47.596
-14.7797 3.54897 1.02376 57.1862 -148.724 49.5538
-15.1271 1.67896 -0.857026 21.5385 -142.411 -70.372
-15.003 10.713 2.5531 29.8601 -88.4197 74.8669
-14.4257 -7.00327 -3.76655 87.1277 -27.023 -184.435
-14.8506 -0.302187 2.82654 43.6074 -124.363 137.493
-15.0075 3.57855 3.81437 25.5926 -65.7912 -95.6316
-14.6883 12.5057 -1.10133 56.4037 -62.5589 -80.3795
-14.708 10.4852 -2.46643 49.3455 -64.5126 1.23929
-14.0331 -12.775 2.33746 115.84 40.0755 -126.44
-14.1833 -12.8659 -0.574514 92.0024 18.1491 14.1715
-14.2335 7.0088 0.992646 77.1953 33.1875 85.7627
-14.4992 8.47719 2.44325 46.6289 -73.0999 27.7517
-14.7936 6.46508 1.81752 15.2963 -108.162 99.6465
-14.0548 -7.10918 2.17623 87.7639 -49.1268 109.914
-15.2627 2.68616 1.2969 -34.3169 -210.868 60.7995
-13.9693 -10.6342 -1.72808 93.7289 -6.0654 -96.9109
-14.7304 2.15179 -1.82129 17.0121 -146.221 -73.681
-13.3284 -11.8796 -1.6778 146.046 13.9612 243.033
-14.8081 7.16644 -1.3039 -2.95753 -123.814 -72.8185
-13.9324 -5.67075 0.903302 82.905 -168.659 58.5325
-14.203 -1.98328 2.24242 52.3617 -141.387 124.339
-13.7583 -7.7347 2.30454 96.5203 -69.2823 96.5229
-14.6982 6.89622 2.22066 -3.94072 -132.258 90.2321
-14.3808 11.3911 -1.28039 24.8762 -90.5788 52.3259
-14.1479 -3.07889 -0.0766583 46.886 -191.473 16.8953
-14.5309 10.3871 2.91955 5.82362 -110.098 107.822
-14.0886 -1.4128 2.60114 47.4913 -127.092 126.71
-13.8343 -4.06206 -3.20141 71.6813 -96.3157 -131.59
-13.6295 -5.79401 1.6896 90.8152 -151.518 88.0855
-13.2885 -2.66646 -4.74625 123.382 -3.49556 22.9374
-14.0461 10.3082 -1.74562 48.0972 -61.3955 -95.1108
-14.2584 -1.27072 1.37627 26.8264 -200.296 53.5653
-13.8316 -4.6554 2.30935 69.117 -163.01 71.0621
-14.133 -2.7235 0.8209 38.5271 -187.074 44.346
-14.6972 7.14135 2.93619 -18.7413 -39.1069 155.319
-13.4842 -9.33826 1.13448 96.517 -113.64 60.6063
-14.5784 0.722411 1.56315 -15.2202 -205.351 119.931
-13.1624 -12.5264 1.08269 123.57 -41.2607 65.4758
-14.21 12.1696 -2.03427 16.4058 -96.0739 -36.821
-14.5332 0.714546 -1.0143 -16.5889 -215.784 -13.6627
-13.999 1.69077 3.25795 30.3833 -117.021 179.757
-14.1331 4.23853 -5.49701 10.8426 23.2813 11.1203
-14.6165 10.1836 0.414013 -39.0137 -154.265 26.1687
-12.8945 -0.708462 2.08826 131.629 88.8963 -9.0759
-13.1608 -15.276 1.79393 103.444 17.0607 55.461
-12.9114 -8.04911 5.78704 127.584 -92.0447 -162.564
-13.6507 -0.242755 -4.32552 54.0374 -71.7906 -193.633
-13.0234 -15.0335 1.7366 106.41 -0.215934 -19.3743
-13.053 -12.4966 0.617318 101.389 0.0801968 66.9343
-12.9791 -15.325 0.789757 100.902 42.1615 115.976
-12.8069 -8.12109 0.713287 117.76 -106.403 41.9337
-13.4088 -3.93292 1.21811 57.7237 -174.909 76.6242
-12.8545 -7.42677 -0.381296 110.905 -152.592 -24.1259
-13.0948 -9.97759 -2.58174 83.2417 -2.3277 -117.481
-13.9569 7.57266 1.40839 -4.79357 -120.303 64.24
-12.9802 -7.43592 -2.51726 91.5506 -81.6262 -107.643
-12.8675 -12.4057 0.0562277 100.921 -3.12912 40.5027
-12.9334 -11.9921 -1.07862 90.0728 9.59738 -12.3857
-13.96 9.97625 2.1639 -12.3544 -119.729 74.452
-13.7977 14.4169 -2.00656 1.16682 -280.947 167.219
-13.9683 4.51341 1.30138 -17.5224 -157.07 74.1994
-13.5084 -2.38849 -0.430118 26.4113 -201.953 6.96173
-14.2167 5.0335 -0.306355 -45.2614 -175.918 -25.4212
-13.0243 -4.50349 2.70621 72.1773 -149.062 126.882
-12.6631 -6.90022 -1.56849 107.684 -172.614 -63.2456
-12.6412 -7.48708 -1.30902 109.585 -158.405 -66.9112
-12.4369 -5.21276 -7.96047 126.784 -141.154 -26.274
-13.0544 -4.44598 0.940812 60.2582 -189.953 23.8656
-12.8813 -8.25768 3.09703 75.8919 76.5821 11.9287
-13.0147 -9.82496 -2.30716 62.5071 33.7443 -92.6665
-13.2717 12.5318 -2.25672 36.4495 -75.0849 -68.4622
-13.4527 -1.18762 -2.00262 17.4426 -186.832 -101.956
-13.3218 16.47 6.04308 29.6224 -110.213 -88.824
-13.4691 -2.06112 0.787607 10.7796 -240.704 -2.12856
-12.6095 -6.43403 -3.04236 93.2529 -129.201 -145.362
-12.4315 -8.21546 -2.69245 110.05 -81.8699 -122.737
-12.3615 -10.9139 1.52331 113.335 -139.824 55.6928
-12.2401 -14.3977 1.48214 121.327 -15.2446 66.0251
-13.835 4.56943 -1.67095 -47.1141 -184.353 -88.1474
-12.7553 -4.26042 1.22993 53.5395 -190.4 76.1394
-12.3922 -10.1282 -2.10421 87.0972 -8.56295 -138.883
-11.6271 -13.0638 -0.0459546 162.489 -89.6586 12.6233
-12.9895 5.0827 3.94003 26.3896 -84.2152 212.125
-12.3051 -11.6605 -3.6998 93.1632 3.64608 -134.976
-12.2256 -7.22752 0.141065 100.497 -193.535 15.4201
-11.8045 -13.1194 -2.58193 136.369 -47.3503 -82.2042
-13.4883 9.73267 -1.50782 -37.408 -140.205 -37.3641
-11.6484 -8.99673 -1.55557 144.371 -57.5239 -76.0399
-11.9556 -11.2899 0.320811 110.812 -30.4276 -2.96152
-13.143 9.4664 -1.96532 -7.83285 -112.785 -115.097
-12.3569 -11.6983 -1.15385 68.0057 -24.4478 42.4431
-13.7489 8.40906 1.26499 -70.2967 -164.258 106.523
-13.1607 14.73 0.780174 -16.0018 -113.776 -11.7789
-12.9601 15.1268 -0.0910967 -0.398647 -103.928 -52.5688
-11.7812 -14.1453 -0.284812 116.364 -11.7719 -25.3611
-13.1065 -0.516526 0.0809063 -22.1695 -209.958 37.1945
-11.6083 -15.063 0.916335 123.833 -11.7591 51.5228
-11.6142 -23.2172 0.44175 115.131 -76.8652 -46.4806
-11.5031 -15.7043 1.97506 125.613 -2.16212 67.0334
-13.4938 8.00111 4.64141 -74.8318 -164.635 97.713
-13.0095 14.1035 2.34876 -27.5243 -117.906 62.2312
-13.0201 6.1542 3.38708 -30.1277 62.1239 -56.5002
-11.9245 -11.9679 6.37332 75.1755 -24.8295 -26.2548
-12.8776 11.2774 -1.5096 -20.4039 -115.428 -50.0995
-12.5538 15.4401 1.21145 7.26889 -104.657 50.4503
-12.5723 -3.93488 8.27591 3.95087 39.8318 42.043
-13.1869 10.9104 0.678787 -64.424 -159.347 30.3077
-11.6407 -14.5441 2.43743 87.7783 -31.2937 117.145
-11.6987 -5.32105 2.87778 73.7963 -192.09 134.657
-11.2026 -10.3987 1.61166 118.148 -80.6883 68.6402
-12.7412 13.2626 0.804508 -38.3348 -125.636 -7.28401
-12.3572 12.9011 2.78717 -2.36229 -104.174 132.232
-11.2374 -13.4545 0.503155 108.444 34.8427 20.0326
-11.0018 -9.58315 -0.328199 130.936 -121.405 -18.7744
-11.5561 -12.7373 -0.254153 74.751 29.8959 -35.2511
-12.6474 8.80525 -2.56773 -44.0277 -139.824 -3.63803
-11.0172 -11.7915 0.647493 117.141 -31.5608 64.0604
-13.0646 11.3723 1.52561 -91.6456 -161.563 29.1504
-11.358 -6.53911 -0.15795 72.2743 -209.55 -31.9429
-11.0781 -7.46796 -2.8443 98.3255 -105.002 -139.837
-12.0339 12.4299 0.0168038 -0.735687 -101.74 -0.3159
-12.8267 7.24572 0.656488 -80.2516 -166.592 73.9227
-10.5051 -11.9002 5.72168 136.859 -154.273 26.6023
-11.1234 -16.0637 1.23077 70.3334 53.3953 34.1535
-10.6557 -8.29399 -2.41605 113.196 -145.021 -119.975
-10.927 -48.6204 36.8172 83.7199 186.569 -137.428
-10.8023 -12.8036 2.20853 93.7661 10.7448 79.2091
-10.6619 4.30409 6.6504 106.794 47.021 -57.5416
-10.4701 -11.7748 -2.78402 123.111 -46.6302 -95.6295
-10.7011 -6.40147 0.333995 99.3394 -203.267 -2.74646
-11.0625 -5.05314 3.99853 50.1536 -239.374 17.6974
-10.2025 -14.4243 1.9091 135.563 -37.4329 96.6793
-10.8769 -5.46136 6.23797 67.9083 -191.552 -7.70683
-12.2243 13.5583 -1.56421 -71.5282 -138.387 -43.1685
-11.6918 11.507 2.83446 -19.0926 -110.137 134.135
-10.7565 -6.46711 11.622 72.0916 -62.9871 -55.713
-10.7254 -5.82908 2.22667 74.3411 -193.391 122.97
-11.6977 12.1541 4.0588 -32.1997 -98.5873 75.6288
-10.2181 -11.6216 -0.741509 108.731 63.3818 -35.1213
-10.0464 -14.1255 0.0813524 120.846 -8.56583 -17.8495
-9.69695 -18.2492 0.422114 138.689 -224.498 24.9801
-11.5528 11.4694 1.83015 -50.958 -117.897 45.5879
-11.4587 15.6798 -1.25125 -44.2393 -129.782 -16.0165
-9.85225 -13.7035 2.99686 114.554 -5.87039 117.497
-10.208 -11.4016 3.32533 70.3777 23.885 132.801
-12.0636 9.64688 0.698602 -114.006 -149.253 -3.53851
-11.0655 10.3352 -0.365508 -21.2619 -218.619 -64.238
-10.0409 -11.8581 2.47365 78.822 14.6394 121.887
-10.8123 1.66399 -4.32661 1.51942 124.658 -70.9973
-9.11062 -12.6521 -2.40567 168.178 -101.762 -79.1075
-9.56392 -9.14182 -6.00804 121.069 16.9453 -141.839
-9.03569 -13.1951 -2.93635 173.046 -21.8681 114.622
-9.8837 -17.4165 2.96333 86.9968 23.5348 48.0059
-9.06027 -13.7122 0.231651 166.577 -86.8522 -16.6904
-9.48277 -16.6826 0.401197 121.068 15.6465 -11.4493
-9.78904 -6.74638 1.78813 90.4796 -224.251 90.179
-10.929 16.4331 2.5647 -25.3586 -105.698 63.0918
-9.2706 -20.0374 8.33382 138.743 -57.102 78.0418
-10.2262 17.964 -6.20965 34.672 -66.7845 -98.7154
-8.85331 -14.0296 -0.538237 160.954 -57.5215 -16.9731
-9.72261 -4.79446 4.48789 66.2556 -112.725 214.368
-8.35062 -16.2405 -1.27488 199.572 121.469 -131.497
-8.3721 -10.4151 -0.0299044 197.25 112.133 10.2523
-10.471 14.6711 0.827091 -14.1246 -98.9973 44.7803
-8.83888 -14.4313 -1.29361 143.288 -28.8324 -37.6897
-8.72939 -13.6488 -0.726648 149.104 -58.1363 -25.9271
-10.4338 15.3489 3.02732 -28.7541 -108.415 87.5173
-10.5232 15.0312 -0.0448838 -39.5987 -111.003 -53.7338
-8.53545 -17.2426 1.78001 146.15 -121.889 90.5431
-10.5087 13.7307 -0.233972 -53.0214 -127.118 26.4715
-10.2776 16.1459 0.763009 -31.8604 -111.518 51.1963
-8.48835 -18.035 -13.0998 128.764 -106.9 -211.666
-9.22022 -32.1129 6.5785 50.5048 248.024 -150.059
-8.16028 -13.896 -1.16837 144.808 -116.978 -119.67
-8.1654 -14.7297 -1.70146 141.665 50.3587 -20.529
-9.86317 12.9024 -1.55297 -34.1374 -101.187 -65.9191
-9.8068 3.37161 -4.65871 -32.0609 -125.438 -223.121
-8.69461 -16.9084 -1.51605 76.7574 50.5738 -32.2819
-10.5789 13.5805 -2.78672 -113.486 -236.403 -232.707
-7.91225 -13.7196 0.994969 147.588 -40.5019 66.5664
-8.17254 -13.265 -0.517305 118.875 -105.344 -47.4265
-10.5162 10.0215 -1.4072 -121.349 -140.066 -59.9741
-8.17621 -17.5458 0.538351 110.11 37.4285 63.4336
-10.3616 12.444 0.136011 -111.657 -135.727 19.4835
-7.75582 -13.3031 1.03495 146.79 -30.535 68.0931
-9.13554 15.0375 2.70945 8.83486 -82.3624 75.4153
-8.46825 -15.2771 -5.79524 71.4268 -63.4064 3.11896
-10.0097 14.5347 -0.417651 -81.7519 -131.877 -23.8714
-7.67604 -13.1524 -2.22032 145.247 -29.6193 -82.6064
-7.96362 -15.0436 0.119987 113.838 -35.1729 -10.5261
-8.24838 -12.5745 6.10303 83.4791 16.5651 -54.2186
-9.23699 13.3957 -4.34218 -21.8544 -93.971 -165.829
-9.37061 13.3171 1.75064 -35.8642 -100.886 35.0004
-7.87546 -13.8636 2.36822 110.912 1.89871 64.5025
-10.0683 12.9864 -16.5461 -107.469 -78.552 -297.372
-6.93187 -14.0663 -0.082162 192.851 -85.0884 -22.751
-10.1866 13.7176 0.241006 -131.267 -136.384 -30.0436
-9.11069 13.1644 -0.940316 -30.476 -95.9922 -88.6351
-10.6536 19.8535 -4.52395 -186.287 -52.4397 14.286
-8.53505 14.7627 -0.310074 23.1024 -70.7374 -62.6165
-8.73049 -4.84049 1.10053 -2.78183 -259.21 54.5826
-7.28395 -11.9976 3.27609 138.207 -62.3618 158.04
-7.62911 -13.5548 -1.99437 99.8164 9.82452 -116.461
-6.80576 -13.624 0.549006 177.936 -60.1427 45.1161
-7.59119 -39.6228 -3.36858 97.4563 -42.1007 -34.1248
-7.7335 -19.1242 0.879263 81.4857 63.146 24.5846
-8.04545 -13.5937 -1.02522 48.39 104.115 -48.9835
-6.68001 -11.1211 -1.41375 183.938 -16.8481 -79.874
-7.14321 -16.5608 -0.923538 122.856 22.1005 -6.9137
-7.06808 -13.4952 3.78796 125.37 -8.21233 157.525
-7.82815 -19.929 -4.5106 42.6268 78.7197 -18.6662
-8.4639 11.9037 -6.32274 -22.2152 -59.9873 46.8068
-7.67512 -16.8843 -0.893294 53.3992 63.6009 -70.5983
-7.22697 -17.8718 -1.55403 89.69 50.1537 -102.262
-7.07159 -17.4709 -0.910122 102.494 79.3506 -73.0782
-6.94428 -8.68937 3.9952 113.828 -82.226 193.858
-8.20813 14.7969 2.20229 -16.0288 -87.4615 82.279
-7.29448 -17.8122 -1.05139 74.5056 5.28061 -53.7706
-8.54474 15.9721 2.56104 -63.3284 -106.089 119.469
-7.27498 -14.7874 -5.21506 61.6062 36.4697 18.0849
-7.74455 17.9174 -0.903105 6.09003 -89.3546 -49.9798
-8.1631 16.2164 0.265837 -42.5739 -102.716 13.3728
-6.3489 -16.8421 -1.56303 137.392 -32.4567 -39.8197
-6.66393 -18.5085 -1.98442 104.788 51.1538 -72.5814
-9.16108 12.3621 -0.585226 -146.674 -133.325 -26.1591
-6.7843 -13.0353 2.12631 83.4693 -31.6316 -89.9306
-8.56682 10.3836 0.021013 -97.5373 -268.194 9.24145
-6.39855 -9.93793 -4.34263 117.379 -58.0256 -208.38
-8.41994 17.3013 3.72138 -92.8478 29.3921 171.867
-5.94927 -18.1305 0.349737 143.996 28.3474 -13.9094
-6.26018 -16.9619 -0.312046 108.129 37.9246 -42.9606
-8.02349 12.6912 -3.07126 -68.0213 -100.454 -178.712
-6.1723 -12.744 1.8754 115.761 148.007 83.4235
-5.56117 -17.2271 -0.68074 162.145 -7.10239 43.6916
-6.37775 -17.5601 1.97714 80.8728 54.268 42.0692
-5.58708 -15.6061 -0.244961 155.508 -2.06554 21.3541
-7.44419 15.1798 -0.623307 -28.9696 -92.5607 -35.9386
-5.47153 -16.8214 -0.175146 162.997 62.2726 -14.221
-7.93162 12.4298 -3.39671 -97.8321 -102.929 -163.105
-6.35181 -12.7847 -2.88522 57.1294 -119.657 -18.0261
-5.95223 -15.8142 -0.649107 95.7383 35.9219 -56.6315
-6.0919 -39.0207 6.33293 78.9325 22.2406 36.6935
-6.73341 16.2978 0.690312 13.7027 18.7112 55.7958
-6.66349 1.18708 4.31339 10.3789 136.088 83.672
-6.9029 18.6545 0.320926 -15.1282 -94.4461 18.5816
-6.89945 15.1077 -1.30394 -19.1506 -65.3061 -58.3664
-8.26725 12.8126 -1.52836 -158.048 -113.191 -67.8938
-6.84309 17.872 -3.67645 -17.1117 -47.0854 -145.994
-4.93871 -17.2002 -2.18916 166.747 25.9774 -31.8909
-5.50345 -15.446 -1.76074 106.243 31.7608 -107.287
-6.72089 19.4006 4.27805 -17.812 -104.313 -92.306
-6.0657 -3.69719 5.56156 46.9274 -119.972 245.374
-6.23551 16.02 0.469044 12.8384 -156.698 -55.9321
-6.97374 15.314 -2.41946 -67.3251 -94.8907 -108.708
-4.57799 -0.650654 0.0428701 166.577 -137.844 104.239
-6.32499 17.4692 -2.97884 -8.52263 -85.9407 -134.213
-5.00646 -14.5835 -3.45024 120.711 -59.309 -132.444
-4.88275 -19.3825 -2.60833 127.996 -159.251 -94.8144
-4.47016 -14.1429 -2.09539 161.74 -13.3569 -67.776
-6.16823 17.4344 -2.25984 -11.1735 -82.8485 40.9242
-7.08091 16.251 1.16123 -121.618 -106.302 71.0139
-5.11971 -12.8603 -3.43003 67.4532 34.3998 -180.4
-6.35302 13.4248 2.36454 -55.4961 -137.991 36.7712
-7.25914 13.0581 2.39992 -145.799 -100.713 82.4024
-4.87732 5.41874 -4.85776 80.9351 86.0723 20.6502
-6.374 4.93873 8.26495 -69.9868 -158.897 -47.8111
-7.09023 13.1241 -1.24964 -161.612 -97.4594 -25.1868
-4.08541 -14.2038 -2.5585 133.315 9.60759 -141.405
-3.54315 -12.418 -3.22714 184.04 27.8941 -120.937
-5.69836 19.453 0.307582 -30.2987 -94.9282 1.25017
-6.11554 16.7887 -0.840955 -77.2724 -94.5065 1.40916
-3.43077 -11.7766 -1.79906 184.906 -79.5549 -115.699
-3.94825 -25.3382 7.72767 125.59 191.919 -106.805
-5.49125 -1.52907 -5.51777 -29.1734 -156.004 -243.691
-6.85688 -2.652 0.953044 -175.269 -229.779 58.6649
-5.67762 5.91761 11.4512 -59.4641 27.6516 12.9705
-5.05655 -4.63931 -10.8929 -1.44787 -91.2695 65.8584
-2.90576 -10.9732 3.29112 201.353 -132.128 78.637
-4.08519 -15.6134 -2.41638 76.3482 46.3754 -133.354
-6.90471 19.4353 1.42486 -203.913 -52.0221 56.4826
-5.62736 12.759 -3.78519 -77.955 -86.3646 -202.391
-3.67459 -12.5609 4.87313 113.956 6.25412 204.91
-4.85007 16.5895 -3.42117 -23.794 -82.4265 -118.858
-5.00376 15.8216 -3.11932 -39.2788 -82.4159 -106.547
-3.39854 -17.7209 0.0698651 113.429 46.1471 40.307
-4.25064 1.52068 5.96802 25.361 -141.695 -4.21544
-3.06133 -16.0496 -0.970175 143.091 21.097 -103.088
-4.34904 17.5095 2.14244 8.4829 -78.5203 140.133
-3.03881 -17.9892 1.03262 129.996 50.8694 88.1535
-3.11644 -17.9786 0.663558 114.969 39.7108 -3.69309
-2.85914 -12.0992 -3.31761 134.721 -7.41756 -172.53
-3.58616 -12.6192 -8.22111 59.1298 49.724 133.623
-4.96817 17.1167 -2.4941 -85.0199 -89.3291 -112.116
-3.5874 -18.3175 6.69709 46.1698 67.5839 -98.6003
-5.42641 13.6235 3.7414 -141.061 -88.3035 129.871
-4.98498 15.5716 -1.41885 -97.7202 -88.1732 -62.6698
-2.17892 -12.7613 -2.17944 175.989 -17.7184 -120.617
-1.59936 -15.0791 -0.207359 218.506 -22.9846 -47.9853
-2.00465 -16.6031 1.50342 175.966 10.5732 47.5765
-2.75097 -19.1903 -0.497608 97.0947 60.8936 -32.7029
-2.509 -19.8744 -0.134239 115.868 61.3429 -16.2326
-4.39397 15.1953 1.65831 -74.5372 -80.3699 79.4947
-3.02728 -18.1644 -0.66809 47.0355 135.679 -4.98727
-2.2862 -14.9564 -0.100551 118.794 94.7049 -15.9563
-5.04021 15.9331 0.763572 -158.866 -88.8444 65.0979
-4.22334 16.3757 0.594472 -85.206 -84.2343 70.9611
-4.60214 12.998 2.33572 -124.939 -70.4993 142.678
-3.75785 14.7528 -6.9437 -42.1067 -65.1435 3.11527
-4.08212 14.462 3.47093 -74.3785 -79.2063 115.587
-2.16927 -17.9081 -0.886539 107.949 52.3743 -49.9895
-2.34313 -20.668 3.41314 90.1959 17.6543 8.02904
-4.14849 14.2429 1.66052 -95.9827 -73.986 114.619
-2.49149 -14.9233 3.21185 60.3185 51.9851 140.893
-2.05786 -14.0896 -0.606181 102.218 179.813 -35.4701
-2.31642 -18.9718 -0.470584 74.6018 117.096 0.738597
-1.23705 -10.0022 3.59346 176.847 -55.5222 184.607
-1.0798 -17.122 1.1632 187.911 22.351 24.4068
-4.44717 12.1774 3.27456 -148.735 -70.0369 174.233
-3.21121 19.1864 0.0529498 -30.7531 -201.046 7.50979
-2.28331 -20.5902 -0.133693 55.7084 80.9622 -34.458
-4.88407 11.5665 2.8198 -203.039 -56.8204 136.722
-2.5454 -18.1248 2.06879 24.9521 75.553 70.6305
-3.76584 16.2578 -0.730513 -99.0268 -84.1045 -3.65732
-1.85482 -19.2046 -1.63114 89.4918 72.1656 -57.605
-2.06736 -17.9187 0.24031 67.6533 65.8019 27.691
-1.81179 -22.2311 1.34539 92.0173 -17.437 70.3254
-0.715174 -7.04122 0.885704 195.854 91.1184 -8.0064
-4.3642 18.1745 -0.452823 -173.933 2.38742 4.44814
-4.16037 15.7142 2.11796 -178.318 -156.725 8.572
-2.59971 20.2221 0.0391926 -28.1261 -90.0376 38.8112
-0.669642 -15.8964 1.16182 151.024 34.4007 45.8405
-3.66885 -3.22567 6.73806 -157.031 -95.1534 -52.0167
-1.81772 -18.8033 -0.748837 25.8292 80.4621 -5.27548
-0.710876 -30.7798 5.77113 124.551 183.778 43.0339
-3.82206 13.6742 1.95475 -194.745 -64.8276 72.6199
-0.69295 -19.0241 -0.823414 115.179 63.3689 -63.8796
-2.94146 17.6614 1.60752 -109.29 -81.0462 49.5908
0.458803 -21.5188 0.337425 224.692 -153.362 -1.16602
-2.67428 18.0631 -0.159152 -88.3098 -83.3777 2.522
-0.622634 -15.6229 -2.24629 112.612 52.3496 -89.4812
-0.6284 -17.4336 1.72714 105.545 56.0844 56.2441
-1.56704 16.1183 -0.937779 7.44922 -122.618 -22.0041
-2.42558 17.3102 0.388172 -78.2879 -79.808 27.4118
-3.27568 12.8811 2.69423 -168.189 -51.421 108.081
-3.15855 35.1524 -9.11381 -156.835 -67.3489 -63.5799
-3.27127 16.0682 2.31469 -172.228 -67.905 86.363
-3.25841 15.7928 -0.490649 -171.093 -59.9665 -42.8054
-2.64257 17.6357 0.360506 -112.074 37.5667 -39.7297
-2.09155 19.1731 -2.06536 -59.302 -85.8345 -85.0229
-1.30949 -12.7024 -0.439507 15.613 148.603 2.70422
-1.45863 17.5083 -0.604897 -6.61419 -77.4435 18.9691
-0.540555 -17.0088 -3.1744 73.9768 69.2345 -120.318
-0.627068 -16.5697 1.55403 60.5645 22.8567 99.1885
0.174946 -16.0361 0.491059 138.735 89.5072 -1.91336
-3.03733 14.924 -2.67643 -182.099 -44.9036 -97.3843
0.103728 -15.986 -0.744646 128.965 56.2297 -56.1975
-1.49458 19.7442 1.06631 -30.6406 -87.0994 60.0505
0.490843 -14.9805 -0.534554 165.488 26.9329 35.0917
0.116215 4.73381 5.23861 109.028 65.0627 -62.7937
1.07774 -18.072 4.67662 192.079 149.423 -21.1278
-1.90372 19.374 0.580334 -113.31 -81.2092 1.95414
0.938043 -19.5464 -3.27402 151.667 163.998 132.929
-1.49543 17.1715 2.23332 -91.6485 -75.4609 81.1101
-1.46899 19.9523 0.983579 -94.1765 -89.1507 19.6963
-1.40715 18.2106 2.22401 -88.7978 -74.9265 79.47
-1.34463 15.7506 -2.25895 -82.8229 -69.3652 -124.733
-0.000661745 -17.325 -0.439756 50.3237 75.6243 -40.1684
-2.36442 15.3773 1.37626 -186.737 -47.1768 41.7925
-1.3185 16.983 3.57 -83.1976 -73.6915 143.171
0.191134 -19.7766 1.38663 65.985 80.5665 41.5876
-1.7256 18.5264 -0.660871 -132.168 -67.1317 2.56191
-0.87254 17.8127 0.844334 -48.6402 -76.7277 58.2425
1.71383 -14.1073 -1.65956 201.129 15.6079 -64.3375
-0.598543 19.057 -1.98434 -36.5525 -81.9878 -71.1862
-1.57891 12.7392 3.87616 -137.629 -43.874 160.969
0.423221 -17.9949 -0.659174 55.6207 73.8844 -65.3588
1.71159 -15.334 1.00272 182.316 44.945 54.14
0.693856 -16.7912 2.26197 80.9167 73.9433 85.328
0.909932 -19.7056 -0.0145423 96.0828 26.5146 -21.9148
-0.450381 20.3638 -0.383712 -47.4233 -85.6772 -43.8922
1.04801 -21.68 15.9751 97.5163 67.7513 109.703
0.739402 -14.7938 3.74662 63.7888 59.8629 144.559
0.289734 -0.0946976 0 13.3943 0.409684 0
0.194949 17.1605 -2.49877 1.62329 -117.792 -56.8244
1.11 -17.7443 -0.454384 92.0298 145.318 -51.66
-1.10969 15.8129 -0.236926 -131.266 -51.8588 -33.4994
0.0757139 18.7068 0.272398 -21.0027 -81.2245 -11.4965
1.66818 -19.372 -0.162723 127.378 28.0357 -35.1312
-0.1422 17.6624 -0.182255 -56.8778 -70.241 23.3676
2.5849 -16.6302 -2.23927 211.333 -48.8845 -86.74
1.73669 -15.0896 3.62738 125.717 15.4529 -94.651
1.92877 2.89957 2.87917 140.306 147.57 -6.38089
1.57853 -15.9582 -0.268985 104.911 64.5504 -43.3348
1.44918 -18.2244 1.21458 91.4209 76.7166 40.5228
-1.25834 21.7392 -4.07984 -182.574 -207.334 103.495
1.57736 -17.6893 2.51983 96.6977 77.0265 101.279
-0.123081 17.3378 2.66175 -92.9048 -52.246 98.4422
-1.47042 9.6923 -0.917502 -246.944 114.77 -48.1772
1.09134 -17.7151 -0.984067 6.63832 77.1425 -14.9642
2.37619 -16.3125 2.07102 131.864 74.3324 81.6588
2.78511 -14.5534 -2.41731 157.752 55.6633 -139.808
3.00258 -13.0629 3.18698 164.873 50.9022 122.114
0.73977 19.7925 -0.824049 -67.2754 -78.4555 -66.7062
1.34112 17.8041 2.67044 -29.8511 -76.1555 97.5563
2.49117 -18.1471 -1.11325 84.2678 82.1047 -37.4852
3.88115 -5.2765 -0.416614 217.439 -204.527 -18.7326
0.00541078 14.4376 -2.88271 -171.109 -18.769 -145.932
0.782189 2.6423 10.7959 -100.483 -15.225 89.2703
4.34465 -5.57179 0.456018 253 74.4843 -46.1859
0.999265 16.4959 -0.945244 -81.3915 -60.5679 -94.2793
2.79789 -18.8914 1.60229 97.2058 84.7115 88.6145
3.03964 -17.3308 -1.43789 113.315 14.163 -53.575
0.538819 0.587019 -9.29834 -142.989 -25.5059 -93.2974
4.57858 -19.5282 -3.05994 255.872 -82.319 -113.339
0.360598 16.5777 0.914858 -165.476 -34.4094 11.5681
1.15299 2.82253 0.658174 -92.4088 194.092 -32.4796
1.11385 17.7927 -0.0674766 -104.317 -58.2248 15.3762
3.6526 -14.7051 1.10747 141.054 144.06 63.1085
2.3338 -18.4994 -1.29887 7.50837 80.9194 -63.2091
2.58852 -35.8839 -2.14362 32.323 -6.07746 6.28449
2.92597 -16.5154 0.1791 59.8706 78.0812 58.5136
0.825418 15.4928 0.924268 -149.14 -33.8229 28.8853
1.84534 17.4034 1.60197 -49.8213 -67.286 20.4866
1.52883 19.7911 -0.198296 -82.4552 -73.0501 -69.8754
4.79108 -6.2301 3.3317 239.816 31.0051 146.803
2.59611 -19.6072 -1.9716 13.5601 86.3549 -94.5003
3.16561 -17.4959 0.270247 66.4648 82.8117 65.7152
2.94082 -17.1845 -2.83165 42.4297 77.7362 -133.853
1.88201 17.7518 0.343093 -71.0531 -75.7305 34.9868
3.18956 -19.8534 -0.223461 56.9973 91.8591 49.9368
2.04461 17.1842 0.261737 -57.9738 -67.623 30.2022
1.60536 9.91324 8.49305 -110.119 3.96445 -102.215
2.20177 20.6162 1.50618 -58.5405 -81.3258 6.06942
2.35503 18.0107 0.589241 -49.9983 -62.9618 45.7875
2.33631 12.3124 -4.03187 -59.7102 71.1069 143.291
2.02469 16.1958 0.958683 -105.055 -46.8019 29.6369
4.2749 -15.1517 0.469125 102.728 85.5326 34.6672
4.27476 -18.3129 0.146061 90.5514 44.0671 18.285
2.2698 16.8459 0.763075 -110.384 -66.7778 96.3888
2.10243 17.3173 -1.94154 -148.405 56.9151 -114.414
3.63466 -15.5828 -3.6448 0.62414 95.062 -153.82
5.23789 -13.4501 -2.7627 156.668 86.1611 -116.028
5.22846 -15.7985 0.151702 155.093 77.4059 4.2841
2.34593 15.2864 -1.15142 -134.279 -60.3388 -54.3282
2.62971 16.2164 -2.61266 -109.818 70.3151 -93.5994
4.57898 -16.8765 0.624705 83.6489 86.5099 -12.9326
2.75436 14.7686 4.60418 -98.1399 -70.4117 50.3756
2.54497 15.6188 -2.79255 -138.51 -136.915 -157.175
2.13375 10.6085 3.96213 -192.648 79.0927 160.155
4.99915 -14.2769 -2.88455 71.0699 83.2752 -152.345
2.47628 12.4749 -3.08869 -181.928 32.3081 -139.739
3.61118 19.1746 1.11253 -71.6779 -69.1407 33.7955
3.4067 16.14 2.03362 -93.5321 -45.9704 93.5044
4.52129 -18.5908 0.873909 14.4124 89.2986 57.5983
3.72234 7.18803 8.16738 -74.9055 -152.812 113.856
3.46363 18.066 0.528952 -120.129 -49.6877 25.581
2.94135 16.1188 -0.543123 -173.876 -3.32925 -27.873
6.17639 -12.633 -1.40363 139.161 95.7911 -82.2602
3.20233 17.1302 -1.26404 -158.496 -18.8331 -39.8397
4.21855 16.3214 -0.840149 -61.7216 -55.6409 -39.3604
5.89607 -16.9983 -0.0260319 102.038 91.2394 -5.12422
6.08139 -14.977 1.44617 111.512 95.4484 46.7248
6.10329 -16.3136 -1.94191 113.436 69.0315 -74.7508
5.48816 -19.3291 -1.25565 50.1512 98.848 -40.0586
6.69499 -7.09323 -5.50613 167.645 136.676 -71.1093
6.30548 -12.7832 -5.32636 127.873 30.4723 75.3773
3.89503 16.5621 0.65181 -120.841 -30.2015 48.3878
3.71452 13.9019 -1.50616 -141.148 1.4235 -116.683
6.8123 -12.7878 0.709681 165.505 102.821 15.0747
3.69665 29.8785 0.791717 -144.587 -295.694 136.635
3.93432 24.3037 -10.2384 -126.925 -100.585 34.1352
3.68101 14.7061 -0.475291 -155.963 11.4097 -71.022
4.89829 17.1676 -6.98535 -48.6418 -12.1002 -224.26
4.51702 18.5869 2.69828 -88.741 -54.3163 92.2006
4.1016 9.64831 4.97766 -131.396 149.896 -60.5734
6.65402 -12.6667 0.848251 116.613 69.0258 160.622
3.59065 14.7301 -1.47859 -192.269 22.9501 -64.6675
6.57704 -34.2098 -9.40116 100.386 115.727 -43.8672
6.09321 0.996265 2.67773 50.2476 186.519 31.3947
4.58085 16.1409 1.14718 -110.184 -31.5418 50.1612
6.92613 -11.6784 2.10454 104.028 -77.0483 -60.4819
4.32498 10.174 4.1353 -166.043 78.0494 178.674
5.77034 -9.65028 -6.56306 -23.2141 -49.1695 112.583
5.37543 18.9486 0.147643 -62.5081 -15.6454 83.0311
6.84455 -12.8424 5.06494 83.0891 148.096 41.5929
7.5939 -11.079 2.16186 144.948 121.199 87.3944
6.54622 -15.5637 2.40521 40.6462 88.4278 91.6142
7.26464 -12.7606 2.8032 102.073 100.352 110.074
6.95745 -14.6394 -0.0865579 71.3906 95.4528 -21.6115
4.26467 16.2165 0.105405 -196.136 27.3327 8.92023
4.94626 18.1523 -0.572776 -133.117 -34.757 -29.7072
7.2636 -14.4006 2.62761 85.2005 106.525 101.501
7.70285 -12.953 -0.368134 127.472 106.255 -34.1039
7.22674 -15.5045 0.0778103 68.2559 315.021 146.543
5.09719 25.5882 -3.58772 -151.831 -185.703 119.556
5.66016 15.8789 0.297756 -108.514 -24.6485 -41.9088
7.82385 -14.7972 -1.61585 105.269 106.724 -93.8627
5.66537 19.6407 0.880377 -109.781 -106.568 -19.0066
4.63543 14.1079 -1.85332 -214.266 -9.61403 -52.6926
5.56673 20.3829 6.28247 -122.449 -80.2227 -52.0048
7.20373 -13.2319 -1.21893 18.494 10.6204 147.395
5.58817 17.5978 0.121599 -144.654 -12.4332 -54.9872
7.25895 -14.5473 -1.57322 19.3112 86.0661 -68.0661
5.97506 17.8684 5.89549 -113.647 -36.966 -93.1218
6.02054 14.9277 -0.300818 -109.945 94.0183 69.4852
6.70236 16.3761 1.25319 -45.9302 -63.5551 85.667
6.21218 14.1182 -2.00035 -96.3269 -48.8501 -87.5408
6.39839 14.4393 2.55246 -78.9285 -30.3505 105.936
7.89022 -17.4638 -0.523047 68.2742 106.999 -46.3366
8.49119 -15.8001 0.0189562 116.319 121.425 -19.7658
7.87801 -18.4834 0.64275 52.3133 107.341 6.40718
7.29597 -15.9055 0.73369 -8.70064 81.8509 52.28
7.60226 9.49987 -10.4658 9.10877 -46.0847 54.1646
7.81914 -18.9302 -0.449204 30.3691 102.552 -48.4098
6.11228 15.8358 -1.08011 -142.989 75.3272 -17.8549
7.03338 14.8484 -2.27724 -58.6103 -21.3986 -102.357
6.79696 18.4157 1.05707 -84.9076 -54.3037 26.1763
8.95054 -10.6421 -2.89186 127.407 129.255 -113.928
8.91278 -14.4559 -1.27022 93.7426 116.257 -86.7061
9.04948 -14.2362 1.36214 105.4 113.259 35.456
8.86014 -14.9271 0.588267 84.3576 111.61 -1.40012
6.24741 14.9029 1.19159 -177.492 31.4739 76.4738
7.29155 15.4909 0.285431 -75.8284 -42.2554 17.4447
7.30533 15.8346 2.87218 -76.9069 -40.1633 119.432
9.01294 -15.9766 -2.23511 90.0214 44.5925 -97.7608
8.54542 -14.329 -2.02304 43.1944 100.865 -69.2435
9.03312 -16.8763 -4.81526 88.1448 140.117 21.5953
8.45597 -13.7557 2.65041 18.7427 90.0782 114.959
6.84839 20.1207 2.37579 -146.649 -134.659 -48.1292
7.06324 17.8403 1.3628 -134.728 -22.4357 67.7488
9.48053 -15.7236 -4.00595 105.07 90.9433 -193.463
8.42002 -16.4091 -0.398783 -1.37592 88.8121 8.52084
9.3483 -16.2226 0.553764 81.1139 115.341 -5.26448
9.07642 -16.0219 2.58716 37.3888 133.191 -174.5
7.51022 14.3581 -1.54246 -122.405 1.44512 -49.9978
9.92535 -15.109 0.743426 113.59 129.626 39.4591
9.63645 -10.8461 2.47982 75.2957 114.804 130.245
10.2742 -14.0111 1.08711 133.657 166.395 53.1013
9.5871 -11.575 -4.20581 56.4978 108.6 -178.133
7.51585 11.9635 1.51255 -161.513 90.683 67.3359
8.5388 8.85472 4.98869 -62.7687 -6.29113 228.298
10.3653 -8.71 3.67476 112.712 56.5378 -98.4651
9.99938 -15.4219 -0.157359 76.2809 124.377 19.3613
9.20042 -14.0576 -1.40964 -5.88787 89.9135 -40.4517
7.99012 8.41793 -2.42314 -136.571 170.702 -115.241
10.1739 -8.77507 -2.00233 74.1703 116.756 -149.496
9.53876 -15.8458 -1.16814 3.46798 91.8355 21.8239
7.92076 12.5157 -0.768082 -160.76 99.8876 -38.1881
7.80979 33.4099 -12.0414 -172.769 -172.198 118.929
8.21485 11.2195 -2.68717 -134.524 51.448 -126.842
8.38506 15.5532 3.22678 -124.395 -4.02893 108.721
8.75016 14.4226 0.0762418 -88.3482 -28.2928 25.9974
10.2527 -12.4012 -1.1017 60.5075 114.949 -33.5033
8.76913 14.5667 1.254 -89.2127 -25.0253 18.8975
9.96193 -11.2447 -9.83084 11.6383 66.4204 11.6746
8.25016 14.4268 -0.803629 -158.507 38.1965 14.8658
8.64313 10.0767 -3.86701 -124.112 80.2636 -147.871
9.34001 14.3233 0.200426 -67.5585 -42.9678 -30.1831
9.09256 12.1586 -3.19392 -103.584 0.498072 -165.547
9.27805 13.7877 -2.44358 -88.5336 -20.4647 -75.0026
10.633 -5.72167 4.07017 42.9753 126.219 183.891
9.08235 15.9691 2.56632 -113.754 -15.2955 76.4827
9.4888 11.6036 -4.42213 -79.3261 -14.1554 -195.101
8.9149 12.1679 -2.75273 -136.638 63.9736 -130.049
8.74219 12.7198 -1.68257 -154.9 80.1485 -80.6278
11.0312 -14.1019 -1.55768 62.7899 104.947 -38.4998
11.1812 -16.1928 1.52117 68.5473 7.84182 71.1654
10.6966 -15.1698 -0.126313 18.7362 122.397 36.7331
11.3205 -10.5156 -1.09362 80.4848 245.404 -34.7778
10.5612 -12.0746 -9.29264 1.13728 48.282 -49.7303
10.6777 -10.5067 3.6404 12.6407 93.5464 201.855
10.0461 10.8219 -3.2737 -58.7136 116.896 36.2049
11.8288 -9.44947 2.63807 102.774 148.745 58.1439
9.33804 15.6521 2.20608 -147.664 14.4544 87.2268
9.69494 12.9713 1.1607 -113.948 11.3293 44.942
9.84391 8.13677 3.56261 -100.631 136.219 161.161
11.2454 -6.71477 -3.11938 37.6037 122.88 -197.205
9.6627 16.3628 -0.428161 -141.046 9.21125 23.3266
9.41499 13.3265 -1.99639 -166.146 69.7237 -95.3511
11.1357 2.79716 2.83119 -5.6009 224.206 127.978
10.2263 7.9713 -0.455834 -105.139 218.218 -17.4617
10.0382 8.68952 -2.0774 -124.079 178.574 -97.9036
12.3664 -8.77136 -2.41204 100.702 161.733 -78.6438
10.1837 13.6081 -1.60575 -116.92 14.0068 -83.3464
10.6355 12.96 3.03581 -88.2078 -17.2336 150.792
10.2126 14.0453 0.223072 -130.78 18.3174 0.963685
10.1889 10.7071 5.41744 -133.866 80.2079 118.862
11.3987 -17.4485 -0.0253845 -14.9213 95.3653 21.6667
10.248 11.4766 0.548894 -135.053 82.2935 61.2983
10.5127 11.3733 -3.1646 -109.959 36.6289 -157.883
11.6658 -11.7014 0.283519 -1.40225 46.6281 84.6017
10.9159 12.7075 1.19167 -78.8137 -23.1736 46.0434
11.5926 -11.1467 0.0243752 -14.7289 224.043 -9.28449
11.0222 7.26649 -4.3901 -73.8411 12.1545 -191.338
12.1986 -8.08762 -7.31948 34.2881 5.82782 -23.3304
12.7461 -9.93234 -1.14492 81.5676 152.248 -17.5056
10.6599 11.6879 -0.864367 -128.913 56.4634 -34.151
10.596 12.0312 -1.05505 -139.524 84.9298 -33.2948
12.4757 -9.5652 -1.85018 46.9885 133.851 -33.351
12.61 -10.4777 -0.73822 59.0995 146.904 0.643638
12.2118 -11.5757 1.66252 16.6487 111.417 125.904
12.9942 -5.55288 2.36377 88.8978 189.1 104.403
10.8561 13.0963 -1.53108 -124.45 36.4353 -73.9667
10.517 13.8058 0.853146 -159.574 51.5687 36.1563
10.8715 10.9883 -0.99025 -126.976 68.168 -160.934
12.5927 -9.2374 1.2875 43.5273 133.873 61.4775
10.7917 15.2767 -1.45079 -143.389 23.5382 -55.4981
11.4788 14.1605 -1.17244 -77.9386 -38.8735 28.1396
12.6365 0.329819 0.291771 34.9955 226.24 3.82591
11.7573 3.69854 -5.22697 -58.7988 14.3348 -237.877
11.2752 11.5102 0.400649 -116 36.1567 24.4753
13.3966 -8.05514 0.64723 92.0396 176.71 31.8369
12.4204 -15.0166 0.998162 -12.5338 54.0886 -73.0235
11.2178 15.2475 0.448755 -132.411 12.9139 32.4743
12.5911 -13.3225 -1.87235 1.5091 99.9674 -120.086
12.3547 -11.2333 -1.59654 -22.0958 79.4986 -87.4351
11.2493 10.9505 -5.24416 -133.69 69.676 -89.8375
12.9652 -12.4945 4.67473 19.7605 207.611 147.672
12.3754 5.7604 0.364432 -49.2434 221.804 26.2732
13.0004 -3.70124 -3.06986 9.04115 149.497 -138.287
11.7174 13.4791 1.26898 -125.888 16.6535 55.2694
11.6274 9.31577 -1.70467 -146.14 -5.52897 -99.0687
13.504 2.13663 -0.627309 39.4005 -27.0257 103.786
13.1818 -10.9344 0.439009 2.17078 107.419 6.34682
14.0542 -11.3021 -4.02076 81.0858 163.013 -148.794
13.9423 -13.8998 -0.658828 68.9433 59.4358 16.1548
12.4044 6.13146 -0.837718 -84.2624 176.932 -26.0718
12.2523 14.6538 -0.330719 -100.882 -20.9486 -25.6365
13.7745 -8.15519 2.21151 50.3126 154.539 128.698
12.086 9.98571 -1.32189 -118.084 86.0168 -47.6359
13.2786 -15.4174 1.55422 -4.69554 102.951 -17.0371
12.2173 15.287 -0.969806 -111.112 -11.731 -32.6565
13.9978 -13.1629 -1.0207 57.1819 102.176 -8.70447
12.9145 -0.465123 4.25272 -54.6046 21.0724 194.38
12.2108 18.7229 2.34037 -132.505 -156.333 -157.275
12.8022 3.79103 3.91909 -76.0161 127.431 191.309
12.2486 12.6571 -2.92235 -131.489 171.15 -58.0441
13.5536 -5.19911 3.16407 -2.96223 117.866 135.709
12.8588 10.508 -2.79172 -77.0279 -16.8365 -133.713
12.8643 4.78387 0.763192 -80.1232 172.83 45.519
13.7589 -13.9049 -1.57035 4.98216 117.222 -28.5619
13.6027 -14.2186 0.714914 -11.3797 98.1855 90.361
13.4563 -2.47924 5.87655 -36.4432 232.733 260.602
12.8089 10.3283 -0.203551 -101.783 28.5428 -16.4034
13.0525 -2.62682 5.00621 -88.4204 -8.29681 -51.6405
12.7793 9.08705 -1.37602 -119.47 113.423 -68.1338
12.8256 11.1506 -1.34625 -116.724 60.0111 -84.3353
12.7994 14.2497 0.301523 -126.338 20.6928 27.4744
14.4038 -12.9039 0.321904 26.3557 260.08 -20.554
13.3378 15.5624 0.345192 -82.3735 -54.2704 9.63663
14.1617 -12.1037 -1.78579 -6.45727 107.795 -97.7435
13.0014 10.1605 -0.525262 -122.368 68.2321 -9.88053
13.586 13.1604 -1.07974 -70.5829 -42.8788 -42.1085
14.646 -9.42362 -1.51219 33.8837 147.308 -40.8883
14.5 -8.58763 0.835457 17.3008 136.494 19.6356
13.13 8.92075 0.619472 -119.756 136.675 26.332
14.5551 -12.5016 -0.51887 20.6586 131.261 40.2569
14.2375 -0.806016 -2.86767 -19.7941 131.744 -130.21
13.5951 5.26115 -2.8044 -86.7062 116.965 -164.382
13.442 12.3499 -0.609957 -103.353 6.86211 -21.4269
14.2743 11.2577 0.790407 -21.8356 91.5256 -63.7405
14.4371 -8.72205 -2.35545 -10.3836 107.087 -41.8989
14.743 -8.59049 0.105518 12.7248 139.745 19.8806
13.9264 5.39705 1.21413 -69.3726 198.346 50.6634
13.6258 9.65491 0.188528 -102.485 39.8766 23.2965
14.5232 -12.2206 -2.96518 -16.2549 99.0084 -76.1567
14.1863 -9.1121 2.63805 -54.0008 50.3296 110.969
13.5658 8.41905 0.308996 -119.405 105.972 11.916
13.8415 21.0381 -4.37943 -97.5234 142.361 22.8922
13.6042 9.01455 -1.37138 -121.477 92.7395 -68.1748
13.968 4.71313 -0.64917 -85.4893 165.521 -18.9184
14.5337 2.9011 7.43934 -34.0682 61.1727 8.81383
13.661 8.87103 2.08521 -122.477 84.5394 91.599
14.1856 4.31129 6.0267 -71.6333 69.4679 -113.281
14.1723 13.9549 -0.953458 -78.7919 -39.0678 -35.8759
14.9799 -5.35833 1.73274 -5.24789 130.192 84.3852
15.2231 -6.86802 -1.00546 18.8238 147.787 -84.7559
14.5973 -4.13927 0.339755 -44.0949 6.18295 90.546
13.9219 14.3289 0.0732763 -112.49 5.71475 18.8036
14.0475 28.6985 -14.9986 -101.539 -17.6467 91.8176
14.8192 -8.46388 1.10763 -27.4584 92.7697 11.388
14.2653 9.21466 3.11716 -87.9489 11.183 158.985
13.6198 11.8844 -0.00766057 -152.693 8.46718 -10.1661
14.0895 11.3324 2.07975 -109.884 35.3035 72.4406
14.7826 -0.20446 3.82045 -43.6465 123.124 172.557
14.0593 5.89871 1.9848 -116.282 78.2873 76.156
14.8445 -10.1429 0.319389 -39.0337 77.1483 86.4507
14.9348 -7.75078 -3.91684 -32.3066 84.721 8.65371
15.6104 -4.01759 -0.648498 31.9612 187.806 -25.7482
14.4292 6.43633 -2.36083 -88.1109 101.155 -104.421
15.5638 0.461092 -5.49066 22.1179 318.618 -302.548
14.4016 7.65288 2.20243 -97.4486 64.2216 99.3957
14.3409 14.7075 -0.756768 -105.119 -17.8706 -38.8915
14.5276 5.78936 -1.88226 -90.7671 69.3717 -82.2523
15.123 -1.38885 2.78517 -32.3804 126.139 88.1371
15.0003 -5.16485 2.47392 -47.2337 131.557 59.8565
14.3205 9.0545 -0.00611755 -115.027 83.0726 -5.22895
15.4069 -3.70402 -0.538198 -10.3116 142.329 -28.7815
15.5244 -7.51583 1.30615 0.886756 126.933 77.6498
15.3766 -6.05803 1.56686 -17.2434 114.273 76.9028
15.2544 1.95838 3.4589 -31.2871 -73.2881 45.8072
14.8269 6.99916 3.43094 -75.2543 -4.8801 153.769
15.0321 1.86558 1.51853 -56.4435 135.336 67.6391
15.4017 -6.52734 -2.49493 -19.9198 114.724 -127.624
15.7825 -4.86872 -0.0551558 14.9907 161.958 1.83476
14.8773 3.35443 -3.21084 -82.5896 99.906 -136.75
15.219 -12.1098 -1.94626 -56.1551 173.878 96.0416
15.1442 4.3873 -0.0122889 -65.8529 147.97 11.0513
15.7147 -2.83771 -1.37432 -13.8582 153.247 -76.56
15.9906 -7.08465 -1.72393 12.258 155.456 -90.9488
15.5251 -12.5721 0.212663 -43.3876 81.7409 2.58382
14.6813 12.4621 0.026218 -127.754 58.4979 -23.9016
15.2176 9.01845 0.81505 -78.2427 -16.9332 53.2427
14.5065 6.26832 3.55436 -152.617 -8.16529 61.306
15.0014 7.40085 0.0776786 -104.845 134.513 8.57998
15.8056 -12.0717 -1.57867 -26.1875 101.184 -80.1883
15.6121 -9.45554 -0.113814 -47.6853 72.0893 13.2733
15.5459 -8.51013 -0.769251 -55.7382 55.9465 -56.6537
15.3822 5.6696 1.78055 -72.6497 56.3286 88.5078
15.9596 -2.55296 -3.49075 -15.567 153.996 -135.214
16.2114 -5.7023 0.855537 5.53579 109.98 4.85386
15.1838 11.3328 0.552672 -101.006 4.45574 17.4578
15.1325 10.4823 -0.207756 -108.293 36.2433 6.4788
15.4915 3.74791 -2.60827 -77.2471 33.203 -159.114
15.2605 11.5561 -0.374618 -100.311 1.96849 -34.4246
15.4812 4.45448 -0.842605 -79.0744 149.013 -26.897
16.1164 -3.18226 1.39589 -18.7938 146.35 51.0921
15.0444 -2.05848 3.88424 -125.348 -8.27873 48.9165
15.5665 -13.5501 5.023 -79.7999 90.1591 66.7649
16.1417 -5.30874 -2.85736 -23.9802 114.08 -115.226
15.2585 9.01875 -2.13644 -114.516 62.9188 -103.986
15.4071 7.64699 0.500281 -100.448 45.1768 20.5491
16.473 -5.60713 1.80028 -1.54273 154.067 87.9083
15.7301 4.20204 -0.921048 -79.9357 136.457 -30.3358
16.1692 -1.48507 -1.06091 -37.9737 127.145 -46.3093
16.3098 -1.5633 -2.34765 -24.6464 163.428 -78.3204
15.9869 2.04769 -0.190244 -57.3775 136.511 -14.256
15.9009 0.390127 2.17348 -66.2818 70.3933 97.747
15.9628 1.08604 -3.56893 -60.7632 92.174 -170.467
15.8112 6.15925 -2.6817 -77.3726 9.78972 -139.556
15.8549 -2.36948 -3.59309 -76.1608 98.4346 -105.212
15.8407 3.95861 3.82044 -78.3609 62.6809 164.908
16.2364 -0.115279 1.84661 -43.5858 139.491 80.9322
16.0767 -2.2008 -2.20496 -63.5562 45.3729 -106.44
16.4844 -9.10831 2.18561 -26.7681 100.986 120.042
15.8168 2.77438 0.706981 -94.1319 66.921 39.9435
16.1093 1.47939 1.20859 -66.6854 75.7954 83.379
16.3399 1.2728 1.35291 -47.684 169.964 71.3339
16.0192 10.8301 0.635955 -82.8057 -27.8003 3.75983
15.6817 5.47192 -0.761164 -116.419 189.27 -18.6819
16.9392 -6.54317 0.181463 2.78056 150.297 -12.863
16.5216 3.71354 -2.7798 -41.962 88.2944 28.0031
16.6367 -0.927568 -0.347427 -35.9803 166.61 -60.7676
16.397 9.16143 -0.288341 -63.349 -30.7697 -3.78418
16.3998 0.779819 -1.1953 -67.5639 89.9991 -58.0734
16.143 13.1492 1.1316 -96.6751 110.326 -28.0012
16.1054 7.9545 -0.560041 -102.125 46.5083 -28.5769
16.1896 6.59229 2.68783 -94.4661 30.5354 -5.14133
16.4596 -0.245808 2.58858 -68.6174 42.8343 116.841
16.6513 3.5547 -0.926551 -50.4506 107.728 -43.9224
16.8536 -7.96505 1.59413 -31.6556 102.251 51.6139
16.5056 3.21816 1.3988 -69.2809 89.1688 77.2921
16.7115 -1.03373 0.322024 -56.0373 103.307 10.2591
16.6587 -3.94885 -1.42166 -64.372 71.0533 -16.64
16.0684 9.04314 -0.197934 -123.363 89.4266 -11.8988
16.7962 -0.0105561 0.758574 -57.0364 114.848 44.191
16.3838 7.30014 0.550416 -101.782 57.8137 20.5338
17.0261 -2.68414 0.557633 -40.482 126.429 57.8887
17.026 -5.82332 1.07075 -45.225 91.9858 45.007
16.7198 5.81532 0.286412 -77.995 46.1729 12.4843
17.1544 -1.18781 -0.952061 -36.836 151.957 -41.1226
17.0728 -4.46899 -0.118611 -45.4028 94.7731 23.5019
16.6665 5.83774 0.856644 -88.8428 46.3931 44.9723
16.7019 11.3283 0.487875 -85.4412 -26.7146 -4.15077
16.997 0.896887 0.744269 -56.8659 158.06 43.6295
17.3617 -4.84835 0.379436 -22.3377 135.426 40.3313
17.1151 -7.4847 2.06844 -52.3541 77.2978 59.4581
16.8281 6.52762 -0.623569 -82.5038 9.08352 -45.4143
16.769 7.43713 -3.41698 -91.7393 32.5218 -26.8376
16.775 10.2632 -2.52419 -93.2803 -7.69029 -99.3964
16.8828 8.19451 -1.17265 -87.8438 3.90789 -59.7383
17.228 0.750665 2.58257 -54.4574 -34.3729 -16.8652
17.3978 -2.87289 0.255257 -37.6033 166.272 4.05872
17.5214 -5.51479 -0.659195 -26.5659 135.531 -12.1517
17.0078 2.83994 -0.347453 -79.3738 69.2984 -2.93122
17.1918 -3.53143 -0.575324 -62.0676 59.7 -74.1767
17.5564 -7.20378 -1.92227 -25.9475 120.597 -83.727
17.5206 -4.0574 2.59728 -36.9018 67.3998 110.171
17.6226 -9.54944 0.45612 -26.9556 235.221 13.8425
17.0714 -5.30287 4.77785 -82.8058 43.8744 109.075
17.3934 0.885963 0.501743 -52.5126 176.549 6.37879
17.7273 0.841051 -0.33325 -22.2085 -27.7597 4.33071
17.1488 2.71372 1.19793 -79.7044 62.8693 48.6937
17.4062 -5.60374 3.28788 -62.9166 71.0096 58.8159
17.6352 -4.88938 1.02784 -45.4749 104.655 32.3726
17.3834 0.378794 1.75115 -77.905 42.6987 -5.49237
18.2054 -4.897 0.291624 -1.38496 284.134 -6.34694
17.1963 8.79711 1.9433 -101.774 19.4939 84.1301
17.5066 -2.72113 1.92508 -72.0399 34.9193 84.073
17.7901 0.190708 -0.350176 -49.8664 67.8185 31.4151
17.7683 -7.32721 1.34086 -56.4054 74.1166 72.0873
18.1309 -4.15566 -0.469022 -21.8543 157.17 -46.0246
17.3718 7.07014 1.99077 -98.6176 106.751 112.038
17.9807 -3.35419 -1.43199 -38.3052 118.773 -33.5138
17.9162 -9.06355 0.400884 -46.6241 88.6589 -5.295
17.696 -4.96578 -0.49789 -70.9506 39.5479 11.476
17.7652 -3.85754 -0.728487 -66.4767 59.7884 57.183
17.662 10.6022 -3.11309 -77.8817 92.7192 -95.617
17.4884 -7.46408 -3.65347 -95.1233 24.9607 -17.7845
17.5522 24.0866 -7.75427 -89.0448 -8.20882 -51.5111
17.8521 -8.93479 0.264222 -63.1073 65.3153 6.64837
17.5638 5.37818 -0.552658 -99.0115 87.8156 -69.7937
18.2067 -4.12223 2.60178 -35.331 70.3745 0.915484
17.6676 -4.61056 2.54031 -90.3946 181.263 5.54445
17.9824 -1.41396 2.17063 -63.3991 97.7847 95.3502
18.0803 -7.29474 -0.222314 -54.6455 81.5737 -0.0318081
17.7097 5.27609 -0.953554 -92.9013 18.8478 -43.7247
17.8295 4.58712 -1.66766 -82.8841 -31.5179 -51.7419
17.854 5.03247 0.13553 -80.9091 -3.04717 11.929
17.7367 6.76641 1.79857 -93.7424 72.8083 83.8946
17.8848 2.72381 2.31066 -79.742 98.1047 81.6144
18.1486 -4.90472 1.50994 -53.5725 93.5204 16.0591
17.9447 0.245437 -0.405959 -74.2894 58.8379 -24.965
17.9231 1.91638 1.31366 -80.2388 23.4025 53.7655
18.3451 -7.15904 -3.32461 -43.2794 102.226 17.0007
18.1129 -2.00356 -1.79914 -66.3592 72.1678 -88.221
18.0394 2.62093 -1.71423 -78.559 55.8167 -65.4056
18.2841 0.459523 -1.74928 -57.2286 146.124 -70.9911
18.2973 -8.92315 0.366806 -56.6262 76.2771 22.4946
17.8788 8.19893 0.724049 -99.9562 27.5268 30.5328
18.4364 -10.798 0.935762 -53.4314 117.836 25.2495
18.7075 -5.03604 -0.671412 -46.2209 117.207 -47.0686
18.2338 6.01337 1.75728 -95.9508 33.8206 87.1054
18.4599 2.58274 -1.05699 -77.999 52.6991 -34.7356
18.722 -3.43364 2.30793 -62.093 82.6346 55.1854
18.684 2.89556 0.723869 -85.0268 65.803 26.1933
18.5735 7.92435 -0.479895 -99.1884 3.42561 -24.2504
18.6949 5.8077 -0.952231 -91.9476 19.8101 -38.0459
18.9576 -0.0428487 0.79939 -76.0581 60.2483 33.7082
19.1269 -4.27836 3.11595 -59.8808 62.2626 -39.5923
19.2361 2.2625 -1.46112 -54.4721 36.4383 45.6114
19.164 -3.89186 2.62681 -67.6864 68.2243 68.482
19.384 7.15733 -4.44847 -51.0895 151.076 -93.5693
19.0485 3.27013 0.976152 -90.0102 81.6679 59.851
19.2283 1.16723 0.51541 -76.6751 117.048 20.5351
19.183 13.8394 3.48284 -87.4035 124.025 15.3054
18.9285 15.8571 -7.30367 -125.358 -60.4907 37.286
19.5193 -2.04236 -0.436869 -70.3267 82.9535 -25.629
19.5379 3.23411 0.28038 -86.3702 78.6431 27.9737
19.7741 -5.94929 -0.290857 -65.2418 78.5919 20.5645
19.4672 2.52321 1.38553 -99.087 50.3182 74.9771
19.8792 1.39793 1.62863 -83.7411 -1.68022 -35.3707
23.0241 13.2891 3.23517 -82.2333 9.26079 -59.2975
23.9589 -1.39279 7.23362 -95.512 117.694 -28.4152
28.7318 -10.0987 -8.25949 -91.1424 28.0292 54.9811
nan nan nan nan nan nan
19.3124 -2.42455 1.16853 -81.7992 22.7725 64.6875
25.5268 -9.827 5.32253 -67.3036 177.622 -81.4394
