-180672 247105 98477.4 -2.12584 2.90752 1.15873
-134756 6619.48 17237.5 -1.586 0.0779277 0.202873
-127257 34914.2 -1595.85 -1.51611 0.415959 -0.0190003
-122393 -157144 -164985 -1.45784 -1.87176 -1.96516
-112862 252345 232982 -1.32814 2.96956 2.74172
-91541 32864.9 30002.7 -1.09681 0.393803 0.359498
-81781.5 -154389 38283.8 -0.962273 -1.81661 0.450462
-81492.7 -8079.62 107260 -0.959073 -0.0950787 1.26224
-78143.5 -72855.9 -1339.74 -0.919449 -0.857218 -0.015746
-77339 55526.8 -14301 -0.910617 0.653792 -0.168379
-74774.5 86305.9 -14702 -0.879834 1.01557 -0.173007
-73818.4 302325 -81251 -0.869817 3.5624 -0.957409
-72441.4 -101260 23581.1 -0.854113 -1.19384 0.277945
-65883.4 106444 78875.6 -0.776785 1.25501 0.929966
-60828.9 -3757.21 113362 -0.715711 -0.0442073 1.33381
-58696.9 168360 -138034 -0.690626 1.98093 -1.6241
-58094.8 -4238.27 -5468.12 -0.683987 -0.0499004 -0.0644214
-56156.6 6942.52 15853.1 -0.660795 0.0816924 0.186543
-55302.3 -21924 -35173.2 -0.651217 -0.258169 -0.4142
-54990.2 103809 -82492.1 -0.646992 1.22137 -0.970567
-54397.2 115650 45631.4 -0.649303 1.38044 0.54467
-54068.8 -15041.7 -52728.4 -0.636874 -0.177178 -0.621084
-50170 -57758.7 -39597.5 -0.590269 -0.679563 -0.465873
-49267.7 -20957.4 27252 -0.579681 -0.246586 0.320656
-48870.2 14566.5 -44983.4 -0.575036 0.171412 -0.529284
-45749.8 65761.9 -41765.7 -0.638675 0.918046 -0.583056
-45635.3 -68053.4 -139.541 -0.772594 -1.15213 -0.00236226
-44289.6 14750.4 -53247 -0.5212 0.17358 -0.626598
-38612 -151672 148102 -0.46388 -1.82217 1.77928
-38366.9 6310.27 -5738.16 -0.45312 0.0745253 -0.0677596
-37335.4 -131168 -188747 -0.439357 -1.54357 -2.22115
-34082.1 -29356.1 22386.3 -0.401008 -0.345405 0.263387
-32994.7 110380 105591 -0.388192 1.29864 1.2423
-31153.2 -23726.6 146787 -0.366556 -0.279164 1.72712
-30964.2 16175.6 -14289.3 -0.364306 0.190312 -0.168124
-30531 24271.4 -48331.7 -0.359541 0.285827 -0.569165
-29674.2 8379.97 -13823.2 -0.356297 0.100618 -0.165985
-28007.6 -1238.62 11275.5 -0.329516 -0.0145844 0.132938
-27400.4 5488.37 21019.9 -0.322791 0.0646511 0.247674
-25439 -15363.2 3134.34 -0.300067 -0.181217 0.0369845
-22394.3 11397.5 13284.4 -0.304363 0.154905 0.180579
-21822.2 -9378.52 33408.8 -0.25674 -0.11036 0.393059
-21351.8 21255.7 39391.8 -0.257658 0.256618 0.475497
-21081.7 8428.88 43925.4 -0.248081 0.0991841 0.516874
-21028.7 -28386.7 38332.8 -0.249284 -0.336519 0.454403
-20035.9 6276.64 2864.25 -0.235832 0.0739352 0.0336976
-19285.3 3399.06 12381.2 -0.226979 0.0400388 0.145727
-19060.3 9513.41 -2603.5 -0.225437 0.11252 -0.0307905
-18540.1 -19599.4 26829.6 -0.218127 -0.230616 0.315715
-17627.7 -106649 -74057.6 -0.207493 -1.25535 -0.871725
-17292 11349.6 -25446.4 -0.203492 0.13356 -0.299423
-17221.2 -29155.2 24569.6 -0.202636 -0.343041 0.289069
-17047.4 21165.1 -48130.5 -0.200574 0.249019 -0.566258
-15783.8 12840.7 372.802 -0.185908 0.151243 0.00439945
-15761.3 11725.6 -5444.1 -0.332828 0.247717 -0.115027
-15594 -20180.9 15714.2 -0.18386 -0.237945 0.18526
-15486 20516.6 -12434.8 -0.182354 0.241592 -0.146413
-15053.6 39517.6 -2788.92 -0.177071 0.464929 -0.0328209
-14991.4 9606.46 -11004.3 -0.178701 0.114511 -0.131203
-14637.9 14914.7 13490.8 -0.172261 0.175517 0.158785
-14142.6 2275.09 -5179.95 -0.167267 0.0269339 -0.0613863
-13629.7 -7153.21 -21557.6 -0.160645 -0.0843101 -0.254137
-13111.1 7755.02 -25185.1 -0.15431 0.0912408 -0.296366
-12507.2 -39415.4 31549.2 -0.147342 -0.464335 0.371649
-11298 2290.74 -2467.86 -0.132923 0.0269342 -0.0290578
-11080.7 63406.9 849.103 -0.216879 1.24105 0.0166192
-10959.1 -7602.92 17306.8 -0.128963 -0.0894704 0.203702
-10385.9 14960.4 28905.8 -0.123367 0.177705 0.343364
-10357.8 -36861.4 -45308.3 -0.124948 -0.444915 -0.54692
-9913.68 -1647.5 -12698.6 -0.128405 -0.021339 -0.164578
-9800.35 27498.4 19614.8 -0.1156 0.324364 0.231353
-9673.44 -4507.75 -8786.02 -0.11394 -0.0530795 -0.103463
-9244.73 -28395.5 -34067.5 -0.109535 -0.336439 -0.403616
-8900.75 6159.36 12785.9 -0.10471 0.0724515 0.150441
-8693.01 61095.8 -62417.6 -0.102292 0.718883 -0.734438
-8661.5 29177.9 -35856.2 -0.101908 0.343306 -0.421871
-8372.38 4091.59 -6937.91 -0.134502 0.0657311 -0.111498
-7832.9 34771.6 -22982.1 -0.0921447 0.409183 -0.27046
-7704.92 -54287.9 89008.2 -0.0907159 -0.639203 1.048
-7630.04 19577.6 4353.83 -0.0897923 0.230364 0.0512153
-7327.72 25966.3 -23026.5 -0.0865337 0.306638 -0.271903
-6536.43 8510.34 -20920.5 -0.0771472 0.100443 -0.246889
-6507.46 -54758.6 -26433.4 -0.0765612 -0.644316 -0.311017
-6042.19 15476.6 -1069.22 -0.0712067 0.182269 -0.0126007
-5968.5 -10187.6 42120.5 -0.0708324 -0.120862 0.499765
-5534.35 -4413.45 6075.39 -0.0656035 -0.0523166 0.0720441
-5312.75 4036.32 13709.6 -0.0626425 0.0475912 0.161633
-5268.26 -14288 2689.45 -0.06538 -0.177492 0.0334198
-4529.23 -4266.89 -2319.82 -0.0532911 -0.0502115 -0.0272682
-4492.58 92529.1 -392964 -0.0529674 1.09091 -4.633
-3997.71 -4404.66 2601.69 -0.0470513 -0.0518268 0.0305847
-3724.17 -10416.5 15378.1 -0.0441524 -0.123494 0.182309
-3638.29 -13085.1 -39436.4 -0.0507019 -0.182348 -0.549549
-3581.21 2518.38 5957.24 -0.042168 0.0296392 0.0701775
-3381.86 1411.67 -884.605 -0.0397845 0.0165862 -0.0104049
-3138.14 -9007.86 -8041.26 -0.0369197 -0.105983 -0.0946311
-3118.44 -3018.83 3903.79 -0.0368523 -0.0356749 0.046115
-2916.31 43950 23763.9 -0.0343326 0.517246 0.27962
-2697.24 -232730 -51871.3 -0.0333864 -2.88076 -0.642069
-2568.15 16074.6 -29339.6 -0.0304104 0.190383 -0.347409
-2488 23802.6 9558.1 -0.0293106 0.280204 0.112521
-2312.71 -26537.2 20341.8 -0.0272008 -0.312237 0.239318
-2081.76 4398.42 2091.7 -0.0246584 0.0520985 0.0247397
-1915.26 -4605.02 -8523.99 -0.0226867 -0.0545482 -0.100925
-1799.43 -4026.34 -244.237 -0.02118 -0.0473994 -0.00284732
-1715.64 -439.886 1021.47 -0.0955182 -0.0244907 0.057108
-1621.54 -1253.47 -809.52 -0.0191525 -0.0148081 -0.00952521
-1556.57 2631.59 9666.83 -0.0185227 0.0313035 0.115003
-1366.86 -398.458 -179.113 -0.0160964 -0.00469499 -0.00207522
-1336.33 -239.448 9098.18 -0.015774 -0.00283464 0.107427
-1324.39 -2118.57 1264.41 -0.01697 -0.0271463 0.0161716
-1182.19 25133.5 -37771 -0.0362545 0.770739 -1.15828
-1107.14 -5715.32 3166.79 -0.0134101 -0.0692265 0.0383191
-1023.57 -1821.52 1948.56 -0.0123081 -0.0218962 0.0234531
-991.75 1796.9 1518.21 -0.0146137 0.0264779 0.0223902
-985.895 4513.83 -7935.4 -0.011948 0.0547025 -0.0961369
-976.928 3292.61 8339.79 -0.0118981 0.0401006 0.101567
-947.263 -140.635 -288.887 -0.0111721 -0.00166742 -0.00336763
-847.281 1090.16 648.479 -0.0100036 0.0128705 0.00767101
-612.452 8530.29 -15237.8 -0.00726032 0.100361 -0.179313
-531.133 1743.53 -7306.26 -0.00626172 0.0205476 -0.0860293
-515.242 791.059 12178.8 -0.00608516 0.00933109 0.143773
-484.491 -1047.06 -2144.72 -0.0074033 -0.0159984 -0.0327482
-475.135 -1240.53 4897.76 -0.0056018 -0.0146234 0.0576985
-426.651 72.3287 42.8336 -0.00504504 0.000852073 0.000467221
-305.254 -6770.96 -25662.2 -0.00389214 -0.0863334 -0.327121
-238.537 205.085 568.958 -0.00363844 0.00312516 0.0086307
-237.544 -1417.72 12115 -0.00285505 -0.0170429 0.145828
-208.03 -1058.8 1477.18 -0.00254608 -0.0129544 0.0180352
-192.072 -11731.9 -631.778 -0.00238576 -0.145247 -0.00787187
-175.849 773.904 -696.625 -0.00209013 0.0091637 -0.00817863
-169.634 -2274.33 2789.21 -0.0022268 -0.0298555 0.0365902
-152.408 19.4386 77.3247 -0.0018029 0.00023592 0.000868964
-141.097 -305.878 -141.405 -0.00167561 -0.00364105 -0.0016366
-99.768 4749.4 -9176.9 -0.00120099 0.0571679 -0.110427
-90.9575 -11.4008 -170.266 -0.00122538 -0.000154827 -0.00224634
-84.7943 -812.002 -8639.73 -0.00254154 -0.0243382 -0.258395
-45.8301 -3.72445 -316.417 -0.000572893 -7.23722e-05 -0.00371073
-41.9056 -1.86199 24.0788 -0.00049241 -2.63423e-05 0.000242156
-28.7591 23.6672 -3.58709 -0.000377024 0.00030424 -2.74757e-06
-18.3562 20.1979 -14.1898 -0.000227201 0.000242603 -0.000121315
-18.0264 39.0411 53.431 -0.000518866 0.00112157 0.00143211
-17.8592 12.0069 -5.42377 -0.000242757 0.000160968 -1.82094e-05
-8.97466 -4.15058 1.23388 -2.88159e-23 -2.20723e-22 -1.573e-05
-8.6206 1.10089 0.134512 -5.06153e-18 -3.87701e-17 0.100338
-8.44141 4.12483 1.35323 -1.90583e-21 -1.45982e-20 9.36315e-06
-8.40357 -1.45125 -0.392727 -7.20615e-19 -5.51974e-18 0.0911228
-8.36597 -6.70609 -2.31789 7.43455e-27 -1.4503e-27 2.50054e-19
-8.13684 1.67232 -5.4866 -1.34722e-23 -1.03194e-22 3.17339e-22
-8.13517 -1.62348 -3.7526 -7.05512e-20 -5.40406e-19 2.65377e-08
-8.10032 3.41446 -0.191346 -1.52003e-18 -1.16431e-17 0.000496681
-7.82398 12.3437 -4.08682 -9.77168e-05 0.000153409 -2.81415e-06
-7.56049 2.42187 3.70695 -4.40998e-19 -3.37794e-18 -2.07038e-09
-7.31735 -2.59034 -0.0628291 -2.97911e-15 -2.28193e-14 -0.0263216
-6.69801 0.199896 -4.48885 -8.07108e-16 -6.18226e-15 2.30347e-12
-6.58155 -1.36591 -0.304178 -8.59815e-13 -6.74133e-12 0.1338
-6.47526 6.63727 1.91668 -2.78906e-21 -2.13635e-20 -1.55054e-17
-6.19992 -1.8319 0.0232691 -2.62118e-11 -2.06109e-10 0.0584759
-6.18542 -3.50604 0.153075 -1.02547e-12 -7.85544e-12 0.00180512
-5.90629 -8.93255 -3.37269 -6.91097e-05 -0.000105144 1.12157e-07
-5.81601 -4.21203 -0.0165037 -4.77462e-13 -3.65752e-12 7.4232e-06
-5.70247 -1.99179 -0.657173 -4.32976e-12 -5.82079e-10 -0.0671037
-5.70067 -3.98826 -3.3671 -4.01307e-16 -3.074e-15 1.00485e-11
-5.57866 -1.50203 0.123797 1.98987e-09 -6.16102e-10 0.195732
-5.57337 -7.94736 4.85355 1.72979e-26 -3.3744e-27 -8.29673e-28
-5.33561 -1.82954 -0.158775 5.33638e-09 -5.28005e-08 0.0859199
-5.27034 0.804071 -4.76292 -7.76621e-13 -5.94918e-12 -5.08792e-12
-5.24421 -7.13751 2.00529 1.60899e-18 -3.13875e-19 -8.53978e-20
-5.21649 -10302.2 -230.413 -9.64836e-05 -0.201613 -0.00450934
-5.21513 -2.4479 -1.15688 -1.62701e-09 -2.28907e-08 0.00759378
-4.93306 -3.11004 0.399375 -3.41287e-09 -3.54359e-08 0.00118497
-4.92482 0.987371 0.233972 3.76035e-06 -1.03387e-06 0.0862966
-4.80381 -1.7236 -0.0341158 2.45601e-06 -9.03198e-07 0.00115999
-4.71115 2.55399 -3.34089 -2.29142e-10 -1.78574e-09 1.57583e-07
-4.70882 -3.71789 0.292947 -7.53395e-10 -6.92974e-09 0.00042368
-4.63735 0.805211 -3.90626 -7.62761e-10 -6.19058e-09 1.39626e-08
-4.47688 -5.17539 3.69954 3.09298e-14 -6.03367e-15 -1.48541e-15
-4.42917 3.42575 -2.93063 -2.53446e-10 -1.96931e-09 1.30889e-07
-4.28913 -0.238274 4.22603 -1.49144e-09 -1.23619e-08 -1.08026e-08
-4.27901 4.89114 2.77248 -2.5728e-13 -1.97204e-12 -5.73539e-12
-4.25915 2.81059 -4.53607 -7.68897e-05 4.8638e-05 -4.207e-06
-4.25009 2.5894 -0.033097 4.31892e-06 -3.24024e-06 0.0047853
-4.16983 -3.8331 -6.33152 2.70796e-16 -5.28258e-17 -1.29884e-17
-4.1508 5.52232 1.1993 -5.99222e-13 -4.59273e-12 -6.58264e-10
-4.08995 -2.64102 -0.911885 6.38642e-06 3.35005e-06 -0.00114631
-4.08408 -0.213009 5.80249 -2.2938e-13 -1.75769e-12 -1.50571e-12
-4.0693 -2.75948 7.11434 5.00572e-08 -4.38463e-08 7.73227e-05
-4.0564 -0.275419 -0.354026 5.88943e-05 3.88704e-06 -0.838583
-3.77802 0.94498 -3.53445 3.66683e-07 -7.10607e-07 1.61012e-06
-3.66424 2.93438 -5.04906 -5.18964e-12 -3.97635e-11 -3.4062e-11
-3.62132 -2.43124 -2.98995 1.73271e-07 -2.27374e-07 6.43392e-06
-3.61831 2.93948 -4.79024 -2.19961e-11 -1.6869e-10 -1.4449e-10
-3.54187 -1.54264 7.9085 -1.57534e-18 -1.20667e-17 -1.03368e-17
-3.43496 -3.33935 -3.60019 1.98708e-08 -3.70438e-09 -8.97437e-10
-3.36778 3.18916 -6.0064 -2.8593e-14 -2.19016e-13 -1.87618e-13
-3.33413 -4.7357 -0.864478 1.86972e-08 -2.70392e-09 4.44008e-06
-3.32193 -1.39654 4.09576 2.98325e-08 -2.33541e-07 -2.23103e-07
-3.30621 1.36475 3.80195 4.74288e-07 -9.93447e-07 -6.6149e-07
-3.28587 2.14455 6.83984 -1.00519e-15 -7.69951e-15 -6.59571e-15
-3.27255 4.45264 -4.85732 -5.82236e-14 -4.45995e-13 -3.82055e-13
-3.18306 -4.13087 2.24594 8.52794e-08 -9.2552e-09 -5.47706e-07
-3.08549 -4.89437 -1.39795 1.65977e-08 -2.86101e-09 1.83135e-07
-3.04111 3.3775 2.98122 5.00771e-08 -2.18848e-07 -2.1517e-07
-3.03454 -0.828929 4.18732 4.72363e-07 -2.99002e-07 -3.77741e-07
-3.03238 -1.88037 -7.64775 -2.97264e-17 -2.27697e-16 -1.95055e-16
-2.93702 4.78225 -0.83183 -3.30157e-09 -6.61718e-08 3.24788e-06
-2.91254 -10.5827 -2.95547 7.66079e-30 -1.49444e-30 -3.67441e-31
-2.7843 3.49736 -3.4816 1.71019e-09 -3.48768e-08 -2.3999e-08
-2.68221 -4.47901 4.07518 3.18987e-10 -6.21509e-11 -1.52979e-11
-2.63894 0.42451 -4.48854 6.81449e-07 -1.53384e-06 -1.17681e-06
-2.61974 3.34982 4.27893 -5.96683e-11 -1.07963e-09 -8.48557e-10
-2.56814 -1.07823 -4.37251 4.68465e-06 -4.55904e-06 -5.21262e-06
-2.52956 0.692874 7.29574 -1.16458e-14 -8.92039e-14 -7.64157e-14
-2.51737 -0.886866 -5.8455 -5.54515e-11 -4.28391e-10 -3.67127e-10
-2.45516 -5.54318 0.357018 7.06802e-09 -1.2806e-09 -2.46645e-09
-2.23631 3.18344 -5.03279 -1.49849e-10 -1.15703e-09 -9.89923e-10
-2.1571 5.14945 -0.27923 5.21383e-09 -5.6813e-08 9.28204e-08
-2.08516 -6.57729 -0.122881 3.1893e-11 -6.2191e-12 -1.52637e-12
-2.04236 -0.0603713 6.52364 -8.86126e-12 -6.78886e-11 -5.81562e-11
-1.95644 -0.568975 -4.21113 -6.84063e-05 -2.17725e-05 -1.11706e-06
-1.90923 -4.12091 -6.28654 1.12952e-13 -2.20342e-14 -5.4176e-15
-1.90811 9.4633 2.77976 -1.38779e-22 -1.89194e-23 7.09412e-23
-1.84126 5.71029 -3.99922 -4.22692e-13 -3.23781e-12 -2.77362e-12
-1.83158 5.29356 -1.25511 2.07899e-10 -1.43827e-08 -2.42064e-09
-1.77897 -4.64211 5.07688 1.13781e-12 -2.2186e-13 -5.45721e-14
-1.7118 -0.338271 9.19868 -1.13633e-20 -8.70405e-20 -7.45623e-20
-1.67971 5.50573 1.02934 -2.63737e-09 -2.45548e-08 -2.13353e-08
-1.54144 14.9573 20.7862 -4.21376e-05 0.000395697 0.000448453
-1.44982 -0.17384 5.36576 6.09064e-09 -2.1797e-08 -1.95995e-08
-1.44523 4.50605 2.23755 1.53452e-07 -1.10309e-06 -3.94995e-07
-1.36657 -4.55932 -2.57858 5.49672e-07 3.87678e-08 -2.36516e-08
-1.31283 -7.75045 -0.85214 2.57648e-14 -5.02609e-15 -1.23578e-15
-1.28799 -0.632486 -5.36314 -1.55153e-05 -1.07951e-05 -1.27375e-05
-1.26298 -6.07831 -5.66907 5.53842e-17 -1.08041e-17 -2.65644e-18
-1.20311 1.02891 -6.24378 -6.21709e-11 -4.77881e-10 -4.09229e-10
-1.14254 6.01365 6.30829 -1.65845e-18 -2.26094e-19 8.47771e-19
-1.10297 7.40098 -3.13865 -1.99842e-15 -2.72441e-16 1.02156e-15
-0.971577 -2.24673 5.322 2.86353e-08 -5.06928e-09 -1.36356e-09
-0.893013 4.27108 -6.03816 -9.57919e-13 -1.30592e-13 4.89671e-13
-0.864925 -3.97706 -3.87188 1.12777e-07 -8.12453e-09 -5.26963e-09
-0.817901 9.17716 0.251782 -3.67672e-19 -5.0124e-20 1.87947e-19
-0.812214 -5.3314 3.85082 2.652e-10 -5.1655e-11 -1.27195e-11
-0.765102 0.562968 -6.33889 -1.46176e-10 -1.12125e-09 -9.60388e-10
-0.667944 -5.04161 -3.95936 8.66184e-10 -1.68172e-10 -4.15406e-11
-0.657609 7.4775 0.874238 -3.41348e-13 -4.65355e-14 1.74491e-13
-0.449311 1.152 -5.43741 -1.22432e-08 -1.19087e-07 -9.65552e-08
-0.427424 2.91637 -4.24895 -4.86212e-06 -1.00541e-06 -3.32698e-06
-0.394851 -4.2834 -4.1969 5.66142e-09 -9.51469e-10 -2.70879e-10
-0.340374 5.81443 -1.68508 -5.63801e-09 -8.76303e-10 2.88728e-09
-0.267115 -3.53886 -4.0166 4.02739e-07 1.21595e-07 -1.85589e-08
-0.239641 -5.85067 2.25284 3.92321e-09 -7.5727e-10 -1.88177e-10
-0.220937 3.96004 -2.12096 1.63647e-06 -5.67052e-05 9.99202e-07
-0.210125 -4.75172 -3.52639 4.54004e-09 -4.00973e-10 -2.16736e-10
-0.131226 3.4665 4.19616 -4.73174e-07 -1.48468e-07 2.43241e-07
-0.0536232 -4.61069 -3.09392 1.25339e-07 7.56236e-09 -5.99064e-09
0.0124035 8.10872e-05 -0.50053 -0.0159417 0.0014457 0.229698
0.0296797 2.51929 -5.08967 -1.36532e-08 8.37972e-09 -8.85267e-09
0.073649 -1.28712 -4.39031 1.74871e-05 -9.20546e-05 -3.87609e-06
0.110478 5.7292 3.10958 -3.83267e-11 3.52082e-11 -2.49396e-11
0.111869 -4.74657 2.89649 2.29269e-07 -1.48483e-08 -1.10318e-08
0.147026 -1.79809 4.67384 7.83086e-07 2.84771e-06 -4.63715e-08
0.513854 5.02276 1.32874 -6.31622e-07 -5.80829e-07 -3.99354e-07
0.61246 -1.65169 -6.98951 5.74465e-12 -1.12064e-12 -2.75536e-13
0.623954 -0.0837413 7.7889 -5.67348e-15 2.43493e-14 1.19703e-14
0.754704 -5.89179 0.202362 2.58145e-08 -4.58855e-09 -1.26767e-09
0.767045 -2.19838 -5.25566 2.64347e-08 -3.59797e-09 -1.29586e-09
0.769165 -0.745102 5.08619 -2.58805e-06 -1.65971e-07 1.45611e-06
0.853965 -2.20216 4.28426 -1.10386e-06 7.29143e-06 -7.96694e-08
0.88673 5.83133 1.59407 -1.74417e-09 1.5486e-09 -1.132e-09
0.903813 -6.90508 3.03303 1.69158e-13 -3.29987e-14 -8.11349e-15
0.9161 -8.29534 -3.95348 3.41268e-05 -0.000280434 -4.82205e-06
1.00248 -1.81289 -5.67148 2.2677e-09 -4.0199e-10 -1.09968e-10
1.006 -3.03594 6.47264 6.08666e-12 -1.18735e-12 -2.9194e-13
1.03296 5.10932 -2.34129 -6.52048e-08 5.35064e-08 -4.16285e-08
1.08336 -3.92073 -3.4737 4.94593e-07 1.48505e-07 -2.70731e-08
1.12875 -2.25184 -4.71985 4.43941e-07 4.91241e-08 -2.4838e-08
1.13495 1.57071 6.26348 -3.97224e-10 3.68372e-10 -2.58495e-10
1.17373 5.15721 1.43391 -1.0839e-07 4.58954e-09 -6.99875e-08
1.23319 4.65383 -2.04421 -9.24767e-07 -3.9034e-07 -3.89351e-07
1.27789 -7.41915 0.742426 9.26313e-14 -1.807e-14 -4.44301e-15
1.2795 7.10034 1.68463 -4.16123e-13 3.85996e-13 -2.70822e-13
1.28187 4.68038 3.13895 -2.55941e-08 2.06273e-08 -1.62147e-08
1.46856 -6.60795 -4.18838 1.85418e-14 -3.61706e-15 -8.89336e-16
1.52128 0.64915 -6.81338 -5.42591e-13 1.27529e-12 -1.05297e-12
1.54591 4.2644 7.40304 -3.80733e-17 3.5317e-17 -2.47789e-17
1.5678 -4.38253 -3.02453 1.53344e-07 -3.36834e-10 -7.87132e-09
1.64613 -1.81434 4.7717 -1.32394e-08 2.16058e-07 -1.26764e-07
1.84107 -5.03917 0.851661 2.06345e-07 8.19128e-08 -3.18732e-07
1.86632 -5.16596 -0.334774 1.71163e-07 2.56469e-08 1.07896e-07
1.89792 1.5483 5.58164 -5.06429e-10 1.11589e-09 -9.37211e-10
2.07533 2.42849 -4.25567 -6.53735e-07 6.49358e-07 -7.75208e-07
2.10774 3.5063 -5.29516 -7.63359e-11 7.07763e-11 -4.96727e-11
2.14052 -4.24287 3.41146 2.86828e-10 8.36779e-10 -3.84034e-11
2.22747 -0.299116 -5.5377 -3.04778e-09 1.25977e-08 6.18547e-09
2.26123 -0.159707 6.09817 -6.37193e-11 2.72795e-10 1.34103e-10
2.34863 -5.99642 -5.72645 5.98028e-17 -1.16661e-17 -2.86838e-18
2.44711 -3.46791 3.59119 -1.37088e-08 2.52451e-08 -3.32931e-09
2.45069 2.87453 -6.20854 -2.35197e-13 5.52924e-13 -4.56521e-13
2.46692 -4.60156 -0.2506 9.29696e-07 7.0016e-07 -1.69899e-05
2.63535 -5.85111 -2.28908 3.95691e-11 -7.71272e-12 -1.88323e-12
2.65824 2.78527 -3.154 -5.17843e-06 -2.37072e-06 -8.18509e-07
2.66029 7.31046 1.30506 -2.29442e-14 2.12832e-14 -1.49326e-14
2.71355 2.60386 206.081 -1.24502e-05 7.88475e-06 0.00243044
2.73064 -4.66937 5.26213 2.07291e-13 3.70046e-13 -3.77382e-13
2.86103 6.20572 8.66342 -2.1603e-28 2.0039e-28 -1.40597e-28
2.92319 2.71046 -3.42794 -6.03557e-07 -1.34435e-07 -2.23222e-07
3.01151 -3.49987 -1.9814 -8.80923e-07 1.16539e-06 4.23484e-05
3.12226 2.81258 4.87828 -1.25111e-10 2.92424e-10 -2.41828e-10
3.12663 -3.8286 2.15024 2.46177e-08 2.58504e-07 -5.69058e-06
3.14011 -7.85772 -1.3107 7.84214e-17 -1.52981e-17 -3.76138e-18
3.28159 -5.56888 4.09106 8.09356e-14 1.44482e-13 -1.47347e-13
3.29475 6.00392 -1.86431 -4.28889e-12 3.97819e-12 -2.72411e-12
3.30928 -6.84793 0.219138 1.81601e-13 -3.5426e-14 -8.85603e-15
3.33284 4.14483 2.02814 -6.95063e-08 5.61701e-08 -2.17142e-06
3.41559 -2.06702 3.82395 -3.23925e-08 1.22091e-07 -7.14766e-08
3.44732 -3.79334 -1.18229 -4.96403e-07 8.97962e-07 1.39943e-05
3.53871 2.02957 3.78529 -2.90191e-08 6.45706e-09 -1.90441e-08
3.60495 -2.66017 4.76125 -5.70386e-10 -1.46082e-10 3.90418e-10
3.61533 5.6129 0.237021 -9.62417e-11 8.92112e-11 -8.11171e-10
3.68122 4.26472 -2.63738 -5.0771e-10 1.15921e-09 4.17111e-09
3.73147 -4.70544 -3.03335 3.03552e-11 5.4231e-11 -5.40162e-11
3.77474 -4.13571 -0.24433 1.81186e-08 7.50053e-08 -4.62338e-06
3.81383 -4.8399 -2.77604 3.21144e-11 5.73579e-11 -5.20707e-11
3.8377 -2.8606 -6.55983 -1.58985e-15 -4.07641e-16 1.08854e-15
3.9085 -0.560082 -5.75482 -2.19134e-12 9.40281e-12 4.62248e-12
3.92242 2.8392 -3.81971 -1.97911e-09 4.59067e-09 -3.75865e-09
3.92945 3.71702 2.64894 -1.83851e-09 3.95213e-09 -3.32946e-07
3.99087 -5.83106 -0.350388 5.13005e-12 9.15831e-12 7.0419e-11
4.05965 -1.95986 0.91009 -1.0515e-05 5.07786e-06 0.0626508
4.06115 -2.92781 -4.01099 -2.96213e-10 -7.50451e-11 2.03548e-10
4.0804 -12.9595 503.896 9.00284e-05 -0.000140611 0.00591242
4.29802 -1.41064 -5.14374 -1.17333e-11 5.03446e-11 2.47494e-11
4.34314 6.90749 -0.641787 -2.63164e-15 2.44112e-15 -1.62186e-15
4.53768 -2.84838 -1.8933 -5.19741e-08 2.15877e-09 -0.000377484
4.70555 -4.97846 0.869334 1.33584e-11 2.3851e-11 -5.41436e-07
4.80834 -0.302524 5.24283 -2.75673e-12 6.48081e-12 -5.35082e-12
5.13164 -1.68125 0.60125 -1.44424e-07 1.49602e-07 0.0473184
5.25305 1.45082 -5.04504 -4.12944e-14 9.70792e-14 -8.01446e-14
5.34981 -4.76726 0.0525421 2.98195e-12 5.32334e-12 -3.56147e-06
5.45025 -1.82983 -0.117352 -8.32606e-09 2.01566e-08 -0.0556648
5.453 2.54794 2.97482 -3.2059e-11 7.53323e-11 -5.12499e-06
5.50983 14.6322 -3.89294 6.17003e-05 0.00017797 -1.79143e-06
5.58113 3.48545 2.3543 -5.20285e-12 1.22205e-11 5.64949e-06
5.80138 2.13589 1.16593 -9.01931e-12 -3.19152e-12 -0.00537881
5.84811 -8.12246 -4.69732 7.92483e-28 1.4147e-27 -1.44275e-27
5.9222 1.2921 -0.135831 -3.98054e-09 9.07987e-09 0.0910705
5.94317 -3.09313 -0.0347952 -2.71713e-11 1.16492e-10 0.00139238
5.97232 1.47821 0.367765 -8.70944e-10 1.96137e-09 0.0234295
6.38196 0.410437 0.16942 -3.77422e-12 4.66442e-12 -0.0295679
6.40191 3.14573 1.28288 -3.47985e-13 8.18084e-13 0.00136608
6.51833 4.09536 -1.50541 -3.7447e-16 8.80353e-16 1.69055e-05
6.82645 1.06216 0.0667972 -1.80812e-13 4.20467e-13 -0.211807
24.8046 27.9882 -15.6478 0.000318888 0.000352403 -0.000149062
27.8309 22.7527 -4.41948 0.000341249 0.000279722 -1.02586e-05
40.5447 -2002.75 112259 0.000565402 -0.0279577 1.56716
44.5675 -1445.5 131783 0.000525545 -0.017018 1.55136
70.9509 2419.53 11039 0.000834834 0.0284717 0.130001
92.3515 -330.301 13595.5 0.00110064 -0.00393556 0.162889
96.2819 -8.63366 -2.46878 0.00114273 -0.00010181 1.10832e-05
138.027 4874.71 -11204.4 0.00168385 0.0574287 -0.132043
147.238 434.086 74.9549 0.00245726 0.00724597 0.00119503
176.096 -10409.3 -8857.97 0.00207602 -0.122478 -0.10419
233.522 -1001.11 -6157.93 0.00278231 -0.0117557 -0.0724563
263.931 13408.4 2740.62 0.00334817 0.166588 0.0340576
265.042 320.943 93.257 0.00347338 0.00420075 0.00117626
379.388 -761.846 1992.99 0.00450928 -0.00905721 0.0235677
402.593 819.39 803.623 0.00484915 0.00987007 0.00970267
476.857 -695.129 175.584 0.00564376 -0.00824317 0.00215655
621.065 -8526.16 72.2258 0.00725484 -0.100348 0.000844912
646.972 9330.69 -2563.15 0.00769981 0.111022 -0.0305359
654.942 -1040 -31.1142 0.00773504 -0.0122745 -0.000396514
683.569 -88.2042 724.407 0.0192561 -0.00248471 0.0210452
716.693 4379.58 1573.61 0.00877868 0.053647 0.0192462
771.098 6387.56 -2711.58 0.00919331 0.0761414 -0.0322954
867.793 -721.012 13170.5 0.0107367 -0.00891602 0.163018
901.945 -4166.13 3479.43 0.0107541 -0.0496484 0.041507
958.229 -2863.16 2380.42 0.0113039 -0.0337748 0.0281038
992.156 3569.13 -2998.33 0.0840282 0.302279 -0.253797
1107.12 -1453.43 2501.06 0.013171 -0.0172892 0.0297117
1111.58 2449.03 2158.05 0.0131093 0.0288845 0.025474
1163.48 -6352.95 -8700.12 0.0136997 -0.0747295 -0.102369
1168.48 -2417.72 2193.51 0.0138055 -0.0285577 0.0259363
1192.13 -701.711 2142.94 0.0141612 -0.00834532 0.0254484
1238.69 -15948.8 -15632.6 0.0176002 -0.226612 -0.222101
1290.66 987.977 11283.7 0.0152373 0.0116546 0.133186
1434.01 2380.09 856.075 0.0169314 0.0282323 0.0101598
1785.14 -63357.6 -14867.3 0.0210505 -0.745676 -0.174983
1883.75 -109.03 -202.508 0.0221959 -0.00128151 -0.00235233
1888.35 -27243.3 -15100.9 0.0223697 -0.322648 -0.178772
2080.37 -1685.04 1717.46 0.0255729 -0.0207522 0.0210916
2369.37 3618.1 -2202.73 0.0278678 0.0425582 -0.0259293
2469.22 4680.27 -9295.29 0.0290555 0.0550879 -0.109374
2617.38 4789.85 25148.9 0.030803 0.0563924 0.295975
2617.49 -29304.4 -18446.2 0.0307962 -0.344758 -0.217
2727.13 -6886.87 7793.95 0.0332094 -0.0838644 0.0948977
2895.6 -16572.7 8755.65 0.0342598 -0.196463 0.103807
3219.67 6468.19 12155.7 0.0379089 0.0761609 0.143129
3269.01 12551.7 62026.5 0.0384094 0.147682 0.729785
3407.45 -2519.62 -2168.27 0.0407353 -0.0301213 -0.0259443
3776.39 3139.84 21307.6 0.0444343 0.0369677 0.250727
3814.01 107076 -8044.93 0.0451076 1.26647 -0.0951554
3847.67 -44672.4 20137.4 0.0453417 -0.526378 0.237278
3868.05 5638.12 -3453.33 0.0455031 0.0663282 -0.040617
4406.73 -9631.32 44397.5 0.0585019 -0.127868 0.589426
4488.39 -2945.87 -5805.3 0.0528613 -0.0346915 -0.0683368
5055.94 3030.2 -7081.82 0.0600989 0.0360233 -0.084165
5280 -45367 -6469.69 0.0621018 -0.533796 -0.0761258
5461.92 18905.2 10394.5 0.0671605 0.232475 0.127805
5586.2 -348.109 65382.6 0.0657292 -0.00409845 0.769295
5702.3 8179.16 2091.57 0.0715823 0.102675 0.0262295
5839.63 -8177.54 19732.1 0.0689205 -0.0965116 0.232869
5961.92 -15419.9 11421.7 0.0701793 -0.181634 0.134554
6245.72 7282.15 607.093 0.0737691 0.0860107 0.00716686
6277.45 -12876.8 -16402 0.132737 -0.272005 -0.34648
6618.53 14688.8 -35761.6 0.0795096 0.176463 -0.429629
6816.28 16753.5 -16444.6 0.0807363 0.198573 -0.19493
6839.55 -29169 -13400.8 0.0805148 -0.343373 -0.157743
7185.95 4070.86 -6578.08 0.0893675 0.050627 -0.0818361
7364.58 29268 74936.7 0.0866586 0.344391 0.881741
7648.53 -5315.5 -58677.8 0.0899954 -0.0625323 -0.690348
8030.66 -92335.3 -96423.4 0.0945406 -1.08652 -1.13463
8089.5 -7302.57 -14134.2 0.0952025 -0.0859366 -0.166324
8119.3 11995.1 -14489.5 0.096217 0.142147 -0.171692
8213.11 24004 -73225.4 0.0968285 0.283025 -0.863342
8593.62 8326.8 6504.53 0.101178 0.0980382 0.0765918
8686.79 -1854.8 1977.82 0.10446 -0.0223043 0.0238029
8689.12 -124928 58522.6 0.102413 -1.47213 0.689624
8777.29 -213257 -26028.4 0.103405 -2.51235 -0.306637
9017.51 39828.6 37831.9 0.106175 0.469083 0.445591
9040.56 107149 -144928 0.106361 1.26061 -1.70508
9804.05 19931.7 -12392.1 0.11546 0.234682 -0.145916
9817.29 -34642.2 2207.28 0.115571 -0.407809 0.0259666
9895.92 -34185.3 -20199 0.131418 -0.453979 -0.26822
10596.1 -25669.7 8557.43 0.124701 -0.302131 0.10065
10885.7 28745.4 55840.4 0.128078 0.338205 0.656969
10936.5 5523.91 -2181.91 0.144625 0.0730487 -0.0288714
11197.3 -24562.5 17772.3 0.133651 -0.293175 0.21213
11516 1393.63 5466.95 0.136107 0.0164713 0.0645943
11792.7 -21431.7 -16638.3 0.138928 -0.252484 -0.195994
11895 -17881.6 -4478.88 0.140242 -0.210839 -0.0527676
12025.6 5690.88 14601.6 0.141969 0.0671844 0.172414
12309.8 -5448.71 -12141 0.155587 -0.0688675 -0.153491
12990.6 -2832.3 -3447.7 0.219509 -0.0478591 -0.0582793
13339.8 -28601.3 23859.2 0.181864 -0.389925 0.325256
13580 -27437 14107.5 0.159797 -0.322845 0.165985
13911 70016.1 -241722 0.163676 0.823823 -2.84413
13992.7 13953.3 -12215.8 0.165187 0.164723 -0.144193
14180.7 -13252.7 -26550.2 0.168444 -0.157421 -0.315381
14357.1 -20976 82734 0.168946 -0.246839 0.973607
14598.8 507.471 39258.3 0.171823 0.00598818 0.462006
15266.2 -22567.2 -24233 0.179723 -0.26566 -0.285281
15533.9 9214.83 -2466.72 0.18278 0.108409 -0.0290121
15889.5 -46492.9 -50384.9 0.187522 -0.548692 -0.594621
15907.6 -26777.6 -21512 0.233727 -0.393438 -0.316051
16752.3 -12424.1 6754.88 0.197785 -0.146684 0.0797687
17823.7 11674.7 -4434.52 0.21085 0.138109 -0.0524566
19190.3 -9129.06 10734.9 0.225802 -0.107416 0.126298
19566.6 -142465 -173386 0.230245 -1.67642 -2.04027
19630.5 23375.9 -33264.7 0.332336 0.395744 -0.563159
19808.7 -17754.7 -34938.8 0.233078 -0.208905 -0.411115
20129.4 -894.878 -12618.3 0.236899 -0.0104981 -0.148495
21901.6 12392 -12125.1 0.25766 0.145808 -0.142669
22559.9 3244.17 43049.7 0.265496 0.0381759 0.5066
22765.6 -30040.2 -106177 0.272882 -0.359962 -1.27228
22976.5 19123.6 -17426.6 0.27052 0.22517 -0.205188
25247.8 12640.8 -62357.9 0.29708 0.148732 -0.733728
25836.3 -75103.5 48019.8 0.30401 -0.883628 0.56498
26093.8 53485.3 -38002.3 0.307001 0.629311 -0.447156
26355.4 31384.8 100374 0.310092 0.369263 1.18097
27257.9 1165.49 -54287.5 0.321013 0.0137225 -0.639335
27593.1 -19689.2 -20453.7 0.325005 -0.231909 -0.240924
27884.7 37403.5 230650 0.328605 0.440779 2.71809
27909.1 -35102.1 17756.2 0.328455 -0.41305 0.20893
30670.8 55653.2 -121114 0.361438 0.655841 -1.42726
31015.3 -25336.3 17763.9 0.951111 -0.776961 0.544746
35977.3 28405.4 32327 0.423366 0.33427 0.380414
36409.2 -26623.9 -29697.8 0.430231 -0.314602 -0.350946
38783.4 -2366.17 -7496.18 0.53627 -0.0327178 -0.1037
39978.1 -45139.1 23623.6 0.470448 -0.531173 0.277991
47607.1 -28774.5 53135.8 0.56067 -0.338903 0.625842
49414.2 286154 299805 0.581403 3.36699 3.5276
50533 -19299.2 -8412.36 0.594853 -0.22718 -0.0990279
53854.2 27484.7 -41303.7 0.633843 0.323485 -0.486152
54407.8 17302.5 39350.9 0.640126 0.203571 0.462995
63107.6 -73404.6 129686 0.743214 -0.864482 1.52731
67366.7 7973.51 -27349.4 0.792654 0.0938194 -0.321821
72633.7 -136087 -141758 0.855055 -1.60204 -1.6688
76323.5 44632 -137736 0.898064 0.52517 -1.62067
78209.4 -16514.8 -23703.4 0.920133 -0.194306 -0.278875
82411.7 72302.7 -33473.7 0.969933 0.850957 -0.393959
87249.9 -142411 -75835.4 1.02653 -1.6755 -0.892217
90228.8 -27199.2 19458.8 1.06154 -0.319993 0.228934
93241.9 -41203.7 15017.8 1.11086 -0.490886 0.178912
104458 59445.9 80173.2 1.23013 0.700056 0.944151
116576 -43773.7 -10213.6 1.37316 -0.515611 -0.120315
131349 -102568 -95503.5 1.5457 -1.20701 -1.12386
144283 6699.46 -163991 1.69788 0.0788428 -1.92986
153353 -30739.8 339226 1.80804 -0.362395 3.99944
194857 246460 104140 2.32096 2.93561 1.24043
272208 -625305 -404464 3.20286 -7.35747 -4.75901
