-520590 102289 4.98953e+06 -4646.38 912.872 44531.9 426
-204528 69.8006 -162.12 -1816.01 0.619795 -1.43951 320
-49928.9 26659.9 -36425.8 -431.134 230.222 -314.532 194
-14298.8 9566.32 8552.68 -150.959 100.987 90.2881 262
-11704.9 -13585.3 14808.3 -104.062 -120.785 131.655 480
-10845.3 9912.53 -7636.19 -95.7407 87.4471 -67.4172 269
-10452 18880.2 -29210.3 -89.9997 162.521 -251.515 107
-10276.1 -245.458 -1235.44 -91.7446 -2.22437 -11.0512 52
-9228.51 -498.838 -2681.49 -84.3143 -4.55381 -24.5051 159
-6196.96 -8971.37 7588.48 -56.6108 -81.9959 69.3526 361
-5608.88 7116.72 -207.834 -51.6753 65.4363 -1.91807 419
-5446.55 640.99 -613.907 -49.7102 5.85508 -5.56732 439
-5198.73 2932.28 -74.8954 -46.3872 26.1689 -0.668581 317
-5179.38 -1874.12 -1970.34 -48.0263 -17.4003 -18.2446 21
-4964.09 -478.332 -6564.98 -45.3056 -4.37979 -59.9898 475
-3637.48 3574.51 -1091.3 -31.2634 30.6335 -9.32599 258
-3493.04 -4261.76 5479.74 -31.2791 -38.2023 49.1007 56
-3216.74 108.665 -283.839 -29.8746 1.03802 -2.63718 186
-3169.38 103.876 -2257.61 -32.9114 1.06896 -23.4397 489
-3055.63 4429.65 510.801 -26.3358 38.1456 4.3957 344
-2907.03 313.156 -1826.34 -26.5112 2.86757 -16.6908 48
-2741.89 4536.05 1183.71 -25.328 41.8676 10.9642 304
-2482.97 1604.71 -92.7122 -22.6648 14.677 -0.85808 366
-2422.81 575.466 -2955.52 -22.2756 5.23049 -27.2145 202
-2397.34 -1329.23 -693.924 -21.1881 -11.7585 -6.15404 130
-2375.61 1121.5 127.156 -21.2264 10.0757 1.06834 396
-2286.46 2259.13 358.361 -20.8492 20.5787 3.28737 15
-2186.61 -622.274 -1980.55 -19.3361 -5.50686 -17.5135 408
-2059.36 -869.873 696.71 -18.7613 -7.95279 6.37648 2
-1969.1 1485.45 -1932.55 -20.4276 15.4241 -20.054 500
-1892.82 -657.1 -395.956 -16.1388 -5.66616 -3.38253 390
-1718.91 45.9808 11437.4 -14.8746 0.396171 98.9817 458
-1703.15 2146.18 -1197.52 -15.4935 19.5509 -10.9495 339
-1682.5 -1471.53 1682.38 -15.0035 -13.1377 15.0265 381
-1640.35 491.64 -316.337 -14.1218 4.2177 -2.71757 227
-1584.75 -1281.54 -1093.87 -14.0969 -11.3945 -9.77779 310
-1540.39 2923.89 877.656 -13.5964 26.1175 7.84859 167
-1539.87 4772.18 343.964 -13.3139 41.0554 2.9588 416
-1534.31 499.25 979.613 -13.9642 4.57768 8.96405 58
-1432.77 -171.35 345.796 -12.7226 -1.48562 3.05181 495
-1405.98 1688.79 -25.0055 -11.9846 14.3728 -0.208434 379
-1393.44 202.771 1069.12 -12.3738 1.80373 9.53821 315
-1361.61 -1193.92 892.252 -12.8015 -11.2359 8.39019 336
-1337.83 -1205.64 -289.619 -11.7499 -10.7239 -2.52371 213
-1235.61 -38.3919 134.661 -11.4445 -0.309292 1.26108 101
-1231.81 548.319 834.442 -11.1909 5.02401 7.62285 117
-1222.23 564.879 -3681.92 -10.6417 4.91969 -32.0608 25
-1178.19 -935.26 367.322 -10.6971 -8.56138 3.35474 485
-1143.43 -1707.12 1313.85 -10.1536 -15.2208 11.7123 312
-1137.62 -1179.11 -727.575 -9.97538 -10.4849 -6.39313 292
-1118.21 -104.742 -941.113 -10.6009 -0.995134 -8.93726 33
-1114.47 127.735 -1563.02 -9.83766 1.03472 -13.7951 249
-966.514 1110.96 140.562 -8.82823 10.1523 1.34352 142
-954.527 1828.08 214.099 -8.1274 15.5521 1.82874 208
-942.688 -3405.73 502.747 -8.79861 -31.4877 4.66893 422
-907.528 59.1922 1761.48 -8.5465 0.558089 16.5917 441
-895.336 -514.014 -553.575 -7.72757 -4.44081 -4.77754 44
-890.346 -975.863 -2312.11 -7.90828 -8.71786 -20.6376 436
-880.736 955.596 -562.136 -8.10695 8.77626 -5.17571 11
-872.566 646.811 -783.245 -7.73439 5.77015 -6.96124 302
-872.472 105.101 -52.1945 -7.42283 0.92729 -0.440895 472
-831.208 4963.1 444.392 -7.90045 47.1424 4.21961 230
-800.585 507.331 -240.982 -6.87245 4.27481 -2.0746 492
-779.904 211.447 771.526 -7.18384 1.93755 7.09987 151
-682.769 -3825.64 6896.66 -5.89919 -33.0506 59.5833 331
-652.121 -25.5446 651.629 -5.56507 -0.249976 5.56638 353
-599.623 283.585 -454.359 -5.25202 2.45529 -3.95534 78
-582.342 1393.76 -698.699 -5.03479 12.0032 -5.9955 490
-573.79 -264.726 453.635 -5.17925 -2.50078 4.18715 279
-541.825 -763.293 120.429 -4.57203 -6.48544 1.02155 307
-525.624 57.4787 227.732 -4.37113 0.419369 1.91392 267
-501.188 942.485 -670.45 -4.58768 8.57977 -6.10236 100
-496.692 251.077 -949.328 -4.28193 2.1052 -8.12775 63
-492.401 -593.025 -807.606 -4.1981 -5.12722 -6.93617 476
-490.232 -1213.62 -667.893 -4.31663 -11.0792 -6.06214 290
-457.776 -157.29 175.059 -3.90233 -1.34976 1.44391 173
-455.365 783.718 -1511.26 -4.29226 7.4057 -14.2587 238
-452.966 -1063.74 87.1509 -4.24887 -9.98258 0.837437 32
-447.182 -137.627 38.9579 -4.47762 -1.42057 0.370959 60
-428.258 -1950.72 7268.81 -3.77484 -17.1971 64.0721 226
-420.482 -76.7418 83.4515 -4.18087 -0.797228 0.819394 252
-418.752 -486.03 -303.864 -3.66629 -4.30597 -2.68458 330
-417.598 -1886.93 -1023.98 -3.7033 -16.8151 -9.15269 170
-412.841 -244.31 90.8778 -4.33817 -2.63502 1.00278 37
-404.59 -338.083 742.386 -3.71098 -3.1302 6.79079 378
-391.359 981.096 -614.968 -3.57213 9.07858 -5.6563 415
-376.236 -439.559 199.564 -3.47975 -4.13123 1.89815 35
-367.501 -464.249 -390.185 -3.03627 -3.83657 -3.28793 50
-359.496 748.605 -1410.47 -3.2593 6.77889 -13.0456 205
-356.157 37.8084 -577.862 -3.27064 0.319422 -5.26858 174
-301.571 -1632.23 1341.86 -2.62647 -14.5773 11.9629 273
-293.31 -425.574 -111.131 -2.54054 -3.83614 -1.02802 343
-289.917 145.179 -289.555 -2.64076 1.20063 -2.59236 144
-289.706 7284.67 12274.4 -2.55291 64.2517 108.37 180
-278.59 974.303 201.366 -2.55543 8.90996 1.86625 216
-272.148 -844.201 1355.87 -2.36989 -7.36808 11.816 393
-269.958 -957.891 -354.751 -2.76734 -9.88766 -3.66032 389
-262.47 954.197 -865.936 -2.26128 8.17284 -7.40351 31
-257.811 51.038 -98.3763 -2.12613 0.368073 -0.803675 465
-252.781 -99.9093 308.483 -2.27192 -1.00417 2.69614 253
-248.315 46.3145 -24.27 -1.98493 0.299714 -0.133946 488
-241.556 -289.711 162.529 -1.94303 -2.36074 1.27839 76
-236.589 -915.818 423.713 -2.07526 -8.11983 3.75325 423
-231.282 -130.368 -192.532 -1.77584 -1.07381 -1.51329 345
-226.346 -258.981 -111.092 -2.72321 -3.15915 -1.33339 127
-220.369 -184.811 22.1456 -1.7162 -1.5409 0.201085 54
-215.894 -138.482 -118.642 -1.74872 -1.07067 -1.00828 178
-209.354 -260.592 -41.7685 -2.02707 -2.52775 -0.414095 351
-208.286 -204.44 -479.083 -1.76305 -1.7822 -4.20535 469
-198.391 -614.156 -97.0575 -1.60424 -5.08518 -0.820047 168
-189.353 -447.44 -76.6845 -1.62832 -3.9509 -0.688001 300
-188.743 80.1588 294.125 -1.51487 0.684797 2.47821 46
-181.537 -57.8055 -114.943 -1.20906 -0.589272 -0.823099 223
-178.983 -124.309 200.956 -1.33384 -1.01994 1.54019 113
-178.341 -324.846 143.481 -1.51818 -2.88689 1.28148 128
-177.717 323.583 -1905.56 -1.57533 3.00491 -17.6262 385
-168.33 -51.2374 -81.7769 -3.195 -1.07207 -1.56394 373
-161.938 -390.779 165.855 -1.28092 -3.23014 1.31085 114
-157.743 -120.5 84.3334 -1.09313 -0.76548 0.68832 356
-156.373 -21.3924 37.7417 -2.05968 -0.401705 0.53962 196
-150.773 -624.574 -497.984 -1.40855 -5.7421 -4.58845 120
-137.847 443.189 -681.089 -1.17205 3.75134 -5.78314 248
-130.778 -464.598 30.829 -0.833171 -4.01527 0.281289 19
-126.657 -827.578 73.1001 -1.001 -6.90882 0.589265 477
-119.213 10.5878 -11.9075 -0.441307 -0.245065 -0.103904 162
-117.538 -848.829 -30.9255 -0.973774 -7.46756 -0.269642 132
-117.453 274.219 62.4368 -1.06906 2.39856 0.553701 68
-116.174 -11.4803 -268.937 -1.06625 -0.155755 -2.51017 491
-115.999 16.8246 -31.425 -0.525025 -0.277909 -0.151702 428
-115.424 9.01569 -41.7746 -0.427582 -0.220451 -0.169864 397
-112.977 -244.884 -108.685 -0.85642 -1.96292 -0.977819 169
-106.945 33.0827 109.664 -0.595733 -0.00931969 0.618785 66
-105.517 -10.8151 37.7442 -0.246882 -0.0854278 0.221488 257
-97.8039 65.5835 1931.11 -0.833546 0.58671 17.2305 233
-94.553 -403.047 930.858 -0.819104 -3.50878 8.07134 204
-92.6457 105.497 197.464 -0.835233 0.815887 1.65655 187
-91.7212 -647.479 137.493 -0.758809 -5.81309 1.25977 499
-75.6575 13.1368 17.4574 -0.0677726 -0.591839 -0.0131915 447
-74.672 -31.0064 11.4977 0.193355 -0.571267 0.0189488 203
-74.1805 23.4309 54.1121 -0.367968 -0.525135 0.274802 110
-73.257 -127.438 -37.3104 -0.331866 -0.706385 -0.1124 182
-69.2908 -1349.38 -481.351 -0.596105 -11.5506 -4.12752 84
-64.7659 -101.979 -39.8292 0.0102245 -0.636767 -0.224028 79
-63.5275 -9.58703 -7.24399 0.525589 -0.408639 -0.0107102 359
-61.6682 -7.30615 -22.1895 -0.149396 -0.529944 -0.157117 375
-61.4598 53.7449 -3.64367 -0.722854 0.249246 -0.0808111 314
-55.9166 121.437 -441.951 -0.476072 1.03231 -3.64086 8
-53.2008 -1554.43 167.316 -0.356305 -13.8229 1.51824 123
-47.8683 46.3116 -10.9937 -0.462278 -0.642176 -0.0235783 265
-46.2347 14.3997 53.274 -0.112292 -0.526266 -0.261274 73
-46.0562 -25.5225 48.5329 -2.21662 -1.2127 2.08338 448
-44.3187 114.59 49.2458 -0.745766 1.08668 0.421345 164
-41.1467 10.4436 -8.31842 0.566963 -1.0007 -0.132545 200
-39.9267 5.39903 -0.805468 -0.0246822 -0.768026 -5.10414e-05 282
-37.6747 -18.3163 0.365012 0.739003 -1.11666 0.0422916 244
-36.7247 -0.886762 -2.51347 1.18144 -0.555095 0.00822688 146
-36.5962 -21.1431 -4.95119 1.07321 -0.619008 0.178094 183
-31.1886 23.7988 -15.522 0.288649 -0.860529 0.119591 456
-28.8494 7.75392 9.82271 -0.47292 -1.25442 0.238107 332
-28.0321 -13.2987 -10.2731 -0.543136 -0.735978 0.431331 158
-27.9692 -5.06736 -5.42558 -1.05296 -1.25424 -0.209934 235
-27.2974 -1.1313 8.24864 0.0479516 -1.50909 0.150556 214
-23.3786 -309.159 -341.322 -0.141355 -2.75131 -3.08706 313
-23.0491 10.2542 -21.2136 0.0745787 -0.44118 -1.28734 293
-22.9417 -111.663 1.70141 -0.158666 -1.39197 0.0142597 96
-22.8981 -445.349 -91.5733 -0.198431 -4.48628 -0.903405 474
-22.711 16.4636 -9.14727 -1.25971 -0.519297 -0.833259 72
-22.3637 324.593 22.0545 -0.27182 2.54548 0.170236 482
-21.9141 -19.4224 6.10657 0.776519 -0.995562 0.0602785 294
-20.4474 -596.629 361.201 -0.205423 -6.48921 3.93612 497
-18.987 3.19402 1.76031 -0.125325 -1.62766 -0.0508759 358
-18.6039 -49.691 -15.7486 0.45143 -0.775268 -0.354243 103
-18.4545 5.17605 0.711586 -0.0745598 -1.49775 -0.00118503 147
-17.1729 84.9386 -13.022 -0.686071 2.63455 -0.378412 199
-17.0512 -639.017 -63.16 -0.140892 -6.52459 -0.636356 283
-16.8826 -5.67148 8.49125 0.645948 -1.61113 0.731839 42
-16.1064 21.8904 -10.3427 -1.17483 -0.827374 -0.517088 70
-15.9905 -103.944 8.81139 0.418123 -0.288364 0.0482648 39
-14.9835 -7.96693 -0.0682093 0.351064 -2.06937 -0.0580233 284
-14.8556 -0.751679 -0.565638 -0.576201 -2.15367 -0.296392 403
-13.701 2.36218 0.787173 -0.618119 -2.64473 -0.0462512 153
-13.4193 0.073541 2.88754 0.866845 -2.03877 -0.0560382 53
-12.7339 26.7459 -8.06867 -1.36171 0.0497315 -0.647008 246
-12.4207 144.891 38.9833 -0.238974 0.709647 0.20432 498
-12.3306 -7.40969 2.60352 0.635754 -2.06263 0.420084 181
-12.1533 -19.758 5.67633 1.28099 -0.755351 0.282602 5
-12.1435 -35.5563 24.0337 0.0801119 -0.991853 0.957825 392
-11.9363 20.7958 -69.4849 -0.0849729 0.12186 0.419628 402
-11.4864 10.2535 -2.03307 -0.705758 -2.22722 0.77433 437
-11.408 1.92004 -2.27341 -0.199032 -2.35317 0.296823 197
-11.2696 -136.794 -27.2918 0.11589 -0.666954 -0.206693 278
-10.9212 -21.2777 0.758842 1.03535 -0.720563 0.237473 192
-10.8069 -17.6744 -4.79982 1.02908 -1.27232 0.152074 481
-10.1775 17.673 3.76414 -1.82821 0.500193 0.179735 370
-9.80782 17.8419 -2.65288 -1.13895 -1.16886 0.237461 329
-9.64691 0.785411 -0.669873 -0.199651 -2.94539 0.193978 357
-9.62034 1.56428 -7.87138 2.02734 -1.78164 0.179998 288
-9.38417 5.60505 7.73287 -0.892445 -2.48673 0.523799 457
-8.52014 -2.92724 -1.26094 0.739483 -2.52018 -0.200732 354
-8.45031 -3.90009 -2.58122 0.0935046 -1.50837 -0.196746 122
-8.14667 -0.199888 0.147496 0.129559 -2.81158 0.170595 442
-8.02577 5.65757 2.29407 -2.07099 -1.73146 -1.3348 468
-7.78788 1.5623 -0.0690807 -0.331531 -2.70684 0.449461 266
-7.74785 4.16154 -2.34042 -1.02243 -2.64197 0.134709 461
-7.55439 -13.5687 2.58348 1.90569 0.406701 0.258307 116
-7.36122 -6.04923 -0.512653 1.53926 -2.42712 0.431687 276
-7.33052 -3.42423 0.179201 0.983682 -2.58762 0.259379 250
-7.18371 1.84636 -1.92349 0.517324 -3.30203 0.0655723 221
-7.05996 -5.9837 0.85504 1.49935 -2.63819 0.29678 231
-6.91838 0.961316 -1.56001 -1.17351 -3.83225 0.132716 47
-6.78163 -0.389252 0.107898 -0.0561216 -3.47173 -0.368262 454
-6.69715 -2.56305 0.232131 1.54292 -2.61082 -0.239239 445
-6.43698 -6.59075 -0.596553 1.88045 -2.02814 0.215349 384
-6.37909 -3.85845 -1.34375 1.66926 -2.64629 0.231073 407
-6.23843 -2.6566 -0.155887 1.7369 -2.89135 0.0507047 263
-6.18817 -0.464253 -1.35936 1.20525 -3.33326 0.439868 291
-5.98522 -1.23523 -1.99679 1.63018 -3.2176 0.445099 225
-5.88374 -2.27386 -1.00818 2.11499 -3.15677 0.0881425 337
-5.69305 -12.76 -2.15294 1.96267 -0.590407 0.287059 224
-5.69847 -17.2309 0.379716 1.24415 -0.294175 1.64647 483
-5.56201 8.59952 -1.78257 -1.99655 -1.74385 0.297265 28
-5.48839 24.191 -12.8075 -0.90831 -1.18285 1.02686 286
-5.37747 4.93759 -0.823446 -1.6142 -3.13922 -0.452808 417
-5.01121 -13.67 3.78138 1.45266 -0.898035 0.230091 155
-4.76432 0.0492433 -0.759605 0.675532 -3.71576 -0.0492949 301
-4.70358 3.90017 4.71353 0.230628 -3.32553 -2.42183 463
-4.71946 5.86009 -0.861864 -2.82776 -1.63192 -0.22242 131
-4.55701 7.33266 0.767724 -1.13212 -2.07978 0.223652 237
-4.36162 -3.90031 0.297479 2.06345 -2.97726 0.357969 380
-4.3425 6.94996 -0.694604 -2.53464 -1.51624 -0.0150106 342
-4.02321 -6.60136 -1.11609 2.78841 -1.02414 0.119936 275
-3.99437 -8.04865 -0.277521 2.70481 -0.853379 0.648638 280
-4.039 8.01466 -0.425158 -2.45268 -1.29488 -0.141956 274
-4.01943 4.98805 -1.31476 -2.607 -1.89073 -0.482345 410
-3.82123 3.2379 -1.1221 -2.65116 -2.87895 -0.371541 139
-3.63287 -9.03838 -0.100521 2.83083 -0.929206 0.534426 427
-3.32305 -7.00556 -0.00186837 2.72226 -0.504113 0.281437 327
-3.36824 9.66561 -0.887543 -2.54845 -0.693391 -0.029194 165
-3.17625 14.1473 1.79244 -2.09044 -0.989282 -0.237466 363
-3.03984 5.06917 -0.818501 -3.42401 -1.25754 -0.455771 321
-2.9134 0.956111 -0.254931 -2.56533 -3.78389 -0.803923 360
-2.77378 -468.436 381.065 0.060957 -3.81382 3.18556 143
-2.78956 6.33559 -1.75515 -3.40648 -0.371965 -0.454775 98
-2.63401 -1.33299 0.611342 0.970114 -5.17962 -0.473023 137
-2.62059 2.95603 -0.742166 -3.44669 -2.4228 -0.779061 319
-2.34342 -7.24877 0.511039 2.96153 -0.932156 -0.121387 431
-2.31338 7.33871 -0.881499 -2.99174 -0.343897 0.0294845 411
-2.24156 -2.29017 0.250534 2.42469 -3.39777 -0.027273 289
-2.11101 -6.42457 -0.7113 3.34508 -1.22202 0.455415 207
-2.01813 8.32887 -0.806245 -2.99499 -0.791796 0.0414023 260
-1.84467 -5.15045 -0.263964 4.00775 -0.467276 0.0794868 414
-1.59423 4.34109 -0.851956 -3.17064 -1.99129 0.38396 55
-1.11511 5.38833 -0.132797 -3.68272 -0.492694 -0.479276 118
-0.820617 -3.4177 0.145773 4.38562 -2.49171 0.170782 102
-0.692011 -8.76945 2.15333 3.03221 -1.82441 0.537228 80
-0.575278 6.53125 -3.13007 -4.20719 -0.194482 -0.644043 450
-0.161739 6.93239 0.0961322 -3.29759 0.0652591 -0.769763 109
0.314799 -5.66746 -0.176193 3.62714 1.16791 -0.0668017 161
0.500164 12.2126 -0.754972 -2.09217 0.0129456 0.141878 365
1.29979 3.12796 -0.0925676 -5.11557 1.31891 -0.235862 271
1.33162 10.4805 -0.480844 -2.54607 0.600763 -0.0301273 455
1.38115 23.9078 -0.675864 -1.91839 0.420308 0.165732 374
1.53338 -8.22961 1.69274 2.99377 0.452024 0.350437 452
1.77987 -6.80501 0.352056 2.81097 1.37313 0.573397 484
1.93004 -7.53029 -0.313478 2.84514 1.77605 0.134108 138
1.96929 8.65604 -3.71464 -2.77349 -0.108505 0.184186 487
2.21809 22.1645 0.509807 -1.72637 0.771004 -0.1118 406
2.4404 2.31129 -0.314027 -4.83674 2.03482 -0.878798 215
2.64328 -2.39845 0.0280273 3.3586 3.59239 -0.423454 71
2.65327 -7.38227 0.348705 2.83054 2.04184 0.0893389 281
2.69796 -7.13295 1.44467 3.27299 0.0599593 -0.456453 20
2.66151 14.9985 -1.75693 -1.83556 0.0540499 -0.182645 268
2.74546 -3.32923 0.691095 2.27711 2.91877 0.701325 496
2.91529 5.5839 0.795464 -2.37077 2.18046 -0.453842 295
3.02889 -22.6074 3.39508 1.80046 0.174295 -0.299465 368
3.23849 -4.20917 0.681185 2.25295 2.69823 -0.114568 259
3.26258 8.69723 -0.0530984 -2.33965 1.76094 -0.0248731 184
3.42137 -6.48913 0.794623 2.64156 2.22841 0.363342 38
3.46407 -0.335357 -0.907568 0.68419 4.48749 0.619149 134
3.53779 11.2308 -2.6719 -2.46205 0.00245664 -0.0960825 82
3.62072 15.8368 6.98903 -1.33385 0.588294 -1.58675 99
3.65708 -3.02723 -0.0247035 1.9449 3.32546 -0.24598 435
3.68333 -3.70217 -1.55717 0.885506 4.35258 0.177771 64
3.69348 2.13824 0.591976 -2.03196 4.20632 -0.0434763 318
3.74721 -0.84236 1.21423 0.691999 4.33158 -0.510981 212
3.79563 -4.55578 1.25707 2.41041 2.38032 -0.386587 460
3.84808 5.85683 1.08618 -3.20362 2.02972 -0.0535753 264
3.91259 -6.67809 -0.0492567 2.47119 2.26575 0.256447 367
3.95766 -5.73479 0.418978 2.59857 2.33031 0.508657 444
4.01325 5.0684 0.094898 -2.57238 1.77893 -0.448708 459
4.70204 13.9485 1.28405 -2.26202 0.677775 0.186736 240
4.75562 -11.3451 1.73094 2.35748 1.2053 0.173923 77
4.81505 -1.23964 0.210709 1.79108 4.48896 -0.619758 473
4.99885 -6.83742 3.31372 1.00049 2.69715 0.903459 306
5.01852 -5.09586 0.879048 1.88033 3.02517 0.0605703 333
4.98414 3.28172 0.72399 -2.08875 3.15085 -0.723641 57
5.16576 2.26846 0.27705 -1.59217 3.67478 -0.571988 125
5.2685 -5.3194 1.82184 2.23093 2.3515 -0.136746 171
5.228 5.58472 -1.88665 -2.48262 2.13661 -0.0152357 157
5.33175 -10.8395 2.72065 2.28942 1.37299 -0.158037 59
5.30303 2.85902 1.77048 -1.95171 2.9622 -0.84773 154
5.58168 6.03887 0.681443 -2.60656 2.00912 -0.290686 88
5.64534 10.5318 -0.0570816 -1.76455 1.28086 -0.449391 111
5.79508 13.4832 -1.66996 -2.03699 0.564786 0.257637 296
6.53355 3.66723 -0.324725 -1.25454 2.59103 -0.561992 93
6.6704 -0.829647 1.0444 0.438683 3.32257 -0.25464 141
7.19802 -3.21075 0.24995 0.0386415 3.0456 -0.010289 150
7.3147 -5.77086 1.26632 1.46619 2.57342 -0.00290369 135
7.34371 1.76946 0.681484 -0.197416 3.30905 -0.200163 433
7.38637 -0.138767 0.90874 0.211956 3.59206 -0.469514 193
7.55247 1.91528 -5.87712 -2.33031 1.89962 1.19046 382
7.57758 6.10809 -0.38864 -2.17429 1.89973 -0.165012 232
7.63933 1.03937 1.55116 0.312203 3.54355 0.155601 156
7.62771 20.6521 2.82081 -1.31032 0.62398 -0.0711845 449
7.65499 13.1442 -8.47741 -1.50491 -0.944662 0.593524 45
7.70493 0.449012 -1.06498 -0.813951 2.62313 0.424152 22
8.03222 15.9521 1.10334 -2.11916 0.219538 -0.129304 176
8.21696 4.1584 -1.84905 -1.11958 2.89969 -0.0905454 387
8.36133 8.04351 -0.821964 -1.87278 1.72043 -0.158218 220
8.40226 -15.9478 -1.86321 1.58993 0.790781 0.0309364 261
8.53717 -7.14114 2.93961 1.96167 2.2669 0.594043 478
8.65602 1.5808 0.553565 -1.29828 2.56354 -0.17063 195
8.90349 283.137 280.219 0.219882 2.33376 2.49636 464
9.08279 -1.89967 1.82662 0.605216 3.45407 0.361065 438
9.08245 3.70264 -2.03344 -0.966736 3.09277 0.146266 81
9.08284 4.28746 -1.48265 -1.26878 3.0185 0.225849 121
9.66811 22.6977 -15.1094 -0.97933 -0.102257 -1.19693 486
9.90075 -24.4976 -6.45477 1.50606 0.567479 -0.20472 272
10.328 5.41639 -1.26115 -1.08852 2.22142 -0.308596 218
10.9022 -672.882 1692.16 0.0763106 -5.90379 14.8355 172
11.4908 -2.48137 2.70562 1.02982 2.3672 -0.415723 287
11.9482 -4.30991 -0.573645 0.809644 2.39463 -0.04158 297
12.3912 5.66646 -0.754735 -0.196729 1.96291 -1.01841 115
13.4029 -17.7045 -1.07111 1.75385 0.984336 0.179026 420
13.6326 -91.9024 86.1818 0.270261 -0.323617 0.431817 40
14.0126 -0.335148 -3.1064 -0.0817837 2.23092 -0.312514 255
14.2733 240.818 7.42006 -0.00726223 1.75837 0.0527952 308
15.0665 2.64096 -1.45198 0.839375 2.29407 0.282641 129
15.4594 -0.0486607 -4.81978 0.116247 1.7281 1.36048 446
16.407 15.3892 2.0572 -1.28025 1.04075 -0.583455 27
16.596 -9.83276 -1.22836 1.25883 1.59928 0.176959 430
17.0836 6.41213 1.97676 -0.631437 1.3984 -0.280249 136
17.1866 19.7527 -15.1597 -0.65297 1.18161 0.341215 479
17.4036 -22.6275 2.63031 1.21835 0.868508 0.042133 316
18.5371 -1157.69 -2255.11 0.166316 -10.2439 -19.8908 350
19.1743 -10.9777 -5.97202 0.768118 1.30068 0.257493 338
19.7658 -12.4363 -1.47035 -0.272841 2.05646 -0.394615 335
20.8606 -14.1755 -6.17482 0.919553 1.29195 -0.391971 328
21.7627 -1.49962 7.02223 0.108569 2.09205 0.0971187 4
22.2132 -24.3859 5.28868 -0.862399 1.25321 0.107721 152
22.4839 -13.2467 3.40222 0.771022 1.7197 0.0752327 148
22.5261 23.0063 -16.8362 -0.78981 0.56071 -0.117424 429
24.2031 31.9447 6.68138 -1.14668 0.599589 -0.39595 43
26.0394 -1.36695 -4.51733 0.0174054 1.16027 0.230421 348
26.3198 -17.3444 49.8456 -0.105447 0.398271 -0.512897 198
26.4407 -124.905 -62.8912 0.0739242 -0.650697 -0.30335 285
26.6029 25.8046 0.977307 -1.29057 0.344189 -0.505156 453
28.5285 26.2956 -12.4227 -0.954454 0.734111 0.597375 189
29.9974 144.245 43.9616 -0.069785 0.968893 0.32994 277
30.0692 -6.02366 -2.23765 1.04819 1.06976 -0.231569 90
30.8895 11.5512 -5.83043 0.0822779 1.29023 0.045886 254
31.0887 620.402 1013.64 0.273117 5.41436 8.797 3
31.3401 26.3014 1.34038 -1.14705 0.65699 0.0365341 371
34.3811 892.719 -4435.49 0.300115 7.74197 -38.4523 61
39.0527 363.203 -190.482 0.28298 2.94101 -1.52615 18
48.0718 146.193 -84.034 0.529657 0.831344 -0.652491 65
50.8563 90.098 17.7828 0.651589 1.52423 0.223455 175
51.9841 -23.6879 54.1431 -0.10404 0.00196277 -0.218379 87
55.4874 -143.317 2.86711 0.489033 -0.764402 0.0356884 209
59.0579 65.7996 87.4517 0.216282 0.399055 0.315452 388
72.9374 518.465 -192.267 0.611291 4.27455 -1.62282 418
74.7145 -7.94394 -39.6052 -0.0995277 -0.3316 -0.37834 251
79.7785 -27.4556 -162.568 0.453726 -0.122587 -1.24008 341
83.7055 346.945 -2643.39 0.799079 3.28901 -25.1111 89
85.4799 -61.9556 -27.6415 0.607958 0.161142 -0.14278 6
92.7105 -6.04982 -17.1418 0.228715 0.469936 -0.00574662 108
97.3962 -109.052 -6.75595 0.940581 -0.357739 -0.107216 305
99.1269 -76.278 27.2301 0.537933 -0.123724 0.201179 412
100.778 -493.984 86.7983 1.07124 -4.98221 0.897068 242
102.191 -29.9869 0.686735 0.516015 0.357715 -0.0039044 67
104.906 153.75 -34.0303 0.68549 1.09516 -0.406998 185
105.039 64.6711 -24.6415 0.272007 0.61454 -0.152939 1
105.339 1306.22 2903.3 0.948787 11.7068 26.0116 24
106.737 -198.58 959.407 0.913008 -1.73749 8.14492 377
107.223 -136.73 46.5287 0.977188 -1.02385 0.406611 41
107.602 -30.5336 -79.8002 0.556687 0.140479 -0.456372 340
111.907 108.653 51.211 0.780292 0.834901 0.359352 247
113.95 -25.419 549.639 1.10021 -0.17084 4.77301 256
115.697 -14.9627 6.43951 0.691565 0.409539 0.0361208 229
118.391 -107.989 17.1055 0.830589 -0.442721 0.101867 62
119.203 -49.2857 -24.4782 0.699743 0.0932802 -0.169749 241
120.866 -488.646 6.43024 1.01317 -4.00032 0.0266483 494
124.3 1943.58 -188.055 1.039 16.4149 -1.59282 404
124.443 -69.595 26.9481 0.929569 -0.0408505 0.221934 234
130.215 -185.408 -22.7749 0.965998 -1.23191 -0.224133 467
141.399 -203.153 -42.4747 1.07506 -1.41892 -0.373165 83
161.743 90.651 15.2386 1.04842 0.81801 0.0718398 106
163.74 -92.5939 32.1525 1.18924 -0.552287 0.16747 34
169.661 -210.858 -103.551 1.43436 -1.59528 -0.886147 470
170.147 -94.3218 20.8549 1.65465 -0.619543 0.196084 462
173.261 802.344 -1112.73 1.50675 6.89215 -9.57507 9
177.208 1548.32 957.728 1.51615 13.1642 8.17885 398
184.951 66.3805 41.7547 1.31089 0.61035 0.279781 190
194.977 -200.474 253.965 1.66916 -1.67899 2.21469 347
211.929 364.479 -283.212 1.99117 3.47407 -2.68263 211
213.386 -2577.14 -1633.17 1.93234 -23.0799 -14.6501 413
215.134 -431.179 302.789 1.81118 -3.55343 2.50587 16
215.547 244.492 61.4939 1.68932 1.98277 0.543 91
215.748 -101.701 -1115.07 1.95549 -0.910663 -10.0893 124
216.704 -357.423 -130.881 1.86657 -2.89207 -1.06912 12
238.546 -95.0097 142.377 2.01004 -0.679363 1.16348 324
242.182 138.893 64.8489 2.0029 1.22472 0.484621 362
246.298 2.94078 -112.365 2.02227 -0.0451352 -0.917374 222
252.875 -279.741 212.293 2.21468 -2.41155 1.85871 298
255.907 436.681 118.96 2.14096 3.62231 1.00258 69
299.853 -13.7747 274.58 2.51444 -0.196938 2.38893 133
310.656 -37.4142 119.515 2.66705 -0.17825 0.986231 112
329.339 -361.171 471.544 2.81061 -2.99248 4.03833 13
340.392 -154.966 397.457 3.0396 -1.29514 3.58854 206
344.547 149.883 86.7182 3.03157 1.37923 0.73 7
346.67 -1.8901 149.594 2.77629 0.0451012 1.24198 228
359.098 -661.826 -322.89 3.212 -5.83942 -2.85996 191
369.628 63.3713 -325.757 3.2763 0.605114 -3.00444 75
385.062 -648.638 -55.4026 3.30308 -5.4006 -0.472742 434
385.981 -310.748 -39.5174 3.57828 -2.84164 -0.338772 92
415.554 31.3138 -172.724 3.70595 0.237802 -1.53342 179
424.482 6917.24 1843.47 4.03536 65.7061 17.5135 471
426.646 216.184 308.632 3.71601 1.87063 2.6539 105
430.291 4452.89 636.102 3.83092 39.236 5.63355 219
439.674 -108.128 18.0873 3.84613 -0.821293 0.173963 425
445.735 -119.97 -209.215 4.69429 -1.2487 -2.21689 326
449.494 -74.4132 216.465 4.64899 -0.745189 2.2309 74
450.496 -1202.85 -257.106 3.82577 -10.2341 -2.19209 160
467.819 -122.398 99.4711 4.11069 -0.950442 0.897745 236
474.511 -607.232 300.453 4.01721 -5.09726 2.59096 26
483.414 -50.7116 -1061.76 6.64229 -0.691643 -14.5812 210
487.969 238.74 -181.88 4.24037 2.10121 -1.57106 49
502.767 -953.4 859.88 4.6559 -8.81601 7.96003 311
505.606 -108.673 -754.759 4.57098 -0.961274 -6.81257 177
521.959 410.541 -168.314 4.36639 3.43579 -1.42516 217
534.352 9098.99 1183.62 4.60566 78.4046 10.2039 17
541.344 -610.383 510.287 5.69856 -6.39891 5.36507 51
552.535 -266.251 -168.012 4.8225 -2.35019 -1.45279 399
553.635 -283.207 -27.3393 5.05549 -2.50777 -0.228942 243
571.243 502.176 394.831 5.10465 4.58954 3.56652 23
602.93 926.928 -1660.08 5.15097 7.90006 -14.1688 395
605.352 549.689 -6.69919 5.5462 5.10285 -0.0736773 432
607.421 -416.231 -931.263 5.19158 -3.55013 -7.91764 104
607.584 320.103 -288.885 5.5315 3.05755 -2.63665 466
626.291 106.271 -2847.24 5.6734 0.965768 -25.7959 30
642.51 1014.08 -1021.1 5.49967 8.69361 -8.75903 86
651.454 868.04 -624.496 5.57982 7.42807 -5.33567 493
654.8 586.375 103.295 5.86749 5.36663 0.945828 140
681.919 1121.01 -533.781 5.76684 9.52216 -4.53501 166
682.806 -1677.12 -450.318 5.83117 -14.3293 -3.86768 10
696.685 804.355 -1247.5 6.01258 6.92198 -10.7441 97
723.846 -201.322 187.799 6.75651 -1.85761 1.78213 94
733.163 -28.8067 159.517 6.74178 -0.232547 1.47071 323
820.355 1355.95 -94.3912 6.94258 11.531 -0.798946 352
829.177 -2124.64 2532.6 7.6227 -19.5484 23.2904 391
839.685 -1935.2 -2739.75 7.79397 -17.8592 -25.4643 451
848.433 701.39 -427.421 7.27827 5.99559 -3.63839 364
886.059 861.486 354.504 8.14836 7.8593 3.24962 299
913.612 454.795 -562.653 8.1002 4.04713 -4.99548 303
920.353 3849.48 1085.32 8.50622 35.5368 10.0241 400
932.305 -1197.11 -98.8201 7.98219 -10.185 -0.842832 270
955.269 709.945 -2159.65 9.07889 6.74556 -20.5158 245
980.745 88.5845 625.664 9.05632 0.852223 5.80711 372
993.47 -294.033 617.878 9.18283 -2.69701 5.71559 409
1025.95 1080.29 -1534.58 9.42998 9.92869 -14.1012 401
1214.41 689.932 -2095.29 10.7956 6.13363 -18.6293 201
1254.62 -455.722 -29.131 11.6183 -4.20637 -0.280847 14
1272.94 1283.55 690.367 11.7077 11.7878 6.35331 126
1363.27 2253.51 325.004 13.1304 21.7101 3.13155 29
1508.63 3400.65 416.361 13.9863 31.1445 3.83977 440
1524.22 2654.77 139.104 13.151 22.8278 1.19438 325
1528.97 118.566 518.692 12.9618 0.999871 4.41808 85
1650.4 547.407 1733.61 14.8038 4.90992 15.5394 355
1655.71 980.9 1013.47 14.5032 8.61193 8.87927 405
1663.35 -1547.28 257.922 15.1347 -14.1341 2.36524 309
1710.97 312.692 -23.4911 14.5205 2.65215 -0.196861 163
1828.98 481.825 819.678 16.0197 4.22265 7.17281 349
2118.27 -3126.88 -437.888 19.6532 -29.0305 -4.05082 394
2244.26 3366.19 -1547.58 19.3176 28.9141 -13.3068 145
2546.58 -4414.05 1392.85 23.6797 -40.8841 12.9563 149
3186.98 4162.57 1603.25 27.4401 35.7788 13.8206 376
3240.62 -10017.5 6292.95 30.2246 -93.4394 58.6981 334
3560.02 -2623.08 -9781.93 32.1134 -23.6603 -88.2288 383
3981.72 267.408 941.897 37.144 2.51091 8.77813 188
4000.47 6181.58 526.311 34.4905 53.2236 4.53276 119
4033.22 -2107.14 21926 37.968 -19.8378 206.409 443
4052.47 460.295 3648.8 35.0659 3.98289 31.5714 424
4535.61 91634.5 29242.6 39.0526 788.957 251.788 346
4644.77 731.649 -1962.15 42.4092 6.69408 -17.9291 421
4923.04 5603.57 14377.2 45.2895 51.5547 132.269 95
6549.46 10909.7 -7883.46 56.235 93.6299 -67.6611 36
8240.49 33611.3 -1917.26 72.7561 296.671 -16.9262 386
8756.21 -2099.69 750.552 79.9916 -19.1832 6.85719 239
27697.3 -118841 -14778.4 247.638 -1062.54 -132.134 322
1.40824e+06 586330 -238019 12444.9 5181.53 -2103.69 369
