-15.5325 2.35822 -0.381882 86.9036 -279.638 64.4085
-16.8637 10.4909 -3.47573 -53.1637 -95.1743 -1.98
-15.6011 2.26282 4.17776 31.8246 -273.95 -2.32537
-14.9478 -0.373963 9.92737 5.19321 -170.653 2.74423
-13.6812 -16.0696 4.184 39.6246 -32.3847 4.5959
-14.0832 -0.285975 5.40754 -6.49624 -201.058 -4.62391
-12.9508 -3.75761 -4.9675 63.4645 -203.836 0.341744
-12.8412 -2.61916 -2.04387 46.7522 -203.349 9.21108
-12.4572 -5.22993 -1.91288 78.7089 -203.772 0.0832221
-13.0899 -5.79963 1.19413 2.84355 -255.27 -25.6593
-12.8581 5.51167 0.162593 6.84754 -241.147 7.33586
-13.1211 1.39003 3.18603 -23.5349 -218.522 -6.00525
-13.0107 1.40777 -7.2678 -13.2145 -211.821 6.93359
-11.7341 -5.03427 -1.92799 96.893 -222.71 -12.0556
-11.1385 -7.08941 -0.0296826 126.955 -172.331 -10.3386
-11.8389 -2.85508 6.18954 53.6571 -203.429 -7.66661
-12.4228 0.214365 6.42795 -7.19402 -233.822 -5.36595
-12.3435 0.661432 -2.9926 -7.03074 -227.818 -6.07806
-12.0548 -1.21866 4.55622 20.2808 -238.19 9.0119
-11.1713 -6.36781 -4.40487 104.201 -174.61 1.06201
-12.5183 -7.39242 5.68452 -37.0276 -350.352 84.7729
-12.1553 0.372458 7.98474 -5.94568 -186.556 -4.02022
-10.6666 -11.7295 -16.3041 107.35 -250.344 -31.4543
-12.8911 3.51542 -4.05178 -124.791 -190.567 9.14316
-11.5287 -7.28114 -1.47645 2.57254 14.8994 -104.984
-10.4809 -5.36566 1.3364 104.997 -205.569 3.92842
-9.94553 -7.40027 2.38887 146.86 -198.917 -11.716
-11.206 -1.07343 12.5571 15.3731 -182.673 7.74071
-12.1895 8.38695 11.823 -85.1335 -117.874 -5.55505
-11.3654 5.87212 -6.91456 -4.16017 -487.614 102.553
-10.9838 -1.86289 9.74299 30.6643 -207.297 -11.5372
-10.1159 -1.40172 -24.6591 102.328 -195.947 132.598
-11.3832 3.00342 -10.5587 -50.4675 -197.652 -4.61972
-10.1775 -2.28658 5.06697 58.4072 -247.563 5.46267
-11.7352 5.86536 -4.73817 -104.409 -189.256 0.629639
-11.794 6.59474 0.624558 -114.517 -207.745 1.22458
-9.11735 -8.95027 5.11185 147.05 -145.485 13.036
-8.95324 -8.59761 7.86841 157.525 -154.961 -32.9851
-11.3754 5.82381 -10.2073 -86.5343 -156.49 -0.0546906
-10.9039 2.59308 1.03914 -53.5352 -230.736 -8.76708
-8.72663 -8.45235 7.46014 162.255 -160.278 14.5402
-9.66832 -0.862509 10.1811 24.4439 -193.73 10.9404
-9.01284 -14.7863 0.621075 85.2729 -217.165 2.4422
-10.7027 4.52586 -2.01451 -90.3515 -215.476 -0.981859
-8.35952 -5.21441 -3.33294 141.604 -221.18 8.10108
-8.17036 -7.38889 2.21647 156.506 -192.118 -0.106365
-8.84538 -3.18755 -11.8527 76.7333 -195.72 -2.83774
-8.65756 7.05127 12.5313 84.6994 -221.574 1.0979
-8.38752 -4.49371 -1.71131 109.123 -232.256 -1.47296
-9.62226 0.832809 11.8518 -19.5242 -182.444 -4.17137
-9.30209 0.989824 -0.0241834 -15.9636 -266.306 9.54885
-9.68002 2.31256 2.19412 -54.9092 -216.126 -3.79196
-7.19865 -10.2224 -1.78165 175.853 -118.794 -3.41044
-7.20951 -10.9202 -6.35708 170.228 -115.102 -3.72587
-9.35515 -1.52416 -8.94619 -49.2837 -15.3236 96.256
-9.06073 1.2068 -2.29868 -23.8943 -225.698 -6.71355
-6.90071 -7.26481 1.86309 183.013 -180.95 2.19797
-6.77854 -13.2391 4.42731 192.996 -97.8506 0.648834
-6.6618 -10.4012 -5.97207 204.166 -120.162 4.02877
-9.6025 3.79219 -3.02305 -89.2948 -233.501 5.08707
-9.77401 8.18957 13.1062 -106.457 -112.4 -2.40526
-9.96958 6.4834 5.43919 -135.411 -189.046 6.66664
-6.46698 -9.49194 -1.25215 207.148 -157.973 21.2953
-9.25502 8.88725 -8.18443 -71.6862 -213.681 -7.86124
-7.97008 -1.28046 -4.58766 37.555 -233.183 0.423088
-9.29297 5.09044 -4.86548 -94.9185 -192.335 -14.5929
-8.23526 7.69366 -2.53727 2.1565 -223.617 -16.4986
-6.65437 -6.70991 -0.998315 155.333 -158.354 33.0976
-8.13803 -0.190767 3.77301 6.95392 -258.893 -6.78578
-6.79309 -4.46633 3.57225 138.726 -187.349 -10.9274
-6.46158 -6.46216 -2.93014 168.473 -170.808 9.06022
-8.09985 0.302799 0.300942 -8.03934 -281.731 -7.14704
-7.69795 -0.807632 -0.458496 20.9468 -241.116 8.64387
-6.30321 -4.45312 -0.2477 158.258 -213.491 -12.851
-7.6081 -0.727828 8.11529 26.9354 -211.323 11.6612
-6.62288 -4.41388 1.69239 124.225 -220.155 10.91
-6.88896 -2.94594 -12.7953 86.7359 -198.47 -11.7652
-6.31837 -4.01704 -1.43419 139.454 -246.878 11.9334
-8.4663 -4.50961 -11.2802 -74.6607 -248.166 -9.13087
-6.73023 -2.35457 8.70323 95.0544 -243.789 1.10635
-9.19513 -1.61729 4.36653 -154.81 -495.307 195.264
-8.53143 -10.8743 9.32428 -91.776 -484.686 29.7067
-7.1201 -0.902307 -8.19427 41.0718 -254.084 0.168626
-6.94255 -1.34338 -0.153922 58.6218 -251.244 11.6057
-8.24342 0.487515 -3.95388 -70.766 -221.189 -0.678881
-5.8393 5.94601 -2.7617 164.387 -63.5978 -61.713
-5.57566 -0.498709 11.199 190.059 -106.549 6.67276
-8.60091 -4.81953 6.8981 -112.547 -395.2 82.9544
-8.29735 4.18915 -8.20721 -91.001 -184.575 -14.3234
-6.84418 -1.98851 -14.5811 51.9244 -195.222 -9.23885
-5.66296 -3.69116 4.83236 165.013 -222.404 -12.9267
-5.38412 -14.1469 -1.20779 188.51 -73.0621 9.47348
-6.53346 -1.80329 -7.94556 72.9718 -231.733 0.17899
-6.91312 -0.781555 4.89653 31.1054 -242.723 12.989
-5.30638 -13.4504 8.44009 189.515 -70.0938 14.5215
-6.53392 -9.11772 -0.746919 64.2069 -112.519 -124.064
-5.27987 -9.12143 5.32019 180.718 -106.321 4.53586
-5.58767 -2.97991 6.22743 146.179 -190.773 -31.7365
-8.53281 9.5572 4.92572 -147.584 -132.492 -0.295652
-5.73407 -2.95861 -3.58843 128.372 -232.715 -15.2286
-5.33523 -14.1218 2.49859 167.88 -54.964 9.87803
-4.67687 -8.62236 1.13361 224.108 -112.86 0.38617
-4.66637 -6.26276 5.52561 220.306 -147.958 -3.55499
-8.36343 10.3323 -2.76709 -152.75 -137.129 -1.02631
-5.15033 -4.35861 -3.77802 165.354 -184.066 5.33304
-7.97883 4.35573 -3.6228 -116.967 -237.839 -17.8132
-4.93356 -5.02801 5.59104 182.129 -168.018 -6.8675
-6.66339 -0.227587 0.120929 9.57775 -264.925 2.86065
-4.14414 -6.61874 -1.13067 259.287 -100.95 13.6299
-4.56002 -14.8159 10.4277 213.232 -79.7444 11.1799
-4.40061 -5.8452 -3.80147 224.232 -163.834 38.2614
-4.94082 -3.23179 -0.553941 170.418 -229.524 -13.8511
-4.36601 -7.91971 -0.819509 227.211 -128.83 9.02066
-6.25351 -0.872088 5.77765 36.5182 -225.877 1.34577
-6.69875 -0.0552803 1.60019 -8.1891 -291.765 -7.28759
-7.53451 12.8151 -2.56426 -93.2798 -84.2434 -84.0787
-4.59117 -6.76881 6.6577 194.431 -130.722 -2.97518
-8.1165 6.79047 0.752421 -156.47 -180.73 15.0723
-4.55811 -6.12738 -5.22906 196.182 -131.831 -4.09562
-8.28172 8.56409 -6.93224 -174.221 -156.803 -1.51687
-6.15111 -1.01063 8.71296 32.4152 -215.777 -12.145
-7.71366 9.67597 -1.5061 -123.451 -188.544 9.11454
-6.53833 0.0365775 6.05448 -7.09277 -250.729 -5.83024
-5.14685 -2.6646 3.6311 127.382 -247.701 4.92504
-5.17629 -2.93248 -4.84336 121.196 -201.497 1.25089
-7.74035 -3.03359 -2.50259 -134.324 -307.409 -45.7901
-7.28632 0.465546 -0.744232 -89.7371 -353.037 146.297
-7.40021 3.03371 -2.14529 -105.027 -251.792 -1.12747
-4.25809 -6.92932 -6.47327 206.271 -120.942 4.02501
-6.85401 3.18346 -4.29952 -53.7953 -130.749 -143.123
-4.98618 -2.69283 6.71464 130.376 -236.181 -14.5091
-5.14612 -2.79031 2.84438 114.133 -206.926 -12.9875
-4.9061 -2.19273 4.95322 137.965 -249.808 -15.5467
-4.42958 -5.77414 4.68906 184.314 -136.203 0.178563
-4.08415 -5.23154 1.80751 216.883 -168.05 -4.32374
-5.56359 -5.22744 3.14301 68.1956 -219.287 -20.6352
-6.32267 0.378177 5.94261 -7.4279 -264.399 -6.18937
-5.02153 -7.35306 -16.2176 121.058 -81.8108 -3.72036
-4.71384 -3.93897 9.75961 149.961 -185.563 1.78754
-3.52924 -4.12797 -5.96503 267.576 -41.564 -55.7175
-5.62868 3.58269 4.23566 58.0393 -70.6024 -148.563
-5.23691 -2.05815 0.968063 96.0885 -246.046 0.401074
-3.79796 -6.40012 -0.492036 234.316 -137.195 5.19831
-6.61272 1.36635 1.00319 -45.5459 -253.919 5.42656
-6.97277 2.01486 1.85784 -81.472 -255.041 0.495375
-4.07873 -8.49471 -3.6878 205.755 -105.73 9.51992
-3.93097 -10.3368 -6.21106 219.908 -84.5853 10.6009
-4.39207 -4.71613 -8.23686 172.588 -159.189 -7.74587
-7.7316 9.07902 -5.86018 -161.955 -145.659 -1.3566
-4.67373 -11.502 -4.38177 140.988 -201.92 -14.0558
-6.4553 -0.234783 9.11932 -40.0032 -39.6456 -117.371
-6.67599 0.518398 6.63804 -62.7153 -243.838 18.2344
-5.92333 -0.211825 1.93819 9.21982 -253.854 2.90796
-6.89303 2.86844 3.41149 -87.4221 -229.289 5.57762
-6.21774 1.63017 7.33387 -25.7248 -246.104 -6.42674
-3.57309 -9.33295 -6.11461 236.204 -46.7994 252.59
-3.7619 -6.4118 0.714921 210.366 -123.252 4.77359
-3.89221 -4.26621 8.03391 195.08 -170.649 -7.09471
-6.53233 9.45458 -6.99719 -67.3381 -195.084 7.19973
-5.92394 0.0987764 10.5775 -6.95819 -247.699 -5.33914
-5.9067 0.02365 -8.96453 -6.50013 -230.025 -6.67668
-4.71105 -2.50967 -6.17434 112.261 -203.453 -13.5922
-3.98612 -14.4469 10.5351 183.952 -274.594 75.9516
-6.3936 1.65605 2.25427 -57.8841 -229.304 -4.02857
-3.47313 -3.73481 -0.333395 223.107 -88.6772 6.74122
-7.51984 7.49731 2.65696 -186.95 -168.528 -0.704046
-3.37087 -8.80736 -2.06868 225.06 -130.536 5.77302
-3.27634 -6.03681 -3.41016 232.51 -116.753 -0.0194206
-3.12767 -6.55037 3.40479 247.148 -117.214 10.4731
-3.84358 -2.45972 -3.52453 172.345 -231.903 -14.2705
-2.9746 -8.01215 -4.12289 255.761 -90.8583 3.4801
-6.88392 3.76162 4.90909 -133.672 -244.011 1.8186
-3.16264 -3.65901 2.14197 233.291 -186.367 -5.86976
-3.79666 -3.13163 9.61902 163.743 -202.358 1.8561
-3.22668 -10.5679 -5.25016 219.255 -67.9812 -9.84672
-3.14746 0.0227511 3.58942 224.642 -133.102 3.99107
-6.50767 0.665568 -1.60984 -110.141 -294.865 -98.9183
-7.07467 5.57165 6.45344 -167.753 -204.028 -3.66634
-4.02376 -2.26587 3.22309 135.179 -224.387 2.18265
-5.8089 13.7453 -1.9672 -42.5596 19.6048 -18.3244
-3.44111 2.79739 -0.879104 191.265 -49.5459 76.4247
-3.33933 -5.29248 7.16535 201.366 -117.888 5.16219
-4.17461 -2.30707 -12.3124 116.481 -205.935 8.9413
-2.75012 -5.40176 -6.1319 252.689 -126.743 -0.243287
-6.7336 13.837 -8.38133 -146.549 -61.7429 -1.69623
-3.20655 -9.09514 -5.43883 201.031 -71.6997 2.53534
-3.59321 -3.10841 -0.0160695 159.92 -195.371 -0.31665
-2.88007 -4.95798 -8.88718 225.291 -127.402 8.19989
-3.43998 1.49132 5.23481 168.465 64.0934 -97.746
-2.79928 -9.42327 -6.55926 231.724 -67.69 9.37739
-3.02221 -8.98093 -4.93466 207.642 -64.2857 -9.32164
-3.24974 -16.6225 0.0903441 182.41 -43.4655 -11.1077
-2.70592 -3.96832 6.76944 235.081 -157.493 -3.70962
-5.71858 -0.3352 4.70781 -65.5572 -217.265 -46.4317
-3.0936 -2.80811 -3.04905 193.926 -190.239 16.2257
-5.98198 2.65521 3.67539 -93.4097 -224.079 -0.492074
-2.46834 -5.11954 -3.14014 255.499 -120.991 10.2143
-3.97092 -0.485375 1.25213 106.087 -176.072 97.9233
-6.53117 6.72753 -9.23099 -148.937 -134.146 -1.59955
-4.12 -1.68779 -2.57478 90.5287 -229.261 -2.29034
-2.39034 -9.48348 -2.43257 261.583 -65.8344 -6.65314
-2.74933 -9.72013 -9.85047 222.899 -65.1738 8.69632
-2.73039 -9.24556 -7.86016 223.629 -69.1813 -10.2703
-3.21375 -2.41598 3.71354 169.196 -236.287 -1.26214
-2.63472 -3.91981 -4.4769 224.281 -247.606 145.826
-2.56889 -8.06224 3.17657 230.473 -67.1989 10.214
-6.46564 7.84027 -9.46363 -158.875 -143.079 -1.67143
-2.71963 -10.895 3.66611 210.626 -66.1297 -19.5803
-6.53867 5.43211 1.42595 -170.124 -215.029 12.5678
-2.71724 -3.3235 -5.23949 207.244 -66.9973 -78.9242
-2.34508 -5.63579 -2.7688 241.233 -91.0038 10.9298
-2.09061 -5.07916 1.27934 265.766 -101.453 13.6034
-5.12113 0.828521 -6.55133 -37.2691 -237.353 -15.189
-2.36119 -4.45705 3.28057 233.534 -119.425 11.4788
-4.56171 -0.0641271 -6.26536 10.3667 -280.42 2.44281
-5.80181 2.80312 -4.45956 -112.983 -248.665 -105.879
-2.80159 -12.7808 -7.3735 184.154 -39.2227 -3.37923
-4.08717 -0.82377 -8.00789 55.0172 -234.813 10.1286
-2.43547 -12.0148 0.0595372 214.435 -45.3939 -3.14224
-2.31351 -5.81776 -2.48923 225.831 -64.1497 -40.0331
-5.03594 0.968502 -4.70761 -44.6294 -284.878 -17.9412
-2.11361 -3.48141 0.788152 245.592 -143.403 5.56402
-2.58034 -2.67179 3.10444 198.695 -178.26 32.4496
-5.9324 4.32495 -3.78093 -135.991 -190.639 5.80019
-5.63575 -1.30592 -1.00533 -107.723 -292.748 -17.3132
-3.08338 8.78432 -5.99814 144.328 14.5719 36.6645
-3.48398 -1.46128 6.12312 104.506 -222.664 -5.07302
-2.43199 -2.72785 5.73327 208.442 -168.601 -11.9243
-1.87838 -6.35395 -1.30431 260.999 -75.8182 11.1141
-6.36208 6.06549 -4.11989 -185.838 -196.357 2.96037
-5.21987 1.69495 6.82033 -72.8808 -228.317 0.477614
-5.55303 3.0367 -2.70073 -107.281 -218.562 -16.3054
-1.7718 -6.14828 1.60713 266.451 -77.367 11.6147
-1.57779 -4.94775 0.44557 285.31 -82.6849 12.3188
-2.15971 -10.1808 5.3538 225.115 -101.076 16.9258
-5.54206 10.6521 4.53465 -112.498 -170.954 24.4681
-2.41451 -13.7011 3.96935 197.639 -42.0822 -2.53797
-3.69425 -0.586735 0.173771 66.9052 -286.823 -3.72483
-1.87742 -9.08221 -0.305628 244.133 -51.2431 -3.61042
-6.16258 9.19433 -2.52603 -182.096 -135.087 4.23352
-5.80713 4.31273 8.18422 -148.219 -208.156 -10.9181
-6.29899 2.37584 -7.09367 -197.769 -125.595 -6.49378
-3.90838 0.0106762 -1.83781 37.6048 -215.504 93.3183
-3.55838 -10.8302 -17.8393 64.4806 -25.5994 1.653
-5.96758 8.85557 4.24018 -176.148 -128.483 10.7496
-5.71226 8.30824 -10.9776 -151.569 -110.453 7.90747
-3.30625 0.104399 -4.26749 86.1717 -220.275 0.161374
-1.52644 -6.18912 -0.248259 262.64 -54.7904 -3.87608
-5.90596 8.49017 9.50411 -175.012 -118.857 -37.083
-1.47431 -2.35805 -1.31275 262.057 -152.851 5.73828
-2.22125 -14.1406 0.336523 187.537 -27.696 7.77404
-2.10145 -7.28807 12.9198 195.235 -56.9646 9.58855
-1.54204 -5.43601 -6.55287 249.565 -72.4314 10.1404
-1.75924 -1.79997 3.26397 226.631 -197.739 -8.78768
-3.15399 2.13086 -10.7966 86.0221 -251.693 5.92426
-3.1646 -1.2266 -4.88166 84.1897 -288.89 -84.1149
-1.30637 -4.21253 6.67889 268.128 -77.6607 12.1493
-4.25834 0.60926 -4.68104 -29.6584 -286.488 -8.68081
-5.69367 5.35543 0.12982 -174.418 -181.508 -2.68463
-1.34641 -6.32704 -7.24497 257.098 -53.6559 -4.43513
-3.03964 -0.789851 1.33086 87.4023 -276.054 1.20213
-1.71652 -6.47317 -5.75652 218.779 -63.6624 8.88985
-2.75643 -18.6724 3.95582 115.359 -11.9304 1.43093
-2.06986 -4.10634 15.2743 180.625 -92.4395 10.0454
-6.1482 4.06361 -0.678662 -226.213 -155.654 -2.8922
-1.95262 -2.48232 -4.13014 185.999 -251.629 -106.577
-1.24218 -2.20005 -4.28518 255.328 -127.698 -0.0710676
-1.3132 -3.2103 -1.80153 248.017 -79.3931 14.0559
-1.35594 -5.98832 -2.63282 242.569 -59.2873 -1.96501
-1.06072 -7.06411 2.73626 266.16 -27.8382 -1.09168
-4.17327 0.189535 2.42892 -45.971 -258.53 5.73887
-4.57407 1.86031 6.92934 -86.2449 -263.336 -8.75117
-5.58194 7.86111 -7.52193 -189.071 -125.198 43.3255
-3.82629 0.528469 1.5011 -14.8596 -255.724 9.30759
-5.43771 7.19919 -2.52684 -179.82 -138.903 1.44396
-1.35059 -10.628 -1.97924 224.99 -23.9628 -1.316
-5.50617 5.34998 2.29287 -188.276 -199.097 3.59281
-1.59908 -13.2493 3.19237 199.417 -18.8559 2.13713
-0.81128 -5.06195 0.389942 276.269 -40.8204 -33.1307
-1.4724 -8.36357 9.98069 210.463 -32.6066 2.88187
-3.01161 -0.598307 -8.91592 57.5326 -245.035 10.5194
-5.29924 14.4408 -7.12593 -170.123 -63.0382 -1.19066
-1.15131 -4.24553 7.98762 241.682 -70.0413 11.1311
-0.951173 -4.98471 -4.38803 258.285 18.9146 -28.5251
-1.01796 -5.35334 1.68878 248.968 -51.883 -3.49756
-5.88198 1.30289 5.12588 -237.99 -85.8183 -29.2423
-0.716912 -5.19683 -7.54481 274.166 -24.7199 1.84437
-1.2334 -2.42539 -6.01087 222.806 -113.723 10.1102
-3.49329 0.141117 4.12388 -2.71466 -259.634 5.91814
-4.57954 0.907869 -6.41374 -111.037 -202.26 0.83613
-1.31628 -7.84414 11.0216 212.165 -27.9516 -7.03032
-5.24655 7.77191 -10.9995 -182.066 -126.145 -34.2216
-1.06068 -4.4141 -4.54706 232.34 122.867 -2.19172
-0.598742 -6.19527 -0.480289 275.46 -24.9248 2.50301
-1.48364 -1.30492 -5.21984 187.344 -188.877 9.8667
-2.56012 -0.377551 2.05734 78.7906 -256.402 42.1252
-0.905112 -10.0506 0.2724 243.142 48.4831 -1.63494
-2.1028 -1.05113 5.81581 124.17 -224.364 -13.8435
-0.73057 -4.86828 -1.32664 259.917 34.0409 8.21723
-0.284791 -1.79634 -1.48238 304.132 -27.0542 2.67605
-4.89374 3.6856 5.84467 -154.363 -217.009 -11.6244
-2.99196 -7.7259 0.515264 33.6745 -314.529 1.5072
-0.687121 -3.54888 1.76857 260.943 -99.4457 10.677
-0.485877 -7.05948 -0.647838 280.56 -25.4538 2.53472
-0.942702 -1.0619 2.40096 234.458 -172.367 -0.0985508
-5.08299 6.28143 -5.37237 -181.118 -163.544 -1.41063
-2.42992 -0.573037 -9.8073 81.6574 -257.777 0.110926
-1.16787 -2.36702 2.56607 206.676 -134.337 -24.3392
-3.28799 0.297028 -3.03341 -7.974 -296.218 -7.82118
-5.21996 -4.88738 -9.77512 -201.516 -295.192 -77.4649
-3.88758 -8.05042 9.98099 -71.5952 -140.659 -75.1511
-1.04862 -1.20427 -0.643966 210.255 -158.528 33.1862
-0.423685 -4.57254 8.15095 271.878 -24.458 3.25996
-5.1412 15.1154 -4.72271 -201.72 -118.022 21.7928
-0.285783 -5.52017 1.00624 280.397 1.65978 -77.6885
-4.72621 4.57417 3.3321 -162.572 -169.275 -2.20914
-1.04729 -13.6466 1.10156 202.077 -15.4223 5.99616
-4.78003 4.93985 -6.01844 -169.952 -176.959 -3.17956
-0.540574 -7.75217 5.82124 251.05 -9.6347 18.2295
-0.590634 -3.88009 -1.93797 246.047 -22.1124 2.09764
-0.384421 -5.46056 -5.05744 264.143 -23.8552 1.97915
-0.989562 -8.87228 9.19683 201.467 -18.6314 2.70528
-3.70556 1.04704 2.57627 -69.1654 -275.522 -4.85108
-4.92498 5.07797 4.05113 -193.002 -174.463 -0.608391
-0.936713 -1.04899 -6.84239 201.079 -155.255 -4.78315
-1.87575 -0.668168 -3.59143 104.851 -264.746 -2.70249
-2.63707 -0.0348241 2.59388 26.3109 -295.617 10.9093
-0.00881639 -6.90838 1.0665 286.177 6.43043 5.37515
-0.0225342 -0.728713 1.38106 282.308 43.8718 -9.99394
-0.283657 -4.45181 8.96973 255.842 -41.2747 -35.6285
-0.0752188 3.89133 4.46924 276.511 -40.0168 6.95071
-3.25514 0.561808 2.08661 -44.2826 -248.589 5.41228
-0.126399 -2.36203 6.87116 265.646 11.8072 -6.39589
-3.28476 8.35743 8.34645 -48.6756 -142.9 95.8552
0.0301339 -4.80966 -0.35926 279.223 12.197 -7.41651
-3.24656 0.660883 0.847438 -46.5408 -298.295 -18.2554
-0.699192 -9.99138 8.93343 204.423 -15.2498 6.78067
-0.287586 -8.23054 -2.46479 241.816 -17.7073 6.8264
-0.573186 -0.479178 -5.67247 212.071 -184.84 -9.01817
-0.548042 -8.8502 3.59862 213.518 -91.0295 0.971468
-0.242807 -7.26357 0.0408483 243.196 1.60168 -0.33579
-4.21408 3.61414 -11.9555 -151.504 -161.65 -6.25558
-0.0374545 -7.32843 -2.38408 260.435 7.07483 29.8777
-0.36351 -0.458362 8.63598 225.518 -114.884 11.577
-2.47888 0.0199263 4.30955 10.8643 -288.392 3.49682
-2.60833 0.157631 -5.32086 -2.80067 -277.742 5.43988
-4.63623 5.57369 1.91684 -207.533 -183.529 4.07946
-4.39733 5.79573 1.74648 -184.206 -142.518 1.87705
0.0343244 -7.15186 0.839414 253.44 5.60009 4.75057
-4.21997 5.78684 -11.4369 -172.28 -140.558 -4.38851
-3.64752 1.81073 2.05299 -115.455 -261.054 -6.3571
-0.425028 -4.84813 -14.1575 197.567 -17.9137 0.53059
-2.7714 0.648793 1.83491 -39.2298 -251.407 -15.2838
0.447705 -8.16594 12.6381 279.281 -207.792 111.568
0.243729 -4.68511 0.676313 255.834 20.1846 -1.38334
-4.29716 8.66421 -3.55882 -195.609 -107.547 3.56061
0.259918 -7.1548 0.755836 255.451 18.1655 -12.7999
-3.98357 16.867 -1.29608 -167.049 -41.8049 0.922957
0.0244188 -9.30248 -6.97188 229.4 4.8099 3.5921
0.115317 -2.27323 -5.90685 238.367 30.4467 4.95856
-3.36709 2.23331 7.80029 -108.391 -201.084 -2.76533
-1.58561 -7.43907 1.17371 66.8618 34.855 164.351
0.295868 0.837004 3.05454 252.513 1.38467 49.7877
-4.31262 7.53237 -0.81211 -209.052 -115.111 4.07968
-1.27198 9.4043 6.83757 91.7288 24.2843 -32.7555
-0.976638 -0.358609 -4.25756 120.381 -217.283 -14.3159
-3.79629 11.4599 11.7722 -160.633 -68.1575 0.0575373
-0.704939 0.84726 -8.39699 146.293 -258.719 53.5586
-2.63306 1.11537 3.22005 -46.0644 -258.214 5.64438
0.0798212 -9.01359 -8.44147 221.823 4.38243 -7.3321
0.385632 -6.24225 7.07351 249.497 19.5304 -0.761784
-4.18521 10.223 -4.9386 -205.243 -87.5169 -1.75612
-2.86423 1.10492 -2.86631 -74.3153 -233.578 -0.412575
0.603633 -8.64166 4.33198 268.23 -4.72228 27.6527
-0.108516 -12.796 5.45701 195.434 0.821096 6.35802
-0.194459 -13.9232 5.42823 185.506 0.616764 6.05804
0.344993 -1.64831 0.16739 237.564 123.04 -1.48476
0.314549 -4.2339 2.05785 233.652 115.411 -5.61339
-1.07143 6.04505 3.91573 93.6382 -211.366 7.24711
-4.10094 11.7212 1.93447 -209.994 -78.4555 -0.488004
0.696485 -2.0115 7.85292 263.848 103.625 -2.88729
-4.12562 8.23762 6.70875 -217.861 -93.1492 -0.770118
-3.98887 7.27701 -6.00781 -205.05 -130.708 -6.92403
0.387544 -1.26073 -1.05307 229.616 90.2331 -3.23506
-3.35311 2.62518 1.62669 -142.967 -201.212 -11.1214
-4.07579 8.82549 -4.93997 -216.811 -92.6439 -1.82994
0.483133 -7.53996 7.21619 235.139 18.2539 -0.667552
-3.30118 2.36531 1.75221 -142.46 -200.256 6.6423
-0.982296 -5.70773 -3.58334 86.7581 -259.332 -22.715
-4.17625 7.56257 -1.58259 -232.992 -148.606 -7.38849
-3.79463 3.72186 -2.45846 -195.303 -206.882 3.28723
0.669263 -7.98841 8.39412 245.961 30.8936 6.4419
-3.94927 9.53051 0.883846 -215.689 -80.8224 -0.602309
0.164496 -13.9481 1.865 191.464 3.21773 -5.49054
-2.96546 1.99137 8.79239 -119.864 -222.542 -3.04504
0.466157 -10.3777 -5.17399 217.206 18.0943 0.0979834
-2.89776 1.75093 1.24476 -119.363 -218.584 1.33961
-2.57583 4.53984 5.56802 -89.9417 -256.76 22.4899
0.686062 -6.28009 -6.66645 233.958 21.2107 -8.59557
-3.15804 2.69918 -5.71005 -149.54 -189.503 10.427
0.601689 -11.2641 -1.3431 220.654 15.223 -11.2373
1.04326 -5.94824 -4.27114 263.866 42.0219 3.259
0.325829 -0.648484 -6.84515 191.598 140.681 3.40928
0.979499 -2.74874 4.54177 254.381 99.8214 -3.06066
0.0788267 -17.4152 2.35517 161.982 -3.25841 -47.9966
0.52501 -12.2171 5.40832 204.416 13.9398 -9.80139
-3.90921 -1.1571 4.3987 -237.116 24.9542 -37.2811
1.16896 -3.95683 -0.782942 256.395 96.7746 3.16297
1.04849 -3.05934 -4.11113 241.741 94.8163 -3.67997
0.694823 -7.60481 -9.69833 205.207 25.6871 3.84516
-3.59608 6.94621 5.65166 -221.337 -55.4375 -3.98224
1.05672 -9.29563 -4.04653 237.474 30.8251 7.96953
1.29615 -2.88196 5.36523 260.319 34.6335 10.3109
-0.716479 -0.0674415 9.95483 60.3717 -256.128 12.7626
-1.59117 0.176679 7.27748 -26.6384 -259.352 -6.80331
-1.37513 0.105252 -0.6847 -7.19333 -272.856 -7.01083
0.944132 4.27241 5.99864 212.144 -83.4925 12.0499
-3.38429 4.60044 1.27269 -218.391 -188.994 4.563
1.02679 -4.7009 7.72668 219.257 54.0997 -0.820893
-3.43564 8.19406 -0.349714 -224.444 -96.0226 -1.45864
-3.1037 2.92207 -1.80315 -192.755 -201.17 -3.14962
1.24614 -0.194374 -4.89726 234.909 -6.20242 -117.346
1.54175 -5.49502 1.38834 263.818 70.8204 -2.30292
1.3895 -3.55011 6.72045 242.603 95.0985 -2.69967
-2.73658 2.67037 10.9271 -167.507 -177.536 4.0137
-0.869682 0.0038683 1.08396 17.4622 -255.795 13.6363
-1.79375 4.25117 -16.9787 -79.5084 -232.015 26.9051
0.966392 -11.2443 9.23924 194.575 16.0262 1.35786
1.39243 -0.861896 3.19791 236.239 127.797 -2.57091
-2.9997 4.94105 -1.15136 -200.427 -129.034 -2.12251
-2.48334 2.47568 -14.2836 -149.632 -158.579 1.38396
0.885401 -5.07206 2.48414 184.464 148.47 27.8549
-3.47554 8.61348 -0.849992 -250.158 -94.0001 -0.870553
-3.16154 5.68661 5.43242 -219.854 -140.405 -6.34001
1.38382 -7.12195 -10.3236 226.072 35.8104 2.18146
1.44783 -5.45018 -6.51342 232.148 64.9485 6.56235
-2.91767 4.09393 -1.6053 -209.315 -162.321 1.80604
1.59152 -4.84346 2.25025 238.335 162.154 16.3975
1.43453 -3.40056 -7.19544 221.839 96.1509 -0.0973979
2.39199 -5.41123 1.68308 314.329 192.665 207.383
1.51559 -12.378 -11.2403 225.365 310.76 92.5748
-3.12543 6.84258 -7.54799 -236.774 -101.483 -2.19634
0.644798 7.04443 -8.04679 137.57 500.38 -131.737
-1.82818 2.94944 -7.48113 -110.856 -203.892 0.156797
1.41273 -12.892 4.16054 209.818 25.7875 5.21883
1.25567 2.66337 1.70583 193.766 132.441 -37.6993
1.80872 -5.51459 6.48113 247.788 96.9439 -2.79193
-3.12742 14.2048 -1.46719 -242.966 -17.071 4.62666
-2.80582 5.49682 1.60557 -211.504 -116.735 4.35259
0.530627 -0.631882 -2.57045 116.725 288.382 54.5256
1.54841 -3.86063 -13.3808 217.625 85.2346 -4.19833
1.02844 -3.02606 -4.76965 158.525 163.634 16.1413
-2.77043 3.14269 -2.81056 -221.796 -200.979 -1.38405
1.80375 -3.88534 6.71236 231.025 117.614 11.0296
0.836641 10.7553 -3.29601 127.228 7.17264 -43.1076
1.14824 -6.33237 17.1244 158.105 166.38 -6.29639
1.69996 -5.36251 7.95418 212.878 80.1339 3.41303
-2.61866 7.27825 1.69169 -216.838 -387.092 226.632
-2.74848 5.49875 0.369882 -233.266 -128.815 4.6728
1.39938 -17.7558 -6.69119 177.522 73.6715 -5.43743
0.850087 2.92368 -3.5611 121.314 211.557 -0.784099
1.31483 -14.3535 1.32445 164.741 16.2586 -85.2794
-2.02892 2.20078 3.41451 -168.472 -175.925 -2.29691
-1.66148 2.18934 16.6593 -132.114 -119.684 0.854073
1.4898 -5.17689 0.130213 180.822 151.946 -92.5433
1.46453 -14.348 9.80705 177.412 14.2329 1.36455
1.68182 -3.09351 -8.57704 198.771 132.088 -0.245239
1.40357 -1.17845 2.63492 168.736 229.488 -6.31904
-1.7442 1.35967 -1.94922 -144.186 -203.258 -11.5567
1.46361 -15.8685 -2.17186 172.43 25.2993 -7.30608
-2.41215 15.6683 0.233303 -212.913 -238.028 65.02
2.03037 -4.96991 1.04145 228.314 104.029 -7.04252
2.47235 -8.67392 0.594199 270.542 72.3253 -2.43682
-2.55772 11.1297 0.593753 -230.505 -58.8668 1.49333
1.94414 -2.58174 0.773702 215.836 176.553 11.819
2.43211 -1.26531 -3.47672 263.636 -98.4361 12.5089
0.4355 -8.97991 1.47724 64.0333 -61.9684 -80.6588
1.57005 -1.7623 -2.42031 175.795 178.303 -7.00024
0.0341089 -3.41122 -1.74026 23.0468 -250.603 5.99842
2.41851 -8.39962 3.83715 258.008 82.1761 30.1416
2.37483 -8.49709 -4.53647 248.786 66.4589 -2.70612
2.02826 -11.7878 6.35846 208.116 32.4761 3.45947
-1.082 0.594458 6.06901 -102.717 -236.637 8.55455
-1.95307 13.5781 -1.98144 -189.885 -29.4815 3.46886
-1.80492 1.58413 1.52698 -175.705 -199.885 23.8896
-2.03885 -1.3257 -1.96149 -199.733 32.5119 -81.8277
2.12202 -3.5356 -6.957 213.497 139.725 -5.54678
1.62861 -6.09561 -0.283957 164.372 67.5076 -171.064
-2.24219 6.52698 7.26203 -220.346 -82.9231 -0.0336354
-1.66676 2.94886 -14.0238 -168.423 -93.1164 2.06607
1.54482 -8.91232 15.5849 148.894 30.6004 3.41535
2.38985 -7.56504 -7.1902 229.556 86.2296 2.23622
-2.2485 3.63426 1.32434 -231.802 -149.495 -2.21274
1.78746 -14.5842 8.83773 164.619 20.6101 6.58711
-2.76586 0.645511 0.329747 -288.805 -228.829 108.173
-2.17971 3.53451 -2.4008 -232.617 -153.198 -5.15377
2.18386 -2.89337 -1.14177 198.635 162.407 10.7054
0.165424 -2.78321 -4.5168 -2.11612 -263.05 16.5153
-2.14565 5.25809 1.51459 -234.608 -88.4539 -0.605115
2.14527 -3.55272 -9.8604 190.557 132.255 -12.9032
2.36992 -6.8878 7.10096 211.511 82.5214 -2.23853
2.26842 -7.62111 -7.90348 199.693 74.91 1.79414
-1.76497 9.33191 -11.7633 -206.449 -35.5618 -11.096
2.4504 -10.3115 4.36661 207.863 90.7959 2.75334
1.33586 -9.07134 17.9641 94.5383 13.8644 -1.74
-2.05154 5.43725 -2.06633 -244.395 -92.1539 -0.96404
-1.54221 12.9083 3.25342 -194.785 -12.7573 3.25054
2.69376 -9.40162 -5.96547 224.881 69.3015 -8.714
0.653147 6.14625 0.0504823 22.0239 212.799 6.64503
-1.76053 6.3208 -6.02708 -220.054 -56.6082 0.82232
-1.55249 0.972587 0.742847 -201.749 -223.075 -1.75531
0.910526 -0.311214 5.30876 41.2209 263.441 -6.72734
-1.65027 3.458 11.4963 -215.733 -119.327 5.34442
2.49086 -10.4914 -10.5678 195.261 47.5658 -2.32755
1.73611 -4.33783 2.7929 119.911 249.527 3.35114
-1.94672 5.99674 1.52834 -247.999 -80.1165 -1.27676
-1.57417 12.4012 -1.44995 -211.053 -13.9685 3.06666
-0.947731 10.9651 1.44474 -150.978 -109.58 54.2268
-1.61279 8.6261 -7.64307 -217.962 -55.8565 0.661381
2.41193 -6.36573 8.51219 180.757 184.324 2.06668
-1.33788 1.97463 -9.71891 -193.801 -144.791 -2.23186
2.3521 -1.90637 1.69968 170.065 701.948 -530.407
2.90654 -6.93867 7.43114 224.299 101.973 -6.32941
2.57452 -3.19171 -10.0704 191.185 156.242 9.48015
-1.28724 9.59525 13.8831 -192.749 -12.9164 4.19318
3.17152 4.20472 -2.09472 242.242 80.8182 16.2215
-1.67784 11.2134 -1.5298 -243.291 -142.484 -23.3054
-1.60471 5.26976 2.86589 -238.2 -17.2093 2.3564
1.95636 -1.92871 -0.332664 114.954 207.52 74.724
3.14563 -4.48261 5.55093 231.904 168.746 -14.4365
3.09222 -19.0007 -6.95466 223.51 212.29 19.2682
2.9016 -3.67522 4.63534 203.56 166.318 11.499
2.89095 -1.70832 7.94915 202.432 216.349 23.6483
1.1832 -0.184413 -0.571558 31.7959 273.916 8.41113
0.763111 -0.0847984 -1.28549 -12.5675 258.458 8.68779
-1.70686 3.888 6.17 -258.808 -111.323 -1.08149
2.92506 -3.86197 2.71144 200.954 164.163 11.1808
1.93039 -11.7269 -2.04914 101.35 134.886 33.0849
2.25833 -8.71825 -1.49931 133.725 184.62 78.0366
-1.51715 3.97328 0.449548 -243.26 -78.7311 -37.2816
3.00654 -3.36398 4.21849 205.6 208.304 -7.53756
0.976532 -0.00063209 0 0.0894045 1.38082 0
0.154936 -6.11376 5.55782 -83.6239 113.936 120.494
-1.06841 1.51063 -2.66784 -211.798 -197.206 2.1215
-1.11345 7.63527 -10.0444 -222.298 -15.2131 2.45103
3.08594 -15.0056 1.06754 192.286 39.1772 2.66441
2.54634 -1.61497 -2.59442 138.307 239.898 10.6665
-1.44518 9.1851 8.04087 -260.214 -62.6426 6.50645
3.24436 -4.4421 -0.777611 204.645 199.99 -28.8153
-1.41485 7.42688 -4.80654 -262.885 -45.7045 -13.2016
-1.26584 2.51109 -7.35684 -250.7 -138.839 4.3152
2.87741 -3.56365 4.06687 157.146 238.695 -25.2946
-0.449419 2.04308 -17.3668 -173.773 -44.995 -0.504322
-1.38493 4.24629 2.24477 -267.355 -100.997 -0.64239
3.05727 -3.05603 5.9207 171.364 173.543 -6.06032
-0.694896 1.02307 -3.11973 -201.579 -187.756 1.96631
3.75676 -7.03738 -1.24066 239.375 124.042 1.50714
3.57442 -1.09609 -7.72432 220.859 181.802 -68.3444
-1.16508 4.35427 -2.79204 -250.167 -89.3886 37.566
2.01537 -0.898195 -4.58799 61.3361 263.659 -118.159
3.43527 -13.5172 -4.67005 200.225 40.9834 2.24482
-1.17834 -0.537568 -2.25934 -260.737 106.677 43.3793
1.18694 -0.0644715 -4.58821 -28.8449 270.006 -1.3323
-1.00253 4.80615 3.24457 -247.95 -64.0198 1.84593
-0.58817 5.89187 -5.76219 -209.868 -36.911 -113.562
3.59319 -12.3402 -1.71754 203.721 53.887 -2.0317
-0.723993 1.52948 3.78259 -225.547 -124.997 4.83527
3.56815 -12.7447 -4.83752 200.494 52.9775 -2.28762
-0.514108 14.7866 3.72852 -205.752 -13.4018 -1.23504
3.13702 -16.9077 6.52677 156.913 23.7278 2.76492
-0.640212 1.73672 11.2416 -219.468 -94.5761 -0.367382
1.11202 1.73551 -11.308 -48.1831 235.361 3.19812
-0.724855 2.00796 5.92164 -230.648 206.868 -47.178
-0.79149 1.33999 0.437467 -237.558 -152.305 -7.35538
-0.701679 11.2267 -2.03778 -229.3 -15.3885 3.29086
2.80889 -4.89476 -3.88732 119.012 238.585 -1.84571
-1.01335 6.83722 6.11171 -263.634 -68.5978 0.775183
-0.872362 2.67349 -4.3201 -250.534 -107.895 -1.98971
-1.12924 2.56183 -1.75486 -276.373 -104.441 -0.756276
-0.685685 10.3169 -2.28968 -232.866 -15.7272 3.3219
3.66087 -7.86691 -8.95938 197.84 85.2116 -0.320174
-0.965335 2.80799 -3.1901 -263.027 -64.6585 -0.188884
2.23793 3.67764 -0.5286 54.1375 281.677 7.4215
-1.01386 4.02135 6.31318 -270.9 -70.0598 2.27028
-0.765779 1.55898 -0.132484 -247.419 -158.616 -7.71472
-0.577087 3.31304 -11.355 -228.898 -40.0949 -12.1542
3.45788 -15.4099 -0.0843679 171.659 25.3185 -5.25342
3.125 -2.60132 -1.80999 134.349 172.209 -97.1826
4.10026 -0.220468 0.789161 229.444 452.843 -35.1213
-0.548323 5.33642 12.0975 -233.874 -34.2168 -2.26981
-0.810943 10.7025 1.11709 -261.728 114.74 -32.1713
-0.491266 2.46541 -10.0753 -233.19 -79.0787 -5.41673
-0.755112 6.54791 -5.71114 -259.796 -322.942 88.0159
3.14401 -1.43105 1.89472 126.91 273.086 -4.45973
3.90007 -12.5177 4.15421 197.877 104.051 -3.86804
3.85175 -5.34967 -0.10256 191.732 141.275 -5.14131
-0.397756 5.85154 -8.05861 -233.415 60.5224 16.8263
-0.533176 2.52692 -3.20533 -248.233 -84.1887 -5.07767
-0.303368 5.41769 6.41334 -226.091 -58.856 2.37359
1.66685 -0.0290991 -6.86832 -30.553 286.349 -1.59626
4.06328 -9.47144 3.00017 205.107 76.7303 2.85866
4.48184 4.70816 -6.80185 244.153 555.596 -86.4613
-0.859271 4.0911 5.39673 -288.236 -18.7568 3.64504
-0.481604 1.35739 8.66456 -251.56 83.488 -31.4544
0.17047 1.26508 14.1857 -187.938 12.3958 0.657939
3.9057 -1.6444 1.48108 181.477 189.303 -0.795461
2.98017 -1.49884 -13.0133 87.9953 181.265 -7.48807
4.29555 -1.01792 0.128275 213.171 34.4535 69.9146
-0.611705 3.02858 -2.81186 -275.857 -71.4494 1.46605
0.368394 16.4545 1.85544 -179.184 -11.3279 2.88854
-0.265072 4.7849 0.915007 -245.464 -63.7863 -0.134402
4.34519 -6.43462 4.67536 211.549 154.538 4.87659
3.96542 4.39623 -1.86987 173.332 -43.4264 -105.445
2.87803 -0.408222 6.46942 65.1367 182.57 148.755
-0.271995 5.44725 -0.297364 -249.702 -17.3815 3.76029
-0.252469 4.98231 3.59269 -251.676 -17.5953 -1.59959
0.078762 11.1375 0.731684 -220.921 -14.8017 3.41839
4.23964 -11.9523 -2.96251 188.46 286.316 -19.5681
4.27249 -4.94937 -1.77131 191.046 184.766 -3.67942
-0.263542 -0.746053 -3.93385 -261.671 -70.3242 6.9526
3.55555 -5.94385 -5.35735 114.863 164.147 -54.7819
3.45762 -10.0127 4.30663 104.313 525.805 -73.4661
3.50253 -1.56112 3.38142 108.688 249.658 -13.9196
-0.378646 6.39696 4.26973 -279.992 -19.4629 4.63774
4.46756 -5.25478 4.82956 198.614 187.103 -0.277141
-0.0636415 2.95255 0.150317 -254.268 7.5351 -24.9205
-0.124925 1.27944 0.833619 -261.415 -67.8653 1.70984
4.22502 0.794319 -2.55521 167.998 173.318 -0.476691
3.03411 -0.677413 -2.33206 46.7918 297.842 -8.36962
1.56993 0.761472 3.69458 -99.6511 235.763 5.63438
4.68616 -8.49491 -9.11189 209.39 80.0013 -124.888
-0.0599717 2.12152 3.96423 -262.137 -18.6089 -1.64588
-0.0381869 7.32969 6.11081 -261.482 -7.35193 -6.71089
0.273083 4.79857 7.14381 -231.117 15.541 -0.134019
-0.154443 5.23106 1.95599 -273.673 -19.151 -1.91807
0.0199546 9.29175 -7.27882 -257.968 -113.777 13.2649
0.585208 0.664985 8.16039 -204.683 136.079 -2.42183
-0.165598 12.3281 2.04413 -281.014 -147.634 -41.8388
0.307608 5.47882 5.90364 -234.009 2.63706 8.47427
0.251646 6.88074 5.55466 -240.048 -16.5622 4.15032
0.282227 2.77761 8.5365 -239.239 15.8867 -0.0342097
4.56159 -8.43132 5.0417 183.872 114.613 -1.23047
4.54926 -5.57279 4.453 181.108 147.615 10.251
4.77266 -10.9271 -4.09271 202.841 27.7938 98.1928
0.334704 6.21783 -4.216 -238.133 16.1297 -1.19799
0.0860677 4.48573 -4.85669 -263.191 -18.4378 3.54798
3.27953 -0.936402 10.3204 50.9199 213.897 -1.24421
4.96029 5.70612 0.0111721 210.356 35.6097 -30.4619
0.506202 2.37073 -7.73149 -232.653 42.6497 -2.00753
0.671815 9.55413 4.94766 -216.659 15.0342 -0.285915
2.29057 0.466113 4.08973 -55.9207 273.691 5.33483
0.00767562 6.1851 1.94383 -285.432 -19.8744 4.50786
4.8204 -5.21882 3.69799 190.945 196.982 2.98089
0.362876 1.52195 6.16084 -254.18 46.495 -0.855798
4.24854 -14.4711 -3.26265 129.72 514.867 34.7756
0.746029 8.00251 5.81697 -219.06 212.358 54.1857
0.247168 4.26705 -2.62247 -268.621 -18.8478 3.83513
0.342254 3.98711 -1.78063 -260.673 14.0631 -1.95064
0.658509 6.45272 -12.3933 -230.316 12.6953 -2.7143
0.61434 0.650975 -0.336706 -236.855 -130.975 2.72246
0.623347 3.56455 -1.52587 -240.639 73.4747 14.0174
3.94859 7.32283 -0.0567493 88.7405 -46.7576 70.7249
4.9698 -4.76916 5.04182 190.069 208.343 -6.53943
4.72023 -4.42659 8.70041 164.844 180.625 -5.27396
0.491152 1.16881 0.616926 -256.38 77.7281 10.0055
0.245398 0.801096 4.64819 -281.085 38.9708 3.50214
4.3944 -3.33852 -8.33623 130.92 183.269 -7.76124
3.8767 -1.51288 -9.58448 76.8485 221.428 -7.12078
0.870052 1.216 -3.99605 -223.288 129.723 -6.44932
2.91301 -10.973 -0.213203 -24.9259 475.723 30.3763
0.283112 0.299929 -1.87375 -289.198 -19.0973 -32.0899
3.34813 -0.0709122 -2.80215 14.8303 252.82 -5.97865
0.890873 9.68596 -1.00457 -229.639 12.9569 -1.66713
0.522886 3.99604 2.47824 -274.673 18.3148 -0.709744
5.10755 -6.57053 -7.18273 175.586 142.955 8.88214
0.561559 8.13161 1.51812 -278.457 18.9408 -0.810559
5.08169 -4.73021 -1.16367 169.281 185.447 -6.33965
0.809211 2.84192 3.59015 -255.984 68.9419 26.5358
3.89247 -0.899317 1.91322 47.4362 257.828 4.95782
0.933677 2.93209 -5.10484 -247.054 64.5763 -14.1909
1.27523 7.23206 4.71122 -213.523 107.476 -15.2917
1.53842 14.7549 19.0701 -189.798 101.537 -1.44656
1.36536 -0.807726 6.12461 -207.235 56.9029 22.1468
0.940343 3.07424 4.88172 -250.157 95.4838 -26.4296
4.91817 -2.67733 4.37916 141.232 244.508 11.5188
2.38835 1.0763 0.449489 -112.452 244.516 7.81626
4.61694 -2.26755 -3.9592 107.404 221.021 -8.04156
0.919418 4.21164 -6.39974 -260.575 47.9168 -2.04176
1.44979 8.13192 12.6064 -209.57 38.9837 -0.0170811
2.31799 1.84215 -3.10666 -124.165 213.549 6.84428
1.15191 7.63835 3.1637 -240.307 33.9658 2.92085
5.79177 -2.56991 15.6762 220.377 162.196 93.9056
3.84501 -3.35939 7.05727 26.1821 227.228 8.53367
1.19345 6.56914 0.77744 -238.887 44.1823 -1.26367
5.23862 -1.56501 -11.2069 162.926 126.642 38.1749
5.47163 -10.9002 -1.34583 184.966 91.7678 -1.16211
5.5967 -7.01446 -6.22996 197.249 160.636 10.147
5.26246 -3.87238 -0.643623 161.846 226.606 -8.71087
1.05899 1.71429 0.520174 -256.147 138.133 -1.55794
1.42536 2.01163 0.849626 -221.797 147.058 5.42384
1.22241 10.7808 3.12212 -242.93 34.6173 2.94581
1.07794 6.08973 6.98349 -257.967 47.6157 -0.801997
5.06013 -3.95684 4.98921 137.466 185.045 -12.5167
3.82541 -0.383972 -4.54284 10.7498 261.221 -10.478
4.28144 2.20345 -0.089455 52.797 286.948 6.47966
5.00945 -2.04764 -5.41371 119.54 261.361 5.03002
5.22881 -6.77096 -0.665024 139.501 189.828 -4.69688
6.23216 -13.6933 4.00157 238.92 168.131 54.8942
2.8451 -0.268343 0.521442 -98.4816 -139.989 155.223
1.77491 2.14579 5.84613 -209.034 157.695 21.2116
2.16859 1.98103 -6.28778 -170.913 172.897 -4.50627
1.06966 4.91785 -1.83391 -280.459 51.6098 -1.73488
1.68569 1.7359 0.234551 -219.374 191.373 -2.06894
1.1407 3.3931 5.33016 -274.954 71.8832 -14.7858
1.45071 -2.06594 -0.36151 -245.295 -20.1128 -39.3338
1.54744 8.21468 -3.1953 -236.44 -15.5746 -0.606427
2.3644 1.20621 1.43413 -156.079 260.277 6.71916
3.68923 0.110982 -9.73997 -26.6373 251.572 -1.74163
1.63981 11.6836 5.14472 -231.482 33.1211 3.00611
1.55738 2.93864 4.56529 -243.172 122.366 -10.0133
1.4802 2.77336 5.1913 -253.057 119.333 3.38844
2.4343 11.6239 -0.610571 -158.602 214.316 -3.05887
5.50246 -10.916 -3.30791 143.765 145.493 -7.08438
2.01377 4.92461 2.7775 -203.436 -20.5885 -96.4004
1.38267 4.48686 4.35154 -267.424 70.0298 -14.4585
1.62879 12.0077 0.572192 -246.922 40.2082 -4.79806
1.88199 9.24716 5.92875 -228.897 42.6173 -0.736612
6.17513 -6.47714 -5.51752 197.527 102.779 -1.69532
5.3507 -2.47234 -2.95032 115.152 236.884 -8.50048
0.701509 7.42065 0.239849 -346.955 53.1977 -104.628
1.57735 9.85779 -5.23864 -260.164 36.922 2.36933
6.01199 -13.7696 3.45517 180.101 112.921 -68.3042
1.62133 2.44707 1.60473 -260.163 141.207 1.74406
6.01492 -6.73892 6.9949 175.693 180.921 3.06968
5.52839 -8.03019 14.0752 125.934 91.4132 3.93115
3.35218 -3.19046 9.448 -90.4141 179.206 59.6316
1.68919 3.27909 -0.0675932 -256.691 121.097 2.949
4.44665 -0.464142 3.17546 16.8907 286.899 -6.2035
3.04014 1.44337 1.10802 -125.912 237.911 21.9723
1.48303 3.47696 1.28261 -282.352 102.315 9.92721
3.42281 1.44194 -4.99217 -90.9082 218.932 0.888019
2.24912 3.35418 -0.577822 -208.255 128.093 54.6707
1.78072 4.77789 1.51322 -257.285 92.8118 -15.3632
4.46201 -0.374106 10.7218 8.948 214.494 -7.28079
1.64911 2.88261 -1.71658 -272.16 75.2705 -53.1253
5.44806 -2.43599 -7.65698 104.526 214.896 -8.16805
2.07403 6.96846 1.04449 -232.214 -23.4117 45.2387
2.90706 15.7415 9.34898 -149.833 28.8118 0.0175858
2.00547 4.40523 3.30993 -239.887 104.584 -0.993017
2.29962 7.98371 6.68456 -210.78 55.6327 -11.1042
2.00744 4.98957 1.52878 -240.563 87.3824 8.50023
1.92172 4.56852 1.98709 -251.423 17.4364 13.9123
4.76289 -0.402935 -8.94039 28.9812 246.73 6.80561
1.87485 4.66001 1.9556 -261.072 178.396 -5.01575
2.23561 8.02229 -3.39369 -226.35 57.2092 0.478493
2.82416 -0.823924 -4.56468 -168.972 215.759 -34.7898
2.41106 -4.29949 4.06654 -212.207 -47.6455 -32.5367
6.06741 -12.4244 -17.9415 150.88 208.509 111.981
3.18618 -0.343789 -6.04574 -140.204 174.899 109.012
6.35411 -3.15321 -12.2933 173.941 62.2127 -0.992646
2.53765 3.67969 1.08393 -205.289 139.953 -11.3853
1.30968 4.53014 -2.99257 -330.604 -174.113 -60.5154
7.31667 -6.09793 -2.2206 265.402 120.125 1.80052
6.37176 -20.312 1.78639 169.886 176.725 1.74009
2.16827 5.52329 2.45666 -248.067 95.8871 -4.14314
2.17458 3.22955 -0.234236 -252.146 146.722 -6.89412
5.88434 6.09433 6.10299 116.23 213.177 -0.385947
5.92536 -6.78773 -15.1437 119.717 115.156 -3.58502
2.32109 7.62151 4.0159 -238.492 72.9546 9.62909
2.75128 9.40539 -4.00823 -196.382 -122.852 -29.2912
5.31114 -4.91256 1.53947 57.7452 280.231 -43.0544
6.07045 -3.40708 -0.732011 131.24 226.886 10.2534
2.04114 3.09081 2.60445 -272.02 -19.3754 32.877
3.73755 1.94203 8.42952 -107.005 209.58 -1.41115
2.50593 10.8123 -4.14554 -231.984 61.4139 -13.2742
2.87626 8.52831 -9.50819 -195.29 49.5276 -0.189302
6.50097 -9.70081 7.64707 164.228 249.823 -87.9142
5.40812 -0.854617 -4.31319 51.0398 276.813 4.73976
3.34255 -0.343908 5.71254 -155.651 169.445 21.1444
6.25985 -4.52108 11.5967 130.98 177.164 -4.01225
4.73175 0.264602 3.25677 -25.6569 291.247 17.6812
5.65004 -1.60041 -2.32247 65.2043 273.303 -3.01005
3.70839 1.1075 -2.11864 -129.137 169.197 134.259
2.60147 9.76072 -3.01652 -239.125 60.5612 0.557642
2.30977 12.16 -7.53588 -272.993 -50.7481 31.638
4.8453 0.330999 3.946 -21.3029 242.77 14.8503
2.6221 10.2169 0.345229 -242.59 87.2009 -2.20135
5.58882 -7.70776 5.0754 51.211 290.696 2.80921
2.43446 6.31524 -3.32949 -262.557 101.536 -4.92824
3.24915 2.34511 6.22279 -184.364 218.128 17.1
2.91271 3.17693 -5.80034 -218.04 190.441 -2.60982
2.52345 4.69319 0.15198 -256.868 125.374 49.2481
2.70495 3.28949 8.09524 -244.018 73.8432 -2.11456
3.19589 2.98833 -5.94045 -198.049 191.782 17.0281
2.85756 4.45743 3.90367 -233.597 136.107 -6.0118
2.74709 6.91478 -2.65162 -250.554 79.6163 9.18504
4.32355 1.24795 -3.35328 -95.106 282.111 -8.28021
6.93049 -6.16875 -2.88871 159.822 183.548 6.11377
3.21077 5.71081 -9.22634 -210.819 120.649 -4.38772
7.38687 -9.8131 0.826367 202.58 147.435 4.32939
3.07402 4.03659 8.63081 -227.244 150.948 6.27108
3.98588 3.12972 14.5028 -138.366 167.365 11.0078
4.63244 1.29973 6.80401 -75.1402 233.153 -5.02395
3.59843 2.30913 -0.675819 -178.083 235.484 -25.7
3.15858 6.02683 -8.50818 -221.863 104.243 4.08663
3.16375 10.4133 -5.90254 -224.296 68.9364 8.17324
5.5882 -0.025526 6.34356 14.5986 245.22 -4.96924
6.74555 2.43726 -14.7348 126.845 258.789 -21.6294
3.8088 2.72761 -8.54148 -167.107 206.727 -10.4527
3.38147 5.81898 5.57826 -209.697 114.271 1.7992
7.02089 -0.987581 -1.86703 150.382 210.842 16.5953
3.5612 4.55626 -3.48151 -195.175 147.605 19.0041
6.55705 -8.24136 -9.82841 102.174 176.597 6.90497
4.95324 0.884055 -3.03515 -58.261 286.328 4.91089
3.01154 3.46832 0.827197 -252.685 75.5821 -34.3526
5.35463 0.356979 4.452 -22.5498 257.21 15.7585
6.19509 7.81424 -2.53856 57.4899 240.452 -2.38024
3.79477 6.31103 9.96136 -181.233 103.9 -2.13539
7.21028 -13.1884 6.54861 156.627 193.551 2.98025
3.74132 3.6074 -7.02939 -190.354 192.814 -5.02405
7.05042 -7.68287 11.4802 137.634 141.287 2.95111
6.49992 -3.28335 15.0691 82.4611 168.991 -4.49668
7.23152 -11.8759 -8.30644 151.24 150.463 -19.6979
3.49621 8.80024 3.81057 -219.999 85.4503 -3.52749
7.34976 -7.88803 -1.93909 160.078 164.504 2.03346
6.54611 -2.14881 2.70243 78.6323 249.406 10.9417
4.39703 3.67589 2.40686 -136.823 237.915 12.4996
4.02678 3.92677 0.551589 -174.772 177.142 -3.97266
5.13786 12.7036 2.87752 -66.2841 41.6769 -26.3864
3.39288 7.39343 -1.00267 -240.984 113.303 5.19304
3.39676 12.838 1.05536 -242.445 196.354 -1.99272
3.66473 9.49434 -10.0247 -216.962 79.3282 6.62817
3.70629 9.36064 -5.49874 -213.2 82.8968 -4.26049
3.44434 5.90229 -6.13699 -241.268 131.38 0.920371
6.54356 -1.7896 -3.58719 60.6603 253.731 -2.9258
7.40334 -5.84445 -6.15021 144.925 166.298 5.21655
3.85161 8.37902 -2.07351 -208.059 91.209 -1.31497
6.73167 -2.65295 -0.0502889 75.332 250.94 -9.91777
7.4895 -6.73556 4.72209 148.757 170.64 6.36519
7.27157 -7.11992 -3.10978 124.951 214.56 9.07165
3.62717 7.58272 2.79523 -237.613 104.404 6.82933
7.07824 -16.3045 -7.07676 102.673 211.023 6.78436
4.06278 7.08424 6.12496 -200.886 109.649 1.79558
4.4305 8.85679 -10.1051 -170.336 93.2834 0.122427
3.74346 -1.5993 0.189997 -242.441 -19.3679 5.7101
4.38382 3.70412 -2.36289 -181.625 219.559 12.4847
5.16091 4.14312 -10.8485 -109.769 252.433 -85.8221
6.9704 -1.77199 -1.11959 67.5135 282.538 -2.99456
4.70439 4.00387 8.86674 -157.601 186.854 14.9582
7.1934 5.3068 -4.83039 89.5293 393.703 -134.29
6.45019 4.44271 -3.57106 12.3341 278.925 -9.16854
3.88589 9.23346 -3.20042 -247.707 101.59 -7.314
5.3908 2.49092 -5.203 -100.993 220.385 6.52701
6.34052 0.118138 -2.82198 -8.33144 265.668 3.77382
6.50957 -0.263111 3.05393 7.64117 265.109 -4.22767
8.10169 -7.95929 -1.28784 165.217 169.753 2.1634
6.83742 -1.40298 4.25092 39.4476 248.509 -6.4181
6.66093 -4.03959 -1.4624 16.1901 270.034 -6.26092
2.39797 -1.10938 1.22559 -409.181 142.641 126.103
7.2307 1.89626 -1.09128 65.4105 226.919 -3.36147
7.82867 -3.45375 -0.822468 121.578 249.614 -8.75065
6.79698 -1.87739 12.0042 14.7749 308.453 -180.273
3.04017 8.9239 -3.85102 -359.512 183.083 -94.8135
6.20106 1.33589 -10.9859 -45.5926 214.511 -6.48403
5.80096 1.69822 0.615612 -89.4263 277.576 -6.6661
8.41483 -9.81733 -1.04228 169.627 156.89 -7.99833
4.63131 6.23198 5.55117 -206.325 137.399 5.48863
7.66697 -3.54411 -10.162 93.6296 191.842 -7.60066
8.50657 -10.4971 -5.972 170.769 138.392 8.7136
5.13334 10.1336 11.2023 -166.71 227.413 -18.7144
6.89842 -0.0848994 7.48085 7.48956 258.08 -3.70261
7.30933 -1.11818 -6.61528 41.4523 223.314 3.53736
4.74905 8.59951 6.37927 -219.663 119.991 1.93445
7.7544 -1.91361 6.16949 78.7249 254.367 12.2221
7.28847 5.72321 -2.63513 30.5648 -43.831 -88.2051
7.45941 -1.38675 -4.49279 43.1441 271.82 -7.85679
5.18883 6.76792 1.35385 -192.44 155.473 4.45117
8.85254 -5.34129 6.76161 171.205 169.149 72.8332
5.81403 6.19822 -14.0399 -138.569 125.545 -16.5715
6.91426 0.785478 -0.676492 -36.2966 250.057 -12.122
5.99107 6.71292 13.4341 -128.838 113.314 -0.00212509
5.14297 5.63816 0.574931 -214.097 108.273 -9.95517
5.42171 6.55247 1.55253 -187.858 154.478 -5.33441
8.1217 -4.05702 -12.4565 77.7256 158.821 -6.66616
7.44523 -0.405165 -2.96253 9.89298 231.37 -9.18369
7.2917 0.072359 6.36794 -8.60253 276.341 4.77724
5.87415 -1.99424 -3.70806 -152.229 109.34 90.5299
5.17399 8.073 -0.802403 -224.593 131.337 -6.20321
6.6699 16.3937 9.77323 -76.0642 299.101 42.1248
8.70133 -4.7338 1.34866 120.149 207.064 9.54901
6.79916 2.03936 -1.46343 -71.5575 222.922 -5.21325
5.66135 5.05152 2.5257 -187.602 205.02 18.7613
7.28392 -2.46156 1.25963 -30.2152 256.672 3.44172
8.0777 3.16245 4.56302 46.1429 463.718 -64.1227
5.52522 8.2568 -6.55908 -209.179 140.062 -3.84604
6.05021 15.1502 0.340493 -157.849 62.2441 -2.75582
6.58275 3.81668 -13.0909 -110.937 186.016 3.50288
5.26978 17.4627 -0.336408 -242.67 148.849 -5.75001
5.64573 9.34203 0.105832 -205.604 112.489 1.27435
5.73601 7.81032 -5.93542 -197.031 134.92 -11.5829
6.86653 1.97574 -3.23709 -84.8879 263.906 -6.68697
9.221 -1.0554 11.8153 143.241 159.024 -6.56537
8.61902 -3.32329 -7.14477 82.8813 219.788 -17.4516
5.99584 13.5041 -1.27277 -183.91 248.313 -10.3373
9.15053 -5.54635 2.70656 121.759 227.152 21.9269
9.23364 -0.810948 -0.997787 120.817 242.185 -1.85773
6.05555 21.3353 -21.7474 -200.596 87.7048 -16.0426
6.60497 6.18669 4.46965 -154.753 162.352 0.973663
7.54428 6.07127 4.25916 -66.6097 214.513 -55.1498
7.04556 3.99576 -2.55364 -118.613 198.88 4.79292
8.61131 -0.966975 -3.95846 36.6029 229.289 -6.64239
6.5988 -1.16889 6.72073 -168.096 -36.3921 38.9152
6.80081 6.08869 -2.76395 -152.177 166.708 14.7979
8.09414 1.22844 2.44478 -26.6308 226.817 3.9676
9.44489 -5.05412 -5.12667 107.121 184.267 7.92196
9.83465 -8.01421 3.16353 142.972 163.582 5.98207
6.56807 7.02578 -3.16591 -184.917 168.787 8.08032
9.64009 -3.33745 -2.76664 114.831 236.537 19.7389
8.43472 -4.16198 -3.98814 -7.075 234.795 3.35504
7.80818 2.8464 7.5273 -71.5641 223.005 -5.07164
9.73499 -9.36316 6.94823 109.981 -31.9399 30.1303
7.42673 2.82938 -3.02038 -128.301 218.565 9.38913
6.72419 11.3125 -1.90417 -198.316 108.776 1.04621
8.87613 -3.41608 -5.22932 13.9161 205.351 -76.147
8.96651 -3.84014 -2.3854 15.3171 266.043 -8.1816
10.271 -4.39643 -5.73086 143.066 143.028 -4.71177
9.28234 1.23242 0.0173219 38.5326 239.756 -7.09812
7.84802 4.44413 9.39628 -106.057 178.143 5.36085
10.6584 4.39333 0.673337 169.504 171.621 3.41749
8.52573 1.06426 -0.348611 -48.4071 253.071 -1.16279
7.93143 5.18397 -10.5366 -113.541 151.159 -17.385
7.40449 7.88049 9.21434 -168.481 154.038 8.47565
10.8192 3.29882 -9.12472 169.902 251.89 -21.7639
8.02046 3.73341 1.24187 -110.597 241.854 7.79637
7.85397 -4.24739 5.18306 -128.601 217.789 0.717508
8.22232 3.02964 0.0801005 -93.0578 231.509 -8.24052
7.64617 6.68843 -0.174598 -150.397 182.695 10.0132
8.15026 2.89636 -0.187179 -100.509 249.847 -8.91953
8.61635 -2.37564 -5.6876 -57.9555 489.319 112.183
10.7898 -9.80428 -1.53795 149.042 162.122 -5.60735
9.85127 -2.39299 3.39222 53.3912 221.668 -1.95936
9.47353 0.141333 6.04319 7.21686 238.966 -3.50893
8.52524 4.35233 0.0186466 -94.2442 265.843 70.4377
8.96147 -8.56604 -3.40437 -61.5284 132.714 -45.8187
8.64416 -1.73849 -7.16287 -93.4231 225.736 0.950017
8.93107 2.91869 8.14946 -66.6088 199.363 -4.88316
7.92733 2.92159 -0.879777 -169.43 205.253 11.0189
9.21062 1.93965 3.5348 -48.0832 227.413 -5.48288
9.90345 10.6727 0.423425 15.6571 4.87791 -40.1928
8.86226 3.47763 -6.14316 -90.9942 226.608 -8.63399
8.68925 13.2311 -2.63606 -126.938 212.21 4.3101
10.3675 5.15482 7.88023 32.1868 308.408 82.7184
9.30842 2.74284 -6.72113 -73.109 228.341 -6.14241
11.2017 -1.80144 -8.99713 101.353 173.464 7.32511
11.0678 -4.93741 -8.66725 80.8281 164.598 -6.52258
9.71869 0.862025 10.9369 -54.2007 188.888 36.0192
11.2924 -8.76173 -8.22796 100.113 133.282 -10.1356
11.1176 -4.18649 3.60833 78.5024 224.053 -5.99381
8.69353 -0.139205 0.880833 -165.227 202.471 13.5251
9.80658 -11.8515 -7.2307 -57.2913 476.608 38.4543
10.4609 5.25415 4.52514 -7.06195 238.112 3.84972
9.67816 3.34289 2.76027 -89.3799 222.8 -7.68349
9.18119 7.20464 -1.50195 -145.591 177.012 10.0798
11.4023 -6.64011 13.3413 68.5473 116.749 6.55234
11.1554 -2.62012 2.17741 42.2084 207.281 17.4487
9.78314 1.42002 -14.052 -95.2132 236.02 -3.67167
10.3653 -1.73746 3.44654 -46.2461 179.083 93.079
10.2402 3.42561 -1.30955 -78.7348 246.016 -6.07376
9.5344 7.51743 -11.0843 -163.14 198.409 9.68139
9.74198 10.9465 7.64269 -146.733 129.587 -0.706017
11.3164 -0.582721 -10.0141 9.39971 210.058 -9.00911
10.7501 3.25477 -2.37755 -64.9595 203.663 -5.14561
10.4811 4.17481 2.84439 -98.623 239.236 1.72877
12.1848 -3.5557 1.96651 69.7132 234.428 -8.29044
11.0783 2.65282 -5.88664 -41.2037 196.321 -5.5493
12.5413 -12.0231 6.20148 97.9705 107.106 -20.6349
10.0695 9.3851 2.30892 -151.163 159.236 0.763948
10.322 7.11374 4.64562 -127.138 169.554 -17.9804
10.5522 1.19648 -5.46914 -104.736 132.557 -77.9008
10.3425 8.17764 -5.94302 -134.902 164.356 8.93484
11.8543 -0.460508 9.06359 8.60316 188.821 -6.44414
11.1132 5.46573 -8.43198 -81.5819 179.684 4.92801
11.8591 0.497228 0.329726 -23.8974 233.031 -0.756952
12.8206 3.98882 -0.271851 67.2005 120.535 -14.1443
11.9667 1.77141 -8.53366 -23.5588 204.359 2.59081
12.6346 -1.52578 3.89757 30.92 217.289 2.60221
11.8808 4.80102 6.45157 -58.3627 183.126 -3.02853
13.0976 4.61935 -0.0283799 42.2303 284.495 -68.4551
11.9189 6.94463 3.85331 -97.355 235.454 1.17322
14.0674 -5.97046 -3.25381 85.638 193.891 -11.3735
13.0184 3.07499 1.21203 -41.9072 200.452 -5.00396
13.887 -3.11645 -4.76952 36.4311 192.325 3.13508
13.1262 7.00471 -6.353 -39.7158 134.645 52.3274
15.0852 -16.5419 0.0217974 60.0719 241.185 -4.83358
14.8225 -8.15055 -6.43082 27.8449 206.903 4.25129
15.6106 -15.1624 -1.36909 12.394 9.97702 0.0267396
18.1131 3.31484 -2.9387 16.6995 96.0819 -19.6711
nan nan nan nan nan nan
17.3674 0.228034 10.7489 6.87595 92.0365 -1.09845
18.3731 -11.2287 -8.4423 14.4325 235.619 7.33809
