-18.3623 8.89779 8.3045 20.6241 -255.074 -23.3338
-18.126 -4.20173 3.10207 17.8809 -89.0039 13.9241
-17.2929 -1.10133 -10.6519 26.2073 -90.8613 21.5309
-15.6026 14.9454 1.35781 17.3926 -38.7312 -2.63014
-15.5349 14.1153 0.0243385 -30.9002 -270.7 4.83608
-14.9678 6.11754 6.33858 0.56752 -220.736 -16.4466
-14.7683 4.07873 3.33574 -58.1959 -203.683 5.09402
-14.1215 1.26261 4.70128 -9.7285 -196.702 -12.1801
-12.6428 -8.22855 5.80425 64.3581 -120.239 -63.9874
-13.3936 -7.28727 0.67906 -16.9822 -273.418 67.8496
-12.515 -4.95622 -1.15468 66.3267 -192.989 7.26856
-13.3563 -5.1028 0.404152 -42.2779 -111.978 13.5133
-12.8268 -0.55262 -3.89091 -6.64349 -218.44 4.83081
-13.3718 10.9078 -5.95531 -73.3311 -129.108 32.2621
-12.7495 1.29798 -1.87184 -45.9796 -239.301 11.9634
-11.6463 -3.7003 8.44027 46.1262 -199.344 -18.7985
-10.8972 -9.12751 -3.83342 119.237 -220.351 6.16413
-11.2301 -6.5036 -6.37079 80.4862 -172.52 15.2731
-11.5363 -2.70901 -0.319872 46.2574 -230.208 1.3779
-11.8405 -1.33862 -8.92929 14.0095 -188.176 23.6285
-11.9622 5.47649 -13.2961 -46.3111 -128.436 18.8717
-11.3146 -1.41932 10.0191 12.1965 -209.474 -10.1075
-12.1533 7.42382 8.25804 -77.8314 -148.871 -5.59326
-12.0752 0.13754 8.85498 -79.2344 -175.492 -24.376
-10.248 -7.13023 8.31718 102.059 -167.842 -20.9235
-11.4669 0.628074 -2.32578 -20.6539 -210.593 -13.1673
-10.5972 -4.49818 5.89198 61.9394 -189.695 -5.69011
-11.7745 2.02234 -3.52226 -56.7274 -230.21 12.8075
-11.7472 3.33254 8.65944 -59.1291 -172.661 -10.0126
-10.0458 -5.16509 2.40732 84.8797 -195.832 0.582728
-12.3476 -5.66735 9.25815 -147.958 -243.587 4.23595
-12.1201 8.18374 1.57888 -127.322 -179.461 2.63744
-9.47128 -2.44727 6.1658 123.96 -129.214 66.8725
-12.1843 -5.9898 -0.700407 -147.869 -161.883 -2.10946
-9.45885 -6.41596 -2.83792 117.76 -229.369 3.69438
-10.3095 -7.47591 -4.52529 26.8987 -226.201 4.78681
-8.97645 -9.67454 5.81018 153.483 -147.48 -20.1648
-9.84201 0.0206417 -4.30382 65.5852 -180.944 -85.7747
-9.02993 -8.66864 -4.43722 145.743 -154.66 26.6701
-10.5901 -8.0458 -8.60327 -12.2114 -296.12 -67.0661
-9.40905 -5.73727 1.35675 97.5743 -237.519 3.53443
-11.5486 3.00102 5.72948 -122.381 -150.237 -6.22462
-8.55107 -10.8236 -2.29758 169.094 -140.105 3.6331
-9.97254 -10.6331 -0.0378382 3.30252 15.4577 40.6742
-9.18281 7.22417 6.8068 75.479 -495.306 -51.8952
-8.79898 -3.65279 13.9737 113.051 -231.418 -23.0808
-10.2796 0.265972 -3.34625 -34.2268 -224.432 8.39459
-8.26827 -12.0905 -7.5744 164.077 -107.726 15.2345
-11.1149 6.39421 -3.19492 -123.117 -177.505 0.0822488
-9.12502 -2.65113 -11.1913 72.2461 -185.727 -14.9301
-8.75031 -5.43447 -2.66497 107.065 -214.648 12.8708
-10.7023 9.59142 -7.17874 -90.5816 13.8765 -16.674
-7.90635 -9.34345 10.903 179.957 -182.515 -30.6826
-10.6543 1.06143 2.55666 -95.5733 -240.978 -24.8412
-9.46582 -2.41241 -5.96114 10.8572 -236.772 14.9731
-10.3874 3.26128 5.01004 -88.2966 -192.394 -17.6076
-8.53826 -4.89194 6.72538 90.2218 -221.285 -6.68872
-9.57394 -3.50223 0.0503105 -20.5698 -235.481 7.07387
-7.72286 -8.82971 1.39401 161.878 -161.884 -12.8549
-8.67921 -4.08639 -3.45418 65.2117 -221.892 12.1609
-10.308 -1.49842 1.00741 -102.284 -241.776 -0.0547432
-10.5087 -0.465186 -11.6577 -124.551 -159.75 28.9818
-10.2346 3.34178 -2.89324 -103.376 -235.869 -16.6031
-8.30422 7.2351 3.81261 78.0748 -147.935 38.9754
-8.22576 -4.79083 -8.03736 83.0565 -192.206 20.3417
-9.0399 1.27951 2.44398 1.85798 -271.202 3.57933
-7.92563 -5.60432 6.17576 107.114 -218.168 -3.11809
-8.93694 1.43597 5.91124 3.07587 -210.193 65.5888
-10.4091 3.68989 -7.39967 -152.991 -177.943 -59.3877
-7.05242 -1.78713 -1.00234 180.428 -201.105 -11.741
-7.41224 -15.1423 2.57384 142.44 -185.339 -9.28839
-7.6862 -0.421944 7.09613 109.109 -227.223 -14.5641
-9.77366 2.72678 -1.42859 -102.634 -214.398 -6.90731
-7.99585 -2.29622 4.57508 73.8744 -489.894 -122.095
-8.88997 -1.22102 3.98972 -19.9317 -229.28 -0.938972
-9.33766 1.20664 7.25314 -65.8226 -224.337 3.72369
-7.56043 -6.84505 -0.688257 109.697 -255.424 -69.8347
-7.99675 -3.46203 0.356858 64.2305 -249.008 0.490469
-8.29949 1.89589 3.92411 23.0584 -240.818 -10.9123
-10.0618 9.09664 5.84103 -153.216 -157.239 -20.0004
-9.95994 8.24644 1.10993 -152.258 -174.296 5.95177
-7.27122 -5.20655 -0.00109971 107.944 -223.882 8.32645
-7.1289 -5.24871 0.270483 115.199 -242.326 8.49171
-7.7757 -3.37525 -2.4628 41.809 -222.653 0.713625
-8.79532 2.51418 12.4195 -61.6542 -165.256 -17.0762
-6.90422 -6.00301 -1.306 124.958 -232.805 -5.37187
-8.45137 -7.54626 -3.91654 -30.4096 -453.968 72.2836
-9.60739 6.28105 1.2569 -148.479 -183.521 -4.59508
-6.25243 -4.84971 0.767915 183.14 -198.044 -12.6032
-6.78791 -6.5795 10.617 127.709 -140.082 -2.79262
-6.56788 2.14231 -5.14812 142.501 -224.112 9.14496
-6.77633 -6.10221 -9.37155 120.127 -168.257 12.5514
-7.0648 -4.94391 -7.41843 85.8364 -215.795 19.3455
-8.92162 1.05245 0.899047 -105.711 -254.171 7.11605
-8.44048 -0.520469 -6.23599 -63.344 -255.957 -0.39105
-6.1545 -8.3717 0.0779808 163.726 -168.503 -10.2645
-8.49548 1.69142 10.1524 -78.2949 -197.036 -11.7857
-6.85013 -8.06206 -3.70045 80.4201 -201.239 62.8052
-6.14693 -4.88482 2.90677 141.391 -211.424 -15.0574
-5.74282 -9.28167 -9.22069 181.204 -137.81 9.11565
-7.47931 -1.79809 3.02599 4.34541 -230.276 3.47582
-7.80955 -1.20904 4.5313 -28.6108 -272.267 -0.750507
-8.84363 5.05876 -4.74456 -133.316 -182.074 2.66614
-8.72171 4.21611 6.05105 -129.678 -176.072 -16.8704
-6.93793 0.00114946 -1.2822 43.8237 -259.285 -1.01855
-7.15116 -2.69938 -6.36206 22.3999 -273.977 7.37123
-9.2536 8.33213 -0.860875 -186.9 -164.909 -2.723
-7.64459 -1.01422 6.52834 -27.2181 -223.641 -16.0892
-8.81265 6.26028 1.90413 -144.811 -178.179 -5.70467
-7.52037 -5.26033 3.4526 -16.458 54.3617 82.4832
-8.40109 5.02239 2.99847 -110.116 -226.372 -14.9125
-7.7944 -4.03865 1.11445 -51.1327 -221.485 1.25908
-9.7813 4.90658 2.18559 -249.349 -130.754 -6.00896
-8.61133 10.3495 8.42682 -136.269 -171.835 3.74278
-7.98673 -9.00759 6.06838 -75.1282 -380.439 124.022
-8.64148 11.2417 -6.52418 -141.653 -217.072 9.49732
-5.86096 -5.85463 2.48749 131.056 -189.679 -9.61059
-7.99749 14.1666 6.95523 -88.3853 -240.329 -20.1876
-8.30231 6.27753 -11.4158 -123.117 -154.76 18.9047
-8.39424 -1.02518 1.69419 -135.819 -211.021 -20.0122
-7.55619 -0.928823 1.13904 -53.7139 -283.632 0.841303
-6.51342 -3.15683 0.786305 49.153 -246.548 10.7378
-6.00404 -4.46919 3.27459 97.2621 -258.023 0.477083
-6.91405 -2.36975 -7.38537 5.68958 -256.162 17.8992
-5.29903 -7.62479 2.60098 163.884 -153.786 -19.9349
-8.39432 4.37377 2.8073 -145.354 -193.8 -11.558
-6.06397 -4.1426 1.50121 83.911 -217.247 2.38823
-7.15742 -0.971285 -4.15565 -26.127 -249.175 14.4504
-4.78431 -12.2557 1.87888 209.506 -86.3864 -4.65897
-6.8827 -1.07068 -10.1934 -1.72994 -309.538 201.649
-5.8929 -19.1057 -10.095 88.1356 -265.515 -23.1995
-7.39373 0.245495 0.144187 -61.9234 -253.963 9.74223
-7.89731 -4.87833 14.8218 -112.995 -252.069 -6.56627
-4.94728 1.50551 -7.03661 179.29 33.876 -25.8208
-5.08027 -7.68058 -4.44289 166.067 -149.279 7.53416
-4.75686 -8.5741 3.06357 195.918 -154.066 -14.0359
-6.76121 1.43941 1.51015 -3.39244 -275.54 3.42941
-5.47486 -5.55467 12.9521 122.562 -177.259 -28.3698
-7.06763 -0.637435 3.58611 -47.7276 -255.09 -3.91958
-7.24105 -0.240001 -2.7847 -65.5499 -251.483 -5.71426
-7.47574 6.49577 9.68357 -88.881 -190.847 -25.5401
-6.52978 -2.25981 -2.98913 4.79972 -263.473 10.0013
-7.23164 1.65003 -14.9049 -69.4357 -173.873 33.1174
-6.5155 -7.05909 3.62947 0.0317198 -268.229 2.30354
-8.01017 7.24719 -6.74952 -150.542 -266.258 101.748
-6.21022 -2.64331 2.76336 20.3222 -263.303 -9.11001
-7.93579 18.4679 -1.78854 -156.4 -213.929 1.67113
-7.95685 2.53625 12.2037 -160.456 -67.708 -22.3938
-5.71757 -3.36482 10.9591 57.0179 -210.242 -14.4603
-7.45485 2.80007 -11.4651 -118.021 -184.335 26.0334
-6.69182 -10.0376 2.54074 -45.2455 -223.654 -2.46654
-4.09938 -21.9973 21.7247 210.496 -46.4246 -25.4439
-4.50055 -15.62 -0.311546 168.083 -32.9313 3.38113
-8.45373 11.9842 -4.49129 -225.144 -192.817 -46.8421
-4.19881 -15.7564 1.36081 193.831 -220.632 7.83354
-8.00358 5.44768 5.48919 -184.193 -114.268 -8.81107
-4.71774 -7.73628 -13.3258 139.193 -99.6346 25.5498
-7.26944 1.22227 0.628618 -118.638 -231.537 -11.5629
-7.45317 10.3417 16.7322 -138.126 -230.457 -145.198
-4.37934 0.938509 2.81738 162.174 -112.251 -96.8522
-7.63705 4.96432 -6.96773 -162.839 -192.279 10.2573
-7.67605 12.5849 -2.77786 -167.216 -138.197 74.3246
-4.44959 -7.34203 14.0844 148.51 -112.747 -10.2619
-7.01596 5.63808 15.0558 -107.484 -127.136 -25.2429
-4.90391 -4.32389 -0.547267 99.7376 -272.11 7.78311
-6.94211 -8.07224 -6.05015 -104.103 -199.87 11.989
-3.81631 -9.03029 5.99774 206.352 -118.98 0.202088
-3.83191 -6.96026 -2.68374 196.857 -193.761 -13.807
-3.64524 -10.3364 -0.117097 214.684 -93.8171 -1.06282
-7.84058 1.00696 -16.4428 -207.587 -165.776 -63.3374
-3.49171 -9.52206 6.54281 218.001 -123.231 -8.65843
-6.22451 -1.0112 2.33238 -53.9342 -274.145 -1.43087
-5.68199 -2.30637 -6.2452 -3.85386 -243.293 16.9928
-6.03074 4.88156 -5.06122 -40.1701 -303.012 6.86537
-3.59177 -7.96853 -1.4893 196.655 -140.772 8.24389
-7.42715 5.43053 6.08328 -185.016 -172.681 -21.9128
-6.68129 7.09628 -13.9992 -114.406 -105.948 22.8675
-4.38706 -4.5664 5.09902 110.431 -213.872 -16.369
-6.82512 9.44462 3.34862 -132.142 -165.08 0.736598
-6.39806 0.373005 7.67295 -93.3234 -217.798 -6.45912
-2.91988 -18.7374 0.388372 250.737 -114.441 5.06393
-7.18631 9.93982 1.34604 -173.071 -111.757 -1.40664
-5.84986 -1.78436 4.23337 -40.3439 -276.208 -12.904
-5.09707 -2.7998 -4.56597 32.551 -254.459 -7.16508
-6.40252 0.199996 3.00738 -104.049 -239.677 2.82134
-5.81742 2.20839 -1.11768 -47.1797 -287.315 45.6351
-2.99675 -9.25678 0.854921 232.623 -114.926 4.6273
-3.31719 -8.19171 -1.38527 200.757 -141.35 -1.84068
-3.06578 -6.62226 -0.475639 222.152 -96.6787 10.9683
-4.07558 -6.51001 11.5771 118.699 -242.52 64.4999
-3.50681 -12.2143 -10.9341 175.129 -206.309 39.8671
-6.75898 1.68648 0.721265 -150.534 -232.145 7.4167
-4.46619 -12.9976 -2.60344 75.5207 -17.1825 31.646
-6.51313 4.91141 0.704326 -128.433 -201.175 3.39435
-6.7456 0.348217 10.7536 -151.651 -128.598 -59.1795
-6.73597 5.15829 7.04041 -164.458 -154.299 -22.4701
-6.65036 2.92877 1.21457 -158.254 -192.948 4.07562
-6.32646 2.16545 -4.83 -126.736 -191.079 21.9039
-4.35935 -3.59949 2.964 67.2112 -282.339 -10.6433
-6.10574 -0.454023 5.32226 -109.051 -263.15 -15.2848
-6.73704 2.74969 -4.93901 -179.086 -215.734 16.0748
-6.92051 -5.99874 0.278566 -199.228 -24.4714 30.2377
-4.6037 -2.63672 -4.05541 30.3457 -240.184 -7.22654
-2.62211 -9.67116 -6.34626 226.925 -102.671 10.2127
-6.22145 0.330835 -4.4534 -130.741 -247.63 -3.09809
-3.16793 -5.74832 -8.93753 165.277 -177.734 2.02431
-5.00009 -1.94636 8.80365 -19.69 -245.508 -23.7528
-4.44967 -3.03181 -3.39865 34.4486 -288.398 -11.3453
-6.59717 3.30375 -3.69654 -180.239 -205.32 4.07564
-2.63215 -7.48824 -5.55863 213.47 -124.441 5.11232
-6.66293 10.5747 3.12606 -192.13 -48.35 -105.185
-3.88064 -3.5062 -6.70142 83.3443 -228.802 17.9227
-6.24963 2.67344 -8.58017 -154.54 -187.588 21.7771
-6.6394 7.66577 10.226 -198.791 -95.5116 106.554
-5.601 0.147691 4.00376 -97.759 -223.553 0.447527
-2.77515 -9.67242 10.0226 177.389 -75.6888 -19.3385
-6.2732 7.27359 -4.98937 -173.716 -129.723 10.8084
-2.62151 -5.76197 2.22514 188.498 -210.746 -16.8776
-6.23468 4.12428 -4.5146 -170.998 -157.024 -1.7001
-3.06061 -5.90851 -2.50632 144.082 -229.008 -7.82176
-4.51114 -1.66844 -10.5662 -0.390459 -213.478 27.6119
-4.57143 -2.2676 -3.09089 -8.29837 -285.47 12.1923
-6.3201 3.43337 -4.78801 -188.518 -195.588 9.45933
-3.38439 -3.92036 3.405 102.562 -277.465 1.83652
-6.76727 -9.95314 7.56917 -233.662 -542.166 72.8295
-5.60385 1.569 8.34286 -121.508 -188.141 -8.15439
-4.74897 -4.91415 0.0271221 -44.2295 -280.445 -6.59757
-6.3217 4.91335 -4.68405 -201.581 -165.53 4.05387
-6.28789 0.682112 -0.792029 -203.285 -36.1117 -69.1074
-5.44776 9.45882 2.90569 -120.596 -538.239 -40.7
-6.05464 3.15264 1.79202 -181.382 -192.69 0.28126
-2.11991 -8.06976 -6.09268 206.994 -95.293 9.86679
-5.99747 9.13355 3.12471 -178.879 -306.739 13.7766
-5.7884 -2.43592 2.53916 -158.609 -170.411 -4.38643
-2.3325 -5.5795 -0.50937 181.022 -168.248 4.98962
-2.6381 -4.6959 -14.4906 144.831 -160.065 16.6609
-1.49925 -10.125 3.24418 253.101 -83.2123 1.1688
-6.24891 -4.0872 -0.44885 -219.797 -449.614 36.3391
-5.98081 8.66553 -3.00318 -195.727 -94.124 2.86983
-1.84223 -9.17877 2.06931 213.707 -74.5397 -2.63884
-4.76057 -6.81923 -0.6162 -80.5164 60.3067 -70.263
-2.18916 -4.67131 8.57205 173.004 -199.875 -5.875
-5.58161 -3.94789 2.85744 -164.395 51.4368 101.04
-2.04094 -7.24811 -9.8608 186.989 -91.0607 21.0618
-4.31216 -1.5595 -1.94494 -39.6516 -257.46 -1.27949
-1.40803 1.77058 -0.242761 247.607 16.1704 -5.30277
-4.57618 -0.604764 9.57497 -68.857 -222.521 -11.1635
-4.06299 1.17172 -7.08156 -18.6591 -231.785 4.95599
-1.90119 -5.41172 7.02052 195.935 -184.401 -8.3843
-3.8968 -2.10296 4.60587 -3.38831 -259.847 1.75441
-5.59982 -0.168852 -1.46158 -172.588 -190.905 3.60563
-1.64921 -10.0735 5.49495 218.53 -64.4276 -6.23086
-5.75017 11.4275 -4.08396 -188.865 -127.018 11.737
-2.68997 -3.91918 -8.34818 113.25 -204.198 17.4303
-2.4506 -2.7074 0.824961 135.149 -165.728 -137.206
-1.5722 -10.1721 9.88089 222.183 -60.6335 -25.6388
-5.64381 3.96325 0.15062 -182.862 -150.31 4.90485
-1.33859 -8.51435 -2.83764 242.597 -89.1426 -1.45859
-3.40622 -2.50218 9.67806 33.4386 -249.334 -16.795
-1.87613 -4.52964 0.914744 183.491 -229.195 24.2077
-1.67667 -5.92307 3.27276 200.375 -137.751 -25.4718
-6.00261 5.80122 1.21634 -230.302 -136.425 -3.85438
-1.37617 -9.54184 -3.74632 224.875 -68.0263 10.7457
-5.51255 6.99329 8.89023 -189.284 -99.4857 -16.7206
-1.12248 -7.10397 6.07879 245.874 -119.097 -12.5837
-1.06409 -14.6017 -1.02791 246.951 -170.358 3.98365
-1.07414 -8.41121 0.945212 245.494 -98.3302 -7.05798
-4.61909 4.33516 5.83508 -107.176 -174.128 44.1523
-5.50133 11.7284 1.72302 -195.247 -76.9203 -1.25093
-1.36031 -6.85865 -5.55042 214.438 -102.284 8.82353
-5.44581 12.1383 4.8203 -192.093 -76.7875 -6.93038
-5.64567 -0.641417 8.31194 -212.282 -182.421 53.1043
-2.53083 -3.51205 4.94351 96.685 -214.426 -10.3745
-4.50778 -0.825352 -3.22182 -101.152 -250.616 20.238
-1.8356 -1.27004 -5.86756 160.754 -168.734 -10.1104
-4.42163 4.93241 -3.57337 -96.8974 -540.609 81.0641
-2.46546 1.46076 -9.93889 96.0605 -183.83 -41.1838
-5.06225 15.045 0.13364 -163.7 -54.4196 5.05065
-3.46217 -2.33361 2.83642 -8.34367 -250.918 0.601594
-5.31145 13.0186 4.61108 -192.079 -66.3591 -11.1078
-1.46993 -4.4003 -6.33525 189.058 -211.91 -5.12826
-1.18032 -6.81199 9.19373 215.226 -108.817 -13.1935
-1.28697 -4.78782 5.73068 202.531 -184.554 -28.1879
-1.00553 -10.9849 5.77727 228.505 -48.5778 -19.3323
-1.02354 -6.96947 8.40078 226.082 -91.9422 -20.2338
-3.73728 -1.105 -10.2254 -44.2729 -213.955 20.8606
-1.82737 -1.32202 4.96049 145.133 -174.144 -119.631
0.402765 -10.5929 4.72153 362.397 -164.637 86.7261
-0.888484 -5.43937 -8.6209 231.259 -142.056 10.1927
-5.1641 2.50469 1.04534 -196.826 -206.826 27.1044
-0.584603 -4.15905 -0.493889 256.376 -68.3774 35.6489
-1.8184 -3.69392 -1.30802 130.679 -233.249 -19.6881
-4.32541 -1.17713 -1.83705 -119.909 -273.607 8.027
-4.60376 16.5458 -6.50048 -149.683 -55.6902 9.66939
-4.37728 0.942896 2.71947 -127.324 -175.769 92.9575
-5.44933 -4.9393 1.9236 -234.259 -72.1709 -20.0744
-5.32537 2.84196 -5.36894 -224.054 -175.911 24.8764
-0.815999 -4.96215 5.77842 221.822 -182.865 -8.44178
-3.45459 -2.16009 2.39286 -40.6447 -296.73 3.86728
-4.88944 14.5122 -1.08427 -184.868 -67.3979 -0.6128
-5.19257 16.829 6.71541 -215.829 -246.713 -32.3387
-1.45893 -15.8887 -9.27382 154.155 1.35619 17.7616
-4.66206 1.38127 -5.81537 -164.169 -177.957 17.2709
-0.99616 -8.93053 9.43338 199.186 -32.9102 -17.8941
-0.613369 -5.7157 -3.81506 237.149 -126.534 13.387
-3.79287 -0.236807 12.9796 -81.6189 -182.655 -17.3197
-2.65253 6.36119 -0.07735 30.2648 -492.757 -30.537
-4.93727 1.35621 -4.11283 -198.225 -213.023 15.4992
-1.19473 -1.23427 4.85871 172.981 -215.587 25.8288
-1.88576 1.59727 -1.99319 103.099 138.351 -152.981
-0.342549 -7.6161 2.54292 253.759 -65.8249 -14.1537
-3.4742 -1.33104 -7.83174 -59.1387 -181.875 -135.253
-0.861811 -8.16146 4.25445 200.032 139.748 21.4327
-4.81227 2.2699 -2.7959 -193.772 -170.184 -5.93432
-0.362898 -3.96513 -8.00991 247.196 -66.9926 17.4923
-4.81378 2.06416 -4.70733 -196.402 -171.967 -2.59129
-4.34846 1.2653 -3.79359 -150.408 -243.549 32.8248
-5.01589 5.91315 -7.31109 -216.965 -114.347 20.4103
-4.7925 -0.362609 -8.10997 -195.303 -217.855 -8.34077
-3.91789 2.58673 3.87355 -112.712 -245.971 -5.56173
-0.294291 -10.9637 -0.321516 245.622 -67.0688 2.84014
-0.306775 -10.2579 2.98692 242.146 -41.5112 -6.28971
-0.0606751 -5.8475 -0.619034 259.597 -115.439 -48.5623
-0.565207 -4.98079 -0.966939 208.461 -131.828 13.3549
-0.279905 -11.3092 4.23836 234.881 -40.3572 5.28366
1.51208 -0.255868 -2.41478 410.445 -143.601 -122.757
-4.81035 8.66692 6.00026 -217.947 -86.6223 -2.70081
0.0816868 -7.22982 3.34952 265.071 -88.7079 -1.44319
-0.373857 4.71788 -3.7244 215.082 39.0852 40.008
-0.906607 -13.5681 0.634737 161.954 -190.484 1.87309
-4.37167 1.68036 9.89911 -184.749 -161.053 -28.5547
-3.84093 -0.679123 2.47209 -132.35 -241.036 -15.5144
-1.29985 -3.39262 -0.520189 116.088 -240.499 -6.89848
0.304605 -11.5794 7.17433 275.186 73.464 -45.7142
-0.861262 -3.67135 -1.48647 159.318 -255.886 -3.93771
-0.0346791 -8.25379 -4.0751 240.984 -57.8729 -1.91443
-0.276878 -8.44837 -6.52512 213.455 -40.0017 23.7269
-4.32744 9.95463 10.5048 -188.951 -67.1343 -17.7882
-1.11868 -3.85784 3.01655 127.573 -208.325 -12.6971
-4.40714 9.36504 -4.35761 -201.528 -109.674 5.57288
-0.250796 -4.54514 0.0533273 210.854 -120.682 -55.3291
-5.02489 7.91632 -0.566241 -263.661 -88.2378 3.54718
-0.065337 -8.50163 3.36179 228.778 -41.4922 -6.92845
-4.11124 4.56179 -8.46326 -174.714 -194.944 14.1377
-1.74039 -3.06476 -4.1075 59.8261 -270.6 2.48564
-4.91932 2.1911 3.32976 -256.887 95.2367 -19.0198
-4.8523 7.55057 -4.09284 -251.33 -97.4876 -22.6016
0.240478 -4.59865 0.297902 254.25 -139.398 6.39313
0.207961 -6.39053 -2.39747 250.192 -84.6108 8.78161
-4.55335 6.68417 7.11101 -223.162 -99.9213 -15.8919
-3.95022 -4.78349 3.35742 -164.222 -699.917 529.365
-4.36198 6.04764 -7.02246 -205.299 -94.9551 15.7245
-4.7213 7.7967 4.52565 -242.265 -82.0825 -5.94273
-0.525976 -3.60907 6.27996 173.66 -167.737 -7.48757
-5.36153 3.53566 -3.64143 -307.247 -201.404 -202.511
-2.73467 -6.32635 0.453773 -49.4454 -272.414 -8.36695
-3.51167 6.89254 0.745216 -128.353 -199.712 -80.2591
0.150704 -6.6897 -1.46623 234.287 36.4751 -42.8879
-4.14893 6.84742 7.82274 -193.77 -88.7996 -16.8098
0.561829 -2.88167 -2.89608 273.71 25.0971 -27.6592
0.296137 -5.78025 -1.59729 242.442 -77.1896 -5.52444
0.291661 -5.36418 -3.27382 241.768 -95.3636 7.27955
-0.0631626 -4.68916 -1.83849 205.627 29.7878 100.906
-4.055 1.32581 1.03078 -192.882 -166.6 -12.7905
-3.93991 2.26655 9.90364 -184.942 -137.945 -5.95242
0.484429 -4.69751 -2.10337 253.052 -8.60788 -10.0214
-4.13498 2.17853 6.95369 -207.741 -145.323 -7.72811
0.622678 -6.31875 -1.89215 262.534 -168.096 8.69432
0.309652 -9.57788 -5.87398 230.632 -24.6885 12.0054
-2.58235 -1.61605 5.67455 -57.0092 -263.242 108.482
-3.9908 11.3841 -6.34012 -202.582 -54.6315 8.66035
-4.18495 3.9407 -0.966096 -222.613 -112.642 8.96632
0.680037 -5.6219 -1.35494 258.598 -82.9778 18.1171
-3.03364 -0.0600383 -0.380533 -110.307 -209.515 -74.7546
-2.87853 10.3498 1.71804 -96.8627 -156.1 -36.7152
0.227 -3.62795 -6.00072 210.725 -152.344 -9.92307
-3.98076 0.882175 -0.87985 -210.399 -180.041 -10.2524
0.765183 -4.40413 0.0390079 257.835 -113.886 -3.05378
0.413814 -3.5416 -0.212988 220.812 -186.53 2.49831
0.952029 -3.5751 2.20789 273.104 -69.1822 49.4328
0.574457 -11.9044 -5.13185 232.735 -10.6355 6.80187
0.732201 -12.2933 -0.521959 248.03 -17.049 5.84755
0.865507 -3.77003 -1.60838 261.15 -135.416 1.32172
-3.33835 14.2707 -8.82916 -159.894 -48.179 10.2728
0.909145 -10.1294 5.17391 261.068 -17.8778 -12.3126
-3.98593 2.73569 -6.76315 -225.733 -124.055 1.82426
-4.15025 4.54836 -6.40236 -242.352 -106.65 15.0947
-1.3629 -2.6939 6.82816 33.4767 -284.097 -11.4782
-2.86231 1.93024 -2.80226 -115.643 -255.766 1.98716
0.767384 -4.07849 -4.43329 244.175 -115.792 18.6145
0.713233 -8.0004 3.17532 237.478 31.071 -5.47499
0.278679 -15.6015 -18.9027 191.194 -72.6594 37.7008
-0.609746 -2.99711 -3.71838 101.834 -232.416 1.43703
1.21368 -4.42182 -1.36667 282.897 -94.8787 -7.40807
0.937937 -3.88571 -5.18169 253.833 -113.098 6.5112
-3.71042 4.55735 -7.92254 -207.93 -89.6862 11.741
-3.5583 1.81262 8.51026 -193.971 -136.906 -16.0678
0.893382 2.24054 0.732605 246.077 16.022 38.3294
-3.17842 5.40459 1.90824 -159.95 -78.5558 169.146
0.554596 -8.43708 -12.5047 210.638 -23.205 23.9907
0.695095 -3.39373 -0.894353 222.721 -142.048 -3.7644
1.17129 -5.11659 -4.179 267.899 -60.9328 22.6174
-3.22896 0.052704 2.46737 -171.393 -180.217 2.3411
-3.84492 3.26258 -2.38803 -233.388 -170.058 -11.9861
-2.94814 8.54955 -15.4918 -144.756 -47.3025 26.2501
1.84444 -2.83808 3.54387 330.431 181.325 54.3369
0.616146 0.260154 -6.28584 208.162 -57.9805 -10.3211
-3.60523 3.01906 13.3129 -212.927 -91.8896 -21.282
-4.03785 4.77734 -1.35526 -258.76 -80.6997 4.92459
-3.64627 9.32337 10.2695 -220.667 -331.795 -113.205
-3.19716 3.69039 0.750789 -176.532 -160.567 92.0453
-3.09137 15.5001 2.22383 -168.257 -55.2728 3.11696
-3.13966 14.0971 -9.741 -173.197 -41.404 17.2966
0.76534 -8.19573 -4.52786 214.228 -92.8567 24.1279
-3.64356 4.7887 6.39854 -227.524 -74.7899 -18.8961
1.09736 -11.0231 -3.12498 243.297 -13.8365 3.01529
-3.53234 2.45891 7.13839 -217.323 -101.843 -13.587
-2.99669 -1.01315 -2.5536 -164.707 -229.88 11.279
-3.07607 16.9122 6.68898 -173.43 -106.844 -7.33108
-3.39641 12.5429 -4.17664 -205.441 -50.0966 2.73536
1.08763 -6.93632 -0.75916 239.232 -31.3337 2.73196
-2.22401 8.86642 -17.8028 -91.2362 -31.0037 35.8886
-3.62751 -0.360212 -3.1477 -231.688 -128.406 8.6317
-3.52228 6.72406 10.2197 -221.619 -49.0657 -21.7963
-3.68511 2.61726 -6.64063 -238.006 -101.084 15.4583
1.48291 -4.04927 -5.14662 274.907 -64.8513 24.8031
1.14234 -7.89978 -3.16598 240.562 -19.1662 3.11913
-2.87068 14.0833 -0.502896 -160.913 -43.4238 87.1111
1.60572 -5.36896 1.83563 280.234 -41.8416 -1.76667
-0.903099 -2.50342 4.56391 30.8697 -267.954 -7.40389
1.38364 -6.49342 -6.9196 257.938 -35.6511 14.0761
1.38514 -3.01393 -0.501169 256.098 -133.76 2.53461
-3.76096 2.52943 -5.42004 -255.756 -39.8351 -0.0247311
-1.476 -2.42162 0.486975 -29.2896 -272.06 -9.4303
-3.08798 -3.90123 -1.33362 -189.816 -126.309 40.6396
-3.46975 0.251784 5.97359 -230.647 5.7828 107.087
-0.64491 -3.95947 11.1865 49.9097 -230.164 -24.6769
-2.64235 4.69932 -16.9266 -154.648 -177.082 38.8114
1.44587 -3.95738 -4.59108 249.93 -88.8682 35.5003
1.42297 -3.52249 5.19865 246.839 -58.48 4.3686
-3.59749 3.00477 0.746558 -252.106 -103.52 -4.62641
1.56568 -4.63333 6.36759 260.224 -39.5214 -10.1451
1.29984 -9.73112 1.01233 229.483 5.56745 -0.256697
-0.969514 -0.0125026 0 1.7684 -1.37089 0
1.2601 -2.43968 4.02518 223.143 -126.365 -1.20198
-2.5275 1.44575 4.57774 -155.292 -168.07 -25.0817
-3.30624 8.92763 3.93815 -233.551 -48.2543 -15.6006
-3.33864 2.13312 4.11299 -237.799 -99.8703 -4.16786
1.63134 -3.47456 -3.81354 255.46 -62.982 -19.4946
-3.10333 4.14861 -7.65662 -215.537 -62.6035 15.5082
-3.54383 5.50075 4.20574 -259.756 -52.9952 -11.3552
-1.29514 -2.19624 -5.20202 -39.1572 -261.911 16.7689
-2.80873 11.0014 -9.17771 -191.169 -37.2806 16.2234
2.60319 -7.8667 0.756942 345.494 -38.6572 104.241
-3.3904 1.77744 -4.47608 -250.468 -104.244 11.6731
1.34293 -9.95725 -6.28533 218.714 -195.428 -42.6869
-2.9537 -3.44409 -6.06488 -208.639 90.9447 -0.545105
-2.63226 3.61946 -2.72899 -181.294 -156.919 -22.9064
-1.99676 -4.91173 3.53987 -118.72 -204.292 -5.99441
-2.03965 -10.7368 3.67935 -124.612 13.3385 36.4922
1.39371 -9.6201 -4.90508 216.191 3.25616 9.69263
-0.637464 -2.37345 1.19252 13.9174 -256.537 -11.0624
1.53677 -6.52145 12.3192 229.712 -0.321775 -20.876
1.6698 -4.23447 1.38029 239.885 -66.104 -16.8062
1.64276 0.599652 0.308107 236.115 131.157 -3.34085
2.09068 -8.2462 -1.49818 277.281 -3.32424 3.69105
1.36575 -1.95355 -8.07161 204.147 -133.718 17.921
2.09307 -4.13799 -2.45152 273.454 -10.5679 5.41692
-0.8573 -8.12015 -0.11326 -20.6044 -199.397 -6.49549
1.71007 -2.75717 7.68828 231.741 -37.7977 -12.7117
1.95061 -1.89847 -0.707093 255.249 -74.8791 -8.75163
-2.64045 7.29929 9.58363 -202.233 -39.9423 -22.2576
-1.94769 -11.7456 9.23458 -135.235 -482.951 115.373
-2.90513 6.02781 6.69447 -230.768 -32.9828 -4.15136
-3.19968 1.00997 -7.76219 -260.397 -106.615 17.798
-3.0026 7.6303 -8.38774 -242.706 -45.8363 9.5732
-2.69494 11.0286 1.43913 -217.732 -36.5214 8.59252
2.05693 -1.95178 -6.10306 252.822 -43.2261 12.565
-3.14925 8.61693 -4.56001 -264.921 -11.7497 -19.1918
-1.63624 -2.11531 2.03128 -114.775 -287.261 -58.9745
2.13913 -4.0887 1.78483 259.224 -6.36745 -1.45132
1.33836 -16.2142 -1.86796 178.441 42.5283 0.66325
1.93229 -6.3211 4.19342 236.851 -4.17523 -6.82928
-2.46448 11.9861 -5.27155 -201.771 -37.0609 20.0075
2.46903 -0.115924 2.16378 287.407 19.5138 28.268
1.91996 -5.45975 -5.93665 232.708 7.80332 2.82102
-1.04086 9.49679 -0.698394 -62.6892 44.392 82.8182
1.99487 -2.90629 -8.46739 237.848 -10.4765 16.2679
1.92671 -4.90768 -7.08497 229.774 -6.29031 13.7184
2.42929 -1.1652 -4.64404 279.287 -37.1334 5.36559
2.30903 -4.05346 2.56487 266.927 26.8106 -8.7914
-2.71507 7.30564 -7.1517 -232.326 -32.4456 14.3853
2.03289 -6.66781 -5.54937 238.592 29.514 6.44648
-2.52771 10.1221 5.13137 -214.569 -37.6839 -9.93663
-3.09966 10.0759 -13.5971 -276.18 190.588 -86.6354
-2.56773 0.392588 1.07534 -227.029 -91.9036 1.20636
-2.75488 6.00625 -7.00928 -246.754 -31.244 14.2074
1.61792 -1.37275 -14.0777 186.747 -9.89008 26.3245
-2.14502 -0.694411 6.75758 -189.434 -140.78 -16.3993
-2.6011 0.465101 -0.151924 -234.994 -125.183 1.79112
2.41719 -4.27427 4.78382 261.234 26.8198 -12.7554
-2.53371 3.10239 -1.98789 -231.171 -122.533 9.48159
0.641454 4.98114 -6.65877 83.2447 -124.645 -108.954
2.02252 -10.907 -0.758293 219.291 35.8627 -1.99939
-2.69452 -0.843426 -3.50334 -249.916 0.218221 -43.5777
-0.14397 5.26202 4.32337 2.41366 255.638 -24.9719
2.70643 -5.94629 -1.97103 283.147 31.4766 -0.774944
2.43311 -8.13502 7.09405 255.928 130.531 -27.0002
-2.6868 6.92443 -0.628038 -252.899 -31.6255 14.1341
-2.67438 4.45543 -0.65771 -253.309 -28.9317 2.65835
2.52419 -7.20073 -5.99777 259.302 21.2316 18.2778
-1.98372 13.8051 -1.79777 -189.609 -29.717 8.993
2.55204 -1.92748 -3.91664 259.911 22.4935 9.17143
2.48085 -3.00041 0.0878514 252.098 -1.8595 25.0055
-0.252976 5.76661 1.6692 -22.7962 242.096 -9.25956
-2.38091 1.96541 5.81211 -236.227 -34.5244 -16.1517
-1.61841 17.3058 -1.87982 -160.527 -29.8865 52.0888
2.6096 -0.623828 -0.843161 259.071 69.7516 -0.110762
-2.1884 8.89929 8.44317 -219.884 -21.4884 -8.7802
2.75543 -5.00681 -1.92199 271.174 28.9447 5.62235
2.8363 -10.825 -1.62983 278.435 169.889 45.3891
-2.20548 9.18179 6.88155 -227.505 -22.4618 -16.8217
-2.4439 7.04098 -0.877822 -251.333 -19.1557 -3.11597
-2.6849 4.65494 0.426886 -276.916 -21.2453 6.67354
2.64351 -4.77486 -3.54853 249.168 26.9284 8.41896
2.74953 1.40872 3.83605 259.061 68.3388 -14.3776
-2.71239 6.79157 -1.10902 -283.888 -19.5164 -3.30366
2.59695 -4.13983 -0.906357 242.982 72.3719 1.8734
2.64411 -5.23809 0.259213 247.173 27.6005 -4.29549
-2.66198 0.305684 -1.27491 -280.076 -44.9042 12.5398
-2.43921 7.20211 2.08078 -258.408 -20.9544 -34.1708
2.45072 -4.8144 -6.38424 223.692 68.6847 9.84185
-1.75065 12.6851 -5.47349 -194.065 -25.1488 4.07086
-2.55461 -3.47947 -4.49933 -274.427 47.0946 1.6045
3.03791 -6.16036 -4.27942 277.016 31.4713 3.51941
-2.40053 2.23073 -6.75498 -263.746 -16.204 19.4113
-1.571 13.8051 -5.4421 -184.381 -27.0897 4.3137
2.61399 -6.37988 7.83369 230.778 -48.9068 -32.0159
-2.07159 7.18982 -0.0373263 -241.698 -15.402 0.410766
2.8697 -2.14031 -8.29566 248.617 -80.234 47.6784
2.09813 -1.59878 17.2316 171.519 48.5178 -32.5263
2.70461 -1.69362 10.0456 230.377 83.13 -13.7872
-2.01405 8.3326 2.38002 -240.414 1.91255 -11.4587
-2.15132 4.80841 -8.55868 -254.321 32.4761 52.3993
2.88922 -1.70605 3.22779 245.219 88.3159 -1.05885
2.46637 -14.5401 -3.68673 203.117 41.4137 8.31565
-2.38269 5.45991 -0.259428 -278.682 -12.1442 78.9762
-2.60936 2.03911 1.44499 -302.223 23.4201 -5.47355
2.76771 -4.96807 -11.9784 230.947 44.0895 25.2575
2.74893 -2.9051 11.379 225.956 46.0723 -9.53761
-1.78377 1.54705 -8.67648 -224.393 113.087 4.93936
3.22977 -2.3248 2.77527 272.471 76.6332 -6.80159
2.57897 -5.49343 6.79558 207.058 47.8182 101.689
-2.13029 5.64339 4.99787 -262.746 13.2786 -11.581
-1.45697 4.97941 14.0384 -196.783 8.54957 -27.4498
2.72188 -0.823442 -11.1475 216.482 97.1168 21.7427
-2.16489 4.76826 -8.11628 -270.493 15.5653 12.2671
2.89438 -10.0842 2.23965 229.686 35.2202 -7.64945
2.87634 -10.9899 1.99007 226.118 36.6143 -7.13961
2.60602 0.77046 3.0759 198.633 188.188 -7.88329
2.91214 -3.95879 -5.42533 227.411 -201.382 58.0591
2.86278 -0.328618 -3.79809 222.353 126.899 2.39709
-2.18576 7.24463 0.618517 -279.223 11.8236 -3.7463
3.21931 -3.42444 4.82822 256.266 332.792 -98.1677
-1.48662 9.64445 -3.57886 -212.84 73.4655 5.87989
3.11221 -0.0382179 0.204772 243.97 160.302 7.40061
-1.8509 7.78133 -5.94768 -250.055 -5.18532 -7.01226
-1.44792 2.23288 5.71252 -211.453 182.44 -1.84189
3.04395 0.119001 -0.364003 234.139 153.626 8.12806
3.29307 -11.7073 -0.802182 258.078 -93.462 34.0365
-1.75367 4.05908 1.90241 -245.188 14.5554 -5.7662
3.59306 -3.87979 -5.38791 284.28 26.3858 6.64735
-2.02531 6.38235 0.452619 -274.38 12.9423 -3.39622
0.136659 2.5023 -9.99597 -61.2478 253.936 6.27146
3.24755 -1.62603 4.30421 246.856 112.109 -6.24191
-0.69178 1.61961 7.82007 -146.455 258.245 -69.0957
-1.25021 10.0559 -8.92593 -204.105 -3.87375 10.2628
-1.79961 4.46587 -1.85584 -260.147 91.8955 -7.2277
3.45856 -2.17055 3.16619 259.072 69.4775 -5.87928
-1.89579 5.39 7.46648 -273.32 14.6379 -16.1776
-1.74675 4.50538 1.23782 -259.212 -43.0247 -10.6739
2.37567 -9.83476 -1.94872 147.959 129.55 -51.0424
0.696635 2.4284 -1.20489 -18.9754 253.741 -11.465
3.3521 -4.15869 -3.23598 244.046 72.6439 4.33917
3.58156 -3.32279 -6.2839 266.789 77.1428 9.75386
3.51196 -6.12986 -6.06984 259.582 81.0476 10.8538
-1.82218 5.40931 -0.0717754 -275.586 30.8652 33.6053
3.0737 0.37668 2.62618 208.06 198.49 -7.17788
3.74805 -1.5481 1.74791 271.999 108.472 -2.58705
3.21822 -7.4291 9.94018 218.39 29.6106 -21.5329
-1.41411 9.50862 -0.254659 -242.905 -67.2058 2.1398
0.149437 8.12762 3.77045 -87.9271 246.388 15.7175
-0.982802 2.51679 6.83274 -201.24 152.009 -8.26764
2.04997 1.66041 -6.10145 99.8315 235.861 3.05588
-0.175883 2.42176 4.35938 -121.269 214.85 6.10386
3.53441 -3.46923 2.41235 245.935 96.9489 -42.573
-1.29425 2.6923 -2.38068 -234.362 168.958 4.66369
3.64808 -0.481108 1.82866 256.395 -106.84 -47.3264
-1.5124 4.76469 4.62391 -258.012 -28.2417 19.9505
-0.934068 8.97796 -9.14845 -201.725 1.60878 14.8062
0.172431 -3.98656 -3.95309 -94.9213 221.159 0.257867
-1.35757 5.80354 -1.64192 -248.898 41.2844 6.68096
-0.882606 13.6833 -1.1497 -202.44 -10.6539 -3.853
3.63944 -1.17069 7.25654 246.273 142.496 -18.271
-0.959054 2.70194 0.323225 -210.555 154.961 -34.1434
-1.15708 3.21025 4.53126 -232.485 -130.271 -6.47312
-1.47862 7.27189 -2.70383 -266.032 14.18 6.28646
3.10964 -9.39512 -13.8112 188.748 31.0597 22.2423
3.16987 -0.581973 9.66183 189.695 147.379 -16.2687
3.91593 -3.25174 -2.22058 262.567 108.259 4.90612
-1.15601 4.87732 -8.0291 -241.925 61.4032 4.14877
-0.806732 3.6253 -2.31397 -207.232 128.753 29.023
3.90311 -6.93245 4.89334 258.076 59.46 3.95457
0.389528 -9.55944 -6.47102 -93.4087 -6.20439 45.4947
3.9078 -8.51545 -8.03796 255.369 79.6053 8.83739
-0.8951 3.4872 5.8663 -223.356 108.195 -21.4596
-1.19564 3.39655 4.25133 -255.634 122.486 -8.07867
1.43245 2.49006 0.745846 4.52027 270.858 5.65224
3.81797 -3.19264 -0.0914318 238.415 85.6528 37.8361
-0.711707 8.04672 -10.8659 -212.958 12.8091 27.9336
-1.05567 3.93935 1.65336 -248.516 72.6484 -17.3687
-1.25367 4.91703 -6.7406 -268.452 69.024 0.649871
3.38191 -12.683 -3.25811 190.283 37.2023 2.96272
-0.79962 10.7702 1.97581 -225.746 3.55835 -2.45855
3.45831 1.15637 -0.720171 197.171 223.128 3.15384
-1.10907 6.78625 7.22877 -257.587 41.1914 -9.37844
-0.961462 6.50381 2.63029 -243.193 47.4215 -3.05768
3.5683 -12.1684 1.40911 206.359 37.4394 -5.79934
3.85673 -5.06366 -2.8652 233.229 27.0922 3.11268
3.6723 -8.02548 7.5752 213.139 71.8108 -15.191
3.68829 -2.29551 -11.4545 210.857 124.942 16.5612
3.97766 -9.76822 1.73907 238.14 162.661 20.2084
-0.540654 8.60623 -9.92767 -211.567 16.4387 16.1217
-0.309681 3.09035 5.08396 -188.656 184.873 -19.7138
1.83164 2.2908 -7.15416 23.3978 257.598 20.5882
4.154 -2.79815 -6.11001 253.477 117.82 12.8063
3.25478 -2.0397 13.8912 163.896 97.974 -28.7186
-1.02935 3.79245 1.24762 -262.75 147.135 -8.18852
2.90431 -1.03368 -16.5332 127.89 122.883 30.834
0.937074 7.04771 -2.72699 -69.3384 -48.7211 -160.794
-0.983192 6.66023 0.283115 -263.427 42.579 3.37273
3.83874 -5.73161 5.9707 214.933 68.1724 -12.2775
-0.843386 6.08093 6.40365 -250.487 61.51 -22.5204
3.71379 -8.91858 11.774 201.429 53.0219 -11.3637
3.10115 0.583976 2.04341 139.708 204.206 7.75676
-0.309971 13.3218 -3.18697 -200.851 -6.49231 3.95106
-1.14781 5.6941 -0.559114 -286.012 72.6095 -11.3722
3.46108 0.329252 -1.74183 170.857 201.287 -20.7933
2.53531 -2.01078 16.586 75.4566 238.231 -58.9769
2.86753 -0.986958 7.41936 106.486 207.859 -14.3825
-0.377587 7.02635 5.62561 -220.281 50.8393 -19.7655
4.28915 -5.18663 -1.50389 242.299 90.875 4.17294
3.74286 -13.1884 1.93249 184.64 55.0657 -7.20903
-0.409862 3.66569 -3.15411 -228.15 192.723 14.924
-0.776041 6.8344 -1.70462 -267.673 65.0514 -8.46481
0.86365 3.18014 3.58819 -107.574 261.343 -4.14914
4.35886 -4.51719 2.05885 238.524 101.751 -2.97329
3.9216 1.00587 2.72375 194.246 -34.771 77.4383
3.61451 -0.51025 -3.36516 163.257 178.693 8.77181
-0.459062 9.49628 0.337495 -245.737 33.5584 3.00012
-0.618475 7.02368 1.18812 -262.468 63.1239 -13.5049
4.35914 -4.37465 -1.49664 228.638 97.7406 3.48056
0.168309 4.85494 5.11026 -188.214 244.881 97.8638
4.374 -2.04934 2.43046 226.598 158.686 0.546619
4.31929 -5.68591 -7.2032 214.306 94.6674 13.8436
4.43448 -2.18349 -1.29263 225.658 155.202 4.71343
0.335697 4.95222 -15.2468 -183.106 83.8857 19.0829
0.905178 3.17604 -5.63732 -127.168 220.557 24.7919
0.228118 7.771 -12.9069 -197.658 42.6458 15.0584
-0.453279 6.0029 -1.39838 -267.6 90.9762 -11.0609
-0.238642 4.81691 -0.834708 -247.632 135.627 -4.02035
0.00179122 11.0598 -5.4716 -227.409 80.9002 -6.60801
0.420147 14.29 -0.407732 -190.25 0.581622 -7.07143
4.41721 -13.2788 -0.849669 206.611 265.907 -64.0524
3.88612 -0.947873 14.1554 143.704 162.01 -28.5362
0.147539 6.38085 2.84983 -228.411 52.5692 34.9768
4.72887 -10.4803 -0.603169 223.783 79.5579 -0.352149
0.0324044 6.45569 2.64256 -243.749 79.5529 -16.1072
1.6339 3.0195 9.72723 -85.6205 254.61 -18.7607
0.121587 5.5567 -3.36328 -236.143 109.986 -5.14765
2.35561 2.72243 -4.30808 -15.4908 286.106 4.72689
0.515795 13.9908 -3.91324 -200.638 15.6876 10.0661
-0.116199 10.0331 2.47623 -264.021 47.2691 1.9735
4.65938 -3.53892 -3.833 210.111 397.814 -221.588
0.430412 4.30902 -5.5737 -211.387 162.055 22.7313
3.41029 -2.06184 -5.737 84.3185 263.324 -11.72
0.376879 12.3497 -0.0291793 -217.339 22.1794 3.23015
0.0190254 6.22875 3.01772 -258.135 110.28 -16.1037
1.79031 2.81252 -2.44132 -83.0244 253.618 -37.8733
2.61395 2.48456 5.22626 -2.18219 275.804 -15.5148
3.04985 1.34886 -3.24777 40.686 258.255 0.524696
5.4897 1.53552 -1.35566 281.218 228.213 -106.674
4.94435 -4.2296 -0.411333 226.159 138.234 -3.93174
2.36564 2.84543 -2.67671 -31.1138 293.169 -5.88859
4.30728 -0.960745 -10.8773 160.953 181.184 16.7989
4.85706 -1.20635 2.80107 214.74 205.336 -3.97198
0.670253 4.34526 -3.38797 -202.001 171.743 -26.2844
0.356731 8.63625 -3.2481 -233.501 51.3254 -4.0908
4.79432 -4.34255 -1.63402 204.464 126.247 -1.26419
0.480898 6.2426 3.05424 -227.485 238.157 -153.165
3.12209 1.74695 -1.6748 33.6433 250.615 18.6501
1.63733 18.6354 -3.93756 -119.671 -23.6752 6.10343
0.72475 3.93377 5.94773 -210.742 60.1372 68.3242
0.448837 5.43387 -6.67962 -238.332 148.677 16.5532
4.88444 -2.5175 1.5752 202.08 168.799 -4.84431
0.694966 11.436 -3.45039 -214.101 44.8777 26.3944
3.54778 1.12498 2.84714 68.2696 233.797 -5.04165
0.582005 9.82888 7.89449 -227.019 51.0415 -4.76017
4.00938 0.341595 -1.24747 112.891 220.153 1.03836
0.607725 10.2615 9.68841 -226.332 46.1638 -27.359
0.325249 6.56338 6.08481 -255.883 115.449 -11.4198
1.02797 13.0508 7.34623 -187.998 14.6013 -10.6703
4.8813 -3.67431 1.16227 193.108 137.391 -0.0841471
0.573364 9.99098 6.41725 -235.18 49.2243 -21.7757
4.0813 0.140732 -8.6926 113.259 224.536 19.7411
0.714668 6.12944 8.7376 -228.953 116.947 -25.0347
2.64765 10.6544 -0.525444 -39.093 297.302 -0.515173
4.91151 -0.985688 1.81857 185.3 205.107 -0.304818
5.41248 -13.9281 1.41138 235.061 43.947 -7.37956
5.35164 -5.82249 7.50806 228.923 113.678 -12.1755
2.44029 2.92342 8.74406 -62.7963 241.923 -27.3902
5.22656 -4.30575 -5.32836 212.071 150.088 16.6198
2.18408 3.40837 -1.33157 -92.4786 272.328 1.33847
4.5545 -0.875534 5.56489 142.329 193.109 -21.2019
0.51872 8.81152 4.05658 -259.357 74.8894 -11.2926
1.02348 9.51984 4.98354 -211.716 46.6886 -0.137768
1.68619 -8.8521 5.60119 -149.029 2.25078 -47.7758
1.22472 4.59438 2.8702 -198.247 183.366 -21.8934
2.31063 0.279541 10.6533 -91.327 253.717 -26.4086
2.33858 3.96365 5.64214 -89.5295 284.23 74.1536
3.66294 2.18079 -0.667028 39.9918 297.148 19.7198
4.62918 -0.442102 -1.80125 135.034 203.141 -3.25658
3.64998 1.80644 -2.12126 37.7355 247.655 -1.40054
0.75245 7.61214 -3.47694 -251.104 103.813 -3.91376
0.98608 1.24304 -3.59845 -228.818 132.073 2.86713
3.72113 -6.93133 -9.19065 42.0368 157.642 -79.2103
0.918895 5.40161 -2.0689 -237.426 177.907 9.89588
5.43361 -2.76632 -1.30582 210.196 196.22 -2.10594
3.33732 2.52197 3.08334 1.65695 294.396 1.98949
4.68551 -0.690789 -1.50784 135.439 204.583 14.1253
1.57905 4.64327 -3.67162 -173.945 229.789 8.31406
1.2692 9.70362 5.3709 -205.509 53.8256 -12.858
4.3706 -0.303295 -7.71115 101.114 203.711 17.5769
5.54209 -7.215 0.360766 216.102 110.832 0.781837
1.11588 11.1292 5.30149 -223.624 47.3364 -0.216903
1.4891 16.9018 0.0160021 -187.12 11.5041 11.19
2.46024 1.99094 4.23157 -91.7649 218.699 -8.27561
5.82618 -7.65027 0.851421 241.533 109.623 -0.752901
1.03911 7.09833 3.38287 -236.867 104.332 -6.46588
1.39772 6.37078 -7.15671 -206.094 106.873 8.50583
1.20371 9.97761 1.99712 -229.657 112.735 -9.66054
5.6717 -6.36311 -5.56826 212.715 68.2005 14.698
3.49096 2.32876 -4.14693 -3.95044 257.81 1.97198
1.8104 -2.08874 -4.26321 -173.65 -60.7409 106.914
1.59474 -2.30374 0.145333 -196.268 54.4665 -77.4807
2.46221 3.56672 -6.02554 -110.289 218.091 16.6765
1.32372 4.54791 0.26661 -227.915 80.8601 -7.32092
2.91659 10.9863 17.6798 -70.7281 4.79727 -35.5648
4.71595 0.686109 -1.976 107.589 262.395 10.2101
0.956546 4.48993 6.44676 -272.132 33.3789 43.9248
2.04365 4.94106 0.0189509 -165.464 187.886 0.283539
4.33337 1.58122 -2.50939 61.5612 275.293 9.71132
1.29834 9.70275 3.66358 -241.096 28.6738 -262.183
5.6211 -1.72473 2.40739 186.513 212.293 -7.93602
5.29308 -10.7195 -11.6779 152.119 89.4017 22.3303
3.02831 3.30928 -0.136953 -73.3916 283.396 4.02528
6.13235 0.910501 -4.00877 227.772 -26.9536 45.3457
3.93675 1.90736 -1.57751 7.46337 254.669 -6.37794
5.96834 -8.68522 -0.870997 206.441 98.2954 2.27828
4.53702 9.32302 -9.18599 63.6253 124.216 93.5266
1.73131 7.53209 -0.754551 -215.825 110.066 -3.37556
2.20911 5.03053 -9.55917 -169.644 194.772 16.4515
5.90646 -5.97553 6.02524 195.812 143.494 -4.55688
5.53988 -16.3336 1.27686 158.128 73.5442 -3.38029
1.53936 7.65309 0.438644 -239.651 123.919 -6.09214
2.17387 4.64496 3.63182 -178.265 225.357 7.45289
3.51932 2.03854 0.935678 -44.7345 213.788 -96.0614
6.10451 -7.87347 4.91756 207.313 108.681 -7.57919
2.00593 5.85446 -7.90172 -200.91 161.161 22.3157
6.06463 -10.8807 -1.91424 200.503 100.114 4.16287
2.93019 2.15566 -2.17315 -112.784 173.73 -94.7531
6.16392 -7.28553 -6.64737 208.26 108.064 13.522
1.80829 11.0578 6.06022 -225.612 64.2463 -22.3271
6.35802 -6.08862 1.64009 223.173 161.79 4.31933
2.20488 16.9415 -11.1724 -190.05 244.907 -55.305
2.70598 4.38121 -3.21787 -141.742 218.27 3.96431
6.10305 -9.30848 4.91551 195.63 106.253 -7.64982
3.5311 3.04987 7.84706 -62.3465 231.355 -25.2757
5.8241 -4.40371 11.3865 162.866 150.431 -17.3965
5.62072 -2.04796 11.9186 142.269 167.22 -16.5307
4.57676 2.27024 -2.46392 37.6643 256.807 -1.07352
3.22601 3.85413 2.57581 -97.6344 224.204 -2.6246
2.08943 9.43161 3.56756 -211.854 88.7239 -16.4563
1.989 6.7873 -1.75183 -222.902 156.747 7.72626
6.12249 -7.57179 3.49629 185.861 123.158 -10.2998
6.26566 -6.37714 0.766775 199.166 128.508 -5.59121
3.03341 4.24663 12.1282 -123.482 199.889 -32.284
4.50604 2.11974 4.72587 21.3213 285.339 -0.291126
1.64531 7.5253 0.991957 -265.079 87.5495 -15.6702
6.11343 -4.39389 -1.75026 174.359 152.392 1.45937
2.26244 8.02348 6.38284 -212.707 106.79 -16.3029
2.17039 9.08088 0.727133 -233.683 112.731 -10.5065
2.71562 6.19178 8.24415 -179.55 148.937 -7.98066
2.23304 7.35592 3.40703 -230.794 151.398 -45.1824
2.64132 7.0227 -4.65298 -191.253 124.124 8.74011
5.59845 1.02265 6.35412 101.433 202.357 -13.0265
5.35729 0.658625 -6.7903 76.8514 264.752 21.8583
6.57221 -3.78369 -1.94018 197.044 192.65 -0.401326
4.42638 2.73 6.19165 -18.9582 278.038 -14.338
6.23395 -2.92776 -3.28425 152.275 176.609 8.52804
2.65598 7.33153 5.22587 -203.27 119.116 -5.88155
2.49576 15.4548 -10.45 -220.185 50.9263 8.74058
2.70542 7.95725 -6.57577 -201.595 116.797 15.6122
6.35751 -3.21743 6.00019 159.492 184.928 -8.2914
3.29548 13.3293 4.48012 -148.74 178.419 5.60964
3.60565 4.424 6.25384 -120.316 197.041 1.74088
2.53398 7.61916 -5.44729 -227.405 134.856 14.0345
2.50825 9.62602 -1.12814 -231.196 95.5538 1.77273
3.24995 5.67166 -9.69797 -157.717 176.577 16.7868
6.32209 -1.59246 -5.68705 143.813 222.269 22.6456
6.72046 -3.37816 -4.01271 182.081 182.714 8.30758
3.55472 4.55037 -4.76548 -146.183 243.625 24.8411
6.76421 -4.67575 5.34249 169.992 174.171 -8.81743
5.41973 1.74808 4.84028 34.6929 284.424 8.84414
3.16203 6.58511 -5.48069 -190.044 157.103 17.4447
3.28058 5.3882 0.681181 -178.441 221.529 12.686
7.01784 -13.8714 4.47744 190.318 145.816 -30.5984
3.70632 4.91688 -6.52258 -138.807 229.157 27.1615
3.82999 8.07172 16.1223 -129.632 67.1683 -27.1508
5.43425 1.43503 6.64297 27.2299 237.016 2.60785
7.09404 7.65484 10.4329 189.966 283.519 58.2513
6.93546 -6.50983 11.2363 170.622 139.909 13.0279
5.8708 0.489676 -6.76992 62.3669 229.701 12.4965
4.01941 4.73539 -2.69797 -123 199.952 18.2921
3.89417 4.99841 -3.64868 -136.143 240.638 2.01995
6.87417 -13.7251 7.07984 158.675 89.9926 -12.3704
3.53655 6.0737 3.69687 -173.816 174.294 -12.4748
3.98219 4.8248 4.79244 -130.064 194.296 -10.4515
4.28105 4.38111 -0.964077 -105.273 240.15 1.44313
7.10373 -5.82042 2.49275 168.031 151.474 -6.23765
3.51896 10.0589 -5.32046 -189.302 88.1184 5.61816
3.46161 14.0085 -8.51016 -198.079 43.9503 1.64614
3.69594 14.5306 -2.57238 -176.673 27.6655 -5.04684
7.25204 -3.41375 -2.30856 176.288 207.667 0.796515
3.54829 14.7276 1.10798 -197.23 45.5701 -11.694
6.5671 -8.94078 -4.73077 101.052 189.834 -15.6473
7.33476 -6.60732 7.04936 176.932 139.139 -57.281
6.52838 -0.934024 2.83401 95.856 222.576 11.038
6.61463 4.07901 1.16185 96.1374 287.906 15.2619
4.87032 7.27042 -2.92147 -78.2265 207.579 26.4461
7.30626 -3.58641 -0.103247 162.185 190.23 2.90988
7.10744 -7.19105 10.814 139.485 125.363 -28.72
5.03146 -2.8825 -2.78891 -68.2758 76.8468 155.421
4.1527 4.76987 -5.87549 -155.627 183.569 43.3236
3.72355 1.50782 -11.1722 -199.13 104.742 14.6783
6.29586 2.39838 -4.22838 54.1539 214.877 55.0105
7.16969 -2.29872 -8.01446 135.981 214.68 26.3942
4.0483 5.77616 -4.67051 -174.453 213.593 22.0123
6.82937 -0.416086 5.43039 101.039 251.992 96.5448
8.09753 -0.47638 -4.80653 224.886 87.6046 38.7547
6.16678 -13.821 2.12559 31.1698 6.69281 14.4357
4.46724 5.14755 3.70432 -138.242 225.214 8.28173
7.52249 -7.2916 -9.07493 162.37 134.045 54.8583
7.17768 -2.47739 3.69532 123.613 197.328 -12.9437
7.59441 -7.56253 -4.30823 163.38 144.288 -2.59936
5.92092 2.16374 8.95579 -4.78508 228.216 -10.4251
4.22917 -5.29338 3.32625 -174.167 74.393 55.9638
5.94238 2.25728 -10.4415 -4.36351 245.891 25.4114
5.78794 2.62391 -1.95022 -20.41 251.406 0.801345
6.82198 -0.503155 -3.64109 81.2811 227.323 7.47763
8.24962 -2.55083 0.700694 212.698 162.128 1.57828
7.84439 -7.83577 2.46542 168.909 151.483 -9.00319
5.79333 3.05421 -8.52728 -43.8516 212.116 28.6166
6.41224 0.723065 -7.21367 13.6932 247.221 20.3219
8.12874 -1.16247 7.09826 184.197 129.101 -7.04866
5.85589 3.01282 -5.74389 -48.1163 222.398 9.65249
8.07787 -4.14955 4.05855 172.242 206.31 -10.7714
6.34235 2.13892 -5.83588 -4.65583 262.988 17.4406
6.89248 0.53764 -2.1978 45.2589 230.606 8.28307
4.74762 6.44723 0.367899 -168.97 203.302 12.2764
4.94146 6.33213 1.30917 -150.346 237.249 -14.5646
7.92421 -6.41663 9.40328 145.299 156.836 -16.3391
6.78366 0.609863 -7.92982 27.4047 38.8796 133.767
7.50252 2.14354 2.53744 96.8782 293.755 95.0599
8.10363 -3.34373 -1.53396 156.319 223.627 -9.75483
7.89472 -5.39778 9.17182 135.316 145.859 -15.968
7.11999 -7.52343 6.87236 54.3729 211.492 -20.4484
6.5531 2.34779 -5.95027 -5.3984 248.778 17.2971
4.80758 8.03423 2.82038 -179.403 157.142 -14.5595
5.87076 10.1142 1.92057 -76.1152 94.2734 121.644
4.4452 10.9176 1.03957 -217.777 138.649 -23.5049
5.78696 3.99221 7.87984 -84.8086 226.436 -15.2877
6.99252 1.05906 -1.04671 32.6034 254.472 -3.47506
7.21853 1.80432 -6.75794 49.5142 242.859 -5.46389
8.07281 -13.1385 8.32993 132.563 87.5595 -14.2563
6.51863 2.7448 -0.147155 -22.1724 262.357 -2.60763
5.38832 6.47167 -1.78249 -135.819 209.987 -7.60365
6.72265 2.8291 -1.51801 -4.61598 289.309 10.272
5.12376 8.16156 0.675561 -166.736 144.318 -34.7294
4.6668 11.46 5.88564 -215.189 99.4141 -15.3535
5.77217 4.65368 -8.64363 -107.087 237.347 15.4536
8.09949 -1.41111 -4.88683 119.504 249.199 7.53173
7.3103 -1.91458 5.62577 40.3275 135.75 133.793
7.66875 -0.665127 -3.43704 73.6091 232.896 0.954989
5.41928 6.21176 -3.43956 -150.527 177.346 17.6327
6.29531 3.82876 14.5514 -64.5217 189.867 -18.5645
4.88881 14.0628 -4.39781 -204.332 71.8853 7.77586
6.56165 3.0832 -4.98059 -44.0015 239.281 -3.57255
6.00872 4.80936 12.8041 -99.1378 191.269 -12.6626
7.69127 0.426448 -1.84758 67.5554 256.818 3.04169
6.3292 3.72153 0.0423279 -71.3522 246.665 -11.8049
5.10491 8.92684 -1.86898 -194.662 165.676 1.3628
8.61276 -3.58675 -6.36658 152.948 212.98 15.9094
6.6722 3.31101 8.12664 -54.2812 250.321 -15.7504
8.08088 2.89508 -0.652836 75.1576 351.078 -146.534
5.46854 11.2695 1.79972 -188.126 98.3964 -0.00521263
5.5328 11.9267 6.34129 -182.567 93.4078 -8.39348
8.33924 -0.615088 2.13872 90.1072 255.533 -2.96133
9.23688 -5.83444 -2.62885 171.143 181.428 5.75114
8.36076 -11.9108 3.34307 78.1998 107.935 78.5248
7.29069 2.73134 -8.16079 -41.1868 208.237 3.86574
9.20927 -7.62086 5.82587 145.947 161.751 -9.79871
8.82535 -7.80523 1.4073 107.787 205.426 -11.9053
8.95521 5.93216 2.91782 118.522 299.163 40.662
7.43675 3.09379 0.372611 -35.4173 237.638 -9.44616
9.02673 -2.05913 3.76299 100.851 244.206 10.7801
7.54877 3.48737 4.54668 -52.4092 228.869 -9.14409
9.53891 -5.01728 -0.889675 139.774 192.188 -13.52
8.11103 2.3785 -0.230559 -7.42901 280.037 7.66176
8.00634 2.65092 -3.67809 -22.3741 256.444 13.9063
9.87158 -7.00412 6.89081 157.067 171.826 -11.6785
8.84988 1.6196 3.92848 54.5192 220.334 -6.84573
8.1484 -5.5054 2.6737 -17.8002 236.446 11.5406
6.61638 9.15612 -2.1976 -170.783 176.518 4.32059
9.09579 -2.40035 8.27728 74.4886 191.054 -1.39979
9.74848 -8.94511 2.75455 135.615 155.673 -4.24416
6.94572 7.2755 3.22906 -156.36 209.482 -14.3741
9.108 6.83298 11.2762 57.9587 237.591 -12.3944
7.28234 6.66592 1.71153 -124.194 221.839 -1.79333
9.86737 -8.22039 -4.88322 130.168 149.6 9.66057
9.33534 15.3954 -9.53163 74.8123 460.101 -11.7353
9.60177 8.53847 -7.6313 95.2835 382.85 -69.1679
7.78244 -4.8876 -12.4408 -100.481 233.199 22.7419
7.11351 9.90827 -7.53829 -177.543 142.913 -0.235965
8.04449 5.02288 11.7842 -92.9364 188.082 -19.7256
7.38327 10.0018 -7.49137 -173.282 137.362 47.6828
9.21493 0.948984 2.344 6.4709 226.174 2.28802
8.1294 16.7321 -0.639293 -101.726 187.296 -1.24142
10.5931 6.31392 -6.18802 136.077 488.241 -185.387
7.64566 10.2615 -5.19462 -163.204 127.292 -3.20971
9.86208 -6.78385 8.19323 53.5082 228.861 -7.76651
10.1206 -3.22059 4.96504 76.4812 200.466 5.22257
9.37893 1.55034 -0.0668072 -1.85491 266.043 -9.5179
9.74839 1.65759 7.95885 31.0958 12.3016 -112.494
10.3742 -1.54138 2.95033 70.3141 238.831 -10.7951
9.73038 0.908681 -11.7167 1.06811 182.558 26.6765
10.1241 -0.238877 -2.14039 36.0582 218.783 7.934
9.358 2.69765 -10.2031 -42.6333 190.528 8.50931
10.7075 -7.05482 -12.9777 87.0117 127.068 27.31
11.1768 -4.63361 -5.45876 115.361 199.852 3.73085
8.46897 9.23205 -2.25822 -164.59 183.241 16.1645
9.06138 3.2536 23.1996 -120.741 191.702 -178.424
9.54008 4.62213 -5.07809 -77.2912 241.22 4.21725
9.39809 7.27709 -1.36299 -124.083 193.708 -1.35532
11.4755 -2.44053 2.00762 69.2702 222.347 -2.85708
9.55989 14.0154 16.4718 -126.77 226.021 0.195251
11.3251 -0.378213 -0.947402 32.3679 233.809 10.6726
10.6037 3.81898 -9.55479 -51.3052 202.085 29.9726
9.84156 8.67091 0.127748 -147.114 157.46 10.1988
10.9695 2.80174 -12.5296 -36.5598 179.16 16.2017
10.0905 7.97679 4.35928 -124.606 161.093 -9.43025
12.1065 -4.28889 10.1256 64.2044 166.304 -19.3571
11.7714 -1.09984 10.5176 28.4133 201.771 -15.4971
11.3133 -1.1883 5.88372 -17.487 494.852 -114.876
11.4114 7.0808 2.4628 -24.4762 -28.626 101.331
12.6335 -4.01855 4.69401 81.2509 198.885 -9.63521
12.7878 -4.56625 -0.63117 91.1657 218.612 -0.0269865
10.7183 7.11136 2.02709 -118.427 211.342 8.29203
11.2333 4.76639 -6.06677 -75.7388 196.36 19.3755
12.9008 -7.19856 -11.6749 61.2666 132.874 27.9942
12.1139 1.40442 -7.88218 -17.2182 185.761 19.1725
12.3109 1.51012 3.02628 -16.4996 227.241 0.338039
12.3911 2.01067 -6.32514 -16.4885 232.346 17.5468
11.6084 7.12537 1.89667 -101.765 192.184 -3.72029
12.7695 10.6642 -6.44478 12.923 333.471 -73.2795
13.9738 -1.67508 3.9322 99.2701 195.717 -16.7748
12.6894 -3.1743 -0.231037 -31.2448 249.686 -6.96755
12.2932 4.53161 1.93982 -70.7958 196.73 -13.0237
12.243 5.66552 4.92423 -87.5818 195.048 -9.78574
13.0315 0.617679 7.14332 -11.6345 212.791 -20.699
13.2391 0.698999 -3.10326 -1.60726 219.405 12.0158
13.1941 16.248 -4.19399 -65.323 1.56408 3.39789
14.0315 2.19544 -5.32 -20.3382 198.894 14.8702
14.778 1.99361 -9.87348 -33.5778 168.566 16.1569
14.581 0.319736 -0.233626 -115.742 281.87 -64.6157
15.1728 0.360276 -4.12199 -61.237 276.046 10.2515
17.2333 -9.50144 3.46655 20.6655 114.358 -4.64579
nan nan nan nan nan nan
11.7648 3.47369 -4.6052 -43.042 233.953 -0.274676
12.9574 8.18015 -0.940528 -27.7138 242.184 27.7235
