-148784 203492 81096.5 -2.12584 2.90752 1.15873
-110966 5450.56 14194.4 -1.586 0.0779277 0.202873
-104516 28674.8 -1310.85 -1.51611 0.415959 -0.0190003
-100526 -129068 -135508 -1.45784 -1.87176 -1.96516
-92939.6 207801 191856 -1.32814 2.96956 2.74172
-75088.9 26957.9 24610.2 -1.09681 0.393803 0.359498
-67347.4 -127140 31526.9 -0.962273 -1.81661 0.450462
-67106.6 -6653.43 88326 -0.959073 -0.0950787 1.26224
-64351.7 -59997.6 -1103.55 -0.919449 -0.857218 -0.015746
-63679.7 45719.9 -11775.3 -0.910617 0.653792 -0.168379
-61577 71072.3 -12106.9 -0.879834 1.01557 -0.173007
-60771.1 248889 -66889.9 -0.869817 3.5624 -0.957409
-59629.7 -83352.7 19412 -0.854113 -1.19384 0.277945
-54231.7 87618.9 64926.1 -0.776785 1.25501 0.929966
-50093.2 -3094.1 93354.6 -0.715711 -0.0442073 1.33381
-48337.5 138647 -113673 -0.690626 1.98093 -1.6241
-47835 -3489.77 -4501.79 -0.683987 -0.0499004 -0.0644214
-46244.6 5717.13 13054.9 -0.660795 0.0816924 0.186543
-45534 -18051.5 -28960.2 -0.651217 -0.258169 -0.4142
-45285.4 85488.8 -67933.6 -0.646992 1.22137 -0.970567
-44657.7 94943.6 37461.4 -0.649303 1.38044 0.54467
-44515.7 -12384 -43412.2 -0.636874 -0.177178 -0.621084
-41315.9 -47565.2 -32609.4 -0.590269 -0.679563 -0.465873
-40572.5 -17258.7 22442.2 -0.579681 -0.246586 0.320656
-40244.7 11995.3 -37044.2 -0.575036 0.171412 -0.529284
-36471.6 12146.7 -43848 -0.5212 0.17358 -0.626598
-36169.7 51991.2 -33019.9 -0.638675 0.918046 -0.583056
-34046.4 -50771.5 -104.107 -0.772594 -1.15213 -0.00236226
-31653.8 -124339 121413 -0.46388 -1.82217 1.77928
-31570.1 5192.39 -4721.77 -0.45312 0.0745253 -0.0677596
-30745.1 -108014 -155430 -0.439357 -1.54357 -2.22115
-28067 -24175 18435.5 -0.401008 -0.345405 0.263387
-27171.9 90900.3 86957 -0.388192 1.29864 1.2423
-25654.9 -19539.1 120880 -0.366556 -0.279164 1.72712
-25499.6 13320.9 -11767.4 -0.364306 0.190312 -0.168124
-25137.9 19983.9 -39794.2 -0.359541 0.285827 -0.569165
-24329.8 6870.7 -11333.5 -0.356297 0.100618 -0.165985
-23064.8 -1019.85 9281.47 -0.329516 -0.0145844 0.132938
-22558.6 4518.6 17304.7 -0.322791 0.0646511 0.247674
-20938 -12644.9 2579.57 -0.300067 -0.181217 0.0369845
-17971.1 -7723.12 27512.9 -0.25674 -0.11036 0.393059
-17828.9 9073.96 10575.7 -0.304363 0.154905 0.180579
-17487 17406.5 32259.4 -0.257658 0.256618 0.475497
-17360.5 6941.12 36172.3 -0.248081 0.0991841 0.516874
-17289.4 -23338.9 31516.8 -0.249284 -0.336519 0.454403
-16498.5 5167.61 2358.78 -0.235832 0.0739352 0.0336976
-15880.7 2798.47 10195.3 -0.226979 0.0400388 0.145727
-15678.8 7825.61 -2141.65 -0.225437 0.11252 -0.0307905
-15268.2 -16140.2 22093.9 -0.218127 -0.230616 0.315715
-14515.3 -87818.8 -60981.7 -0.207493 -1.25535 -0.871725
-14239.6 9346.21 -20955 -0.203492 0.13356 -0.299423
-14181.6 -24009.6 20233.6 -0.202636 -0.343041 0.289069
-14038.8 17429.9 -39636.6 -0.200574 0.249019 -0.566258
-12995.2 10572.1 306.81 -0.185908 0.151243 0.00439945
-12836.1 -16611.7 12935.3 -0.18386 -0.237945 0.18526
-12750.7 16892.7 -10238.6 -0.182354 0.241592 -0.146413
-12397.5 32543.7 -2296.61 -0.177071 0.464929 -0.0328209
-12310.9 7888.79 -9036.28 -0.178701 0.114511 -0.131203
-12054 12282 11109 -0.172261 0.175517 0.158785
-11633.6 1871.08 -4259.15 -0.167267 0.0269339 -0.0613863
-11220.1 -5888.55 -17745.5 -0.160645 -0.0843101 -0.254137
-10796.5 6386.41 -20739.6 -0.15431 0.0912408 -0.296366
-10768.9 8009.83 -3718.69 -0.332828 0.247717 -0.115027
-10297.1 -32450.4 25974.5 -0.147342 -0.464335 0.371649
-9304.19 1886.73 -2031.99 -0.132923 0.0269342 -0.0290578
-9024.65 -6260.86 14251.3 -0.128963 -0.0894704 0.203702
-8535.41 12294.9 23755.4 -0.123367 0.177705 0.343364
-8483.54 -30187.7 -37104.5 -0.124948 -0.444915 -0.54692
-8066.35 22633 16144.5 -0.1156 0.324364 0.231353
-7987.6 -1327.42 -10229.9 -0.128405 -0.021339 -0.164578
-7964.35 -3711.56 -7234.07 -0.11394 -0.0530795 -0.103463
-7827.54 44791.3 599.815 -0.216879 1.24105 0.0166192
-7601.71 -23348.9 -28013.3 -0.109535 -0.336439 -0.403616
-7330.1 5072.59 10529.3 -0.10471 0.0724515 0.150441
-7158.64 50312.6 -51401.1 -0.102292 0.718883 -0.734438
-7132.89 24028.3 -29528.1 -0.101908 0.343306 -0.421871
-6450.73 28633.8 -18925.2 -0.0921447 0.409183 -0.27046
-6354.85 3105.63 -5265.45 -0.134502 0.0657311 -0.111498
-6344.18 -44699.9 73288.1 -0.0907159 -0.639203 1.048
-6283.15 16122.2 3585.6 -0.0897923 0.230364 0.0512153
-6029.71 21366.8 -18948 -0.0865337 0.306638 -0.271903
-5379.22 7003.69 -17217.1 -0.0771472 0.100443 -0.246889
-5359.04 -45093.9 -21768.2 -0.0765612 -0.644316 -0.311017
-4974.09 12742.6 -880.211 -0.0712067 0.182269 -0.0126007
-4906.02 -8374.64 34624 -0.0708324 -0.120862 0.499765
-4550.3 -3628.7 4994.73 -0.0656035 -0.0523166 0.0720441
-4373.11 3322.45 11285.1 -0.0626425 0.0475912 0.161633
-4287.56 -11625.6 2188.15 -0.06538 -0.177492 0.0334198
-3729.87 -3513.72 -1910.8 -0.0532911 -0.0502115 -0.0272682
-3698.07 76165.4 -323469 -0.0529674 1.09091 -4.633
-3291.94 -3627.26 2142.92 -0.0470513 -0.0518268 0.0305847
-3061.89 -8564.09 12643.5 -0.0441524 -0.123494 0.182309
-2948.69 2073.8 4904.57 -0.042168 0.0296392 0.0701775
-2877.76 -10349.9 -31193.2 -0.0507019 -0.182348 -0.549549
-2785.09 1162.88 -728.531 -0.0397845 0.0165862 -0.0104049
-2584.35 -7418.12 -6621.8 -0.0369197 -0.105983 -0.0946311
-2565.65 -2483.7 3212.07 -0.0368523 -0.0356749 0.046115
-2401.32 36191.3 19569.6 -0.0343326 0.517246 0.27962
-2196.44 -189519 -42240.2 -0.0333864 -2.88076 -0.642069
-2112 13218.9 -24128.5 -0.0304104 0.190383 -0.347409
-2048.34 19599.5 7870.28 -0.0293106 0.280204 0.112521
-1904.7 -21853.7 16752.1 -0.0272008 -0.312237 0.239318
-1711.88 3616.94 1720.6 -0.0246584 0.0520985 0.0247397
-1574.96 -3786.8 -7010.11 -0.0226867 -0.0545482 -0.100925
-1481.73 -3315.35 -201.527 -0.02118 -0.0473994 -0.00284732
-1334.25 -1031.35 -666.642 -0.0191525 -0.0148081 -0.00952521
-1278.73 2162.04 7941.78 -0.0185227 0.0313035 0.115003
-1125.41 -328.033 -147.985 -0.0160964 -0.00469499 -0.00207522
-1099.72 -196.928 7486.78 -0.015774 -0.00283464 0.107427
-1069.84 -1711.38 1021.84 -0.01697 -0.0271463 0.0161716
-905.991 -4676.92 2592 -0.0134101 -0.0692265 0.0383191
-838.951 -1493.08 1596.76 -0.0123081 -0.0218962 0.0234531
-806.676 3693.3 -6493.35 -0.011948 0.0547025 -0.0961369
-798.456 2691.1 6816.29 -0.0118981 0.0401006 0.101567
-779.682 -115.624 -238.373 -0.0111721 -0.00166742 -0.00336763
-772.544 1399.73 1182.36 -0.0146137 0.0264779 0.0223902
-697.227 897.098 533.414 -0.0100036 0.0128705 0.00767101
-638.367 13572.5 -20396.8 -0.0362545 0.770739 -1.15828
-503.547 7024.88 -12548.2 -0.00726032 0.100361 -0.179313
-437.207 1435.31 -6015.82 -0.00626172 0.0205476 -0.0860293
-423.965 651.093 10022.2 -0.00608516 0.00933109 0.143773
-391.108 -1021.18 4032.28 -0.0056018 -0.0146234 0.0576985
-373.441 -807.087 -1653.5 -0.0074033 -0.0159984 -0.0327482
-350.975 59.5476 35.8253 -0.00504504 0.000852073 0.000467221
-282.863 -72.5256 164.854 -0.0955182 -0.0244907 0.057108
-246.872 -5475.96 -20755.4 -0.00389214 -0.0863334 -0.327121
-194.718 -1162.07 9927.58 -0.00285505 -0.0170429 0.145828
-183.96 158.208 439.498 -0.00363844 0.00312516 0.0086307
-169.839 -864.482 1206.66 -0.00254608 -0.0129544 0.0180352
-156.286 -9553.23 -513.7 -0.00238576 -0.145247 -0.00787187
-144.497 636.449 -573.945 -0.00209013 0.0091637 -0.00817863
-136.232 -1826.5 2240.36 -0.0022268 -0.0298555 0.0365902
-125.364 15.8998 64.2902 -0.0018029 0.00023592 0.000868964
-115.963 -251.262 -116.856 -0.00167561 -0.00364105 -0.0016366
-81.7531 3891.88 -7520.5 -0.00120099 0.0571679 -0.110427
-72.5767 -9.07836 -136.571 -0.00122538 -0.000154827 -0.00224634
-46.6711 -446.929 -4763.8 -0.00254154 -0.0243382 -0.258395
-37.2367 -2.63887 -260.756 -0.000572893 -7.23722e-05 -0.00371073
-34.5195 -1.46685 20.4464 -0.00049241 -2.63423e-05 0.000242156
-23.1037 19.1036 -3.54587 -0.000377024 0.00030424 -2.74757e-06
-14.9482 16.5589 -12.3701 -0.000227201 0.000242603 -0.000121315
-14.2178 9.59234 -5.15063 -0.000242757 0.000160968 -1.82094e-05
-10.2434 22.2176 31.9493 -0.000518866 0.00112157 0.00143211
-8.97466 -4.15058 1.05231 -2.88159e-23 -2.20723e-22 4.77331e-05
-8.6206 1.10089 0.197533 -5.06153e-18 -3.87701e-17 -0.000129214
-8.44141 4.12483 0.630129 -1.90583e-21 -1.45982e-20 0.00013224
-8.40357 -1.45125 0.240893 -7.20615e-19 -5.51974e-18 0.183421
-8.36597 -6.70609 -2.31789 7.43455e-27 -1.4503e-27 2.05927e-19
-8.13684 1.67232 -5.4866 -1.34722e-23 -1.03194e-22 2.45738e-22
-8.13517 -1.62348 -3.75296 -7.05512e-20 -5.40406e-19 2.18156e-08
-8.10032 3.41446 0.218771 -1.52003e-18 -1.16431e-17 -0.000260728
-7.56049 2.42187 3.70698 -4.40998e-19 -3.37794e-18 -1.70479e-09
-7.31735 -2.59034 -0.302878 -2.97911e-15 -2.28193e-14 0.0223512
-6.69801 0.199896 -4.48885 -8.07108e-16 -6.18226e-15 1.89604e-12
-6.58155 -1.36591 -0.360832 -8.64109e-13 -6.74222e-12 -0.127859
-6.47526 6.63727 1.91668 -2.78906e-21 -2.13635e-20 -1.27724e-17
-6.35822 10.0426 -4.04461 -9.77168e-05 0.000153409 -2.81415e-06
-6.19992 -1.8319 -0.211538 -2.63397e-11 -2.06146e-10 0.0227024
-6.18542 -3.50604 -0.8389 -1.02548e-12 -7.85545e-12 -6.5654e-05
-5.81601 -4.21203 0.0101056 -4.77469e-13 -3.65753e-12 -7.86252e-06
-5.70247 -1.99178 0.966524 -1.98768e-11 -5.87509e-10 0.000961145
-5.70067 -3.98826 -3.3671 -4.01309e-16 -3.074e-15 8.27478e-12
-5.57869 -1.50202 0.393897 1.52469e-09 -7.41348e-10 -0.141304
-5.57337 -7.94736 4.85355 1.72979e-26 -3.3744e-27 -8.29673e-28
-5.33567 -1.82874 -0.0859497 3.07612e-09 -5.35753e-08 -0.0943752
-5.27034 0.804071 -4.76292 -7.76631e-13 -5.94918e-12 -5.0894e-12
-5.24421 -7.13751 2.00529 1.60899e-18 -3.13875e-19 -8.39464e-20
-5.21511 -2.44756 -1.07 -1.89354e-09 -2.30158e-08 -0.0120952
-4.97123 1.00087 -0.285221 2.52696e-06 -7.8611e-07 -0.000476628
-4.93301 -3.1095 -0.365411 -3.64396e-09 -3.55816e-08 -0.00195735
-4.86964 -7.3554 -3.37437 -6.91097e-05 -0.000105144 1.12157e-07
-4.83583 -1.70833 0.0332358 1.83986e-06 -1.12263e-06 -0.00214017
-4.71115 2.55402 -3.34304 -2.29814e-10 -1.78538e-09 1.28272e-07
-4.70881 -3.71779 0.448916 -7.83141e-10 -6.95322e-09 8.14439e-05
-4.63734 0.805304 -3.90644 -7.70615e-10 -6.18922e-09 1.0551e-08
-4.47688 -5.17539 3.69954 3.09298e-14 -6.03367e-15 -1.48508e-15
-4.42916 3.42578 -2.93241 -2.54041e-10 -1.96885e-09 1.06747e-07
-4.30156 2.62988 0.0573219 2.71433e-06 -2.26111e-06 0.00406322
-4.28911 -0.238088 4.22619 -1.51325e-09 -1.23631e-08 -1.07658e-08
-4.27901 4.89114 2.77248 -2.57307e-13 -1.97201e-12 -5.02135e-12
-4.16983 -3.8331 -6.33152 2.70796e-16 -5.28258e-17 -1.29884e-17
-4.16318 -2.67671 1.00023 3.75503e-06 1.65403e-06 -0.000759784
-4.1508 5.52232 1.19931 -5.99278e-13 -4.59265e-12 -5.42787e-10
-4.08408 -0.213009 5.80249 -2.29396e-13 -1.75769e-12 -1.50571e-12
-4.07097 -0.274737 3.37597 1.29948e-07 -1.02554e-07 -1.0494e-05
-4.07005 -2.75882 5.9545 5.00572e-08 -4.38463e-08 7.73227e-05
-3.78275 0.955445 -3.55447 2.67145e-07 -6.85592e-07 1.08547e-06
-3.76924 -7277.97 -162.773 -9.64836e-05 -0.201613 -0.00450934
-3.66424 2.93438 -5.04906 -5.1899e-12 -3.97633e-11 -3.4062e-11
-3.62343 -2.4275 -3.06323 1.11569e-07 -2.68758e-07 3.71858e-06
-3.61831 2.93949 -4.79024 -2.20003e-11 -1.68687e-10 -1.4449e-10
-3.54187 -1.54264 7.9085 -1.57534e-18 -1.20667e-17 -1.03368e-17
-3.43526 -3.3393 -3.60018 1.98447e-08 -3.72974e-09 -9.05998e-10
-3.36778 3.18916 -6.0064 -2.8593e-14 -2.19016e-13 -1.87618e-13
-3.33441 -4.73565 -0.923517 1.85758e-08 -2.87633e-09 3.45554e-06
-3.32229 -1.393 4.0991 1.81044e-08 -2.38465e-07 -2.23057e-07
-3.31229 1.37922 3.81184 3.39643e-07 -9.37631e-07 -6.56995e-07
-3.28587 2.14455 6.83984 -1.00519e-15 -7.69951e-15 -6.59571e-15
-3.27255 4.45264 -4.85732 -5.82239e-14 -4.45994e-13 -3.82055e-13
-3.18434 -4.13073 2.25336 8.43476e-08 -1.04642e-08 -4.42424e-07
-3.10581 2.08102 -4.47296 -7.68897e-05 4.8638e-05 -4.207e-06
-3.08574 -4.89433 -1.40045 1.65599e-08 -2.92101e-09 1.50094e-07
-3.04176 3.38067 2.98431 3.68949e-08 -2.04202e-07 -1.9676e-07
-3.04081 -0.824222 4.19298 3.65163e-07 -3.28174e-07 -3.77706e-07
-3.03238 -1.88037 -7.64775 -2.97264e-17 -2.27697e-16 -1.95055e-16
-2.93697 4.78323 -0.875262 -4.18771e-09 -6.47288e-08 2.55543e-06
-2.91254 -10.5827 -2.95547 7.66079e-30 -1.49444e-30 -3.67441e-31
-2.78432 3.49788 -3.48124 7.5879e-10 -3.36817e-08 -2.40141e-08
-2.68222 -4.47901 4.07519 3.1898e-10 -6.21629e-11 -1.52979e-11
-2.6483 0.447377 -4.47089 5.6502e-07 -1.51463e-06 -1.17682e-06
-2.63695 -1.00925 -4.29432 4.47304e-06 -4.6436e-06 -5.21263e-06
-2.61974 3.34984 4.27894 -7.19658e-11 -1.0639e-09 -8.48557e-10
-2.52956 0.692874 7.29574 -1.16458e-14 -8.92039e-14 -7.64157e-14
-2.51737 -0.886859 -5.8455 -5.55395e-11 -4.28422e-10 -3.67127e-10
-2.45526 -5.54316 0.357052 7.06095e-09 -1.29656e-09 -2.0909e-09
-2.2363 3.18346 -5.03278 -1.50029e-10 -1.15678e-09 -9.89923e-10
-2.15716 5.15027 -0.280459 3.48341e-09 -5.26819e-08 7.10392e-08
-2.08516 -6.57729 -0.122881 3.18929e-11 -6.21951e-12 -1.52696e-12
-2.04236 -0.0603703 6.52364 -8.86157e-12 -6.78886e-11 -5.81562e-11
-1.90923 -4.12091 -6.28654 1.12952e-13 -2.20342e-14 -5.4176e-15
-1.90811 9.4633 2.77976 -1.38779e-22 -1.89194e-23 7.09412e-23
-1.84126 5.71029 -3.99922 -4.22693e-13 -3.23781e-12 -2.77362e-12
-1.83158 5.29377 -1.25507 -6.04427e-11 -1.36071e-08 -3.5104e-09
-1.77897 -4.64211 5.07688 1.13781e-12 -2.21876e-13 -5.45721e-14
-1.7118 -0.338271 9.19868 -1.13633e-20 -8.70405e-20 -7.45623e-20
-1.67967 5.5061 1.02966 -2.70834e-09 -2.43222e-08 -2.10821e-08
-1.44989 -0.173511 5.36605 4.47701e-09 -2.19903e-08 -1.95995e-08
-1.44715 4.52139 2.24344 1.03282e-07 -9.4651e-07 -3.90836e-07
-1.37476 -4.55971 -2.57823 5.42049e-07 1.34096e-08 -2.37733e-08
-1.31283 -7.75045 -0.85214 2.57648e-14 -5.02609e-15 -1.23578e-15
-1.26298 -6.07831 -5.66907 5.53842e-17 -1.08041e-17 -2.65644e-18
-1.20311 1.02892 -6.24377 -6.22054e-11 -4.77851e-10 -4.09229e-10
-1.14254 6.01365 6.30829 -1.65845e-18 -2.26094e-19 8.47771e-19
-1.10297 7.40098 -3.13865 -1.99842e-15 -2.72441e-16 1.02156e-15
-1.08171 -3.86061 1.84387 2.423e-05 7.86987e-05 -4.48504e-06
-1.05523 -0.470543 -5.17207 -1.55228e-05 -1.07986e-05 -1.27375e-05
-0.972006 -2.24665 5.32202 2.85988e-08 -5.15352e-09 -1.36356e-09
-0.909377 9.02181 14.0594 -4.21376e-05 0.000395697 0.000448453
-0.893013 4.27108 -6.03816 -9.57919e-13 -1.30592e-13 4.89671e-13
-0.866613 -3.97692 -3.8718 1.12265e-07 -1.04771e-08 -5.26963e-09
-0.817901 9.17716 0.251782 -3.67672e-19 -5.0124e-20 1.87947e-19
-0.812218 -5.3314 3.85083 2.65198e-10 -5.16686e-11 -1.27195e-11
-0.7651 0.562985 -6.33888 -1.46209e-10 -1.12122e-09 -9.60388e-10
-0.667957 -5.04161 -3.95936 8.66166e-10 -1.68309e-10 -4.15406e-11
-0.657609 7.4775 0.874238 -3.41348e-13 -4.65355e-14 1.74491e-13
-0.494651 0.0671753 3.28246 -0.00261152 0.000315807 -2.15706e-05
-0.449125 1.15378 -5.43596 -1.26678e-08 -1.17997e-07 -9.65552e-08
-0.394936 -4.28339 -4.19689 5.65898e-09 -9.77976e-10 -2.70879e-10
-0.35424 2.92961 -4.19904 -4.897e-06 -7.4286e-07 -3.32698e-06
-0.340289 5.81445 -1.68513 -5.63911e-09 -8.5744e-10 2.88692e-09
-0.295853 -0.0663049 -4.19437 -0.000203404 -5.80078e-05 -1.11711e-06
-0.273136 -3.54042 -4.01632 4.0005e-07 8.63619e-08 -1.85589e-08
-0.2397 -5.85066 2.25284 3.92316e-09 -7.5868e-10 -1.88174e-10
-0.218579 4.31942 -2.13298 -8.03988e-07 -1.17807e-05 7.30824e-07
-0.210193 -4.75171 -3.52639 4.53629e-09 -4.85758e-10 -2.16737e-10
-0.156749 0.438577 -4.33217 7.13615e-06 -0.000120307 -3.8761e-06
-0.124125 3.46862 4.19251 -4.73692e-07 -1.34415e-07 2.43241e-07
-0.0555028 -4.61076 -3.09383 1.25272e-07 1.9403e-09 -5.99091e-09
0.0298844 2.51916 -5.08954 -1.36444e-08 9.12402e-09 -8.85267e-09
0.108429 -4.74631 2.89665 2.29391e-07 -2.01002e-08 -1.10311e-08
0.110479 5.7292 3.10958 -3.83255e-11 3.52678e-11 -2.49396e-11
0.134894 -1.83593 4.67454 8.32623e-07 2.20996e-06 -4.63715e-08
0.404198 -4.08883 -3.88115 3.41268e-05 -0.000280434 -4.82205e-06
0.523165 5.02989 1.33463 -6.10148e-07 -3.7264e-07 -3.87102e-07
0.61246 -1.65169 -6.98951 5.74465e-12 -1.12064e-12 -2.75536e-13
0.623954 -0.0837413 7.7889 -5.67348e-15 2.43493e-14 1.19703e-14
0.754317 -5.89172 0.202381 2.58249e-08 -4.66923e-09 -1.26297e-09
0.766648 -2.19833 -5.25564 2.65374e-08 -3.89237e-09 -1.29586e-09
0.807642 -0.742285 5.06435 -2.54044e-06 -2.10847e-07 1.45611e-06
0.863845 -2.29415 4.28545 -2.72974e-07 5.11896e-06 -7.96693e-08
0.886756 5.83131 1.59409 -1.74254e-09 1.55931e-09 -1.1315e-09
0.903813 -6.90508 3.03303 1.69158e-13 -3.29987e-14 -8.11349e-15
1.00245 -1.81288 -5.67148 2.27212e-09 -4.09977e-10 -1.09968e-10
1.006 -3.03594 6.47264 6.08666e-12 -1.18735e-12 -2.9194e-13
1.03393 5.10851 -2.34066 -6.49996e-08 5.45205e-08 -4.16341e-08
1.07585 -3.92263 -3.47329 5.06752e-07 1.04337e-07 -2.70738e-08
1.12199 -2.25239 -4.71948 4.56577e-07 2.38379e-08 -2.4838e-08
1.13495 1.5707 6.26348 -3.97217e-10 3.68382e-10 -2.58495e-10
1.17533 5.15704 1.43494 -1.05201e-07 1.85937e-08 -6.80103e-08
1.2467 4.65833 -2.03833 -8.77216e-07 -2.11778e-07 -3.94997e-07
1.27789 -7.41915 0.742426 9.26313e-14 -1.807e-14 -4.443e-15
1.2795 7.10034 1.68463 -4.16123e-13 3.85997e-13 -2.70822e-13
1.28226 4.68007 3.13919 -2.54742e-08 2.10649e-08 -1.62146e-08
1.46856 -6.60795 -4.18838 1.85418e-14 -3.61706e-15 -8.89336e-16
1.52128 0.64915 -6.81338 -5.42571e-13 1.2753e-12 -1.05297e-12
1.54591 4.2644 7.40304 -3.80733e-17 3.5317e-17 -2.47789e-17
1.56548 -4.38249 -3.02441 1.55304e-07 -5.81949e-09 -7.87601e-09
1.64621 -1.81745 4.7736 2.32565e-09 1.98888e-07 -1.26764e-07
1.83791 -5.04022 0.856024 2.14759e-07 5.88593e-08 -2.63189e-07
1.86372 -5.16626 -0.336238 1.75121e-07 1.46833e-08 8.72776e-08
1.89793 1.54829 5.58165 -5.02264e-10 1.11928e-09 -9.37211e-10
2.08489 2.41847 -4.24404 -6.20508e-07 6.88066e-07 -7.75208e-07
2.10774 3.5063 -5.29516 -7.63336e-11 7.07801e-11 -4.96727e-11
2.14052 -4.24288 3.41146 3.74989e-10 6.62029e-10 -3.82823e-11
2.22752 -0.299305 -5.53779 -3.02723e-09 1.25949e-08 6.18547e-09
2.26123 -0.159711 6.09816 -6.36911e-11 2.72793e-10 1.34103e-10
2.34863 -5.99642 -5.72645 5.98028e-17 -1.16661e-17 -2.86838e-18
2.44729 -3.46826 3.59124 -1.09524e-08 2.13389e-08 -3.32527e-09
2.45069 2.87453 -6.20854 -2.35196e-13 5.52925e-13 -4.56521e-13
2.4522 -4.61061 0.0252434 1.03369e-06 5.05409e-07 -1.89987e-05
2.63535 -5.85111 -2.28908 3.95697e-11 -7.71393e-12 -1.88584e-12
2.66029 7.31046 1.30506 -2.29442e-14 2.12832e-14 -1.49326e-14
2.7269 2.81143 -3.14103 -4.05316e-06 -1.20056e-06 -9.10779e-07
2.72997 -10.8503 415.209 9.00284e-05 -0.000140611 0.00591242
2.73064 -4.66937 5.26213 2.07291e-13 3.70046e-13 -3.77382e-13
2.86103 6.20572 8.66342 -2.1603e-28 2.0039e-28 -1.40597e-28
2.9003 2.48559 169.625 -1.24502e-05 7.88475e-06 0.00243044
2.93161 2.71188 -3.42456 -5.18282e-07 -5.54585e-08 -2.27418e-07
3.02051 -3.51245 -2.28283 -4.25025e-07 6.35437e-07 1.05445e-05
3.12226 2.81258 4.87829 -1.25019e-10 2.92508e-10 -2.41828e-10
3.12611 -3.8323 2.2193 4.36351e-08 2.35204e-07 -3.71495e-06
3.14011 -7.85772 -1.3107 7.84214e-17 -1.52981e-17 -3.76138e-18
3.28159 -5.56888 4.09106 8.09356e-14 1.44482e-13 -1.47347e-13
3.29475 6.00392 -1.86431 -4.28887e-12 3.97821e-12 -2.73596e-12
3.30928 -6.84793 0.219138 1.81601e-13 -3.5426e-14 -8.83031e-15
3.33387 4.14398 2.05679 -6.87077e-08 5.7163e-08 -1.6668e-06
3.41603 -2.06883 3.82502 -2.69741e-08 1.18811e-07 -7.11619e-08
3.45346 -3.80537 -0.722542 -3.13147e-07 6.96165e-07 0.00040205
3.53912 2.02946 3.78557 -2.52618e-08 8.61181e-09 -1.83834e-08
3.60496 -2.66017 4.76125 -5.70356e-10 -1.46103e-10 3.90418e-10
3.61533 5.61289 0.237032 -9.62372e-11 8.92182e-11 -6.79086e-10
3.68123 4.26471 -2.63743 -5.0598e-10 1.16122e-09 3.2641e-09
3.73147 -4.70544 -3.03335 3.03577e-11 5.42279e-11 -5.42407e-11
3.77445 -4.13681 0.165051 2.0759e-08 7.2112e-08 4.73081e-05
3.81383 -4.8399 -2.77604 3.21161e-11 5.73558e-11 -5.32023e-11
3.8377 -2.8606 -6.55983 -1.58985e-15 -4.07641e-16 1.08854e-15
3.9085 -0.560082 -5.75482 -2.19126e-12 9.4028e-12 4.62248e-12
3.92245 2.83913 -3.81966 -1.97555e-09 4.59325e-09 -3.76633e-09
3.92948 3.71696 2.65346 -1.81796e-09 3.97157e-09 -2.70594e-07
3.99087 -5.83106 -0.350389 5.13007e-12 9.15828e-12 5.63439e-11
4.06116 -2.9278 -4.01099 -2.9605e-10 -7.51628e-11 2.03306e-10
4.08501 -1.97213 -2.9731 -2.72402e-08 1.47128e-08 2.04838e-05
4.29802 -1.41064 -5.14374 -1.17328e-11 5.03445e-11 2.47494e-11
4.34314 6.90749 -0.641787 -2.63164e-15 2.44112e-15 -1.6379e-15
4.53843 -2.8484 2.04365 -4.80702e-08 -2.91602e-10 3.07832e-05
4.58432 11.9627 -3.86607 6.17003e-05 0.00017797 -1.79143e-06
4.70555 -4.97846 0.876717 1.33587e-11 2.38508e-11 -4.43265e-07
4.80834 -0.302524 5.24283 -2.75672e-12 6.48081e-12 -5.35082e-12
5.13361 -1.68343 -0.658754 -1.18002e-07 1.40942e-07 -0.0442831
5.25305 1.45082 -5.04504 -4.12943e-14 9.70792e-14 -8.0146e-14
5.34981 -4.76726 0.103862 2.98196e-12 5.32334e-12 -3.24779e-06
5.45037 -1.83013 0.103196 -7.62679e-09 1.99218e-08 -0.0580673
5.453 2.54794 3.03541 -3.20555e-11 7.53339e-11 -3.18315e-06
5.58113 3.48545 2.20746 -5.20271e-12 1.22205e-11 1.61486e-05
5.80138 2.13589 -1.21216 -6.94546e-12 -2.42799e-12 -0.00655667
5.84811 -8.12246 -4.69732 7.92483e-28 1.4147e-27 -1.44275e-27
5.92226 1.29197 0.153622 -3.96134e-09 9.08406e-09 0.0855665
5.94317 -3.09313 0.0277791 -2.71656e-11 1.16489e-10 0.00141423
5.97233 1.47818 -0.113621 -8.64893e-10 1.96287e-09 -0.164866
6.38196 0.410437 0.0401787 -3.44812e-12 4.6854e-12 0.235856
6.40191 3.14573 2.09154 -3.47984e-13 8.18084e-13 1.4212e-05
6.51833 4.09536 -1.61986 -3.7447e-16 8.80353e-16 1.85126e-07
6.82645 1.06216 -0.264911 -1.80446e-13 4.20524e-13 -0.123355
20.0212 22.7021 -13.4118 0.000318888 0.000352403 -0.000149062
22.7122 18.5569 -4.2656 0.000341249 0.000279722 -1.02586e-05
32.0637 -1583.39 88751.7 0.000565402 -0.0279577 1.56716
36.6844 -1190.23 108512 0.000525545 -0.017018 1.55136
58.4284 1992.45 9088.96 0.000834834 0.0284717 0.130001
75.8419 -271.268 11152.1 0.00110064 -0.00393556 0.162889
79.1409 -7.1065 -2.63503 0.00114273 -0.00010181 1.10832e-05
110.379 325.397 57.0294 0.00245726 0.00724597 0.00119503
112.77 4013.28 -9223.73 0.00168385 0.0574287 -0.132043
144.956 -8572.15 -7295.11 0.00207602 -0.122478 -0.10419
191.787 -824.779 -5071.09 0.00278231 -0.0117557 -0.0724563
212.941 257.932 75.6131 0.00347338 0.00420075 0.00117626
213.708 10909.6 2229.75 0.00334817 0.166588 0.0340576
311.749 -625.988 1639.48 0.00450928 -0.00905721 0.0235677
329.856 671.339 658.083 0.00484915 0.00987007 0.00970267
392.201 -571.482 143.236 0.00564376 -0.00824317 0.00215655
394.727 -50.9336 408.728 0.0192561 -0.00248471 0.0210452
512.242 -7020.94 59.5521 0.00725484 -0.100348 0.000844912
531.475 7665.36 -2105.11 0.00769981 0.111022 -0.0305359
538.916 -855.879 -25.1665 0.00773504 -0.0122745 -0.000396514
585.013 3574.88 1284.91 0.00877868 0.053647 0.0192462
633.198 5245.44 -2227.15 0.00919331 0.0761414 -0.0322954
706.742 -587.272 10725.2 0.0107367 -0.00891602 0.163018
740.634 -3421.41 2856.83 0.0107541 -0.0496484 0.041507
788.67 -2356.54 1958.86 0.0113039 -0.0337748 0.0281038
909.555 -1194.09 2055.39 0.013171 -0.0172892 0.0297117
914.943 2015.77 1775.94 0.0131093 0.0288845 0.025474
957.986 -5232.01 -7164.58 0.0136997 -0.0747295 -0.102369
961.401 -1989.36 1804.47 0.0138055 -0.0285577 0.0259363
974.69 -12549.7 -12301.1 0.0176002 -0.226612 -0.222101
979.713 -576.531 1761.22 0.0141612 -0.00834532 0.0254484
1062.1 813.159 9285.87 0.0152373 0.0116546 0.133186
1180.04 1956.6 703.679 0.0169314 0.0282323 0.0101598
1469.39 -52172.4 -12242.5 0.0210505 -0.745676 -0.174983
1550.81 -89.807 -167.223 0.0221959 -0.00128151 -0.00235233
1552.8 -22403.6 -12419.3 0.0223697 -0.322648 -0.178772
1696.78 -1373.76 1401.08 0.0255729 -0.0207522 0.0210916
1951.35 2979.72 -1813.8 0.0278678 0.0425582 -0.0259293
2033.38 3853.95 -7654.68 0.0290555 0.0550879 -0.109374
2155.34 3943.97 20709.3 0.030803 0.0563924 0.295975
2155.55 -24133.1 -15191.2 0.0307962 -0.344758 -0.217
2228.99 -5628.9 6370.48 0.0332094 -0.0838644 0.0948977
2381.7 -13625.7 7198.54 0.0342598 -0.196463 0.103807
2651.04 5325.77 10008.8 0.0379089 0.0761609 0.143129
2692.87 10336.5 51079.7 0.0384094 0.147682 0.729785
2796.42 -2067.8 -1779.1 0.0407353 -0.0301213 -0.0259443
3109.87 2585.33 17546.7 0.0444343 0.0369677 0.250727
3137.4 88079 -6617.6 0.0451076 1.26647 -0.0951554
3167.54 -36776.7 16578.2 0.0453417 -0.526378 0.237278
3185.5 4643.19 -2844.07 0.0455031 0.0663282 -0.040617
3529.2 -7713.29 35556.1 0.0585019 -0.127868 0.589426
3695.47 -2425.5 -4780.25 0.0528613 -0.0346915 -0.0683368
4154.45 2489.85 -5819.34 0.0600989 0.0360233 -0.084165
4286.39 -8796.76 -11204.8 0.132737 -0.272005 -0.34648
4348.47 -37360.1 -5327.8 0.0621018 -0.533796 -0.0761258
4454.51 15418 8477.38 0.0671605 0.232475 0.127805
4600.26 -286.632 53843.2 0.0657292 -0.00409845 0.769295
4628.56 6639.04 1698.13 0.0715823 0.102675 0.0262295
4805.82 -6729.87 16239.1 0.0689205 -0.0965116 0.232869
4909.23 -12695.4 9403.39 0.0701793 -0.181634 0.134554
5139.19 5991.99 499.591 0.0737691 0.0860107 0.00716686
5425.89 12041.9 -29317.1 0.0795096 0.176463 -0.429629
5605.24 13774.9 -13520.6 0.0807363 0.198573 -0.19493
5631.83 -24018.4 -11034.7 0.0805148 -0.343373 -0.157743
5845.44 3311.46 -5350.54 0.0893675 0.050627 -0.0818361
6064.7 24102.2 61710.6 0.0866586 0.344391 0.881741
6298.6 -4377.52 -48322.5 0.0899954 -0.0625323 -0.690348
6612.55 -76037.6 -79404 0.0945406 -1.08652 -1.13463
6661.47 -6013.52 -11639.3 0.0952025 -0.0859366 -0.166324
6676.05 9862.89 -11914.1 0.096217 0.142147 -0.171692
6760.68 19758.6 -60275.2 0.0968285 0.283025 -0.863342
7075.94 6856.23 5355.66 0.101178 0.0980382 0.0765918
7119.89 -1520.24 1620.78 0.10446 -0.0223043 0.0238029
7152.92 -102846 48178.2 0.102413 -1.47213 0.689624
7226.22 -175572 -21428.8 0.103405 -2.51235 -0.306637
7424.88 32792.4 31148.1 0.106175 0.469083 0.445591
7445.15 88239.4 -119352 0.106361 1.26061 -1.70508
7924.64 -27375.6 -16175.7 0.131418 -0.453979 -0.26822
8072.14 16411.5 -10203.4 0.11546 0.234682 -0.145916
8083.72 -28525.1 1817.78 0.115571 -0.407809 0.0259666
8725.63 -21137.7 7047.68 0.124701 -0.302131 0.10065
8767.12 4428.18 -1748.84 0.144625 0.0730487 -0.0288714
8964.51 23672.3 45985.8 0.128078 0.338205 0.656969
9192.56 -20164.9 14590.3 0.133651 -0.293175 0.21213
9474.38 1146.56 4498.03 0.136107 0.0164713 0.0645943
9697.93 -2114.42 -2573.51 0.219509 -0.0478591 -0.0582793
9708.76 -17644.5 -13698.3 0.138928 -0.252484 -0.195994
9791.41 -14719 -3687.37 0.140242 -0.210839 -0.0527676
9896.04 4683.12 12015.4 0.141969 0.0671844 0.172414
9976.03 -4415.69 -9838.64 0.155587 -0.0688675 -0.153491
10611.9 -22752.4 18980.4 0.181864 -0.389925 0.325256
11183 -22594.3 11617.7 0.159797 -0.322845 0.165985
11455.9 57658.7 -199060 0.163676 0.823823 -2.84413
11514.9 11482.5 -10052.9 0.165187 0.164723 -0.144193
11654.1 -10891.4 -21819.4 0.168444 -0.157421 -0.315381
11822.9 -17273.4 68129.8 0.168946 -0.246839 0.973607
12021.5 417.649 32328.2 0.171823 0.00598818 0.462006
12401.7 -20876 -16771.2 0.233727 -0.393438 -0.316051
12570.4 -18582.3 -19953.7 0.179723 -0.26566 -0.285281
12792.2 7588.69 -2031.54 0.18278 0.108409 -0.0290121
13076.7 -38262.6 -41465.6 0.187522 -0.548692 -0.594621
13785.6 -10223.8 5558.35 0.197785 -0.146684 0.0797687
14645.5 17439.8 -24817.3 0.332336 0.395744 -0.563159
14661 9603.06 -3647.67 0.21085 0.138109 -0.0524566
15803.3 -7517.81 8840.41 0.225802 -0.107416 0.126298
16112.9 -117319 -142782 0.230245 -1.67642 -2.04027
16312.5 -14621.1 -28772.1 0.233078 -0.208905 -0.411115
16575.9 -737.407 -10390.9 0.236899 -0.0104981 -0.148495
16748.7 -13681.9 9592.72 0.951111 -0.776961 0.544746
18036.7 10204.9 -9985.11 0.25766 0.145808 -0.142669
18577.4 2671.53 35450.7 0.265496 0.0381759 0.5066
18672.4 -24640.8 -87092.7 0.272882 -0.359962 -1.27228
18918.7 15746.1 -14348.8 0.27052 0.22517 -0.205188
20791.6 10409.8 -51352 0.29708 0.148732 -0.733728
21276.2 -61849.1 39545.1 0.30401 -0.883628 0.56498
21488.8 44045.6 -31295 0.307001 0.629311 -0.447156
21704.1 25845.9 82659 0.310092 0.369263 1.18097
22442.7 959.652 -44697.5 0.321013 0.0137225 -0.639335
22718 -16210.6 -16839.8 0.325005 -0.231909 -0.240924
22955.6 30791.8 189879 0.328605 0.440779 2.71809
22982.3 -28906.4 14622.3 0.328455 -0.41305 0.20893
25249.3 45815.6 -99705.2 0.361438 0.655841 -1.42726
29626.8 23391.3 26620.8 0.423366 0.33427 0.380414
29955.7 -21904.8 -24433.6 0.430231 -0.314602 -0.350946
30739.4 -1875.41 -5940.68 0.53627 -0.0327178 -0.1037
32921.4 -37171.5 19453.7 0.470448 -0.531173 0.277991
39197 -23690.9 43748.2 0.56067 -0.338903 0.625842
40693.2 235650 246891 0.581403 3.36699 3.5276
41610.2 -15891.5 -6926.94 0.594853 -0.22718 -0.0990279
44346.6 22632.4 -34011.4 0.633843 0.323485 -0.486152
44805.9 14249 32406 0.640126 0.203571 0.462995
51959.4 -60437.4 106777 0.743214 -0.864482 1.52731
55476.9 6566.22 -22522.1 0.792654 0.0938194 -0.321821
59807.9 -112057 -116726 0.855055 -1.60204 -1.6688
62852.5 36754.5 -113426 0.898064 0.52517 -1.62067
64407.4 -13600.3 -19520.2 0.920133 -0.194306 -0.278875
67862.8 59538.4 -27564.3 0.969933 0.850957 -0.393959
71852.1 -117279 -62452.2 1.02653 -1.6755 -0.892217
74305.7 -22399.3 16024.8 1.06154 -0.319993 0.228934
76579.1 -33840.4 12334.1 1.11086 -0.490886 0.178912
86005.9 48945.1 66011 1.23013 0.700056 0.944151
95979.1 -36039.5 -8408.84 1.37316 -0.515611 -0.120315
108164 -84463.2 -78645.5 1.5457 -1.20701 -1.12386
118815 5516.82 -135043 1.69788 0.0788428 -1.92986
126233 -25303.9 279235 1.80804 -0.362395 3.99944
160043 202426 85534 2.32096 2.93561 1.24043
224166 -514943 -333079 3.20286 -7.35747 -4.75901
