-450895 88595.6 4.32156e+06 -4646.38 912.872 44531.9 426
-177288 60.5037 -140.527 -1816.01 0.619795 -1.43951 320
-43461.9 23206.5 -31707.8 -431.134 230.222 -314.532 194
-12034.4 8051.52 7198.36 -150.959 100.987 90.2881 262
-10143.9 -11773.6 12833.4 -104.062 -120.785 131.655 480
-9409.23 8600.83 -6624.93 -95.7407 87.4471 -67.4172 269
-9101.96 16442.4 -25437.5 -89.9997 162.521 -251.515 107
-8899.96 -212.093 -1069.68 -91.7447 -2.22437 -11.0512 52
-7963.8 -430.531 -2313.91 -84.3143 -4.55381 -24.5051 159
-5347.79 -7741.43 6548.19 -56.6108 -81.996 69.3526 361
-4833.75 6135.17 -179.063 -51.6753 65.4363 -1.91807 419
-4700.9 553.164 -530.397 -49.7102 5.85509 -5.56732 439
-4502.92 2539.74 -64.8667 -46.3872 26.169 -0.668582 317
-4458.99 -1613.12 -1696.67 -48.0263 -17.4003 -18.2446 21
-4284.5 -412.635 -5665.13 -45.3056 -4.37979 -59.9899 475
-3168.53 3115.01 -951.409 -31.2634 30.6335 -9.326 258
-3023.85 -3688.72 4743.23 -31.2791 -38.2023 49.1007 56
-2768.62 93.0945 -244.282 -29.8748 1.03803 -2.63719 186
-2675.71 87.8419 -1906.02 -32.9115 1.06897 -23.4397 489
-2660.59 3857.46 444.866 -26.3358 38.1457 4.39571 344
-2509.36 270.143 -1575.98 -26.5113 2.86758 -16.6909 48
-2361.97 3908.04 1019.25 -25.328 41.8676 10.9642 304
-2142.99 1384.56 -79.841 -22.6649 14.6771 -0.858085 366
-2088.67 497.009 -2547.3 -22.2757 5.23051 -27.2145 202
-2079.52 -1152.85 -601.613 -21.1883 -11.7586 -6.15408 130
-2057.22 970.368 111.131 -21.2266 10.0757 1.06835 396
-1973.72 1950.45 309.05 -20.8493 20.5788 3.28738 15
-1896.57 -539.671 -1717.85 -19.3363 -5.50689 -17.5136 408
-1777.94 -750.581 601.063 -18.7615 -7.95289 6.37656 2
-1662.69 1254.09 -1631.74 -20.4277 15.4242 -20.0541 500
-1650.73 -572.107 -345.217 -16.1391 -5.66627 -3.38259 390
-1495.79 40.0383 9952.71 -14.8746 0.396171 98.9817 458
-1470.75 1852.91 -1033.28 -15.4936 19.551 -10.9495 339
-1457.45 -1274.46 1456.98 -15.0036 -13.1378 15.0266 381
-1428.52 428.374 -275.573 -14.1223 4.21783 -2.71765 227
-1373.3 -1110.62 -947.201 -14.0971 -11.3947 -9.77791 310
-1340.16 4156.34 299.582 -13.3139 41.0554 2.95881 416
-1336.45 2532.12 759.927 -13.5965 26.1176 7.84862 167
-1324.85 430.584 845.151 -13.9645 4.57778 8.96425 58
-1241.93 -149.065 300.018 -12.7232 -1.48569 3.05196 495
-1226.2 1473.19 -21.8789 -11.9848 14.373 -0.208438 379
-1207.83 175.715 926.041 -12.3742 1.80378 9.53848 315
-1169.58 -1025.38 766.398 -12.8017 -11.2361 8.39034 336
-1161.58 -1044.78 -251.763 -11.7502 -10.7242 -2.52378 213
-1063.95 472.957 720.097 -11.1913 5.0242 7.62314 117
-1063.93 -33.7524 115.744 -11.4454 -0.30932 1.26118 101
-1062.6 491.084 -3201.01 -10.6417 4.91971 -32.0609 25
-1017.73 -806.837 317 -10.6975 -8.56173 3.35487 485
-991.123 -1478.81 1138.16 -10.1537 -15.221 11.7125 312
-987.987 -1021.84 -631.677 -9.97565 -10.4852 -6.3933 292
-966.901 112.214 -1356.09 -9.83788 1.03474 -13.7954 249
-959.191 -89.8143 -807.051 -10.6014 -0.99518 -8.93768 33
-834.088 958.675 120.409 -8.82864 10.1528 1.34358 142
-832.615 1594.8 186.668 -8.12755 15.5524 1.82878 208
-810.708 -2933.41 432.713 -8.79863 -31.4878 4.66895 422
-779.417 -447.399 -481.909 -7.72833 -4.44125 -4.77801 44
-779.329 50.8208 1512.6 -8.54666 0.5581 16.592 441
-771.722 -845.094 -2002.55 -7.90834 -8.71794 -20.6378 436
-761.117 91.1906 -45.5804 -7.42459 0.927501 -0.441 472
-759.129 823.949 -484.499 -8.10738 8.77673 -5.17599 11
-756.547 560.257 -678.823 -7.7349 5.77052 -6.96169 302
-712.701 4255.96 381.098 -7.90046 47.1425 4.21961 230
-697.49 443.204 -209.86 -6.87363 4.27556 -2.07495 492
-672.141 182.382 665.023 -7.18462 1.93777 7.10064 151
-594.281 -3329.88 6002.91 -5.89919 -33.0506 59.5833 331
-568.637 -21.7946 568.125 -5.56622 -0.25002 5.56752 353
-520.832 246.75 -395.02 -5.25361 2.45605 -3.95655 78
-506.819 1213.7 -608.764 -5.03496 12.0036 -5.99571 490
-496.089 -227.208 390.818 -5.18095 -2.50156 4.18849 279
-473.238 -666.002 105.104 -4.57291 -6.48668 1.02174 307
-460.03 51.1852 199.012 -4.37491 0.419786 1.91555 267
-432.46 219.497 -827.405 -4.28244 2.10546 -8.12873 63
-432.37 813.784 -578.911 -4.58803 8.58043 -6.10282 100
-429.426 -516.112 -703.557 -4.19858 -5.1278 -6.93697 476
-425.481 -1047.43 -576.959 -4.31685 -11.0798 -6.06244 290
-399.207 -137.033 153.388 -3.90695 -1.35134 1.44568 173
-390.981 672.631 -1297.38 -4.29238 7.4059 -14.2591 238
-389.23 -913.994 74.5887 -4.24928 -9.98353 0.837515 32
-379.974 -116.305 33.3897 -4.48372 -1.42245 0.371494 60
-371.636 -1692.76 6307.73 -3.77484 -17.1971 64.0722 226
-363.746 -421.427 -263.587 -3.66791 -4.30785 -2.68575 330
-362.048 -1634.7 -886.688 -3.70336 -16.8154 -9.15282 170
-357.718 -64.7741 71.1504 -4.18805 -0.798534 0.820821 252
-348.92 -291.125 640.514 -3.71172 -3.13082 6.79216 378
-347.733 -204.764 75.8282 -4.34324 -2.63801 1.00389 37
-337.775 844.912 -530.12 -3.57243 9.07933 -5.65677 415
-324.024 -377.571 171.083 -3.48204 -4.13391 1.89937 35
-321.947 -406.687 -340.855 -3.03768 -3.83836 -3.28942 50
-310.606 646.92 -1214.79 -3.25941 6.77913 -13.0461 205
-307.086 33.0159 -498.816 -3.27222 0.31959 -5.27114 174
-262.174 -1413.57 1162.42 -2.62652 -14.5775 11.9631 273
-255.182 -368.003 -95.7037 -2.5433 -3.84013 -1.02906 343
-251.412 6320.9 10648.9 -2.55291 64.2517 108.37 180
-250.271 127.152 -250.634 -2.64565 1.20309 -2.59725 144
-240.256 840.644 173.371 -2.55578 8.91119 1.86651 216
-236.599 -733.678 1178.63 -2.36998 -7.36836 11.8164 393
-228.55 831.601 -754.879 -2.26144 8.17341 -7.40404 31
-228.446 -809.568 -299.843 -2.76766 -9.88882 -3.66075 389
-225.804 45.4941 -86.2774 -2.1421 0.371261 -0.809771 465
-218.666 -84.8326 267.997 -2.27696 -1.00615 2.70229 253
-218.393 41.7908 -22.2461 -2.00562 0.303624 -0.136011 488
-212.376 -254.259 143.33 -1.94779 -2.36644 1.2816 76
-205.458 -794.012 367.411 -2.07556 -8.12096 3.75378 423
-204.58 -114.224 -169.779 -1.78477 -1.07882 -1.52071 345
-194.536 -161.622 19.1204 -1.72875 -1.55138 0.202333 54
-189.569 -122.361 -103.467 -1.76179 -1.07908 -1.01543 178
-185.449 -211.538 -91.0671 -2.73025 -3.16719 -1.33684 127
-181.828 -177.695 -415.976 -1.76468 -1.7838 -4.2091 469
-178.894 -222.608 -35.5462 -2.03476 -2.53733 -0.415627 351
-174.321 -537.856 -84.7533 -1.60522 -5.0882 -0.820525 168
-165.979 69.8697 256.889 -1.5205 0.687178 2.48695 46
-164.912 -388.139 -66.3582 -1.63053 -3.9561 -0.688891 300
-163.241 -48.9164 -102.495 -1.23125 -0.596129 -0.83709 223
-158.908 -108.964 177.778 -1.34318 -1.02639 1.55066 113
-155.54 -281.491 124.236 -1.52212 -2.89404 1.28464 128
-154.087 278.509 -1641.16 -1.57537 3.00497 -17.6266 385
-142.708 -342.286 146.175 -1.28329 -3.23583 1.31328 114
-141.194 -108.901 73.9277 -1.11421 -0.78166 0.699473 356
-129.642 -538.431 -429.148 -1.40894 -5.74372 -4.58974 120
-125.096 -15.3163 29.5558 -2.11476 -0.408844 0.552775 196
-120.264 386.911 -594.33 -1.17239 3.75243 -5.78482 248
-120.146 -35.0785 -58.1922 -3.23391 -1.08368 -1.58282 373
-118.269 -404.328 26.607 -0.834789 -4.02091 0.281662 19
-111.953 14.199 -10.2867 -0.528304 -0.235687 -0.112247 162
-111.64 -723.933 64.2599 -1.00129 -6.91073 0.589434 477
-108.432 12.2706 -39.0176 -0.50627 -0.212927 -0.198262 397
-107.515 20.895 -28.9847 -0.608043 -0.263828 -0.174139 428
-102.93 -736.803 -26.8804 -0.974033 -7.46942 -0.26971 132
-101.376 238.145 54.1095 -1.07479 2.41197 0.556749 68
-101.126 -9.46522 34.1804 -0.340216 -0.0945779 0.253953 257
-100.134 -9.13952 -231.179 -1.07269 -0.156367 -2.52506 491
-100.086 -215.342 -93.9744 -0.862726 -1.97654 -0.983813 169
-97.7443 33.1382 100.112 -0.63198 0.00243042 0.655931 66
-85.3005 56.7828 1672.65 -0.833565 0.586722 17.2309 233
-82.2656 -350.411 809.779 -0.819228 -3.50931 8.07256 204
-80.336 -560.261 118.592 -0.759238 -5.8161 1.26041 499
-80.0534 93.1853 172.479 -0.844124 0.826123 1.67561 187
-76.3093 -21.9679 11.0231 0.0227513 -0.631022 0.0443884 203
-73.2584 21.7188 17.3336 -0.251576 -0.548787 0.0297526 447
-69.4085 -3.22633 -6.86527 0.264716 -0.434305 -0.0384713 359
-68.0787 -116.496 -35.5215 -0.359375 -0.753844 -0.126583 182
-67.8554 31.0166 49.4027 -0.476894 -0.483156 0.354187 110
-64.6148 -91.9639 -36.2872 -0.0319147 -0.699811 -0.248777 79
-60.349 -1176.12 -419.437 -0.596137 -11.5512 -4.12774 84
-57.3841 0.795433 -19.1157 -0.430572 -0.544519 -0.254514 375
-49.5186 49.0061 -2.37029 -0.875969 0.391717 -0.0890403 314
-49.2315 7.25512 -2.31872 0.550365 -0.516472 -0.0282493 146
-48.7699 105.941 -387.294 -0.476849 1.03399 -3.64702 8
-48.7251 -10.1101 -7.07126 0.562251 -0.813895 0.10632 183
-47.8561 -1347.08 144.542 -0.356324 -13.8234 1.5183 123
-45.7655 24.1216 -5.64471 0.0848406 -0.815039 -0.211747 200
-44.0701 -0.109052 -0.287251 0.113457 -1.26143 0.0430145 244
-43.4937 21.9007 55.931 -0.249742 -0.470852 -0.0941165 73
-39.6299 54.527 -10.3287 -0.630065 -0.448948 -0.0644562 265
-34.1033 15.6346 -0.694365 -0.75866 -0.555219 -0.0149259 282
-32.9475 97.7915 42.7102 -0.771302 1.15728 0.451935 164
-32.3745 34.0228 -15.7619 -0.101692 -0.509909 -0.0726883 456
-24.2143 0.442032 3.14861 -0.63472 -1.51204 0.332898 294
-23.9984 -35.1095 -9.53876 0.232968 -1.19478 -0.478251 103
-22.1188 -98.8067 8.01956 0.397483 -0.397775 0.057344 39
-21.2559 -267.858 -294.981 -0.141694 -2.75569 -3.09188 313
-20.3971 -90.008 1.47541 -0.18268 -1.50312 0.0160177 96
-19.9192 -378.007 -78.0124 -0.198778 -4.49295 -0.90478 474
-19.6144 -9.66104 4.58352 0.806863 -1.70385 0.169211 368
-18.3976 -2.89504 -2.80689 -0.58761 -1.33005 0.283941 116
-18.33 -12.7685 0.402491 0.69111 -0.636331 -0.0994326 64
-18.2871 1.73513 -1.22704 -0.867297 -1.80298 0.527136 5
-18.2802 286.319 19.4947 -0.272665 2.55822 0.171102 482
-17.5311 17.862 0.932283 -0.385214 -0.404254 -0.790281 288
-17.4024 18.8146 3.12424 -1.3383 -0.922826 0.499261 214
-17.3655 -499.273 302.148 -0.20551 -6.49173 3.93765 497
-16.8313 4.4103 3.12685 0.457487 -1.95277 -0.406337 129
-16.714 -17.2018 -4.02148 1.58442 -0.426798 0.409532 438
-15.7298 12.1771 2.7377 -1.30576 0.41334 -1.75952 293
-14.9372 -541.124 -53.6123 -0.140985 -6.52801 -0.636694 283
-14.749 -13.9512 -1.47907 1.14423 -1.53426 -0.288986 420
-14.6981 5.3968 -2.11391 -0.777724 -1.89828 0.368998 59
-14.4332 -11.6749 -1.80855 0.856874 -0.892677 0.502226 321
-14.3425 -5.83007 3.94929 0.866406 -1.81612 -0.0723827 121
-14.1453 0.694932 2.40079 0.321073 -2.52691 -0.571647 297
-13.9555 -6.51776 3.81243 0.932718 -1.76491 -0.141769 81
-13.8641 -5.77389 3.15209 0.805967 -1.71365 -0.101707 387
-13.476 -20.822 -1.01767 1.33534 -1.09102 -0.470103 272
-13.4715 21.9046 3.56572 -1.55139 -0.435165 0.575895 332
-12.9984 7.57202 -2.3855 -1.10551 -1.85131 0.0473883 77
-12.9659 -126.317 -24.0984 0.109897 -0.731728 -0.219334 278
-12.6199 -11.4408 -1.24544 1.58655 -1.6429 -0.198491 430
-12.2094 -14.4701 -1.49498 1.35123 -0.55545 0.292138 131
-12.0789 2.3665 -2.08844 -1.81248 -2.1189 -0.0339028 192
-11.7228 2.57345 -10.6273 -0.223745 -2.08172 -0.569454 306
-10.8749 -9.8877 -2.10556 2.26709 -0.327992 -0.144687 370
-10.8561 -15.1083 6.30225 -0.449527 -1.9968 1.50958 392
-10.5198 -6.05307 14.6921 -2.71998 -1.49672 2.69344 448
-10.4165 18.538 -74.2569 -0.116188 0.176774 0.219386 402
-10.3093 -5.83098 3.18968 1.16212 -2.36658 0.0896115 255
-10.2854 4.80347 -14.6252 -0.766574 -1.88789 -0.132542 483
-10.1881 -12.9244 -13.6354 1.44518 0.636672 1.49322 318
-10.0504 -2.85436 -1.6859 0.130939 -2.6135 -0.231365 264
-9.97532 0.885633 -11.5149 -2.1984 -0.912065 -0.483059 158
-9.84717 1.05857 -1.23779 -1.397 -2.74146 0.243168 261
-9.3384 -4.54374 0.524867 1.08274 -2.31267 0.198273 220
-9.25746 8.49486 -3.83593 -1.39283 -1.92624 0.238301 287
-9.23404 2.47662 -0.380604 -0.406049 -2.77896 0.195162 165
-8.99214 1.8173 -1.14876 -0.912402 -2.85017 -0.122202 88
-8.80419 133.843 35.8103 -0.243159 0.764897 0.219144 498
-8.63646 -2.19714 0.142761 0.422436 -3.13425 0.327325 260
-8.6019 -5.6341 0.0665013 1.99004 -1.90099 0.437757 461
-8.60582 5.43782 1.05774 -0.900286 -2.43123 -0.0584115 445
-8.44627 4.03814 0.145485 -1.62451 -2.78826 0.184365 455
-8.00309 0.446987 -0.10861 -0.556081 -3.35428 0.26871 232
-7.83905 3.36674 -0.256552 -1.15943 -2.37343 0.183794 266
-7.77995 6.22766 0.562605 -0.915829 -2.49145 0.117949 365
-7.76871 4.32429 -0.524472 -1.43997 -2.23519 0.6002 218
-7.72414 0.584533 -1.80526 -0.269751 -2.78061 -0.207005 414
-7.10461 2.01991 -0.00479837 -0.656046 -3.13099 0.506984 407
-6.93594 5.37208 -0.635442 -0.85541 -3.02017 -0.10532 291
-6.60756 -2.22726 -1.51049 0.928211 -3.4141 0.158479 274
-6.56067 43.7013 -7.07774 -0.737945 2.929 -0.424864 199
-6.52347 1.13378 -0.151539 -0.278334 -3.57789 1.5111 487
-6.45226 0.460458 -0.983793 0.283372 -2.9918 0.550888 141
-5.79421 -13.9514 -9.48023 1.77303 -0.340373 -0.82308 446
-5.55485 2.06539 -0.738788 -1.50248 -3.42407 -0.453662 435
-5.49037 4.61415 -0.830269 -2.258 -2.05933 -0.950991 354
-5.25868 -6.7233 0.335323 2.75934 -1.34642 0.151203 484
-5.00726 -25.228 1.08088 1.56709 -0.627743 0.155226 316
-4.96835 8.49684 -6.2641 -1.9293 -1.35995 0.484275 115
-4.86049 2.6209 -0.285699 -3.16591 -1.53233 0.0734455 327
-4.49793 -2.73331 -0.276316 2.1241 -3.7839 0.338473 156
-4.42502 5.87642 -1.26909 -2.39279 -2.02028 -0.0356978 47
-4.23932 -1.54759 -0.916599 1.7392 -3.17688 -0.410814 137
-3.87299 -6.08684 -0.135483 2.72205 -1.50577 -0.448321 384
-3.688 -411.208 333.265 0.0609353 -3.81673 3.18792 143
-3.64861 -6.8908 1.26415 3.07217 -1.5312 0.360769 28
-3.59696 8.88563 0.514319 -2.60383 -0.818435 -0.105825 184
-3.52111 -3.65918 -1.32466 2.01543 -3.4041 0.547503 433
-3.02333 6.45546 -0.406557 -2.96202 -1.38216 0.103512 250
-2.98876 2.74922 -1.08078 -2.46892 -2.68801 0.40434 197
-2.92306 7.92109 -0.306511 -2.87732 -1.32427 -0.664759 195
-2.8502 -1.92904 -0.133303 3.02842 -4.00637 0.0472171 289
-2.84553 -17.2132 -4.49162 1.79451 -0.867777 -0.513398 338
-2.5185 13.0496 -6.76854 -2.38845 0.131357 0.662148 42
-2.51929 3.37725 0.461361 -4.53209 -1.74676 0.0446779 454
-2.43783 -1.80273 -1.35189 1.37347 -4.15313 -0.957542 360
-2.45269 4.18053 -1.18638 -3.23918 -1.11542 -0.692224 411
-2.31135 4.69313 -2.0426 -3.548 -0.852703 -0.647382 139
-2.05912 -6.23489 1.326 3.52599 -1.88908 0.530446 82
-2.11445 5.79841 -0.608129 -2.74323 -1.52273 -0.154418 215
-1.91355 -8.19585 0.724236 2.9852 -1.79625 0.715302 136
-1.39475 8.68585 -0.719417 -2.9458 -0.154292 -0.355502 135
-1.39966 4.86866 -1.78405 -3.57824 -1.17276 -0.841972 301
-1.31421 9.75702 0.648647 -3.23838 -0.216012 -0.915035 481
-1.12643 -5.54218 1.35567 3.65742 -1.04732 -0.229644 20
-1.18812 7.35778 0.218506 -3.25941 -0.299388 -0.457426 263
-1.11465 -22.4511 1.78143 1.75931 -0.426303 -0.56892 328
-0.985666 -9.54767 -0.355885 1.98544 2.43219 -0.311405 319
-0.929536 -0.554461 0.0406553 7.17288 -9.20603 -1.1078 237
-0.94707 -6.85138 0.750807 3.62672 -1.14347 0.565669 268
-0.950461 6.68371 -2.32909 -1.65458 -3.75748 -0.640622 154
-0.838267 -2.12337 0.199461 5.52531 -0.661608 1.34556 122
-0.798741 -3.9661 0.251193 4.61855 -0.265458 -0.270568 71
-0.720718 6.46278 0.403543 -3.26608 -0.417965 -0.135842 161
-0.466012 -5.98003 0.766789 3.85426 -1.25369 0.146149 93
-0.337396 6.59872 -1.55127 -3.36533 0.882486 0.789013 157
-0.249789 -5.38018 -0.0710314 4.02808 -0.808394 0.882451 295
0.0500371 4.44919 0.860892 -4.62236 0.760568 -0.0416807 55
0.17843 -2.23813 -0.553934 6.63962 2.56885 1.75801 134
0.174561 -2.71037 0.473313 5.58485 0.294882 1.014 496
0.393884 6.24108 -1.15928 -3.18606 0.637937 0.270457 460
0.767428 -4.25349 0.146261 4.12628 1.94687 0.481747 380
0.960776 6.93792 -0.708277 -3.43886 1.0262 -0.435754 478
1.0589 -6.00635 0.495986 2.95686 2.27276 0.301851 225
1.10928 -2.62916 0.770222 5.63426 2.1364 0.371429 442
1.38874 -3.17102 -0.0160764 4.30536 3.17133 -0.866433 275
1.37365 9.27013 0.559465 -2.63974 0.347659 -0.0600872 224
1.60079 -9.23802 1.11853 2.67625 0.652535 0.757892 207
1.62842 0.323246 0.397842 -3.42558 5.77889 -0.44269 473
1.65941 12.1418 -0.0814838 -2.23891 1.48372 0.173772 147
1.68605 12.8738 -0.760172 -1.86573 1.37618 0.0701918 53
1.93058 -2.2662 0.337718 4.83948 3.34147 -0.111882 125
1.93803 9.22856 -0.706132 -2.58672 0.866834 -0.521982 57
2.20196 -3.42849 0.503532 3.7281 2.60592 -0.216911 259
2.13435 5.08389 -0.0604771 -3.49611 1.77159 -0.934944 111
2.32973 -5.48321 -0.00232529 3.22204 1.67463 -0.00906706 98
2.39562 -9.93656 -0.0217588 2.01597 0.649298 0.145078 102
2.46081 12.7335 -0.147364 -2.13572 1.37231 0.412995 358
2.53945 -12.4959 -0.0990337 2.22633 0.324547 0.360668 417
2.57816 -14.9182 1.53726 2.68314 -0.608353 -0.191255 90
2.64698 1.86523 -0.34771 -3.60306 2.72975 -0.685288 212
3.16883 -3.61924 0.2693 1.43588 4.5178 0.688371 38
3.22955 8.99073 1.07757 -2.48599 1.26435 -0.235117 138
3.32286 -30.3672 1.04401 1.5543 0.501228 0.208207 148
3.36716 6.05441 2.08002 -3.50358 2.45566 -0.71541 281
3.47063 7.25045 -2.51398 -3.06544 1.30035 -0.265396 193
3.59375 2.38404 0.670252 -2.70278 3.3815 -0.00825897 118
4.41877 27.5187 17.3706 -0.662182 -0.791039 -0.273514 463
4.73808 10.6753 5.11942 -2.04896 2.24694 -0.651518 72
4.73808 4.127 0.4897 -2.39819 2.74397 -0.711201 109
4.80138 -11.3193 -6.16652 1.98549 0.636682 0.662825 468
4.95517 18.8009 -0.58446 -1.53116 -0.491255 -0.207258 459
5.22608 -2.00379 -0.772903 2.02607 3.42529 -0.595323 342
5.27234 23.8555 0.34865 -1.47731 0.720185 -0.82261 70
5.33581 -10.5472 -0.111401 2.56886 0.672065 -0.41133 296
5.60401 248.087 242.73 0.220049 2.33994 2.50244 464
5.74062 5.0002 1.06616 -1.98673 2.75625 0.0194568 367
6.02035 -7.48831 -0.265713 2.43658 1.67146 0.18193 276
6.12889 8.27868 0.719599 -2.42431 1.48321 -0.168658 333
6.30761 -0.77586 1.12153 0.633759 3.53897 -0.660545 410
6.75854 -0.560835 -0.43426 0.204734 3.13488 -1.09096 171
6.84628 -5.01851 1.89174 1.86328 2.3077 -0.144627 452
6.89104 -0.0541546 0.539164 -1.36496 4.1676 -0.445233 235
7.05003 -25.6391 1.52983 1.53962 0.879309 0.526071 4
7.16947 -8.0826 1.24294 2.01993 1.80244 -0.077705 357
7.1599 -0.790078 1.70284 0.423532 3.428 0.178577 444
7.38548 6.06057 0.898529 -1.50365 2.51828 -0.361888 427
7.54565 -2.7954 1.93401 1.15414 3.04155 0.00757678 280
7.84553 -3.31654 -1.19981 2.04772 2.15317 -0.124228 22
8.36805 23.504 -8.27207 -1.34594 0.139428 0.0963391 437
8.59574 34.8892 -24.0937 -0.907276 -0.371079 0.534077 286
8.61203 1.86132 2.22368 -1.07641 2.65077 0.139744 150
8.92107 -8.0013 0.825065 1.57507 1.66498 -0.231882 231
9.31402 12.8485 3.41333 -1.15029 2.25415 -0.716631 246
9.49355 23.6876 1.61518 -1.1557 -0.0543294 -0.296682 221
9.52066 -86.6203 79.3065 0.27782 -0.382217 0.486115 40
9.54967 -5.48261 0.371631 1.07851 2.31526 0.265109 337
9.7575 -584.324 1469.63 0.0763131 -5.90394 14.8359 172
9.97758 -21.0228 11.5147 0.723728 1.23323 -0.446558 450
10.172 -7.0086 -0.151684 1.36609 2.40191 0.144519 403
10.2615 17.3476 -3.28746 -1.10395 1.23025 -0.167681 329
11.0497 -1.51631 -2.79648 0.78663 1.77197 -0.21407 271
11.9239 4.43535 0.00386313 -1.57835 2.24088 0.0742878 284
12.1617 -3.54505 0.882717 1.68747 2.1228 0.381815 449
12.7403 -18.4355 -4.50648 0.652695 0.531276 -0.599092 382
12.7376 -1.8708 -0.350616 -0.542739 2.02551 -0.505357 181
13.1065 -5.32084 -0.529607 -0.545537 2.09565 -0.59016 155
13.1183 -6.48389 15.4951 0.183871 1.68114 0.489889 99
13.1787 -14.8868 -5.13947 1.72651 0.34316 -0.212383 348
13.272 10.0926 -9.67443 -0.942057 1.41646 0.836283 457
13.6992 -6.76007 0.90772 1.12685 2.52278 -0.00654374 406
13.7262 -13.6815 -1.5446 1.04772 1.60779 0.074801 240
14.0754 -5.82099 0.318385 -0.513855 1.90464 -0.102355 431
14.372 214.276 6.623 -0.00580423 1.78144 0.0535075 308
15.2789 13.2411 -0.406266 -1.63667 1.0457 0.116745 153
16.0457 -35.6655 4.43623 0.538179 1.12485 -0.362308 335
16.0423 -1004.03 -1956.75 0.166318 -10.244 -19.891 350
17.1513 0.601986 0.914456 0.169518 1.91196 0.271321 363
18.3114 14.9392 6.20893 0.00135478 1.16061 -1.43948 486
19.4215 -2.68232 -14.0934 0.507333 1.63947 -0.575828 479
20.0082 14.6347 -9.25039 -0.204085 0.4777 -0.316005 45
20.0889 -8.94975 -4.59405 1.54747 1.24701 -0.259617 254
20.6725 6.92032 -1.14353 -1.21339 0.924362 -0.261928 80
21.3731 -6.52205 7.69438 0.653277 1.52093 -0.0894963 27
22.2808 3.37927 -2.11496 -0.470846 2.01216 -0.00316045 374
24.5954 -0.506589 1.57581 -0.0779855 1.44694 0.0477666 176
25.2437 -114.734 -58.1335 0.0860807 -0.707013 -0.331796 285
26.8697 -22.5787 55.5279 0.0255256 0.300602 -0.254017 198
26.9917 539.183 881.682 0.273143 5.41487 8.79783 3
29.4302 10.8697 -12.0648 -0.0713312 1.02011 -0.512393 429
29.8793 776.589 -3858.7 0.300116 7.74198 -38.4524 61
30.9609 129.33 38.8967 -0.0580038 1.02157 0.345889 277
31.3156 -38.7908 2.94842 -0.415008 0.731395 0.18297 152
34.8025 319.036 -167.563 0.283748 2.9481 -1.52987 18
37.8282 19.46 11.5879 -0.654273 1.01524 -0.251251 43
39.0168 12.6443 -19.6164 -0.445707 1.0355 0.357014 189
40.043 133.46 -74.0973 0.541099 0.867743 -0.673055 65
40.5996 66.4009 14.2619 0.723404 1.64641 0.248627 175
41.5141 17.3159 8.10842 -0.715593 0.724153 -0.433114 453
44.4401 13.8534 0.661798 -0.603307 0.954025 0.0513738 371
48.0081 -131.473 2.3245 0.508647 -0.816548 0.0366708 209
52.6094 -23.2951 56.4349 0.0194559 -0.0535203 -0.0878378 87
55.5233 59.4944 82.2899 0.256017 0.442473 0.374315 388
63.7639 454.317 -167.914 0.611867 4.27864 -1.62433 418
71.7192 297.61 -2266.72 0.799085 3.28903 -25.1113 89
72.8455 -25.5727 -143.711 0.471431 -0.128743 -1.27558 341
75.0751 -2.87572 -33.3628 0.054083 -0.34261 -0.453059 251
75.7545 -63.9106 -25.3017 0.689761 0.0971218 -0.169656 6
82.9951 -103.347 -5.12813 0.980465 -0.404825 -0.109836 305
84.7021 -419.214 73.3358 1.0723 -4.98743 0.897983 242
88.2692 -13.0056 -16.8667 0.365043 0.45547 -0.031374 108
90.6164 -74.0755 24.0924 0.597975 -0.171353 0.217411 412
91.1072 1130.62 2513.13 0.948791 11.7068 26.0117 24
92.3853 -121.141 40.3513 1.0022 -1.05619 0.4175 41
93.0412 -172.515 837.224 0.913161 -1.73778 8.1463 377
93.6641 -35.1011 0.739717 0.622645 0.32214 -0.00312576 67
94.4727 137.103 -27.8779 0.706408 1.12567 -0.413476 185
97.4409 -22.855 478.014 1.10109 -0.171041 4.77729 256
98.8591 -32.5236 -72.6645 0.610373 0.124033 -0.496011 340
99.9559 95.8914 45.708 0.814517 0.867933 0.375009 247
100.455 55.1542 -22.2315 0.341217 0.654811 -0.168709 1
104.634 -21.0006 5.85926 0.786089 0.393959 0.0413983 229
105.659 -428.603 6.03001 1.01446 -4.00556 0.0267197 494
105.663 -101.099 15.5385 0.867354 -0.477069 0.107226 62
108.211 -50.4714 -21.8307 0.767422 0.0635191 -0.183527 241
108.714 1697.35 -164.163 1.03902 16.4153 -1.59286 404
110.113 -68.7578 23.5357 0.982575 -0.0722013 0.23334 234
115.618 -166.777 -19.3945 0.980717 -1.25301 -0.226655 467
125.186 -181.745 -36.8514 1.08705 -1.43623 -0.376729 83
145.104 -84.9022 17.8861 1.68598 -0.637391 0.199935 462
145.674 -84.18 29.5953 1.22071 -0.570279 0.173757 34
145.772 78.2458 14.1377 1.08235 0.83662 0.0750833 106
148.077 -186.844 -90.2173 1.44384 -1.60715 -0.891925 470
150.659 698.959 -969.098 1.50684 6.89256 -9.57565 9
154.466 1350.86 835.044 1.51619 13.1645 8.17906 398
165.066 57.1464 37.5078 1.34171 0.621218 0.286763 190
169.903 -175.252 220.698 1.67414 -1.68413 2.22117 347
182.046 312.34 -242.951 1.99343 3.47796 -2.68565 211
184.401 -2230.94 -1413.42 1.93235 -23.0801 -14.6501 413
186.414 -88.0407 -963.725 1.9557 -0.910758 -10.0904 124
187.955 -377.855 265.185 1.81278 -3.55664 2.50812 16
188.68 -314 -114.829 1.87009 -2.8979 -1.07125 12
190.149 214.685 53.3325 1.69739 1.9919 0.545283 91
208.303 -84.7822 124.869 2.02293 -0.684552 1.17119 324
212.037 120.465 57.5524 2.01703 1.23278 0.48843 362
215.842 3.61616 -98.5489 2.03926 -0.0448914 -0.925128 222
219.625 -243.533 184.386 2.21898 -2.41632 1.86232 298
223.774 382.316 103.913 2.14345 3.62657 1.00374 69
262.093 -10.8187 238.706 2.52058 -0.197206 2.39454 133
270.569 -34.7304 104.69 2.67841 -0.179664 0.990615 112
287.169 -316.272 410.955 2.81206 -2.99407 4.0404 13
294.777 -135.529 343.605 3.0425 -1.29647 3.59193 206
299.014 129.168 75.7532 3.03989 1.38284 0.732101 7
304.962 -2.56622 130.937 2.78508 0.0450403 1.24577 228
310.912 -574.223 -279.985 3.2129 -5.84108 -2.86078 191
320.453 54.2895 -280.664 3.28049 0.605828 -3.00812 75
332.275 -268.098 -34.4326 3.58266 -2.84516 -0.339222 92
335.507 -567.614 -48.3102 3.3043 -5.40266 -0.472918 434
359.92 27.7434 -149.704 3.71222 0.23828 -1.53602 179
363.951 5931.65 1580.76 4.03537 65.7061 17.5135 471
370.884 188.113 268.807 3.7192 1.87225 2.65621 105
372.827 3864.35 551.599 3.83093 39.2361 5.63356 219
375.286 -101.23 -175.946 4.69917 -1.25001 -2.21918 326
379.724 -63.2295 182.984 4.65397 -0.746015 2.2333 74
381.936 -95.7974 15.4759 3.85265 -0.822911 0.174229 425
383.776 -40.3366 -843.037 6.64275 -0.691691 -14.5822 210
393.108 -1049.33 -224.224 3.82604 -10.2349 -2.19225 160
406.12 -108.131 85.9968 4.11606 -0.951859 0.898884 236
414.244 -530.762 261.584 4.01836 -5.09874 2.59169 26
424.337 207.209 -158.305 4.24395 2.10296 -1.57239 49
432.926 -821.156 740.476 4.65616 -8.81652 7.96049 311
437.034 -94.2523 -652.561 4.5719 -0.961471 -6.81393 177
455.859 -514.393 429.805 5.69943 -6.39989 5.36589 51
456.447 358.992 -146.931 4.36861 3.43755 -1.42588 217
465.267 7922.92 1030.56 4.60566 78.4046 10.2039 17
477.78 -245.578 -23.904 5.05868 -2.50941 -0.229101 243
480.177 -230.987 -146.213 4.82547 -2.35162 -1.4537 399
494.665 433.325 341.327 5.10591 4.59065 3.56739 23
522.148 473.136 -5.59391 5.54774 5.10425 -0.0736941 432
524.597 274.232 -249.328 5.53355 3.05863 -2.63762 466
525.665 808.426 -1447.54 5.15108 7.90022 -14.1691 395
529.544 -362.977 -812.493 5.19208 -3.55047 -7.9184 104
541.19 91.7846 -2460.3 5.67343 0.965774 -25.7961 30
560.014 883.677 -889.709 5.49989 8.69396 -8.75939 86
566.778 505.867 89.1065 5.86881 5.3678 0.946035 140
567.753 756.615 -544.458 5.58027 7.42868 -5.33611 493
595.337 -1462.18 -392.303 5.83131 -14.3296 -3.86777 10
595.414 978.173 -465.755 5.76717 9.52271 -4.53527 166
606.495 700.524 -1086.33 6.0128 6.92223 -10.7445 97
622.483 -173.453 161.063 6.75868 -1.85822 1.78269 94
632.019 -25.3178 137.453 6.74419 -0.232643 1.47123 323
714.836 -1831.41 2183.24 7.62273 -19.5485 23.2905 391
716.215 1182.98 -82.4068 6.94286 11.5314 -0.798979 352
722.775 -1667.31 -2357.79 7.79399 -17.8593 -25.4643 451
739.254 611.451 -372.843 7.27898 5.99618 -3.63874 364
763.829 743.593 305.758 8.14894 7.85987 3.24985 299
792.103 394.086 -487.717 8.101 4.04753 -4.99598 303
792.759 3316.43 934.962 8.50624 35.5369 10.0242 400
812.569 -1044.33 -86.1773 7.98256 -10.1855 -0.842871 270
819.085 608.761 -1851.91 9.07898 6.74563 -20.516 245
844.894 75.8006 538.554 9.05718 0.8523 5.80766 372
855.722 -253.576 532.14 9.18362 -2.69724 5.71608 409
884.5 931.358 -1323.06 9.43013 9.92884 -14.1014 401
1052.48 597.927 -1815.84 10.7957 6.13369 -18.6295 201
1080.34 -392.625 -24.9182 11.6191 -4.20664 -0.280864 14
1097.32 1106.73 595.067 11.7079 11.788 6.35345 126
1166.31 1927.85 278.031 13.1305 21.7103 3.13158 29
1298.83 2933.49 358.765 13.9863 31.1446 3.83978 440
1326.96 2312.35 121.189 13.1511 22.8279 1.19439 325
1334.54 103.567 452.42 12.9623 0.99991 4.41824 85
1428.34 473.758 1500.51 14.8039 4.90997 15.5395 355
1436.33 -1335.27 222.443 15.1349 -14.1343 2.36527 309
1438.16 851.721 880.284 14.5035 8.61206 8.87941 405
1493.16 272.909 -20.5382 14.5209 2.65223 -0.196867 163
1588.68 418.485 712.085 16.02 4.22273 7.17294 349
1823.48 -2691.42 -377.126 19.6533 -29.0305 -4.05083 394
1954.49 2932.48 -1347.98 19.3177 28.9141 -13.3068 145
2191.38 -3800.79 1198.5 23.6798 -40.8841 12.9563 149
2775.38 3625.88 1395.94 27.4401 35.7788 13.8206 376
2787.25 -8615.88 5412.47 30.2246 -93.4394 58.6981 334
3078.32 -2268.18 -8458.5 32.1134 -23.6603 -88.2289 383
3424.56 229.744 810.225 37.144 2.51091 8.77815 188
3463.7 -1809.57 18829.9 37.968 -19.8378 206.409 443
3483.11 5383.22 458.32 34.4905 53.2236 4.53276 119
3526.48 400.552 3175.23 35.0659 3.98289 31.5714 424
3949.82 79800.1 25465.8 39.0526 788.957 251.788 346
4008.63 631.238 -1693.21 42.4093 6.69408 -17.9291 421
4243.7 4830.25 12393.2 45.2895 51.5547 132.269 95
5705.94 9505.25 -6868.54 56.235 93.6299 -67.6611 36
7149.15 29161.2 -1663.37 72.7561 296.671 -16.9262 386
7556.33 -1811.95 647.694 79.9916 -19.1832 6.85719 239
23982.7 -102903 -12796.4 247.638 -1062.54 -132.134 322
1.22157e+06 508607 -206463 12444.9 5181.53 -2103.69 369
