-18.2678 12.2217 8.45432 -30.2955 -225.353 -0.0165507
-17.9986 -2.89144 2.84674 -32.3322 -98.7256 22.1678
-17.2971 0.170655 -10.7286 -21.8864 -92.0188 -8.20423
-15.5205 15.1702 1.36601 -25.8715 3.16502 1.15788
-14.6674 9.02659 6.43419 -40.6045 -199.367 1.32268
-14.7901 17.5466 -0.0426569 -72.9835 -226.31 4.80343
-13.2674 -6.40587 6.56453 28.266 -140.391 -46.7085
-13.1692 -2.20064 -1.23084 30.5456 -202.644 3.94361
-13.697 3.94119 4.77194 -48.3613 -189.179 0.998895
-12.3123 -5.90982 -3.83924 86.8152 -240.913 -4.50442
-13.664 6.7953 3.19701 -97.6092 -188.272 14.1622
-12.1055 -3.99759 -6.4496 47.9469 -186.852 -2.56053
-12.8843 -3.37782 -0.267828 -53.4638 -287.827 68.3198
-12.0407 -0.883196 8.52494 13.15 -205.415 4.79869
-10.9019 -7.44753 5.96779 125.638 -171.047 -3.77199
-11.4402 -4.67564 8.4336 71.776 -183.994 2.37897
-10.7 -8.67431 -2.30022 142.097 -166.984 -2.75987
-11.9348 0.512041 -0.33223 13.5809 -232.917 0.469901
-12.4713 2.46222 -3.87721 -41.7795 -215.461 -5.96836
-10.8479 -6.36362 -4.71255 117.91 -175.313 13.9189
-10.9806 -0.620236 5.11936 95.3617 -133.283 82.4509
-10.8832 -3.1301 -2.83027 89.3243 -242.289 -4.18574
-10.2179 -6.64154 11.1003 154.509 -204.45 -0.0684585
-10.354 -10.3603 -7.6279 137.962 -138.756 -5.9082
-12.5 -3.45807 0.210027 -78.1362 -123.705 14.3464
-11.7894 1.27629 -9.0703 -18.8395 -187.982 -1.41287
-11.006 -2.36611 2.34974 55.5067 -206.003 7.19068
-11.2307 -1.79733 5.84889 31.5224 -198.158 10.6295
-10.5569 -2.35333 1.28022 69.6909 -248.405 7.19261
-9.78958 -6.42204 1.54205 137.307 -182.832 -8.75679
-11.2493 1.49009 9.95178 -19.1689 -209.063 17.6525
-11.8547 4.56155 -1.99779 -80.0928 -230.804 6.56962
-10.1722 -0.395659 14.0033 86.5263 -236.698 15.8211
-12.0882 12.4584 -6.27627 -108.593 -96.4537 15.2211
-9.38801 1.01479 -0.820265 157.319 -201.878 -14.2556
-10.5411 2.50813 -3.03582 37.1699 -177.161 -95.8436
-10.0422 -2.37123 -2.78707 80.7974 -225.172 5.27732
-10.0315 13.8857 7.38017 48.6727 -465.241 -32.1084
-10.467 -4.21179 -4.49792 -2.00546 -242.101 -7.75594
-10.9468 3.51071 -2.09684 -51.7616 -204.529 -19.2919
-9.2181 -12.2821 2.64855 119.124 -223.162 -2.01927
-9.93047 -0.0428688 -10.7556 45.6654 -189.193 -45.3978
-11.0792 7.12966 -13.2818 -78.2527 -110.731 -18.0801
-8.64178 -2.02682 0.925391 162.175 -207.302 -10.2319
-9.60296 -1.74862 6.67886 64.8844 -230.181 11.9433
-9.2352 -2.48919 6.09146 83.1139 -229.087 13.929
-9.02813 2.71098 7.15025 85.7258 -223.705 5.24962
-10.752 5.14599 -3.62583 -87.9381 -219.908 2.85783
-9.39712 -0.95131 -3.55026 40.0017 -228.56 2.41172
-10.2041 -3.80858 -7.50398 -41.0818 -312.148 -89.3433
-9.19837 -2.04941 -8.15155 58.726 -201.423 -2.17928
-8.91304 -3.19211 0.286115 86.6479 -268.988 -70.2893
-10.6923 5.63794 8.61879 -90.2153 -159.942 14.0064
-9.20672 9.12016 3.1982 53.6311 -124.992 48.6572
-8.11606 -7.1957 -9.15615 161.681 -160.496 -16.4282
-10.8329 9.31786 8.16489 -109.649 -125.39 17.2309
-8.27893 -5.88246 0.217508 143.43 -188.055 -9.83871
-10.7371 2.54765 9.0078 -110.808 -171.5 0.476441
-8.39196 5.17964 -5.16785 121.505 -213.605 -5.20029
-9.81259 -10.6266 -0.596313 -24.1892 -14.1007 39.7326
-8.48017 -2.67842 -1.20525 103.399 -244.519 -8.85265
-8.56604 -1.80874 0.148156 93.2227 -251.77 9.06065
-7.56641 -10.8155 1.90425 192.035 -118.31 0.603746
-8.40409 -4.51794 10.4368 106.413 -155.291 26.4608
-8.60569 -2.02104 -0.115563 85.7264 -233.589 8.15197
-8.84695 4.48692 6.15962 50.3652 -486.12 -107
-8.2885 -3.66309 -9.35114 99.0193 -181.572 -13.4781
-9.42018 0.89278 -6.04426 -15.3966 -238.53 -1.72792
-7.96442 -1.87724 3.05395 121.576 -220.503 -6.75392
-7.3527 -6.27919 3.19347 178.802 -174.472 -5.32226
-8.71522 0.0330273 0.342766 40.9174 -253.401 1.4617
-9.59729 3.34635 -3.39277 -61.79 -219.079 -0.980213
-7.31058 1.00872 -6.53669 161.994 37.3184 -44.6392
-7.44325 -5.35328 2.82152 145.938 -171.586 -12.3719
-6.9092 -20.906 21.6272 194.888 -105.96 34.8213
-7.25902 -5.4699 -4.455 148.677 -167.326 -4.83859
-8.09953 -1.87501 -7.53166 64.6412 -224.947 -1.45293
-6.30728 -16.778 0.310747 237.544 -163.61 6.02765
-7.54224 -3.12606 2.56841 112.24 -201.873 -2.57228
-8.8793 4.98209 2.34444 -23.0393 -262.099 10.2264
-9.09396 -0.192337 -0.0479884 -46.4738 -240.263 7.06655
-8.7952 4.29647 4.88769 -21.5634 -201.916 80.4936
-6.77745 -12.3983 1.22508 178.293 -259.417 11.4143
-6.522 -8.83357 -0.100072 200.239 -120.309 -1.36294
-10.1199 10.4827 1.5101 -158.03 -153.261 6.92491
-6.57498 -7.2084 5.87145 191.608 -141.363 16.6912
-6.41724 -7.6316 6.52712 203.91 -146.879 9.51207
-8.44563 5.168 3.99334 -0.239372 -230.645 0.103392
-7.81481 -5.12909 -4.48779 59.9267 -219.265 51.3359
-8.19044 -0.244346 -2.4219 19.5655 -227.35 -6.07359
-6.13351 -7.48597 0.773693 219.592 -138.015 6.88297
-6.45971 -4.15279 -2.43864 182.266 -208.911 -20.9027
-10.0589 -2.20142 9.00926 -178.866 -254.156 29.6079
-6.71895 -14.8455 -0.35162 152.246 -75.2069 2.45478
-4.16251 1.72386 -0.677196 406.151 -141.348 -126.869
-4.58834 -8.11102 3.43185 356.042 -190.376 97.924
-6.05716 -5.1566 -0.616655 209.147 -112.899 9.43448
-9.90023 -3.64062 -0.65698 -178.33 -175.021 -3.99209
-7.0473 -3.00304 13.0755 104.982 -188.884 7.83175
-9.62814 5.00492 5.69709 -151.618 -138.89 9.65919
-6.22174 -5.86888 -1.57198 182.728 -159.786 3.97868
-9.23646 9.20312 -6.80166 -118.147 39.9664 -36.0717
-7.21772 -0.829447 3.2006 78.7486 -264.999 9.47212
-6.51899 2.46259 4.09104 146.791 -107.359 -87.1102
-8.43285 1.95664 3.92048 -43.968 -227.917 10.0518
-6.00922 -6.07952 -1.33143 187.501 -160.966 -5.61215
-9.1208 4.35293 2.84557 -122.904 -233.097 -17.299
-5.68824 -8.06033 -6.356 215.041 -127.151 -7.44937
-8.95941 5.83947 5.14896 -115.043 -179.464 -3.46779
-6.53444 -6.20704 -13.4027 123.354 -118.857 -11.6212
-7.09284 -1.07023 1.43746 65.5077 -224.166 6.46725
-6.39992 -5.64062 13.9354 133.215 -130.615 28.6803
-6.98338 -15.0615 -9.56817 70.1157 -312.587 -50.4824
-9.19317 8.70316 -3.13026 -151.147 -156.266 -8.70523
-7.39762 3.56619 -1.2418 23.8425 -253.942 -4.52353
-5.51307 -5.62303 -5.51446 201.836 -142.47 -10.2788
-5.84255 -9.12615 -11.2571 161.879 -235.649 8.97834
-4.94841 -8.77241 3.1613 243.766 -109.342 10.066
-8.68941 1.85677 0.98742 -128.524 -240.918 2.71669
-7.05513 0.29812 0.622472 30.2295 -250.152 12.679
-7.31189 1.12328 -6.3324 2.27355 -275.758 -10.2757
-8.24034 4.26634 7.05259 -90.145 -216.399 23.5926
-7.85922 -1.14899 -4.82977 -53.024 -465.371 60.0249
-8.60242 6.51607 -2.60538 -129.392 -221.822 -24.2174
-7.38504 1.40514 2.91588 -16.3116 -230.479 11.7255
-4.78353 1.51178 -0.164851 238.636 20.7064 -5.86115
-8.57979 1.74089 -11.8161 -150.884 -157.739 -3.67276
-6.17428 -0.493438 -0.643012 84.1984 -278.397 6.1179
-4.64663 -7.11335 -2.75915 233.92 -110.721 -9.23185
-5.1593 -2.74564 2.41138 177.408 -222.251 -10.4111
-5.3752 -3.18618 -8.78132 153.162 -189.882 -22.5949
-7.76648 4.73461 12.3986 -84.571 -154.939 17.4281
-4.92233 -6.59334 -6.10289 196.902 -115.522 -7.09079
-8.16123 5.61852 -1.3042 -127.397 -202.485 -10.6936
-4.48003 -5.32014 6.12664 237.724 -136.18 4.39159
-4.43766 -11.9586 -1.06151 238.94 -207.003 1.07495
-5.15703 -8.43256 10.0821 166.105 -100.729 8.62097
-4.42747 -6.886 1.02279 237.485 -119.436 -4.31338
-4.74269 -7.96487 2.06298 204.24 -98.2456 3.10594
-6.38381 -0.404782 10.9322 40.1209 -215.166 15.9741
-5.81511 -1.5317 5.21908 96.0933 -222.026 -2.01006
-7.13922 -5.89946 2.24739 -36.7995 38.7768 90.2791
-7.25535 2.55942 4.44831 -49.4973 -269.985 11.7257
-4.59476 -9.12899 10.0299 213.284 -87.3575 2.06081
-4.61995 -8.98016 5.46747 209.495 -90.8021 9.00814
-6.84991 1.20117 -7.47939 -13.4407 -257.404 -2.77858
-5.62373 -3.0414 10.4519 105.048 -255.428 95.0079
-7.11293 2.08164 6.61513 -47.6797 -221.825 2.19453
-4.43978 -8.41002 -3.81693 216.46 -92.8648 0.22229
-4.09764 -3.13325 -0.973877 249.489 -78.4064 33.5566
-7.39572 3.00955 -6.1022 -85.2503 -252.117 -17.5315
-6.71719 3.20739 -12.756 -20.6212 -306.108 169.466
-4.77345 -3.15127 -0.567487 170.88 -180.126 3.48614
-4.55607 -2.76485 6.99124 186.672 -195.485 11.0942
-6.36176 1.03144 2.83172 2.82606 -265.15 -1.32339
-4.28074 -5.31104 -5.55745 206.282 -119.039 -6.62139
-4.56994 -5.84681 -9.94733 177.526 -109.117 -6.48831
-6.57533 5.19834 1.4319 -21.9154 -265.908 7.51159
-4.12668 -10.0908 5.92411 221.035 -77.7852 -3.04719
-6.46131 1.40938 -3.06509 -13.2555 -264.262 1.57549
-4.39722 -3.90707 3.55559 191.638 -151.203 -15.9474
-3.82459 -6.55421 2.68516 247.592 -85.4131 -6.86937
-4.97866 -2.63807 -2.34716 132.699 -240.54 -14.5529
-4.111 -5.56179 8.50599 218.612 -109.214 3.28432
-4.04991 -3.37415 -8.58352 224.054 -154.088 -13.7239
-8.09121 6.06056 -6.43074 -178.465 -164.132 -78.5133
-7.24402 4.36575 10.1054 -100.044 -188.327 16.3752
-6.93085 -0.91016 1.07419 -71.5138 -228.03 4.29781
-3.48537 -12.3511 7.65515 270.357 40.1086 -25.044
-4.11529 -5.17553 9.18581 207.549 -125.309 12.3602
-6.38176 -3.22568 3.52306 -17.886 -282.117 12.2369
-6.65079 2.47477 -4.26876 -45.2713 -246.715 2.72515
-3.62879 -4.13985 0.0614261 254.085 -129.142 -49.2646
-3.86144 -3.85821 -3.92056 230.579 -139.646 2.62024
-3.75427 -2.96236 -8.08548 241.108 -76.5169 -4.89449
-3.56461 -5.86124 3.30039 259.837 -106.763 7.79745
-4.52282 -1.82692 8.47632 163.422 -208.604 17.8185
-4.36042 -1.28502 0.563061 174.553 -236.932 26.2247
-3.66543 -9.81577 -0.353946 239.755 -95.837 1.89751
-2.73683 -5.27278 2.72378 328.699 169.787 62.9633
-5.4126 -12.4937 -2.98495 61.6839 -52.5709 23.8351
-3.84916 -2.34564 5.7755 215.01 -192.745 7.62226
-3.62987 -9.47593 3.01189 236.316 -68.8649 2.0536
-4.0452 -2.15169 6.00024 194.822 -193.919 -11.8485
-7.28443 4.52553 0.782691 -128.067 -246.043 9.44182
-7.74794 11.0713 5.99575 -177.73 -128.986 -3.52619
-4.57515 -2.39837 -14.4213 134.594 -169.682 -23.5301
-3.21315 -3.16741 -2.45614 269.619 16.6559 -35.0537
-6.66205 2.99013 1.10402 -73.3867 -280.345 3.95625
-7.66135 10.4731 1.00524 -176.512 -148.029 8.88144
-4.03913 -1.396 -6.13428 181.122 -219.647 -22.4441
-6.78929 -3.59121 4.23816 -95.544 -397.375 138.156
-3.50366 -10.5214 4.07843 229.274 -70.6255 16.83
-3.26031 -2.58728 0.203865 249.675 -149.174 7.08069
-5.19371 0.356683 3.0493 53.8393 -286.424 -2.27336
-3.3474 -7.2881 -3.96487 235.926 -79.3784 -13.0812
-3.23636 -5.09557 -2.46884 245.612 -100.442 2.00793
-2.20082 -7.17319 -0.691916 345.538 -59.4939 104.176
-4.94668 -0.288055 -6.80985 70.9566 -233.733 -0.874713
-3.71438 -8.29413 9.48517 192.345 -56.7907 8.41548
-4.72489 -0.0246046 3.30963 91.1431 -282.532 11.1622
-7.36803 8.67506 1.29419 -171.841 -162.47 -1.04409
-5.43967 0.756565 -4.37343 17.8642 -256.918 -19.5736
-2.99988 -3.87737 -1.97273 258.84 -182.011 3.31203
-6.26586 2.88308 3.56616 -66.1802 -251.59 6.02265
-6.39006 3.73234 0.00726647 -80.9804 -248.059 9.93812
-3.59442 -9.91489 3.87215 193.543 114.427 32.6907
-4.0081 1.07614 -5.60772 152.396 -168.752 -26.0376
-2.82264 -2.55025 1.48274 270.098 -77.5888 54.4864
-6.61754 17.1793 7.08958 -108.558 -196.423 -0.645598
-2.70104 -3.02622 -1.23667 280.409 -105.085 -11.0138
-4.25838 -0.372957 2.6945 125.627 -169.76 -132.112
-3.00491 -4.48242 -1.92227 249.173 -21.3484 -15.5991
-3.2096 -7.75606 3.38783 223.887 -64.0166 2.45889
-3.41982 -3.06565 -1.13065 202.614 -142.81 10.4209
-2.88959 -4.36522 -1.57615 255.143 -96.7289 14.0181
-3.04344 -4.59989 -1.48844 238.264 -91.4953 -9.8031
-3.32345 4.08333 -4.1978 209.625 51.2542 28.9423
-3.03855 -3.94251 -3.3065 237.591 -108.151 -1.8731
-6.71404 8.03149 3.14177 -130.95 -207.899 -6.35984
-3.07376 -7.05346 -0.846341 229.877 17.3279 -46.0368
-2.79571 -2.74756 0.0801929 254.63 -123.652 -2.88363
-6.19066 3.22274 -2.64879 -84.1124 -246.965 -13.2543
-2.74302 -1.83048 -1.59344 258.152 -142.994 -3.12842
-5.512 1.08631 -6.35024 -19.3995 -244.626 -0.530904
-3.2061 -7.72439 -6.71699 208.299 -62.4103 5.2947
-5.93191 -6.75578 2.52233 -62.7157 -246.651 4.57108
-2.69915 -9.67504 5.23666 258.192 -45.3649 2.16875
-6.82847 7.45803 -4.68352 -154.89 -164.413 -10.4359
-6.12801 4.00675 -15.0533 -87.8923 -165.756 -8.55179
-6.75909 6.55021 6.15841 -150.992 -160.853 0.116885
-4.19173 -1.03084 -8.41593 103.521 -210.77 -5.88548
-3.54855 1.75539 4.40352 166.133 -214.542 38.658
-3.14479 -2.79221 0.812982 205.823 -130.696 -54.0431
-2.53633 -4.17343 -4.40392 265.603 -73.7483 10.6597
-3.78527 1.09961 6.50322 137.12 -174.193 -103.526
-2.69319 -11.8057 -0.591613 244.936 -50.5035 4.29179
-2.86782 -9.04119 -5.91809 226.734 -50.5186 -4.39475
-2.57149 -2.25064 -5.16451 251.186 -121.454 -7.87211
-4.92614 0.720014 -3.87254 17.061 -242.489 -18.2298
-2.28045 -4.68309 1.82213 278.879 -55.7442 3.31756
-2.3275 -3.07421 -5.38167 273.324 -74.651 10.1396
-4.8317 0.995973 -3.17267 21.503 -290.796 -20.4577
-2.60573 -2.40242 -4.59794 241.257 -124.623 6.03993
-3.54846 -15.5801 -9.32707 146.968 -42.3643 -8.10642
-6.09972 8.98608 9.83533 -107.608 -169.054 1.61484
-6.43854 8.27615 -11.4406 -143.412 -134.31 -12.877
-6.56036 12.4991 8.20183 -157.143 -139.836 26.8388
-6.64009 8.58127 1.94336 -166.063 -157.295 -0.350975
-2.50848 1.9741 0.190505 243.467 21.8533 39.5547
-2.63739 -11.513 -5.1197 229.523 -43.1526 -7.45038
-2.56668 -8.26287 3.18521 234.549 8.43071 3.36963
-2.88915 -5.00217 -3.18804 201.219 16.2796 93.7721
-6.51586 13.9949 -6.52042 -162.5 -181.688 -8.63924
-6.18105 -1.31203 14.6069 -132.385 -260.293 34.3277
-2.63078 -0.903954 -0.242953 217.403 -192.428 1.86117
-3.57774 -0.410776 -1.01038 122.988 -238.604 -22.8797
-5.35423 8.94733 -5.05139 -55.9269 -283.349 -7.19396
-6.35393 1.89739 1.93446 -156.105 -209.495 -14.9412
-2.1914 -5.86952 -6.97065 256.432 -52.7734 -5.2421
-2.67506 -1.45857 -5.74071 207.01 -159.184 -26.2202
-2.16463 -1.11271 -0.525699 254.633 -139.294 1.10424
-2.27049 -10.6058 -3.10209 241.305 -43.8641 -5.64024
-3.80809 -0.491458 4.98436 87.7344 -219.668 3.43336
-3.11474 -10.6696 0.595912 156.126 -223.873 3.58
-2.04454 -3.99451 6.37596 259.171 -51.4488 7.57414
-5.35476 2.779 2.30402 -69.9405 -271.28 5.01245
-5.17468 2.05013 4.32363 -55.5997 -275.427 -0.996847
-3.73549 3.95827 -9.16797 87.3025 -176.027 -67.6669
-2.22411 -6.36266 -0.78109 237.296 -49.7628 0.58807
-2.9029 -1.22844 6.2536 168.638 -174.207 9.93602
-2.38154 -1.37075 -0.824177 220.046 -148.455 -6.14628
-2.18881 -7.47358 -3.14367 238.75 -40.4953 -5.6513
-3.03409 -0.0774139 -1.40172 153.669 -260.713 -7.9443
-6.2229 6.94838 2.90841 -165.445 -177.782 -3.60014
-1.76487 -8.03068 -1.51808 277.32 -25.9322 -0.504832
-2.02035 -2.65399 -4.98465 248.76 -97.9207 22.1442
-1.91473 -2.53704 -3.46697 254.686 -71.2398 -29.5801
-2.00027 -2.64588 5.03153 245.669 -66.9624 18.5745
-1.70992 -3.90748 -2.47552 273.579 -21.7294 -1.43612
-2.35302 -7.94428 -12.5771 207.826 -45.9285 -10.8902
-1.53354 -0.381845 1.73055 288.278 18.7932 33.6361
-5.04893 6.11339 -1.72213 -62.2056 -275.326 41.6219
-6.49324 10.428 -0.805708 -208.498 -138.601 -5.03427
-2.19597 -6.75022 -4.76637 211.921 -113.482 11.1798
-2.25869 1.05201 -6.01449 205.57 -56.0711 -27.3941
-5.6786 5.27694 -11.5869 -136.091 -172.839 -6.03071
-4.62639 1.46937 8.94895 -33.0344 -245.805 0.945644
-4.41288 1.30115 -10.7283 -12.7877 -213.67 -2.01286
-1.46082 -0.630634 -4.62218 280.216 -39.5729 -7.51564
-2.35591 -14.2812 -19.0319 188.024 -114.066 -15.0566
-3.2645 -0.337887 0.151282 95.7899 139.894 -155.312
-1.88223 -9.60729 0.995009 228.332 -21.307 2.5324
-1.59912 -0.829822 -0.572201 255.356 -78.5578 -10.5159
-4.3632 1.70421 -3.19488 -20.6986 -285.828 3.44156
-5.36778 -5.15788 -6.09041 -121.05 -217.952 -4.89535
-5.39362 7.27005 15.0929 -124.564 -109.014 16.6792
-5.48852 4.38064 0.774659 -136.185 -223.408 -9.5961
-1.24246 -6.25663 -1.91979 284.759 14.4766 -6.17916
-1.40867 -4.33862 2.63293 267.78 15.1118 -1.55718
-1.46915 -3.91696 1.76803 259.768 -17.4799 3.4867
-2.84972 -0.914018 3.12901 121.87 -214.644 -4.14037
-1.66291 -3.23837 1.58294 239.537 -76.3872 -12.6645
-5.77532 10.7589 -8.00954 -169.47 -240.846 81.0925
-1.83398 -0.65197 3.95882 222.013 -130.472 9.8917
-3.79585 0.977597 9.70969 23.3831 -251.081 10.1647
-1.46163 -1.31725 -6.15015 253.272 -47.7032 -4.47665
-1.63756 -1.21606 0.347698 235.77 130.106 -2.42478
-2.86924 -0.01599 -0.414625 110.123 -244.876 -8.1869
-1.65333 -6.38273 12.3526 229.208 -18.2486 13.4308
-4.98315 3.35996 7.60376 -108.996 -212.287 14.7739
-1.69196 -7.06515 -5.56898 217.903 -218.786 -59.0921
-1.05047 -12.938 -2.22035 280.501 136.623 39.9725
-1.22445 -4.55501 4.86069 262.502 14.5136 0.662385
-5.62194 21.0291 -1.77469 -175.002 -158.738 -3.28164
-1.51149 -2.18069 7.70475 231.672 -44.6013 8.69223
-5.40052 13.2974 18.3841 -155.777 -197.272 -96.1962
-5.58679 3.41499 12.2603 -179.033 -59.3392 11.6267
-1.02985 -5.30169 -1.95972 273.167 14.5803 0.221246
-1.60753 -9.46677 -4.93734 215.572 -23.2654 -3.99554
-1.3641 -6.13353 4.20097 237.287 -21.4718 4.84293
-1.1359 -9.76225 7.31921 257.348 105.472 -6.93616
-1.09309 -7.34437 -6.12557 260.904 0.993011 1.40805
-1.31653 -2.7024 -8.51671 238.436 -18.2528 -7.35177
-1.07419 -2.19707 -3.96209 261.577 16.7299 -1.78787
-1.28952 -6.93631 -5.52373 239.269 10.5702 -8.9466
-1.31923 -5.45461 -5.85319 233.196 -7.37125 -13.5624
-4.97068 8.40689 -14.0253 -130.423 -84.2518 -16.1
-0.833503 -6.46622 -4.23969 279.665 13.8827 -8.32114
-4.84005 3.49135 2.90665 -119.512 -234.192 11.0333
-1.00627 -1.57004 -0.824275 260.913 66.5998 -2.42711
-3.76997 1.51314 4.4869 -14.0344 -260.279 14.3841
-1.27227 -4.72013 -7.1277 230.341 -19.6565 -6.04722
-1.03649 -2.91306 -0.257774 253.729 -10.0721 24.7322
-1.46931 -0.0747436 -8.15181 203.699 -136.337 -4.64431
-0.86908 0.440083 3.95474 261.288 70.8054 -3.53274
-4.04304 -0.956946 0.117278 -56.378 -288.184 -6.38713
-3.72277 4.33455 -7.00387 -29.4478 -223.79 -14.6198
-5.24081 7.50586 -6.96528 -180.487 -174.668 -9.1146
-6.15143 6.60335 2.2232 -271.112 -114.568 0.124982
-4.86767 11.5199 3.26954 -148.19 -135.708 9.92988
-0.836888 -5.04679 -3.59122 251.306 13.2434 -1.51259
-0.583099 -3.3306 2.81164 275.742 68.6621 0.970236
-5.21882 14.2259 -3.74259 -184.882 -100.743 65.1552
-0.808871 -5.50972 0.312937 249.355 12.6278 -3.49422
-0.389668 -4.16269 -5.36836 288.307 15.1733 -8.30585
-5.30619 6.90664 5.4973 -202.409 -96.9344 6.46521
-0.797443 -5.04967 -0.913451 245.12 59.4973 -0.657589
-1.0343 -11.1755 -0.715187 220.337 5.13082 -4.04347
-3.01404 13.0054 0.344115 22.3473 -465.118 -30.1209
-4.48061 3.17353 5.42283 -123.595 -258.979 -0.334254
-3.67817 2.0126 -1.8873 -50.6932 -256.447 -6.60159
-4.61311 7.57635 0.643152 -143.699 -183.527 5.2613
-0.607788 -0.993046 -8.7804 251.389 -84.4675 23.8842
-3.27615 1.16446 2.76974 -17.6925 -252.168 8.38915
-2.52713 0.718984 -4.0571 53.8083 -273.455 -8.86086
-0.541944 -2.88522 3.17588 248.115 81.8057 7.83911
-4.45362 4.74812 -5.03171 -141.523 -181.189 8.17076
-4.14152 3.21841 3.91516 -111.148 -218.543 11.4483
-0.370546 -7.92968 6.07857 259.842 316.522 -82.869
-1.99736 0.260235 -3.66157 98.06 -235.871 -8.81782
-0.612943 -5.57605 8.11258 233.214 -65.4439 -9.81458
-0.323207 -10.1812 -1.25365 261.819 -123.732 31.1297
-0.675425 -5.65965 -6.38809 225.825 54.0311 -7.91696
-1.1427 -16.4651 -1.83861 178.447 -2.93524 -4.48714
-0.160442 -4.31505 -6.28861 271.144 66.4169 -7.72723
-4.55001 4.84365 0.604436 -166.021 -222.726 9.2474
-0.983103 -1.2085 -14.1498 187.351 -13.4614 -12.9301
-0.518677 -2.80175 10.0283 233.07 76.7609 14.1214
-0.0690033 -3.00767 1.74749 276.705 101.981 2.27284
-4.52155 2.10922 11.3458 -167.078 -124.992 -28.3894
-4.2957 3.72883 -4.3191 -145.157 -241.621 -15.2808
-0.174793 -3.08115 3.18183 263.248 62.078 2.94856
-0.464714 -5.47198 -12.0791 233.802 29.5198 -8.20241
-0.306364 -2.24152 0.0988002 247.504 156.896 7.81133
-0.129515 -7.11801 -6.09408 263.895 62.522 -6.06131
-4.65867 11.2718 1.33766 -189.269 -82.1224 2.32382
-0.213504 -3.13401 4.3014 250.704 105.329 5.72288
-5.18402 14.3886 -3.75475 -243.755 -155.891 -58.2282
-3.53519 2.46726 9.53129 -80.0232 -219.602 15.3968
-0.41449 -3.47875 11.2759 228.863 37.1348 21.9503
-4.73032 7.693 6.2593 -201.63 -154.192 -4.73306
-0.32331 -10.3608 2.29871 232.915 6.76413 -1.33308
-0.238053 -1.99575 -0.468265 237.688 150.79 6.9597
-3.55547 -7.508 0.362578 -91.9496 40.3126 -70.5106
-0.29193 -11.267 2.04726 229.372 5.63905 -1.52006
-0.274637 -1.10835 -6.1119 230.736 -208.122 41.9443
-4.33749 5.52142 1.13352 -173.283 -180.921 7.33167
0.0476232 0.997805 2.44172 261.148 -105.963 -41.3231
-0.0724602 -5.07188 -3.229 248.238 59.7119 -4.64886
-4.82488 3.26558 -15.2334 -224.874 -159.593 -107.25
-4.33603 7.17362 7.20438 -179.595 -136.937 -2.64679
-0.25343 -2.06666 -3.75284 225.646 123.382 -8.09673
-0.310719 -2.1418 -11.2169 219.51 92.8526 -9.35988
-3.05159 1.85955 -10.3017 -53.6385 -212.588 -7.68805
0.225096 -4.67329 -2.24231 267.929 97.0872 -1.30132
-3.81777 4.12356 8.28318 -134.416 -179.952 14.9557
-0.377192 -14.8101 -3.72515 205.716 0.576867 -1.99381
0.0801156 -4.73081 2.94803 250.59 85.4124 -35.0625
-0.321107 -6.03779 5.25746 209.887 31.727 118.282
0.274289 -7.60725 4.7382 263.495 39.1719 17.3294
0.178335 -3.10585 7.35833 251.21 136.342 2.06013
-3.67744 16.6646 3.40547 -133.093 -501.144 -31.8715
-2.8246 1.96432 2.29041 -49.3076 -296.56 10.3678
0.316098 -9.43464 -7.99395 260.857 54.5492 -13.4483
-3.99608 5.19765 -8.70291 -168.543 -176.373 -2.26608
-0.17877 -1.83292 3.12095 201.709 186.432 0.737517
-4.13594 5.65932 -5.05833 -193.925 -203.73 2.1619
0.149171 -7.68325 10.0316 222.743 8.57144 6.24526
-1.79513 1.2678 6.84538 29.0395 -285.655 7.5351
-0.303387 -2.23296 17.324 173.756 43.1222 15.5291
0.583255 -4.36051 -6.16027 259.681 107.699 -4.25941
-3.9831 6.05879 -3.67646 -194.67 -192.007 -6.17349
0.461243 -4.30459 -0.609781 244.004 75.1095 36.8056
0.149659 -2.36023 2.67079 212.228 195.438 0.191709
-2.99828 12.264 -4.61439 -107.061 -515.913 69.5683
-2.58953 1.19708 -5.81079 -67.4747 -181.79 -154.005
-3.02416 2.63751 -3.43374 -111.465 -247.724 10.9615
-3.75515 6.19836 -4.39826 -184.621 -142.449 -14.0799
-4.03869 -5.53874 -0.142926 -214.157 -40.4635 30.3811
-3.7555 8.90746 -5.03524 -187.39 -107.05 -3.13456
-3.05034 6.64008 5.10785 -117.671 -158.621 59.2892
0.621426 -11.8036 1.4254 244.174 132.449 24.5746
0.570494 -5.3319 -2.849 239.032 12.6096 -4.83051
-3.884 11.0218 4.50794 -206.497 -18.2746 -94.4224
-1.31787 -0.713267 11.2954 47.1085 -236.313 6.59321
-3.48839 -0.042679 2.54718 -171.261 -173.6 2.68639
-2.59254 2.2795 12.9505 -90.3682 -179.545 18.7298
0.869307 -6.32932 -1.5303 249.104 74.7409 -0.0485667
-3.76938 8.82116 8.55034 -212.955 -72.4646 132.48
-1.30895 1.23239 4.57173 27.7505 -269.32 5.29898
-3.59791 6.05193 -4.81947 -202.016 -182.119 -3.90211
0.666105 -8.84759 7.62808 218.848 48.2626 5.95306
0.450393 -9.62871 -13.8326 193.412 4.5843 -16.1953
-3.41445 13.163 2.87094 -191.688 -275.306 22.0856
0.989482 -5.82322 2.05734 245.599 87.2342 2.74961
-3.43603 5.73712 1.75125 -194.297 -180.052 5.20338
0.657463 -12.4326 1.45983 211.922 3.20618 -1.80498
0.713142 -3.96614 -11.4463 216.657 116.057 -15.2787
0.496365 -2.59639 9.68656 194.505 142.744 10.6356
-1.9985 -2.45049 0.559471 -55.9473 -284.201 -6.94681
-3.20631 -4.57383 1.40934 -176.358 39.5213 106.817
0.804446 -6.55093 6.01657 221.063 51.0071 4.39432
1.51001 -1.63394 0.138985 290.524 227.736 -108.205
0.676082 -1.93536 -0.748706 202.621 221.713 1.10849
-0.516337 6.59238 -5.02358 83.2945 -108.38 -125.021
-2.58764 2.6091 -1.90959 -129.334 -271.21 2.80997
0.695952 -12.9333 -3.23176 195.665 1.55902 -6.05785
-3.41987 7.08814 -4.64334 -214.814 -148.61 -8.91039
-3.11149 2.4595 -1.48106 -184.433 -187.439 -0.487846
1.1257 -5.62846 -1.51367 235.917 83.6979 -0.706746
0.292378 -11.4135 -1.20678 151.445 99.8371 -55.3501
0.867737 -9.46396 11.6878 207.494 27.4046 21.2478
1.1683 -4.189 2.3729 233.96 149.783 7.21894
-3.36332 1.16459 0.17448 -216.39 -33.4923 -69.8623
-2.5365 3.34023 1.38534 -136.739 -169.556 98.5216
-1.74531 2.0367 4.06611 -62.9365 -262.266 121.853
1.24046 -4.2725 -1.33082 233.206 146.002 1.06173
-3.16649 9.78126 -2.9808 -208.143 -68.3562 -5.44778
-2.28747 5.91547 3.87026 -121.165 -233.792 5.20477
-3.01331 5.94834 0.080079 -194.617 -136.316 5.21804
-3.03494 12.9386 -4.16124 -200.789 -92.9775 0.264726
-0.973864 0.00660412 0 -0.934105 -1.37704 0
-2.70719 15.4834 0.0614442 -174.25 -11.9265 5.31414
1.28372 -6.87047 -7.24521 221.771 77.0822 -6.24966
-0.815697 1.20271 1.32007 11.8779 -257.781 -7.55528
-3.41515 -2.29362 6.41193 -247.46 -558.372 92.1444
1.17003 1.46325 1.60291 201.031 -31.2889 83.3337
-2.45088 16.9708 -6.49957 -159.26 -9.04363 -8.40552
1.12705 -13.674 1.99181 191.131 17.6647 -1.74639
1.55456 -11.3583 -0.585906 232.179 49.0997 -2.00356
-2.79645 8.21717 8.93706 -200.545 -78.2061 8.07121
0.934255 -3.3448 14 169.471 90.3475 10.0724
-3.0981 2.17899 -0.939255 -232.455 -451.595 34.3565
1.04059 -2.44515 -1.42006 176.856 198.047 -25.155
-1.04289 1.36896 0.60661 -32.7454 -273.117 -7.89696
1.48544 -16.6614 0.0485232 214.503 223.916 -65.07
-2.69247 12.9441 4.81632 -203.113 -41.8269 6.46777
1.73294 -6.04316 -0.348803 235.099 123.756 -4.98192
-2.70349 12.5445 1.70474 -206.354 -43.0842 3.51299
-2.19086 4.58794 -4.1668 -159.269 -235.054 21.7168
-2.3088 3.79966 -5.93309 -173.608 -170.494 0.92349
-1.94207 2.64902 2.6345 -140.187 -237.941 -8.39687
1.67449 -8.93584 -0.707314 218.598 379.891 -227.566
-2.56106 13.663 4.66885 -202.73 -29.1924 1.80102
-1.48743 12.283 2.18748 -102.784 -124.424 -31.2347
1.80445 -4.00479 2.79801 223.675 197.79 3.81255
1.29536 -2.9567 -3.41647 169.834 173.61 -0.662732
0.63511 -1.61678 -6.01783 103.413 235.57 -13.7856
2.06903 -14.2455 1.48378 245.105 4.74095 -3.34642
-2.61062 1.88001 7.41061 -223.435 -180.429 74.8679
1.11636 -2.2358 1.89468 145.359 201.606 13.2162
-0.556344 -5.21131 -0.0216175 -22.5376 -217.62 -6.67319
-1.67455 9.49656 1.8334 -135.367 -176.645 -76.5571
2.09383 -7.26562 7.52086 238.926 95.3254 8.72184
-0.730075 1.45015 -5.32546 -41.9125 -262.557 2.11842
-2.24689 15.1401 -1.05352 -194.507 -26.1026 -3.58183
-1.45449 2.82195 0.655149 -116.378 -205.366 -74.2617
-2.71243 7.55756 1.24429 -242.067 -117.663 -0.430179
-2.35147 5.29689 0.651138 -206.974 -195.679 29.4208
1.88429 -5.98898 -1.58299 213.438 111.706 -5.73159
1.08607 -2.70199 -16.6167 133.243 117.51 -15.2659
-0.174192 1.63874 4.5777 1.96805 264.844 -12.5687
2.38522 -9.00001 0.844241 252.581 86.328 1.60394
2.00534 -4.78658 1.60937 211.35 158.4 -0.412886
2.20305 -6.28073 -5.44716 222.076 135.156 1.625
-2.11008 4.25726 -4.24125 -207.721 -204.907 3.87005
-2.04889 4.56312 -2.65673 -203.015 -160.438 -13.5006
-1.21332 5.40717 -2.77188 -121.133 -245.191 -5.75977
-0.923755 9.11013 -17.9297 -95.4733 -5.98333 -13.8069
-2.00846 2.64028 -7.82828 -204.461 -214.366 -30.4708
-2.0142 4.38614 -4.57476 -205.595 -162.75 -15.4827
2.12563 -5.48772 1.13949 202.554 124.457 3.11373
-1.61089 4.9386 -3.99029 -171.703 -698.659 527.697
-2.11808 19.8747 7.02177 -225.664 -195.355 -13.2059
2.45666 -8.59032 0.342587 226.892 88.7087 1.75781
-1.74143 3.86017 10.0879 -192.966 -153.116 -0.744959
2.43161 -5.4073 -1.24998 220.809 184.572 -5.65349
-1.62432 7.14826 -8.48337 -182.422 -178.386 -9.42673
1.34434 -3.82461 7.46433 112.179 200.864 6.31635
-2.13505 5.20215 -5.60042 -234.084 -164.474 9.60001
0.0656728 2.31913 1.76214 -23.0225 252.969 -4.47872
2.00554 -3.43217 -10.8843 169.483 174.811 -13.4586
2.26257 -3.78552 1.78531 194.99 198.172 4.70237
1.83022 -3.15592 14.2563 151.431 156.067 10.9777
-1.64033 10.6727 10.5331 -196.96 -38.3774 11.4656
-2.11615 -3.84527 2.16 -244.42 -84.2675 -14.3712
-1.92942 7.36361 -7.44117 -226.29 -95.7316 -0.11491
2.63016 -7.16981 -5.65569 223.932 49.298 -0.916965
2.8743 1.26235 -4.5497 239.945 -23.8948 33.3882
-0.15747 8.69086 -1.82273 -64.2606 69.5933 79.1922
-1.54545 10.6802 -4.3445 -209.498 -81.6622 -6.52496
-1.71462 9.67947 5.91384 -226.687 -61.0052 13.8551
-1.07113 14.6393 -8.7886 -165.781 -7.9435 -14.2183
-0.897089 9.02389 -15.5337 -149.883 -22.8179 -16.8916
-1.3159 4.11657 9.78155 -191.968 -128.872 21.4044
-1.39924 7.92737 7.89278 -201.189 -68.1411 5.04825
1.4456 -5.24496 17.0554 80.8747 227.795 -12.1521
-1.31945 3.5892 1.18542 -200.061 -159.524 -9.69253
-1.44937 7.2287 -7.09406 -213.067 -76.3692 -3.91055
-0.913723 6.37341 -0.456741 -165.397 -62.0759 170.91
3.15855 -8.18779 1.54693 236.061 141.715 8.74051
3.00695 -9.8579 -0.884387 218.603 72.3876 -0.163814
-0.323289 -2.00165 3.54939 -121.766 -213.592 3.86339
3.12833 -9.20566 4.92051 219.831 84.7916 6.09979
-1.3912 7.9204 7.18308 -231.088 -79.4828 3.99007
2.94088 -4.60815 2.46693 198.13 203.178 -1.15246
3.1735 -8.62135 -6.69641 220.922 85.8043 -5.03619
-1.19346 4.1318 6.91675 -214.834 -136.339 11.5531
-0.805885 2.52954 2.38438 -176.743 -176.361 9.07798
2.50374 -3.51268 5.74182 151.923 186.725 -5.46225
-1.12319 11.9008 -6.32864 -209.385 -22.2012 -8.95282
3.09249 -7.82546 5.96382 208.022 124.107 12.1059
-0.28429 -10.6991 3.10183 -127.654 -16.4615 45.8587
-0.714247 15.9409 2.13518 -173.293 -11.5106 9.16814
-0.670325 2.16848 -2.6561 -169.556 -227.933 4.02451
3.18291 -12.0332 -1.93206 213.051 68.131 -1.18686
-0.599079 14.3903 -1.69028 -165.493 -3.80171 83.9343
-0.693617 14.3761 -9.77824 -178.264 -1.7856 -9.84656
0.943194 -1.11045 -1.02244 -16.669 255.194 -14.5423
-0.704073 5.82213 -0.530258 -181.689 -147.112 92.2145
-0.461585 7.03735 -17.1117 -158.73 -160.513 -8.53461
2.37462 -2.69246 -1.23606 121.591 216.559 -2.41347
-0.0244271 1.87797 2.80033 -116.911 -287.162 -52.1742
-0.628136 18.033 6.65204 -178.318 -58.1368 11.214
-1.00587 3.3395 -0.720765 -217.014 -173.907 -12.4608
3.28754 -10.5777 4.91947 208.385 78.4674 6.02496
1.47221 -1.29824 -7.28992 27.9528 258.593 0.490839
-0.817999 3.65771 8.55594 -199.762 -129.103 7.66564
2.43999 -2.94945 -8.78503 122.15 220.3 -4.56937
2.67718 -3.2261 -1.71938 144.984 197.742 -8.14282
-1.29302 8.76475 4.51416 -250.26 -58.9519 6.62482
2.18072 -5.63999 -5.45772 91.9602 252.232 -27.2549
1.3408 -1.2854 0.652771 8.36632 272.128 7.58687
-0.340246 3.72688 4.82833 -159.045 -160.634 -11.9768
3.39818 -8.01275 0.827862 212.295 108.325 -3.36751
2.72679 -3.48951 -1.67101 145.535 198.471 9.68799
-1.03793 5.40834 -1.06949 -229.537 -99.4859 6.125
-1.2967 8.7355 -3.69779 -259.498 -74.7167 -33.3912
-0.0481557 -4.8633 7.45809 -137.806 -505.306 138.392
-0.775064 5.69665 -7.92084 -213.852 -75.307 -10.2871
-1.28592 0.836515 3.52271 -265.125 99.301 -9.47157
3.4409 -9.10923 3.56591 198.87 99.7997 -0.473151
-1.29619 8.96654 -0.603353 -272.05 -64.6516 1.91702
3.09251 -11.728 -11.7445 163.542 58.0831 -10.2429
-0.800108 4.38507 -6.64896 -232.046 -113.977 -16.8114
3.2516 -17.0084 1.29705 170.106 27.1137 0.200587
-0.414491 -2.08419 -1.86494 -194.399 -134.436 36.1354
0.975978 -1.04074 -9.87636 -59.6108 255.588 -21.3458
-0.603328 4.22034 13.3314 -218.457 -81.6952 15.7658
3.72759 -6.35464 -1.89471 211.06 178.278 -5.72841
-0.501743 12.9734 -4.12825 -210.55 -14.573 -8.80641
3.46482 -6.38139 11.3912 175.528 135.223 14.2736
3.59017 -6.39873 -1.73428 187.58 137.171 -3.38375
-0.537102 13.6934 11.6146 -226.15 -299.324 -82.6332
2.53605 -2.11281 2.85783 76.6199 232.077 2.89159
-0.471492 3.80858 7.17821 -222.562 -92.9841 6.32277
-0.732544 5.9211 -6.47807 -248.774 -91.9461 -2.82215
2.89032 -3.098 -7.79403 111.051 198.682 -3.99005
-0.0853271 5.70251 -2.35784 -184.8 -143.735 -29.9392
-0.122391 11.2874 -9.21178 -194.956 -6.26004 -9.34861
-0.556749 5.53363 -2.17405 -239.155 -157.585 -18.3062
-0.402582 7.26023 10.3089 -226.741 -29.5647 6.75574
-0.440158 5.71843 6.5266 -232.859 -60.0812 -0.91152
2.42763 -2.22982 -3.18811 48.235 256.646 -8.41723
3.13953 -2.93584 -2.0757 118.342 258.878 4.56598
3.54882 -4.305 11.9005 154.796 158.145 16.585
-0.367193 1.41274 -3.20157 -236.892 -126.753 -0.201977
4.07853 -5.82085 -4.0443 196.812 169.662 -2.89813
-0.336735 3.95322 -6.71643 -243.239 -91.8047 -3.12126
-0.0241786 -4.62363 -5.9325 -212.465 79.601 -17.2118
-0.0758709 4.92396 -7.71218 -219.633 -49.906 -5.86626
-0.226999 0.167088 4.37818 -235.439 6.35611 121.309
-1.0266 6.23207 -0.782 -315.664 -187.533 -208.354
2.59521 -1.73488 -1.89674 41.536 250.258 13.6605
4.25653 -15.5906 4.80595 205.697 104.668 -17.6557
1.35532 4.57251 3.4767 -85.7055 263.665 25.7623
0.622103 17.3604 -2.55731 -161.672 18.3187 45.8468
0.194541 7.69817 9.69231 -205.329 -19.0473 4.55496
-0.396851 5.78856 -1.39506 -264.536 -65.9006 1.09633
4.336 3.59894 9.41717 205.562 298.731 85.7415
4.03364 -5.69385 5.99063 173.691 172.272 8.37938
4.01187 -5.29578 -3.33388 166.282 164.922 -0.679004
-0.0269225 9.40727 4.07155 -237.833 -22.7104 -4.44981
4.83868 -1.6711 -5.24042 242.523 84.4906 24.739
1.47401 -6.94532 -3.87523 -92.4925 205.642 -10.6181
0.360535 12.2489 -5.43809 -204.393 -3.33687 5.09914
4.28759 -6.97426 5.35372 185.093 157.727 6.05558
0.503798 1.25556 6.84391 -191.432 -139.791 2.5212
-0.00024921 3.46237 4.0856 -242.083 -91.9479 7.22838
-0.166963 3.02506 -5.30809 -260.832 -32.0591 -14.9289
-0.0570501 4.36624 0.794796 -256.807 -93.125 -2.47817
1.87115 7.57248 -0.459974 -65.3337 -28.3372 -164.982
2.59012 -1.35879 5.33196 5.0509 276.957 -0.823492
3.03764 -1.94978 -0.924433 49.2411 297.026 17.4795
3.06652 -8.95611 -7.91228 51.4039 135.335 -102.853
4.44666 -8.29947 10.8258 186.18 119.126 43.6586
0.35428 11.3037 1.29135 -220.659 -5.4416 12.3731
1.66584 -9.27728 -6.9633 -90.414 -32.3643 26.7631
3.05597 -1.63591 -2.05832 46.9956 247.522 -7.20501
0.664176 13.9294 -1.8844 -191.159 8.85787 3.86409
2.52009 -1.26748 -4.28436 -8.69412 287.701 -7.21734
4.21452 -4.61578 -5.88131 158.237 213.313 6.54035
0.47458 10.4318 5.16233 -217.102 -9.07305 4.37886
3.39769 -2.23652 -2.59124 72.2099 273.973 2.61072
0.327657 6.35718 6.6137 -234.005 -15.7276 14.3434
0.123258 3.17416 -4.54441 -254.634 -97.21 -0.876101
1.49514 -0.582208 4.18568 -119.255 217.085 17.9661
4.67881 -6.19879 -2.27197 192.6 194.003 -5.56825
0.100681 6.11614 4.27526 -264.152 -36.7773 0.444059
4.64709 -7.78328 2.52718 184.105 132.35 0.745668
4.5509 -14.6798 7.10413 174.311 50.3966 7.35333
1.33617 -1.96452 8.60908 -145.342 257.381 -46.1683
4.75097 -8.38437 7.69179 193.459 118.104 -36.7162
3.56877 7.42312 -10.2828 74.7916 147.296 66.3399
5.15523 -4.72749 0.664565 231.004 151.774 3.47264
0.996516 13.8933 -5.38934 -184.904 11.4312 -10.7405
0.396345 8.1034 -8.34665 -245.966 -23.9097 -13.6896
0.535225 7.60132 -7.20222 -235.008 -11.6876 -5.57755
0.953722 12.7697 -5.41676 -194.883 10.2521 -11.0647
0.606695 1.64814 1.03661 -229.415 -88.9315 4.13863
4.08849 -1.78074 6.40238 114.74 201.002 4.71509
2.74473 -1.24412 -2.54062 -23.9678 294.956 -13.1281
0.696982 4.72329 -2.07732 -233.379 -111.478 3.8198
0.683531 2.17674 -0.173423 -237.307 -121.326 1.33646
0.446566 2.45509 -7.84707 -263.834 -101.642 -3.91391
0.879989 9.01149 8.39003 -221.374 3.42649 14.6187
4.92583 -6.12814 -0.14113 178.937 176.45 2.56604
3.24581 -1.57779 2.99249 10.8002 295.269 10.4275
0.694613 6.31216 -7.06029 -249.248 -14.0839 -5.3601
0.55816 8.60104 -4.20223 -268.126 12.1881 -31.3362
1.27872 4.75931 14.1267 -196.738 22.0665 11.7199
0.968039 9.30156 6.97114 -228.885 3.24997 2.44846
4.19029 -2.99517 -6.95101 90.001 261.111 2.73536
0.916145 2.39963 5.91451 -237.91 -28.4088 0.163714
5.13506 -8.98453 -9.64234 179.713 111.234 28.7733
0.797215 -0.829059 -2.83202 -252.18 -2.10563 -52.3142
2.32496 -0.478705 3.57135 -102.984 264.706 5.80353
5.19161 -9.39071 -4.18378 180.899 120.521 -14.3931
5.42872 -2.91362 7.04901 202.757 123.246 12.6162
0.84579 7.21668 -0.809444 -255.08 -11.9327 12.116
3.47339 -1.26398 -4.08865 5.73076 258.905 -9.47236
0.863597 4.76148 -0.680718 -255.448 -16.0839 0.794956
3.13065 6.34718 -0.50754 -31.0072 320.479 -1.94949
3.96465 -1.30751 -2.39842 49.4744 257.762 -7.827
5.04322 -8.76666 10.9862 156.157 103.007 1.60898
5.36043 -9.75726 2.53845 187.002 126.816 -2.03807
0.761531 7.24794 -12.1259 -279.016 214.372 -122.242
3.75307 -1.63352 -1.45733 18.1354 254.67 -10.5846
2.7775 -0.543461 9.78487 -79.3643 257.67 8.37475
1.33827 -0.0397051 -8.56572 -224.677 115.012 -19.022
1.06216 7.15938 -0.816902 -252.878 0.600879 -5.46575
1.47046 8.43573 -3.58601 -212.545 98.4742 -4.08277
5.15236 -5.20316 -8.21233 152.897 203.938 3.81155
1.48928 -0.321573 5.62021 -211.08 184.823 13.905
5.54327 -6.90078 4.12308 190.909 190.651 0.611134
1.58191 9.90207 -8.88324 -203.34 23.8589 -14.4942
2.895 -0.732545 -1.8703 -76.3915 256.13 -43.8069
1.29432 7.25353 -0.0422055 -242.418 4.68661 0.299663
1.33303 8.13472 2.48857 -241.002 24.7872 -4.67788
1.16403 7.34192 2.50777 -259.795 -0.717645 -27.7452
4.12009 -1.84721 4.63256 33.2735 285.292 12.7106
3.25346 -0.46313 8.94061 -54.7926 244.981 -2.78064
1.80441 0.374897 6.80572 -199.799 155.8 10.6921
2.63505 0.0780615 -5.86211 -122.061 224.75 8.77923
5.04245 -11.3668 -4.41821 117.03 161.339 -28.3344
1.85881 8.77096 -9.16365 -200.14 26.2643 -10.6562
5.33024 -5.13956 3.79719 140.806 186.452 -2.51533
1.91905 13.548 -1.07305 -200.699 27.1935 -6.93525
1.27531 2.4076 -6.88278 -264.916 -9.736 0.435925
5.07596 -3.97513 2.62389 111.835 215.424 18.604
1.38979 4.26286 -9.10291 -254.999 45.0301 27.7846
1.17788 4.8512 0.326337 -278.597 -8.00712 7.71002
5.78743 -6.34966 -1.36825 175.384 209.827 -13.7722
5.15657 0.0364209 0.928081 112.347 293.194 18.1426
1.27125 -4.05535 -4.42874 -275.8 36.5565 -10.8013
1.95574 0.515651 0.786027 -208.857 159.2 -32.5515
1.24376 0.916804 -1.42107 -281.629 -43.1389 8.77569
5.76323 -8.44093 9.4343 164.098 135.961 9.8556
5.29949 -3.87231 3.99111 117.739 245.659 109.49
4.89239 -2.6787 -6.80234 77.2269 226.317 -6.37755
1.65367 3.77537 1.94252 -244.961 25.4178 -0.41598
1.24682 6.92006 -1.04076 -285.501 -0.438188 -6.28534
2.05924 1.78034 -2.66537 -205.183 136.071 22.0622
1.62537 7.69239 -5.72879 -249.996 16.3195 -23.2235
2.29064 0.484778 5.25033 -185.623 189.564 -5.32738
1.52622 5.3446 5.05419 -263.193 28.524 2.40124
3.41065 -0.406225 -1.32255 -84.5682 276.093 -2.3508
1.95478 0.313752 -2.39578 -233.095 172.883 -1.97902
1.49814 5.51446 -1.33998 -279.495 3.12023 76.6365
5.87161 -7.29214 9.20251 154.24 128.012 9.5826
1.59886 4.45605 -8.11781 -270.876 28.3571 -10.3047
4.83111 -2.19864 4.619 48.8823 283.374 21.9724
3.52142 -0.0260203 4.50637 -81.255 289.276 88.1421
2.23104 7.7049 -11.0263 -210.53 34.6731 -2.52213
3.51876 -3.21473 10.797 -83.0923 249.261 3.43097
3.24904 18.5771 -3.94039 -112.704 28.0581 -4.85022
2.06332 4.93532 4.52695 -230.879 -118.76 6.12078
1.95485 10.2369 -0.278837 -241.791 -39.674 1.39544
4.06193 -0.942935 2.23722 -34.1354 214.991 -91.5103
2.19439 1.92775 6.04056 -221.218 115.556 -4.88587
1.81437 3.11038 -1.71825 -259.739 102.284 -12.1823
3.82901 10.6942 17.8047 -61.2513 34.9101 13.7856
2.45804 13.1367 -3.17567 -197.568 30.2753 -4.89422
1.85328 5.00417 1.35909 -258.677 -29.7493 -7.05021
2.37944 8.20298 -9.94491 -208.697 39.7667 -11.5106
3.67131 -1.05708 4.25822 -83.1098 219.67 3.5313
1.69846 6.93288 0.657291 -279.484 31.5023 -1.96828
4.94794 -1.85339 6.47032 41.6129 236.081 20.8218
1.78901 6.07297 0.489995 -274.299 30.2268 -2.08161
6.08389 -14.0718 8.35442 152.033 49.6267 8.94391
2.32076 10.4995 1.96893 -223.296 33.1023 3.02539
5.56392 -3.61839 -3.66893 98.3673 221.258 -2.68907
2.09263 5.11639 -1.69997 -247.506 56.3936 2.02823
6.33243 -6.44128 -6.45423 173.483 198.731 -1.92583
2.75271 1.38795 3.65944 -183.875 253.189 109.901
2.19416 3.93261 -7.92081 -240.122 73.551 -18.0161
3.97505 -0.655452 -0.189479 -63.5527 286.661 3.56578
2.84642 3.69685 -15.1952 -178.412 95.7765 -23.2375
1.9013 5.07775 7.53516 -272.905 29.1585 4.68781
1.59982 1.67511 1.4905 -303.175 28.5453 -1.38723
2.06631 5.05489 4.25438 -256.858 -14.5576 32.2551
4.5959 -1.14914 6.26129 -6.39558 279.82 2.98378
5.42162 -0.605488 -4.89768 70.3519 217.048 42.25
6.69352 -8.20886 -2.6538 193.02 161.648 -1.59643
2.00455 4.87353 -0.532357 -274.922 45.1048 32.7159
2.40214 5.71786 2.61817 -240.829 64.33 4.23837
4.31563 -0.193973 8.033 -51.3524 234.978 -3.17638
2.65896 6.18264 5.78153 -216.783 69.1144 -3.88846
6.01599 -1.93962 1.17815 115.515 293.601 100.08
2.38307 2.85934 1.85813 -246.302 81.9853 -12.4644
2.20967 6.92718 -2.73459 -264.62 33.8851 -1.27832
2.94114 7.02462 -12.8481 -192.961 63.1373 -20.7445
6.28957 -4.80844 -4.88976 139.316 240.187 -6.06177
3.02736 13.9877 -0.302106 -185.177 39.866 -8.04704
2.34385 1.64248 4.27486 -253.657 129.304 3.7785
3.92794 0.494612 -6.13076 -101.247 223.408 -0.236636
2.73555 0.940335 -3.29436 -224.579 198.835 5.94312
2.45549 6.08014 7.20886 -255.332 59.0048 10.6932
2.61807 5.10997 6.58143 -247.648 76.9655 -4.44709
3.70055 -8.70077 6.14275 -141.323 -22.1382 -31.3892
5.61122 -13.6284 1.88334 47.4861 -31.4517 19.9837
2.46326 3.86672 -6.61073 -266.372 81.1241 -17.8996
2.60455 1.6913 1.33451 -260.17 154.534 -4.58906
3.26387 13.487 -3.97106 -195.089 53.8382 -0.902294
2.65907 5.93764 0.230911 -260.706 60.0174 4.08182
7.01292 -9.68794 5.84063 168.267 137.463 6.42375
2.92917 8.83932 0.289295 -241.939 58.9814 3.86642
3.12853 9.71975 -5.26807 -222.721 109.648 -21.5184
4.50201 0.692053 2.55886 -86.7526 230.185 4.51272
3.32804 1.9921 -5.77147 -205.851 170.567 6.93597
3.43388 1.89438 -2.95681 -195.998 180.155 -35.0598
3.59171 12.5813 7.34166 -181.3 50.1892 9.751
4.42059 -0.277459 -0.82558 -102.404 176.081 -98.7779
3.35744 11.7904 -0.0729917 -211.827 55.6833 3.08339
6.12826 -2.64417 -2.26643 63.2807 227.336 2.06873
6.22577 -10.2764 7.012 72.8327 186.449 -1.12885
3.28506 5.52665 2.31023 -223.302 69.0335 42.0933
6.49874 -3.85366 -3.37939 93.1818 226.271 -8.51626
2.92034 5.79923 -1.55313 -264.295 82.5059 -12.9781
3.0031 6.01111 1.34935 -258.764 81.1386 -9.95959
3.9382 1.38814 -3.71033 -166.02 237.826 -1.95382
3.17112 2.85291 -0.762241 -243.189 146.08 -6.23294
2.80838 4.57849 -0.391238 -283.279 86.7726 -12.6755
3.60744 3.0259 4.88582 -204.409 69.7164 83.2731
7.50868 -9.22243 6.90948 180.979 149.027 7.5112
3.36596 3.93 -3.22325 -230.946 123.002 -14.2904
6.38908 -1.57205 -6.54365 68.345 242.82 -23.9352
3.62446 10.5835 -3.74225 -207.781 75.4018 16.3626
7.14118 1.69664 2.29865 140.707 309.315 47.8485
6.60403 -3.11348 -1.85136 87.3146 252.702 -2.10165
5.86479 -1.0187 8.91471 11.5955 229.467 14.4173
5.88001 -1.17011 -10.5759 12.0674 247.035 -3.82511
7.42064 -7.55647 -0.68546 163.127 174.433 -15.6881
6.09193 -2.69102 -7.34454 31.0444 244.119 0.066359
3.38319 5.22894 2.80961 -238.641 95.6674 -8.50864
4.66877 1.41079 12.3224 -112.597 207.45 1.73249
6.26717 0.0627251 -9.60578 45.495 39.7561 109.206
6.92858 -4.1159 2.1354 111.184 248.58 2.98097
4.16074 -1.21057 -5.64544 -165.096 -65.234 92.9885
3.59882 2.83949 5.0973 -221.478 250.419 -141.612
4.03127 16.3956 -0.138186 -179.172 57.746 11.0036
3.92531 1.97856 3.11212 -190.796 192.224 -13.5497
4.27664 2.25596 0.0146621 -156.437 197.604 0.329814
3.55993 7.7527 -3.12497 -227.712 74.0175 -12.9386
7.16159 -10.469 1.54202 129.836 179.732 -7.79015
6.40024 -2.46163 -0.977371 51.1609 252.144 -6.28186
3.23545 4.6284 -1.2175 -263.336 105.61 -14.6786
3.69144 8.92468 7.79737 -220.744 77.0191 17.0471
6.88109 -1.99172 1.37539 95.8317 351.81 -145.311
4.59915 1.28986 -3.20612 -131.382 225.824 -4.96622
3.70718 9.41548 9.86508 -220 73.4316 -0.153243
3.91343 8.68185 4.88281 -204.542 71.9059 13.5694
5.94938 -0.886862 -1.92108 -4.07333 253.445 -4.57811
6.60528 -3.74166 3.67032 59.5998 127.69 146.509
3.71657 3.27773 -6.76967 -232.19 160.558 -2.15606
4.06873 8.76372 5.43709 -197.787 79.4014 2.17634
7.68309 -10.9014 2.75618 159.63 127.869 3.41803
3.84797 4.39525 8.90189 -222.273 131.394 -0.491423
3.79519 9.10843 6.58451 -228.76 75.685 -3.68032
4.49616 2.2489 -9.58852 -160.076 204.595 -10.1743
7.11338 -13.1496 2.19454 99.5809 72.9589 86.1009
3.56788 4.58417 3.177 -252.767 125.138 -7.47359
3.51638 9.17653 2.3981 -258.904 73.8859 8.7423
6.27577 -1.5211 -5.95551 12.881 263.454 1.03328
4.2605 -3.00519 1.20767 -187.841 47.0098 -75.4856
4.20265 4.77013 -7.12629 -198.006 122.192 -11.3497
7.45419 -5.37446 3.53728 123.597 233.515 20.9061
5.1857 1.62366 6.10112 -107.923 205.149 18.9026
4.58018 1.45074 3.45456 -168.616 233.49 17.2867
7.87442 -10.1081 -4.91549 154.622 123.914 -3.96684
4.11193 -0.598508 -3.56377 -221.394 132.772 -7.08737
4.16765 10.2491 5.1953 -215.951 76.9659 14.3662
3.83685 4.84084 6.11653 -249.72 131.121 5.54813
6.49238 -1.12116 -6.06557 12.7333 250.112 0.578196
5.86661 -3.87976 -4.86846 -53.0337 67.3377 144.551
4.16449 2.84423 -2.16236 -230.01 189.098 4.00278
5.84561 4.26658 -3.22494 -63.2226 223.298 17.8677
6.64768 -1.20705 -1.62798 13.9658 291.132 5.88606
6.27697 0.0748092 -8.74515 -27.0174 216.147 4.57803
5.64036 0.988929 -0.964067 -91.333 247.252 -1.23772
4.33662 8.22209 2.08883 -221.618 137.851 -3.96968
4.27454 5.51763 3.40211 -229.132 121.704 2.9699
4.77259 13.2253 -10.1819 -180.073 286.452 -84.8892
4.07409 7.60037 4.12832 -252.59 97.5783 0.0952191
4.4302 3.34247 0.361779 -219.581 91.7015 -6.43701
4.18954 6.028 -3.35153 -243.864 122.608 -13.3945
5.27274 10.6017 4.31073 -136.615 211.4 17.8141
4.72705 3.518 -8.04584 -191.257 173.942 0.127085
5.53351 6.98196 16.1636 -116.43 87.9817 17.7434
6.39689 -0.107109 -5.75833 -31.0222 226.104 -6.34153
6.68926 -0.919028 -0.108271 -3.79012 264.503 -2.9586
5.62784 1.88861 -2.89392 -109.414 208.857 10.4962
4.66317 5.86363 -0.6926 -206.62 128.512 -5.381
5.53855 1.66481 -6.76173 -125.757 237.96 8.66556
5.35157 3.12701 -9.72908 -145.532 188.537 -10.2275
5.12845 4.01645 8.18411 -168.385 162.897 14.8544
5.49148 1.10692 -5.00891 -133.398 251.122 11.2248
5.68851 2.05394 4.83746 -116.435 203.563 2.94257
8.50393 -0.529221 -3.5116 162.405 495.55 -198.586
8.09394 3.09861 -6.52312 119.726 398.447 -88.729
7.8843 -4.97785 8.12608 97.9674 180.519 21.3909
5.68589 1.5868 -3.60132 -122.631 249.428 -8.05522
4.58658 9.1087 7.19306 -232.561 54.7651 -246.71
4.95931 8.01747 3.72037 -201.746 112.833 -6.30695
5.21659 5.17143 -4.67734 -180.051 140.88 -4.23519
4.87313 9.94669 6.24241 -215.994 93.3312 -5.2022
8.11447 8.75212 -9.17399 98.9432 492.963 -37.7049
4.80276 5.79166 0.513375 -230.482 142.412 -4.76045
7.91803 -1.44326 3.94171 77.733 220.251 4.09825
5.01286 4.49233 -1.82199 -212.843 172.184 2.74976
5.14048 6.38993 6.47557 -202.105 126.655 1.58516
7.03154 -0.270308 -4.82891 -25.0514 242.832 -17.1952
8.12354 3.42549 11.2144 81.8115 251.488 18.8694
5.39617 5.54276 5.19913 -191.78 136.825 8.61031
5.42157 6.18748 -6.65502 -190.004 136.273 -2.79211
5.66652 2.23131 0.492726 -165.745 231.784 14.298
4.67855 3.93852 5.71006 -263.897 45.0385 60.7484
6.79642 8.60966 0.208463 -58.4037 120.145 124.421
5.85363 3.55215 3.79226 -160.512 187.407 -2.05179
5.70994 4.28941 -5.60769 -177.435 171.976 2.01401
6.83388 0.796586 7.92777 -67.1485 232.752 6.69604
7.05282 1.13932 14.507 -45.8815 196.486 21.833
6.27602 1.94495 3.51417 -123.11 234.731 18.2978
5.47183 14.4363 -10.355 -208.788 92.3771 -20.176
5.36038 5.12279 3.95811 -219.901 168.508 -34.8829
5.33875 7.34388 0.856619 -222.903 135.381 -8.29054
6.207 2.14765 -6.35018 -141.003 192.905 26.2744
7.28115 -0.198984 8.17586 -34.8154 254.271 6.92157
6.04903 13.851 -2.45002 -162.872 67.054 -12.0168
7.17993 0.253341 0.20377 -52.4781 251.82 -11.4454
5.60853 5.60806 -5.52808 -215.754 153.031 -1.23415
6.04933 8.64018 -5.28815 -175.727 113.965 -9.12838
5.25615 6.16657 1.18699 -255.096 106.441 -12.6198
8.86064 -5.9106 4.79099 102.737 187.482 18.7685
5.63546 8.11397 -1.12929 -219.538 120.057 -1.36608
8.04616 -1.52088 -0.331158 15.0287 280.811 6.86997
7.70686 -0.188072 -8.04589 -20.2898 211.46 -18.6554
9.36049 -7.28609 -5.39765 143.72 182.995 -11.3571
7.77059 -0.23734 0.494819 -14.2375 241.252 -8.22699
6.11384 13.1157 -8.35755 -184.481 81.5676 -21.79
6.36359 2.7204 -4.877 -159.728 225.078 8.71551
7.12572 1.29442 -8.67812 -89.0093 245.256 -8.63393
6.18705 13.7978 1.24596 -183.411 85.1315 -8.40635
7.24809 2.08046 12.7145 -80.5729 200.555 22.8084
8.92329 -9.79089 8.1313 79.5263 205.493 14.9242
9.29064 -8.65669 -13.086 114.665 105.052 -8.93999
6.53682 -6.20725 2.48828 -158.951 58.3047 63.9583
8.14911 -0.929666 -3.79356 0.103465 258.453 3.50546
8.22535 -8.64308 2.45997 4.9738 216.438 18.6554
9.19378 -4.79347 3.038 97.3944 229.675 -2.4596
6.38484 0.036606 -11.144 -184.79 106.732 -16.3467
6.9069 2.93965 1.48246 -133.661 249.777 -10.6646
7.14482 3.45116 -1.64124 -118.205 223.46 -12.3488
8.11393 0.2687 4.57878 -30.5714 233.746 3.54721
6.97313 3.51915 0.191527 -152.435 216.845 13.0353
9.12009 1.45431 9.3417 57.2628 16.6066 -88.2908
8.9362 -2.18036 2.26427 31.678 224.126 8.68672
7.37737 3.64541 -3.61118 -132.524 190.775 7.8111
9.41987 -3.24213 -2.2054 63.1562 213.62 1.88472
7.17531 5.70814 2.96249 -162.489 176 -6.50387
7.31081 6.00918 1.13917 -149.213 163.79 -32.1566
9.2113 -2.13957 0.0654359 23.9746 264.827 -9.50562
9.51533 -1.62013 -11.8422 27.8039 181.297 -6.09274
10.2868 -5.44745 2.00556 99.4006 211.057 2.72255
7.34801 8.78637 1.34135 -201.069 165.816 -20.1621
7.67632 6.46504 -1.84923 -176.615 186.813 -3.8048
7.59762 12.7849 -4.41416 -186.681 109.077 -4.47789
7.52947 9.85711 5.97555 -197.925 128.881 1.14776
7.92909 10.3968 6.32612 -163.593 124.282 9.21741
7.94259 9.68457 1.76273 -169.214 127.361 4.94398
9.00376 -7.99335 -12.4973 -77.0109 214.956 -11.9376
9.15667 2.3334 11.8128 -68.901 198.021 13.0863
8.84 3.47846 1.70094 -101.611 235.601 2.95017
9.75149 0.0224066 -10.11 -16.0217 194.023 -19.7237
10.9745 -6.48719 10.1832 96.1744 151.086 8.88607
10.6468 -3.5852 -1.07464 62.8444 227.954 7.84752
11.271 -7.47805 -0.617802 124.454 201.554 -1.7621
11.2561 -6.6704 4.72983 114.319 183.739 3.47137
9.36069 13.8123 -0.60906 -77.2757 229.451 -2.97386
8.95259 4.24539 3.3602 -134.04 225.175 -5.19845
8.82833 6.54052 -2.21175 -149.071 198.062 -1.8116
11.1383 -3.85146 10.5141 60.1986 194.591 13.7445
11.7928 -8.8773 -11.8194 95.4812 110.343 -4.68735
10.4064 1.21026 -5.0315 -49.4651 248.963 -9.83393
12.3211 -4.33162 4.08187 135.653 187.08 -5.61615
9.40818 7.73924 -7.37982 -154.326 167.217 -20.9608
9.61379 7.90715 -7.99272 -149.41 162.038 26.1002
9.73221 8.29999 -5.04352 -138.818 152.889 -17.4284
11.3208 -7.96786 7.34206 13.9839 481.395 -96.3308
11.0908 0.961751 -9.77014 -21.0894 208.425 3.08046
11.2463 0.280668 -12.4943 -5.64165 183.175 -18.5873
11.513 7.32859 1.01883 7.4083 -8.5649 106.017
10.5349 0.550765 25.1751 -93.3363 196.702 -110.952
12.3289 5.85951 -5.30451 47.7721 355.929 -89.4932
10.9107 4.46382 -1.31629 -95.6837 209.731 -5.07553
12.1012 -1.17864 -7.98349 16.4488 185.798 -2.89769
11.1061 10.6191 16.1299 -97.8704 259.908 45.4873
12.2842 -1.64545 2.95931 17.6941 226.714 8.6531
12.3627 -1.22539 -6.43615 17.9256 233.09 -0.208144
12.1143 0.185387 -4.50659 -9.80348 238.688 -12.933
12.0433 1.96836 -6.20825 -43.2886 205.424 2.29343
11.596 5.59756 4.39918 -94.2917 179.712 2.75163
12.9886 -2.33213 -3.20457 34.8324 216.809 3.23462
12.9231 -2.32083 7.28082 24.4407 210.108 -0.629189
12.8577 -6.54202 -0.130478 4.29351 235.815 -7.4594
11.6617 6.32734 -0.0151121 -117.021 178.062 10.3401
13.0716 4.68177 -1.30235 8.48863 259.691 24.5662
12.1259 4.05905 1.87133 -86.5142 226.546 13.6956
13.0134 1.73335 2.07894 -35.5327 205.14 -7.42118
12.7686 4.33619 1.90877 -67.7469 207.821 1.57202
13.1951 2.86702 4.95737 -52.1111 206.611 3.95701
14.0222 -0.584483 -5.41491 18.666 200.836 -0.0655673
13.8206 15.8919 -4.15435 -27.6949 46.2127 -8.20523
14.9354 -0.365165 -9.89231 7.75199 170.578 -11.3271
16.5943 -10.8782 3.45905 67.6302 85.8751 4.98263
15.8722 -3.56245 0.659626 -73.2617 276.945 -63.9276
nan nan nan nan nan nan
10.5576 6.52245 -2.43398 -137.912 204.855 9.62174
15.7024 -3.44266 -4.17806 -18.252 271.352 -1.29472
