-15.3764 5.60218 3.00039 346.53 -119.029 -119.523
-14.3357 -1.96574 0.336296 298.419 -219.816 108.845
-11.8596 -4.84296 -3.60143 302.459 -95.1475 91.0262
-11.8681 -9.64853 0.68771 284.051 124.715 72.9348
-13.7211 -0.224767 10.1216 82.5851 -224.265 63.2441
-13.8067 -3.14631 -2.01831 68.5203 -201.703 -15.6345
-15.79 17.5681 7.70789 -131.802 -135.742 48.201
-12.5238 -10.6303 0.111412 180.587 -244.843 7.26736
-15.4865 0.179229 1.96311 -132.124 -106.494 36.4447
-13.5214 -1.91204 5.54812 52.3634 -198.41 30.5963
-13.3733 -5.4883 -6.78553 66.7231 -185.584 -48.8891
-15.1449 2.77955 -9.54679 -118.601 -82.9161 -68.6658
-13.0447 6.68182 -0.34129 89.8797 -178.256 -17.6743
-13.7001 1.48208 -3.37161 8.92701 -253.334 -26.0021
-13.2518 -0.802254 -4.69312 45.6262 -196.117 -14.187
-12.374 -6.48635 1.7188 131.918 -169.54 11.4106
-11.8534 -2.88903 0.509068 165.212 -168.515 10.6874
-12.5028 4.06358 1.13541 98.5624 -200.547 -4.05037
-11.4624 -4.87945 2.59498 194.009 -149.712 27.206
-12.4614 -0.633417 0.0252558 92.8536 -202.827 -100.387
-11.8562 -16.0376 18.7236 138.266 -215.828 155.088
-10.8868 -12.4036 7.69299 226.594 -33.8746 20.8268
-11.6649 -2.76904 5.67924 149.297 -177.427 45.8967
-11.6558 -4.62246 -0.0523661 145.353 -160.06 -1.81325
-11.1658 0.787764 0.0168473 190.272 27.4989 -6.28351
-11.486 -1.48166 -0.831206 156.125 -132.333 5.08412
-12.0095 -1.98334 -7.87878 101.11 -187.355 -67.1956
-11.8018 -0.749272 3.06311 121.073 -194.869 13.3607
-12.7298 3.2352 2.31595 24.3129 -125.045 104.363
-11.3178 -3.72243 -5.58205 163.603 -161.887 -43.0403
-10.6176 -3.36254 -1.23958 227.474 -2.8797 -45.9645
-10.85 -0.620628 -1.84473 204.079 -89.3488 25.0379
-10.6591 -2.29902 2.78647 216.552 -130.758 25.9311
-11.4579 -2.54051 4.87677 137.182 -169.985 48.7023
-10.8591 -4.99931 -0.998385 192.522 -256.917 -5.07396
-10.8631 -0.966869 5.46015 191.172 -154.491 38.9446
-10.9065 -3.32764 -2.25214 186.754 -141.507 -24.1521
-10.8084 -2.87187 1.05543 191.254 -148.156 1.9008
-10.5536 -0.091538 1.46081 210.942 -141.343 -44.562
-12.4689 4.05547 -2.46087 19.3644 -238.736 -19.9574
-10.5402 0.680027 2.49513 209.771 -121.343 62.9971
-10.5469 -3.53956 2.64382 203.906 -115.247 9.05132
-10.2753 -0.112451 -0.201965 230.138 -85.2786 58.1291
-11.2628 -3.90554 0.791359 123.889 -307.208 17.3927
-11.6375 -0.000259872 0.478849 83.5426 -204.99 -7.72902
-12.4762 0.984135 7.62069 0.189954 -194.404 50.2667
-10.0314 -2.67978 1.56655 241.235 -77.5277 13.4163
-12.8768 3.77231 -1.23456 -47.2588 -197.292 -3.42444
-12.9013 -1.8366 7.3165 -49.8967 -164.521 -5.14365
-11.0864 2.17133 -1.62714 129.323 -214.139 -32.9639
-11.8006 -4.83343 2.47214 56.0275 -273.493 13.2641
-11.2841 -0.144553 -4.68628 105.989 39.7744 -77.975
-10.1158 1.65534 -1.89289 218.864 -188.044 -8.23129
-10.7815 -1.06363 -4.73418 152.563 -161.952 -40.8204
-10.2979 -0.518719 -7.23159 198.396 -86.6517 -50.5746
-9.9159 -0.673893 -5.19536 235.903 -85.5885 -21.4486
-13.4116 13.7397 1.21231 -112.101 89.4028 8.84611
-10.8827 -0.793991 -1.54656 131.102 -179.141 -5.33802
-10.825 -0.952385 -1.05377 136.665 -181.417 -12.7097
-10.0919 1.89508 -0.0160562 209.024 -150.75 7.6178
-9.8861 -1.70174 -4.31883 227.673 -91.0346 -15.3981
-9.61849 -0.884011 0.618503 254.064 14.9552 40.5341
-10.1784 -6.21574 -0.376785 197.669 -143.351 -0.288724
-12.4033 1.6838 -5.80679 -25.3282 -193.143 -39.1172
-9.90987 -1.22128 -1.83663 216.122 -113.079 3.79066
-9.86207 2.40881 -1.36345 219.702 -140.801 -11.9396
-9.8232 -7.52668 4.71218 219.988 -96.5351 31.8425
-9.95422 -1.78123 -2.30799 205.456 -120.629 -12.2496
-10.0479 -6.67504 2.68724 194.737 -116.823 19.0494
-10.0954 0.464745 -3.64892 188.186 -149.313 -19.9707
-9.80965 1.02119 0.155337 216.19 -128.397 -2.17152
-10.2708 -5.83142 9.08507 168.237 -131.704 59.0808
-9.51692 -6.58173 -1.36957 242.755 -69.4412 -9.11803
-9.84476 -3.47765 -1.30762 210.022 -45.0262 -25.1839
-10.22 -5.01893 -3.48606 172.016 -132.624 -21.5658
-11.7409 6.38889 12.315 20.8687 -218.043 94.2862
-10.0812 1.31787 -7.43386 181.162 -159.719 -61.4644
-10.9472 0.0125548 2.92504 90.5947 -186.958 4.81257
-10.065 -6.98123 5.48763 177.972 -128.462 31.008
-10.1857 -5.59752 4.72757 164.639 -133.995 39.394
-9.32231 0.553527 -3.99952 247.129 -39.6734 -33.2126
-10.8573 -0.215254 -3.92344 94.1429 -183.739 -29.8185
-9.25276 -6.11669 -1.57398 252.515 -22.4847 -16.5821
-9.36013 -2.94264 -2.21586 239.657 -42.0946 -15.4274
-9.77926 -4.3807 -3.24157 195.993 -113.931 -34.5377
-9.98167 -1.95611 7.66087 175.853 -131.285 51.5049
-10.1477 -4.45967 1.79216 159.148 -134.991 14.597
-11.1154 10.8131 -4.563 62.9103 -165.194 -34.2138
-9.50703 1.41153 -4.48377 214.329 -123.56 -36.6305
-11.6115 4.93802 0.962012 3.32664 -239.881 13.8584
-9.73203 -7.57795 3.2382 189.037 -124.391 38.603
-10.1022 -2.71667 -5.36152 151.433 -142.919 -41.2699
-11.459 4.25919 -2.69133 16.3872 -218.803 -11.0839
-9.56882 -1.58446 -1.0774 199.857 -109.646 -17.4258
-9.54517 -0.510209 -2.96097 199.272 -121.081 -20.565
-9.31011 -3.8461 -6.20534 221.279 -81.5857 -44.5335
-9.43977 -9.32262 -0.661729 207.937 -113.371 0.538582
-9.25434 -2.17452 5.59669 224.614 -69.6848 43.2679
-11.6165 3.71723 1.9371 -12.1658 -201.298 19.9563
-10.4667 -11.3894 -0.390555 100.476 -153.229 0.232578
-8.95632 -15.6909 -3.16404 249.728 50.7659 23.7781
-9.23441 2.95765 -0.510743 219.792 -133.334 -1.99144
-9.7848 -1.44737 -4.87766 163.644 -138.812 -37.7313
-9.64027 3.35784 5.04791 174.063 -189.095 39.8873
-10.7276 4.57639 2.97674 65.4128 -211.729 11.2598
-9.6701 -1.14504 8.02182 165.742 -143.755 63.6561
-9.22948 1.17654 -0.954253 207.651 31.1813 37.1467
-9.25512 1.36352 -4.36397 205.082 -127.314 -20.7163
-8.92014 -4.38624 2.44473 236.089 -10.967 13.5963
-9.3573 -6.92443 0.541197 192.038 -24.4298 -46.7964
-8.7347 -6.29083 -3.62785 250.204 -24.2215 -31.7655
-9.00809 -0.281453 -2.31718 221.265 -79.4151 -46.7394
-8.57649 -4.22761 -4.65724 260.614 -9.90755 -38.1885
-10.6961 0.309417 8.76017 49.0824 -167.338 83.6453
-9.31033 -5.24537 3.01841 185.803 -102.595 21.5629
-8.72841 -5.24908 -1.79289 243.161 -16.944 -10.9748
-10.6795 4.53083 -0.846329 45.9005 -238.192 -14.9442
-8.93539 0.372753 -5.17573 215.26 -104.406 -8.24029
-10.1289 5.30643 6.21362 96.6445 -83.8295 -56.0827
-9.76239 3.83457 2.49523 132.31 -218.275 4.2611
-9.94247 -1.6002 -10.5186 114.257 -266.878 -56.0154
-8.92108 -19.4591 -6.68906 213.034 226.005 81.07
-8.74681 -3.07246 1.51241 228.44 -38.2746 13.262
-8.95086 -8.41803 -2.66719 207.038 -100.475 -22.8335
-9.02824 -7.77329 2.80772 199.189 -39.4383 21.2376
-10.7894 4.26329 5.15611 23.1016 -223.045 47.4388
-12.2137 13.9142 5.82804 -120.667 -130.274 37.9009
-9.07993 -6.80187 -5.26993 190.347 -97.6185 -37.7581
-8.7395 1.48362 -0.221782 223.677 -76.3501 -12.8502
-9.47342 0.749743 3.69622 149.63 -160.127 5.73945
-8.82897 -0.502654 4.05735 212.557 -76.1363 45.629
-10.6751 8.85055 6.36886 26.6637 -188.48 45.5647
-8.60168 -4.56646 4.41238 232.328 -12.7464 28.325
-9.47664 3.0538 6.05723 144.197 -193.983 49.986
-8.94937 -9.26534 -4.45494 194.204 -105 -35.9904
-8.39453 -4.9943 2.53558 248.055 43.6012 16.9197
-10.5964 4.76026 2.26518 28.1608 -263.429 -62.4478
-8.80353 -5.65857 -2.70479 205.174 -79.5404 -23.0808
-8.79427 -4.38153 -0.728854 203.648 -81.6536 -3.91854
-10.4676 5.53042 -0.123303 36.1336 -239.842 9.10513
-10.3798 1.83818 -8.14067 43.001 -186.422 -65.6182
-9.24329 3.56814 5.80801 154.54 -189.059 23.4184
-8.55472 0.159413 -5.47916 222.561 -51.0013 -39.1563
-11.1374 4.01206 5.02906 -35.3125 -190.902 43.0474
-11.3519 5.05236 7.63496 -56.6813 -192.304 52.9936
-8.43833 -2.48003 -3.56107 232.341 2.72168 -24.2262
-8.43636 -6.72384 -5.62456 231.62 -40.9806 -33.6513
-9.00743 2.26103 -4.65225 172.151 70.0138 2.44478
-11.2677 7.10857 -0.316279 -55.6847 -209.419 -1.46637
-8.35746 -3.33047 -0.682243 232.123 51.7619 -6.91363
-10.0765 2.90664 2.41485 59.3097 -201.866 12.3029
-8.374 -11.9074 6.87038 228.135 40.4788 35.419
-9.43801 -4.81524 8.94553 122.019 -139.922 65.3587
-10.6048 4.96961 5.74824 4.38526 -219.818 48.9785
-9.22847 -2.21872 -8.88351 135.779 -132.822 -62.646
-8.24309 -1.61786 3.70609 233.248 67.0599 19.3338
-8.86262 -5.2623 -6.27455 171.611 -100.95 -33.4809
-10.29 4.81846 -0.337812 29.0735 -224.479 6.77271
-8.89535 1.2775 -1.32792 165.21 -147.677 3.05198
-9.22449 2.26354 -0.616761 128.56 -182.185 -0.0582925
-7.95331 -5.65001 1.52829 251.865 75.8183 12.0382
-9.63323 -1.41773 11.8865 84.9468 -151.245 105.622
-8.34656 -0.77404 1.80423 208.891 -88.1076 -2.51788
-8.18017 -2.36849 -0.940256 225.402 -25.7958 21.0771
-8.73613 1.18135 2.28223 169.704 -135.074 -44.6321
-8.59774 4.66312 -0.274562 183.192 -180.583 0.311147
-8.87108 -5.94195 8.40722 154.169 -99.076 61.7671
-10.6698 7.33841 -0.0345787 -26.2312 -147.206 -104.69
-10.5332 25.9256 7.64375 -12.8384 -344.947 12.8183
-8.79586 -12.3019 2.59787 155.944 47.7722 51.886
-9.26784 2.5099 -7.36122 108.975 -191.278 -70.6797
-7.87812 -5.82775 -5.51269 246.275 35.9399 -42.9093
-8.44589 2.98365 -0.5761 187.023 -143.157 -10.3037
-8.95269 5.58476 -0.234497 134.264 -223.328 27.119
-8.21603 -4.81867 0.386124 205.602 111.676 -0.2276
-8.84711 4.99071 -4.95233 142.085 -208.204 -55.4458
-9.47465 -2.26939 -11.8872 75.189 -143.756 -87.0318
-8.22697 -8.15094 0.834891 197.425 -74.2162 7.98334
-10.3553 5.35586 -8.5108 -15.0037 -172.723 -102.727
-7.92912 -4.97857 -3.23082 224.332 -16.709 -21.8601
-7.76059 -5.75341 -2.03058 236.845 -170.865 21.2297
-7.99851 -6.62494 -4.78062 210.776 -29.9223 -39.6588
-7.99939 -1.94316 -7.55465 209.863 -32.0524 -55.2741
-7.74738 -16.255 7.90461 234.773 243.335 -40.881
-8.00999 -4.97938 3.69173 208.544 -54.5552 28.3737
-7.84792 -5.38305 0.38493 222.712 -19.9104 -1.4008
-8.34175 3.20951 -4.48585 173.465 -153.439 -56.6438
-7.66603 -4.57913 2.81665 238.994 39.0215 20.8345
-10.0603 3.87534 -7.36925 1.07829 -195.316 -48.4761
-7.6432 -8.27202 -5.38285 239.842 16.4035 -40.2811
-8.37178 -5.02448 -5.58037 166.965 -13.6867 67.3059
-8.04328 -5.29847 10.8783 199.529 -53.038 82.6927
-7.98423 -0.716197 6.7762 202.584 -53.0977 51.8655
-8.78332 4.28297 7.21936 123.19 -200.594 64.5858
-7.72262 1.50333 -8.68576 225.714 -82.6686 -28.3016
-9.41834 2.6484 11.697 55.516 -189.323 81.711
-8.0028 3.12613 3.32701 191.94 -122.664 31.5955
-7.71675 -6.30016 -0.814 218.917 25.4421 -5.80902
-7.85242 -4.76252 -4.94934 205.071 -37.8284 -45.7457
-7.43496 -7.02893 -2.0071 245.542 61.8575 -13.9745
-9.92267 11.8787 1.52816 -3.6141 -61.9364 62.5983
-11.4023 22.4498 -0.175861 -150.885 -106.246 4.13579
-11.1079 8.98756 4.32187 -122.204 -149.989 28.1256
-8.04503 -2.91785 -4.66408 180.675 -141.954 -16.9912
-8.07142 -5.93275 -11.1554 176.046 -87.1781 -81.6566
-7.56921 -4.96307 2.67176 223.104 58.1238 25.259
-7.40337 3.93125 3.40436 238.348 -90.9108 -23.747
-7.72819 -3.74261 -6.32556 202.735 -44.8394 -46.1632
-7.26367 -8.05219 3.82544 241.781 -7.67392 42.821
-7.92111 2.55797 -4.70198 174.527 -45.1177 -59.2754
-6.90787 -7.98363 3.21225 273.469 198.298 -97.8531
-7.75612 -0.202162 -3.39193 189.003 -239.75 -85.6321
-7.34362 -5.86067 3.7582 227.337 78.1503 29.7487
-7.33704 -6.51749 -0.132673 223.891 130.251 7.6847
-7.15033 -10.1566 -6.90423 239.614 -4.07699 -57.8507
-9.7076 5.65027 -3.30538 -17.1253 -213.793 -18.0489
-7.61267 -7.967 -4.38721 187.359 -75.2002 -31.8008
-9.50155 17.9526 8.66661 -4.53963 -417.584 -62.4175
-7.14474 -6.32652 -2.81117 225.894 25.511 -22.6536
-7.07271 -6.74845 3.68742 228.909 50.8862 -15.1519
-10.2106 6.52396 -8.22869 -84.4113 -164.096 -53.0171
-9.22726 4.70513 -6.82484 12.7378 -215.767 -44.2786
-7.00083 -6.71935 6.6495 230.034 106.584 43.8436
-7.20904 -3.21726 7.67574 209.115 -91.4631 37.3196
-7.97245 7.7181 2.91213 131.218 -185.577 60.3566
-6.87323 -7.04638 -5.49458 240.065 73.3157 -39.0159
-8.32282 4.45415 -1.72482 92.5817 -234.334 -26.6534
-7.119 -4.74311 8.73968 209.521 54.0006 70.0666
-7.09068 -5.83033 -10.778 210.497 -4.29561 -76.3662
-7.22598 -10.3345 -0.536701 194.973 -59.0578 -7.76504
-7.99966 5.79314 -4.36983 116.073 -147.706 -55.7188
-6.99486 -6.1193 -0.625356 215.332 126.086 3.67426
-8.82563 6.80046 2.64774 30.6279 -246.318 26.8887
-7.50939 -9.76681 -16.9211 157.976 -185.436 -122.267
-7.0553 -6.70038 -5.59797 202.022 16.98 -43.6496
-10.1782 8.38872 -3.36448 -109.214 -182.384 -27.5533
-6.93647 -9.63837 2.13364 210.494 -52.9225 11.8945
-10.2214 5.12818 -2.19235 -122.221 -281.663 60.7565
-9.11206 7.25601 0.270803 -12.4015 -230.826 3.2874
-8.009 2.65211 -12.4762 96.6108 -168.37 -103.698
-6.90404 -4.23034 9.65376 206.28 14.0143 84.3187
-8.83326 1.57651 -5.55519 10.0636 -229.145 21.2061
-7.1481 3.81959 -7.29919 177.323 -124.718 -50.7248
-6.82997 4.9243 -6.76801 208.786 -196.056 3.38171
-6.80683 -10.4324 1.90973 207.443 -59.1163 10.29
-9.70885 7.32002 8.56921 -81.6315 -182.095 72.8492
-9.48511 3.06398 -3.87938 -61.523 -244.733 -32.723
-7.45525 3.84772 5.41778 137.184 -165.823 44.7233
-6.53745 -6.0661 -1.60544 225.078 43.9242 30.0763
-8.1224 4.511 6.81929 63.6943 -250.208 146.223
-6.66549 -5.40239 -3.19041 204.266 100.695 -28.7844
-6.39626 -14.5377 0.598715 226.146 53.4305 30.5328
-6.31086 -7.90144 -1.39372 232.055 32.0409 -8.77176
-8.36582 -4.81727 -7.28332 24.0941 -370.869 -100.591
-8.04153 4.93482 4.81532 54.4395 -211.146 27.9326
-7.42586 -12.9956 -8.2719 113.747 -127.477 -60.5837
-7.2916 -3.3431 0.44118 124.569 -264.945 6.66228
-6.54272 -4.60034 -9.95907 198.345 72.4345 -72.5047
-8.33421 5.41655 1.12605 19.2689 -210.465 14.0939
-6.29607 -5.22042 -2.45956 221.169 -18.9129 -20.652
-8.02978 7.48883 -0.76066 41.5471 -256.616 1.91023
-6.10136 -7.7963 1.79717 229.545 46.3169 14.2399
-7.36091 5.96969 8.8808 103.418 -152.533 -57.2915
-7.14801 7.36381 -1.05134 122.789 -238.121 -15.2366
-7.4645 4.50081 6.22372 90.2421 -156.889 -105.073
-6.21565 -7.24889 8.96723 203.915 -36.0044 62.9048
-6.27779 -6.40909 1.42009 189.513 -5.51022 137.816
-6.21001 -13.5181 -3.33919 185.391 -83.9379 -23.0627
-9.67349 11.5637 2.51072 -166.914 -132.885 31.1439
-5.70107 -7.51791 -1.35979 221.494 44.2037 -9.27698
-6.23869 -0.71787 -12.531 165.193 -19.1643 -92.4856
-5.60642 -8.09007 1.95741 219.953 112.659 20.1141
-5.91484 -6.98722 2.82419 182.869 159.508 18.4715
-8.02477 6.26027 -2.03474 -28.8742 -208.658 -19.3494
-9.16756 0.374958 -0.217626 -142.522 -132.498 14.2768
-5.51914 -8.05838 -1.24353 219.677 108.737 -6.62193
-6.13027 -14.9267 -1.54822 156.165 -96.5783 -14.5766
-6.76874 6.42945 -0.268688 91.718 -219.867 -26.6207
-5.63334 -9.44218 6.78442 203.313 -6.46013 48.931
-5.57039 -7.42668 5.35972 206.121 9.14009 38.3193
-5.52798 -6.92518 -9.99939 201.584 83.184 -79.2086
-5.02801 -10.6666 0.723918 243.87 27.3731 6.27706
-6.77337 5.07049 -7.50459 70.4694 -198.029 -53.3627
-6.90647 8.03414 2.69894 56.1444 -257.711 29.0513
-5.10309 -13.1222 1.44812 235.251 -76.9218 5.41141
-8.25592 -9.28574 -1.67663 -78.0146 -73.4601 32.8215
-8.1489 7.61574 -5.461 -67.7609 -212.365 -36.0464
-5.44372 -11.4257 1.38233 196.949 -67.982 6.68007
-5.20351 -11.755 -0.477011 220.533 -20.0161 -5.16806
-8.50365 9.03285 -1.36148 -109.62 -166.438 -29.5461
-5.12415 -9.03826 -0.175925 224.212 78.3578 -6.53105
-5.15363 -8.46154 -6.42692 209.5 31.0891 -47.0179
-7.42396 10.4925 -1.0031 -20.4535 -211.169 -11.206
-4.90426 -9.342 6.60771 229.759 45.467 50.8437
-7.69267 11.2884 3.6376 -48.3847 -180.795 22.8688
-8.13112 5.42899 -4.29335 -95.6475 -306.292 -124.246
-7.29385 7.40503 0.205929 -12.6775 -226.352 15.1089
-8.5235 10.7401 -2.00863 -140.626 -184.398 -5.40441
-5.12575 -9.40932 10.0493 194.112 -28.9906 86.0275
-5.1615 -8.08666 -0.71417 188.576 191.088 -3.25941
-6.07316 5.28744 2.97064 94.8508 -200.894 14.0706
-6.9639 5.76657 9.5109 0.168713 -198.465 76.9108
-6.69338 -9.89079 -3.40092 25.3656 -119.179 4.7058
-5.09393 -6.43745 8.52751 180.153 115.325 64.9397
-5.10468 -8.90878 -12.1487 178.894 -50.7345 -93.6535
-6.53304 6.40243 -6.18328 36.4763 -214.726 -39.6349
-4.7332 -9.2911 2.4421 214.205 157.476 19.4331
-4.76248 -21.5746 1.89975 204.024 109.112 -59.0446
-4.7069 -18.9792 5.84436 208.835 295.367 -211.495
-5.23136 -3.26535 15.3507 156.676 26.5777 112.958
-4.94504 -11.8352 -2.7735 182.348 -72.3392 -23.9538
-7.43787 12.0159 1.84571 -71.6437 -210.53 22.6936
-7.40329 9.67466 2.16056 -69.8185 -159.574 101.257
-5.75597 6.96822 -0.14454 84.03 -223.333 -9.82829
-4.22181 1.83221 -5.09984 235.139 -14.5844 4.49094
-4.66585 2.2262 -0.915011 189.943 -20.1796 85.1132
-5.97347 5.81593 4.4461 58.2654 -203.064 31.5565
-7.86894 9.65735 -11.5928 -134.525 -60.2869 -92.2305
-4.32423 -9.57993 -5.01226 215.021 87.3962 -29.5844
-5.89496 8.6281 -6.42845 58.2858 -137.901 -113.975
-6.27013 8.49273 2.84474 19.4625 -259.085 15.318
-4.23034 -10.361 0.262196 220.858 31.88 3.55634
-4.3685 -8.64525 -1.2797 205.328 67.6814 -14.2532
-5.7076 -4.29721 4.56673 68.7095 125.608 -140.728
-6.73075 8.88745 -5.47994 -39.628 -244.99 -45.4824
-4.19862 -8.88059 1.47896 204.115 117.108 8.80202
-4.07972 -10.1928 -0.978335 215.169 137.427 -12.2828
-4.42274 -12.9697 1.86565 180.673 -61.8804 9.76747
-7.92369 14.1082 -6.15582 -167.94 -16.8808 -21.9179
-3.85193 -11.5055 1.16103 233.22 82.4993 16.7907
-3.98776 -7.94215 -5.12989 219.148 4.05239 -33.0911
-6.96532 6.6759 -0.245256 -94.2321 -220.133 6.16857
-7.29454 10.9622 -3.38699 -141.489 -171.132 -18.0732
-6.98743 9.2979 -3.06508 -111.066 -180.64 -20.243
-3.83812 -8.55188 0.950032 196.782 82.165 9.33731
-4.0945 -7.87658 -0.577294 167.166 166.606 -31.0314
-7.17512 9.70069 7.45795 -143.225 -113.657 61.923
-6.26747 7.85326 2.32392 -56.9884 -202.103 27.3192
-3.49229 -11.0512 -0.801584 216.439 9.77165 -5.19311
-3.40659 -10.3064 -5.9612 219.503 29.0552 -42.7817
-3.41666 -10.8103 4.31186 218.251 24.7995 33.6232
-3.98086 -5.62562 12.4759 159.827 63.2899 89.0262
-6.43407 8.28297 3.28749 -88.1772 -196.622 31.5227
-5.88031 8.50123 2.61928 -33.7055 -235.842 14.9432
-4.052 -13.2521 0.478182 139.733 25.9243 -57.3426
-3.49759 -9.1021 1.49349 190.668 159.075 14.4688
-4.61715 6.96327 -3.08664 78.0056 -213.549 -28.9212
-5.86147 8.43509 -6.73939 -51.3191 -227.813 -45.189
-5.46851 8.01592 -3.4289 -14.7372 -229.906 -42.7866
-3.17358 -12.9129 -1.72752 212.382 -6.51498 -12.1008
-3.66201 -7.6461 -3.09574 162.218 141.41 -20.0887
-3.11261 -10.6731 5.09174 207.281 68.5129 45.0489
-6.74917 12.0702 6.95221 -161.744 -61.1714 62.274
-2.95577 -10.3938 0.850751 212.92 53.0571 1.65141
-2.94512 -11.8808 4.31305 208.724 11.209 33.549
-5.51249 8.82047 -2.83923 -48.9341 -232.878 -16.0443
-2.50449 -3.93277 -5.4829 248.693 67.4957 -7.33333
-6.62871 7.213 8.19841 -162.254 -141.819 51.807
-5.53572 11.6529 -16.4615 -57.1084 -260.773 81.7446
-2.96873 -9.99479 2.28185 197.398 158.947 13.0186
-5.01801 9.20022 -2.30901 -7.95253 -259.425 -36.7445
-4.97744 7.57114 -3.01058 -12.5407 -216.96 -38.7048
-5.3695 12.3216 1.0912 -57.4792 -212.769 15.0143
-5.30793 5.10405 2.86287 -52.7019 -275.59 31.2482
-5.65287 12.2229 -6.11473 -93.1617 -430.81 27.1772
-5.45914 -6.48401 -0.52552 -74.2643 1.70567 95.1205
-3.00456 -8.11379 -9.5389 165.948 139.793 -74.344
-2.53399 -11.1503 3.26437 200.924 39.0316 19.9055
-3.12726 -7.78721 1.35042 138.884 171.044 22.8542
-2.37589 -8.80133 -0.358011 202.823 52.8835 -55.5685
-5.20292 10.0321 3.72095 -86.5026 -231.536 36.059
-2.29736 -11.8928 -2.77676 201.465 164.693 29.8246
-1.88744 -8.63778 0.506829 239.997 111.404 6.95594
-5.12492 8.22321 5.96813 -84.0333 -190.355 39.7276
-3.83825 8.45322 -3.446 34.6419 -245.196 -31.2162
-2.64963 -7.32746 12.6837 148.491 124.28 91.3131
-4.12729 8.05096 8.56202 -0.330872 -223.323 64.6423
-1.9851 -17.198 4.88483 211.8 6.50572 11.3131
-2.80939 -5.81415 -14.7133 127.665 91.7188 -108.684
-1.90881 -5.23751 6.14023 212.13 292.864 131.874
-4.47185 7.96599 -5.77409 -49.1213 -216.819 -36.7002
-4.77228 9.29136 -3.96934 -79.2021 -210.804 -21.8609
-1.89401 -10.1446 -3.60436 202.685 121.476 -25.7073
-1.84659 -9.6736 9.97782 179.782 86.8829 77.9781
-4.9418 10.0602 5.75676 -129.177 -172.95 61.7301
-1.88634 -16.279 1.17674 173.622 -72.283 7.58009
-2.04963 -8.52692 5.39031 152.78 150.195 27.7666
-2.84592 9.1005 -1.0147 72.991 -61.2081 -142.626
-1.8442 -12.3481 -10.4148 166.731 -13.9344 -76.3182
-4.66875 8.73453 10.8062 -121.393 -114.249 86.599
-5.05143 7.25039 -5.17215 -160.386 88.9221 -71.6756
-3.38501 25.1196 1.17263 3.18356 -349.855 -25.4973
-2.36989 -8.19138 -5.09307 97.899 205.538 -46.8881
-4.88737 10.4411 4.79296 -155.976 -130.306 26.2038
-1.36923 -10.8558 4.70806 193.193 104.017 36.0535
-3.65837 7.27913 -9.72306 -36.8251 -187.372 -63.0196
-1.22665 -11.1833 -1.91247 202.269 141.511 -18.0337
-1.18535 -11.0115 8.05924 203.463 59.8531 10.3948
-4.27927 5.67267 0.856735 -104.723 -213.075 10.0444
-1.25522 -10.9632 8.62444 195.092 61.269 101.543
-1.69364 -8.57982 -1.33529 147.443 161.873 -17.2293
-4.81034 10.6153 3.08747 -164.063 -187.678 0.457948
-1.66412 -8.84075 -1.79964 148.228 161.036 -0.697858
-4.31137 9.93296 -5.06318 -119.897 -212.68 -50.7843
-1.27561 -10.1033 5.22244 181.35 124.58 41.8044
-1.97329 -9.21449 6.62478 109.936 161.307 48.3284
-0.832635 -6.17064 6.0665 215.805 95.7407 51.703
-1.01334 -10.8697 2.28265 194.343 76.268 15.0926
-3.38749 9.70421 -3.01076 -43.7538 -250.857 -15.0833
-3.98082 10.7202 0.893666 -104.898 -238.525 9.90308
-2.54477 6.08836 10.1095 35.4306 -219.503 70.4301
-3.82512 9.80263 3.07936 -96.0684 -212.921 25.8288
-1.0842 -9.53076 -3.01998 174.472 120.149 -19.6325
-1.17881 -8.43428 10.3762 161.36 119.622 82.9898
-3.27567 8.34884 8.13138 -56.5008 -215.709 51.8991
-3.61947 0.874489 2.16915 -91.0055 -263.39 18.5524
-3.03671 8.80147 3.68033 -34.2952 -228.655 38.7026
-4.7195 13.927 1.17922 -201.784 -79.9362 14.9254
-0.821747 -14.82 6.26683 184.866 -37.7766 47.2195
-2.46461 9.30144 6.02575 16.2361 -253.188 45.9095
-4.25679 8.56266 0.822717 -166.726 -209.045 8.10806
-1.30242 -8.6299 -1.05804 124.392 182.071 -9.24967
-0.61185 -10.6183 -0.201834 191.221 125.912 1.53445
-1.25875 -8.97086 -7.87861 125.274 184.016 -54.2678
-4.45404 8.5233 4.91834 -193.134 -98.0763 41.2971
-4.15275 12.2658 -1.68463 -167.021 -165.063 -36.9367
-0.445641 -12.5115 2.3723 201.053 59.9657 12.6191
-3.28641 16.2367 -4.39998 -81.5219 -207.288 -35.3672
-0.390334 -11.7276 3.7414 205.657 134.451 24.0716
-3.7512 9.35033 8.74565 -132.52 -146.791 72.5608
-3.51631 10.4761 -0.276767 -110.269 -204.858 9.10157
-0.443232 -11.3627 -9.61096 193.122 50.1668 -28.7602
-0.42551 -11.9978 -3.40373 194.526 56.3168 -36.9822
-0.670042 -10.2908 -5.54822 168.293 168.143 -27.5793
-3.13206 9.72298 3.97008 -80.1996 -239.402 23.7494
-3.46498 8.05747 -0.0758569 -125.823 -382.75 150.121
-3.80741 10.8961 -0.884048 -162.686 -152.553 -17.1869
-1.98463 8.80334 4.01674 17.8338 -238.498 30.904
-4.07095 12.3903 -2.60548 -190.223 -92.8256 -25.7884
-2.4822 8.25232 2.28583 -34.8138 -223.249 23.4442
-3.24522 9.98038 -2.03682 -111.988 -206.767 -27.1897
-2.55415 10.3331 -5.96822 -48.0776 -179.299 -53.2722
-2.82904 13.4244 -2.75686 -85.5047 -216.137 28.1232
-2.8873 10.2692 1.95754 -94.3004 -231.465 17.7098
-3.08032 8.37939 -13.4796 -115.076 -128.261 -93.6473
-4.06981 5.24049 7.36904 -220.431 -244.257 78.3731
-0.988304 -11.2773 15.8952 81.9742 177.758 86.1907
-0.51242 -10.0585 -2.02252 125.792 219.264 -7.67536
-3.9404 1.67185 -0.485101 -219.037 -180.322 -7.38624
-0.531713 -8.48985 -6.99168 117.724 163.461 -48.0879
0.274942 -11.772 -0.854644 192.896 155.077 -20.3588
-3.51924 6.08512 -10.6675 -186.486 -133.875 -70.7372
-0.634247 -12.3343 -4.19836 96.2728 197.783 -55.9731
0.144743 -10.9295 9.9697 171.124 43.9092 64.1224
-2.93731 21.2627 6.48165 -136.708 -81.0939 39.8442
0.598096 -12.0931 -2.37382 214.141 100.551 -16.5903
-2.98895 11.1418 0.444304 -158.297 -198.496 13.0715
0.337223 -10.5589 -7.5955 168.774 156.247 -43.3612
-2.0782 7.34534 0.28905 -74.4552 -268.182 -5.154
0.574716 -11.5722 8.31978 182.469 75.8097 62.7899
-1.90767 9.14755 -1.53232 -67.1917 -222.313 -16.7819
-2.49231 13.0129 8.92037 -132.889 -102.87 57.5643
-1.08234 8.44725 1.41889 6.17649 -228.148 0.640712
0.82602 -11.5392 -5.82911 194.271 144.438 -38.565
0.455414 -7.35513 5.7023 127.92 173.089 40.8121
-2.38675 13.2503 3.04556 -157.673 -143.727 12.1199
0.954634 -10.2983 8.11625 174.1 75.115 61.2191
-0.86119 0.045288 0 -6.40565 -1.21772 0
0.844159 -10.0023 3.53345 158.765 140.668 19.3628
0.127133 -8.54397 2.5229 84.3142 199.524 18.9347
-1.25246 7.75734 -9.17233 -66.3033 -183.201 -65.7606
-1.16902 10.2474 1.79242 -61.0606 -259.157 22.5144
1.21109 -14.2438 7.3613 173.299 -35.0109 55.8001
1.68458 -12.6573 6.08487 207.813 83.2641 46.2533
1.59513 -12.7519 5.14146 193.396 70.0671 39.1661
-1.85994 6.22631 12.3375 -155.94 -244.78 114.6
-0.214923 -6.05823 4.53168 0.800743 250.792 14.6489
-2.28735 10.2055 -3.62375 -208.843 -115.068 -108.252
-1.43482 9.11662 6.51071 -127.786 -174.37 56.8339
1.25979 -14.9633 -3.2199 135.448 82.2586 -51.0287
-1.78022 11.3749 -10.0627 -167.462 -75.2443 -76.9867
-1.85632 10.5583 5.61101 -176.2 -109.285 35.2288
-1.44175 1.51285 -5.41275 -140.969 -228.113 -39.1972
-0.940957 8.51138 8.25019 -93.1151 -186.13 68.3947
-1.80842 11.4875 -3.97216 -180.15 -107.354 -36.2247
-1.99536 13.7713 5.5666 -206.216 -54.4497 30.9799
-1.36508 9.73636 13.2839 -144.32 -57.9208 101.282
1.4739 -10.5353 0.516337 137.561 201.872 122.579
-1.95117 13.769 0.663175 -204.611 -75.222 13.8298
1.43849 -9.7669 1.86157 130.903 173.722 31.9248
1.76123 -11.2327 -4.28491 162.878 191.544 -33.4131
1.49735 -8.32742 0.328741 131.831 267.5 21.8327
1.03841 -9.85144 -2.43676 85.208 237.013 -12.3981
-1.81694 12.5416 1.20963 -198.68 -98.6412 6.4291
1.25366 -10.1763 -6.41492 105.948 220.961 -37.1488
2.11339 -11.8629 -0.177545 191.036 115.927 -18.2114
0.545057 -8.55749 -6.65988 33.8795 228.343 -41.1279
1.12075 2.56708 -11.2661 88.5372 176.618 1.83503
0.837706 -9.35126 -2.66643 57.8187 221.256 -25.8558
-1.29621 9.73935 -10.3913 -156.453 -127.474 -71.5796
-1.49974 15.3823 6.71191 -180.675 -56.1984 71.2438
-0.436668 6.27519 -0.905886 -76.282 -158.903 -173.539
-0.0169997 9.03612 0.778206 -35.8002 -241.181 -3.73972
-1.00448 9.86104 2.33524 -136.557 -193.59 26.6356
0.13548 1.45467 0.170583 -23.7194 -228.115 -6.20693
-0.22657 5.87019 0.708137 -62.4023 -273.069 -3.14235
-0.619357 -7.99424 2.3412 -104.104 -6.06798 -62.2135
-1.12022 10.3643 0.97986 -155.456 -178.688 -4.33035
-1.34114 7.70364 2.18962 -178.551 -180.166 -2.58868
2.45237 -13.5845 2.41522 189.345 54.4003 18.8349
-1.30643 17.9394 -5.69801 -185.304 -85.8221 -45.0628
-1.31806 12.3085 1.78168 -189.261 -94.4584 10.7633
1.18151 -8.71789 -2.11871 52.6673 218.255 1.63628
-0.606169 9.16597 3.24281 -124.948 -180.881 32.7656
-0.812452 10.0667 -12.3271 -147.249 -28.8629 -94.6658
1.32979 -12.024 -4.28035 64.3514 72.3008 -138.891
1.36513 -10.2474 -1.3412 62.2149 259.665 10.6631
2.19053 -10.1405 -1.77978 139.619 256.6 97.9576
2.49793 -7.27358 0.731144 169.003 291.665 56.7308
0.983775 -8.93174 0.378757 15.2739 240.755 10.6394
-0.560365 10.2781 4.95327 -138.23 -218.001 30.6224
1.44588 -8.54964 -1.67102 60.2723 216.325 -18.3074
0.203552 9.33544 0.232177 -67.3301 -227.48 134.277
2.7696 -12.7485 -4.36811 185.871 55.3188 -31.6501
-0.955363 11.4041 2.75412 -186.319 -122.448 13.3049
0.716371 -5.09932 1.73418 -20.614 243.846 5.96669
0.529585 8.80902 -4.91539 -42.3734 -231.091 -28.4405
2.26736 -9.60804 -3.26812 121.409 181.075 -23.3759
3.12157 -14.6134 2.46143 196.556 448.752 -201.069
0.21341 7.19795 11.2723 -97.1702 -150.682 90.9333
2.82653 -14.6693 1.62793 159.209 104.147 1.6924
-0.481326 17.748 19.503 -172.815 -104.007 17.149
2.25799 -8.89563 -6.01952 98.3061 191.046 -44.6087
-0.211902 14.372 2.69753 -162.859 -58.0194 27.6992
1.33519 -8.28937 -0.517429 -9.81717 226.316 -19.0887
-0.432566 16.6763 -9.61433 -187.435 -158.209 28.2489
0.319526 25.8921 -6.19051 -114.702 -400.391 37.1058
-0.107885 12.1404 0.436302 -157.313 -124.104 8.46446
2.20359 -8.54224 -1.96334 67.7145 227.533 -20.814
-0.0245351 9.49536 -4.82017 -154.42 -138.103 -21.2476
0.421515 9.46852 -3.44296 -118.865 -210.797 -9.58998
3.2712 -11.5585 2.62862 155.19 182.233 39.2326
3.14598 -10.8407 1.86174 140.876 203.145 14.8961
-0.134971 23.6978 -1.52433 -191.604 -24.7827 -13.113
0.223063 10.2894 -3.50178 -156.832 -199.008 -38.5632
0.352483 8.89072 7.12493 -144.314 -140.537 60.8745
0.574623 10.5766 2.96592 -124.672 -106.738 83.1819
0.442684 29.4828 4.01344 -142.308 -361.83 -9.63397
0.012006 4.80538 10.8456 -195.078 -34.6208 80.5218
2.93651 -6.74125 -5.66978 95.0568 194.419 10.5853
2.21727 -9.13635 4.88439 19.3765 244.739 29.6581
3.26746 -9.96548 -2.83799 122.013 184.303 -27.037
2.80728 -9.8193 3.86084 53.8313 249.553 38.0078
3.54047 -11.8479 5.39752 126.609 309.37 -124.63
3.01039 -10.085 3.58438 72.1162 245.8 46.374
1.68887 5.93856 -3.91992 -59.4815 113.01 61.8007
0.0258731 13.459 -0.590972 -227.11 -66.8836 -9.18457
3.64533 -14.0684 -0.454563 131.352 -8.48069 91.01
0.368906 11.8235 -6.09002 -194.431 -116.43 -48.0333
3.53076 -10.0444 -1.62787 117.264 212.62 -12.4745
2.65109 -9.85819 2.43077 28.3573 260.185 26.5728
0.586163 10.7669 0.287341 -177.303 -175.426 11.8776
3.96482 -8.5371 -3.41667 155.309 380.917 -118.092
0.642248 5.48712 11.153 -178.105 -101.921 38.8255
2.54537 -9.3595 -3.70005 6.44638 255.055 -31.014
0.514256 15.8419 -5.26989 -198.312 -10.711 38.0546
2.90436 -8.75127 -1.02675 37.9375 222.854 -17.9608
3.59887 -14.6853 6.4247 101.905 111.369 38.9612
4.43525 -11.8606 -4.59693 184.407 125.274 -41.1373
1.57493 14.7459 2.88491 -102.186 -43.3804 -15.9997
1.36971 12.0596 3.37992 -123.506 -179.401 26.8175
3.32419 -8.42166 5.30495 66.1553 204.654 55.8834
1.32901 10.1123 -1.82101 -132.666 -232.37 -8.32889
3.00311 -8.53516 -3.45732 25.0337 228.823 -31.9536
1.88034 8.47591 -15.952 -92.3069 46.5015 -114.842
0.986974 10.1927 0.824313 -182.711 -133.448 13.1486
3.78236 -8.8932 -2.12519 92.6403 192.172 -11.0398
3.87573 -8.35732 -5.28302 98.7448 212.402 -59.1399
1.16308 9.76786 -7.86942 -176.443 -131.149 -51.6997
1.58679 7.88014 -1.54646 -139.125 -135.527 97.7184
3.76139 -11.5275 1.1471 75.2924 -106.398 28.9591
4.39415 -9.6857 6.79819 134.278 136.182 65.8452
1.16832 10.4447 6.64338 -188.458 -83.9268 38.6746
2.58959 -8.23704 -8.39514 -48.7783 227.072 -75.7862
0.934411 9.06062 4.82728 -214.789 -48.9812 37.2459
1.99259 8.42879 2.71489 -114.392 -171.129 -63.9645
1.15001 12.6177 1.15322 -199.116 -10.583 9.74737
4.57616 -6.07825 -7.28833 136.48 499.326 -86.6943
3.1857 -9.54508 -1.94182 -6.19679 261.803 -26.4578
4.3222 -7.05225 -0.83172 92.0052 95.0696 154.497
1.70341 4.91141 2.24555 -176.025 -158.507 16.976
2.34806 11.9212 -2.36275 -117.351 -192.692 -21.0593
4.37592 -9.4342 -0.711893 83.1425 215.829 -11.301
1.4372 11.4102 5.84128 -210.795 -96.6956 31.3827
5.20011 -10.8875 -11.6749 157.52 46.4005 -82.781
2.22704 9.20001 2.64119 -138.878 -201.812 7.36985
4.41617 -1.07649 -11.8712 77.2181 36.6015 44.7756
2.33345 13.6947 3.8545 -132.958 -106.879 -59.3375
5.14822 -10.7346 3.83253 144.194 137.209 44.434
1.8412 9.71279 -3.60819 -189.727 -94.5141 -37.9198
1.75935 10.9688 -4.6731 -200.38 -153.455 -26.8774
5.00189 -7.59634 3.47661 116.023 192.561 26.2163
3.73826 -3.35222 -0.40711 -10.4133 328.364 -4.67183
1.91982 11.1731 -4.50102 -192.253 -46.7925 -31.5743
5.07295 -4.04849 9.68556 120.913 248.806 81.1594
2.10592 -5.29672 -1.76111 -179.064 9.94459 105.418
2.30706 15.7294 -5.68567 -159.168 88.5422 -44.7308
1.91992 10.9987 -3.17562 -200.188 -140.49 -26.5954
4.66848 -9.41449 -6.69757 63.0448 207.205 -41.8264
3.56888 7.71154 4.28524 -48.8903 17.3531 -153.03
2.54435 10.8853 -4.41795 -157.693 -188.122 -3.96562
4.37225 -9.02686 5.62305 20.3805 248.545 38.4291
2.50083 14.4556 -0.0955204 -174.295 77.4311 5.19508
2.42262 7.58714 -1.3363 -185.884 -156.852 -8.89141
2.35332 19.8506 1.98752 -194.227 -175.913 36.5077
3.17751 4.26591 3.12565 -112.852 -206.138 23.7647
2.01379 7.52798 -10.8293 -232.524 -126.87 -184.652
3.31153 9.90067 4.04071 -106.722 -251.082 -31.5942
3.67953 -3.35002 2.43492 -70.4042 266.449 43.3144
2.40802 10.3646 1.44816 -196.727 -131.426 14.7313
2.34751 10.5692 6.80219 -210.404 46.1985 -60.3712
2.48056 10.7105 -4.28242 -204.688 -131.515 -31.0435
5.01642 -8.11109 -9.53244 44.5357 218.537 -63.8026
3.38097 -9.28447 1.5201 -117.998 -76.0255 59.4974
2.84573 8.32572 -5.43526 -171.438 -133.762 -32.9952
5.016 -7.4721 7.71601 44.0187 203.385 63.9854
2.42492 -3.89558 -0.996635 -218.27 -68.4769 26.8819
5.86721 -14.7857 6.98736 123.391 131.5 59.9795
3.98127 -12.1957 -3.23009 -75.9147 147.865 -31.781
4.67647 -6.99024 4.64904 -7.95399 190.62 -70.6666
2.22479 17.5628 -1.76262 -251.785 -60.0583 -74.4978
2.80253 9.30996 -0.0757913 -194.609 -90.349 5.21375
2.6362 10.1082 4.0172 -215.639 -15.7544 169.54
4.09688 -7.53478 -7.11129 -72.9258 -82.4146 -15.314
4.52848 -7.408 8.23003 -31.397 220.696 48.4545
5.35402 -8.89929 -5.45883 47.5345 231.504 -33.023
3.45617 8.87733 -13.6797 -141.757 30.6624 -103.99
6.72639 -12.5648 -0.512974 177.739 141.099 -5.12983
2.12297 9.28697 2.02323 -282.243 -66.787 12.7932
2.95881 14.4468 -3.80116 -200.359 -10.9728 -23.4908
6.54352 -10.9846 1.75074 149.286 161.343 13.92
5.55571 -8.15421 -5.54619 48.6352 221.621 -34.0656
3.42764 24.425 -18.6854 -165.721 -608.77 458.32
3.0486 10.8663 -2.56211 -207.813 -6.53346 -21.9664
5.66214 -9.40221 -1.652 50.6446 258.527 -3.91855
3.88573 9.97547 2.85287 -125.906 -488.4 168.7
3.16928 9.72132 7.91736 -198.776 -24.4333 58.3274
3.00782 10.6996 -3.97903 -215.34 -95.0561 -34.6047
5.53993 -8.03565 -1.62081 30.2166 225.996 -15.1298
3.10432 2.01676 2.15123 -216.454 -23.8916 -62.6952
7.00183 -11.3205 4.21298 168.414 129.464 30.1395
3.75086 13.5725 -7.60672 -157.244 76.2481 -63.0846
4.81759 -7.97154 -0.455887 -53.1321 229.324 -50.6033
3.33729 12.9933 4.20639 -200.524 35.6905 33.3645
4.79524 -7.84308 8.68161 -56.5124 231.807 63.4393
7.36439 -9.28364 3.8814 193.937 145.849 18.1595
3.49811 14.5468 -0.858303 -190.137 62.5493 -9.27373
3.44617 13.2883 4.20502 -199.426 51.3084 28.269
3.88339 7.58048 -5.29 -155.996 -20.2434 153.206
3.41968 12.6648 1.45396 -203.542 32.265 12.925
3.72106 11.6035 -7.46509 -175.57 -121.858 -56.9757
5.23736 8.75389 15.8387 -34.0026 92.816 114.11
4.10547 10.9927 -15.3566 -147.339 -106.197 -105.371
5.39871 -6.87737 7.4139 -22.2031 213.112 42.9175
6.68149 0.85228 11.0341 104.217 23.4335 -27.2138
6.78672 -9.04723 -2.06431 111.299 176.258 -10.8595
4.22508 7.9782 4.7433 -146.934 -125.187 16.6179
4.173 13.2274 -3.93439 -154.289 78.6041 66.8792
7.26244 -10.2224 9.03019 150.267 100.741 66.1773
4.76368 -6.7211 3.30358 -100.192 194.586 40.2504
3.91496 7.88534 9.21791 -185.85 -117.574 56.8534
5.43612 -8.77186 -0.27442 -35.2678 257.597 2.17014
3.75827 10.4089 -0.245341 -202.1 -148.183 30.5351
4.2239 8.47654 -2.53621 -158.4 -195.429 -11.4791
6.20637 -8.3803 -0.0143394 34.6944 235.894 -3.3147
5.05621 -7.98468 3.09034 -80.6259 238.59 25.6587
3.92122 8.73498 -2.03704 -196.765 -120.24 -27.4596
4.29042 14.8608 1.68511 -162.057 80.4193 20.5354
4.30525 7.33512 1.91486 -165.724 -146.354 21.8744
3.99931 8.5198 -6.26779 -197.852 -180.37 -72.4245
4.12103 10.8242 9.27558 -188.915 25.8809 70.5242
3.99963 9.72421 -3.97691 -201.403 -162.525 -20.6602
4.02641 8.63955 -3.7291 -198.919 -123.357 -40.2053
5.52735 -8.27262 1.59483 -53.9934 263.572 106.056
5.52084 -8.24331 -1.13868 -57.6456 249.385 -9.68581
4.27445 7.42776 8.30703 -182.513 -94.0094 75.2988
3.80422 14.864 -1.83597 -229.588 -399.271 25.9645
4.45098 13.1569 -8.63359 -166.471 80.3607 -64.7432
5.57732 -10.0386 9.74532 -55.6835 208.906 64.7047
4.5122 18.0977 5.74458 -166.146 49.844 48.1607
3.99142 6.85896 4.62101 -218.585 -153.767 110.517
4.5391 9.50277 -3.11297 -169.653 -100.911 81.0436
5.71689 -7.22773 3.78133 -54.8294 194.235 27.5045
6.90676 -9.39402 -0.497803 59.5892 247.329 4.3744
6.49285 -6.09537 -8.1031 11.1678 197.478 -45.7011
4.46141 9.17011 7.05153 -191.395 -16.9103 49.6158
3.94305 13.8314 3.2179 -245.075 -522.123 120.572
4.50199 7.82103 1.35708 -189.911 -124.961 -2.07566
7.24341 -8.37884 1.81653 79.8437 191.891 20.8327
8.02821 -11.2395 -10.6416 154.302 49.966 -71.6808
4.56504 12.0653 -3.77462 -199.803 -13.5374 -30.7258
5.36264 -9.13035 9.16502 -124.881 223.439 7.00912
5.17732 15.3043 -3.63873 -143.841 115.709 27.2118
6.71637 -6.54514 -5.06877 8.20071 205.518 -38.6218
4.50399 23.6895 6.778 -217.807 -64.7481 28.0068
7.91417 -9.76872 -1.20347 118.013 187.368 1.02544
4.75442 8.7678 -6.35582 -202.509 -28.3961 -44.0234
4.42989 10.2451 1.14662 -236.15 -64.1662 6.70414
4.9506 7.01601 7.58147 -186.779 -96.8366 55.7841
7.35684 -14.0514 1.71067 51.4446 148.024 31.0368
5.88289 -6.33771 -5.59456 -96.2489 205.339 -25.4288
4.69385 9.44291 -6.7805 -217.302 -45.2785 -42.5427
5.19189 9.2974 -1.2958 -168.96 -98.5142 -40.7412
8.22441 0.23512 10.0835 129.013 130.065 -18.6735
4.94679 11.4825 -5.51424 -197.293 47.6319 -44.2549
7.12468 -7.17094 -3.91196 17.2635 219.837 -43.216
7.42622 -8.21749 -3.55837 46.5697 230.318 -18.4394
7.71387 -9.50227 0.330714 74.3898 229.229 -8.29265
5.16555 1.93347 -2.7306 -179.589 -134.446 22.3069
4.72864 9.43264 -5.3794 -225.58 -120.275 -23.188
6.86061 -5.45717 -8.56032 -14.8904 39.2619 104.015
6.17583 16.1358 -3.45397 -84.2176 131.527 -26.8943
5.03811 7.65458 5.97624 -202.661 -100.73 49.9796
4.90098 10.5639 4.99629 -216.439 -0.412369 46.3584
7.88184 -6.64681 -10.6222 79.6147 156.041 -73.092
6.57808 -5.93297 2.20411 -53.4128 213.796 18.7075
6.46806 -5.9197 -5.58239 -69.901 206.491 -35.1802
7.49008 -7.09582 0.685702 31.337 218.585 -4.67815
5.44773 10.4687 -8.13138 -178.431 58.6665 -61.0587
8.4377 -9.0601 9.19326 118.404 155.435 72.4933
5.27127 8.00354 -0.301761 -203.578 -139.498 -15.4705
7.60457 -6.20136 -6.8031 25.4559 191.705 -62.894
7.13201 -2.47783 -3.44954 -24.2989 227.903 -2.1031
5.39152 7.3408 -6.92772 -199.379 -36.1652 -54.5518
5.04059 -1.10262 2.37898 -234.895 -98.7529 -0.782825
5.54655 12.2428 -3.51241 -194.81 60.7037 -31.5723
5.32132 9.48717 6.43471 -218.606 -27.2897 44.6036
7.63068 -7.4321 7.25618 9.78572 230.672 52.9381
6.95016 -5.274 2.06407 -68.1458 158.942 -94.7597
5.9181 5.13087 6.16738 -171.647 -120.28 41.3301
5.67941 6.17708 11.7041 -202.598 -50.4087 90.4038
7.73807 -4.56427 12.6028 -1.6049 185.625 102.64
5.59917 7.76744 -1.14966 -215.178 -59.8523 -0.515533
6.05653 12.4462 -1.82811 -170.483 87.5166 -7.22426
6.18114 12.3399 -4.60695 -162.885 89.6568 -40.5277
6.03245 7.56121 8.70615 -186.08 26.5391 59.4291
5.91665 6.12361 6.36375 -205.588 -63.0485 46.7024
6.03653 -6.48502 -4.91758 -193.832 46.1994 -49.5251
7.8614 4.42302 -3.35789 -14.4831 158.633 114.618
6.15707 11.2619 -5.10307 -184.279 66.8148 -26.3655
5.88751 7.24781 -5.58217 -216.109 -78.8995 -53.2461
5.95915 21.0191 12.9448 -209.233 -194.785 -9.09361
8.26886 -6.42046 4.07311 18.4042 214.628 29.3472
8.04206 -6.94985 0.512142 -6.89381 231.017 -9.27217
6.42668 11.3492 -4.62269 -172.227 82.1735 -40.9796
6.09865 7.46188 9.20551 -209.005 14.4532 64.9519
6.19381 5.91205 -6.86356 -200.662 -17.4151 -49.3316
7.46708 -4.62943 11.1843 -76.0231 197.169 71.8555
7.74648 -6.14899 -0.843602 -51.0964 231.048 -6.62657
5.95753 9.67147 3.92644 -235.525 -3.75723 31.7844
8.14491 -5.91086 7.03645 -22.2417 216.732 51.3176
6.23884 6.92648 5.97599 -214.797 -22.1604 36.391
7.40355 -7.3008 6.49514 -107.733 -69.8039 6.41682
7.80506 -4.36974 5.02309 -68.8137 196.285 52.0281
6.77585 3.70961 12.5445 -172.064 47.26 91.2511
6.31211 9.53839 -1.45997 -221.202 -112.104 -29.0878
6.62345 9.76888 4.5814 -195.215 51.2222 33.4334
6.42038 4.90237 -2.91296 -218.058 -107.498 -18.4431
6.61521 10.4602 0.824442 -199.144 59.5053 18.6447
6.21761 10.0944 -2.41894 -243.968 -18.2961 -51.5302
6.50674 -0.0289217 0.532176 -215.933 6.7475 135.561
9.87745 -4.80771 -2.28392 113.865 357.902 -111.839
6.42613 8.0199 -5.82528 -230.974 -50.0543 -39.5181
6.62912 6.22184 -6.03406 -223.67 -61.1484 -41.1502
7.93929 -5.2636 -2.78125 -93.5456 213.229 -22.8124
6.38789 -2.06902 3.48158 -249.036 95.2989 11.4557
8.25066 -4.23393 -2.93756 -67.6515 201.176 -6.93554
9.34685 -5.51227 -8.65439 41.0078 177.01 -75.6398
6.75742 9.22377 3.83874 -216.975 32.9469 19.1639
7.38142 -4.9636 4.9384 -156.16 175.582 25.0866
7.24053 8.34691 -7.68513 -176.354 78.2238 -63.8759
7.33722 7.28667 -7.73874 -172.27 74.219 -59.9822
7.34238 -4.10095 5.89957 -171.856 144.174 48.5614
7.11487 8.11766 7.23195 -196.798 54.5175 61.1766
6.9715 6.24403 5.6204 -211.463 21.9177 50.795
8.36473 3.85628 14.2297 -74.5859 120.028 108.359
6.90294 5.77844 3.51854 -220.698 -64.0783 29.8905
9.92191 -20.9912 9.44036 77.3126 393.424 -45.9476
6.57599 10.018 -0.604714 -255.407 -7.80252 -1.69334
7.68249 0.639119 -13.1901 -146.417 108.399 -107.845
7.095 4.03848 0.827018 -205.687 -71.6752 9.68494
7.37679 -5.56351 4.72718 -183.938 166.661 44.7293
8.90534 -3.8223 10.9408 -32.1178 194.702 93.3058
8.50616 -3.93225 4.32618 -73.7059 197.293 30.2713
7.53897 11.535 -1.10121 -171.598 101.797 -14.4956
7.40141 4.88242 -3.15278 -185.381 137.884 -24.1735
7.75283 -5.95451 0.202232 -151.931 238.736 121.062
7.18935 7.26305 -6.40689 -211.194 32.6963 -46.16
7.29035 7.48488 -2.00273 -208.786 -74.6921 -8.36491
9.03435 -5.81358 -7.66524 -40.5068 230.971 -57.3636
7.40933 8.38713 6.28545 -203.143 56.0108 41.9894
8.63528 -5.26784 -6.41146 -83.0598 226.431 -30.663
8.68047 -5.66597 -3.05346 -79.3697 236.442 -27.8823
7.72825 -2.2571 -3.05902 -175.312 134.203 4.91209
7.39012 5.44413 -0.196212 -212.444 -98.1934 0.229337
7.73864 -4.06959 1.64481 -179.251 148.076 -25.1929
7.87465 11.1129 -2.75555 -166.095 102.521 -22.5731
8.35972 -3.57816 0.00396194 -118.226 193.013 0.384296
10.2846 6.92537 -2.09432 72.4136 33.9876 102.461
8.04034 11.6152 -0.0459499 -151.552 116.118 -9.05907
7.37519 8.0693 -7.21889 -221.975 24.4173 -60.0822
7.62685 -3.31584 -7.26655 -197.195 104.625 -66.1929
8.32445 -5.51625 -3.32682 -128.893 224.732 -22.9417
7.27102 6.63602 0.795246 -234.445 -59.9966 2.27359
7.18161 7.15636 -1.30307 -243.428 -27.0657 -6.95673
8.70259 3.63684 3.42192 -94.4747 253.186 40.825
7.28558 3.67199 -4.41343 -238.741 -11.9745 -43.8827
7.37342 5.66574 -4.11794 -231.435 -70.5193 -26.716
10.5631 -6.37265 -7.19555 84.0104 162.661 -48.1725
8.81025 -6.15177 -4.88647 -90.2938 235.249 -18.3333
7.61936 2.99773 5.38732 -211.667 -12.2135 33.8805
8.50096 0.75657 -7.79832 -126.781 -66.3749 52.5767
10.8479 -8.30855 -3.0137 105.831 184.355 -15.3272
8.1837 4.60362 -11.1215 -159.14 97.6217 -92.1863
10.4136 -4.96749 -10.8605 58.9959 168.593 -88.2019
10.6944 -7.96497 2.45112 86.1893 197.301 24.766
8.03734 6.03548 -9.98021 -179.207 75.552 -65.1835
8.66361 -3.78394 -8.45129 -120.292 199.346 -63.96
10.7593 -7.76385 -5.86161 86.8478 205.509 -36.896
8.12036 6.34431 -8.73809 -176.689 83.0361 -67.2108
8.44429 10.0386 6.415 -144.799 117.508 50.76
7.74072 6.15612 -6.28369 -223.267 23.1594 -45.1523
9.23214 -4.92039 2.68194 -76.4412 225.086 36.723
7.62425 6.62453 3.8849 -240.241 1.35295 24.7872
9.02871 -2.52552 -8.57791 -102.154 189.715 -64.8101
11.0845 -8.10716 6.65554 95.9837 178.31 40.9499
8.5386 10.7603 -3.5945 -159.239 126 -23.47
7.91785 -0.695771 -1.09005 -225.354 -6.64783 -63.8439
8.78434 13.3005 -0.439753 -140.352 146.151 9.24339
8.30871 -1.53772 5.64623 -189.16 116.342 29.9959
8.08759 6.70923 2.4021 -212.108 68.9906 9.928
8.09268 6.47907 -0.0470219 -213.62 45.6404 0.0324853
8.98375 -5.33553 2.65643 -127.599 221.136 35.4613
10.7123 -5.06659 -8.99483 44.0259 195.497 -52.9121
8.71952 -3.41022 -1.69583 -159.098 175.043 -48.8255
7.93051 5.13659 -7.04221 -237.979 -78.661 -48.321
8.04483 6.91938 -1.08343 -227.721 30.2792 6.42923
8.07155 4.79947 -0.643248 -227.955 12.4924 -3.1575
8.48317 8.62797 1.70871 -190.333 90.0577 13.9872
10.3125 -3.51944 10.396 -10.5922 193.835 79.2998
8.17929 6.50974 -0.588873 -224.48 41.3787 -9.64177
8.60576 3.66559 5.38164 -182.467 98.2688 29.4279
8.42894 -4.64383 -2.12769 -201.354 159.399 -15.4676
8.4647 7.88584 3.95248 -198.715 -80.1217 31.3978
9.01921 -3.67762 3.22356 -151.554 186.526 5.39617
9.88429 -3.22583 -1.14411 -67.014 223.4 -20.618
8.15463 7.49362 -2.93741 -241.255 60.1642 -52.5337
10.4043 -13.4168 -11.0528 -18.8577 150.378 -82.1566
8.904 -3.04772 -5.45937 -168.685 166.859 -26.5922
9.67943 -3.5429 -6.5384 -93.1467 188.111 -12.2628
8.4928 2.71702 1.78277 -213.889 44.7037 10.6992
11.3236 -6.63734 -3.73966 60.1522 218.658 -37.4921
9.2405 -4.08021 3.2535 -146.947 25.7177 -61.9293
9.47697 -0.983504 7.0375 -124.261 171.412 60.2171
10.8975 -5.99601 -4.30657 14.2537 233.871 -37.6604
8.67698 10.4638 -0.293995 -209.281 22.2133 -0.318083
9.1176 0.770569 2.0796 -165.777 80.8143 103.781
8.4694 6.71376 3.07739 -230.204 41.2177 -10.9919
8.53848 2.60219 -9.091 -224.545 65.3635 -26.5851
8.8979 -4.81264 -3.17279 -189.137 186.631 -13.3701
8.61057 6.54744 -4.56044 -218.64 58.7484 -53.8438
11.5994 -12.6885 0.0937588 77.2435 177.672 -7.54453
11.6747 -3.13711 -1.88781 82.2877 263.45 14.9684
9.1012 9.16091 -0.154468 -173.965 118.006 2.39471
9.48586 3.8885 -6.86169 -136.946 336.571 -135.458
10.7373 6.04908 -0.47045 -17.0635 287.953 -6.18468
8.84754 1.48783 -6.7073 -206.394 89.4813 -61.5978
9.22926 7.49836 -3.87823 -168.754 129.099 -6.42548
9.34929 5.7253 4.89469 -157.109 122.367 32.9925
10.1081 -4.44259 1.6556 -82.4618 244.475 -1.26776
8.06546 11.0291 5.22845 -293.631 -135.423 -194.407
9.91358 -2.1057 3.51574 -112.947 191.109 19.7573
9.40034 5.8644 4.0645 -164.153 115.067 40.2179
9.47764 0.864338 -6.17306 -156.545 138.601 -50.9891
9.20317 5.73437 -4.18905 -185.202 155.394 -49.6619
8.71689 2.47252 -6.28714 -234.238 4.85497 -38.856
9.89224 -4.5753 0.0414796 -118.785 224.033 15.8449
8.96553 3.05628 -1.60762 -213.705 80.5909 -7.84609
9.05731 3.3783 2.266 -205.853 91.2564 18.7957
8.65058 0.494667 -7.56882 -250.023 236.769 -180.598
9.36243 3.06986 0.905815 -184.839 94.4539 51.5501
8.89651 4.05905 4.5392 -231.237 56.485 31.0138
9.89001 0.697261 -4.14334 -134.394 157.927 -30.5365
9.76324 -1.75286 -7.33864 -147.401 178.638 -45.7706
12.2511 -6.2598 -4.93466 96.9871 179.759 -30.9417
10.5046 -2.11673 -3.51488 -78.7424 194.712 -13.474
10.159 10.7153 -1.89091 -113.984 140.124 -24.9279
9.19599 0.268868 2.0494 -210.951 91.0494 -0.76609
9.0659 5.4104 1.44006 -225.255 1.41839 1.32371
9.06071 -0.0810981 -1.21906 -226.445 110.987 -20.9054
10.9565 -3.54717 1.46654 -42.2183 234.625 12.3902
9.59647 -4.55223 8.68512 -181.387 244.49 -100.03
9.20824 5.02343 2.95875 -222.382 15.5572 53.6688
10.3561 -3.93819 -4.69466 -109.324 220.708 -19.8686
9.65311 6.48971 8.99791 -179.421 120.642 56.1221
9.65998 5.93997 6.6224 -180.189 121.113 60.0104
9.02357 -4.73951 -3.72947 -244.185 10.1987 -35.1047
9.01818 4.65094 0.0776499 -247.266 20.3673 8.89001
9.36998 -2.18981 3.78945 -217.881 127.247 27.8248
10.2652 -0.993554 -5.1697 -129.195 181.246 -30.1453
9.44861 2.46381 6.1268 -210.838 99.3087 33.4805
10.4919 -7.32146 0.444635 -107.628 17.753 72.4989
9.18181 3.25376 -7.10679 -237.827 51.2653 -55.6912
9.65416 0.0753259 -2.53099 -191.346 134.549 -31.4105
9.56944 6.37651 0.153484 -203.859 104.182 5.17473
9.73877 4.95713 -2.47994 -187.292 111.693 -29.6176
13.1997 -12.3659 3.01137 156.295 16.2488 24.2698
9.84628 0.260164 8.12946 -180.691 144.852 50.3206
9.1647 2.06594 -1.54577 -249.655 -34.0991 -0.104153
9.95743 7.14893 4.32665 -173.104 128.618 42.7265
10.7039 -2.97523 -0.197104 -99.1993 217.758 12.976
9.51952 3.86042 6.26706 -218.771 88.4678 50.8616
10.1431 1.68101 -0.477969 -161.771 150.599 -8.8556
10.5259 4.62707 -4.56066 -125.702 153.173 -38.4809
10.3607 1.75492 -5.98746 -142.298 159.522 -40.4999
9.33577 4.9383 -3.40693 -246.259 34.2942 62.2239
9.27792 6.3212 -0.769581 -253.168 39.0665 -11.6656
10.3882 1.15143 4.49428 -144.062 156.348 37.5009
10.2741 4.09166 3.57153 -155.639 148.589 15.468
10.0619 -4.33171 -3.04683 -178.384 117.629 -26.7859
9.56027 5.34894 -2.45655 -228.64 70.3981 -16.7611
9.98315 6.14553 6.10774 -186.906 120.945 34.1971
9.45277 4.67451 0.506065 -239.863 62.1913 0.896793
10.9198 0.807726 1.95549 -94.3361 183.591 -22.8188
9.82566 -1.5647 -0.517164 -203.619 149.445 -10.0294
9.8893 2.03896 2.80402 -198.263 117.037 8.26664
9.5154 3.79768 6.73579 -237.952 55.5415 47.2477
12.2138 -4.06334 -5.72517 29.2204 198.502 -33.3156
10.0093 -1.59027 -6.11012 -190.481 165.067 -40.5739
9.51809 5.42208 0.655348 -245.106 68.2583 1.95422
10.4495 2.21376 5.85828 -154.933 151.908 38.3761
9.79335 -2.86477 1.34747 -222.331 150.528 3.42726
10.2731 3.56478 2.01748 -177.306 172.564 8.29387
10.3003 0.432247 0.513373 -174.916 102.663 -3.80506
9.66703 3.15679 -1.41824 -239.202 68.9143 26.7895
9.85836 3.70164 0.094115 -222.509 88.5782 5.03813
9.8414 1.21181 -5.51628 -228.791 96.0095 -54.0201
10.8343 9.63106 -6.99784 -133.315 149.162 -67.5292
10.8705 10.1512 1.37559 -131.922 156.301 -0.55784
10.3555 -2.7993 -2.08547 -185.939 188.613 -8.68307
11.1749 0.185096 2.88623 -107.212 193.005 10.9662
10.4308 1.55971 3.01686 -184.511 142.42 22.1102
10.6018 6.40654 5.83926 -169.119 141.813 30.8587
10.6393 -0.814474 -1.73944 -165.45 182.592 -7.88421
10.1166 3.16634 1.51414 -218.776 108.253 -1.38421
11.0902 -3.01015 -9.69334 -132.051 97.511 -78.4582
12.877 -4.26949 2.1069 41.8238 196.902 5.09094
10.1989 2.93418 -1.04584 -224.291 108.291 -20.6892
13.3948 -5.19703 -8.69537 92.2455 153.425 -66.7436
12.2658 -5.10697 26.1149 -25.0084 182.465 42.4267
10.9421 10.5267 -8.86481 -159.136 166.548 -77.4492
10.4605 0.61079 3.10944 -210.088 140.227 11.3055
10.813 6.74232 13.5927 -185.857 101.875 -183.891
10.4588 1.20796 -0.691374 -221.619 122.676 -20.3254
10.6188 0.674184 5.41795 -205.776 147.145 39.9413
11.9839 -2.55069 3.21158 -71.1404 229.494 14.4245
10.5885 6.25891 1.93695 -215.977 119.693 21.6467
10.7734 1.9992 -2.67348 -198.426 146.155 -31.3253
10.9508 1.219 0.603768 -182.73 162.861 -1.41204
10.1037 0.713132 1.39837 -267.267 35.5768 7.23582
13.3894 13.1702 -3.55335 53.5725 132.764 -31.1731
11.1574 -0.134909 4.60314 -169.902 182.837 -9.22756
11.2654 0.748837 -5.00451 -164.707 171.495 -32.6525
12.6752 -1.91115 -1.05527 -25.0056 216.66 -12.1341
11.8935 5.9343 5.50439 -103.919 172.596 44.4818
11.2233 2.83459 1.01735 -172.763 165.304 -2.6727
10.9169 4.1464 3.76088 -207.039 132.304 23.6311
10.6381 1.69962 0.00477647 -242.236 105.218 -13.7869
11.3978 3.97364 -0.990565 -168.003 155.725 -7.68587
12.2993 0.314832 -1.96469 -85.5525 217.865 -14.2654
12.0661 5.19721 1.46602 -108.967 171.341 14.5603
12.9157 2.26947 13.4078 -25.8846 297.508 133.46
12.0344 0.566793 -1.57736 -117.233 207.18 -14.015
13.5153 -3.27792 4.40657 27.7458 204.709 31.88
13.2603 -0.0215513 3.93207 -19.8278 195.759 27.5976
13.5724 -1.97304 1.69531 11.0593 214.191 12.3191
12.2497 8.54497 -3.8965 -126.858 172.354 -29.2568
12.8309 3.20699 -4.10096 -71.0502 186.718 -44.6525
13.5216 -2.75965 1.31547 -9.71539 229.681 23.1581
13.025 2.58798 -8.03086 -81.3819 192.818 -21.7892
12.9777 2.2872 -6.13013 -87.0357 196.582 -61.1971
12.4324 3.28177 1.79778 -141.398 201.277 -10.731
11.7904 2.30627 3.47332 -213.901 63.5214 87.9467
14.8356 -10.8763 -3.77203 72.9131 227.745 -25.0084
12.066 2.58655 1.44198 -202.582 132.206 -4.73529
13.5576 0.104652 -2.49331 -65.5166 223.955 -5.10957
13.9683 0.690783 -0.308632 -40.1747 198.417 9.34041
nan nan nan nan nan nan
12.5082 5.31115 5.4149 -137.497 173.711 35.1257
16.559 -11.145 2.42429 23.7316 232.161 -54.5179
