-5303.52 -1771.64 -9498.37 -18.8777 -6.30324 -33.8105 102
-4170.69 -4818.01 -25316.5 -15.3737 -17.76 -93.3164 392
-3804.98 -443.352 -1280.52 -14.0004 -1.63396 -4.70987 305
-3767.66 -16766.1 -371.819 -13.7095 -60.98 -1.34898 378
-3533.04 -2318.76 4232.3 -12.5839 -8.22648 15.0668 303
-2962.52 1846.82 -2241.56 -11.3948 7.09664 -8.62499 207
-2725.86 -2894.83 473.61 -9.9196 -10.5329 1.72557 155
-2691.24 -1473.36 -481.943 -11.7229 -6.44164 -2.10901 17
-2584 516.162 1642.6 -11.6222 2.31442 7.40268 66
-2574.1 -3705.94 -2918.55 -9.15497 -13.1853 -10.3786 146
-2479.28 1481.57 -2780.34 -11.1536 6.66301 -12.5172 234
-1973.12 2115.79 335.697 -7.21378 7.73225 1.22723 482
-1869.7 -1303.67 -139.729 -6.85799 -4.77658 -0.542523 173
-1833.71 1209.61 1231.54 -6.78226 4.45557 4.55916 263
-1658.59 495.378 -1113.5 -5.96537 1.80499 -4.0418 306
-1601 954.494 61.5102 -5.87516 3.4863 0.224559 358
-1582.41 -2042.72 1468.57 -5.69958 -7.39545 5.31461 324
-1319.51 47.0346 1070.07 -7.18566 0.260982 5.82497 497
-1305.06 436.767 -1154.68 -4.73587 1.57101 -4.18069 108
-1260.06 1956.52 1321.83 -4.59511 7.11524 4.80907 98
-1235.78 2706.32 757.28 -4.44901 9.65428 2.70335 218
-1153.99 -952.985 498.524 -4.16401 -3.47064 1.80824 94
-1084.55 -1122.63 -1526.72 -3.85507 -3.96587 -5.42035 490
-1055.97 1265.41 -71.1585 -3.83315 4.56964 -0.260671 244
-1022.16 3092.89 -1856.95 -3.63575 10.9868 -6.59786 421
-1001.14 1485.03 -538.004 -3.81077 5.63345 -2.03841 167
-980.378 -2805.2 -1860.25 -3.57122 -10.2041 -6.77062 185
-973.457 -2611.85 1092.98 -5.31267 -14.2404 5.99222 10
-959.963 -1495.03 1473.43 -3.47093 -5.41566 5.33231 90
-932.796 1590.44 684.636 -4.04033 6.92323 2.97942 456
-901.956 -1473.66 1945.67 -3.45424 -5.64938 7.45688 73
-892.864 1322.88 956.342 -3.55138 5.23439 3.78684 301
-861.173 -861.585 -299.834 -3.2286 -3.19649 -1.13212 332
-856.681 -825.009 -62.265 -3.19446 -3.09106 -0.221881 124
-839.989 1214.54 82.2847 -2.95819 4.2339 0.293872 6
-839.924 -660.349 -782.472 -2.93486 -2.35086 -2.77693 308
-807.995 -470.528 -340.996 -3.24842 -1.91671 -1.39139 181
-800.626 -398.801 123.421 -2.84171 -1.43431 0.440781 216
-754.187 -641.923 -471.016 -2.72128 -2.37279 -1.72527 404
-750.495 1341.65 1045.72 -2.66264 4.71277 3.69924 58
-731.541 -333.793 -181.91 -2.55194 -1.25698 -0.6656 448
-695.446 186.135 30.6637 -3.47924 0.918006 0.157105 419
-692.283 -357.769 -665.91 -2.42424 -1.27345 -2.33634 313
-671.442 -53.1795 -648.425 -2.3203 -0.210879 -2.23156 441
-668.765 -78.33 460.791 -2.3342 -0.291896 1.5808 254
-660.575 1344.9 -740.229 -2.355 4.76699 -2.6334 204
-636.197 -64.0313 378.218 -2.19044 -0.2277 1.33085 133
-627.968 -1464.81 1217.34 -2.26274 -5.31833 4.41345 7
-608.789 298.861 57.8677 -2.14291 0.986405 0.209792 217
-597.239 319.458 202.759 -2.04287 1.1068 0.727449 316
-568.935 -1386.61 747.494 -2.00213 -4.90608 2.64409 277
-566.394 -1773.74 -2215.84 -2.07755 -6.51694 -8.159 119
-566.157 -506.712 -167.894 -2.68688 -2.42774 -0.78019 416
-561.607 -447.966 336.294 -1.9755 -1.61281 1.19302 493
-559.036 -641.99 35.7068 -2.36047 -2.74334 0.161285 445
-543.098 -413.932 -498.192 -1.87415 -1.47908 -1.78236 276
-542.063 258.123 -31.9253 -2.32062 0.958196 -0.130884 284
-541.897 32.4805 -65.7481 -1.72108 0.0638969 -0.231821 239
-502.789 38.1033 70.5809 -1.65725 0.0605881 0.232882 135
-475.598 37.4428 -144.438 -1.49769 0.0392296 -0.471488 472
-471.79 -89.911 85.5455 -1.4662 -0.365602 0.285345 340
-470.82 276.522 189.581 -1.53497 0.914576 0.646753 423
-460.133 -914.12 725.772 -1.6271 -3.31237 2.61619 114
-455.975 479.462 1.9711 -1.55352 1.55777 0.0126983 63
-453.089 2107.7 2166.91 -1.64909 7.66498 7.88068 399
-451.545 469.065 270.865 -1.60173 1.54879 0.940918 374
-447.63 92.8816 136.559 -1.39704 0.355876 0.449649 487
-447.416 -167.894 -119.118 -1.41631 -0.558874 -0.371157 471
-447.443 -245.903 29.3183 -6.64103 -3.67071 0.431257 136
-446.981 -748.958 -85.3433 -1.54919 -2.66583 -0.286559 366
-416.793 850.031 -337.854 -1.57957 3.20027 -1.27076 414
-404.722 -314.554 10.1021 -1.23678 -1.0325 0.0334392 484
-386.502 962.72 619.878 -1.59307 3.95302 2.55508 226
-375.643 -863.535 -298.225 -1.39742 -3.16125 -1.09964 425
-366.273 265.747 -56.1739 -1.20898 0.736683 -0.175989 206
-351.568 157.848 41.0669 -1.09667 0.406783 0.0878865 97
-326.082 162.605 -238.521 -1.01957 0.404018 -0.73541 273
-324.963 804.905 -528.713 -1.23228 2.9489 -1.90341 297
-318.458 -47.6272 22.1804 -1.14865 -0.297076 0.111831 196
-315.741 -121.215 92.3049 -1.09974 -0.5357 0.337395 168
-294.741 196.139 1554.08 -1.3703 0.905687 7.20006 160
-280.18 -447.42 122.482 -0.847368 -1.53365 0.405872 407
-279.282 -2821.79 -4240.12 -1.01644 -10.2747 -15.4383 282
-272.324 522.397 547.427 -1.0158 1.79283 1.96785 489
-267.734 -73.4857 337.775 -1.58193 -0.564365 2.05341 251
-264.743 94.6058 308.911 -0.834514 0.213099 0.985864 115
-252.755 174.184 -79.3612 -0.754438 0.430941 -0.237404 440
-252.513 -472.098 433.918 -0.89923 -1.79014 1.58368 214
-247.442 -2850.17 -2472.93 -0.881193 -10.1707 -8.81772 130
-240.689 -284.535 251.217 -0.676655 -0.872178 0.789301 498
-234.655 -627.783 333.528 -0.785448 -2.12737 1.12901 62
-229.937 44.7401 48.8353 -0.592252 -0.0644637 0.102009 55
-229.157 -370.67 156.283 -0.783878 -1.35259 0.553336 368
-223.219 -1074.83 -1561.36 -1.19528 -5.80058 -8.55125 337
-216.655 171.569 -200.288 -0.620545 0.364531 -0.562787 260
-213.746 56.6632 104.342 -0.439423 -0.0254152 0.198463 446
-213.163 23.1135 28.7866 -0.599807 -0.0396942 0.0232498 231
-211.856 -169.121 15.9584 -3.79369 -3.11729 0.298101 172
-206.286 -8.28049 49.691 -0.247689 -0.133837 0.0539087 54
-204.352 -392.858 51.1003 -0.552173 -1.24179 0.156757 406
-202.189 63.7472 -978.18 -0.750554 0.208238 -3.39655 162
-201.143 639.538 -96.1796 -0.742569 2.13932 -0.332784 300
-200.203 127.439 -167.756 -0.547872 0.25039 -0.398339 243
-197.426 4.28688 101.981 -0.565745 -0.106794 0.374343 304
-193.713 120.506 -83.5167 -0.583222 0.175335 -0.225655 11
-190.802 -221.148 -35.9465 -0.346273 -0.632287 -0.0884289 289
-186.784 1550.65 -844.495 -0.808202 6.59428 -3.59256 219
-160.393 252.218 -84.1408 -0.514616 0.567151 -0.210514 397
-159.501 -881.197 -366.111 -0.533495 -3.06978 -1.26803 118
-156.266 -66.2249 -90.1412 -0.0575892 -0.324255 -0.142595 433
-145.491 5.4762 3344.49 -2.94359 0.108457 67.7346 262
-143.402 119.46 -98.8488 -0.483831 0.238408 -0.274907 357
-139.463 327.387 1173.64 -0.509042 1.17069 4.19734 390
-138.883 -151.939 305.428 -2.233 -2.4334 4.85003 69
-138.509 -10.0629 18.5171 -0.261057 -0.205215 0.0743431 76
-134.423 726.443 687.509 -0.478282 2.50799 2.36446 396
-123.816 1471.44 268.089 -0.459419 5.41038 0.988188 131
-120.837 546.05 59.6077 -0.465908 1.77414 0.186485 53
-119.386 81.0687 -11.6687 -0.178918 -0.327283 0.0800827 371
-118.584 82.2622 -25.0399 -0.604187 0.193623 -0.0768953 111
-114.913 120.624 20.8999 -0.737622 0.442466 0.101532 363
-113.237 200.133 -17.7478 -0.387511 0.253703 -0.0449241 112
-113.018 -601.277 -422.457 -0.393113 -2.22345 -1.54435 465
-109.322 73.1153 -10.3945 -0.701391 0.170713 0.0515198 460
-107.689 -642.354 899.477 -0.375547 -2.33586 3.25377 26
-106.469 -45.3131 64.1228 0.219367 -0.178122 -0.0478405 477
-104.997 -163.799 -95.9139 -0.0818512 -0.305894 -0.140885 309
-104.096 43.7206 37.1558 -0.918143 0.0561165 0.0880744 400
-102.528 -596.996 586.676 -0.488758 -2.91323 2.85988 31
-95.6534 -304.39 -423.805 -0.307298 -0.973364 -1.40046 30
-93.6423 103.343 -247.114 -0.249317 0.0825879 -0.647004 435
-91.7608 -343.314 -115.833 -0.248627 -1.12085 -0.316447 365
-88.2514 -46.2081 -41.6592 0.47095 -0.0987482 0.205388 333
-87.8125 195.886 -88.2589 -0.226281 0.312534 -0.164205 290
-85.9245 -67.69 21.1352 0.500399 -0.0521004 -0.145891 209
-76.4186 330.271 231.754 -0.333426 0.962588 0.6954 387
-73.4978 -394.076 91.2623 -0.427631 -2.84403 0.700871 64
-72.0345 0.414752 -39.3874 -1.28911 -0.427341 -0.687746 381
-70.19 657.71 -416.199 -0.235701 2.21986 -1.39847 495
-66.6889 -138.76 -232.336 0.00497215 -0.287296 -0.609839 258
-65.0911 -66.5937 5.48966 0.128508 -0.515998 0.0322251 449
-60.2416 230.309 35.7429 -0.198976 0.402301 0.181072 212
-59.7687 -760.739 15115.4 -0.377885 -4.79194 95.1967 23
-59.7507 -3.53663 4.21831 -0.154509 -0.517836 0.125843 61
-58.1449 739.38 -1331.77 -0.215207 2.67928 -4.88115 373
-58.0012 -11.9413 -4.10865 0.398966 -0.341546 -0.0203387 203
-53.3132 -51.2971 -37.3265 -0.478493 -1.1597 -0.433979 274
-52.6463 16.651 -15.4184 -0.270438 -0.377542 0.0780708 180
-51.3335 -42.306 1.18187 0.156654 -0.800081 0.023638 311
-50.9747 11.0325 -8.9002 -1.03406 -0.578248 -0.223387 158
-49.4182 -5.92017 6.20524 0.339992 -0.628179 -0.0332032 24
-48.4216 13.0411 22.0649 0.414211 -0.76439 -0.423024 103
-47.7699 -38.3794 27.1154 0.097136 -0.662611 0.314568 485
-46.2543 162.451 -5.31769 -0.290246 1.05366 -0.0480905 351
-46.2164 -68.7167 15.7958 0.312518 -0.683043 -0.0532839 364
-46.193 -13.5145 11.2541 1.33009 -0.124488 -0.0585481 344
-46.0546 -33.0186 -16.49 0.630094 -0.287577 -0.0367246 230
-43.1521 34.0298 -40.0841 -0.296116 -0.519993 0.158722 393
-41.6265 20.2912 -24.736 -0.0730855 -0.93854 0.308593 67
-41.3825 10.7396 -35.7952 0.310246 -0.704359 0.430505 227
-40.6469 -185.115 -12.1169 -0.168148 -0.961867 0.0151677 375
-39.4224 27.6189 -4.65532 0.0922374 -0.989899 0.107187 457
-38.9884 -13.8959 8.80012 0.433856 -0.739838 -0.304665 82
-33.8292 8.78783 -11.4677 -1.00918 -0.41602 0.471804 176
-33.3747 96.5871 17.2185 -0.266212 -0.533782 -0.0767203 137
-33.3469 -27.6767 -19.0012 0.485238 -0.449327 0.12441 208
-32.3519 173.843 -88.5706 -0.230165 0.232062 -0.167777 287
-32.3019 9.59248 -10.8542 -0.0946067 -1.12497 -0.251747 409
-30.4379 -189.018 -200.913 -0.118946 -1.03724 -1.079 415
-30.0097 -254.934 123.454 0.0408728 -0.650635 0.240714 275
-28.3639 31.1824 -24.6996 0.493432 -0.803955 0.133266 408
-26.8972 -42.1295 3.92264 0.376787 -1.35962 -0.438336 451
-25.5056 9.85283 13.4655 -0.442576 -0.915467 0.150614 193
-25.4703 -10.9183 -3.41217 -1.0626 -1.77479 -0.140038 22
-25.1658 -10.884 -4.83802 0.844923 -0.991506 -0.0669415 315
-25.0651 -36.9875 7.2498 0.485519 -0.81132 0.0315686 48
-24.6866 6.43629 -11.6546 -1.51973 -0.572381 0.102676 499
-24.2064 -22.4205 11.5269 0.771672 -0.863966 0.423651 382
-24.2218 36.6345 -11.8771 -0.911764 0.0455946 0.315436 2
-24.1054 7.58503 1.66391 -1.71056 -1.06091 0.33338 492
-23.8919 39.3152 -0.916488 -1.13777 0.623249 0.264013 469
-23.7411 -39.1542 -31.1445 0.727122 0.494242 0.288875 74
-22.2161 -79.7182 9.59213 0.125787 -0.0303008 0.0572796 236
-18.3571 -27.1797 11.3933 0.190982 -0.999483 0.735226 71
-18.1929 -16.6857 -4.8912 1.35075 -0.205292 0.979025 152
-18.1119 -26.5831 -8.22317 1.2474 0.822691 0.694422 335
-17.6811 4.52201 -12.0771 -1.71806 -0.566756 -1.01278 99
-17.2021 -0.86082 13.3128 -0.32841 -1.51963 0.638737 154
-16.3121 12.8077 4.36144 -1.17727 -1.05111 0.281678 16
-16.0305 44.8984 -10.1401 -0.910822 1.07336 -0.192828 422
-15.8305 -38.5072 5.5453 0.969622 -0.228946 -0.260222 420
-15.6517 8.01773 4.11731 0.495472 -2.09 0.148521 47
-15.535 -13.2371 -6.14555 0.791241 -1.65413 -1.01067 120
-15.3991 9.292 4.31882 -0.459356 -2.0771 0.736336 320
-15.3209 2.70872 2.98714 -1.38835 -2.56713 -0.352355 174
-15.2986 7.00292 -2.5159 -2.58669 -0.961024 0.0758395 395
-14.6473 -8.10072 -3.17235 1.13572 -1.70438 -1.07872 479
-14.6616 21.909 32.8732 -0.552825 -0.816788 -0.738551 343
-14.6343 5.72048 -1.43273 -0.85565 -2.67962 0.336377 223
-14.2308 301.802 -69.7271 -0.13736 0.774381 -0.180932 12
-13.8077 -21.683 -0.570597 1.27179 -1.4817 0.147987 434
-13.7888 7.39356 -10.6453 -1.04537 -1.6629 -0.388473 385
-13.5417 32.8006 12.6173 -1.37597 0.964615 0.833127 386
-13.479 1.76109 -2.40922 1.05842 -2.76263 -0.745333 466
-13.4815 9.95966 -0.531733 -1.8211 -0.391308 0.226191 283
-13.4043 -10.4928 -2.32794 1.12085 -0.633661 -1.05858 447
-13.1593 -3.18183 -4.14821 0.925638 -2.14637 -0.573839 116
-11.4499 -2.97303 -6.05757 -0.783987 -2.41243 0.210042 345
-11.4189 17.8667 -3.75579 -2.21425 -0.385289 0.193157 268
-11.2207 -10.0045 -8.97377 2.03138 -0.188505 1.11744 25
-10.6343 -21.0414 1.82977 1.02057 -2.05319 0.180755 496
-10.6405 128.171 -51.0394 -0.382654 0.877387 -0.398837 101
-10.6196 6.07202 6.60845 -1.40632 -1.77489 -1.34655 177
-10.1163 8.3016 -20.1921 -1.31268 -0.595347 -0.298999 125
-9.25554 2.94755 -2.69325 -1.84782 -1.71056 -0.167964 256
-9.1695 -43.5441 -15.4841 0.924199 -0.170577 -0.0863811 429
-9.04611 -3.12282 -1.40338 0.228545 -2.56659 -0.725797 321
-8.62531 -16.7076 -3.85812 1.89164 -0.278823 1.09094 353
-8.6255 -16.6576 0.444199 1.31828 -1.03485 0.530267 15
-8.3309 -27.6572 -11.8895 0.389127 -0.602673 -0.12894 3
-8.10553 -42.0018 19.0343 0.678121 -0.432644 0.479583 107
-8.05999 -6.29188 13.6054 -0.215716 -2.14693 -0.572741 264
-7.77718 4.60551 -0.0438071 -0.179166 -2.85591 0.383227 187
-7.28829 -18.4552 1.47342 1.03908 -1.75648 -0.0380642 462
-7.25391 -38.4211 -15.0109 0.54603 -0.825208 -0.629269 380
-6.99562 -48.4365 66.1572 0.421542 0.00334778 -0.713712 89
-6.89663 30.6858 -2.6082 -0.374585 -0.76895 -0.0331623 470
-6.49224 -17.7833 3.20801 1.60398 -0.866652 0.734511 140
-6.03177 1.38382 1.72107 -1.20243 -3.63842 -0.467124 292
-5.9383 -14.7242 -7.44651 1.67143 -0.373885 0.964625 122
-5.69197 -36.387 -1.19096 0.783458 0.172307 -0.114605 286
-5.68444 68.3381 -161.375 0.0631238 0.398617 -0.127655 105
-5.55403 19.571 -1.47898 -1.40713 0.0684126 0.18268 9
-4.76947 68.0822 1.94422 -0.42801 -0.783559 -0.127625 240
-4.665 -18.5946 13.49 1.36754 -0.12457 0.860327 430
-4.47663 5.63633 -4.19728 -0.836767 -3.56618 0.690854 29
-4.39899 8.89343 0.158963 -1.73429 -0.800736 2.32692 476
-4.40046 8.68812 8.40378 -1.99959 -2.14945 -0.152489 81
-2.39179 -20.4559 14.1183 1.57949 0.0102184 -0.0453082 163
-1.97245 -3.319 -0.375756 3.12643 -4.89184 0.336791 213
-1.18949 -2.11914 0.846861 3.99099 -4.70588 -3.3465 475
-0.910876 16.149 5.97787 -1.48524 0.80212 0.0521207 325
-0.815536 -25.7259 -5.17314 0.58086 1.22869 1.08603 159
-0.642985 23.2937 -5.03615 -0.750469 0.66028 -0.416052 468
-0.586011 -7.8072 5.46166 2.61232 -1.59013 -0.41304 354
-0.108241 -5.04134 1.0274 3.88777 2.10863 -2.14524 95
0.837228 7.69772 -0.0294827 -1.72904 3.2354 -1.12099 376
1.82855 9.49884 -0.77353 -3.18523 -0.55582 -0.651067 338
2.06086 -20.3036 7.29143 1.70113 -1.4888 0.708576 191
2.08366 17.4398 -22.3833 -0.917598 0.00377179 1.21268 265
2.18923 -2.74962 2.81112 4.40445 1.9632 0.608245 44
2.18751 -8.94365 3.00928 1.33884 1.66839 -0.616356 197
2.61669 -11.5734 -3.70222 2.18936 -0.144544 -0.970273 488
3.04969 -4.75028 -1.12559 3.56658 2.65496 -1.25877 199
3.16407 -0.859651 -3.4277 5.08573 1.78508 -1.67408 355
3.23138 -10.9226 -3.0703 2.49291 -0.192392 1.10228 139
3.29582 4.04774 -1.30713 -3.08301 3.48523 -1.13262 51
3.39954 -10.5413 4.50854 2.08116 1.72056 -1.44137 439
3.49798 66.4954 -2.96984 -0.405822 1.23265 -0.207974 246
3.85736 10.1314 -0.548992 -2.79891 0.631302 0.498336 195
3.9846 -17.2749 14.7918 1.74723 -0.0138988 0.200552 117
3.96787 73.3716 7.84416 -0.499442 0.43025 0.013342 52
3.95565 10.2902 1.33693 -1.9652 1.53705 1.70793 5
4.61093 -40.0378 11.8462 1.0294 -0.887003 0.421637 458
5.13761 11.0066 -6.43224 -2.0491 0.727399 -0.899307 232
6.22371 -8.45092 4.40262 1.48764 1.09628 -0.764027 42
6.40734 0.242428 -0.390851 0.271796 3.76704 -1.77616 398
7.12344 41.345 -0.398187 -0.801297 -0.617626 -0.0399278 148
7.26251 -16.5108 -4.23783 2.10622 -0.702638 -1.6493 452
7.46408 -22.7621 0.784763 0.721735 1.7228 -1.32651 110
7.7723 32.7257 -8.50145 -0.896257 0.0720305 0.0395314 179
7.8688 8.0443 -12.239 0.301457 1.3401 0.0580008 59
7.9245 -24.8007 -12.9753 0.518926 1.47229 0.202461 46
8.14787 -4.02485 -2.99433 2.02828 0.805167 -0.917187 494
8.17274 45.1733 -3.57136 -0.934799 -0.0452562 0.00532983 56
8.2044 6.65055 -0.427952 -2.0606 0.635939 0.346091 249
8.57453 11.0213 1.67762 -1.74557 1.80979 0.662176 450
9.22493 2.49053 -10.4433 -0.718401 2.4026 0.489166 65
9.52174 474.275 -182.371 0.0356673 2.14938 -0.800557 149
9.85445 2.14007 -2.9302 -0.866091 1.79216 0.279547 242
10.1289 -34.6188 -4.18941 0.708463 1.05031 0.170348 491
10.475 -12.448 2.79699 1.59334 1.71794 -0.149334 444
10.5879 15.6249 7.97527 -2.02681 -0.704327 -0.81608 334
10.9686 34.039 -25.0547 -0.852579 0.556581 -0.353483 241
11.4479 500.716 18.5843 0.00909636 1.56453 0.0709271 83
11.6982 13.8771 2.77584 -1.00441 1.76312 0.781502 486
11.7195 3.93303 -4.10596 0.965037 2.91677 1.18165 189
11.8764 303.969 277.634 -0.026537 1.50931 1.36776 128
12.3155 49.1336 -9.61569 -0.704391 -0.472293 0.448477 280
12.5404 -397.088 229.877 0.105791 -1.19256 0.728369 428
12.9228 42.3054 6.30518 -1.04089 -0.113147 0.00377545 418
13.3739 -26.5909 4.92623 0.563141 1.6031 -0.445847 184
13.4822 -20.1363 16.7379 0.215154 1.67019 0.152474 143
13.5001 -78.674 -17.4505 0.213005 0.44173 0.00611729 299
13.6557 -5.10154 5.57819 1.09369 2.23477 -0.644911 478
14.6287 36.5925 -11.1021 -0.489749 1.5637 -0.31002 255
15.1545 -39.2455 5.9939 1.14958 -0.825705 0.243461 33
17.0327 -0.842574 -7.78885 -0.220689 2.19528 0.283212 34
17.219 -13.3789 -2.40045 1.41019 0.75703 0.071558 205
17.2181 -3.47572 -6.60633 -0.316238 1.30529 0.593155 379
17.6221 -2.14093 8.95017 -0.0147805 1.51355 0.73531 228
17.6967 -32.0344 16.8679 0.814978 0.0921279 -0.0925403 266
18.746 49.7291 15.3451 -0.828629 -0.217119 -0.268704 296
19.4153 -8.45304 -2.82612 -0.0790761 2.20646 0.326368 126
19.4179 122.877 -211.743 -0.143747 0.206652 -0.452771 369
19.8801 685.705 -415.245 0.0906152 4.08451 -2.46335 454
20.7235 164.414 188.595 -0.1354 0.299546 0.433654 151
20.9937 -20.604 -15.2327 0.460881 0.992921 0.876429 285
21.1935 -1372.41 2206.18 0.119275 -5.03156 8.11463 92
21.2204 44.7267 -15.2145 -0.528581 0.249072 0.211502 259
21.7688 28.0891 17.8342 0.459602 1.47733 0.175298 86
21.9897 -317.518 24.142 0.152527 -0.788853 0.0575941 215
22.1231 450.444 -113.255 -0.0150978 2.31116 -0.608105 307
25.476 -18.9959 14.4432 0.274956 1.07955 -0.310081 170
25.5015 2.25348 12.4729 -0.915663 0.838239 -0.223126 123
25.5791 -22.4673 12.7468 1.26942 0.026761 0.674044 201
25.9767 46.0443 2.054 -1.06117 -0.224385 -0.0496481 372
28.9921 2.81796 0.254835 -1.32077 1.18334 -0.343852 411
30.2971 11.3269 1.24732 -0.534878 0.938779 0.397691 106
30.5697 38.1409 9.37751 -0.246731 -0.0354868 0.263974 178
30.9805 69.4879 5.95743 -0.254762 -0.28746 0.109002 27
31.4322 -34.0222 -2.15796 0.523441 0.736479 -0.205032 127
32.3098 -25.4264 9.30154 0.492374 0.532362 -0.187051 188
32.6743 -16.4917 -22.1654 0.529965 0.893591 -0.188344 339
32.9691 10.4974 -2.0078 1.01839 1.44652 0.0699016 153
33.85 -121.219 51.8936 0.703825 -1.30253 0.778843 370
34.7388 -67.5762 38.1466 -0.0944713 0.670438 -0.32073 38
35.4199 -8.26109 62.5403 0.214502 0.369071 -0.196596 247
36.4792 -29.0283 -166.926 0.179307 0.174269 -0.0684619 150
38.1171 14.3167 31.0529 -0.607602 0.448711 -0.363486 70
40.5533 -16.2531 -3.60414 1.05263 0.559073 -0.187272 442
41.0212 16.4601 -1.08036 -1.30776 0.516377 -0.303163 141
43.0208 11.8771 2.36194 -0.423708 0.842708 -0.276409 294
44.1051 146.272 -44.0741 0.092444 1.02383 -0.271104 8
47.2134 12.0372 16.563 -0.311358 0.635396 -0.12148 13
49.471 -42.8469 0.131887 0.63119 0.0820991 -0.163202 164
52.127 -12.7229 -32.8022 -0.229846 0.620479 0.254168 190
55.0134 -559.579 -308.277 0.229831 -1.83343 -1.02541 100
55.6301 31.3682 24.2089 -0.39771 0.373686 -0.163451 80
56.6107 -8.40043 -3.19312 -0.375522 0.720424 -0.0713042 235
58.2644 -34.5316 4.07667 -0.0894435 0.763841 -0.0837448 229
59.9144 -60.4957 52.7256 -0.485423 0.373014 -0.0431987 253
63.8061 62.9043 21.1762 0.880373 1.04108 0.375756 144
64.694 -38.4109 8.69165 1.18342 -0.210363 0.216065 348
65.1345 -251.9 82.9086 0.277719 -0.509518 0.198616 57
65.8628 167.442 -35.8185 0.0106828 0.424474 -0.129829 142
66.3482 406.833 -28.0453 0.100076 1.21962 -0.0870022 362
68.0323 -139.259 53.7051 0.162685 0.0234634 0.117543 233
68.3385 -315.191 -47.3321 0.334674 -1.3065 -0.162499 224
72.2879 200.821 -139.231 -0.04238 0.475823 -0.333927 481
73.3016 42.7547 19.6721 1.41095 1.03124 0.284872 347
74.5185 -76.4141 -19.2787 1.03856 -0.496658 0.00182134 104
75.9105 62.6931 -59.9251 -0.446118 0.219465 0.182551 45
82.1818 23.2206 1.81123 -0.729577 0.0925179 -0.222793 84
86.8115 -77.3752 -37.7194 0.0872604 0.442875 0.103361 1
87.1923 81.3062 20.6253 0.668552 0.641041 0.338658 43
90.6179 -86.6877 3.92142 0.299905 0.0429666 0.0113811 14
91.2432 78.8741 -13.6578 0.0805229 0.569592 0.0163597 113
91.8371 231.956 7.15883 0.121172 0.504799 0.0170725 60
92.2388 133.085 0.589217 0.407569 1.01409 -0.00321306 432
94.2444 200.74 -251.789 0.251094 0.728656 -0.90473 388
96.4562 -33.7476 -69.6116 -0.104322 0.369109 0.18492 237
97.5127 2247.25 4241.95 0.345521 7.9923 15.0844 248
98.9137 312.196 -135.634 0.210345 0.954794 -0.335654 336
101.125 165.193 -264.412 0.261108 0.356857 -0.710583 272
107.505 79.8704 -79.2666 -0.153082 0.128732 0.0776458 50
110.927 -209.032 -656.541 0.424352 -0.7689 -2.4142 377
114.829 1.90194 -2.43723 0.523261 0.391689 -0.0120414 350
116.267 3252.8 1838.37 0.450025 12.5017 7.07059 252
116.941 1610.61 -205.673 0.404231 5.8674 -0.770903 431
124.815 -262.67 66.0154 0.549518 -1.12179 0.254027 198
125.595 92.5381 48.1055 -0.148691 0.195904 0.0360758 443
134.61 -230.457 -85.0646 0.426419 -0.451368 -0.187276 257
140.405 -1147.96 -377.731 0.549072 -4.14259 -1.36468 474
143.711 -213.851 29.8651 0.424333 -0.361015 0.0590806 389
149.847 102.022 238.196 0.733169 0.447631 1.12233 96
150.249 -421.842 733.734 0.613648 -1.69325 2.95534 210
156.906 -77.4641 65.4948 0.26768 0.0439714 0.143942 359
159.277 -4528.52 -1633.56 0.56734 -16.0858 -5.82431 293
159.738 36.5314 49.2625 2.01972 0.830243 0.763914 330
168.872 81.2577 15.229 0.0433552 0.256007 0.0167669 109
170.714 -10.3305 22.708 0.67341 -0.0193107 0.0307356 28
172.222 -361.868 -61.763 0.561652 -1.19205 -0.209833 165
174.975 -4960.43 -3718.6 0.623187 -17.6542 -13.2342 394
184.001 305.891 235.301 0.462201 0.984469 0.718909 480
187.055 -772.635 -321.46 0.717902 -2.74562 -1.18448 145
191.254 268.783 -187.396 0.513804 0.904142 -0.494706 19
191.614 13.2791 -167.949 2.83425 0.307734 -2.45236 175
197.661 141.829 34.9143 0.280206 0.436376 0.0633606 211
207.015 4.2145 42.7562 0.685309 0.15078 0.0862951 85
208.105 -2577.7 2626.94 0.726565 -9.36658 9.57832 35
212.694 -283.664 -65.0639 0.674816 -0.726714 -0.165558 157
224.508 222.58 -87.4434 0.538279 0.763981 -0.230533 250
230.731 161.525 -80.8652 0.510638 0.493429 -0.156995 40
232.46 -61.1055 -1286.11 0.850251 -0.202055 -4.63123 129
237.511 -351.787 -32.1065 0.849608 -1.19026 -0.127578 88
242.022 1603.72 -3372.67 0.923261 6.12427 -12.8728 202
243.501 -1002.64 1636.47 0.94706 -3.90145 6.35867 41
260.78 -275.808 -91.8094 0.934214 -0.850973 -0.315192 467
267.543 -1414.06 -719.954 0.997326 -5.07572 -2.59253 401
269.202 682.312 8737.77 0.983112 2.48825 31.8777 342
269.991 -1237.45 130.108 1.09468 -4.93361 0.519696 383
284.559 328.266 -360.454 0.88486 1.07556 -1.17825 245
292.991 -357.296 129.883 0.979596 -1.13249 0.435002 39
296.885 49.6765 23.1924 0.714172 0.275205 0.0652935 72
316.686 743.609 -156.62 1.07612 2.69416 -0.511615 186
323.919 112.747 102.924 0.983839 0.399913 0.309576 161
340.575 -988.306 116.028 1.22965 -3.51474 0.414108 278
343.717 599.605 -333.154 1.18315 2.09426 -1.16562 302
346.001 5575.8 319.951 1.39355 22.4814 1.29034 367
349.086 289.897 28.2421 1.22577 1.12174 0.126206 461
359.505 265.574 21.5924 1.05396 0.894094 0.0514386 77
382.55 138.95 -41.8131 1.14277 0.508081 -0.0726388 326
393.184 2650.87 -1401.36 1.40355 9.45623 -4.99095 413
393.271 -710.998 780.598 1.43828 -2.62884 2.91801 349
396.504 77.9806 -86.5405 1.23928 0.308674 -0.237123 323
405.785 -336.608 323.73 1.43324 -1.12765 1.13634 417
427.989 214.815 173.522 1.32532 0.727313 0.556037 75
428.521 -5.53563 -169.568 1.33988 0.0928505 -0.559347 261
429.722 -63.195 330.588 2.17065 -0.325849 1.7213 346
437.887 -902.045 417.637 1.61365 -3.2568 1.51097 436
445.269 -3741.81 -4592.06 1.60496 -13.4891 -16.5521 455
448.222 150.539 -72.014 2.26394 0.798944 -0.403981 288
452.931 -899.901 -94.533 2.86197 -5.66807 -0.600274 269
459.402 -432.369 178.928 1.71079 -1.46875 0.688897 182
460.8 -315.815 193.48 1.70935 -1.03584 0.70354 78
465.669 417.055 -515.784 1.72003 1.54485 -1.89142 18
491.154 915.509 240.534 1.68732 3.20622 0.887875 391
505.483 224.778 -86.3989 2.59003 1.20064 -0.417786 79
520.46 -1012.75 -1320.68 2.12469 -4.12851 -5.37953 500
527.09 2889 -3382.09 1.94113 10.6471 -12.4653 459
529.016 640.271 -128.241 2.36424 2.94094 -0.582553 225
551.387 -453.131 581.282 1.94182 -1.54901 2.01968 37
562.167 332.743 -100.534 1.84645 1.17564 -0.343566 318
592.362 -724.924 -281.613 2.15693 -2.56479 -0.978349 4
623.706 -1632.37 -278.031 2.17971 -5.75836 -0.950599 352
624.309 558.912 -704.098 2.52788 2.28377 -2.8896 147
625.092 -45.3229 145.349 2.59325 -0.156697 0.595726 295
630.811 -40.3638 -194.587 2.09482 -0.0961345 -0.635335 171
655.659 166.188 -245.414 2.3164 0.600029 -0.827386 341
675.388 -195.524 -139.051 5.22872 -1.50366 -1.07105 319
689.682 -2274.94 2032.82 2.45549 -8.05754 7.22914 87
698.764 -1111.64 1818.73 2.53459 -4.0164 6.56376 314
718.012 -2281.37 -702.036 2.76609 -8.78755 -2.70553 328
744.228 -511.854 99.5834 2.57235 -1.72326 0.345989 21
746.445 -217.509 -365.273 2.59101 -0.708262 -1.27111 473
747.549 438.842 -407.755 2.57064 1.5681 -1.43092 192
771.785 109.326 -425.174 2.64058 0.418215 -1.49037 291
784.287 236.969 121.288 2.81335 0.861959 0.435711 20
790.494 -267.061 -139.385 2.80184 -0.915685 -0.482136 424
791.973 483.983 -451.292 3.031 1.86355 -1.73416 322
909.697 1272.11 1572.18 3.2078 4.5207 5.58196 220
910.928 -284.213 247.713 3.4287 -1.04555 0.918851 384
936.254 186.875 -101.078 3.52839 0.725865 -0.374232 279
948.234 -937.224 391.699 3.34117 -3.27128 1.38789 68
960.983 531.599 -2914.31 3.61435 2.00749 -10.986 331
1027.35 -1214.05 -5560.01 5.56379 -6.57473 -30.1079 132
1027.44 -1077.69 5710.04 3.92153 -4.1122 21.7869 93
1044.82 -822.492 -1016.66 3.70447 -2.86567 -3.61051 312
1069.02 1270.84 -798.462 3.85517 4.62285 -2.88727 36
1116.82 307.363 337.594 4.83135 1.34646 1.48095 464
1148.52 -777.153 -917.033 4.36076 -2.94936 -3.47558 405
1158.63 -247.572 728.429 6.35858 -1.26842 3.9815 298
1190.92 -1630.68 -19560.1 4.32496 -5.92055 -71.0288 134
1247.35 541.744 -1058.44 4.55857 1.98464 -3.86828 402
1251.49 70.934 13016.1 6.42553 0.364549 66.8294 356
1267.06 2795.02 306.44 4.58409 10.1363 1.11008 410
1270.31 -126.243 -1580.53 4.61726 -0.457247 -5.7571 166
1349.75 -336.936 372.54 4.80509 -1.17562 1.33626 438
1354.48 -894.261 -358.682 4.86734 -3.21264 -1.29116 281
1388.12 -195.744 -1490.17 4.90064 -0.667586 -5.27916 453
1423.08 1169.05 2469.85 5.34681 4.39429 9.27802 138
1451.42 677.601 -260.185 5.14707 2.43752 -0.917468 360
1638.45 -443.267 591.073 6.06073 -1.63078 2.20114 169
1660.04 1260.91 -335.1 5.92014 4.46305 -1.2112 310
1695.1 1439.74 1168.59 6.34884 5.39255 4.3734 156
1703.75 -1146.93 -406.946 6.1934 -4.10346 -1.46826 427
1758.92 397.193 -1832.8 6.21812 1.43637 -6.47524 267
1796.69 -108.892 -536.887 6.7498 -0.383247 -2.0256 200
1840.1 1719.73 1113.65 6.64606 6.22278 4.0305 49
1868.02 -10906 586.855 7.32336 -42.7514 2.30037 183
1928.46 2535.16 -765.295 6.86356 9.03336 -2.72341 329
1973.38 1563.71 1920.23 7.04143 5.58597 6.85821 221
1987.06 152.82 -1938.1 7.05866 0.563894 -6.88817 426
2132.1 -1117.47 1631.02 7.6276 -4.03663 5.90796 361
2236.65 1098.73 2157.68 8.42829 4.14645 8.13604 238
2287.47 -615.266 -1764.93 8.39027 -2.26147 -6.47961 483
2317.72 -3491.14 -281.192 8.40723 -12.7044 -1.01657 437
2369.47 -3249.84 6852.9 8.63208 -11.8333 24.9604 403
2425.23 2388.59 -2084.51 8.79868 8.75953 -7.59881 194
2576.43 937.738 -3131.54 9.24357 3.38471 -11.2911 91
2644.18 -1100.58 -509.989 11.7877 -4.90179 -2.26974 327
2727.65 -337.919 859.749 10.04 -1.24976 3.1739 222
2854.24 -2429.2 -698.018 11.5564 -9.83303 -2.82596 271
3505.74 -3003.75 2697.25 12.8605 -11.0143 9.89351 32
3898.3 -364.568 625.305 15.3299 -1.42153 2.46026 270
4364.37 -296.399 5150.33 16.4763 -1.11886 19.4456 412
5104.71 -13975.3 -11858.6 18.9 -51.7416 -43.9047 317
7110.61 -1214.11 4050.75 25.3132 -4.30562 14.4184 121
24641 151.145 2704.1 94.3104 0.578627 10.3491 463
