-29.392 10.2656 8.91782 -5.02216 5.65622 -26.5118
-25.8908 12.437 -6.49581 -17.7422 -140.533 61.7745
-24.8271 3.26895 -7.48886 14.7628 -109.785 4.04765
-23.7028 -12.7574 -4.10781 4.90876 -52.2653 47.0638
-20.4268 -16.3874 7.70132 60.1321 7.12517 -12.4361
-20.5223 -1.63169 -0.125174 32.8605 -57.0914 -77.3392
-20.6726 -1.38521 -2.15778 16.6132 -2.91966 29.0539
-20.384 -1.86107 0.183075 20.2781 -86.9191 -28.0847
-20.0561 -11.4235 -3.13382 22.4372 -165.531 -26.2069
-20.2694 7.05824 0.617313 -1.01369 -56.9678 -19.0279
-20.0905 2.72578 -0.0819118 16.5723 -14.2252 -66.6379
-19.9679 -1.84681 0.0262172 25.4071 -89.9745 -61.3137
-20.1047 3.33431 0.0070997 4.755 -73.9255 26.3168
-19.9254 0.771792 -0.166319 11.869 -117.493 -21.6246
-19.6558 -7.64141 0.0713374 35.8691 -29.1294 25.1178
-19.6559 -5.3187 0.305539 28.4404 -38.1523 40.0557
-19.6524 1.02248 -0.227699 12.1511 -58.3817 -35.3447
-19.5326 -1.74127 -0.276686 21.7536 -73.3447 -27.7994
-19.7166 4.891 -1.43661 3.34725 -53.5965 -75.0718
-19.2732 -5.29038 -0.288809 33.8301 -52.4308 -90.3302
-19.6601 -4.49261 2.79762 -13.4902 -170.05 105.371
-19.5534 5.16936 -3.6712 -4.11369 -46.5472 28.3116
-19.5714 -1.60441 2.1618 -9.72283 -42.7606 -39.5464
-18.9936 -7.51575 -0.206213 38.8767 -53.4337 -32.0151
-19.2006 -1.65075 0.461192 15.6568 -59.5979 37.1814
-19.1962 4.68052 -1.34334 -0.646547 -69.0857 -61.1181
-18.7544 -5.38711 -0.381186 33.3039 -92.7528 -87.3459
-18.6722 -3.79436 -0.59944 38.9848 -102.81 69.5924
-18.7145 -4.818 0.214372 32.5748 -35.4867 45.5761
-18.8013 -1.63709 0.600271 17.5698 -62.7504 69.1122
-18.6328 7.42938 -2.37723 30.2769 -161.054 -13.6569
-18.7156 -1.48044 -0.400691 19.5804 -28.9714 -56.5015
-18.6678 -4.96874 0.777488 22.4545 15.6786 55.6886
-18.5357 7.65648 3.2592 35.4535 0.0581447 29.1705
-18.4793 -5.12953 -0.109697 39.2272 -126.712 -115.309
-18.6594 -4.93782 0.0625608 20.4565 -13.4261 -12.0283
-18.6703 -1.04856 -0.915722 19.2224 -104.161 -86.7984
-18.4987 -23.5298 6.69337 29.3414 -70.4536 75.2827
-18.3602 -8.22756 -0.51794 42.8643 -47.5789 -88.0459
-18.6398 0.719491 -0.012114 13.731 -57.9503 25.5712
-18.9237 6.79984 -0.114121 -16.0165 -97.4499 47.9054
-18.674 3.12103 0.31131 5.48064 -63.5754 91.5501
-18.7777 12.4068 -0.497871 -8.12977 -79.299 -27.5725
-18.6916 1.93258 0.543383 -3.94563 -143.431 74.6517
-18.6947 9.90916 0.00992583 -4.57386 -45.0363 -23.0441
-18.4236 -8.78881 1.46719 18.141 -124.583 103.012
-18.4991 2.96538 -0.556086 3.03028 -90.3777 -99.6845
-18.3438 5.46727 0.67045 11.2977 -22.2454 -9.52591
-18.5005 6.28665 -1.20521 -7.05589 -74.8695 -20.5152
-18.3382 4.72033 1.63855 6.7267 -45.5141 -53.1717
-18.3678 9.742 -0.148411 3.17095 -34.3509 -7.3181
-18.4516 8.41366 0.215424 -5.79104 -55.4833 0.754761
-18.5238 8.61808 3.50608 -17.6938 -75.9857 -5.68832
-18.1534 0.327208 -1.79037 19.0707 -42.708 -0.366903
-18.1775 3.21162 -0.501168 12.9727 -25.0582 -87.9311
-17.6162 -7.32802 -0.00145555 67.5075 -116.308 12.2022
-17.9301 5.86514 -2.86512 24.8468 -25.3503 -121.505
-17.8127 -10.0942 0.83364 35.9862 -25.9477 104.766
-17.9548 -1.6124 -0.370847 21.5825 -69.903 -51.1983
-18.1772 8.3238 -0.128824 -3.06571 -48.1342 -74.3867
-17.829 -7.89598 0.166484 30.3545 -30.4775 61.844
-17.7818 -6.69448 2.88211 34.509 -55.8051 37.1941
-17.8125 -1.63034 0.289771 21.7204 -76.5589 3.97851
-18.1617 10.2471 -0.475596 -13.0484 -56.6061 3.83791
-17.5712 -6.14965 -0.200342 45.5179 -79.926 -21.7374
-18.26 5.14978 -2.51229 -24.9636 -54.935 -9.36073
-18.092 0.918858 0.851582 -9.48851 -66.4953 -29.3744
-17.9315 6.59916 -2.23609 4.43767 -50.728 -67.8353
-17.6351 -4.9151 -0.0999289 32.0291 -64.0711 -46.4724
-17.6889 -6.19262 -0.133661 25.3457 -30.0773 46.1428
-17.6141 -11.4385 -0.541464 28.6098 -10.9367 2.44325
-18.0889 5.19169 0.845326 -21.3389 -104.447 37.2157
-17.3063 -6.96931 0.0787484 46.7577 -71.0753 29.5813
-17.7094 4.40212 -0.64878 4.3112 -46.4901 73.9236
-17.1275 -2.2337 0.435199 62.0219 -201.661 20.6247
-17.87 6.45303 -0.471345 -13.2495 -85.7354 -34.7913
-17.5103 -4.89691 -0.0749547 21.3188 -63.7843 -13.059
-17.7497 2.01368 -0.383512 -5.62624 -174.372 -7.82962
-17.2542 -10.9761 -1.55503 41.3414 -149.978 23.514
-17.2634 -5.90619 -2.69448 39.0441 -51.1248 -3.75774
-16.5753 -6.22157 -2.4544 101.008 -12.4787 -71.1218
-17.6208 -1.28874 -2.7831 -3.19893 30.9434 7.97278
-17.967 6.59529 -0.293714 -37.8072 -139.133 46.2324
-17.4356 1.70207 -0.0126373 -0.107162 -156.449 -44.8021
-17.4768 8.52857 -1.04116 -4.87413 -50.7115 -64.4885
-17.6191 5.03837 -0.729228 -21.2039 -52.2566 -115.469
-16.6538 1.86469 -2.97652 72.77 14.7439 -60.1615
-17.2291 4.99241 1.11001 8.28527 -56.1588 20.792
-17.5112 5.49747 -0.181863 -20.1225 -152.151 -4.7735
-16.6854 -7.73588 0.382288 61.5512 -90.4805 107.961
-16.8959 -1.60536 -0.0364265 39.9334 -74.0361 -41.1004
-17.1604 -1.67422 -0.10037 13.5519 -97.0911 -79.6309
-17.2432 1.87999 -0.01739 0.712354 -111.521 -45.3942
-17.5562 13.1051 -0.217687 -31.197 -197.385 -14.9308
-17.1048 0.936113 -0.612183 13.0574 -40.806 -121.92
-17.5807 -1.26887 0.394202 -36.149 24.2254 -3.12149
-17.3226 5.8838 0.497826 -11.4885 -77.505 -22.442
-16.9081 -10.9722 -0.556514 28.2727 -8.25973 -5.72275
-17.2742 7.15394 -0.307334 -11.5087 -70.3879 -47.2032
-17.4755 8.96061 0.504076 -31.9606 -93.6836 87.5858
-17.0296 0.707739 0.215587 12.2288 -89.9583 60.3006
-17.1447 2.68595 -0.145773 0.0175725 -96.9796 -11.0135
-17.4516 7.56318 0.442466 -31.246 -113.69 13.9497
-17.7061 9.38237 -0.386594 -57.9324 -260.044 5.21546
-16.3403 -11.1525 -0.41459 76.2894 -97.398 23.1311
-16.6007 -6.69229 -0.151396 47.4027 -68.7806 -21.589
-17.2624 3.62765 0.255285 -20.0754 -143.733 43.0437
-16.9583 -9.39974 0.218468 8.14364 0.0576522 4.61455
-17.1971 4.66549 0.400792 -16.1161 -114.065 -58.0449
-16.4618 -9.59173 0.307277 55.9168 -69.335 -5.61661
-16.9953 -1.69897 0.184925 -5.21297 -116.214 45.6801
-16.4561 -11.1928 -0.196561 47.747 -39.5391 34.6576
-16.6624 -2.82468 -1.02619 24.5365 -73.7735 -172.62
-16.3929 -10.9354 -0.252612 48.6712 -41.2282 -18.7569
-17.2276 6.91413 0.288044 -34.8329 -115.758 -40.4106
-16.6403 3.90409 1.77722 22.3532 -87.8976 113.895
-16.7331 -0.203019 0.183487 12.3212 -78.4396 -84.924
-16.6176 -5.82331 0.33283 23.6727 -29.5638 144.287
-16.5806 -1.86003 0.400772 26.4263 -146.228 32.4651
-16.2782 -4.99879 0.064232 52.9949 -154.755 -8.58695
-15.7153 -11.4059 -0.158064 103.97 -46.9206 9.89957
-16.6505 2.87639 0.408878 9.388 -36.9063 110.568
-16.4194 14.6295 -3.79207 26.8274 -43.4547 -81.2061
-16.5241 0.767073 -0.519835 12.6078 -69.6456 -102.022
-16.8858 9.40139 -0.708147 -24.1279 -73.3851 -55.3248
-16.7311 -2.16963 3.15601 -13.0358 -97.8548 -18.1492
-16.3248 -1.90082 0.380562 26.4001 -159.246 28.8695
-16.6478 1.53074 -0.1528 -6.88648 -169.236 -73.6942
-16.4945 0.4457 0.691386 7.04573 -93.0679 177.201
-16.305 -3.09992 -0.0569037 24.5919 -44.4546 163.045
-16.7456 3.61343 -0.651841 -19.2209 -158.814 60.1568
-16.4627 0.233438 -0.0473004 3.67864 -139.265 14.4668
-15.7827 -7.4425 -0.0791863 65.101 -110.173 5.09898
-16.4805 2.38291 -0.476079 -10.53 -135.117 -84.6248
-16.124 -4.59003 -0.288585 20.4819 -73.1742 -91.7681
-16.0552 -9.0356 0.0751176 26.4507 -12.9166 -54.3703
-15.5494 -4.45508 -0.688066 67.1705 -95.2495 -80.4355
-15.6411 -14.5769 0.101913 55.4109 -30.53 40.2407
-16.4477 10.4913 -0.168643 -27.6732 -68.4345 -123.717
-16.3239 3.51244 0.276573 -15.7625 -118.665 48.4362
-15.7954 -1.63178 0.892482 31.7811 -107.964 143.284
-15.4745 -10.4328 -0.84078 60.8583 -71.1903 -77.1357
-15.5753 -6.38795 -0.52111 47.7628 -87.2987 -103.718
-16.0077 9.177 -0.175134 3.52235 -26.6333 57.5343
-15.2633 -7.24041 -0.534185 74.4854 -111 -95.7627
-15.5889 -4.49401 0.489223 40.8627 -86.2334 86.0231
-15.3541 -13.8251 0.23495 63.9353 -52.2065 -18.5031
-16.2435 4.17912 1.00528 -29.1654 -153.653 83.7192
-15.1919 -7.24632 0.222169 73.6988 -119.433 70.6858
-15.7822 -1.85255 0.191853 14.6549 -158.014 -10.6944
-15.9409 10.3581 0.326643 -4.5153 -39.2351 -12.5222
-15.6271 -6.87797 -0.829196 24.8199 -18.0493 -160.532
-15.1208 -6.45247 -0.106143 71.8116 -130.347 -12.5805
-15.45 -4.60499 0.593156 38.6031 -119.213 109.115
-15.2979 -28.1631 16.0635 52.8893 -76.3026 -40.3493
-16.4083 8.80247 -0.385673 -57.8555 -124.684 11.9034
-16.0694 7.0138 0.899555 -29.2653 -93.524 121.226
-15.6969 14.5934 3.45404 4.99173 -129.464 -86.9513
-15.7864 13.5425 -0.164501 -8.40662 -38.4624 -3.20219
-15.2882 -8.76845 -0.439492 38.9793 -40.8657 -164.577
-15.9604 5.47364 -0.524086 -34.2207 -131.793 -54.1725
-15.5201 0.3912 -0.373817 5.8802 -137.531 -70.6445
-15.0324 -18.1173 4.62658 49.6594 -206.781 -7.97636
-15.7788 13.373 0.22793 -26.0268 -58.9772 83.0298
-16.0259 7.95463 -0.317511 -52.1384 -131.393 -91.2501
-14.9036 -8.72894 0.196148 55.1814 -70.1703 -23.2425
-14.7033 -6.43992 -0.173024 73.571 -161.804 -27.5942
-14.6209 -8.75837 0.349347 76.5271 -99.359 11.3076
-15.7556 4.98687 1.18937 -36.8444 -141.269 142.704
-15.0487 -14.1909 0.342059 30.3878 -7.4897 37.952
-14.9594 -1.88331 0.322564 37.5581 -176.122 20.4898
-15.3393 7.15856 -1.42853 -2.96207 -110.969 -66.1958
-14.7393 -11.8842 0.243636 56.6224 -46.8773 22.7988
-14.4893 -13.5044 0.15441 81.0405 -66.4973 -27.6686
-14.9452 -3.05675 -7.69816 23.3909 -81.5142 90.41
-15.3264 -3.09538 -2.61399 -19.2786 64.8106 -55.7564
-15.4899 5.25126 0.0885088 -37.7069 -139.615 78.8401
-14.358 -6.98001 0.227343 74.4353 -139.759 70.661
-14.3582 -9.85399 -0.0653396 71.6173 -94.5977 86.3011
-15.6566 7.32934 -0.75199 -58.1621 -88.2608 -7.50038
-15.2166 3.40261 -1.27044 -17.7889 -118.001 -94.6791
-14.617 -3.20611 0.0478282 39.9544 -130.743 168.801
-15.0695 2.20308 -0.901665 -5.73759 -118.929 -180.05
-15.2844 8.20796 0.345676 -30.7996 -90.1823 132.089
-15.0544 11.1082 1.0972 -10.4194 -41.911 -85.0124
-14.0381 -9.50789 1.89361 87.8376 -207.455 65.8955
-14.0179 -20.7313 -4.83375 88.948 90.8888 145.146
-15.2165 7.74475 -0.269955 -33.3177 -91.2717 -79.8
-14.6566 -2.01323 -0.354516 22.0391 -210.233 -53.1643
-15.0327 8.90787 3.94545 -17.248 -57.0555 4.34776
-14.8967 4.12127 1.14409 -4.69853 7.47193 -89.0566
-15.1331 5.91497 0.0542001 -40.1495 -126.188 29.7089
-14.6587 9.67027 -0.755825 6.26175 -19.2175 -116.378
-13.6733 -9.13873 0.0429463 104.092 -24.962 101.779
-15.3327 9.41242 0.193843 -63.9728 -127.932 93.9548
-14.0987 -9.56756 -0.0693351 57.1592 -61.354 16.596
-14.2965 -15.9998 -0.178411 36.5838 2.04273 -10.4843
-14.8414 9.73156 -0.890475 -21.5808 -62.5516 -14.668
-14.3456 -13.4812 0.363253 24.3231 -1.20106 44.4171
-14.1178 2.41645 -5.70342 43.3863 16.612 33.8597
-15.065 9.36687 -0.00454916 -51.4095 -98.8224 -79.6767
-14.6717 -1.82203 -7.08259 -14.2308 -68.8652 -32.7839
-15.086 7.36586 0.0834449 -65.9493 -141.462 -1.60257
-13.662 -8.29908 0.508469 75.346 -116.065 50.5745
-13.676 -15.0398 0.410351 68.1468 -38.3804 34.8781
-13.431 -12.8216 -0.332809 84.1266 -60.0646 -57.8169
-14.636 7.32427 -0.309264 -43.6779 -109.013 -87.608
-13.8 -1.83304 -0.000254484 35.9396 -183.452 -46.6992
-13.5435 -14.5748 -0.0961282 58.0966 -27.3654 25.9784
-13.7442 -10.4809 0.534815 32.951 -17.8607 138.97
-14.3715 13.4822 1.64033 -31.4991 -56.3793 83.6283
-13.1033 -9.50222 3.63126 93.2289 -103.334 104.337
-14.7576 4.73929 0.407715 -72.1604 -310.986 311.753
-12.8135 -12.5705 -0.240057 120.756 -95.0428 -37.8977
-13.6727 -1.60776 -0.692193 32.1526 -136.122 -198.586
-13.052 -14.6002 0.0927977 92.0899 -62.1901 -33.0046
-14.2206 -9.44497 -1.80546 -25.2682 -125.558 59.3397
-14.1516 2.92773 0.665628 -27.1311 -125.343 135.814
-12.8167 -14.4556 0.505681 104.14 -72.6051 58.631
-13.4206 -3.0752 0.389249 41.4576 -191.824 28.0521
-14.1923 10.2154 1.6058 -36.9219 -75.6179 48.3672
-14.6426 6.95994 0.210723 -81.873 -169.341 27.1216
-14.4802 9.07714 -0.40321 -67.8511 -121.188 85.6001
-12.8405 -10.5916 0.00929852 75.9622 -72.5977 -25.0782
-12.5637 -10.3036 0.482754 101.024 -121.669 35.7757
-13.6638 6.19711 -1.46543 -8.41572 -217.989 -272.266
-13.4333 0.794852 -0.966266 10.9892 -18.9538 -202.655
-12.627 -9.56348 -1.65818 87.9383 -101.992 159.545
-14.1133 10.6193 0.221167 -60.3639 -107.768 -19.6543
-13.8609 13.5117 0.143312 -39.839 -65.295 100.756
-12.571 -12.1277 0.282998 85.5346 -78.033 76.8316
-12.453 -10.4336 0.283603 90.5082 -92.901 35.9864
-11.85 -11.8094 0.386829 130.728 -111.117 99.1181
-13.8027 10.5636 -0.491837 -64.0174 -104.62 -21.793
-12.1529 -9.80781 0.464789 97.8137 -117.303 -61.3283
-13.8015 14.2801 1.15939 -67.4583 -86.7924 -37.4134
-13.398 15.4095 0.776675 -33.2373 -49.0744 -90.0984
-12.0762 -9.09432 -3.32705 96.8526 -112.771 -133.094
-12.0489 -13.3445 -0.200989 93.7781 -63.5244 -1.66239
-12.8223 -1.98425 0.0737482 7.53708 -234.202 -26.7067
-13.6745 11.5517 0.803169 -80.6004 -112.402 44.6399
-13.5618 16.7681 -0.6473 -72.4994 -210.609 18.9167
-12.4186 -14.3874 1.59695 38.3289 -8.34805 -23.5154
-13.2133 6.96895 -0.864009 -41.2539 -97.5586 -142.121
-13.2834 15.4147 1.06034 -49.639 -68.5867 32.8563
-11.682 -15.7438 0.795649 105.54 -62.2252 -21.2638
-12.0015 -10.451 0.503515 72.5772 -72.6109 163.661
-11.7704 -5.53319 0.423959 87.8379 -201.749 101.861
-11.4744 -14.9681 -0.722775 113.026 -65.004 -91.9094
-11.7953 -12.9899 0.202822 80.41 -57.9137 86.1856
-12.9744 16.6516 -1.78703 -38.6746 -49.8002 11.4881
-12.3775 -3.35914 1.20445 18.831 -25.9664 248.077
-11.6449 -4.19016 0.158487 68.8273 -237.917 18.4454
-12.7686 12.3697 -0.323097 -45.0289 -68.737 -7.59431
-11.8861 -12.7205 -0.407918 41.0117 -18.8667 -48.6036
-11.7666 -12.869 -0.49387 51.0498 -25.4586 -156.354
-11.9084 -6.86031 1.14923 35.8355 -35.466 200.147
-11.0134 -11.0503 0.3217 121.995 -119.267 83.795
-12.3602 12.2055 0.127316 -18.7649 -40.6436 90.1271
-11.2721 -12.415 -0.395764 79.1142 -53.2397 -47.433
-12.2684 15.4667 -2.15838 -28.2669 -3.64339 67.6801
-12.4806 6.02899 0.730528 -51.1119 -133.16 144.318
-10.8838 -10.7776 0.556602 103.693 -101.759 135.284
-10.5942 -13.3914 1.02261 127.1 -84.0759 -11.823
-11.2 -5.68585 -0.836751 65.694 -158.807 -168.141
-10.3986 -35.2556 13.6324 142.387 58.4775 -76.3121
-12.2056 14.5681 -0.136354 -42.4631 -53.723 122.74
-12.2718 15.5163 -2.1366 -61.4093 -160.977 -158.66
-12.6656 14.449 0.849725 -101.12 -56.3883 11.7784
-12.4755 -2.51536 2.29899 -82.2407 19.294 -98.7685
-10.3109 -10.5307 0.124355 130.361 -137.776 39.5942
-12.5605 10.4373 -0.0528893 -93.7205 -123.556 -132.209
-10.6739 -15.7604 -1.2476 80.9207 -37.1392 -82.6463
-10.4159 -8.48118 1.34879 92.4116 -110.773 156.223
-12.4202 14.4689 0.902946 -112.364 -12.4738 -13.5466
-11.5001 14.4746 -0.17483 -23.4393 -181.326 8.93897
-9.92987 -10.1442 -0.372945 132.411 -127.037 -70.3305
-10.5183 -11.802 0.407222 71.0092 -40.0727 171.201
-10.1694 -10.0603 0.545118 103.92 -86.5042 131.956
-10.1699 -15.173 -1.36427 93.5273 -46.7286 -116.111
-11.3149 18.5009 0.377395 -22.6212 -35.8186 -20.963
-12.3312 13.6319 1.4831 -124.522 -121.54 157.62
-9.98448 -5.39756 0.477525 106.64 -193.217 119.828
-11.5907 13.0577 0.434873 -55.9335 -70.5318 -127.708
-10.4534 -13.7257 1.15247 55.7859 -25.0153 80.809
-11.3542 12.1251 1.10194 -36.6222 -7.19119 -83.0996
-10.5082 -11.5014 1.11908 46.1562 -24.032 203.907
-10.714 -8.60861 3.76928 24.3199 -148.781 -24.5078
-11.7046 3.36287 -0.22112 -75.1374 -220.828 -4.66626
-11.5231 11.1521 -0.249724 -83.2819 -99.9579 -63.9073
-10.9076 0.933146 -0.666518 -30.8178 -226.887 -133.528
-11.2907 7.95065 6.72983 -73.0242 20.6729 46.4941
-9.97015 -14.5566 -0.910398 58.1027 -23.122 -22.4389
-10.1721 -14.6123 -0.686068 35.2104 -4.90125 28.6653
-9.93765 -14.4697 0.349187 57.3247 -19.4787 -25.5004
-8.95793 -13.9633 0.0875737 152.063 -79.0962 -78.1615
-11.3531 11.4701 1.25418 -86.263 -98.8693 38.4192
-11.2864 12.569 0.727536 -98.4639 -108.577 1.77849
-9.03954 -21.7361 -3.09124 120.146 65.2848 39.0139
-9.28771 -13.923 0.684269 94.443 -48.1542 53.5869
-11.5141 10.7011 -0.110365 -133.021 -145.417 -33.0317
-9.05416 -17.6941 -0.220773 107.868 -36.2962 -70.244
-7.99084 -13.86 0.942345 193.031 -36.5973 57.2165
-10.2399 12.5145 8.21664 -35.4922 -7.58243 78.5619
-11.1744 8.47229 -0.596317 -128.659 -165.599 -109.106
-11.0528 12.1262 0.827108 -120.731 -115.544 20.7317
-10.1658 11.7284 -0.249798 -47.0452 -56.6546 -207.922
-9.31591 -8.7033 -1.12894 33.1667 -22.7205 -237.997
-10.3109 8.52278 -0.180579 -73.1413 -97.4934 201.709
-10.0849 16.7276 0.720713 -53.0277 -69.4946 -35.2688
-8.26495 -14.1555 0.75847 118.988 -124.73 20.8599
-7.33554 -15.3066 0.0428399 176.627 -79.3507 -9.00772
-9.48688 12.0037 9.73908 -43.7412 -27.9032 20.6697
-7.78298 -17.2958 -1.01332 122.312 -45.2225 53.015
-10.3724 11.153 1.06255 -138.081 -128.537 84.243
-9.20886 16.8867 1.48995 -34.4272 -37.6082 -17.3947
-8.34797 -16.0345 -0.845472 50.9158 -12.5461 -125.36
-9.62857 7.61252 -0.959713 -76.3649 -103.971 -191.872
-8.31703 -15.7347 0.00675493 49.9131 -9.39479 -17.874
-9.03253 15.1185 0.710668 -24.2378 -41.5637 43.8819
-7.42291 -27.878 5.43127 130.881 97.063 -104.447
-9.69277 15.4062 0.88624 -96.9081 -56.0222 42.468
-9.7447 15.8562 -0.318974 -102.989 45.1073 -74.0784
-7.98443 -18.7719 -0.600617 60.3424 -7.21531 -28.8677
-7.65398 -17.958 -7.24253 90.9344 -22.274 71.2564
-9.68563 14.2094 0.496082 -115.037 -204.13 37.3417
-7.63787 -12.9691 1.42343 87.19 -139.928 -66.5138
-9.8165 11.6002 -1.61585 -138.343 -113.713 -65.0668
-7.40064 -21.1046 -6.94902 100.813 11.5555 30.058
-6.90421 -8.61172 -1.10791 147.201 -108.939 -187.017
-6.6179 -13.9342 0.3834 175.066 -70.254 67.628
-7.60231 -14.5088 0.517828 73.3384 1.4803 91.5446
-7.29021 -20.8126 -1.16457 88.1869 39.5621 15.5952
-7.26454 -15.825 -0.971504 86.974 -27.7604 39.7379
-7.78595 -14.7711 0.545555 34.0292 -27.5619 106.838
-6.97163 -18.1978 0.072717 113.195 -25.3441 30.7206
-7.49995 -14.5194 -0.754634 55.8325 -17.5343 -111.21
-8.9737 13.9171 0.524675 -92.1561 -71.2749 36.13
-8.20105 17.3846 0.526073 -26.0794 -32.8374 -6.97812
-8.67475 10.4243 -0.488904 -105.171 -84.8369 151.731
-8.20754 17.731 -5.35389 -65.8702 -77.2048 161.074
-8.39248 13.0112 1.1852 -86.0942 -67.7983 186.721
-6.1146 -14.0987 -0.694586 139.507 -58.9662 70.5336
-7.25798 -16.9413 0.177408 22.7904 8.41206 -87.2917
-7.90844 14.8279 -0.702873 -45.7384 -42.7068 -120.294
-8.47086 17.0047 0.468055 -106.653 -70.5975 -18.294
-5.68777 -15.7109 0.0737746 159.314 -49.2497 28.8424
-6.12318 -6.93139 -5.82111 114.274 -177.014 42.6296
-5.94458 -33.836 1.45542 128.405 189.932 -135.296
-6.24335 -16.1917 -0.297664 92.1097 -21.9177 -52.4586
-5.90595 -13.4802 -0.436647 125.007 -46.6478 118.243
-5.69088 -16.9458 0.57921 143.526 -37.4835 42.8134
-8.13438 12.4042 -0.288321 -104.514 -76.1976 -134.585
-7.22847 16.7821 0.138471 -15.3048 -27.7157 -53.1702
-5.36712 -11.5913 0.725177 168.65 -72.0008 145.79
-5.20893 -9.01677 -1.24119 180.178 -111.367 -168.465
-5.88791 -25.2445 10.5006 110.477 18.5674 0.179882
-7.23604 -9.97781 11.0476 -33.6009 13.8317 -18.5347
-7.59724 15.5603 0.837748 -69.7804 -51.3182 73.8457
-5.75068 -16.579 0.154638 104.694 -24.591 -49.123
-8.2332 9.38077 -5.17245 -143.231 -26.557 83.6773
-6.23898 -18.6601 1.20835 43.2136 -46.5005 -81.1316
-7.75976 17.6353 -0.623597 -109.227 -59.2133 3.31049
-5.83225 -18.9384 -1.11989 71.4895 -7.76045 -98.3433
-7.10058 20.0571 -0.351794 -54.9579 -37.9743 48.4847
-5.32007 -18.357 -0.0973249 105.408 -10.5603 -26.57
-7.79155 16.7863 -0.0797125 -142.651 -76.7147 -40.7486
-6.73647 15.5315 0.419994 -42.393 -36.2323 71.2373
-6.69613 13.0255 3.5836 -41.4194 32.7675 -139.201
-7.33915 18.6737 5.0288 -115.03 -81.1507 -5.29751
-7.4982 16.7534 0.741498 -132.927 -37.1397 200.961
-7.80371 16.3184 -0.19145 -163.278 -116.005 -55.1188
-7.23279 16.3162 -0.594198 -110.788 -59.807 -0.555437
-7.28901 16.2445 0.579469 -116.787 8.70619 102.236
-6.80051 19.7011 -0.520015 -76.4648 -44.0814 -8.31633
-5.98286 8.57316 8.2078 3.76016 79.1817 -87.9862
-4.72698 -17.4001 0.153659 126.253 82.1344 161.762
-7.13113 15.9342 -0.177785 -120.076 -65.8553 88.3564
-5.54977 -16.8725 3.13411 31.2984 -44.1451 240.576
-4.45823 -15.8943 0.023202 137.305 -111.669 117.456
-7.07413 15.672 -0.745857 -131.844 -63.6589 -38.8748
-4.46477 -15.8305 0.233935 122.791 8.83605 56.5199
-4.83176 -16.4258 -0.453052 79.7585 -7.89996 -97.4456
-6.55252 18.7051 -0.246316 -92.0079 -47.0687 46.7114
-5.10246 -16.7593 0.175271 46.2165 0.902922 40.9676
-4.83511 -9.46979 -6.07965 60.6382 125.027 -137.186
-4.3422 -14.6068 1.01394 98.1079 -121.101 99.4232
-4.6746 -19.7505 -0.530444 57.865 4.72552 -36.4491
-4.27314 -15.4915 -3.65207 86.3582 20.3062 -63.9229
-5.69683 16.5572 -0.844766 -60.7957 -35.2168 -96.8194
-6.61976 12.4413 0.954196 -152.898 -90.8988 120.078
-2.59202 -7.54598 0.106866 244.653 -143.039 49.7836
-4.00181 -17.4501 0.828029 99.8294 10.0127 -96.1103
-5.90835 20.1886 2.31016 -89.8298 -255.508 -142.595
-6.35408 17.3239 -0.340204 -140.632 -66.4986 19.1375
-5.59575 15.7737 -0.267762 -91.9979 -45.05 21.2738
-3.22978 -15.5993 -0.427514 142.177 -17.5918 -31.0667
-3.04425 -16.6627 -0.700302 159.559 -20.5547 -14.2153
-3.67697 -16.4935 -0.448707 95.4512 -7.27399 -31.9088
-5.88577 16.1105 0.041428 -127.726 -55.4845 96.4333
-5.66829 15.722 -0.899835 -106.409 -56.5823 -107.146
-2.79094 -14.3293 0.424277 166.186 -28.7786 151.135
-5.1005 2.06887 -2.08985 -68.6469 -184.416 -39.2135
-3.35209 -9.56453 -9.91366 101.735 -36.1287 71.6309
-5.29564 14.8852 -4.24261 -102.993 -102.035 -56.8923
-2.85126 -0.985432 7.51289 137.135 22.8633 120.899
-5.39463 14.0286 -0.930814 -122.8 -55.9262 -116.046
-5.40677 14.3116 -0.197638 -148.898 -61.0334 34.325
-4.15705 19.5117 0.0888544 -28.7208 -26.2063 -58.7926
-4.51436 20.3842 0.567492 -66.5832 -33.0782 42.9987
-5.03399 10.0893 -3.02887 -123.597 112.865 51.8956
-2.78022 -18.2306 0.315869 97.6995 -1.37813 -14.7157
-3.24143 -10.8018 6.24909 50.3914 -109.158 -126.055
-2.98482 -18.4758 0.236335 62.8883 15.7591 -35.101
-3.0917 -21.3492 -1.36419 49.6933 11.8674 -10.7996
-2.82739 -20.413 -0.944975 75.1136 6.51545 68.518
-1.75008 -24.4915 5.64781 181.438 130.607 -87.2443
-4.7542 35.1132 8.4175 -118.923 -1.02073 73.2202
-3.10151 -18.5194 0.17308 40.8969 2.51336 -46.3935
-2.62437 0.418233 -1.16808 86.0056 -197.718 29.4055
-2.92982 -17.7925 0.237463 49.6545 9.73207 -30.1886
-3.52031 16.6837 1.03609 -12.4409 -41.5986 161.278
-2.39564 -2.81442 -9.03311 95.0552 6.18507 -121.863
-5.01644 12.7346 -0.677094 -165.518 -81.6508 -91.9282
-4.56479 13.4274 1.79102 -134.936 -25.8037 -158.779
-2.29569 -17.0091 -0.616738 75.8046 5.12014 94.6544
-2.60354 -17.9999 -1.22252 42.3846 8.69098 -25.1154
-4.06584 17.9964 -0.0581377 -118.311 -33.2766 5.06209
-3.69881 15.2233 0.321657 -85.31 -34.4019 157.37
-4.09163 16.1016 -0.644028 -128.116 -43.9465 -50.0941
-4.08158 16.9697 0.669286 -130.056 -13.935 78.9309
-0.743479 -15.7045 -0.65642 189.083 -4.24464 -45.0756
-4.04292 12.9129 6.40083 -144.739 12.0238 -55.8736
-1.81382 -20.5024 -0.285563 62.9381 11.7614 67.4771
-1.05917 -16.2038 -0.315242 131.117 -1.11508 33.3105
-1.39296 -17.6914 -0.982789 90.6423 -5.70424 -104.287
-3.73375 13.8303 0.0241789 -155.283 -51.9117 84.4724
-3.0859 17.8011 -0.817343 -96.1604 -29.0795 10.5279
-0.706977 -13.0883 -1.14443 138.825 1.13693 -168.976
-2.30093 20.451 0.376594 -21.6244 -20.0376 98.2109
-3.92257 14.0951 -0.443917 -182.941 -58.2363 -16.9533
-1.78866 -18.5336 -1.00565 24.6286 16.0014 -103.455
-2.14466 19.2864 0.232581 -14.8921 -18.3651 65.6263
-3.77378 9.115 4.19061 -184.639 -109.662 86.9991
-0.0143602 -15.2272 1.01427 186.769 -4.9767 103.307
-0.475576 -19.0883 0.683635 133.997 4.88439 -0.336651
-2.16575 17.9575 0.571328 -50.7888 -19.5543 139.236
-2.67802 18.5054 0.15581 -101.874 16.8238 -18.2365
-1.98809 34.7563 2.18448 -39.8247 122.743 0.875365
-2.1702 20.7798 1.03004 -65.7487 -24.5822 -47.7777
0.542012 -14.3376 -0.716452 201.607 18.4455 -76.9029
0.373586 -16.7131 -0.842328 177.942 13.6396 -91.424
0.379579 -16.3163 -0.220296 176.798 6.82558 43.1759
-0.787859 -18.2996 0.557459 55.7104 10.7179 -22.1043
-2.47992 16.1098 0.108712 -113.702 -33.7462 -35.2009
0.443629 -13.349 -0.857424 174.033 8.00556 -113.755
-1.9928 18.3425 0.807357 -74.8668 -23.4704 -64.7113
-1.86738 17.3132 0.778648 -67.6814 -22.0679 -57.4194
0.00444237 -20.1408 -0.531884 116.26 15.7986 -3.78771
0.514711 -35.2412 7.81745 162.623 -49.0395 91.4322
-0.106329 -20.8317 -0.634723 96.2599 21.6296 -22.3343
-0.0788332 -18.9084 -0.866464 90.8341 13.4841 -84.4333
-0.0394958 -17.9078 -0.848809 93.8904 17.3865 -86.0568
-0.0737693 -17.6959 -1.1368 85.1058 16.2817 -150.691
-0.0422898 -16.4283 0.163515 84.8268 16.0923 128.513
-2.55364 16.6058 -0.0776074 -167.671 -23.7465 -4.65524
-0.951982 18.4632 0.712236 -10.0015 -17.2499 17.7394
-2.53714 14.4673 0.794554 -169.232 -39.897 121.697
-0.334591 -21.1749 -0.341861 47.5303 16.9158 43.8834
1.13804 -17.8152 -1.91769 186.753 101.067 -15.2224
1.43855 -12.16 -0.513115 213.121 17.5304 -141.984
1.00718 1.58408 -7.39175 164.476 102.929 28.5861
-0.415472 -19.4929 -0.451755 20.1541 17.9861 10.28
0.0556563 -18.5512 0.12807 50.0868 16.5295 -59.3221
0.742225 -16.5186 -0.996979 117.466 -93.9124 37.417
1.40742 -17.6146 0.512259 183.157 -61.4959 -2.84622
-0.0136965 -19.8455 0.768531 37.4535 17.587 75.6066
-1.04786 18.9636 0.471065 -89.9635 -20.6633 40.0354
-0.162933 -18.5863 1.50202 -2.21152 58.5403 63.3316
-1.13516 19.729 -0.113691 -103.529 -20.7718 -91.2914
1.07788 -18.4745 -0.754086 115.735 21.2167 -53.4034
-0.0633666 0.0986527 0 -13.9537 -0.0896003 0
-1.10771 17.0645 0.524455 -119.964 42.6727 56.721
1.15992 -18.9027 0.195649 94.4858 22.1734 -1.93149
1.0815 -18.1133 0.0692247 83.9415 21.1576 -27.8899
-1.25151 16.6289 -0.0483015 -148.903 -92.0501 -64.9053
1.89825 -12.9685 -0.344142 158.951 28.3792 -179.9
1.06614 -20.0209 0.621966 64.4122 20.9456 89.3105
2.30934 -16.9227 0.318123 170.723 34.4188 -65.7179
0.952904 -20.5962 -0.0581041 34.6286 20.3145 -61.801
2.04571 -17.161 0.65003 108.45 28.7573 5.93106
0.320289 15.3443 -1.28577 -64.3678 -9.97762 -152.614
0.0807129 18.9509 -0.520044 -93.5188 -15.1782 -43.3158
0.0421118 18.4362 -0.798751 -99.0616 -17.2214 -106.581
0.494427 18.6819 -0.423777 -55.4043 -13.1743 65.6315
2.43619 -13.7731 0.0540683 136.342 26.1564 -146.193
3.38702 -19.7251 -0.464468 220.55 -12.7512 -59.5028
1.30914 -18.2672 0.896377 11.174 18.2155 -16.4557
-0.161296 17.055 -0.682232 -135.821 -19.0873 -86.0613
0.174688 16.5516 -0.444224 -107.043 -10.7394 42.9683
0.819923 18.0596 -0.2268 -48.879 -17.0455 40.4488
0.420085 19.6014 -0.399677 -93.0058 -83.3759 51.6586
2.46695 -15.0392 0.253098 106.739 25.4895 -116.74
2.97436 -14.6706 -1.51982 154.685 41.4134 -138.33
0.643374 17.5136 -0.807971 -80.8563 -17.1509 -90.247
-0.232346 13.5171 -1.10758 -169.923 -6.90982 -128.991
-0.137044 15.0424 0.0719221 -162.298 -6.68121 143.671
0.888595 20.5214 -0.669823 -64.7158 -13.8634 -44.9104
0.56962 22.1615 -13.7312 -98.1332 4.78181 -158.574
1.52613 14.7575 0.470933 -10.9017 -102.984 -1.19565
0.359784 14.9087 -5.06433 -127.767 34.1225 80.1268
0.680399 19.5723 -0.342652 -96.2912 38.4076 21.334
1.64339 -17.6525 0.552665 -2.13334 66.6207 24.4268
2.06728 -21.1082 0.593786 35.7846 21.6125 -37.8263
2.7151 -17.2776 0.57783 96.5149 28.4996 -70.8625
-0.749482 6.55627 -0.846211 -248.541 -9.83084 -153.443
0.453381 19.2731 -0.413885 -129.158 35.844 34.6539
0.410737 -0.413978 -2.90051 -142.564 -152.781 -3.1767
3.8069 -1.16486 0.0293523 192.571 231.827 -60.0863
2.75421 -15.337 -1.48965 85.5379 29.8468 -123.575
-0.229937 1.7955 0.0997002 -223.843 215.845 19.5521
3.25118 -16.5607 0.357899 111.15 34.9438 65.4931
1.59509 16.4668 0.105327 -56.7865 31.7502 -101.405
3.05453 -16.0681 -0.316578 86.7074 28.5894 -82.6154
2.61849 -21.9094 0.070829 40.3274 132.811 -7.46692
-0.281683 17.6282 1.12704 -263.445 143.544 120.053
2.18611 19.5742 0.641485 -19.1702 -16.9313 7.56249
2.96462 -15.3904 6.79537 53.1354 15.2404 19.583
1.72942 17.6484 1.1246 -70.0961 -11.8684 127.205
4.25591 -14.3346 0.803775 180.065 51.9329 28.5337
3.44161 -18.0803 0.597338 98.7593 31.0358 117.023
-0.10122 6.62468 -1.19486 -259.893 -54.2071 43.3771
1.66211 -3.53888 -6.11073 -106.281 -78.611 43.9365
4.67741 -14.3234 -0.989595 165.256 55.3081 -87.8545
2.87865 18.8352 -0.859608 -15.9489 -14.372 -75.3418
1.55801 21.656 5.34427 -150.373 -95.6526 -118.458
0.929743 15.3576 0.762933 -213.691 101.632 91.5446
1.30562 15.6261 -0.0925635 -182.663 6.27153 -55.8529
4.19692 -13.7993 0.381718 94.0432 42.3451 208.914
1.99882 16.4432 -0.191607 -125.606 -2.5667 57.0111
2.32868 17.8469 -0.761966 -100.473 2.2877 -60.2554
2.0887 17.0336 -0.508132 -135.327 -34.7272 0.259601
4.89795 -17.5158 0.0281823 141.188 50.3409 -72.7592
2.43813 16.0273 0.725124 -107.356 0.0197331 94.2301
3.1248 21.318 -0.431123 -46.6769 -11.5989 33.9055
1.60972 13.957 0.564559 -200.944 30.7735 67.8967
5.4572 -14.2881 0.379221 180.436 68.2276 70.9239
2.54822 19.5104 -0.240164 -109.621 0.390828 64.7295
4.22085 -16.7098 1.29529 54.4452 28.5376 113.649
3.10951 18.4764 0.217394 -58.9825 -5.57148 -27.6797
4.68222 -17.846 0.839789 94.9697 37.1326 1.36942
4.54678 -5.2978 -10.9118 76.246 -46.1269 -49.8843
2.2174 14.9896 1.09053 -162.342 22.6164 -32.3452
3.40207 15.3418 -0.826012 -50.477 -1.90398 -147.312
2.71821 32.8894 -4.90509 -118.666 -78.2899 -60.5913
4.32366 -17.4559 1.38806 38.9039 26.0476 126.59
2.08024 19.9866 -4.88652 -190.082 -86.2967 5.29491
3.70624 19.8526 0.567744 -35.8302 -72.6454 7.01963
3.25859 19.8289 0.646559 -80.8871 -7.56596 61.2647
3.25791 21.3099 -0.16191 -83.4803 89.3224 -72.6901
3.46455 20.3343 0.469118 -64.9209 -51.9667 0.814816
5.05188 -7.38403 -8.8064 88.7345 138.261 19.5295
4.36247 -18.2859 0.20036 5.92092 19.2578 -143.091
4.85889 -1.05455 1.39226 46.2168 156.511 254.671
5.26741 -15.2864 -1.69811 74.5909 90.324 -43.4161
3.74437 20.3629 -3.18458 -79.981 50.1475 -18.9122
5.04174 -20.4408 -0.278412 47.9842 28.8671 -2.21583
3.10915 16.0008 -0.38222 -144.514 18.3447 -48.3094
4.23621 18.8927 -8.11034 -33.1656 -6.004 73.9678
3.663 16.6131 0.0113438 -92.5877 -128.782 36.427
4.54167 -3.78391 -5.86556 -10.7938 132.682 -15.3375
4.88803 3.02044 11.6529 17.8707 103.759 -28.5026
6.51059 -14.1783 0.142575 172.298 89.2514 27.3147
5.67777 -16.4198 0.580313 88.1019 42.3076 113.47
3.86451 18.2474 0.0472858 -97.7913 7.43661 51.4431
6.11152 -13.7492 0.643959 120.853 59.506 169.489
4.446 13.0669 10.1609 -45.7581 -7.21009 -103.025
4.25283 19.6316 -0.049067 -85.3541 3.33649 33.3857
7.31545 -20.1381 4.62685 215.635 -13.7074 0.853703
4.15465 16.0694 -0.162103 -107.945 -43.2916 15.8263
4.32343 20.3033 -0.13388 -104.377 5.12739 16.2044
3.21239 18.4052 -0.346735 -219.745 219.032 0.0339285
6.66699 -16.3268 -0.816675 117.602 -84.8833 -179.057
5.8095 -18.2834 2.86132 30.9372 23.7065 -32.3929
6.73332 -14.4522 0.130042 122.635 226.697 -9.04495
6.00493 -18.3675 0.708432 28.8727 26.5967 140.065
6.68609 -13.9628 0.0737545 92.1962 56.2516 183.589
4.0807 8.81161 -0.485016 -167.75 86.4983 -191.015
3.88321 8.3228 -0.990659 -187.911 -65.5799 4.893
5.21105 15.9208 0.176083 -60.858 5.79175 137.399
6.23824 -20.5427 -5.65817 39.1849 38.1536 75.7305
4.10807 16.9951 -0.732504 -179.008 34.0398 -27.4946
4.89882 18.1097 -0.704661 -101.526 19.9667 1.42665
6.38989 -15.7378 0.31634 41.0665 14.2426 60.9389
6.36834 -18.1262 1.19424 38.9026 -12.4563 153.78
6.45873 -19.6573 -0.00921315 37.1707 30.9989 -19.0939
7.75752 -15.5447 -0.723213 160.672 87.8096 28.3976
5.14776 17.9642 0.588344 -99.1114 12.8759 -39.379
6.26577 -18.1119 -1.36618 7.83273 100.044 52.8015
4.97047 11.6316 0.413689 -121.55 46.6003 178.386
6.75917 -16.2515 0.0203513 52.3777 40.4814 36.9379
5.06807 18.3017 0.432141 -116.375 9.16238 -88.9887
7.2688 -17.2414 -0.542643 89.335 51.0424 -124.383
5.42448 12.3026 -1.39746 -98.7252 34.8238 -214.903
4.81195 16.2992 -0.685767 -164.395 43.7901 -51.1078
6.64144 1.06248 -2.82754 11.6152 -136.052 -95.318
7.23598 -17.4238 -0.0405046 67.9328 46.97 -13.855
6.0711 13.0516 0.394762 -48.8496 8.45985 186.397
5.30312 15.933 -0.735929 -129.021 31.7659 103.292
4.98159 12.107 0.153286 -163.849 58.7618 124.256
8.03003 -13.8929 11.2305 137.171 34.016 342.722
6.76347 -15.526 0.237844 8.61433 -71.2411 -56.444
6.05514 -3.86213 5.0547 -62.7343 -101.249 -4.24118
8.23917 -12.0145 0.39047 152.112 103.42 62.8368
8.24674 -14.2969 0.185083 142.194 91.3183 -19.3678
6.6558 1.63803 -1.40739 -25.832 128.571 -256.449
8.42802 -17.0399 -1.08167 144.678 185.407 235.109
5.8797 27.7363 -9.24496 -109.135 -103.916 78.5821
5.11083 14.2727 -0.579797 -207.034 71.424 47.2849
8.39183 -16.265 0.017047 112 80.7709 24.547
7.71188 -15.7966 -0.799636 42.2953 36.7751 -87.0911
6.13869 13.953 0.183063 -116.191 36.916 145.682
7.8596 -12.5391 6.90351 49.1371 19.5088 -24.8779
7.62169 -18.8585 0.0635352 19.3011 28.4533 51.4876
7.0998 10.4702 2.50904 -34.8099 157.855 26.9037
8.35336 -14.3498 -0.529637 59.2671 50.3765 89.1559
7.2023 38.2642 -5.55401 -56.8343 105.45 -56.2619
6.82814 13.1999 1.19512 -100.949 105.093 139.881
8.51811 -14.5778 -1.13064 65.3472 54.6328 -39.6972
6.82658 16.2343 0.989963 -108.429 217.797 100.589
7.07534 15.5203 -0.0363826 -85.278 19.4425 109.944
6.10052 8.50752 -1.91655 -186.12 164.07 -87.0988
6.34272 10.1438 -0.136107 -168.435 115.619 118.24
7.34024 15.9456 -0.291473 -73.6131 16.5994 57.1216
7.51154 17.9402 -1.23556 -57.7882 4.46419 -47.3009
8.6164 -14.5416 1.51797 51.304 47.6602 175.214
6.43779 12.5161 1.16575 -167.228 13.339 127.978
8.43493 0.481742 -0.180368 31.1289 267.54 -56.6012
9.86174 -11.8002 -0.736183 150.017 113.564 1.1624
9.02467 -14.1799 0.435278 65.2737 56.2756 69.086
9.00372 -5.31711 0.892704 63.0732 110.864 231.894
6.97517 13.52 0.931912 -142.548 59.0238 72.6558
8.06939 14.9573 5.35999 -36.1526 12.7242 -0.586066
8.29771 20.6393 4.07741 -15.916 -11.5736 32.8178
9.34429 -15.4066 0.658227 85.7183 78.7664 -24.9509
7.94872 12.1467 -3.52945 -58.9865 73.1685 80.4293
8.32445 17.4357 -0.281667 -26.8779 -6.80165 71.4831
8.66649 -15.4911 -0.718224 5.35031 20.6418 61.8311
7.15866 -1.61212 1.65539 -146.896 136.011 -101.39
7.84109 17.0931 -0.396307 -84.6464 18.3912 42.7451
8.29834 17.3876 0.145855 -48.6187 52.868 55.6526
9.01749 -15.9473 -1.40401 21.1641 31.0386 -82.0755
7.87997 14.7882 -0.463483 -92.3452 -102.269 -87.1384
8.60261 14.899 0.198366 -20.8065 -56.8685 50.9175
9.46427 -17.4986 0.0923491 64.4114 55.7498 -52.213
9.5769 -16.4075 -0.831199 72.7277 58.8786 52.3395
7.51181 17.1301 1.60722 -145.887 30.7719 38.1047
8.17886 18.8107 0.745894 -80.0859 10.5771 76.9621
9.6666 -16.674 -1.51574 61.9028 55.3303 -94.8656
8.12608 8.70838 0.825664 -93.1801 88.7205 216.547
8.47997 18.176 -0.155358 -63.5876 9.47532 104.39
7.95863 15.1251 0.585587 -132.859 52.8204 -19.9443
8.53749 18.262 -0.305695 -76.5301 -20.1898 73.9467
8.12301 18.0723 -0.566159 -120.497 31.4989 12.3719
8.83841 19.604 -0.453815 -53.9692 0.933197 -26.7428
7.96831 17.353 -0.0613956 -140.509 -5.71633 14.3836
8.0415 16.6176 1.37253 -139.389 62.9909 -40.2226
9.94091 -15.8622 -0.0743483 47.8138 48.3897 -46.1897
8.59836 7.10162 -0.724622 -87.9543 108.162 -201.31
10.392 -13.06 -1.03551 87.1135 77.1722 -50.2401
8.40367 15.8309 0.869954 -112.781 86.3647 43.7675
10.2028 -17.6828 -1.46403 60.2169 49.1608 -69.6339
10.41 -17.3432 0.954633 80.2813 75.0073 19.6314
10.7094 -15.4226 0.816582 109.281 90.2732 47.0241
8.96018 37.8016 2.71646 -69.9454 169.907 44.1148
9.03544 13.3262 0.0411863 -72.1143 34.592 119.617
9.38833 13.8069 5.67988 -41.8063 111.332 15.84
10.4022 -13.598 -0.690778 56.6822 178.701 63.5867
11.198 -13.6766 -1.0073 131.557 119.902 -33.2822
8.90651 12.9747 -1.11484 -98.762 51.9179 -165.343
8.93856 16.4459 0.784507 -96.0754 32.4557 9.72258
9.37098 12.4837 -6.81077 -54.229 24.8528 32.7926
11.1525 -9.75016 0.565807 119.715 138.224 -73.9412
9.77814 35.2302 -8.83292 -19.0356 -136.353 124.338
10.8381 -13.4107 -2.7112 69.3647 56.1869 -86.6764
9.69499 17.2471 0.947035 -46.2471 5.93055 36.2929
10.5271 0.413172 3.04674 33.7294 -126.503 83.0497
9.45537 13.4971 -1.25022 -82.0901 43.2963 -70.3644
9.32518 10.6384 -0.609255 -110.528 99.6389 -164.177
9.58863 14.0397 -0.287915 -84.6447 83.1473 9.83369
11.0458 -12.9702 -0.569452 56.6141 69.5126 -139.519
10.4975 -18.5363 4.42453 -0.381076 6.37863 116.104
9.73444 17.6522 0.509794 -80.3316 20.7743 -63.3681
11.7601 -13.1918 -0.165912 105.514 119.254 -31.6491
11.8887 -10.452 -2.91757 116.623 133.864 -110.024
11.568 -10.8292 2.43489 83.946 107.145 11.8944
9.87358 11.1697 -0.269637 -88.8576 145.516 47.7513
10.5225 2.82184 -0.869291 -32.6991 125.105 -222.835
11.7518 -14.9278 -0.900031 78.7217 78.8508 4.45569
9.82065 12.2932 0.811821 -116.09 71.5951 87.4678
9.5075 12.2543 0.201232 -150.675 102.779 -45.6104
9.48307 10.528 0.0728611 -156.915 52.576 82.1875
12.2104 -10.8422 0.50549 113.049 132.169 -107.588
9.92326 12.4246 0.103285 -117.329 72.9751 -69.511
10.0882 12.6669 0.117268 -117.594 84.0123 -67.8978
11.6769 -13.7299 -0.021465 39.8973 58.3507 0.252131
10.3413 15.7776 9.27836 -97.4348 162.559 248.251
10.2377 15.1273 1.31847 -111.017 -0.954754 25.4805
11.0612 11.4636 -1.06798 -35.1224 13.9236 -139.821
10.2839 11.5932 -0.813371 -114.087 158.87 120.044
12.1564 -4.96639 -4.20982 71.6581 -80.3813 43.852
11.0363 11.7565 -0.418385 -43.869 24.3909 -126.448
12.1885 -15.6188 -1.26829 69.0948 68.6047 -68.0949
9.87281 12.2778 -0.290583 -164.752 128.45 22.3663
11.9645 -14.2272 -0.554514 42.5301 59.1815 -137.516
11.0167 17.3003 -2.09684 -52.3211 33.8485 -56.2784
10.9815 2.90214 -0.268741 -56.0124 239.789 -93.4161
12.1762 -12.8333 0.6507 61.7488 75.3993 53.5786
12.4926 -11.7362 0.856306 80.2539 104.496 41.2025
11.5619 1.01123 -3.59579 -12.6958 248.965 -30.2095
12.3698 -2.91643 0.526947 64.2092 205.621 -36.3917
12.6714 -7.43974 0.187996 90.8109 164.19 91.0612
10.6701 14.764 -0.254923 -114.168 174.538 -93.7434
12.2763 4.47055 -7.3542 37.0984 -25.8779 -67.7845
12.5229 -16.1601 -0.949573 58.3948 62.5524 8.90101
12.3123 -16.7013 -0.355381 33.8152 51.3837 -52.9486
11.6219 5.25628 -12.1958 -35.0013 82.2386 16.2743
11.6706 2.1863 -6.18462 -30.5461 203.843 -12.8252
11.6282 2.51353 -0.160855 -37.2877 206.827 -126.695
10.9183 13.5482 0.642933 -110.4 74.9948 40.8213
11.1819 16.4591 -0.576093 -86.7213 39.1213 9.81475
10.9066 12.3111 0.283719 -116.407 100.911 27.5499
11.2608 9.15563 3.52664 -86.458 13.3065 157.335
12.6387 -11.0312 0.0351858 50.4023 78.7285 118.196
12.5821 -16.3851 -0.767345 42.5858 51.6952 51.3584
13.0723 -7.75319 -0.11629 90.254 154.486 25.69
11.4348 13.2151 -0.998075 -79.1911 50.3212 -123.887
11.9496 16.4725 -0.639464 -32.0988 0.439423 -37.1819
11.2636 18.5334 -6.82439 -104.581 120.708 -102.94
11.6954 12.3203 0.148471 -72.3436 -23.7245 36.5289
11.9768 50.264 -37.9991 -45.7412 -22.9105 13.6099
11.2199 12.691 0.246481 -127.513 101.554 18.2391
12.2091 2.94014 -0.366615 -33.2202 224.835 31.5415
11.7258 13.5811 -0.369613 -84.6706 54.3133 17.0729
12.0191 12.6115 -0.855683 -55.9056 31.2521 -84.1295
12.0116 2.90874 -0.369134 -61.6484 218.283 1.58022
13.2826 -6.94115 -0.0560907 62.5015 137.871 -76.3097
13.5623 -12.4032 0.0238866 85.4872 116.684 -26.7665
11.6769 14.0712 -0.00333295 -103.139 277.483 -25.6384
13.3587 -11.6395 -0.889779 57.4546 83.8137 -79.3635
12.0948 -3.4152 -7.39654 -69.0168 -59.6873 34.2381
12.4418 12.8589 -0.327028 -34.9809 12.4344 35.0681
11.5124 11.9051 -0.496733 -132.301 129.01 15.4577
13.0467 -6.30804 -0.37364 16.6611 65.2515 -218.873
12.5648 2.04125 -0.603047 -33.5892 203.909 -140.167
13.2585 -1.91668 -0.799683 33.3854 240.515 -0.496944
11.5874 10.6327 1.04883 -133.693 140.04 84.6727
12.1931 5.69526 0.393572 -75.2554 167.87 124.403
12.3612 5.54443 0.486196 -59.4363 126.308 145.089
13.4788 -9.31414 -0.322176 50.1003 92.1977 -66.9843
13.4212 -18.5775 4.6714 43.7925 225.952 -155.892
11.5939 12.4609 4.71824 -138.665 64.2051 -101.775
11.3434 11.9421 0.195957 -164.336 -75.0062 -9.86104
12.1742 10.6781 1.14734 -85.4903 83.6327 101.953
11.3603 17.7525 -0.902458 -166.661 -65.1073 131.878
13.351 -1.88809 0.285352 26.86 185.343 105.553
12.1171 13.4014 -0.280415 -98.4574 83.3259 -100.124
12.8066 11.2206 -6.61805 -34.1938 63.0858 4.75036
13.8465 -4.20707 0.762795 63.434 207.272 16.5737
12.7361 13.6177 -0.460417 -47.3594 77.7528 -121.723
13.4221 -17.7921 -7.31592 14.6029 53.4269 66.6013
13.9127 -4.04485 0.43416 62.2518 197.112 -121.583
13.9708 -7.5733 -0.3234 66.0589 14.7333 -160.427
13.5511 -0.967819 0.531126 18.3297 203.941 -5.36168
13.2613 1.03854 0.044895 -10.4728 198.814 -77.9614
13.1098 10.9649 1.81175 -25.8216 61.8369 -37.4694
12.6808 13.6361 -0.162595 -68.7457 9.96468 -21.0967
12.6084 10.9396 0.413984 -77.9109 69.0495 -64.3323
13.4847 -13.3949 1.07745 7.80863 32.1285 73.8476
12.432 9.04749 -5.12457 -98.7304 188.598 -44.4697
14.2665 -6.04213 -0.269897 83.0293 196.076 -63.2794
13.9045 -3.738 5.52047 35.4862 -36.4147 7.09699
12.805 8.78703 -0.447986 -78.2845 112.234 -71.9202
14.2127 -8.85172 -0.688007 51.6857 106.013 -94.8761
12.8181 7.33195 0.0131402 -91.3603 149.128 19.3048
14.0697 -13.3848 1.37651 30.3327 53.6951 42.3891
14.2092 -11.8818 -1.08049 41.6565 73.1212 -114.238
14.3354 -8.97672 0.0810203 51.0885 96.9307 74.9766
13.6612 1.22606 -0.525306 -16.0252 198.984 -26.2447
13.6592 10.0927 0.732397 -18.339 -0.786487 97.5223
13.4549 9.69841 -0.217145 -44.2509 41.2952 141.753
13.1556 21.3003 -1.1858 -74.014 150.258 43.7098
14.0923 -3.54742 -0.238085 16.0688 108.161 -185.212
13.4691 11.3856 1.3963 -50.4265 34.4256 143.153
13.7476 9.26773 -2.81405 -31.7743 -47.4995 -21.6708
13.2183 15.2189 -0.827121 -84.5573 53.2341 -71.5427
14.2864 -2.02656 -0.464764 20.3684 198.691 -56.511
13.9642 0.972624 0.0642622 -12.4094 182.7 -78.3939
13.3379 13.5481 -0.136237 -74.6678 57.4921 25.5615
13.5112 3.86955 0.114021 -57.8094 211.52 -15.4374
13.826 1.94763 -0.562967 -27.7005 159.453 -132.056
13.417 10.4709 -0.359828 -68.7076 66.3157 1.83205
13.2916 14.4398 -0.0512651 -82.486 60.4678 -53.0295
14.3736 -12.5392 2.09556 22.6615 50.8925 -46.6569
14.1391 -0.932969 1.04913 -8.04123 70.523 202.167
15.0558 -7.83816 0.714274 80.5641 157.139 85.0083
13.7662 4.14617 0.588618 -49.5228 146.447 151.101
14.3551 -0.400185 -0.0754054 8.59503 190.58 -45.7477
14.5851 -4.47061 0.569537 31.4385 135.023 77.499
14.6186 -8.04064 -0.143158 33.3109 84.0103 -102.708
14.4264 -11.0122 0.147158 -0.983939 26.0717 98.0681
14.0746 9.65368 0.595123 -38.2183 34.7484 122.519
14.4579 -0.696792 -0.463715 -0.256832 128.049 -131.547
15.2549 -10.6033 1.61019 77.5686 146.852 16.3628
14.0291 11.8045 0.846054 -45.379 29.7243 15.5427
14.5056 -0.126599 0.349519 0.524108 196.01 -16.1614
13.8668 6.64709 0.617081 -66.4176 106.273 127.985
14.9848 -6.94371 0.943251 43.5579 128.878 51.991
13.8523 8.32465 -0.572951 -69.8367 171.352 -59.0562
14.0985 5.89387 0.69265 -46.6622 103.498 112.753
15.0345 -8.14184 0.749806 46.0827 107.607 92.1671
13.6863 11.9725 1.16961 -94.0238 88.7103 88.2546
13.8644 13.7368 -0.364754 -77.9945 61.6872 -68.9584
14.0532 3.89223 0.493878 -63.3659 190.133 66.5396
14.6483 -0.37537 -0.153868 -4.6152 143.791 -128.076
13.6649 7.80232 0.273035 -102.305 85.1686 78.9252
14.1417 11.9991 0.604776 -56.1308 43.4328 -39.5247
14.0629 4.69358 0.182167 -65.2829 178.243 69.2553
14.9939 -4.54706 -5.26193 24.006 52.2533 80.4704
15.0441 -3.94932 -0.313211 28.3334 132.862 71.1452
14.5604 1.86812 -1.08625 -22.0994 173.495 -76.5443
14.2497 15.5721 1.121 -55.7492 8.94586 -115.223
14.8427 -9.42426 -1.92141 1.91776 43.4023 -34.9115
14.6047 2.37757 0.96732 -24.5813 106.781 138.242
15.0591 -11.8453 -1.26106 19.8464 51.0032 -81.0338
14.3295 12.1397 0.490083 -55.9818 40.6116 -67.0255
15.2915 -8.34376 0.289829 38.7034 100.38 -10.5518
14.2916 4.72964 -0.0224092 -65.871 172.4 24.6759
14.1445 2.76532 7.30452 -82.6539 154.081 51.4404
15.2356 -3.94429 -1.66014 23.7986 160.332 -50.9626
14.3825 14.5991 -2.00223 -60.9549 49.1595 13.1644
14.4676 15.1158 -0.839592 -57.6263 33.1675 -59.7123
15.5531 -4.63648 0.0535648 49.898 217.304 -149.732
15.1348 -1.73113 -0.507094 5.99681 121.782 -142.755
14.3569 6.15602 -0.0101502 -72.6841 129.795 -43.0541
15.0897 -11.2349 2.4159 -0.041128 28.5232 6.82704
13.9391 11.2297 0.250148 -119.973 129.625 -12.1118
14.7172 3.16117 -0.207119 -43.8338 166.04 -91.0618
14.669 7.22048 -0.115273 -49.845 140.788 -62.5628
15.2452 -1.4358 -1.2893 3.64536 114.031 -156.914
14.8827 2.76239 0.0755131 -35.1641 182.288 -59.7957
15.1855 -13.1657 -0.23884 -6.96119 20.0465 81.6612
15.4873 -2.3835 -0.228648 19.468 174.844 -0.625897
15.7799 -11.6272 -0.437875 42.8405 86.7229 -25.5069
15.287 -5.86849 -0.187665 -7.42364 132.905 -51.4666
15.0823 -6.26758 0.432044 -28.6374 -55.0571 -86.5363
14.9352 6.38504 -0.667063 -48.956 92.4807 -101.26
14.6183 6.31987 -8.26773 -81.8863 115.614 139.061
15.0807 6.10559 -0.324414 -39.485 70.8663 -113.849
14.6678 2.1354 -2.17616 -85.8706 -84.0412 2.01625
16.0659 -10.1187 -0.648551 50.9115 100.016 -78.6656
15.0948 10.2306 0.100812 -45.5574 40.517 99.7595
14.7969 11.4956 0.0143009 -77.1706 80.8643 -67.1241
15.985 -5.30212 1.20067 40.4366 153.676 87.9523
15.888 -4.09987 -0.328174 30.4242 155.792 75.6888
15.7462 -4.08393 1.04602 8.88931 97.0003 81.5825
14.9163 2.53312 4.98362 -76.5774 12.0775 -6.82592
15.4779 2.03341 0.376563 -22.1724 146.927 73.8906
15.2745 12.7925 0.788759 -43.1837 24.263 -11.8946
15.4306 6.36257 0.655946 -37.6596 49.0513 191.412
16.3382 -7.44377 -0.0533932 50.79 131.21 -16.2183
16.1807 -6.06589 0.505221 33.669 59.6765 4.28021
16.3273 -11.2823 3.00387 46.8355 95.1863 51.5615
16.1142 -3.95994 1.32462 23.3461 143.483 140.068
15.5843 4.19917 -0.610519 -30.3261 63.2764 -110.298
16.1649 -4.28003 -0.171999 23.0236 136.991 112.996
15.7145 1.89168 -0.706546 -24.3544 159.792 19.9855
16.2671 -9.5068 0.0286293 28.908 9.18223 -51.551
15.9992 -7.94804 1.15133 1.70157 42.7637 85.1281
16.2047 -17.4022 10.7336 21.6105 73.6706 53.5254
16.3129 -8.6928 0.560027 32.069 135.115 29.1336
15.8353 0.956779 0.0793488 -16.9843 128.424 121.089
16.2943 -8.74395 1.22036 25.0426 79.9123 126.345
16.5376 -8.63439 0.702724 46.1285 122.315 11.0603
16.2303 -6.49087 0.826303 14.7667 152.627 -77.6746
15.7396 7.10927 0.506997 -36.3341 41.7008 102.776
16.2924 -4.16555 -2.68107 16.9121 87.6742 38.4119
16.1636 -0.952112 0.0473937 3.21938 153.506 28.3625
15.5168 13.0612 -4.32891 -66.827 2.66921 115.204
16.3099 -13.9925 -0.860688 8.93873 39.8321 -45.99
16.1308 -8.17141 0.2099 -10.9164 14.7524 -124.17
15.324 11.7664 5.58632 -98.462 25.1195 -230.603
15.7406 16.5173 1.87274 -60.1295 256.214 97.9537
15.9856 23.0763 7.41387 -37.7436 154.592 153.928
15.8102 7.77778 -0.982787 -57.5339 91.8179 -105.683
16.0455 3.06601 0.893171 -35.9121 99.1614 147.291
15.8669 5.62053 -0.196191 -54.5364 129.329 85.8243
16.6421 -4.22298 0.502514 20.2281 119.949 -46.099
16.7479 -4.16083 1.13817 23.4292 139.423 93.0129
16.8381 -7.90646 0.242193 30.1867 94.5602 48.7071
16.3803 1.00794 0.754505 -16.7342 132.519 99.3193
16.3698 6.53382 -0.155805 -21.936 11.5613 15.2715
16.8858 -13.0476 -0.57217 28.507 65.5716 -30.1735
16.1594 7.78396 -0.577313 -45.3067 63.5523 -14.3715
17.0044 -9.34033 0.406369 37.5078 101.209 6.65621
16.8459 -8.21005 0.58541 17.0429 72.1881 -47.6746
16.6677 9.0895 0.168268 -1.44629 54.2684 65.0999
16.2225 6.69822 0.673272 -50.5297 101.889 102.534
16.981 -10.9635 -0.748437 21.856 67.9268 -96.4195
17.1232 -2.67544 18.4749 34.1612 136.641 69.2901
16.3692 8.67662 0.308203 -42.2636 47.0915 -96.6571
16.8106 -12.2333 -0.178532 -3.28263 27.4783 -34.2847
16.0923 32.3544 -2.56447 -74.9506 -29.1966 -8.76257
16.4749 5.02743 0.933872 -37.2604 73.2032 92.5593
16.6632 8.54421 -0.547853 -21.1817 52.2272 -28.9903
16.6585 1.96328 -0.137663 -26.5097 88.1804 95.8276
16.3362 12.3708 -1.42743 -61.4919 51.9698 -78.25
16.7574 1.84212 -0.563106 -23.6957 106.386 -103.018
16.6865 -0.429047 -8.03017 -34.577 3.21918 78.3269
16.771 9.18786 -0.412014 -36.7614 3.18182 -45.4906
16.9404 8.90432 -0.117986 -21.8959 14.7536 -2.2847
17.0141 2.33665 0.776015 -18.673 30.2927 84.0105
16.8831 2.86526 0.858158 -32.0547 130.563 57.2253
17.3946 -6.09626 0.97829 16.2629 86.9933 38.7646
16.9064 11.9258 1.01026 -39.7546 57.5944 -33.3104
17.3414 -4.69858 0.224361 -0.819123 65.6397 -114.878
17.4193 -3.80612 0.047729 2.04015 89.763 37.7436
17.2892 -0.676638 0.663544 -13.1648 118.818 34.7158
17.4281 4.18019 -0.136212 -4.43977 140.085 -3.77378
17.5683 -3.01068 -0.235999 9.37644 133.377 4.62301
17.1884 6.98959 0.0308515 -32.2419 36.9225 58.98
17.3846 0.633199 -0.0268973 -13.903 103.628 -0.559431
16.8261 9.36078 0.196246 -70.7539 91.6514 17.6121
17.6893 -9.99208 0.341045 12.6456 59.9661 -11.6542
17.2257 7.0448 -0.672815 -37.1741 43.9118 -95.792
17.8728 -7.9027 0.504713 27.0178 101.928 -49.377
16.6168 12.9847 3.63431 -106.076 183.565 -61.0734
17.0726 5.4711 1.30804 -62.5999 -65.8265 28.7592
17.613 -1.30195 0.288222 -9.13877 56.9968 27.5292
17.5169 2.77678 -0.139539 -27.1271 111.888 -120.349
17.8053 -5.44036 1.13245 1.04055 51.522 24.7263
17.8521 -3.32272 -0.370395 -3.24418 80.165 -23.8702
17.9322 -4.78423 1.19221 4.1984 82.8134 92.8671
17.1154 39.3402 -5.68858 -81.4511 -106.929 103.323
17.566 7.3169 -0.66231 -43.5319 71.8377 -92.3673
17.7897 1.84058 -0.559644 -23.3288 87.76 -100.973
18.2416 -8.66521 0.420613 21.2296 86.2036 87.5963
17.9667 -0.13432 0.886015 -10.2111 111.409 -84.444
17.5968 5.35292 0.130777 -51.6887 116.613 64.9854
18.477 -5.91613 0.54301 24.2164 120.923 58.6367
18.0115 0.039098 3.33729 -22.2621 -12.0534 -47.1827
18.4221 -8.2746 0.953725 17.0044 81.762 44.1195
18.0963 0.910756 0.279293 -18.5928 101.746 -12.3283
18.3224 -8.96212 0.301004 -0.49605 40.5433 61.2081
18.8123 -6.73632 1.0541 40.6685 101.743 15.1752
18.096 7.32484 -0.542977 -32.1595 32.1289 -64.6493
18.2906 -2.62955 -3.18501 -14.2228 66.5312 -125.565
18.2239 1.8083 -0.968057 -21.9585 100.891 -9.88097
18.4562 -3.37978 0.200766 0.866251 94.1984 103.793
18.2524 1.77608 -0.147095 -21.7547 65.4733 -9.56064
18.5127 1.70678 -1.72363 -4.86348 69.8431 64.7096
18.2263 7.19354 0.281799 -35.0093 49.6011 10.9564
18.7728 -4.96052 0.886847 8.18552 96.1658 17.835
18.6135 2.77867 0.681571 -8.13082 67.0998 18.3608
18.8511 -4.02402 -0.301366 15.4558 140.15 35.2184
18.6837 -6.84818 0.636149 -8.82469 57.7901 -26.0222
18.601 1.02868 2.30393 -18.0673 104.163 31.9166
18.2523 6.46837 1.87841 -52.9712 114.098 -56.9571
18.8195 -10.7471 0.503552 2.33877 44.5967 18.3396
18.8648 -3.47065 -0.259068 3.04161 92.3097 3.82262
18.4974 2.67912 0.353104 -37.1061 38.6878 -77.3654
19.1283 -6.8822 0.880076 10.8762 79.7896 -19.2439
18.8906 -1.31353 0.502576 -13.3766 79.6943 72.0915
19.3603 -2.67334 -3.55286 31.2941 61.9266 89.1753
18.7923 7.54378 -0.767103 -28.7935 21.3277 -111.953
19.1545 -5.08582 0.714641 6.27379 93.339 -23.7834
18.7688 3.42576 0.53781 -33.7476 81.9542 60.7698
19.0829 -1.48342 -0.273404 -3.86137 102.882 -39.0027
18.7298 5.44996 -0.263623 -40.8638 73.4241 -19.6645
18.9795 1.0119 -0.947536 -17.1691 32.8924 -97.6805
18.6532 -6.93919 1.14163 -53.5675 25.1029 48.7628
19.241 -5.24506 0.390558 -0.493532 65.7125 -96.259
19.1119 0.280022 1.66533 -27.7804 123.762 -63.8467
19.4457 -1.42001 -0.3494 -13.3683 67.0543 -116.649
18.4304 9.01399 0.287192 -123.457 78.5134 31.5871
19.1435 5.78449 -0.216461 -54.6355 118.719 -8.31259
19.6301 -1.39411 0.670618 -9.34369 75.9894 107.627
19.7141 -1.33743 0.213052 -11.1239 90.2643 6.68094
19.787 -2.55353 -2.3938 -8.14611 75.213 -3.20291
19.7517 -3.13565 0.177141 -18.6762 -52.7196 -64.3285
19.9379 1.21456 -0.50397 -20.3746 67.8229 5.66088
19.9122 -14.2557 7.06467 -26.3427 131.472 -188.473
20.0702 -1.31348 0.227284 -13.1001 102.645 9.0717
20.0443 0.512821 -5.61981 -15.9464 78.7233 -8.82254
20.1619 3.18505 -0.812339 -19.8427 7.27419 -19.0112
20.4373 0.952661 0.307675 -20.315 98.2096 -15.6163
22.2761 14.1452 14.6895 -56.6154 63.5243 -38.8515
nan nan nan nan nan nan
20.4874 -5.55133 0.847887 2.15578 76.5722 -7.24375
21.7391 -1.8037 0.296986 -17.6558 27.5887 20.981
