-3377.99 -1128.71 -6049.7 -18.8777 -6.30326 -33.8106 102
-2602.57 -3006.49 -15798.2 -15.3737 -17.76 -93.3164 392
-2376.91 -276.684 -800.106 -14.0011 -1.63405 -4.71012 305
-2369.3 -10546.1 -234.223 -13.7095 -60.98 -1.34898 378
-2249.47 -1479.65 2695.47 -12.5841 -8.22662 15.0671 303
-1800.22 1122.95 -1361.8 -11.3954 7.09699 -8.62541 207
-1714.04 -1820.44 297.597 -9.92015 -10.5335 1.72567 155
-1640.28 -2361.03 -1859.92 -9.15519 -13.1856 -10.3789 146
-1495.45 -816.286 -266.814 -11.7242 -6.44236 -2.10925 17
-1398.49 280.08 887.492 -11.6235 2.31468 7.40351 66
-1341.59 801.927 -1503.56 -11.1542 6.66335 -12.5179 234
-1237.27 1327.06 210.513 -7.21482 7.73336 1.2274 482
-1170.1 -816.395 -84.3856 -6.86004 -4.77801 -0.542673 173
-1141.86 755.095 766.466 -6.78377 4.45657 4.56017 263
-1050.02 311.237 -701.168 -5.96783 1.80572 -4.04344 306
-1001.6 598.809 38.5998 -5.87837 3.48822 0.224683 358
-1001.02 -1288.34 926.451 -5.70036 -7.39646 5.31534 324
-821.875 276.482 -728.135 -4.73878 1.57198 -4.18327 108
-791.326 1230.7 831.269 -4.59596 7.11657 4.80997 98
-781.959 1721.54 481.524 -4.44956 9.65548 2.70368 218
-729.092 -598.844 314.013 -4.16782 -3.47378 1.80988 94
-691.275 -718.052 -973.763 -3.8564 -3.96725 -5.42222 490
-664.858 799.146 -44.5612 -3.83619 4.57329 -0.260876 244
-651.305 1972.2 -1183.95 -3.63599 10.9876 -6.59831 421
-616.101 -1764.35 -1169.62 -3.57151 -10.205 -6.77118 185
-612.358 910.29 -330.039 -3.81281 5.63648 -2.03951 167
-605.885 -942.561 929.47 -3.47194 -5.41723 5.33386 90
-586.385 20.4078 475.776 -7.1906 0.261156 5.82897 497
-549.595 -897.371 1185.01 -3.45492 -5.6505 7.45836 73
-540.368 -420.404 -499.039 -2.93949 -2.35448 -2.78122 308
-538.11 782.476 52.2957 -2.96147 4.23867 0.294193 6
-531.609 -535.296 -184.272 -3.23435 -3.20225 -1.13411 332
-530.559 -509.444 -39.6121 -3.20115 -3.0975 -0.222374 124
-530.543 788.855 569.998 -3.55328 5.2372 3.78887 301
-520.608 884.148 380.68 -4.04213 6.9263 2.98074 456
-510.167 -252.2 78.3677 -2.85567 -1.44124 0.442929 216
-478.842 860.83 668.308 -2.66412 4.71544 3.70132 58
-476.296 -399.627 -294.839 -2.72873 -2.37909 -1.7299 404
-476.177 -274.745 -198.873 -3.25982 -1.92332 -1.39618 181
-470.517 -205.254 -113.84 -2.56871 -1.26446 -0.669713 448
-444.655 -227.694 -427.261 -2.43242 -1.27766 -2.34421 313
-434.32 -31.6349 -420.369 -2.33065 -0.211666 -2.24156 441
-431.54 -1159.26 481.743 -5.31333 -14.2422 5.99297 10
-429.998 -48.4781 299.08 -2.34976 -0.293684 1.59157 254
-420.286 858.505 -471.534 -2.35681 4.77068 -2.63543 204
-411.916 -40.7202 241.965 -2.21008 -0.229659 1.34245 133
-397.125 -922.243 767.086 -2.26375 -5.32068 4.4154 7
-389.149 197.72 36.3683 -2.16729 0.998582 0.21209 217
-387.936 206.068 128.246 -2.0642 1.11817 0.734595 316
-364.65 -886.023 477.708 -2.00368 -4.90985 2.64612 277
-364.57 25.8504 -41.8903 -1.76121 0.066523 -0.236562 239
-359.48 -282.962 214.232 -1.98994 -1.62426 1.20165 493
-354.471 -1108.97 -1383.57 -2.07785 -6.5179 -8.16019 119
-351.434 -262.687 -315.935 -1.88568 -1.48779 -1.79284 276
-339.353 92.1725 14.586 -3.51024 0.926367 0.158456 419
-331.684 31.7541 46.5371 -1.70417 0.0646116 0.239467 135
-320.778 33.2636 -95.7251 -1.54403 0.0434557 -0.485437 472
-320.058 -52.2229 56.0494 -1.5154 -0.374302 0.294113 340
-317.727 -361.55 19.2217 -2.37355 -2.75828 0.162098 445
-312.93 182.459 123.083 -1.56505 0.932181 0.658726 423
-303.89 159.665 -18.4878 -2.35583 0.975822 -0.132991 284
-302.919 56.1382 90.0251 -1.44707 0.365702 0.464716 487
-300.939 -110.139 -80.7224 -1.46182 -0.57574 -0.383319 471
-296.664 319.667 0.672729 -1.57286 1.57836 0.0127622 63
-294.039 -576 458.716 -1.63012 -3.31834 2.62093 114
-291.335 -258.403 -88.0874 -2.706 -2.44478 -0.785917 416
-288.594 -476.427 -56.0433 -1.55772 -2.68 -0.288201 366
-287.466 310.35 174.469 -1.61776 1.56576 0.95059 374
-284.873 1325.83 1363.04 -1.6493 7.66593 7.88167 399
-276.957 -207.999 6.65155 -1.27322 -1.06033 0.0343314 484
-255.444 523.129 -208.048 -1.585 3.21137 -1.27517 414
-240.911 189.084 -37.9068 -1.25481 0.771271 -0.183107 206
-236.522 114.889 31.7133 -1.16795 0.440086 0.0968235 97
-232.887 -540.584 -185.888 -1.40249 -3.17296 -1.10368 425
-223.88 559.191 359.053 -1.59614 3.96069 2.56001 226
-220.005 120.326 -161.984 -1.06607 0.428321 -0.769537 273
-199.426 -65.0578 56.6901 -1.19657 -0.570056 0.365308 168
-199.098 503.687 -334.281 -1.23627 2.95888 -1.91001 297
-195.915 -16.6276 10.4261 -1.27494 -0.311864 0.119586 196
-192.779 -289.468 80.6649 -0.869627 -1.56811 0.415389 407
-177.681 72.1467 206.092 -0.878271 0.229798 1.03677 115
-175.604 -1773.77 -2665.4 -1.01646 -10.2749 -15.4387 282
-171.687 127.325 -53.8541 -0.845803 0.496276 -0.266078 440
-171.061 5.53793 41.7823 -0.455885 -0.134647 0.104412 54
-170.254 -193.918 169.252 -0.708556 -0.909191 0.821794 498
-168.425 338.968 346.123 -1.02239 1.80578 1.98126 489
-161.883 57.1941 80.6394 -0.589556 0.0209278 0.272493 446
-161.078 49.3792 36.597 -0.777195 -0.0182664 0.142641 55
-160.352 -288.693 271.633 -0.909488 -1.80896 1.60118 214
-157.558 -1812.73 -1573.5 -0.881252 -10.1714 -8.81831 130
-154.926 103.729 819.437 -1.37142 0.906438 7.206 160
-154.233 -409.974 217.934 -0.792447 -2.14603 1.13893 62
-151.612 -152.367 -26.2174 -0.431994 -0.724783 -0.10389 289
-150.586 132.118 -140.313 -0.68135 0.415242 -0.619218 260
-147.901 -230.627 98.9611 -0.814134 -1.40063 0.573772 368
-146.784 -263.849 34.8046 -0.580452 -1.29434 0.16364 406
-140.965 25.7173 24.7891 -0.847779 -0.00370306 0.061758 231
-140.235 99.21 -123.648 -0.636755 0.310059 -0.474725 243
-139.932 -29.4757 -69.8392 -0.279483 -0.393721 -0.261631 433
-129.948 14.6889 58.9424 -0.790632 -0.0915402 0.483363 304
-127.397 98.0729 -57.5147 -0.732964 0.279184 -0.291687 11
-125.523 42.4714 -631.193 -0.75306 0.209057 -3.40891 162
-125.053 420.2 -62.0671 -0.750446 2.16506 -0.33662 300
-113.267 -47.0082 30.0183 0.0431402 -0.320656 -0.0287368 209
-110.709 -25.4402 -50.6667 -0.0147853 -0.278674 -0.0202541 333
-109.474 -20.503 57.8339 -0.172599 -0.296356 0.173144 477
-105.261 190.035 -61.2385 -0.571467 0.66283 -0.24188 397
-104.987 -567.543 -236.549 -0.535747 -3.08209 -1.27315 118
-104.327 877.868 -477.964 -0.808679 6.59828 -3.59474 219
-104.191 10.255 4.32729 0.0940056 -0.23695 0.113787 344
-103.932 -15.3377 125.281 -1.65279 -0.579236 2.14078 251
-101.278 -483.067 -688.978 -1.19588 -5.80344 -8.55536 337
-91.6281 -125.099 -77.0813 -0.189974 -0.46357 -0.235574 309
-87.499 207.879 745.154 -0.510008 1.17297 4.20551 390
-86.1971 88.1671 -65.2404 -0.659175 0.400336 -0.40142 357
-85.6586 101.775 -17.8534 -0.477245 -0.0584318 0.0365167 371
-85.5671 470.24 445.966 -0.479915 2.51689 2.37289 396
-85.503 11.1582 7.75212 -0.875325 -0.187477 0.143262 76
-76.9343 919.338 167.25 -0.459896 5.41607 0.989223 131
-72.9566 363.423 40.4035 -0.473884 1.81194 0.19065 53
-72.7639 -373.663 -264.354 -0.39677 -2.24256 -1.55782 465
-70.8346 26.7996 19.4212 0.155469 -0.478464 0.0609007 469
-69.5667 166.237 -12.4905 -0.472256 0.426658 -0.0590564 112
-69.3392 -403.834 567.226 -0.376577 -2.34193 3.26227 26
-68.8251 53.238 -7.37074 0.128448 -0.440129 0.102558 422
-66.1764 92.4889 -175.738 -0.293368 0.13754 -0.763608 435
-65.4932 -106.209 -164.826 -0.0340947 -0.358365 -0.724412 258
-65.4337 -225.462 -82.3357 -0.270839 -1.20055 -0.344439 365
-64.1356 35.6576 55.9722 -0.0410666 -0.450342 -0.241489 189
-63.9614 -204 -279.424 -0.315201 -0.998541 -1.43523 30
-61.4615 156.409 -68.1231 -0.294771 0.47548 -0.236387 290
-54.737 -39.0425 67.8683 0.332591 -0.297763 -0.221137 110
-53.1011 -20.5681 -31.4012 -0.332216 -0.472479 -0.152742 335
-52.5644 -299.207 294.34 -0.491569 -2.92941 2.87579 31
-49.5834 -54.0701 -12.1287 0.734055 -0.0224485 0.135579 158
-47.0785 -30.2107 -17.0157 -0.36746 -0.591263 -0.468136 74
-46.1093 -62.5055 11.979 0.368716 -0.209337 0.0702406 395
-46.0682 430.532 -273.079 -0.237534 2.23701 -1.40934 495
-45.8215 -38.0547 18.7266 0.422082 0.376964 -0.333304 69
-44.4741 -17.5351 7.08452 0.311415 -0.766572 0.0310314 439
-42.3644 -42.4783 10.448 0.332339 -0.574523 0.040341 492
-42.1119 -12.5079 5.40447 0.734615 -0.5636 -0.0831567 24
-41.8631 229.559 159.056 -0.345153 1.01931 0.734951 387
-41.5194 -27.307 100.579 0.235875 -0.33607 -0.0199519 89
-40.6217 -22.1015 7.14468 0.158479 -0.994683 0.230968 268
-39.7988 -11.0543 9.7176 0.28916 -0.793556 -0.272828 82
-39.5993 -25.2826 10.375 -0.142565 -1.01036 0.257966 184
-37.9678 181.193 16.191 -0.23991 0.576255 0.202289 212
-37.1076 32.6558 -4.77623 -0.506193 -0.423138 0.431825 2
-36.3035 35.1328 1.37121 0.121644 -1.17153 -0.113824 52
-36.1847 465.976 -833.685 -0.215419 2.68201 -4.88604 373
-33.5309 43.198 -11.5611 -1.22708 0.783406 -0.243874 111
-33.4179 -183.051 96.1581 0.0229058 -0.770608 0.301247 275
-30.0042 -23.0718 18.4562 1.26823 0.217295 -0.56048 476
-29.8391 12.3113 -14.0255 -0.400295 -0.581242 -0.377762 25
-28.7665 -98.7637 18.6212 -0.470286 -3.02283 0.738467 64
-28.5926 -2.41492 20.7079 -0.173983 -0.983712 0.0418093 256
-26.5272 18.1843 0.868921 0.171541 -1.75299 -0.169839 418
-25.4517 11.4691 -15.1724 -0.325303 -1.18614 -0.110891 353
-24.957 7.51277 3.14579 -1.40707 -1.26515 -0.0674954 126
-24.5045 1.44143 -1.83755 0.0466085 -1.34474 0.43743 44
-24.3759 55.9931 7.42274 -1.13298 1.03829 0.191224 363
-24.0922 -2.77366 11.8318 0.538152 -1.07773 -0.351747 193
-23.8762 -0.464155 -3.83576 -0.450424 -0.611133 0.403691 345
-22.7762 -16.0939 -10.5843 -0.356992 -1.31318 0.229544 381
-21.9515 2.27143 -9.18347 1.37236 -1.39468 0.115112 400
-21.2244 -271.961 5405.33 -0.377885 -4.79195 95.1968 23
-20.9604 -12.3848 7.65399 1.45759 -0.638261 -0.697037 451
-19.0206 -68.0307 -11.862 -0.302364 -1.50038 -0.0490371 375
-18.8778 1.40253 -0.963734 -1.3275 -1.13267 0.393141 197
-18.8003 3.95034 -2.53141 -0.23385 -1.28077 1.05658 478
-18.5389 5.09874 -1.23323 -0.734116 -1.61286 -0.208203 122
-18.5052 46.1396 23.2017 -0.813734 0.320823 0.407292 103
-18.2589 74.2195 -32.0817 -0.334224 -0.399093 0.329672 255
-17.8969 28.5715 -9.49964 -1.03004 0.163792 -0.513402 246
-17.4192 -4.65788 -5.099 0.608519 -1.28037 0.414057 15
-17.2066 -77.0605 -84.2567 -0.151182 -1.20527 -1.26012 415
-17.0513 -1.94665 13.4907 -0.229014 -1.5325 0.567502 154
-16.9664 -12.2793 1.97755 -0.561841 -1.78694 0.985732 71
-16.623 -0.529712 -11.0671 -0.311348 -1.84544 0.139067 385
-16.1956 14.5066 -11.3263 -0.983396 -0.300204 -0.846664 136
-16.1759 -15.6191 4.11337 0.991949 -0.68188 -0.886534 5
-16.1896 -6.64364 2.19834 -0.950238 -2.07772 0.0314874 286
-15.2015 -18.7998 -7.57265 0.0239221 -1.38816 -0.30279 315
-13.7234 -7.46368 2.24944 0.311867 -2.16406 0.297027 249
-12.9892 -4.05082 -0.0431932 0.216605 -2.34903 0.145571 354
-12.9385 6.59267 -20.2328 -1.17204 -0.703124 -0.0303075 125
-12.8739 4.06258 0.321035 1.90734 -2.15359 0.980142 148
-12.821 2.04305 5.44788 0.260056 -1.46297 0.171526 95
-12.8117 -9.76668 -1.11161 1.05829 -1.30718 0.826181 213
-12.7903 14.194 -3.55756 -0.45363 -2.37165 -0.474032 70
-12.6926 -16.6778 -14.3266 1.41701 -0.528414 -0.718061 177
-11.6017 -69.0826 -7.86234 0.213367 -0.687903 -0.182908 299
-11.3617 22.6986 -133.66 0.0437232 0.491758 -0.44607 105
-11.1667 3.90591 13.7305 0.0481326 -1.8957 0.0385609 264
-10.889 38.3815 -26.9922 -0.868327 -0.160201 0.162469 241
-10.8113 9.38784 6.30189 -1.89218 -1.69482 -0.795851 120
-10.7337 -0.195094 6.89835 -0.271818 -2.25894 0.607329 494
-10.7295 5.7171 1.80244 -1.60483 -1.92284 -0.785551 3
-10.43 18.1762 8.9484 -1.20091 -1.30153 -0.144424 488
-10.1587 47.8002 -20.4763 -0.112432 -0.59537 0.3723 265
-10.0937 22.0025 3.57227 -1.10013 1.66294 -0.443558 408
-9.50693 -13.6529 11.8367 0.352062 -1.47356 -1.06633 59
-9.15234 0.205347 -5.10244 0.622319 -2.90041 -1.07466 228
-8.8678 36.8774 -16.6572 -0.845339 0.604376 -0.83126 227
-8.43777 -1.37022 -0.491576 0.342485 -2.41562 -0.848449 468
-8.41001 6.79251 2.46719 -0.184293 -1.55802 0.138209 475
-8.10404 2.62506 -2.3663 -2.84861 -1.28342 0.720606 176
-7.5373 -38.6948 3.26814 1.08229 0.131901 -0.302605 420
-7.32525 139.316 -66.0507 -0.257776 0.465148 -0.282355 287
-7.05776 -9.99097 -1.72025 0.797801 -1.85563 -1.89788 81
-6.98778 21.9004 0.334052 -0.750453 2.57742 -0.0615749 351
-6.61521 -6.56872 1.70365 3.02337 -0.875864 0.450548 140
-5.67955 -32.1114 -13.664 0.519388 0.495801 0.878108 159
-5.42161 9.31762 -9.25609 -2.70319 0.253442 -0.894975 499
-4.9479 -3.03994 0.323149 1.95819 -3.77207 0.878908 283
-4.54968 9.68198 -0.742906 -2.11259 -1.48062 0.385635 48
-4.34821 -10.9381 3.07644 2.80972 -0.609695 0.852589 101
-4.29567 -18.8633 5.1395 1.72294 -0.132383 0.710505 470
-4.31122 23.5526 -8.59781 -1.68249 1.6255 -0.358289 460
-3.86709 -26.996 9.08442 1.26693 0.830714 -0.589963 376
-3.68986 23.1106 2.77542 -1.44097 0.296505 0.0298465 56
-3.55386 -10.0924 -1.67984 2.45047 -2.39548 1.00542 80
-2.9436 3.97679 -2.49368 -3.51303 -1.90725 0.921209 338
-2.5779 -91.0675 -0.18594 0.376927 0.327978 0.0502958 22
-2.56982 -38.934 -13.9921 0.605741 -0.0629679 -0.278212 447
-2.16687 -41.4409 -23.9273 0.733086 -0.0990461 0.202139 262
-2.13056 69.6039 -29.1579 -0.361492 -0.52116 0.0139474 29
-2.02045 -24.264 3.53178 1.42321 -1.53011 0.103308 235
-2.0195 -22.1814 -3.25843 0.937029 -1.51553 0.323396 486
-1.84759 -23.7678 13.293 1.08188 -1.03258 0.518408 266
-1.77864 -1.33245 -1.47898 2.29019 2.73668 -5.40684 43
-1.59367 13.5753 -2.62447 -1.95616 -0.170954 -2.25015 143
-1.24441 8.64608 -2.04551 -3.11797 0.588984 0.0666296 61
-1.00015 12.3763 -6.22079 -2.13717 -0.319138 -1.40016 152
-0.953956 11.3351 0.510307 -1.64802 -1.52982 0.349111 172
-0.850402 24.2519 7.76669 -1.34899 0.291367 0.143125 321
-0.729002 12.0415 -3.86523 -2.28354 1.39754 0.990005 449
-0.502393 -15.62 -0.717434 2.18847 -0.0582365 0.295623 208
-0.271877 21.151 -13.9614 -0.961056 0.639795 -0.11828 51
-0.0231139 -7.02323 1.72606 4.22364 -0.585585 -0.126451 179
-0.0524369 217.637 -50.0772 -0.140059 0.888352 -0.207211 12
0.128658 -49.5495 24.7286 0.711057 0.59045 -0.413487 485
0.190523 -4.84722 -0.89532 1.59448 -0.0639383 2.10665 236
0.552236 15.2625 1.47126 -2.47484 0.188851 -0.554211 242
0.671349 119.875 19.6481 -0.362814 0.0518659 0.0233533 137
0.840468 6.03653 1.30687 -3.1238 -0.00189023 -0.420822 398
1.14637 -16.5708 6.65418 0.52392 1.67753 -0.5276 450
1.22575 -0.921827 -14.4286 2.16739 1.78777 0.16865 479
1.69814 -273.263 154.329 0.106716 -1.24161 0.756417 428
1.89123 -10.0186 -5.2066 1.69244 -2.18497 1.37185 123
2.03852 -9.84661 3.39525 2.88948 -0.923557 -0.436424 163
2.2522 -14.3057 -4.68743 1.26597 1.89987 -0.618873 409
2.56884 10.0479 -1.95658 -2.98135 1.43653 0.43156 187
3.05418 13.327 0.614799 -1.80304 0.0465303 -0.168498 195
3.10466 13.6546 -10.035 -2.03351 -0.0571548 -1.10604 382
3.48949 -28.5485 -6.79923 1.35537 -0.00422812 -0.0099877 429
3.54485 -44.8286 11.4744 0.89691 -0.61566 0.18592 411
3.54211 0.122827 0.187436 -2.55985 4.61255 0.535724 203
3.81877 -20.567 -0.0304832 2.34131 -1.09559 -0.046928 350
3.88886 -32.5658 -13.3211 0.627916 1.01934 -0.0138044 46
4.17537 -14.7263 -2.25376 2.28518 -0.490652 -0.133205 205
4.71457 10.6535 -0.788155 -2.53121 1.53911 0.477145 347
5.14004 0.831859 -1.02466 -0.442111 3.84894 -1.57504 180
5.83702 252.814 -99.8517 0.0368515 2.20425 -0.821943 149
5.94751 6.94392 -0.200018 -2.46376 1.53277 0.317083 292
6.15546 -232.096 17.8888 0.157727 -0.897483 0.0659106 215
6.46585 0.689797 -4.0512 3.75102 1.92053 -0.508845 355
6.41589 9.43571 3.65976 -2.6029 0.198362 0.89065 34
6.47506 9.0652 -1.07856 -2.40863 1.65142 -0.914894 199
6.70214 -44.0612 25.6462 0.69892 0.166971 0.172676 107
6.96529 -31.4797 -10.162 1.12575 -0.864492 -0.822876 190
7.2152 -14.3082 -4.33591 1.25012 2.22726 0.920616 230
7.3281 10.0278 -3.17076 -2.41419 -1.28119 -1.72882 247
7.65994 -47.7367 -25.9726 0.572062 -0.0585461 -0.278173 380
7.69326 8.5613 -1.8201 -1.47987 2.50394 0.419856 16
8.07556 14.826 26.1909 -0.804826 0.602116 -0.632251 491
8.58161 -14.2655 -6.31909 1.63769 0.563827 1.11248 104
9.0232 -11.6872 -8.44737 0.627311 1.82854 -0.917266 65
9.02688 -859.146 1378.42 0.119288 -5.03259 8.11627 92
9.47947 -1.05154 6.05865 -0.0861568 3.04234 0.254585 274
10.4662 339.01 11.2735 0.0103817 1.61236 0.0726103 83
10.6059 268.102 -163.388 0.0915627 4.11216 -2.48014 454
10.892 7.75157 -12.5375 0.90313 1.68024 -0.276031 175
10.9335 5.68604 -1.6779 -0.904977 1.90459 -1.47394 232
11.1348 -21.059 -1.04108 1.71717 -0.0173009 -0.782268 9
11.1442 2.50354 -4.18758 0.862487 2.75665 -0.714644 47
11.1842 -15.8394 -6.92653 2.01563 0.220163 -0.113804 106
11.6065 54.0113 0.851496 -0.564016 -0.742724 -0.350386 370
11.6977 85.4559 8.90701 -0.474124 -0.309266 0.0102758 153
11.8238 0.013802 -0.256273 -0.413086 2.88805 -0.424655 444
11.935 -8.022 6.87897 0.714849 2.03653 0.972679 386
12.1954 85.2785 -5.86019 -0.267577 -0.299111 -0.229522 86
12.3854 0.456603 5.6232 1.3553 2.67374 -0.89548 393
12.6613 -4.9473 1.07095 0.940403 2.07398 0.974361 116
13.0988 46.3503 11.72 -0.973994 -0.644531 -0.19066 325
13.1699 4.97105 8.57268 -0.13373 2.10155 0.485798 42
13.5673 -10.5225 16.5679 1.001 1.13264 -0.426748 430
13.6519 6.55957 4.89905 -0.661196 1.87228 0.276378 139
13.9575 -7.37052 -14.994 0.924126 0.713077 -0.907503 330
14.4218 7.31414 -0.108679 0.371504 2.71591 -0.265998 457
14.4244 147.197 135.538 -0.0215871 1.58162 1.43408 128
14.7579 0.533901 5.48188 0.307177 1.78396 -0.483578 170
15.067 44.7885 -12.4243 -0.647186 -0.0119463 0.298339 259
15.4712 -8.14278 -6.80434 1.92444 0.990539 -0.188647 348
15.548 -60.5719 6.68646 0.787153 -0.40307 0.0481591 229
15.6192 -43.7787 -145.856 0.226214 0.106204 -0.356031 150
16.7688 17.9619 -5.40913 -1.85604 1.17346 0.450924 364
17.2305 7.58328 -4.86712 1.33619 2.42347 -0.835029 8
17.7119 -42.8745 1.27819 0.643229 1.13255 -0.0324909 311
17.923 -29.1104 10.5434 1.07313 -0.0925218 0.0402099 188
19.1278 9.89835 -6.16013 -1.2971 0.898378 -0.887628 117
19.3947 16.2238 -12.6615 -0.895025 1.11545 0.102586 320
19.5246 -6.44628 2.38375 0.823028 1.56796 0.575282 178
20.899 21.739 0.88305 -0.304351 1.62316 -0.713944 67
21.1428 8.92976 4.41558 -0.439927 0.676531 0.253318 144
21.5249 -18.8598 -13.7219 0.387897 1.06704 0.93168 285
23.4636 211.732 -50.4915 -0.00891419 2.38851 -0.627053 307
24.1407 3.25862 0.585218 1.80821 1.87192 0.0216256 432
25.0736 36.4235 -6.20441 0.554156 1.15572 0.0580815 27
25.1819 -2.93846 0.0934496 0.0544399 1.07562 0.59865 99
27.0508 10.9912 1.2511 0.742614 1.19203 1.10633 343
27.5948 14.5985 -6.22167 -0.676197 0.691907 0.0844989 379
29.1583 5.58562 -17.9586 0.87177 1.15436 -0.579825 280
29.4523 -13.2323 4.57093 1.45247 0.169012 0.48072 334
29.8373 -102.338 52.5154 0.144998 0.069259 0.00257063 38
30.209 23.5344 -2.35097 -1.0997 0.507623 -0.274562 294
31.4623 -371.418 -203.053 0.232226 -1.8596 -1.03977 100
31.7535 -27.8171 3.44489 0.970142 0.661197 0.0637687 434
33.0712 -176.492 -29.9093 0.361343 -1.43846 -0.183592 224
33.1923 97.71 -158.648 -0.121653 0.294922 -0.600413 369
33.634 -3.93208 8.27134 1.14126 0.970607 0.508986 296
33.6628 128.728 138.592 -0.113821 0.410464 0.556932 151
34.1016 88.8347 11.3259 -0.274544 0.248897 -0.0489312 240
35.3635 -193.763 60.6523 0.307187 -0.643351 0.241578 57
35.6759 -16.2784 -5.35259 -0.0888513 1.18646 -0.135496 127
36.5736 -0.809596 -22.217 -0.026797 1.0364 0.169091 339
38.6272 -66.7695 1.81589 0.765935 -0.550136 0.0322621 14
40.5903 24.036 17.7175 0.0292713 0.888227 0.323037 466
44.6174 -10.1552 -0.909824 -0.667574 1.00737 -0.265218 13
45.0452 -127.221 36.6278 0.289429 -0.279041 0.21891 233
46.0574 -0.312748 -9.17405 1.1925 0.982419 -0.181279 113
47.064 -32.5904 19.2286 0.552193 0.393137 0.0555444 462
49.5908 -9.99413 25.9597 0.317438 0.522845 0.187458 201
50.5641 -24.6704 5.63095 0.61338 0.572293 -0.0532327 223
55.5911 31.0324 -54.3356 -0.24354 0.342592 0.209672 452
55.6119 279.399 -18.963 0.11233 1.28732 -0.0916333 362
56.3942 17.7385 -8.87525 -0.27112 0.618553 -0.0246348 442
57.1772 -13.7658 -9.24001 -0.43303 0.646134 -0.0723642 164
58.8183 110.468 -19.7933 0.150471 0.727487 -0.189509 142
61.5244 -104.569 -40.227 0.385021 0.0802267 -0.0524034 1
62.2691 1432.02 2703.33 0.345533 7.99256 15.0848 248
63.3218 -32.8707 19.9671 0.0346727 0.566914 -0.150741 458
63.3801 5.25396 2.797 0.400059 0.712037 0.031693 372
65.933 -142.244 38.5604 0.618731 -1.26925 0.292547 198
67.1799 123.464 -155.797 0.285692 0.796963 -0.990663 388
67.461 -130.258 -409.205 0.428573 -0.776952 -2.43949 377
68.3225 -51.5382 -22.0667 0.0883413 0.563314 0.111097 174
70.3634 1977.58 1117.15 0.450055 12.5026 7.07106 252
70.7841 -32.4121 13.2064 -0.0585596 0.485555 -0.0560645 33
71.5349 53.8882 118.048 0.822394 0.511556 1.26681 96
73.0331 126.366 -188.135 0.293082 0.410627 -0.793564 272
74.2056 146.356 -101.064 0.0126482 0.603161 -0.42204 481
74.5291 -42.3357 21.4644 0.266981 0.421349 -0.108936 141
75.4762 -19.5827 15.2949 0.0459863 0.403511 -0.135395 191
75.694 1011.93 -127.015 0.404588 5.87225 -0.771517 431
76.2517 211.155 -99.7677 0.23783 1.03594 -0.372433 336
76.4817 173.165 5.19407 0.186958 0.661946 0.0218551 60
81.723 -6.98628 16.4718 1.19284 -0.0571925 0.117526 28
84.0485 -19.5077 1.79389 -0.203035 0.561563 -0.0493859 496
84.3568 -725.06 -238.417 0.550056 -4.15083 -1.36739 474
87.5195 -248.743 431.616 0.616911 -1.70246 2.97135 210
88.1846 -179.129 -64.0306 0.488495 -0.566892 -0.229232 257
88.4343 -78.3391 41.9128 -0.0921352 0.00227296 0.216474 253
88.5964 -62.9017 -74.4551 0.242544 0.189912 -0.0844749 237
96.5312 -170.907 22.9944 0.50647 -0.494109 0.0773198 389
100.839 27.714 -63.5718 -0.0355837 0.432784 -0.105252 45
101.408 -2887.75 -1039.47 0.567358 -16.0863 -5.8245 293
110.904 58.5775 -78.3125 0.0940399 0.284701 -0.10055 50
111.41 -3159.68 -2368.7 0.623197 -17.6545 -13.2344 394
113.528 -237.329 -39.859 0.593724 -1.25926 -0.221215 165
113.666 -491.898 -200.36 0.721645 -2.76144 -1.191 145
116.505 5.76166 21.3646 -0.0179083 0.209781 -0.149101 84
118.412 -75.9149 46.2351 0.503373 -0.0893411 0.239227 359
124.991 -11.0144 31.2899 0.968292 0.14129 0.150903 85
127.837 64.1058 39.8022 0.118196 0.35937 0.128196 443
133.993 -1622.28 1649.92 0.72662 -9.36725 9.579 35
135.578 203.417 160.377 0.491306 1.03041 0.754681 480
136.963 173.995 -135.087 0.556437 0.961112 -0.536621 19
140.171 -41.6003 -29.4132 5.30033 -1.52466 -1.08594 319
141.55 -206.369 -47.4491 0.725506 -0.797373 -0.181785 157
145.677 -40.4804 -813.405 0.851584 -0.202416 -4.63864 129
146.881 -604.611 987.757 0.947515 -3.90332 6.36173 41
147.846 979.029 -2059.61 0.923323 6.12468 -12.8736 202
149.163 -227.857 -18.8698 0.888254 -1.24838 -0.132636 88
152.793 50.1356 12.5004 0.286471 0.353889 0.0376472 109
158.258 -733.873 77.0626 1.09648 -4.94187 0.520563 383
160.67 -321.081 -33.2342 2.87195 -5.68796 -0.602349 269
162.436 92.8735 27.2969 0.424643 0.529141 0.0882334 211
163.131 -186.453 -58.8231 0.987689 -0.909764 -0.334242 467
165.78 -896.147 -455.42 0.998144 -5.08009 -2.59475 401
166.19 141.427 -62.6139 0.615476 0.834913 -0.260093 250
168.924 428.51 5486.23 0.983117 2.48826 31.8779 342
173.961 108.035 -63.1905 0.613725 0.561461 -0.193793 40
191.646 -240.029 84.8813 1.01185 -1.17235 0.449295 39
193.445 217.577 -239.194 0.904352 1.09776 -1.20265 245
203.857 3282.67 188.335 1.39358 22.4819 1.29037 367
206.562 -29.7022 153.679 2.21624 -0.332478 1.75579 346
206.602 468.065 -104.277 1.08352 2.71123 -0.515315 186
214.588 68.1503 -30.3874 2.33435 0.821946 -0.41462 288
214.989 -629.33 73.7338 1.23339 -3.52564 0.415386 278
218.548 20.8123 16.1111 0.834687 0.291006 0.074442 72
219.792 70.6729 70.1459 1.06912 0.428462 0.336734 161
221.951 173.761 15.2068 1.27504 1.16148 0.129883 461
222.615 385.258 -213.853 1.19282 2.11107 -1.17496 302
239.383 101.472 -43.451 2.63998 1.22233 -0.426589 79
246.411 -442.576 482.654 1.4419 -2.63538 2.92516 349
249.849 172.819 16.2132 1.10254 0.92882 0.0544746 77
250.014 1686.28 -892.259 1.40374 9.45746 -4.9916 413
258.651 -220.798 207.071 1.45484 -1.14583 1.1536 417
263.012 86.0779 -34.0598 1.20973 0.531195 -0.0806374 326
267.086 45.9268 -61.6849 1.30727 0.321205 -0.252395 323
273.104 -569.458 263.335 1.61805 -3.26592 1.51519 436
281.562 -2365.9 -2903.74 1.60499 -13.4894 -16.5524 455
283.998 -281.693 108.311 1.73158 -1.48884 0.696912 182
285.21 -209.294 121.199 1.73778 -1.05601 0.715549 78
287.311 339.631 -68.6868 2.3779 2.95729 -0.585843 225
289.507 -14.9478 -111.593 1.39283 0.0911405 -0.580026 261
289.733 259.039 -322.313 1.73148 1.55509 -1.90412 18
291.065 139.768 116.103 1.36467 0.746634 0.571862 75
303.685 -591.531 -771.823 2.12606 -4.13118 -5.38301 500
318.823 588.058 149.862 1.69249 3.2158 0.890353 391
329.092 1802.98 -2110.61 1.94121 10.6475 -12.4658 459
352.932 -294.81 374.863 1.95073 -1.5564 2.02912 37
359.195 -29.2356 84.2614 2.62649 -0.159254 0.60349 295
366.186 325.717 -409.044 2.53456 2.28973 -2.8971 147
372.003 -462.883 -181.653 2.16502 -2.57479 -0.98225 4
372.764 212.205 -65.301 1.87076 1.18975 -0.347868 318
401.313 -1044.85 -181.042 2.18115 -5.76211 -0.951243 352
415.956 -30.4789 -129.416 2.12173 -0.0979812 -0.643672 171
418.412 104.739 -160.653 2.33881 0.605674 -0.835882 341
435.844 -1384.96 -426.046 2.76672 -8.78953 -2.70614 328
439.21 -1453.03 1295.41 2.45578 -8.05849 7.22999 87
440.201 -701.912 1149.14 2.53539 -4.01767 6.56584 314
459.841 -543.426 -2488.98 5.56389 -6.57485 -30.1084 132
481.305 -335.706 64.2199 2.58478 -1.73187 0.347649 21
481.515 -145.075 -235.303 2.60585 -0.712662 -1.27837 473
482.399 293.65 -274.173 3.04067 1.86944 -1.73966 322
484.874 278.622 -261.546 2.58144 1.57437 -1.43678 192
496.555 148.817 76.7261 2.83115 0.867316 0.438463 20
501.839 66.5842 -272.823 2.65449 0.420123 -1.49799 291
503.983 -173.415 -90.0786 2.81849 -0.921363 -0.485092 424
509.758 -118.128 322.129 6.36652 -1.27019 3.9865 298
560.662 -177.398 153.843 3.44127 -1.0495 0.922284 384
575.757 112.718 -62.8417 3.54244 0.728642 -0.375757 279
582.456 810.934 1002.74 3.20887 4.52219 5.5838 220
592.3 326.824 -1793.68 3.61478 2.00773 -10.9873 331
596.084 33.75 6199.55 6.42554 0.364549 66.8295 356
607.24 -603.36 250.053 3.34565 -3.27573 1.38974 68
623.641 169.918 186.422 4.84066 1.34901 1.48375 464
627.436 -658.243 3487.77 3.9216 -4.11227 21.7873 93
666.836 -530.097 -648.264 3.70731 -2.86792 -3.61327 312
675.693 799.193 -503.889 3.85738 4.62548 -2.88892 36
703.578 -476.222 -562.41 4.36408 -2.95161 -3.47824 405
749.773 -1026.79 -12315.2 4.32497 -5.92055 -71.0288 134
782.237 339.251 -663.763 4.56174 1.98602 -3.87097 402
799.261 -79.5951 -993.199 4.61923 -0.457443 -5.75955 166
799.459 1761.06 193.206 4.58465 10.1376 1.11021 410
857.843 -566.463 -226.94 4.87114 -3.21514 -1.29217 281
859.38 -216.96 236.172 4.81088 -1.17707 1.33786 438
877.675 720.812 1523.44 5.34745 4.39482 9.27914 138
888.163 -127.637 -951.604 4.90271 -0.667881 -5.28138 453
926.226 428.886 -166.57 5.15142 2.43955 -0.91825 360
1020.1 -276.884 366.5 6.06443 -1.63179 2.20247 169
1047.46 889.648 722.458 6.35025 5.39375 4.37438 156
1056.09 805.603 -211.538 5.92239 4.46477 -1.21165 310
1071.92 -728.309 -257.159 6.19579 -4.10509 -1.46883 427
1108.06 -69.7911 -330.229 6.75339 -0.383468 -2.02667 200
1121.03 -6545.4 352.217 7.32338 -42.7515 2.30038 183
1124.62 250.671 -1172.27 6.21944 1.43666 -6.47662 267
1162.16 1084.96 702.509 6.6472 6.22384 4.03119 49
1228.35 1613.72 -487.495 6.86426 9.03429 -2.72369 329
1255.12 993.917 1220.66 7.04223 5.5866 6.85898 221
1267.03 95.2991 -1235.46 7.05984 0.563984 -6.88932 426
1354.04 -705.711 1028.37 7.62872 -4.03722 5.90882 361
1376.93 675.775 1327.77 8.42912 4.14685 8.13684 238
1431.61 -384.583 -1103.97 8.39143 -2.26178 -6.48051 483
1441.77 -600.57 -278.463 11.7893 -4.90245 -2.27005 327
1460.17 -2195.26 -177.499 8.40763 -12.7051 -1.01662 437
1488.99 -2042.84 4306.94 8.63214 -11.8334 24.9606 403
1527.74 1495.1 -1309.42 8.79918 8.76002 -7.59924 194
1633.56 592.49 -1979.83 9.24403 3.38488 -11.2917 91
1675.46 -1426.21 -409.763 11.5571 -9.83364 -2.82613 271
1703.51 -210.436 535.991 10.0415 -1.24994 3.17437 222
2193.95 -1880.28 1688.11 12.8608 -11.0146 9.89374 32
2334.61 -219.569 374.353 15.3307 -1.42161 2.46039 270
2683.78 -182.274 3166.87 16.4765 -1.11887 19.4458 412
3176.91 -8697.71 -7380.34 18.9 -51.7416 -43.9047 317
4528.66 -774.933 2580.08 25.3133 -4.30565 14.4184 121
15021.3 92.1246 1648.48 94.3104 0.578627 10.3491 463
