-21.8656 -14.4873 -14.4096 83.4406 -46.189 56.5362
-21.5663 1.63106 -0.423222 43.9483 -29.691 -20.5575
-20.2522 -1.54488 -0.212115 45.0217 -96.7575 15.9418
-20.4384 5.07052 -0.801424 22.6798 -83.068 8.24937
-19.9806 -3.21948 0.925077 44.2171 -3.39215 17.9691
-19.93 0.687514 -0.281566 37.3838 -103.926 -8.76877
-19.8869 -0.988297 5.65624 40.19 -77.8633 1.98508
-19.754 -1.62186 0.468141 44.4758 -66.1454 -6.25449
-19.6922 13.4158 -5.9012 50.3948 -148.35 196.463
-19.5787 3.44561 0.213199 42.5571 48.7597 64.3482
-19.6777 2.09003 2.40595 32.1016 -78.0798 0.292126
-19.587 0.786413 -0.252891 34.982 -91.6116 -6.4025
-19.514 0.929426 -1.32076 33.1054 -77.4487 -106.488
-19.3058 1.00938 1.05518 36.8943 -68.5721 115.872
-18.7544 -6.48635 0.266176 77.6703 -111.349 8.02507
-19.1797 4.83098 0.193914 23.8105 -71.87 96.4407
-19.4913 2.28999 3.00173 -7.73622 -64.9789 -93.2109
-18.8856 -1.02912 -1.2734 50.8582 -123.047 65.6715
-19.1345 4.50481 -0.568358 16.9588 -99.2198 24.5774
-19.0017 0.855511 0.508915 26.9765 -104.368 38.5532
-19.1363 6.37786 -0.7608 12.3386 -87.8885 20.2521
-18.8179 -1.20815 1.53657 40.1186 -31.5664 96.2362
-18.7523 0.826633 -0.937898 36.2298 -81.0448 -71.264
-17.6265 -9.46244 -0.477726 145.419 -67.3514 -31.1434
-18.5609 -7.65016 1.44317 51.4809 -12.1206 110.684
-18.5074 -3.91199 -0.90442 56.3915 -77.5542 -59.9339
-18.4254 -5.87836 0.381983 63.4389 -66.5967 19.2854
-18.2721 6.76606 -1.43365 76.0113 -33.4365 -47.2315
-18.8261 2.90078 0.23512 19.8302 -96.2361 -4.125
-18.7766 10.4443 -0.613156 20.4759 -57.4861 -17.6737
-18.8876 3.16258 0.0870441 7.43691 -144.602 -35.4769
-18.7655 4.36277 -0.992232 14.5903 -101.886 -16.7062
-18.5736 6.47725 -0.476539 31.441 -65.9144 26.7143
-18.4352 -1.65675 -2.49035 40.5554 -102.601 -29.0277
-19.0018 6.09939 -1.14286 -17.7463 -109.598 -13.8518
-18.5078 -3.17685 -0.790765 30.6641 -63.529 -17.4792
-18.2165 -2.90543 0.116767 59.411 -35.3238 77.5589
-18.4271 -2.12483 1.32629 27.2846 -67.563 -66.6024
-17.876 -7.14015 -1.52758 74.9309 -105.913 59.061
-18.4055 2.79874 -0.8291 21.5037 -98.0091 -103.235
-18.5677 5.16546 -0.896679 -1.75051 -127.727 -57.8009
-17.9589 -7.47231 -0.347337 56.992 -40.7329 -10.5817
-18.4694 7.75408 -1.21818 5.37316 -91.5424 -42.83
-18.149 2.21843 3.93623 36.3464 -69.5164 121.325
-18.0652 -2.16744 0.204583 43.8091 -63.1225 9.3534
-18.2639 8.68929 -0.670988 22.6997 -51.2818 -60.6579
-18.0356 -2.41417 1.025 43.9778 -98.3938 8.67783
-17.8463 -7.49733 0.933079 53.9928 -23.1545 63.7954
-17.9289 -1.52454 -0.203743 40.4677 -100.334 12.6294
-18.315 8.1166 -0.950135 0.942 -96.4439 -86.8212
-17.822 0.034059 -3.04127 44.0231 12.0643 51.0843
-17.8504 -0.541176 -0.371635 31.9543 -111.234 85.262
-17.9033 4.26792 -1.75133 17.5466 -88.3606 -91.1409
-17.5944 -2.3668 1.1698 44.8177 -85.2635 99.9889
-17.7784 2.82689 0.513916 24.8696 -83.949 23.349
-17.7577 5.11168 -1.27885 20.5412 -57.9591 -23.279
-17.2303 -6.04333 -0.524165 72.858 -109.772 -64.63
-17.9824 7.26112 -0.20398 -5.27556 -111.197 49.839
-17.249 -7.73004 1.22001 64.6884 -62.7526 91.2848
-17.5043 0.952633 -0.454164 30.4565 -58.402 -27.0965
-17.7123 9.59843 -0.269392 8.83058 -71.894 12.0322
-17.2994 -3.44636 0.868381 48.2739 -108.184 119.815
-17.5719 2.19335 0.207271 11.9432 -136.621 -4.89502
-17.3483 -5.01638 0.158667 25.5476 -134.594 3.59726
-17.2477 -1.25922 0.0302057 34.9295 -102.546 0.525139
-16.57 -38.5731 5.04525 101.947 154.282 -109.904
-17.3789 3.25066 -0.276294 19.0767 -94.1037 -37.5714
-16.9482 -7.28954 1.25123 57.9375 -35.2411 94.6864
-17.2839 4.2866 0.472432 21.8329 -71.1351 114.802
-17.1571 -0.0453957 -0.871897 34.078 -119.278 -33.8065
-17.4404 5.55065 -1.21022 4.86711 -94.1179 -37.4616
-16.6415 -5.05564 -1.47835 83.1007 72.2576 -27.0868
-16.941 -7.19215 -0.388152 52.9752 -28.3399 -58.7639
-16.3463 -9.88779 -0.302373 90.9313 -80.0293 -17.3209
-16.8495 -2.51313 -1.28273 39.2361 -27.3691 -82.8155
-16.6143 -12.2386 -0.805353 60.1233 -42.9669 34.4338
-15.9236 -14.0577 -3.25322 125.893 -167.272 65.2929
-16.7564 -8.96674 0.131473 42.3599 -3.91763 2.13479
-16.6377 -3.64773 -1.20232 52.4185 -126.695 -56.0119
-17.2783 1.83935 -18.8388 -13.3059 -139.469 -46.6902
-16.4974 -9.17931 0.686419 56.9751 7.96272 44.8534
-17.062 10.5187 1.33043 -1.21032 -81.0079 95.2204
-17.1801 8.69874 -0.445472 -16.7864 -112.222 -6.14356
-16.563 -2.48119 1.18564 43.9325 -103.831 102.023
-16.7398 12.0297 0.385742 23.6457 -42.2208 33.9644
-16.4264 0.40824 7.53122 54.6948 -3.72939 -87.8215
-16.8982 7.74775 -0.294748 3.4246 -81.9193 48.2397
-17.0074 12.6107 0.753275 -7.95647 -81.1855 29.3886
-16.4474 -2.49167 -0.443429 46.6181 -85.5339 -95.7041
-16.4844 -8.8348 0.721862 41.312 -41.7141 28.2385
-16.97 7.30951 -0.536603 -9.68885 -103.856 -48.266
-16.6085 -9.39081 -0.562236 21.6418 -43.0882 -64.6987
-16.8391 3.30338 -1.69834 -3.06119 -144.043 -91.3517
-16.1992 -5.45578 -1.49191 57.1136 -66.8885 -91.1471
-15.9141 -12.6482 1.89727 81.1036 -36.82 76.283
-16.7143 3.48335 -0.221651 0.00200148 -124.703 46.5683
-16.0635 -8.93569 0.278432 61.9737 -36.4335 96.7377
-16.1872 -6.58408 0.0627944 41.7083 -3.60783 -15.4141
-16.2293 -1.8079 -1.35405 36.535 -130.896 -98.104
-15.8671 -7.29533 -1.29255 70.0369 -93.4621 -101.408
-15.5894 -32.0795 2.6098 94.226 68.319 5.6281
-16.767 7.86705 -0.767615 -25.9466 -132.409 -10.1752
-15.8359 -8.14547 0.662649 64.7533 -53.9262 13.6283
-16.3147 13.7087 1.13676 10.8546 -56.6692 44.8076
-16.3455 3.62166 2.44018 2.88413 -92.4568 -41.5448
-16.3967 8.23322 -1.98227 -5.21937 -90.2671 -124.484
-15.7793 -3.6576 -1.78298 55.2491 -95.1452 -145.762
-16.4578 7.84773 -0.734867 -12.202 -145.241 -28.3667
-16.0158 8.05726 0.543155 30.4325 -24.6108 124.048
-16.2706 5.54635 -0.353125 4.9478 -160.031 78.4407
-16.393 9.42236 0.283835 -9.10611 -20.6758 51.4295
-16.1341 0.0190477 -0.219115 16.3793 -154.194 -28.2192
-16.5616 10.6713 -3.30721 -26.9063 -108.571 -47.7649
-16.5964 6.62614 0.151508 -30.8357 -139.834 16.1045
-15.7085 -23.9431 -8.32414 57.0024 -126.157 -144.476
-16.2866 16.9031 -11.0254 -1.90634 -94.5374 -40.355
-15.4884 -6.38717 -0.324463 73.6005 -122.125 -85.802
-16.2554 3.43695 -0.513232 -3.36331 -141.763 -112.862
-16.3357 5.6859 -0.529626 -13.9573 -66.847 -3.65495
-15.4136 -8.31059 1.6202 76.5201 -82.1137 104.172
-16.2068 3.0785 -2.16936 -3.74638 -147.847 -138.039
-15.9611 7.66483 -1.66369 17.6933 -52.2664 -83.4748
-15.3285 -18.0198 -2.46063 79.0235 -235.42 -95.3873
-15.6844 -1.73207 -0.812856 36.1238 -126.875 -120.626
-15.4717 -7.34042 -1.12824 55.2991 -32.9586 -101.85
-16.3258 9.48199 1.12327 -31.2867 -111.976 77.6413
-16.1816 4.35484 -1.72999 -20.9416 -159.637 -86.2307
-15.5193 -2.85422 0.583301 43.3252 -157.016 -20.7813
-15.0648 -13.0378 3.61771 85.4296 13.168 -120.101
-16.0242 3.14342 -0.131463 -11.0771 -160.289 -75.8572
-14.6809 -11.8829 -4.17204 116.735 -10.7836 236.675
-15.7523 3.48378 -1.53721 10.2207 -101.656 -80.0677
-15.3533 -4.56987 1.27703 49.1211 -57.9956 109.224
-15.9916 11.0664 0.59111 -23.5869 -100.551 24.899
-15.1556 -6.64052 -1.81383 56.246 -41.1918 -190.037
-15.2967 -2.91757 -0.823167 40.8631 -144.018 -73.2103
-14.9665 -12.9008 -0.714293 61.5643 -8.68604 12.8145
-15.5583 1.3168 0.231748 -0.639768 -177.203 0.346899
-15.8084 3.30566 0.85391 -30.8977 -222.265 149.343
-15.1957 5.04537 0.498962 25.9277 -139.615 51.0833
-14.773 -10.4452 -0.705007 63.713 -27.9956 -99.3351
-14.7958 -6.51652 1.01331 57.6419 -63.2521 113.111
-15.2211 0.740477 2.23622 14.8416 -115.425 154.876
-14.4071 -2.59863 -4.92716 94.4227 -8.97095 12.845
-15.0973 13.0043 -0.256716 25.3436 -35.9415 -81.7033
-14.863 6.58221 0.0936381 46.8291 47.2945 86.7977
-15.3336 2.96079 1.96392 -5.26226 -164.626 48.7962
-15.4797 7.71022 -0.225012 -20.0542 -110.188 10.8711
-14.5933 -6.92609 1.27863 66.9079 -84.4624 100.144
-15.1253 0.987937 1.37059 12.3635 -123.511 141.708
-14.2844 -11.9507 0.392486 94.8693 -66.6876 66.9381
-15.0438 11.028 -2.44995 18.3285 -42.0525 -3.87848
-14.6245 -3.85861 0.287052 53.0941 -178.388 59.7061
-14.103 -1.61968 2.15735 103.387 86.3745 -4.64746
-15.1337 11.5004 1.74827 -1.53595 -65.2043 79.26
-15.6787 9.68126 -1.70446 -58.846 -159.258 -14.3618
-14.0779 -7.00129 7.40003 99.3544 -107.605 -148.66
-15.1702 3.13226 -0.118847 -10.0154 -137.246 -71.3092
-15.094 4.21665 4.75837 -5.76191 -57.6057 -86.6037
-14.407 -4.15773 0.758288 61.537 -161.706 90.5349
-14.3225 -8.05172 0.494028 67.4716 -131.611 62.2336
-15.2682 7.46512 -1.30603 -27.7226 -117.148 -90.9791
-14.8093 9.13271 2.12714 16.0761 -54.6922 32.4771
-15.2034 6.14173 -1.25544 -25.2656 -136.902 -50.6903
-15.4984 6.86222 -1.22722 -62.0737 -166.162 -83.8851
-14.4115 -3.01742 -1.80208 42.2065 -103.576 -136.651
-14.0746 -15.271 1.19888 74.9853 -14.7479 58.5138
-14.5759 -0.49708 0.929489 22.3537 -143.81 127.502
-14.3823 -2.91376 1.54678 39.6783 -170.706 74.996
-13.873 -6.92388 0.271009 89.8633 -121.941 42.9114
-13.9696 -14.8527 1.9164 78.2005 -31.3178 -15.5511
-13.8491 -5.75998 -0.127184 82.9917 -166.146 -24.6283
-13.9468 -12.349 -0.0824516 73.1783 -25.7763 67.4164
-14.4649 -1.06152 -0.250529 17.0571 -195.569 16.536
-14.7761 7.50721 0.765091 -15.4935 -93.5004 102.223
-13.6008 -3.6906 -7.5941 99.5454 -150.262 -42.4321
-13.8687 -15.5791 -0.419398 72.8498 9.95326 116.232
-14.7315 3.63889 -1.03742 -13.6673 -140.032 -76.574
-14.4126 -0.0812431 1.25943 17.7778 -128.506 130.586
-14.3768 10.8209 -0.740963 18.4646 -39.3385 -97.5927
-13.1699 -11.9811 -0.175997 136.502 -115.623 12.3783
-13.7587 -12.2259 -0.363441 73.0992 -28.7593 40.1379
-14.3637 -0.755858 0.352389 8.82817 -190.487 45.5177
-13.6247 -5.75944 -0.601273 82.1281 -172.014 -68.8247
-13.6267 -5.03256 -0.895584 80.2053 -184.84 -65.7395
-14.4674 12.1928 -1.80649 -5.17326 -65.9347 49.0552
-13.7731 -6.50316 -1.37379 63.6071 -96.0414 -111.572
-13.8004 -9.83499 -1.33573 55.1598 -22.9437 -121.427
-13.7116 -11.9489 -0.937673 62.2435 -15.3282 -14.4702
-14.3665 0.816433 0.805788 -2.99283 -200.546 55.7765
-13.3498 -14.069 0.781508 94.5607 -44.8524 68.3074
-14.0475 0.502803 -2.27099 25.1523 -71.44 -200.283
-14.6016 8.36217 -0.535101 -33.5603 -107.516 -74.6513
-13.4223 -7.27092 -1.39075 83.0217 -97.8951 -126.85
-13.3871 -9.33775 0.929071 86.4129 -160.744 58.1829
-13.0035 -8.29477 -0.750461 118.556 -75.4548 -78.3551
-13.075 -12.4737 -1.70085 110.326 -73.9319 -86.5697
-14.4185 11.4027 1.76945 -24.31 -87.2993 112.582
-14.147 2.88126 1.35967 1.05852 -112.132 184.362
-13.8466 -2.07676 0.410966 29.2952 -180.968 78.2342
-14.4828 8.18251 1.26083 -34.3045 -116.419 93.7548
-13.4244 -5.02101 -1.50244 66.0562 -140.978 -149.93
-14.2109 13.0189 -1.6292 -13.1895 -69.7537 -40.5925
-14.7264 4.83568 0.652525 -65.4879 -202.805 62.7606
-13.6163 -2.90794 1.36147 44.3725 -156.609 130.974
-13.5134 -8.95182 2.93684 48.3389 58.5873 18.1948
-14.0774 3.94734 -5.54675 -18.5276 31.7743 -0.385139
-13.12 -5.13955 -0.0201315 74.0087 -206.189 15.5288
-13.5067 -10.0573 -1.32112 34.8372 13.0156 -96.3392
-13.5227 -2.4281 0.682746 32.5329 -196.895 25.5286
-14.3288 7.46108 1.29454 -48.9273 -23.8669 159.549
-12.96 -10.841 0.347637 84.7596 -53.425 -2.26258
-13.1227 -11.5597 -2.25952 66.5971 -20.5229 -141.027
-14.2478 2.83818 0.303895 -45.2022 -201.416 121.741
-12.8451 -13.8555 -0.019068 90.606 -40.8987 -25.6492
-13.146 -9.91926 -0.642475 60.4231 -29.4164 -141.586
-12.7515 -14.7624 0.372446 98.3444 -42.7848 52.8067
-14.1889 2.93834 -0.860913 -46.461 -211.742 -15.599
-12.6659 -15.4954 1.25813 100.321 -34.6287 70.3235
-13.6211 -0.270908 -0.497028 -1.85135 -204.496 5.98911
-13.4911 13.1597 -1.52167 8.5573 -48.2647 -72.3181
-12.6672 -22.1462 0.917344 89.7332 -123.989 -45.0144
-13.4699 17.4145 6.89017 1.70781 -74.8276 -75.2658
-13.1577 -2.24012 0.427654 26.5127 -196.953 77.7796
-13.7415 8.72724 0.727096 -33.6134 -103.206 66.3909
-13.6459 17.1521 -3.71261 -27.3945 -247.781 161.081
-13.4733 0.759267 -0.924096 -10.5983 -187.07 -104.888
-14.0393 11.6585 0.13838 -68.7918 -131.362 26.7144
-12.9136 -11.3064 -1.57922 41.6313 -48.361 39.5516
-12.2257 -8.21338 -0.130079 106.618 -139.79 -19.2304
-13.6664 11.0963 1.36799 -41.0909 -97.6659 78.0447
-13.4206 0.453449 0.800271 -17.2161 -242.109 -0.473709
-12.2918 -9.44049 0.882435 93.5659 -101.245 71.1593
-13.6211 6.08468 0.518325 -46.2147 -145.866 76.0105
-13.1082 5.89353 1.69879 -0.799137 -72.6986 217.757
-12.2258 -13.6552 0.28994 83.9054 6.5913 20.8357
-12.5606 -11.5689 6.56922 49.6106 -49.2962 -12.7565
-12.4105 -14.0476 1.19661 62.6509 -61.0138 120.796
-12.0981 -11.3249 -0.0229041 92.9552 -55.5824 64.6391
-11.7961 -10.1629 5.37851 113.498 -177.062 38.1244
-13.5796 6.79358 -0.0397329 -74.1381 -163.414 -25.7531
-12.3232 -3.27067 1.45057 48.7149 -200.817 139.011
-11.9636 -6.293 -1.3639 74.237 -119.205 -144.06
-12.1922 -12.8953 0.113539 49.9534 3.18719 -35.3582
-11.6193 -11.1526 -1.76166 99.9854 -70.4383 -100.254
-11.4838 -13.8657 0.886274 112.844 -66.8321 99.4808
-11.7001 -6.69522 -1.14621 89.8043 -160.459 -123.549
-12.9058 10.5207 -0.751298 -34.9326 -91.8589 -117.796
-12.802 16.0222 0.45381 -27.2084 -71.3959 -52.1328
-11.64 3.76653 7.16666 83.4657 55.3676 -43.0984
-11.9708 -4.29363 0.174376 47.9159 -220.591 -31.8902
-13.1833 6.42228 -0.739219 -75.1791 -172.709 -90.5575
-12.8388 15.7321 0.892759 -43.0412 -81.9475 -10.0248
-11.6017 -4.22263 0.35844 76.0187 -214.097 -2.02279
-11.6439 -12.7626 1.36288 70.3024 -15.8734 82.8376
-12.4799 16.3393 0.67515 -18.7913 -71.4686 52.3575
-12.941 11.0675 -1.10338 -64.8708 -118.403 -40.0399
-11.6633 -49.9729 37.8015 60.1174 83.7569 -59.6204
-10.7185 -12.8122 -4.08723 152.296 -48.9091 107.185
-12.4639 -4.3002 7.74266 -22.1082 31.2174 58.6664
-12.7214 1.66162 -0.304832 -49.0235 -208.532 36.92
-10.7422 -11.4491 -1.55873 147.331 -126.73 -83.1451
-11.0165 -15.71 0.158681 116.978 -259.589 25.5567
-11.7189 -16.4253 0.862833 46.4835 19.5252 36.2943
-11.1772 -13.869 0.265039 98.6247 -37.6897 -17.4691
-10.6759 -12.6508 0.401561 145.852 -114.191 -16.0128
-10.316 -17.3042 0.100597 179.924 86.4245 -132.573
-10.3132 -11.4514 -0.135609 177.585 89.2517 10.0686
-11.2216 -12.1392 -0.369371 86.2982 38.5838 -36.2383
-12.5135 12.3375 -0.973392 -46.8052 -90.7237 -52.6277
-12.5702 15.1557 1.67708 -54.114 -87.3255 66.3516
-12.5538 5.43842 3.93134 -56.7085 74.1189 -48.8211
-12.186 13.8255 1.38612 -27.9013 -76.2444 136.428
-11.4502 -3.41488 6.2436 44.5973 -200.576 5.2911
-11.367 -3.7592 0.928088 51.2671 -203.154 126.117
-12.8584 10.0084 0.14798 -97.9082 -144.908 107.875
-11.3746 -5.73869 12.0603 48.9799 -75.6193 -31.0053
-10.9203 -13.48 1.74575 92.8092 -34.1532 122.302
-10.4132 -13.2679 -0.356256 140.725 -85.8655 -17.8851
-10.5958 -19.2086 7.42748 117.914 -97.881 94.3574
-11.45 -2.51679 3.76795 26.6694 -246.985 25.7602
-10.7028 -9.20852 -4.46934 99.8432 -2.17039 -152.585
-10.6226 -16.6463 0.514874 100.01 -19.0557 -10.4832
-11.8833 13.3347 0.0198721 -25.625 -74.8135 -0.27738
-12.1933 14.4048 0.870304 -64.2409 -96.7032 -5.53295
-12.5594 9.60922 3.57543 -101.862 -146.125 106.155
-10.1682 -12.8852 -0.4498 129.272 -85.6851 -27.1226
-10.2162 -13.9616 -0.888345 123.298 -58.3483 -39.9184
-12.3638 12.4292 0.35719 -90.9425 -134.88 31.3521
-12.0417 10.1471 -2.49959 -69.6721 -119.945 -8.90745
-10.6663 -17.453 2.43151 65.5139 -12.7794 53.5667
-10.737 -11.8687 1.18334 57.1111 -10.069 125.557
-10.6088 -4.34636 0.833989 69.1513 -235.545 92.8074
-10.8148 -11.5132 1.912 48.4212 0.0114344 138.103
-9.94597 -15.7769 0.822196 126.754 -156.117 93.1504
-11.3554 12.5096 1.41315 -43.0561 -85.0207 138.406
-9.56139 -12.5207 0.0834928 126.204 -144.339 -120.666
-9.71958 -16.7148 -10.7545 109.672 -142.945 -236.255
-11.8441 8.88304 -0.116041 -105.837 -149.622 74.4028
-11.9613 12.9086 1.20592 -117.588 -136.114 31.9606
-9.53393 -15.0757 -1.46888 123.088 19.2848 -23.8055
-10.2925 -3.57137 2.21694 45.3524 -121.306 221.107
-11.2256 13.0296 3.2282 -56.0197 -72.2693 83.1281
-9.34505 -13.1376 0.29452 129.464 -68.4066 67.8343
-8.84457 -13.019 0.154173 176.218 -113.181 -22.6507
-10.4634 18.4415 -5.11467 13.102 -28.8237 -110.391
-10.6996 0.354634 -3.54075 -20.8693 126.62 -79.1057
-9.18223 -12.8292 0.318235 128.999 -57.6964 69.4256
-11.3391 14.8288 -1.09905 -95.9706 -108.691 -45.892
-9.08744 -12.6898 -1.33938 127.64 -56.4799 -86.2189
-9.30522 -12.0176 -0.0205325 100.554 -131.538 -47.9334
-10.7141 12.474 0.303377 -43.9039 -194.639 -64.2312
-8.5035 -10.8147 -0.570662 167.932 -39.6576 -81.8502
-8.56566 -12.8399 0.0757577 161.741 -87.6162 45.7161
-10.865 16.8362 -1.0707 -67.422 -95.7986 -18.415
-9.21817 -17.7246 -0.124265 91.8855 0.681555 63.7939
-10.8884 12.5528 1.33681 -74.2554 -92.7661 48.833
-10.5368 17.3313 1.88154 -47.6695 -70.4419 67.6486
-9.04667 -14.501 0.227455 96.0089 -65.8804 -10.1528
-9.38538 -17.2308 -1.16408 57.8565 14.9894 -35.0352
-9.63316 -34.2972 8.05272 30.8282 178.636 -134.666
-8.9293 -13.7186 1.67281 93.3005 -26.8078 68.6361
-8.62717 -11.21 1.60225 121.495 -86.4441 162.941
-10.2005 15.5209 0.354013 -35.6214 -67.4668 45.9596
-9.01399 -12.5965 6.59143 65.4215 -9.64835 -40.9474
-9.10656 -14.4397 -5.75866 53.0575 -94.2614 -8.90844
-10.0124 16.2882 2.08599 -50.0001 -75.37 92.7412
-8.57108 -13.4954 -0.765887 82.846 -18.3371 -119.204
-8.3293 -16.5927 -0.841045 106.617 -12.4264 -8.74237
-8.28107 -13.25 2.11337 109.257 -36.0364 163.491
-9.98859 16.001 0.511526 -60.9009 -78.5846 -53.1883
-10.7409 11.0763 0.726909 -137.611 -127.521 -2.05107
-8.5092 -38.7166 -2.97554 80.5924 -123.58 -40.689
-9.8259 17.1078 0.224319 -52.7463 -76.7877 52.1668
-8.4846 -19.5502 0.61449 64.5171 22.828 26.1118
-9.83539 14.8826 -0.505041 -74.1341 -97.1992 25.673
-8.03934 -7.73552 1.94228 98.1083 -99.2275 199.822
-9.11841 15.7109 1.8971 -10.1715 -50.2713 80.1253
-7.6948 -16.3062 -1.13253 122.624 -66.9174 -42.5806
-8.04788 -18.0843 -0.143316 86.645 42.2606 -74.0931
-9.39286 13.7959 -0.852591 -54.1388 -73.2899 -68.3491
-9.35864 4.62921 -2.29518 -51.9704 -116.972 -230.11
-8.06896 -18.1783 -0.477672 73.672 12.5811 -104.262
-8.45047 -14.5092 -0.506304 31.1691 74.7525 -50.5228
-8.67265 15.3191 0.341378 5.16895 -39.3531 -62.5142
-7.36824 -18.2084 0.489475 129.976 -9.50139 -13.0206
-7.17249 -16.949 -1.12464 148.713 -42.6609 41.7641
-7.09274 -17.2658 -0.0259489 149.74 26.7294 -14.4144
-7.6688 -18.8178 -1.20999 89.7554 12.252 -75.8249
-7.53683 -9.2196 -2.13534 102.746 -77.8979 -214.89
-7.97859 -17.6552 -0.482644 58.5283 -31.6356 -55.3072
-7.12945 -15.3993 -0.462959 142.101 -34.3301 20.5936
-8.13636 -17.3417 -0.152343 36.885 27.9117 -71.6078
-8.90117 14.2087 -2.57509 -40.7062 -65.1389 -172.843
-8.17613 -20.5066 -4.26392 25.9239 36.5515 -27.7769
-8.598 -2.10146 0.522801 -20.8122 -266.146 56.2112
-8.88828 14.2026 1.36776 -54.826 -72.1343 38.2067
-7.29652 -14.1237 0.9901 101.615 119.881 86.3127
-7.82587 -14.989 -5.3402 45.8225 5.44122 7.08014
-7.5672 -12.5533 3.03139 68.441 -58.226 -84.463
-7.30442 -17.1528 0.136089 93.8927 2.37989 -43.0959
-8.68718 14.0011 -0.0122152 -48.964 -67.6147 -89.5277
-6.60504 -17.2646 -1.83324 154.548 -9.91846 -36.0414
-9.04508 15.7263 -0.16574 -101.491 -100.238 -24.452
-9.27917 15.8648 -0.346268 -134.025 -205.497 -235.708
-7.13861 -17.9129 1.51844 66.7165 17.2914 45.6602
-6.24685 0.78307 -1.03599 155.126 -137.552 103.089
-9.08339 13.7002 -0.0671613 -131.769 -108.368 19.5334
-8.13354 12.3829 -6.73185 -39.4631 -34.6459 33.169
-9.13594 11.3514 -0.770051 -141.666 -117.667 -62.1732
-6.87194 -15.9979 -0.0555427 82.2858 2.7757 -57.3018
-7.71555 18.6289 -0.375336 -10.0058 -51.222 -51.2546
-7.9448 15.5259 1.32495 -32.8211 -55.8078 85.8581
-6.09026 -13.8367 -1.36935 150.569 -42.4598 -71.3063
-8.8369 13.6447 -13.2732 -127.024 -50.75 -328.074
-6.83609 -38.7873 5.87811 65.3907 -58.7575 49.3605
-6.53716 -15.5911 -0.629943 93.5944 -0.5743 -109.655
-6.14887 -17.5048 -1.59649 116.373 -197.462 -99.0847
-6.86736 -11.395 -2.66446 43.3088 -144.688 -23.7815
-6.19574 -13.7967 -2.03912 108.918 -88.7778 -138.009
-8.70762 14.9655 0.548944 -150.784 -106.382 -29.1881
-5.40496 -12.559 -1.93771 174.523 1.86988 -126.178
-5.30287 -10.8137 -0.580789 175.611 -102.976 -118.047
-7.6257 17.0864 0.124337 -58.9576 -67.9438 13.764
-7.78811 16.8798 1.29471 -80.2552 -71.7828 123.348
-4.95423 -9.47593 2.43852 192.949 -153.262 84.5122
-6.47911 -2.41216 2.9571 33.82 -126.196 253.966
-6.79518 15.9106 0.104904 -0.391481 52.2091 56.5613
-5.41603 -14.1345 -1.06528 123.279 -19.8942 -145.018
-6.6917 -0.234845 3.39656 -3.53112 136.927 91.6025
-7.05607 15.957 -0.244118 -44.0275 -60.0542 -36.8013
-8.59995 20.1602 -4.618 -206.116 -10.7398 4.75623
-7.2245 13.5797 -1.186 -83.8139 -73.0029 -182.944
-6.6644 19.4099 0.124886 -29.2306 -54.728 19.0249
-5.20058 -27.0226 8.74077 115.93 137.215 -89.5481
-5.65665 4.46395 -5.01368 69.8825 96.2612 10.3542
-5.7567 -13.0634 -1.52305 56.0593 7.38327 -185.354
-7.45603 13.0347 -0.0748395 -114.103 -243.525 9.17515
-6.29425 17.4508 1.04209 -0.215417 -121.691 -54.2973
-6.61938 15.6039 -0.684646 -33.198 -33.2724 -60.3709
-6.58477 18.1468 -2.12246 -31.0668 -9.5489 -151.866
-7.3594 16.7917 1.89921 -109.166 64.8394 177.525
-6.45678 20.2493 5.18213 -31.506 -62.9341 -82.3582
-3.8408 -14.6622 0.291513 212.601 -53.9103 -47.8443
-6.16169 18.1507 -1.55502 -21.5078 -48.7761 -138.782
-7.53491 13.5945 -0.307659 -163.886 -106.164 -27.0592
-4.80982 -12.4763 2.69545 105 -19.8086 212.558
-4.50524 -16.0772 0.107795 135.057 -12.3603 -103.871
-5.97936 18.0843 -2.65636 -23.8028 -45.7926 35.7624
-6.82533 13.347 -1.66904 -113.08 -75.9886 -168.195
-3.97364 -12.4264 -0.90576 169.39 -43.9111 -123.694
-4.53159 -17.9878 -0.347941 105.05 8.93425 39.9727
-4.34753 -18.3018 0.108403 122.165 13.0455 89.2428
-3.80121 -16.5152 0.993381 169.728 -23.9041 50.1219
-4.82648 -15.9076 -1.00813 66.989 13.5204 -136.769
-4.21887 -11.8787 -1.49338 127.205 -32.3626 -177.344
-6.19442 16.1137 -1.26613 -80.954 -62.0788 -112.423
-4.26878 -18.1759 0.693881 107.155 2.04125 -2.27632
-5.70344 14.6928 1.95605 -67.9813 -108.576 41.2266
-5.31723 20.204 0.290995 -41.7287 -53.5522 1.87171
-4.9815 -3.64002 -11.4448 -11.8927 -99.7841 42.5385
-3.01091 -17.1498 0.89689 183.445 -13.34 26.5235
-6.53403 13.8313 -0.80784 -173.276 -85.3368 -70.2494
-3.05184 -9.30905 1.64102 172.187 -75.5573 189.849
-3.67785 -20.2729 0.0352826 109.3 19.4941 -16.3175
-5.57427 6.52385 8.66138 -82.3433 -146.791 -30.1429
-5.12422 0.102963 -2.93124 -40.1883 -157.315 -252.212
-4.15526 -12.9837 -9.50578 51.0076 23.0243 115.027
-2.73279 -7.90019 0.958009 192.048 75.4677 -6.07877
-3.72274 -19.5923 -0.153385 90.2496 20.4654 -33.344
-4.46251 2.96845 5.94073 16.2652 -136.866 8.18247
-3.48797 -15.7584 0.0657115 112.653 62.6352 -15.9748
-4.02241 -18.7991 7.63755 38.199 28.8821 -83.5728
-5.73865 17.1577 0.412793 -134.824 -71.416 72.5729
-4.38513 18.1138 0.667321 -0.616033 -41.3604 142.901
-5.24351 17.567 -0.845543 -89.0075 -58.648 -0.347519
-3.26023 -18.2372 -0.358866 102.178 14.7002 -51.2299
-4.99502 5.56126 11.181 -70.5047 39.5666 36.509
-4.5463 17.2451 -2.15094 -33.5461 -47.1237 -124.525
-1.87109 -19.6767 0.345479 222.973 -196.063 -0.454039
-3.24837 -20.6051 3.28954 84.2765 -25.3175 14.9955
-3.09086 -15.7824 -0.232042 96.7465 148.525 -36.3029
-5.66462 13.9449 1.51896 -159.087 -72.4993 86.389
-4.53798 16.4862 -1.98003 -49.1649 -48.702 -111.735
-3.4779 -19.3523 -0.60856 40.2133 96.4849 -6.31031
-4.75406 13.5009 -1.64649 -88.6719 -58.9403 -207.818
-3.06066 -19.9578 -0.472634 68.9229 76.4526 -0.243816
-2.22403 -16.0634 0.673796 147.845 1.1024 47.6998
-3.08589 -15.2838 1.71616 54.4471 20.4912 145.865
-2.74219 -21.7866 0.601891 87.1756 -63.226 72.2736
-2.75858 -19.723 -1.01584 84.5911 31.574 -60.2955
-5.33413 13.9764 -0.974242 -174.361 -69.1479 -27.4731
-2.74268 -18.3866 -0.0490086 62.5722 27.9464 27.8593
-2.83249 -21.1831 0.224363 50.3225 37.3994 -34.3253
-1.99091 -32.3153 5.25739 121.6 117.912 54.4631
-4.02962 17.8375 -1.30464 -94.2891 -52.8535 -115.944
-4.96227 -0.243438 0.334834 -187.374 -232.536 59.9399
-1.87624 -19.4536 -0.152797 112.377 23.2553 -64.8245
-2.77329 -18.6911 1.31354 19.3893 37.1552 74.0718
-1.78021 -15.9788 -1.29392 109.986 19.404 -93.0658
-1.22696 -15.0812 -0.891228 164.538 -4.38178 33.5689
-0.922124 -19.4031 4.83963 192.027 110.257 -11.2009
-3.91485 16.2988 -0.753675 -106.873 -54.9081 -64.861
-3.27762 15.2514 -6.89344 -49.3815 -33.8461 -11.2883
-1.7128 -17.8067 1.12478 102.991 19.3481 59.1494
-3.57068 15.8462 0.816233 -82.7429 -47.976 81.9814
-1.26234 -16.7715 0.505019 137.449 55.2653 -0.874627
-4.7132 19.7426 0.823622 -215.777 -11.1925 58.7596
-1.23165 -16.3778 -0.154437 127.647 22.4867 -57.0706
-2.85492 21.0383 -0.025368 -37.0318 -158.961 7.53013
-3.26418 15.1096 2.23395 -81.9409 -48.3434 121.396
-0.387214 -14.1012 -0.974274 202.286 -13.7656 -67.0068
-3.90268 14.3752 2.35343 -150.612 -59.0674 136.069
-3.29171 17.0526 -0.146683 -92.932 -49.3523 71.3481
-2.06333 -19.4123 -0.685367 21.7615 40.6023 -6.76215
-0.642094 -21.0108 -4.61027 151.806 121.608 124.576
-1.01306 4.0045 5.82598 107.973 74.084 -51.2091
-3.10627 14.8391 0.455062 -103.426 -43.6384 116.693
-0.194804 -15.6168 0.430728 183.691 12.685 55.5715
-1.29942 -17.523 -1.892 71.9796 33.2208 -125.457
-2.27786 20.9133 -0.362776 -33.1708 -47.1285 38.4313
-3.25498 13.5729 0.831964 -132.976 -42.769 145.816
-1.24616 -16.6093 0.509464 58.5476 -11.6976 101.226
0.367951 -15.9269 -1.31534 214.17 -82.7117 -90.3426
-1.62549 17.1953 -0.699007 4.11852 -87.8122 -23.683
-3.33686 16.6629 0.0810634 -167.407 -54.8235 65.9044
-2.69667 16.9348 -0.684 -105.642 -49.4679 -5.12531
-1.45545 -14.0888 -0.462261 12.7182 120.556 1.76276
-2.85568 12.7572 1.43322 -156.169 -44.0099 178.938
-1.37288 18.1015 -0.793946 -9.55354 -40.2987 17.4922
-0.493752 -20.3752 0.939931 65.5966 38.6915 43.9625
-0.0948541 -19.7458 0.21234 96.824 -14.5712 -21.6846
-0.521253 -17.9016 -0.0189899 49.7246 38.8805 -40.6011
0.454387 1.33851 2.91097 142.63 151.816 -0.348097
0.330637 -19.4319 0.202643 129.316 -12.3781 -35.0505
-0.15147 -17.3566 1.35238 81.391 38.324 88.9944
0.0267515 -22.1233 14.6505 98.5262 22.0905 141.452
1.67576 -6.27614 0.928394 258.983 62.0714 -44.6937
0.415522 -15.0703 4.56345 127.816 -15.9511 -86.0216
-1.15985 20.4107 0.432416 -33.3689 -45.2139 61.5433
-1.45322 19.8333 -1.16126 -62.9249 -45.1457 -88.2862
-1.72895 18.711 -0.183352 -92.7938 -45.0147 2.16275
0.144763 -19.0368 0.0854365 93.2331 106.879 -51.9865
1.87719 -18.4446 -1.8511 262.305 -121.745 -118.323
-1.58687 17.9302 0.0999859 -82.3765 -43.0452 27.8893
-0.157203 -18.5455 0.0247939 55.8356 35.7752 -65.9462
-2.51302 17.9339 -0.49346 -180.897 39.9621 3.45841
1.58563 -3.09798 -0.217876 222.886 -213.015 -19.3721
-1.77591 18.29 1.0754 -114.078 -43.542 52.3277
-2.72561 12.017 1.37192 -210.732 -32.2142 140.932
0.474477 -16.4364 0.182509 106.931 30.766 -43.3765
0.0707222 -15.2374 2.20665 64.5609 28.5434 150.593
1.12008 -14.9563 -0.942287 161.64 24.8911 -143.148
0.486216 -18.8015 0.780944 93.3333 38.0991 42.5544
1.2613 -13.4343 1.88585 169.127 23.2705 127.257
0.558287 -18.276 1.44216 98.8125 39.5124 105.29
-2.26624 17.1488 2.00412 -184.808 -122.351 12.8522
0.983826 -16.8877 1.20166 135.214 39.6987 84.9737
-2.00078 -2.20298 7.19613 -162.757 -100.697 -37.4577
-1.45177 17.0376 0.767228 -116.211 73.6088 -38.5119
2.25327 -6.47684 1.77345 246.88 17.7467 151.953
0.147728 -0.0978108 0 13.8346 0.208888 0
-1.49858 35.4316 -8.34781 -161.507 6.18161 -81.6811
-0.358993 18.3948 0.231784 -49.8676 -38.9619 59.2976
0.175841 18.1752 -1.88123 2.00736 -80.8879 -61.3194
-0.213297 19.6788 -1.22435 -37.3567 -41.5848 -74.4462
-1.49685 13.26 1.54413 -172.968 -24.1592 112.371
-1.76202 14.1824 1.18028 -200.339 -35.7656 75.8016
-1.44975 16.2255 -0.0419988 -175.802 -26.5789 -43.3121
-1.45071 16.5798 1.39377 -176.951 -33.8532 90.1262
-0.471853 16.2811 -0.941753 -84.621 -35.9533 -127.925
-0.442159 17.5436 2.04648 -84.9373 -37.6783 148.857
-0.52956 17.7482 1.3677 -93.6538 -39.0366 84.7673
-0.471821 18.7694 1.37547 -90.6544 -36.3586 83.1274
-0.708918 19.984 0.553224 -115.903 -40.1596 3.13164
-0.477287 20.6376 0.768136 -96.0971 -46.8104 21.4974
0.292088 19.3248 0.388093 -20.5966 -41.5553 -10.7963
0.0455637 21.0082 0.0749112 -47.7918 -42.5267 -44.1647
1.83129 -17.2714 -0.866572 118.258 -21.8627 -55.9136
2.15001 -16.0207 0.441454 146.936 111.924 64.6502
1.58982 -18.7809 -0.712236 88.421 43.5829 -39.3432
1.75906 -19.5434 0.666533 101.84 44.6187 90.877
-1.11742 15.2112 -1.63719 -186.221 -13.4924 -101.765
1.0097 -18.3027 -0.817572 8.81745 39.5735 -16.8225
-0.337832 19.0008 -0.679523 -134.168 -28.003 1.16414
0.447891 18.1793 -0.421827 -56.4964 -32.863 22.7129
-0.136383 13.0417 2.16489 -139.261 -16.9954 167.077
-0.404536 15.6827 0.92757 -189.411 -14.8008 44.1435
0.261448 16.1615 0.11244 -132.003 -18.526 -33.5916
2.27185 -17.127 -0.428351 65.2133 42.9832 58.1891
2.44043 -18.1447 -0.412788 72.2249 45.6289 65.4937
0.839482 17.6723 1.61175 -92.0558 -15.7535 102.78
2.22339 -35.3948 -2.18316 37.2947 -80.2492 1.77469
3.55493 -14.1817 -1.52958 165.644 57.3092 -120.365
1.634 18.3805 1.6295 -26.7217 -38.414 101.923
3.56192 -16.4116 0.105581 164.068 43.7993 4.54709
2.56203 -20.5679 -0.737403 62.9194 49.6911 48.8813
2.46695 -17.7846 -1.41331 48.0102 41.258 -138.121
3.16139 -15.8565 0.10492 110.352 53.1677 35.226
1.42695 20.369 -0.124184 -64.9457 -36.5729 -67.6187
2.22841 -19.1167 -0.629545 12.2478 41.683 -65.1456
2.42499 -20.2676 -0.97057 18.7704 44.7618 -97.4569
3.28722 -18.5513 -0.0448329 98.3202 5.65411 18.37
0.645341 23.6259 -5.10204 -183.009 -159.893 93.8246
1.82939 16.9266 0.0413042 -78.3571 -25.7182 -95.115
3.65924 -17.5709 0.751072 92.1292 50.5648 -11.4865
1.81239 2.76841 9.74418 -97.6705 -9.57717 110.547
2.33882 17.8928 1.371 -45.4114 -30.4791 23.5577
2.09526 0.781121 0.986357 -88.9255 197.626 -30.732
4.88117 -8.42288 -4.70509 179.506 120.377 -81.6568
4.66339 -13.4738 -0.535973 150.287 68.5156 -84.1872
2.36367 20.3117 0.526921 -78.3126 -31.2345 -69.4557
2.62006 17.6796 -0.0538138 -53.0548 -31.2656 30.3849
2.17978 18.1837 -0.225742 -100.773 -20.72 15.0539
5.01923 -13.6996 0.545302 177.633 75.142 16.364
2.5947 18.3243 -0.022922 -66.3151 -38.1024 35.2811
2.84429 18.4481 0.10857 -44.5318 -24.9497 46.4627
2.78122 21.2126 1.4255 -53.2896 -37.7048 9.1136
4.20455 -14.9688 -1.27428 80.5689 52.747 -156.503
2.01164 0.843904 -8.22272 -140.175 -23.9883 -111.427
2.92625 11.4305 -5.46632 -54.1671 95.7365 133.246
1.77547 14.4603 -1.3388 -169.065 11.3254 -150.163
3.58503 -16.3811 -2.01023 8.13685 61.6919 -159.534
4.90772 -12.9466 -6.04287 139.4 3.66187 63.4616
1.10168 8.38987 -0.408209 -247.053 133.46 -49.5032
4.8573 -16.8339 -1.14555 124.716 34.4587 -77.8806
4.85556 -15.7865 0.945626 122.769 63.3271 49.1619
4.77044 -17.7403 0.0272875 113.025 54.9859 -5.11721
2.06817 16.7368 0.784319 -162.765 0.298661 13.3235
2.72547 9.75447 9.44957 -105.489 24.4279 -83.4284
2.35847 15.6586 0.61447 -145.66 -1.36655 30.4545
5.36861 -13.2303 -0.823461 128.995 41.9983 160.469
4.31849 -19.2938 0.267673 23.5958 49.7734 58.7222
3.08743 16.4876 0.640701 -99.6181 -12.7367 31.2683
4.90415 -20.122 -0.826326 60.9105 57.6819 -42.1807
5.46042 -35.0006 -8.83568 112.801 43.5718 -62.7971
6.00421 -12.2012 1.23209 158.937 96.8366 90.8291
3.38476 17.3366 -0.243133 -104.377 -31.1304 96.8226
5.76769 -10.7426 2.70522 117.122 -100.296 -55.4091
3.7369 15.3215 4.02835 -91.2753 -39.0191 59.3032
3.73455 15.2964 -1.61333 -103.073 103.032 -97.8931
6.29265 -13.8984 -0.0109554 141.895 78.1929 -34.4605
5.50101 -0.945114 2.32114 62.2576 186.365 36.562
5.90369 -14.2219 4.5745 96.2635 119.766 51.5782
4.3098 19.662 0.749704 -63.3549 -28.6472 35.6958
6.1224 -13.6472 1.63118 115.891 72.7582 114.566
3.70718 15.729 -0.575713 -127.83 -27.9945 -56.0651
3.61271 16.5228 -0.734863 -142.292 92.0686 -117.072
4.45302 8.68349 6.89252 -66.3142 -136.125 129.402
4.33382 16.4239 1.04216 -85.3725 -12.0306 96.6013
3.94763 16.8496 -1.1334 -131.599 -102.973 -161.086
6.13626 -15.453 0.138041 84.9376 64.0299 -21.5338
6.29591 -15.3315 1.54637 99.2168 75.4646 105.731
4.80694 16.7031 -0.422986 -52.2602 -21.2111 -40.6311
6.6419 -15.7255 -0.625647 120.206 74.8409 -96.0909
6.04797 -16.2936 1.42889 53.7075 55.176 95.5023
6.43478 -18.5792 -1.4391 82.3973 279.2 144.963
5.3433 17.0888 -4.5824 -37.9294 23.5633 -236.049
4.66523 18.3654 0.258033 -111.536 -11.7189 26.3716
7.187 -16.8685 0.223209 132.505 87.2923 -19.4918
4.10135 9.66429 2.25825 -185.945 100.102 166.451
5.94195 -9.02699 -7.64977 -10.9995 -68.5518 97.6668
7.5262 -11.8528 -1.67893 144.412 105.701 -118.558
4.32891 11.9925 -1.6064 -174.643 57.735 -144.469
5.38138 18.928 1.71241 -78.3411 -15.2148 96.6881
5.09885 16.6778 0.143495 -111.346 4.42423 49.1616
7.09019 -18.3632 -0.0374811 83.7881 69.5951 -46.8683
4.80393 17.1216 -0.836886 -149.988 16.8331 -41.9817
4.70516 15.9618 -0.248324 -165.725 30.0602 -28.6656
5.20063 25.0555 -10.4699 -117.277 -49.1054 12.5465
5.13057 13.722 -0.281176 -131.786 30.1696 -118.414
5.95822 18.8854 -0.713068 -50.6437 23.7452 82.3503
5.14849 32.5825 -0.631178 -135.221 -230.363 136.65
7.24325 -19.3743 0.568833 67.9915 67.8239 7.66092
6.92683 -13.1845 -2.72924 33.1788 -16.8825 143.122
7.85162 -15.2387 0.979162 122.871 82.4592 37.8531
6.97294 -15.2649 -0.85039 34.1005 54.9453 -70.5125
5.41217 7.98302 5.54516 -121.349 168.078 -49.5551
5.66628 16.2754 0.614639 -99.3971 2.22837 51.9389
7.83713 -15.4869 -0.358156 111.07 84.9667 -88.3042
5.25072 14.4133 0.265078 -146.494 41.701 -71.1617
7.88221 -15.9044 0.595763 101.687 79.3997 -0.166363
7.9746 -16.2481 -1.19722 107.6 11.0072 -101.224
7.41209 -19.7662 0.0569319 46.1861 62.1668 -48.7641
8.01395 -18.1253 -4.98147 105.787 103.536 11.3759
8.28096 -16.4776 -1.95699 123.437 57.3309 -199.453
7.41772 9.86376 -10.9018 24.7296 -25.882 31.8673
8.76946 -15.566 0.524866 153.326 135.43 54.7198
7.29931 -16.5633 0.184137 6.49809 47.9702 53.177
8.63235 -16.2705 0.32639 132.776 96.8258 40.5285
5.53702 14.3177 -0.792035 -182.556 53.1541 -66.9585
7.99706 -15.2022 -1.28268 60.3617 70.0205 -72.6066
8.39812 -17.2231 0.601647 99.4919 80.4064 -4.05621
7.09789 16.839 0.35208 -31.5174 -28.918 87.2422
6.26459 18.2963 -0.25865 -121.301 3.21312 -30.5394
5.99132 9.24575 2.23779 -155.123 98.1723 185.108
6.7155 15.9453 0.727766 -95.5145 8.49772 -40.7949
6.73375 20.5098 1.06654 -96.7549 -64.6653 -16.9593
9.07617 -9.19142 4.64973 132.819 37.8452 -89.6923
7.1389 14.5817 1.42623 -64.7526 -0.115146 109.959
8.74304 -11.9049 1.10298 94.3391 90.9996 133.828
8.16163 -14.5242 1.42967 36.0155 60.5475 119.078
6.76734 20.9707 6.74583 -109.476 -37.0975 -38.3886
7.13488 14.4558 -1.07098 -82.3296 -19.0592 -90.6397
7.55615 14.8934 -1.1913 -43.362 9.57705 -105.853
6.60733 27.2053 -4.78191 -139.481 -130.555 110.713
8.58182 -17.2094 4.36163 55.7238 98.4593 -167.074
7.0864 13.7777 -1.01607 -96.1823 123.787 68.0374
7.07976 18.0386 6.7888 -99.9349 0.442922 -79.8178
6.24303 15.7411 0.0118729 -184.982 60.56 9.03235
9.09147 -16.5254 -0.355783 96.0635 90.9918 18.8058
8.88875 -12.561 -2.31306 75.6624 83.3614 -184.719
8.33423 -17.133 -0.482194 16.0615 53.8066 7.59454
7.59459 18.7587 0.773723 -69.8361 -15.5565 28.0524
9.28576 -9.87867 -0.432 94.339 97.2133 -151.863
7.01823 17.5174 0.688998 -131.374 24.1245 -54.0824
7.98938 15.744 0.101575 -59.8414 -9.70282 17.8281
8.01415 16.062 1.60254 -60.8785 -6.92442 123.955
9.50493 -13.4431 -0.742018 81.0015 87.9254 -35.3847
7.51889 14.8684 -0.882574 -128.644 107.197 -19.8775
6.79694 14.0397 -1.2862 -202.13 19.6894 -55.9011
9.15203 -14.8208 -0.97442 13.2177 59.7601 -42.8877
9.38958 -16.6076 -1.38004 23.1625 57.9595 19.1477
10.3534 -12.9294 -0.720854 102.951 220.732 -36.6273
10.6251 -10.876 2.00523 126.027 127.427 62.9114
10.2506 -15.0201 -1.14089 84.8677 74.5235 -41.2653
9.72319 -11.7982 -9.83483 32.1113 42.3661 -8.80412
10.0621 -6.95944 2.11947 64.4645 112.882 190.128
10.3392 -16.0815 0.766891 90.8669 -25.7542 73.4674
9.08671 8.81461 2.56768 -44.3563 12.104 235.908
8.3731 17.8605 0.645753 -118.514 14.7424 69.7636
8.28412 21.2747 2.84546 -130.737 -91.4293 -42.642
8.00936 14.4003 0.386317 -162.458 61.9342 78.0308
8.68729 14.1726 -1.00691 -105.413 31.1348 -52.5953
11.1777 -10.3403 -1.56981 125.092 141.664 -82.7
10.3757 -16.2558 -0.504816 40.6449 89.5565 36.0354
10.4201 -11.3496 1.50896 34.5826 70.6968 206.989
10.7228 -7.90619 -1.04224 60.4238 107.527 -201.316
10.4239 -12.4307 -8.66779 22.9748 22.726 -68.3661
9.56018 14.5439 -0.193607 -69.1946 1.88359 25.8463
9.58787 14.6526 1.04361 -70.0096 5.41064 21.2676
9.92795 14.5977 0.51029 -47.4315 -12.8224 -29.4099
9.30803 6.55202 -1.20218 -118.418 186.09 -118.886
9.09743 10.8833 0.797988 -144.044 114.358 69.6654
9.57233 15.4102 2.06372 -105.569 28.1986 114.106
11.7509 -11.3894 -0.950227 106.97 129.89 -19.6665
9.50892 10.554 -1.34306 -115.929 74.0499 -130.895
11.9202 -7.44316 1.25565 114.727 175.365 108.053
10.0837 13.8357 -1.63865 -68.2856 8.30521 -79.1674
10.1967 11.6122 -2.35128 -58.7514 10.0205 -201.933
9.82439 9.12672 -2.29135 -104.755 100.159 -154.115
11.0613 0.444517 1.47362 17.5053 227.33 132.316
10.0561 12.009 -1.44339 -83.5414 25.6483 -170.189
10.5342 9.48408 -3.60935 -37.2307 137.898 29.0016
9.48974 11.3337 -0.363902 -142.462 124.596 -39.3236
11.8488 -11.8729 -0.736109 84.4875 123.481 -0.891386
9.50431 34.7944 -13.1287 -154.558 -101.027 92.6022
12.2853 -9.78751 0.310188 118.664 157.945 32.7979
10.1513 15.9377 1.74462 -93.6114 17.9264 80.8839
11.699 -8.05183 -6.99117 59.1196 -10.9747 -38.1972
11.8414 -10.8363 -1.48318 72.2426 112.471 -36.7829
9.79191 13.8603 -0.94787 -139.554 67.5919 13.0265
11.9928 -10.5126 0.636219 69.0645 113.17 63.4111
11.5417 -12.0448 -0.595055 22.7509 21.864 84.1833
11.4177 -18.2278 -0.249225 8.83999 58.1315 21.3568
10.2225 11.3616 -1.37468 -116.57 88.3891 -134.199
11.8945 -12.5908 0.340299 41.7171 86.143 127.848
11.6073 -13.332 0.120134 9.4312 198.319 -9.12376
12.1244 -2.01455 0.248726 60.7248 224.235 4.38414
10.768 6.63093 1.85308 -79.0685 151.436 166.617
10.2408 11.7396 -0.828487 -134.972 105.514 -83.1513
10.7586 12.7 0.681988 -92.5353 38.0325 46.8096
13.0484 -12.8542 -2.43372 109.201 137.692 -155.345
11.1925 5.61914 -0.269778 -82.7314 232.118 -18.1974
10.7547 15.3167 1.27752 -126.59 46.6669 90.755
11.4216 12.9843 1.43981 -65.1552 9.78534 155.281
13.0635 -14.3495 -0.818124 96.971 29.9712 14.5998
12.6068 -14.4938 3.09153 46.3508 179.294 155.59
12.4259 -14.1984 -0.607814 27.5422 71.2156 -122.534
11.6016 12.7962 0.701199 -55.2924 3.39342 47.962
11.6552 7.05443 -2.35855 -50.1589 27.0445 -198.148
11.007 16.0731 -0.664389 -119.378 42.9565 22.1636
11.2723 13.3015 -0.724455 -94.4613 41.9956 -85.6786
11.2025 6.73894 -1.03991 -101.837 194.432 -101.039
12.936 2.39083 -1.69353 66.8723 -22.284 101.255
12.4025 -15.3978 1.74173 13.313 22.3767 -70.0908
13.0904 -9.65702 0.853861 78.2143 135.83 131.745
13.24 -14.0635 -0.918523 85.4642 73.7284 -10.7129
12.7525 -5.20383 -1.60282 35.8317 140.063 -142.995
12.4365 -11.9223 -0.673062 3.72853 55.3125 -89.6997
11.5254 10.8593 -1.49371 -86.9022 59.7252 -162.555
11.0219 12.4469 -0.98627 -144.693 96.468 -98.3489
11.4442 13.689 0.210453 -108.096 47.1596 1.41377
12.2259 3.50631 -2.70404 -33.7745 21.8168 -245.866
11.4527 9.75011 4.12346 -111.194 101.408 128.658
11.5234 10.4889 -0.0917576 -112.246 105.061 61.7057
12.1487 14.3944 -1.44962 -53.2631 -9.1136 25.3795
13.0027 -11.9157 0.368136 29.4181 83.5197 7.17974
11.8669 10.965 -0.500806 -105.326 79.9749 -35.5337
13.1694 -16.2993 1.712 22.8336 69.8296 -13.619
12.7378 3.39741 0.0883063 -23.0538 231.088 26.7151
12.0146 12.5638 -0.747708 -100.51 63.0988 -76.2559
11.9135 11.0097 -0.698077 -115.944 108.813 -35.0822
12.0559 10.1525 0.686381 -102.975 90.093 -161.072
13.4233 -6.35667 1.72258 25.1155 105.709 140.643
13.5439 -14.9524 -1.25622 33.3902 87.0602 -31.4717
12.3413 10.9994 0.142693 -91.2937 59.5417 25.0135
12.1469 14.8518 -0.859428 -119.358 54.8661 -57.8405
13.5588 -15.0655 -0.228364 16.8994 67.6007 90.7667
13.96 -15.4411 0.530712 55.844 230.292 -19.6439
12.0429 13.1084 0.468974 -135.919 79.5204 37.4919
14.1215 -10.8356 -1.07123 63.7838 126.061 -43.5313
12.4544 14.9328 0.107477 -107.629 44.3075 33.017
12.4987 10.0996 -4.25249 -108.827 91.5048 -99.6205
13.326 -0.677591 2.19134 -27.2359 19.8597 200.87
14.1685 -13.711 -0.929164 50.5276 103.836 38.7051
14.1488 -9.89765 0.622403 47.0958 117.105 21.1309
13.1288 4.22826 -0.558053 -57.5967 187.516 -27.4954
13.6734 -4.85742 3.11081 -8.16919 224.839 269.665
14.0603 -13.0751 -0.753417 22.9201 81.4722 -100.277
12.8805 13.1467 0.682146 -100.149 44.344 57.2384
13.1504 14.6965 -0.0615811 -74.3341 9.61907 -26.0162
13.4365 2.42773 1.89344 -48.6254 133.761 197.145
13.5029 10.5574 -1.37529 -49.508 5.10459 -137.901
14.4363 -9.9341 -0.101401 43.077 120.311 19.8628
13.5404 2.93912 0.283231 -52.5551 180.674 46.5574
13.2216 15.2268 -0.620454 -84.5145 20.0372 -34.2751
13.164 8.97724 -0.813389 -91.6749 105.655 -49.805
14.2731 -2.15934 -1.48659 9.8984 128.512 -134.596
14.373 -9.72626 -1.89402 19.6102 87.769 -46.2746
13.0011 9.2623 -0.659555 -120.347 13.811 -101.419
14.3307 10.1772 1.44041 7.95743 113.731 -61.348
14.8475 -8.31529 -0.116712 50.0967 131.821 -85.8294
14.5188 -13.0997 -2.14211 13.9867 72.5478 -81.3869
13.8121 -2.50979 5.48097 -60.3644 -13.6331 -40.6692
15.0943 -5.91272 -0.37443 63.8794 177.263 -26.7841
13.7097 9.91035 -0.0314394 -74.0725 49.573 -16.6297
13.4365 20.1177 3.93958 -105.667 -115.738 -150.565
13.4633 10.7362 -2.28717 -104.584 195.304 -63.401
14.0315 15.939 0.241401 -53.7991 -21.427 10.2364
14.1547 13.4476 -0.631301 -41.6351 -15.1406 -43.8423
14.8563 -6.64151 0.839194 25.808 117.559 86.9678
15.1501 -2.84049 -2.29557 54.0568 315.787 -310.314
14.7135 2.2338 7.25979 -3.59323 66.4484 24.1011
13.8808 10.3974 -0.457807 -88.8012 82.3689 -86.1189
13.8634 7.80574 -0.65483 -91.6104 130.876 -70.1714
14.5764 -9.52452 1.45874 -24.0079 30.8788 115.109
14.4786 3.28105 0.675595 -39.7348 207.156 52.5736
14.9272 -9.32304 0.976659 3.52883 74.1559 13.5444
14.3306 3.98864 -1.07055 -57.5479 126.461 -168.232
13.9544 13.8664 0.0137178 -98.3548 49.9297 27.7719
15.4399 -6.48634 -0.0734812 47.4666 149.961 1.69884
15.3308 -8.73967 0.487342 32.9963 109.875 79.4298
14.8801 -4.15406 -0.60098 -13.3693 -2.45466 90.1733
14.1129 9.33391 -0.416808 -94.0146 88.4436 -10.8499
14.3515 12.1323 -0.381049 -74.3136 32.3327 -22.4344
15.0916 -8.53515 -3.95984 -1.02261 67.6782 0.446957
15.3306 -5.13241 -0.234059 21.6878 132.974 -29.5532
14.2129 7.40087 0.339708 -91.1672 153.509 27.3009
15.0719 -10.8205 -0.578738 -7.85683 55.2461 86.0846
14.7582 3.54143 7.12699 -41.4323 77.5627 -99.4656
15.0586 -1.47575 1.98996 -12.5427 121.238 178.412
15.6739 -8.60869 -0.762582 45.1971 138.952 -93.4353
15.3723 -7.16822 0.752692 14.7757 100.381 79.2311
14.6865 2.94483 -0.445747 -55.5739 173.306 -20.0368
14.5241 9.1277 -0.0547137 -73.0762 59.379 23.4098
15.2783 -2.67727 1.84031 -0.706269 121.767 92.8526
15.4248 -7.63663 -1.14503 12.1829 99.8564 -131.27
14.819 14.1932 -0.570996 -48.5335 -9.7311 -37.4224
14.6859 19.3155 -4.56423 -67.7269 184.198 13.5592
15.3968 2.69328 2.94393 0.64588 -68.3656 52.4195
15.3108 -6.46445 1.82532 -15.6368 119.308 64.264
15.6714 -4.38934 -0.565978 18.8202 145.556 -78.494
14.6399 7.22276 0.182054 -89.9192 122.132 12.4138
15.9616 -6.77231 0.795161 39.0114 96.8759 6.56631
15.0057 8.98951 1.43543 -57.3892 30.1153 163.546
14.6993 7.94807 -0.649821 -91.8867 110.289 -70.2024
14.9311 28.5401 -15.7703 -71.2688 41.9401 59.6946
15.4375 0.443363 0.80076 -24.6715 137.588 69.9775
14.7657 7.89109 1.11285 -92.7576 101.889 94.8252
15.1693 5.31342 -1.25255 -57.2103 113.271 -108.065
14.9202 14.0996 -0.122117 -82.3495 35.2934 18.7318
15.9311 -4.11573 -2.0505 17.6384 146.885 -140.83
15.8887 -12.9751 -0.730364 6.82533 75.0054 -82.502
15.0589 10.8326 1.30564 -79.4278 58.3309 75.883
15.6191 -13.7647 -2.91669 -23.9999 146.758 90.8739
15.4293 6.9665 1.79944 -43.6834 9.65914 159.041
15.294 5.00293 -1.009 -59.6312 80.5258 -85.1696
15.7895 -13.2684 0.183407 -10.7507 54.7582 2.99313
15.2387 6.89759 1.14802 -66.494 79.2925 102.772
15.0952 5.01875 1.17339 -85.8115 89.5617 79.3579
16.2933 -7.13434 0.869485 32.5583 140.635 90.5888
16.1194 -4.65845 0.850761 14.7744 138.027 53.3732
15.6456 2.80443 -0.126468 -33.7372 155.29 10.8946
15.258 14.7177 -0.345446 -74.1988 12.7716 -39.9953
15.5549 2.28105 -1.75802 -50.8274 105.66 -141.769
15.92 -10.089 -0.249775 -14.8174 51.6694 12.8801
16.1981 -6.42583 -1.63141 9.70191 101.741 -119.769
15.9378 -8.98781 -0.17403 -22.9116 37.6744 -57.5722
15.3404 8.08755 0.0480487 -84.031 100.82 -5.1795
15.0376 11.6557 0.0975983 -122.7 32.9555 -10.0611
16.371 -3.23539 -1.50953 9.39133 158.252 -82.2473
15.8462 9.0865 0.254571 -45.828 1.9271 54.2966
16.7092 -8.02027 0.312375 37.7947 134.974 -12.3347
15.9511 5.01953 0.843786 -39.9608 67.3898 91.1403
16.37 -2.78274 -0.569238 -4.06843 122.562 -47.9542
16.5655 -10.0448 0.917808 7.65617 80.9417 123.138
16.1065 3.35991 -0.931255 -44.2776 40.5631 -162.62
16.1154 2.86002 -0.554346 -46.1044 156.459 -28.3208
16.4944 -1.55694 0.987427 -9.47489 137.595 83.7914
16.3906 0.611158 -0.0405057 -23.6189 139.126 -14.4803
15.9078 5.92139 -0.0120042 -72.5622 148.228 8.63878
16.4018 0.119602 -1.76305 -27.0143 93.326 -175.826
16.2071 -14.3219 4.27265 -46.645 61.0528 76.3644
16.3977 -0.342726 1.13647 -32.5955 70.3642 101.083
16.0483 11.1521 0.365505 -68.3906 27.8505 18.3939
16.6391 -0.500599 0.598892 -13.3101 170.579 73.2857
15.8285 11.7089 0.273169 -95.8612 83.587 -23.5635
16.1169 11.3984 -0.0140449 -67.5457 25.8546 -34.7908
16.8113 -2.64013 0.285341 -1.13152 162.712 -60.7645
16.7594 2.75602 -3.03647 -7.28037 94.9289 21.919
16.0731 9.98281 -0.272312 -75.6976 57.5005 5.97199
16.3702 2.74047 -0.596283 -46.4405 143.53 -31.8811
16.5432 -2.64404 -1.07764 -29.5386 40.2805 -109.738
16.4238 5.98481 -1.20614 -43.7401 22.4169 -143.447
16.4545 -3.35964 -2.46199 -42.4521 92.3628 -111.396
16.4632 3.26316 2.06908 -44.6555 70.1267 170.854
16.6078 0.677714 0.331672 -32.5631 77.9559 84.8891
16.2632 7.08879 0.281757 -67.3777 60.4617 21.3401
16.9809 -8.92822 1.04125 3.59059 84.5564 54.299
16.2619 8.26072 -1.03533 -81.586 80.8312 -107.171
16.1624 -1.94838 3.33206 -92.7325 -12.4394 56.3719
15.913 6.27833 2.87793 -120.79 4.90088 67.9318
16.9754 2.39803 -0.461167 -15.3997 113.803 -45.3176
16.8576 9.37091 -0.245768 -28.671 -11.4492 -4.33581
16.6856 10.989 0.589505 -48.6782 -5.06265 5.03096
16.6027 2.04913 0.285367 -60.2888 71.8663 40.9317
16.9039 -0.160486 -0.58033 -32.8302 90.5435 -59.8566
17.3865 -6.19174 -0.0422998 13.849 123.786 40.6373
17.2426 -3.96016 -0.0478504 -4.77408 119.374 58.3548
17.0927 -2.09016 0.212068 -20.7955 99.941 10.8035
16.9739 -0.686009 1.34911 -33.7474 41.8169 120.809
17.3317 -2.74569 -0.515338 -0.905915 147.694 -42.6039
17.0263 2.25748 0.582596 -34.3077 94.768 79.268
17.2916 -6.70574 0.592434 -9.461 78.8446 46.6877
17.1867 -1.19853 0.292407 -21.6075 113.461 45.2356
17.1267 -4.63699 -1.23263 -29.1404 62.039 -19.3837
17.3397 -5.39633 -0.360329 -9.53979 84.4009 22.9773
17.5881 -6.85136 -0.525655 10.0015 122.511 -13.3712
17.6163 -8.36577 -1.03328 10.6849 104.259 -86.7096
16.6997 3.44891 -0.558858 -82.591 198.343 -20.0348
16.9514 11.8516 1.40783 -62.1267 136.221 -25.3273
16.9745 6.19809 2.70909 -59.8476 43.8121 0.480872
17.5801 -4.55885 0.210237 -1.16058 158.353 4.53864
17.6921 -11.8694 0.307501 9.82578 212.669 14.6218
17.3834 -0.748895 0.284081 -21.0236 158.038 44.6511
17.7465 1.11823 -0.374092 14.7332 -25.6898 3.58977
17.4534 -8.19544 1.42878 -16.321 60.8938 63.0314
18.0035 -7.77819 0.353819 36.2986 270.626 -5.66818
16.9706 7.37888 -0.25776 -67.5898 62.4137 -29.3962
17.6942 -4.70645 1.42671 -0.213269 58.2044 114.236
17.328 5.26858 0.15386 -42.4752 57.6564 12.9286
17.5867 1.09734 2.72636 -18.1656 -32.4115 -11.3215
17.6297 -4.10708 0.198869 -25.7605 51.6843 -74.4859
17.3874 11.4701 0.525019 -49.87 -2.95893 -3.09205
17.73 -0.95096 0.429794 -15.9019 176.285 7.34112
17.2422 6.61534 0.331455 -66.6748 72.231 21.4287
17.3876 5.28846 0.381229 -53.3044 57.9203 46.2105
17.4817 6.35611 -0.14635 -46.7064 22.4813 -46.165
17.8961 -5.91396 0.680738 -8.44753 93.2961 34.1146
18.1416 -5.73222 0.0126749 15.9182 146.705 -46.4483
17.1537 8.0106 -0.072489 -88.6523 107.075 -12.167
17.6269 2.08931 -0.313002 -43.2418 74.3511 -3.61528
17.5188 7.01235 -3.09876 -55.9545 47.5229 -33.5885
17.591 8.05674 -0.540728 -51.8697 20.8159 -61.4549
17.8503 -6.27177 2.64037 -26.1557 58.5719 64.9198
17.5407 10.2209 -1.46595 -57.4647 13.6357 -103.438
18.1634 -4.54306 -1.06828 -0.647997 110.423 -36.0785
17.7253 -5.69375 3.59271 -46.5013 32.3815 117.664
17.7696 2.0311 0.679964 -43.2767 67.7371 50.5938
18.0947 -0.51314 -0.671006 -12.4662 67.4074 30.3174
18.1857 -9.87306 0.450899 -9.00158 68.8532 -4.40266
18.3559 -4.80129 2.5614 2.75846 61.0096 6.28769
18.1407 -8.0069 0.579186 -18.9728 58.0761 74.0052
17.9828 -0.0674238 1.78717 -41.0133 42.9752 -1.80399
18.0439 -3.05005 1.03247 -34.963 28.8745 87.0573
18.2419 -4.43023 -1.31139 -28.9307 51.0969 54.9964
18.2929 -9.50434 0.192306 -25.4215 46.0533 7.11607
18.2198 -5.31591 -0.610696 -33.4947 28.8039 10.3096
18.4308 -8.05196 -0.219344 -16.5883 65.5118 -0.491399
18.5749 -8.13153 -3.46099 -4.80916 86.1998 9.92016
18.4872 -5.81392 1.32587 -15.3866 82.2616 18.9924
18.2578 9.5171 -2.08695 -40.4139 113.554 -100.922
18.4246 -2.40875 1.15845 -25.4404 93.6976 98.7086
18.0449 8.49094 1.04989 -64.9855 37.4636 87.1514
18.2649 23.8854 -7.12927 -51.6714 41.724 -66.9428
18.1856 5.88181 0.808086 -61.5038 120.111 114.826
18.2647 -7.63363 -3.42609 -57.8098 9.22103 -25.1322
18.6589 -1.05759 -0.994094 -18.719 145.339 -73.767
18.6658 -9.60623 0.129742 -18.0964 56.909 22.9863
18.5001 -0.366157 -0.142873 -36.2792 58.6467 -25.5084
18.5842 -2.72633 -0.865122 -28.0953 67.1652 -90.8955
18.4789 5.00422 0.0105152 -43.0081 7.40123 12.0677
18.7701 -11.8887 0.66344 -14.6519 94.0948 26.8856
18.4973 1.67656 1.43891 -41.791 102.575 85.4256
18.3929 -6.43095 2.45278 -52.7665 169.57 10.7345
18.4751 4.85868 -1.11258 -45.0102 -21.6528 -54.5777
18.5402 1.65151 0.741852 -42.2027 27.0895 55.8447
18.3794 4.40584 0.175923 -61.4959 97.8999 -70.108
18.4604 5.01843 -0.489894 -55.1564 29.5402 -45.1782
18.9634 -6.18873 -0.176511 -6.966 105.395 -47.8986
18.6378 2.01237 -1.01724 -40.3021 60.5763 -68.1754
18.4957 5.93283 0.90931 -55.9317 85.9431 86.6193
18.7005 7.81677 0.399586 -61.7776 44.1634 31.6682
19.1419 -4.24771 1.70962 -22.6195 74.5487 59.305
19.0475 2.00689 -0.685099 -38.8788 57.4168 -36.5099
19.0098 5.59206 0.835296 -57.0852 45.8605 89.7065
19.5711 1.85866 -1.91562 -14.0256 40.6866 42.0465
19.5191 -4.87164 3.48852 -19.5959 52.671 -32.675
19.6823 5.50943 -3.42765 -10.3771 164.09 -101.662
19.3416 2.18043 0.4443 -45.3596 71.0122 27.3799
19.5192 -0.665609 0.441183 -35.9313 59.444 34.9617
19.6366 -4.55141 1.88716 -27.232 59.3616 73.1033
19.424 5.53378 -0.547334 -52.1756 31.5909 -39.5641
19.3789 7.79477 -0.223324 -59.5816 19.7804 -24.9552
19.7931 -0.0574973 0.296852 -35.9809 118.072 21.3576
19.7534 2.38643 0.345397 -49.5295 87.4637 61.1597
20.015 -2.87625 -0.166547 -29.1058 77.7424 -26.2285
19.8593 12.3919 3.28313 -46.6755 151.185 22.3295
19.9292 -2.63133 0.485461 -40.8701 17.4856 66.3367
20.2141 -6.69165 -0.500142 -23.5542 65.3492 19.7184
20.1993 2.38212 -0.0123391 -44.9202 84.4003 28.2215
20.261 1.97269 0.593437 -57.6323 54.941 76.9531
23.6013 13.0355 3.81018 -33.6197 36.646 -51.8995
24.6624 -2.59379 7.44164 -44.8064 113.414 -13.1112
25.9199 -11.5478 6.1018 -13.689 155.18 -69.4597
29.3333 -10.2687 -8.73015 -30.6136 6.80191 37.2391
nan nan nan nan nan nan
20.0005 16.2946 -7.60263 -84.7054 -26.9637 21.7318
20.5093 1.39871 1.97519 -41.6163 1.23206 -31.5809
