-14.012 0.0867612 5.03184 -0.000219968 -0.334699 -0.238451 -6.62472e-05 342
-13.6563 -10.7634 2.25606 0.198382 -0.137254 0.100887 -3.2492e-05 424
-12.1138 3.14614 0.0748503 -0.0406682 -0.404946 0.322443 -0.000199737 190
-11.9134 6.01384 1.76814 -0.161518 -0.381845 -0.0853733 -0.000198992 37
-11.629 2.83949 -0.1122 -0.238529 -0.593851 -0.0459996 -8.83823e-05 45
-11.5897 -6.5549 6.94444 0.176947 -0.352611 -0.108072 -5.72332e-05 155
-11.5515 3.48658 -3.42869 -0.0465947 -0.50414 -0.0400839 -0.00021155 352
-10.6551 -2.10827 0.0308918 -0.0343638 -0.613872 0.113121 -0.000302234 305
-10.5173 -3.16074 -2.80661 0.219349 -0.507158 -0.148507 -0.000305137 500
-10.2564 1.31125 -2.65378 -0.168507 -0.589365 -0.0609856 -0.00035161 2
-10.0626 3.38358 2.32568 -0.400908 -0.398757 -0.30561 -0.000270991 347
-9.96116 2.39034 -4.91732 -0.0813743 -0.423314 0.00423685 -0.000491476 356
-9.89639 0.263835 -1.01091 0.125178 -0.631058 -0.117289 -0.000425614 100
-9.74041 -10.7981 1.26412 0.401032 0.00885412 0.153152 -7.17397e-05 339
-9.63333 -0.00541919 0.0734088 -0.00556731 -0.596496 -0.0099244 -0.000586844 403
-9.47338 -3.92027 -1.51036 0.296896 -0.527145 -0.0546647 -0.000424301 389
-9.45602 1.54954 -2.11604 -0.073764 -0.594911 -0.0762773 -0.000537775 95
-8.83056 2.40794 -0.294325 -0.144285 -0.682207 -0.0858856 -0.000500848 346
-8.60285 2.00261 3.25616 -0.137602 -0.490699 -0.0222652 -0.000761679 457
-8.54398 -2.93509 -1.3886 0.338272 -0.511553 -0.141854 -0.000636044 34
-8.49637 -10.3722 -2.45401 0.357826 -0.259611 0.221584 -9.10609e-05 183
-8.45894 -5.58693 0.308794 0.217708 -0.534724 -0.0283467 -0.000514167 263
-8.20293 -0.160115 -3.27177 0.112119 -0.617381 -0.0821595 -0.000696823 473
-8.19324 -7.82707 1.37869 0.108143 -0.244758 0.441833 -0.00037348 471
-8.18805 -3.23131 0.864622 0.343588 -0.468568 -0.148038 -0.000749458 370
-8.18454 2.32748 -1.39302 -0.0705197 -0.548098 0.195589 -0.000819867 109
-8.1715 1.05123 2.14395 -0.0434967 -0.721894 -0.1175 -0.000583284 488
-8.05383 0.862189 1.09368 0.0532686 -0.510873 0.0878167 -0.00101775 453
-8.01624 -3.88572 1.31305 0.232157 -0.326091 -0.264441 -0.000889402 395
-7.91181 -0.915871 -2.23209 0.0840408 -0.568537 0.105703 -0.000901177 227
-7.83059 -4.04744 -2.64887 0.345783 -0.487415 0.0844179 -0.000665538 173
-7.76773 -1.86629 -2.80566 0.0672385 -0.50219 0.259736 -0.000880639 358
-7.66602 1.11283 -1.59701 -0.0437753 -0.550734 -0.0684867 -0.001026 372
-7.61143 -7.19547 0.0831864 0.425516 -0.334658 0.10297 -0.000491368 295
-7.55525 -1.49459 -0.244221 0.169472 -0.584215 0.106007 -0.000976369 392
-7.53503 2.06648 -1.07084 -0.185954 -0.563673 0.109989 -0.000957695 7
-7.48175 -1.47749 0.324789 0.178576 -0.600967 0.107178 -0.000961597 492
-7.47673 -1.84042 0.205746 0.185676 -0.596437 0.0937391 -0.000953088 127
-7.41458 0.600836 -1.78275 -0.0816512 -0.588383 -0.0160174 -0.00102725 177
-7.3908 -0.949988 -1.03688 0.192859 -0.553639 0.171264 -0.00102941 107
-7.36773 11.3838 1.06863 -0.334873 -0.312312 0.0016054 -0.000141401 476
-7.31879 -1.7883 -1.43992 0.114208 -0.535055 0.15173 -0.00106397 254
-7.27221 2.94666 -2.33829 -0.114034 -0.61687 -0.132711 -0.000826078 405
-7.24952 0.831221 -1.35729 -0.100013 -0.584996 -0.0107481 -0.00108073 384
-7.233 -4.12212 1.55146 0.245433 -0.499238 -0.214189 -0.000838253 32
-7.20912 5.3943 -1.98812 -0.351137 -0.470534 -0.0347511 -0.000686788 82
-7.19669 -7.92237 1.01577 0.442002 -0.349442 -0.224671 -0.00035317 115
-7.19673 -1.04869 -0.424689 0.183547 -0.572395 0.163095 -0.00106437 255
-7.17539 0.781687 -1.97669 -0.0665417 -0.564606 0.0247225 -0.00110504 140
-7.14685 -1.92061 0.64373 0.204724 -0.601703 0.0784138 -0.00100131 157
-7.0872 0.0213477 -0.996158 -0.0520022 -0.562354 0.0151966 -0.00118687 386
-6.96887 5.8661 -0.239735 -0.36493 -0.306266 -0.0664833 -0.000864555 396
-6.89729 7.01284 0.205375 -0.559483 -0.386752 -0.0373355 -0.000399239 417
-6.85707 -3.7123 1.13817 0.26981 -0.534924 0.000381483 -0.000966486 300
-6.86392 4.49731 -3.79915 -0.465446 -0.371762 0.0651525 -0.000707098 428
-6.7919 0.353664 -1.73173 -0.00301748 -0.527663 0.0382503 -0.00127203 412
-6.66955 -0.184801 -1.84163 0.0114007 -0.520746 0.0206263 -0.00130541 36
-6.66546 0.258043 -1.24153 -0.0501085 -0.529603 0.0500252 -0.00131843 86
-6.65407 -4.52633 -0.0159051 0.368422 -0.540292 0.00760159 -0.000835439 174
-6.63564 -2.97209 -0.31576 0.236017 -0.583528 0.0734931 -0.00104762 144
-6.63159 1.63926 -1.48048 -0.103287 -0.49127 0.071064 -0.00130942 84
-6.59357 0.436042 -1.493 -0.0333945 -0.520693 0.0611366 -0.0013337 220
-6.56777 3.56197 -1.12765 -0.23923 -0.565868 -0.0543679 -0.00101194 311
-6.53239 -0.294619 -1.28728 -0.0133585 -0.518606 0.0241561 -0.00136756 76
-6.51086 -6.94226 -1.31944 0.349334 -0.388435 0.0865864 -0.000693929 118
-6.47698 -2.39697 -0.376316 0.319639 -0.597063 0.162345 -0.00101866 497
-6.43334 3.99277 -1.53036 -0.279708 -0.534471 -0.0350943 -0.000993735 53
-6.35901 -4.29166 0.263543 0.346356 -0.493722 -0.00804343 -0.00100669 230
-6.35266 -0.824981 -1.63061 0.0769851 -0.511484 0.0207976 -0.00138243 253
-6.34556 -1.92761 -1.17538 0.548391 -0.589504 -0.0220403 -0.000839562 156
-6.29675 -1.92046 -1.82235 0.20489 -0.635708 0.0997578 -0.00107761 494
-6.23208 8.10773 -2.71481 -0.452438 -0.484488 -0.148665 -0.000258379 51
-6.16748 -3.05013 -0.355827 0.245013 -0.520514 0.0547619 -0.00122878 217
-6.17528 6.72528 1.08169 -0.619327 -0.455003 -0.0335255 -0.000360597 193
-6.16068 -1.39396 -1.37734 0.11145 -0.448039 -0.0589823 -0.00148522 388
-6.15845 -4.19445 0.758597 0.334166 -0.493715 -0.00304344 -0.00106096 63
-6.05139 -4.21581 1.13212 0.267825 -0.462521 0.0178764 -0.00116123 178
-6.03025 -4.45553 0.671697 0.326249 -0.508297 0.0290895 -0.00103839 195
-6.01679 5.71241 -6.51551 -0.316349 -0.298958 0.0751928 -0.000623882 194
-5.96251 -0.240275 -0.841542 0.0023245 -0.474856 0.0221575 -0.00157268 246
-5.94751 1.6684 -1.5147 -0.126382 -0.485758 0.0367528 -0.00145979 394
-5.91484 -3.38828 -0.754776 0.278635 -0.495382 0.0547542 -0.00124675 150
-5.89742 1.23096 -1.90091 -0.177494 -0.484512 0.0287764 -0.00145096 317
-5.88427 1.82092 -2.80631 -0.129202 -0.57097 -0.0419896 -0.00124259 385
-5.82247 -3.8136 -1.15633 0.282742 -0.482164 0.0517013 -0.00121583 152
-5.77632 -4.63706 0.225439 0.396864 -0.512085 0.0339222 -0.000990833 211
-5.75332 1.40848 -0.701598 -0.147298 -0.484033 0.0510599 -0.00154262 400
-5.73336 9.65221 0.0182121 -0.57384 -0.356565 -0.0610707 -0.000144367 4
-5.71879 0.243598 1.50684 -0.0596021 -0.354535 -0.0109644 -0.00172735 216
-5.71511 -4.08221 -1.07073 0.307019 -0.47396 0.0470186 -0.0011964 309
-5.71791 4.63164 -5.76929 -0.351466 -0.332092 0.144486 -0.00078247 480
-5.70766 5.6878 1.19432 -0.411921 -0.319864 -0.0552631 -0.00101924 454
-5.70797 6.01982 -0.45749 -0.523634 -0.501663 -0.14356 -0.000616139 482
-5.62909 -2.00697 -0.75961 0.107056 -0.412346 0.0547119 -0.00162919 10
-5.60938 -1.37285 -1.14294 0.0822598 -0.444707 0.0103282 -0.00163295 143
-5.60769 1.45532 -1.87099 -0.163856 -0.499556 0.00925167 -0.00149051 228
-5.39141 -0.761669 -0.890287 0.00709634 -0.543082 0.0635618 -0.00158774 283
-5.37111 5.40722 -5.86529 -0.303163 -0.294057 0.0607901 -0.000824959 223
-5.36235 -4.51299 0.188414 0.381015 -0.446108 0.0758183 -0.00117908 359
-5.35181 -4.48547 -0.537595 0.355971 -0.424678 0.0544822 -0.00123471 366
-5.34254 -1.3512 -1.44756 0.0654401 -0.473674 -0.0063518 -0.0016428 249
-5.31968 12.2634 1.36486 -0.452 -0.0759815 -0.225725 -9.14564e-05 355
-5.22611 -1.89936 -1.19058 0.0886943 -0.413085 0.0373941 -0.00171113 333
-5.20634 -4.23715 -0.85578 0.325452 -0.450723 0.0201323 -0.00129023 298
-5.17569 -1.39593 -0.960291 0.0923177 -0.440292 -0.0124813 -0.00173363 160
-5.12357 -4.65227 -0.0532012 0.386945 -0.410367 0.0610189 -0.00123793 398
-5.08638 13.8963 -7.59631 -0.202808 -0.215948 -0.154918 -1.88463e-05 161
-5.05434 -5.30015 -7.04342 0.0660655 -0.0403073 -0.425591 -0.000708926 119
-5.02877 2.83395 -3.38889 -0.182518 -0.555481 -0.139813 -0.00123705 316
-5.01671 -0.387685 0.495306 -0.0802404 -0.394846 -0.153049 -0.00184017 135
-5.00839 0.140165 -0.465901 -0.0263189 -0.467684 -0.175093 -0.00175842 88
-4.96856 -4.9198 0.456153 0.411664 -0.451887 0.0381838 -0.00114603 468
-4.93876 -2.08862 -1.21366 0.0907516 -0.407041 0.0137015 -0.00176064 376
-4.93806 -0.909831 -0.170339 -0.0872549 -0.430657 0.025666 -0.00183615 25
-4.93592 9.26295 -0.0899799 -0.371178 -0.192456 0.0679413 -0.000654963 245
-4.93103 -1.96184 -0.688787 0.107073 -0.445422 0.0237442 -0.00174355 202
-4.91015 -1.35175 -0.573262 0.0413804 -0.417913 0.0199716 -0.00183769 106
-4.89987 3.88135 -3.00751 -0.255929 -0.530862 -0.182048 -0.00115512 191
-4.88113 -5.2706 0.00334223 0.389373 -0.414392 0.00481356 -0.00117503 210
-4.82556 5.6401 -12.3748 -0.238236 -0.420893 0.0261642 -1.98254e-05 33
-4.81 -3.64938 0.158895 0.223174 -0.345211 0.0532211 -0.00164278 404
-4.78554 -4.74432 -0.250885 0.369129 -0.400832 0.0261481 -0.00131171 273
-4.76361 -4.52199 0.0888191 0.401897 -0.437643 0.0481821 -0.00127402 123
-4.73252 -1.59459 -1.12658 0.111762 -0.415687 0.00994808 -0.00182723 422
-4.732 -3.12239 -0.29806 0.21786 -0.341058 0.0551508 -0.00173088 294
-4.65678 -1.20494 0.266138 0.0223836 -0.414823 -0.0339453 -0.00190624 269
-4.64176 -2.81136 -0.37787 0.21129 -0.340998 0.0470203 -0.00178815 303
-4.63441 3.3918 0.230478 -0.322723 -0.3954 -0.0588778 -0.00158407 464
-4.576 0.453698 -0.213389 -0.0979945 -0.513823 0.00658212 -0.00181496 121
-4.5504 6.478 -0.659661 -0.522113 -0.283128 -0.149166 -0.00093021 221
-4.50738 6.55124 -2.09519 -0.607031 -0.301905 -0.0232765 -0.000751768 348
-4.46646 4.26266 0.221257 -0.381174 -0.390375 -0.0754584 -0.00143375 439
-4.43307 -2.10777 -0.43202 0.136767 -0.424907 -0.0205877 -0.00184837 420
-4.42676 -3.26743 -0.121721 0.213149 -0.327089 0.0749017 -0.00178113 226
-4.3835 -6.70641 -2.43751 0.565889 -0.299821 -0.161046 -0.000750327 133
-4.33448 -2.36769 -0.076649 0.222399 -0.33775 0.0198793 -0.00189412 280
-4.26823 -4.65013 -0.165607 0.37235 -0.414057 0.0210597 -0.00139302 443
-4.168 -3.05236 -0.430449 0.213722 -0.340292 0.0662131 -0.0018398 364
-4.12885 -6.16734 0.186035 0.451532 -0.305382 0.0419338 -0.00115241 274
-4.12321 -0.0815895 0.0674185 -0.0229207 -0.417521 0.100032 -0.00202807 130
-4.11463 0.111844 -0.0414085 -0.061968 -0.44378 0.049796 -0.00200476 448
-4.05512 -5.75797 0.417726 0.450475 -0.285453 0.00709003 -0.00125734 61
-4.03952 -5.34066 -0.222476 0.411055 -0.342053 0.0229228 -0.00133673 266
-4.01696 -5.36741 -0.559367 0.412859 -0.376267 0.0257648 -0.00129502 92
-3.98095 5.66997 0.781854 -0.464765 -0.329013 -0.102699 -0.00120861 383
-3.96063 -6.278 -0.471276 0.507966 -0.420206 0.05921 -0.00096131 319
-3.93473 -5.87668 -0.10925 0.549638 -0.389654 0.0224171 -0.00102366 277
-3.89893 -13.6668 1.45939 0.398557 -0.280897 0.0102907 -2.95719e-05 98
-3.8766 0.661395 -0.0562513 -0.107714 -0.423789 0.0570359 -0.00205054 165
-3.85727 10.3234 12.5101 -0.213303 -0.137929 -0.0331852 -7.8991e-05 318
-3.80901 0.84304 0.459638 -0.078698 -0.401964 0.045545 -0.00208464 219
-3.79575 -2.36452 -0.340776 0.205119 -0.359285 -0.0155731 -0.00197664 257
-3.76039 5.24217 0.91245 -0.404974 -0.292034 -0.0821697 -0.00142035 6
-3.7211 -8.93166 -0.853077 0.539408 -0.314347 -0.100324 -0.000511238 301
-3.68776 -5.61644 -0.422203 0.467241 -0.303021 0.0290049 -0.00129624 83
-3.67336 -8.15016 -0.744761 0.535282 -0.299954 -0.0667518 -0.000693171 148
-3.65118 -0.499568 -3.62367 0.398332 -0.0360226 0.321707 -0.0017114 209
-3.64342 -5.1615 0.0110886 0.383915 -0.296593 0.0341682 -0.00149208 168
-3.62131 1.39986 0.528684 -0.155782 -0.377621 0.0595605 -0.00208567 162
-3.59545 1.90003 0.857098 -0.198107 -0.378674 0.064457 -0.00201953 149
-3.54483 3.24211 2.86577 -0.455575 -0.327572 0.0782169 -0.00154127 122
-3.48908 5.52405 0.505411 -0.455127 -0.283413 -0.109667 -0.00135304 313
-3.46643 -5.03577 -0.540159 0.347041 -0.276113 0.0270073 -0.00158609 102
-3.44863 0.411303 0.331578 -0.0512515 -0.381029 0.052396 -0.00218732 338
-3.3653 6.8564 1.93778 -0.493674 0.0487556 -0.479426 -0.000808618 493
-3.29949 2.06486 0.00758398 -0.158702 -0.308612 0.0807701 -0.00214904 239
-3.17436 0.122668 0.770231 -0.0350112 -0.369246 0.0499239 -0.0022373 335
-3.12118 -2.27097 -0.66173 0.251367 -0.229163 -0.145124 -0.00213147 378
-3.03784 -4.40859 -0.394952 0.342674 -0.260226 0.00888121 -0.0017739 72
-2.88733 -8.88243 0.774911 0.539408 -0.136919 -0.0126384 -0.000703446 279
-2.87166 5.86497 -2.52108 -0.359702 -0.130614 0.157318 -0.00142297 179
-2.79712 -9.77029 -1.42182 0.566297 -0.341054 -0.0780163 -0.000343783 44
-2.7792 -0.243367 -0.837577 0.0681578 -0.325442 -0.155674 -0.00229839 299
-2.74973 -5.13184 0.303652 0.466709 -0.225701 0.0599442 -0.00155432 49
-2.71393 -4.3914 0.583377 0.377904 -0.19229 0.0221023 -0.00181796 341
-2.65441 -4.74392 0.468564 0.383127 -0.199687 0.047521 -0.00174977 146
-2.604 3.78288 -0.55092 -0.320321 -0.275083 0.0248747 -0.00193845 169
-2.53413 2.19319 1.07298 -0.156857 -0.262542 0.175936 -0.00221747 30
-2.49059 -5.4028 -0.131724 0.455667 -0.216243 0.0475416 -0.00154838 256
-2.43856 -4.4406 0.151402 0.370101 -0.192267 0.045783 -0.00185068 96
-2.33128 -6.45283 1.10356 0.538928 -0.147394 0.0379738 -0.00124247 14
-2.29472 4.48869 -0.124568 -0.426684 -0.313856 0.0432269 -0.00171246 12
-2.24074 -7.5488 -0.147365 0.560486 -0.173144 -0.0961454 -0.000975012 113
-2.19813 -6.58819 0.396065 0.520349 -0.242121 -0.00363109 -0.00121948 184
-2.1325 -2.35095 -0.435403 0.313451 -0.12806 -0.0883536 -0.0022713 40
-2.00425 13.8551 -5.89453 -0.306645 -0.226384 0.0315626 -7.12684e-05 276
-2.00292 7.45715 0.848934 -0.496333 -0.156615 -0.0914958 -0.00109976 490
-1.98498 -2.46385 -1.78383 0.368503 -0.133024 -0.111539 -0.00214228 233
-1.98454 6.94712 1.03728 -0.514808 -0.157783 -0.0928569 -0.00118181 196
-1.97061 -5.95408 0.0802432 0.472273 -0.1316 -0.031923 -0.00149597 158
-1.96958 -1.40899 -1.88573 0.173947 -0.237649 -0.0154946 -0.00233984 16
-1.93936 6.8824 0.446989 -0.519654 -0.159748 -0.0907809 -0.00120589 94
-1.80144 -4.00122 -0.208288 0.327265 -0.153337 0.0431112 -0.0020473 387
-1.79909 5.90701 -3.5293 -0.415326 -0.036372 0.10005 -0.0013799 285
-1.73248 -8.23577 1.333 0.591534 -0.0741965 0.0632391 -0.000821075 66
-1.73406 4.4351 -1.14528 -0.413075 -0.255911 0.118564 -0.00178639 69
-1.70157 -8.39336 -1.44154 0.400931 -0.265743 0.242413 -0.000878347 78
-1.67277 8.7121 11.273 -0.320987 0.0988882 -0.289065 -7.97855e-05 42
-1.61111 7.29869 0.506503 -0.505623 -0.170089 -0.0958591 -0.00114377 50
-1.57695 -3.97708 0.595776 0.410961 -0.117833 0.0120926 -0.00199348 132
-1.54931 4.75094 2.40949 -0.586215 -0.307374 0.0855261 -0.00138337 206
-1.48918 7.6138 0.997796 -0.547525 -0.114769 -0.0687443 -0.00103549 402
-1.45517 4.17365 -3.01466 -0.528084 -0.0755241 0.291297 -0.00152917 1
-1.39756 7.82677 1.05138 -0.554593 -0.110969 -0.0717649 -0.000980383 486
-1.36087 -5.60696 0.135538 0.460384 -0.117773 0.0198579 -0.00162972 97
-1.34049 7.71485 0.482522 -0.552338 -0.137901 -0.0662256 -0.00101557 62
-1.30847 -7.82159 1.02185 0.62395 -0.105331 -0.0482763 -0.000880938 377
-1.22733 4.45031 -0.230869 -0.35871 -0.0475342 0.00881761 -0.00200374 207
-1.19645 4.27315 0.196232 -0.429596 -0.100327 -0.00779756 -0.00195374 349
-1.15016 4.76349 -1.59084 -0.514589 -0.0627629 -0.00454361 -0.00170771 431
-0.983792 3.2565 1.73304 -0.351695 -0.0895283 -0.0523713 -0.00215228 137
-0.976656 7.3058 1.04353 -0.551002 -0.122089 -0.0795768 -0.00111274 434
-0.973839 8.31799 0.2345 -0.491785 -0.130742 -0.127076 -0.000966826 475
-0.944948 7.4571 -6.07554 -0.540606 -0.0592792 -0.162878 -0.000625797 108
-0.926667 -9.62174 -0.491415 0.686366 -0.102218 -0.162789 -0.000372231 390
-0.901045 4.90169 -0.364879 -0.294533 -0.0888995 0.0257442 -0.00197468 416
-0.815326 -4.04883 0.962643 0.364867 -0.0408462 0.0166372 -0.00207323 3
-0.776604 -5.03639 -0.457142 0.472945 -0.0762213 0.0475482 -0.00176529 331
-0.755782 -4.97733 0.394714 0.338108 -0.0427992 0.0916427 -0.00192412 93
-0.680993 -8.98876 0.680436 0.600838 -0.0164033 0.0210271 -0.000704127 329
-0.569536 -3.50794 1.02446 0.364849 -0.0380698 -0.00786627 -0.00217306 447
-0.536045 12.403 -1.14614 -0.532079 -0.144606 0.209807 -0.000100724 456
-0.307087 5.7075 -0.73907 -0.145412 -0.0300402 -0.11439 -0.00188948 213
-0.280554 1.95007 0.118996 -0.186596 0.150555 -0.0939791 -0.00250731 437
-0.270903 -5.70691 -0.597697 0.364747 -0.0704005 0.143861 -0.00172687 306
-0.196011 -7.50408 0.66928 0.588606 -0.0167095 0.14405 -0.00103391 401
-0.142878 -8.75082 0.795529 0.598121 -0.0186929 0.038463 -0.00076183 175
-0.081552 -9.20248 0.533449 0.585907 -0.0197239 0.0373463 -0.000688442 188
-0.0466095 -3.65134 0.859449 0.373892 -0.018102 0.00342228 -0.00215637 445
-0.00689178 4.97036 -0.556638 -0.417769 0.0169184 0.0139037 -0.0018662 197
0.00803624 0.369789 -0.335336 -0.0693828 -0.315059 0.707385 -0.00187724 293
0.0214594 4.5395 -0.379139 -0.43265 0.0144603 0.010274 -0.0019409 498
0.0420591 -9.29097 -0.0180653 0.527068 0.00812913 0.0196301 -0.0007632 128
0.0391117 4.46116 -0.657366 -0.444117 0.0154642 0.00928291 -0.00193645 284
0.0911751 -1.43903 0.645661 0.271891 -0.0501917 0.000931134 -0.00253024 265
0.128579 10.5799 0.678119 -0.547188 -0.0565477 -0.0563267 -0.000464541 413
0.143838 -1.78602 1.62651 0.30112 0.00598631 0.159632 -0.00238957 74
0.150418 -8.26289 0.219778 0.533777 0.0234481 -0.00560221 -0.000977715 393
0.224298 -3.78382 -9.79376 0.446331 -0.405046 0.31845 -0.000268868 353
0.233979 -7.03795 2.38204 0.699304 0.0277493 0.0463048 -0.000889576 65
0.245389 11.0841 2.64384 -0.377097 0.0465975 0.135183 -0.000516936 288
0.27623 -7.84625 0.529151 0.571004 0.0280125 -0.0266611 -0.00101143 19
0.38185 -9.24856 1.31554 0.586388 0.0285332 -0.00657412 -0.000661157 234
0.383854 -8.65438 0.584263 0.563683 0.010651 -0.0342761 -0.000839778 472
0.447422 5.99976 1.56334 -0.769306 0.125466 0.277772 -0.000910234 203
0.474572 -5.08368 -0.582592 0.457655 -0.0716001 0.11485 -0.00176587 198
0.481116 -3.40115 0.996811 0.386739 0.0213416 -0.116786 -0.00215483 215
0.476645 4.8562 -0.57996 -0.441304 0.0170842 0.0173735 -0.00185708 411
0.662768 8.06034 -1.2389 -0.796327 0.125915 -0.10674 -0.000489528 242
0.670766 8.77755 0.450759 -0.45674 -0.0796104 0.188234 -0.00090342 231
0.666419 5.10863 -0.261491 -0.445247 0.0534691 -0.00904444 -0.00179757 334
0.676866 -4.1634 0.352759 0.422917 0.0593937 0.053738 -0.00200699 410
0.710347 3.99206 -0.0587736 -0.327572 0.0321126 -0.10077 -0.00213062 163
0.710643 6.06969 -0.487318 -0.511559 -0.000810991 -0.0728394 -0.00149368 136
0.731168 16.4886 1.61245 -0.339515 -0.0908048 -0.0632638 -4.43345e-07 235
0.742034 2.81361 -0.182607 -0.0432476 -0.0145371 0.016458 -0.0024768 229
0.945957 11.7703 -1.12534 -0.239692 -0.0412598 0.194809 -0.000530067 117
1.03906 5.36457 -0.344565 -0.480997 0.105108 -0.0108131 -0.00167326 495
1.06443 3.78933 0.171212 -0.324845 0.0117202 -0.123072 -0.00214874 60
1.09676 -6.58994 -0.064752 0.49891 0.133424 0.0093248 -0.00136772 237
1.13165 -5.78046 0.32554 0.490264 0.142365 -0.00658917 -0.00155456 470
1.13367 3.95067 -0.383279 -0.352295 0.00239133 -0.129183 -0.0020869 81
1.22286 -6.29003 -0.894383 0.58193 0.0691481 -0.0677468 -0.0013067 369
1.23479 -5.29109 -0.0202544 0.488102 0.10482 0.0357567 -0.00167163 48
1.23198 5.66066 -0.124471 -0.520819 0.121845 0.0016282 -0.0015437 116
1.2438 -4.3502 0.403273 0.430942 0.0887557 0.0718973 -0.00192828 159
1.28527 8.3259 -2.32392 -0.464272 0.0718239 -0.0456779 -0.000957224 204
1.30569 -1.27302 0.262583 0.280042 0.182883 -0.117643 -0.00244018 446
1.34998 -6.08479 -0.689386 0.554112 0.0665877 -0.059549 -0.00139689 103
1.37989 -6.39442 0.396443 0.53705 0.135264 -0.00159228 -0.00134318 56
1.39265 -4.85942 0.574571 0.490733 0.10036 0.0545925 -0.00174154 80
1.44052 -6.15484 0.0613422 0.492272 0.142567 -0.00448981 -0.00145596 484
1.47523 -8.01174 1.85717 0.583305 0.0761545 -0.0601295 -0.000871244 87
1.49286 -9.89599 -4.24685 0.390812 0.174954 -0.304053 -0.000455719 23
1.5534 -4.96729 0.0721477 0.461408 0.130179 0.0387957 -0.0017469 39
1.54715 1.52919 -1.49128 -0.352587 0.132566 0.0658949 -0.00232116 426
1.59928 -5.45105 0.475962 0.474799 0.163683 -0.0222933 -0.00160968 415
1.65838 -5.8654 0.0957943 0.478413 0.153697 -0.0108334 -0.00152092 360
1.69732 10.5257 -0.898214 -0.463758 0.33696 0.231488 -0.000343419 200
1.74393 4.80951 -0.44125 -0.463563 0.203792 0.028368 -0.00172695 354
1.75288 -4.2023 0.778553 0.4314 0.150728 0.0549184 -0.0018952 26
1.75607 -1.46216 -0.412082 0.277455 0.0806043 -0.106706 -0.00243022 134
1.77507 -5.69388 -0.0139299 0.470838 0.153749 -0.0187474 -0.00156015 101
1.79079 26.3606 -7.87407 -0.159811 0.135043 -0.0341158 5.93191e-05 258
1.82153 4.36823 -0.939696 -0.525225 0.146994 0.0475941 -0.00173455 75
1.8328 -7.89408 1.2477 0.59276 0.183506 -0.00278977 -0.000858592 218
1.87267 -6.29512 1.98117 0.490174 0.190524 -0.0778378 -0.00130494 139
1.87251 -4.64658 0.394039 0.424867 0.14097 0.0642417 -0.00182137 71
1.86348 5.60706 -0.426561 -0.516742 0.184556 0.0235279 -0.00149367 496
1.92118 5.11653 -0.0948219 -0.442347 0.194712 0.025551 -0.00168642 315
1.9721 5.51291 -0.336278 -0.494591 0.183434 -0.00417995 -0.00153853 192
2.01161 -5.19555 -0.219731 0.47269 0.170272 0.0234015 -0.00163703 282
2.04778 14.8514 0.210548 -0.461019 0.00218266 -0.0952403 1.40379e-05 105
2.11836 3.45169 0.528102 -0.398109 0.114622 -0.0449237 -0.00205076 57
2.18904 -8.0211 1.77717 0.584366 0.125016 -0.0596954 -0.000823535 275
2.19561 -7.89401 -3.23639 0.802363 0.0147692 -0.00432651 -0.000373098 138
2.24541 -3.87021 0.718053 0.403173 0.189347 0.0372237 -0.00192904 487
2.29835 4.63 -0.0465525 -0.478028 0.248105 0.0298179 -0.00167408 397
2.30983 5.09608 -0.396888 -0.465696 0.222233 -0.00420697 -0.00161169 499
2.31103 4.77992 -0.497018 -0.487096 0.214944 0.0185309 -0.00164861 382
2.34972 -8.63527 1.93871 0.569667 0.110082 -0.0167236 -0.000712557 9
2.41465 -3.32936 -0.049823 0.319508 0.227992 0.0360174 -0.00207003 20
2.4836 -5.50362 1.71669 0.442009 0.225678 -0.105384 -0.00147316 164
2.47994 4.3555 2.01182 -0.430952 0.123124 0.048576 -0.00174255 59
2.51308 2.72856 -0.393061 -0.349035 0.294352 -0.130088 -0.00204498 491
2.51479 7.82069 0.778601 -0.541481 0.234127 0.0067954 -0.000896701 325
2.53192 -5.23833 0.859944 0.444436 0.267465 -0.0760702 -0.00153943 419
2.53797 -5.55812 1.30576 0.435659 0.22532 -0.106151 -0.00148736 409
2.54521 -11.0601 3.68019 0.515541 0.0188592 -0.00335575 -0.000291062 327
2.59821 4.74815 -7.43959 -0.359092 0.129577 -0.0128157 -0.000961179 112
2.67735 -2.86161 0.180172 0.320404 0.235904 0.0187947 -0.00210068 8
2.73603 -4.56655 0.894733 0.421008 0.279336 -0.0792265 -0.00166439 435
2.77953 -3.67141 0.136922 0.333967 0.252907 0.0533776 -0.00194292 199
2.85063 2.79693 -2.32958 -0.222705 0.127878 -0.0766212 -0.00208341 214
2.89497 3.13457 0.0913052 -0.348884 0.262676 -0.0577896 -0.00198841 271
2.90262 -3.5573 0.82495 0.331689 0.29286 0.0534659 -0.00190384 441
2.98138 -4.92857 1.07459 0.418278 0.269965 -0.0942918 -0.00156879 323
2.98826 -5.55317 1.56572 0.450847 0.229553 -0.132588 -0.00140087 17
3.01049 -4.73975 0.845809 0.418894 0.278302 -0.0873245 -0.00160409 151
3.02682 2.61991 -0.70759 -0.307674 0.33264 -0.0378563 -0.00200961 267
3.03969 7.42552 1.3717 -0.489607 0.1453 -0.0111478 -0.0010396 180
3.07532 -2.45934 0.231735 0.316787 0.251989 -0.0777983 -0.00208157 296
3.08631 -3.10231 0.516127 0.33 0.291084 0.0499647 -0.00195875 481
3.09895 -5.38996 1.05308 0.442718 0.278045 -0.134816 -0.00142063 5
3.11103 -6.63943 0.681737 0.450923 0.261201 -0.00831112 -0.00120318 238
3.1216 -2.37759 0.706819 0.314016 0.252973 -0.0777393 -0.00207549 270
3.17195 -7.57792 0.464273 0.526446 0.354056 -0.0600548 -0.000823706 22
3.19562 -7.63695 1.06261 0.477638 0.265212 -0.0598412 -0.000937515 332
3.28887 3.01697 -0.855185 -0.297426 0.278563 -0.06355 -0.00196661 54
3.29956 -7.04715 1.31435 0.539388 0.229644 -0.0288659 -0.000983346 485
3.34701 -7.09433 0.448569 0.549723 0.345194 -0.0731449 -0.000880279 251
3.35647 -8.38113 0.629015 0.477446 0.236609 -0.0719703 -0.000799988 440
3.37121 -3.95556 0.947261 0.377253 0.294696 -0.0441048 -0.00173048 172
3.39254 -6.31367 1.02525 0.454771 0.286303 -0.0352859 -0.00120689 368
3.40402 -1.57555 0.487307 0.22212 0.366607 -0.10286 -0.00207774 222
3.41007 -3.59732 0.561159 0.314818 0.360616 0.0104908 -0.00179569 381
3.4319 9.91446 2.90427 -0.614724 -0.405719 -0.0810148 -8.42129e-05 153
3.44169 2.77523 -2.43915 -0.217275 0.100561 -0.0393537 -0.00201287 52
3.44922 -8.28727 0.804601 0.49714 0.246976 -0.0756431 -0.000774716 304
3.57009 -5.68298 0.361089 0.432241 0.352959 -0.0293995 -0.00129706 459
3.57304 3.74957 -12.3575 -0.433615 0.348788 0.0577495 -2.5831e-05 18
3.58244 8.54412 -1.63934 -0.607385 0.209213 -0.0863147 -0.000546884 330
3.61064 -2.81337 0.462067 0.305191 0.37293 -0.013216 -0.00187123 13
3.70097 -5.01597 0.988474 0.436995 0.37769 -0.0925008 -0.00135094 264
3.7142 -1.95119 0.794648 0.190057 0.378145 -0.056282 -0.00200388 363
3.73654 -4.44494 0.147951 0.372465 0.350174 -0.0878011 -0.00156353 46
3.74894 -3.30716 0.640815 0.330289 0.357265 -0.0430432 -0.00177223 243
3.75411 -4.54567 0.697286 0.39673 0.391687 -0.0809569 -0.0014696 167
3.81893 -3.91528 0.662787 0.322533 0.351589 -0.0485297 -0.00168267 236
3.82115 -5.06707 0.412699 0.428078 0.355472 -0.0503421 -0.0013804 361
3.83039 -5.29922 -0.104764 0.377226 0.322169 -0.0363452 -0.00142651 314
3.87761 -6.09305 0.739679 0.454039 0.353434 -0.0175672 -0.00114652 322
3.88155 -5.41766 0.807865 0.42387 0.353308 -0.0515852 -0.00130573 467
3.88563 -3.10645 0.25888 0.296639 0.384175 -0.0410774 -0.00178633 391
3.90084 -2.38302 0.662375 0.219395 0.389114 -0.0508601 -0.0019084 38
3.91858 -5.63222 0.846284 0.440029 0.3589 -0.035689 -0.00123717 171
3.96542 5.04907 1.60384 -0.409818 0.358335 -0.0670586 -0.0013364 450
3.98756 -6.28764 1.19374 0.470182 0.339463 -0.0274816 -0.00107402 176
3.9894 -3.06744 0.0246415 0.333454 0.396814 -0.0228121 -0.00173255 489
4.02316 5.05525 0.849655 -0.360882 0.398101 -0.0977474 -0.00136316 47
4.03831 -1.75085 1.25801 0.111229 0.421056 -0.0195279 -0.00193298 418
4.04938 -6.4682 0.647175 0.414622 0.334901 -0.0157858 -0.00111804 291
4.09982 -2.83784 0.426473 0.267857 0.395656 -0.0226878 -0.00179296 55
4.14217 -2.02747 -0.296447 0.179495 0.460965 -0.0623613 -0.00184519 208
4.14507 -5.50336 0.354305 0.436476 0.357105 -0.0449419 -0.00124544 477
4.21094 -1.83027 -0.420435 0.144131 0.487378 -0.0401842 -0.00183202 272
4.21446 -4.67464 0.415294 0.400002 0.383745 -0.0719084 -0.00139195 205
4.2453 -1.40391 -0.276987 0.116462 0.458188 -0.0649526 -0.0019016 166
4.27024 -1.50031 -0.59238 0.13308 0.474517 -0.0686213 -0.00185791 371
4.27383 3.98016 -0.366338 -0.305077 0.369234 0.0200382 -0.0016069 181
4.27667 5.8903 -13.3266 -0.0939449 0.39619 0.0789546 -3.6886e-05 247
4.30839 -3.45346 0.338767 0.300261 0.391059 -0.0664887 -0.00165405 24
4.31917 7.04094 0.505591 -0.650654 0.254321 -0.171638 -0.000662628 260
4.33715 -2.8212 -0.0463526 0.290869 0.45297 -0.038311 -0.00167263 79
4.35466 -3.30846 -0.22753 0.268819 0.428728 -0.0708936 -0.00164851 201
4.36635 -2.50029 -0.453079 0.218975 0.439565 -0.0787128 -0.00175788 432
4.37786 1.57687 0.313177 -0.160971 0.487686 0.101441 -0.00180226 320
4.39043 4.65679 1.58727 -0.39156 0.378271 -0.0690131 -0.00134137 21
4.40431 -2.1947 -0.162352 0.18852 0.46137 -0.0795144 -0.0017749 120
4.40222 7.52645 -2.29498 -0.651019 0.186794 -0.222816 -0.0005113 297
4.47587 0.115518 0.840095 0.0171306 0.424378 -0.0328185 -0.00194902 212
4.47783 5.12327 1.03092 -0.3725 0.387475 -0.0646413 -0.00128577 64
4.49003 -2.5423 -0.318285 0.20882 0.480753 -0.0564074 -0.00169162 129
4.52531 -3.86658 0.179601 0.315391 0.417843 -0.115518 -0.0015059 414
4.52856 -3.17357 -0.301489 0.249805 0.444132 -0.0876975 -0.00162593 73
4.5831 4.64709 0.745706 -0.338132 0.391093 -0.07417 -0.00138537 259
4.59431 -1.56357 0.309581 0.243252 0.461182 -0.0518888 -0.00176073 287
4.5977 -1.48717 -0.549465 0.134479 0.46418 -0.0762772 -0.00180815 31
4.61607 -3.5943 -0.136489 0.284484 0.446665 -0.0996142 -0.00152507 463
4.66737 -3.45513 0.137351 0.287672 0.425111 -0.0892645 -0.00156031 261
4.66781 4.96907 1.34455 -0.389269 0.408494 -0.0441585 -0.00123344 111
4.69268 -0.63569 0.0179727 0.0215564 0.486659 -0.0680536 -0.00183099 147
4.70733 -1.51513 -0.19414 0.145674 0.466021 -0.0735241 -0.00178433 433
4.70848 -2.32238 -0.452819 0.202406 0.471272 -0.0822632 -0.00168108 189
4.71649 -2.56889 -0.721277 0.225622 0.46609 -0.0768092 -0.001643 345
4.72029 -1.75561 -0.417474 0.156441 0.472467 -0.0798341 -0.00174849 240
4.75015 4.56253 1.28469 -0.378166 0.413707 -0.0641513 -0.00129139 281
4.80245 4.66452 1.97649 -0.415717 0.366637 -0.0432324 -0.0012413 104
4.82727 2.7387 0.156312 -0.208608 0.448387 -0.0134759 -0.00165331 423
4.85801 -7.12477 -4.51917 0.328732 0.397498 -0.415901 -0.000453736 449
4.9025 4.7321 0.932426 -0.36505 0.435317 -0.0480821 -0.00124366 43
4.93829 -3.88206 0.489366 0.299975 0.466135 -0.0924898 -0.00138901 307
4.96425 -1.15371 -0.285964 0.110969 0.496973 -0.0489365 -0.00172738 407
4.99475 3.57192 -1.89912 -0.32807 0.395961 -0.0210925 -0.0014287 380
5.16427 4.53925 0.821656 -0.346891 0.461025 -0.0500581 -0.00121879 250
5.17135 0.776192 0.91353 -0.0949852 0.455666 -0.0307214 -0.00174319 328
5.29307 -3.4917 0.230125 0.297775 0.487429 -0.0633365 -0.00135927 268
5.29271 2.44992 0.00729181 -0.197736 0.472765 -0.0266299 -0.00156602 430
5.33288 3.662 -0.747371 -0.293571 0.445386 0.00591623 -0.0013826 458
5.39815 3.82898 -0.987971 -0.256886 0.416861 -0.00373426 -0.00140174 375
5.43167 4.39288 1.03962 -0.332016 0.441482 -0.081267 -0.00121872 365
5.44155 -2.15111 1.94715 0.143195 0.536796 -0.0267479 -0.00142824 427
5.58535 2.84299 -0.0123257 -0.196581 0.471668 -0.0308065 -0.00146918 262
5.60034 0.786278 0.918408 -0.0950098 0.460531 -0.0362855 -0.0016442 425
5.66893 3.78788 0.40456 -0.281575 0.490463 -0.0489797 -0.00125843 85
5.7203 -2.07051 0.788542 0.156485 0.494547 -0.033088 -0.00148854 110
5.756 4.25032 0.889417 -0.28333 0.511816 -0.0437243 -0.00114081 479
5.76855 2.55659 -0.48933 -0.220654 0.514039 -0.0655084 -0.00138069 379
5.81105 3.76228 0.885498 -0.284109 0.510458 -0.0421822 -0.00119581 466
5.82426 -2.76823 0.766911 0.20679 0.49186 -0.0600281 -0.00138176 429
5.83961 4.31281 0.338005 -0.276113 0.489844 -0.039628 -0.0011632 290
5.85047 8.85865 2.49631 -0.367573 -0.0146398 0.408217 -0.000414277 436
5.8683 0.721349 0.942153 -0.086827 0.491538 -0.0430518 -0.0015478 374
5.92167 6.17493 -3.21492 -0.388404 0.664502 0.20861 -0.000312573 483
5.97534 8.06949 0.0949745 -0.581366 0.410903 0.0466993 -0.0002979 244
6.03475 2.09027 -0.344727 -0.189492 0.536587 -0.0500713 -0.00135298 451
6.03865 3.23812 0.0249043 -0.24304 0.535076 -0.0210909 -0.00122147 310
6.09456 3.59112 0.524883 -0.270859 0.521094 -0.0367752 -0.00116503 302
6.11479 -0.465464 1.00528 -0.00496468 0.489064 -0.00856598 -0.00151202 224
6.1234 5.75929 -2.27055 -0.340783 0.462079 0.0891989 -0.000809195 308
6.12809 4.15531 0.798765 -0.279238 0.51825 -0.0336822 -0.00108126 126
6.17619 4.71028 2.99419 -0.317159 0.436959 0.030196 -0.000955449 399
6.25479 3.94373 0.235863 -0.24881 0.516538 -0.0300803 -0.00111697 90
6.269 1.67003 -0.298246 -0.136681 0.563379 -0.0733264 -0.0013099 29
6.27289 0.525203 0.771471 -0.070305 0.51521 -0.0312162 -0.00143955 326
6.27848 3.32975 -0.721142 -0.190807 0.537222 0.0169348 -0.00118175 343
6.35742 4.01302 1.24478 -0.306901 0.490272 -0.0284032 -0.00105792 312
6.41951 -3.83861 -0.171339 0.168858 0.562635 -0.14141 -0.00104982 340
6.45065 3.9197 0.524549 -0.266811 0.516904 -0.0178546 -0.00106587 68
6.45757 3.13729 -0.226572 -0.224575 0.511421 0.0191008 -0.00119006 421
6.46653 0.580208 0.934699 -0.0691475 0.552407 -0.0450907 -0.00133476 170
6.56512 -3.53068 -0.641401 0.206581 0.51928 -0.144752 -0.00109268 469
6.56743 4.36635 -0.848687 -0.359695 0.569331 0.11309 -0.000809685 232
6.61416 3.73462 0.106246 -0.240476 0.505006 0.0116396 -0.00109364 187
6.64241 -1.11305 -0.286606 0.0868892 0.565084 0.0481967 -0.00126958 89
6.64191 3.24477 0.233075 -0.231366 0.508359 0.0224584 -0.00114065 289
6.65884 0.152818 1.04002 -0.0208723 0.583358 -0.00750419 -0.00125387 460
6.66338 2.84567 -0.708646 -0.252263 0.464574 0.0356406 -0.00121023 28
6.75048 -10.1792 1.29439 0.280124 0.136162 0.18117 -0.000422018 145
6.79221 -10.0512 3.55597 0.416327 0.346638 -0.219235 -8.50828e-05 408
6.80575 3.57094 0.680354 -0.262836 0.535767 0.0152186 -0.00100765 248
6.8296 -0.583976 -0.822416 0.0426641 0.561358 0.0186294 -0.00124805 336
6.83094 9.73659 -1.73274 -0.288018 0.123925 0.289434 -0.000390922 154
6.84783 -2.98586 0.0490401 0.24239 0.490918 -0.0317955 -0.00113916 474
6.86585 -4.48047 -0.818662 0.257664 0.487635 -0.0997998 -0.000945355 131
6.8747 -0.475232 1.27427 -0.00184497 0.679358 -0.11105 -0.00101254 373
6.88093 -0.712377 -0.533904 0.0666898 0.554284 0.0112169 -0.00124745 462
6.92222 -4.08871 -1.59109 0.257431 0.455982 -0.096388 -0.000996618 442
7.02208 -3.12853 0.759544 0.199832 0.463343 0.00526206 -0.00114285 367
7.09363 3.12692 0.962742 -0.263859 0.557073 0.0497192 -0.000950422 11
7.1086 -2.62277 0.448922 0.205111 0.467581 0.0137465 -0.00116539 452
7.13959 -3.34498 -0.687251 0.198304 0.510344 -0.0841433 -0.001029 124
7.19196 4.26161 1.54286 -0.260079 0.531392 0.00140202 -0.000838211 344
7.21868 -0.994019 -0.823389 0.0528149 0.571075 -0.0213122 -0.00113231 351
7.28948 2.5983 0.721896 -0.204851 0.578083 0.0251498 -0.000967099 27
7.29485 -0.360396 -1.12651 0.0168072 0.587824 -0.00150946 -0.00109693 321
7.29466 7.30237 -3.70941 -0.475876 0.324247 0.173494 -0.00032253 252
7.38988 2.70362 11.599 -0.241212 0.355433 0.0910284 -0.000118306 362
7.39794 0.596786 -0.290409 -0.001813 0.608871 -0.197491 -0.00100198 337
7.47439 12.1952 -0.484408 -0.3635 0.120937 0.0863111 -0.000140019 114
7.60846 6.38021 -0.778301 -0.424705 0.508949 -0.167912 -0.00036998 461
7.6267 -3.77538 0.760363 0.17525 0.505952 -0.252161 -0.000828292 185
7.79671 -6.0271 -2.50553 0.261509 0.446005 0.00301793 -0.000599267 141
7.83947 -7.2912 4.96726 0.129469 0.657212 0.10515 -4.98813e-05 406
7.87921 -3.41605 -6.80911 0.429572 0.06298 0.434922 -0.000302453 478
8.20062 1.34073 0.92167 -0.0842655 0.616756 0.0731002 -0.000811836 70
8.31257 6.09562 -0.620773 -0.320299 0.388478 -0.268063 -0.000490215 77
8.38399 -5.94656 -3.03805 0.233741 0.347066 0.0210243 -0.000618957 278
8.48017 4.58303 -0.473733 -0.254402 0.440455 0.0438336 -0.000711918 125
8.56867 2.15014 0.71765 -0.134378 0.61179 -0.0646079 -0.000695481 324
8.64211 -6.15724 -2.47823 0.366335 0.507141 0.0333324 -0.00029366 465
8.70881 2.81083 0.519595 -0.134944 0.552717 -0.052451 -0.000724737 357
8.76693 1.78758 -0.847163 -0.124665 0.542871 0.0757553 -0.000777271 35
9.01793 1.09814 0.480025 -0.097307 0.614779 0.0069953 -0.000657083 182
9.16964 0.831049 -6.20481 0.0867578 0.634108 0.150173 -0.000203609 455
9.16642 4.82379 -4.41998 -0.247937 0.594475 0.156727 -0.000166308 58
9.61233 4.52761 -0.361078 -0.244983 0.499028 -0.11878 -0.000435702 241
9.62965 -1.17943 -0.0568095 0.0470438 0.598491 0.111848 -0.000549949 41
9.68588 10.5298 5.78549 -0.198071 0.274695 -0.193706 -4.39897e-05 91
10.2164 -2.63189 -0.453952 0.11955 0.541918 0.0709777 -0.00046274 225
10.2947 0.831603 0.049029 0.080872 0.614507 0.0829837 -0.000401227 99
10.3195 4.98816 -0.580429 -0.144322 0.318171 0.171864 -0.00051869 292
10.7437 3.57322 3.61544 0.115718 0.463084 0.386391 -0.000148305 186
11.95 -3.62401 -1.0902 0.00922168 0.529601 -0.0540163 -0.000178328 444
12.1353 -2.93123 0.945872 0.180375 0.465351 -0.0616878 -0.000221714 438
12.1404 3.00349 -2.80671 -0.0295643 0.474191 -0.137205 -0.000192093 142
12.2277 -3.77966 -0.502912 0.170005 0.469834 -0.259624 -9.54315e-05 286
14.462 -4.11576 1.24594 0.109713 0.291363 -0.150013 -0.000115929 15
25.1602 12.6427 10.6842 0.206445 0.25418 0.0600344 0.000149311 350
25.1581 44.82 24.4121 0.0813243 0.207808 0.0840715 7.6769e-05 67
