-19.8611 -3.80517 1.11607 -58.9451 -138.927 -27.4817
-20.0661 -8.5102 -13.2967 -144.648 -170.702 -94.1821
-17.6841 -2.48377 -5.47889 -57.292 -255.981 17.4904
-16.0948 -16.8416 6.32548 35.4539 -99.4298 -96.8583
-15.9824 -12.6569 -0.574819 33.7548 -42.1481 6.14937
-17.4987 0.465128 -0.182036 -119.565 -143.32 8.43082
-17.9831 2.60337 0.65712 -170.962 -6.52282 -19.1578
-17.0319 -35.7327 8.90456 -81.0545 -249.948 -33.5028
-16.1528 -3.38719 -0.713524 -23.4954 -198.292 7.47245
-17.0646 6.56838 1.16944 -116.24 39.1405 -48.3659
-16.3355 -8.25828 -14.238 -52.3288 -120.02 135.264
-16.7215 -0.273552 -3.91192 -113.302 -145.475 29.1667
-17.0643 3.4227 -0.908203 -157.778 -85.9533 9.76087
-16.3474 -3.52117 0.593663 -87.0719 -152.291 -15.6303
-16.9045 16.8929 -13.6176 -148.532 17.0733 89.2906
-16.5849 -1.19656 -0.627563 -126.962 -104.57 17.8304
-14.8345 -4.26803 1.1818 46.5961 -206.279 -15.2568
-16.8259 -2.21525 -0.164819 -155.809 -32.8645 21.981
-16.1959 -7.13706 0.186573 -95.6325 5.63062 -33.9254
-15.089 -7.14608 -8.06954 11.2749 -156.911 40.5314
-15.9443 -26.8885 1.66002 -77.5022 -252.129 28.7644
-16.6709 1.92244 0.640298 -153.481 -64.0948 -0.199426
-16.1474 0.717605 2.66082 -108.742 -137.978 -52.6248
-16.5669 2.9424 4.07935 -157.897 -66.7649 54.8068
-16.3131 0.770838 2.15884 -132.935 -94.1093 -52.7462
-16.2409 -0.477876 -3.57103 -127.964 -53.4608 58.3211
-14.8723 -2.4709 2.77061 7.38836 -201.469 -76.0411
-16.3312 5.04287 -4.03611 -140.584 -100.485 36.4408
-16.4511 0.242846 -2.87695 -153.244 68.4675 49.4843
-16.4664 5.4077 0.205749 -160.374 -70.1889 -9.12463
-15.1838 -2.5616 3.14106 -35.1664 -133.893 -64.8848
-14.7537 -3.94877 1.05132 6.92305 -203.552 -8.02664
-16.121 -5.07247 -4.15444 -137.061 -81.0885 95.2687
-15.2797 -5.2678 1.81075 -56.7264 48.4491 16.9166
-15.5651 -7.59518 -2.19728 -90.2458 -146.446 74.1713
-15.9368 -3.59208 0.242714 -127.319 -100.52 -11.0824
-14.1921 -6.10869 3.43851 43.7001 -131.248 -65.7677
-15.7759 -2.74392 -3.40432 -114.945 -119.196 78.8519
-16.1 4.89999 0.115327 -158.91 -60.1711 -7.10845
-15.071 -0.0913377 12.4693 -59.4643 -145.414 -39.8879
-14.8485 -5.71649 2.82724 -41.9129 -172.18 -79.908
-15.9828 3.9781 -4.6853 -154.848 -41.0706 95.437
-15.7123 -4.43943 -2.31979 -128.469 -87.7876 55.8653
-15.0813 -1.49415 -4.24075 -66.2073 -31.1253 -36.99
-16.0312 5.22368 1.76124 -161.891 -37.8938 22.9053
-16.1481 7.65778 -0.980247 -176.016 -13.4658 -1.47192
-14.3181 -5.73969 0.580514 5.61739 -188.474 -16.5547
-15.0119 -5.67223 -2.8668 -64.721 -161.903 53.0857
-15.9577 4.33767 4.04688 -159.607 -48.3735 -91.0186
-15.1425 -10.2397 8.33221 -79.045 -113.241 -54.4887
-13.9461 -5.3414 -2.09978 38.5463 -185.729 34.442
-15.7749 0.597142 -3.40425 -147.868 -34.6821 85.4903
-14.728 4.36261 -3.60181 -54.8241 -145.663 -102.922
-15.035 -2.19348 2.68249 -86.2581 -343.623 -93.5785
-14.9798 -2.25929 -3.71675 -88.9078 -138.955 92.1337
-12.8585 -8.27517 2.4711 120.627 -178.048 -32.5485
-15.5131 3.6157 -0.468526 -143.936 -91.3192 -44.9013
-15.2357 -3.7162 -3.54168 -117.089 -94.7449 81.6559
-15.5431 4.4314 2.6684 -150.118 -51.996 -61.4209
-15.0086 -0.975146 3.82814 -97.9677 -137.753 -87.0043
-15.3936 1.37739 -0.290112 -138.047 -67.0098 8.82994
-15.3797 2.85853 0.347014 -137.643 -95.3585 16.0686
-14.8973 1.04642 3.80649 -91.7668 -150.335 -66.3613
-15.0924 -7.00316 -2.21783 -112.328 -147.118 17.8089
-13.624 -8.90353 -6.11819 31.0777 -100.206 144.563
-15.2242 -0.543746 -4.65253 -135.596 9.22176 9.00671
-14.4723 0.641796 -1.82348 -64.5346 -155.261 34.2142
-14.9964 -3.96977 2.48456 -120.682 -88.7351 -47.0143
-14.0545 0.851297 2.17036 -27.511 -226.473 78.8499
-15.0938 2.27434 -3.85179 -132.863 -85.2246 84.8
-15.0391 2.55865 -5.00906 -127.531 -112.315 96.5847
-14.3078 -8.26462 -2.64437 -56.1348 -165.771 57.7647
-15.1354 3.60637 -0.745833 -139.226 -88.4003 7.39604
-12.7533 0.235863 -2.186 95.6284 -202.435 85.3468
-14.8577 -7.14761 -1.60858 -113.548 -80.6927 39.5645
-14.7365 -3.4666 -0.153746 -101.572 -116.602 16.3037
-14.7733 -4.87444 -4.35611 -105.769 -111.149 73.9952
-15.2907 5.55246 -1.44246 -159.297 -68.9304 33.2425
-14.047 0.532079 0.810814 -36.6378 -180.59 -15.4142
-15.1854 7.88676 -1.61124 -151.966 12.4559 15.2147
-15.1035 4.91461 -2.81689 -144.343 -30.3652 126.63
-15.2728 6.95303 -4.40446 -163.312 -7.46341 72.979
-14.0749 -9.79905 -2.3878 -45.4355 -171.68 63.747
-13.5973 -5.46588 0.947078 -0.521024 -184.732 -24.2519
-15.1003 0.651854 0.240808 -151.919 -76.8292 -20.3529
-14.0448 -8.8737 -2.21524 -47.7004 -170.785 42.4712
-14.7464 3.28296 1.75413 -118.233 -127.871 -52.6621
-14.6978 0.477038 9.69733 -114.56 1.09859 6.23336
-13.7933 -7.07822 -4.03701 -25.0479 -180.07 81.7513
-14.6442 -0.871034 3.19723 -110.633 -100.8 -81.3145
-13.6435 0.6503 -1.08802 -17.5914 -339.671 20.3512
-14.1307 3.58486 1.06748 -69.379 -176.897 -19.3692
-11.8944 -5.27164 0.27629 146.855 -330.212 2.92313
-14.8814 1.61821 4.11902 -153.651 -69.884 -36.6289
-13.9512 0.690618 -2.0581 -62.498 -206.652 51.6869
-13.3146 -4.27812 -3.78578 -0.283519 -263.964 76.4766
-13.351 -7.54901 1.22691 -5.38145 -174.715 -37.828
-13.9936 -9.48102 2.14713 -74.0493 -163.177 6.59995
-13.3772 -9.55597 1.03043 -12.933 -253.364 139.66
-13.9244 3.86199 2.80173 -67.8995 -181.221 -56.4466
-14.9163 8.00204 -1.57822 -167.94 -30.717 12.7723
-14.6761 4.84581 -4.29458 -144.767 -87.1677 59.3982
-14.277 -11.7156 0.671335 -106.088 -318.874 -185.091
-13.749 -8.29351 1.19538 -54.2922 -160.84 -19.1028
-14.8182 10.416 0.381015 -161.97 56.0857 -18.8215
-14.8242 6.67795 0.367971 -162.914 -43.643 -0.825925
-13.8172 -0.748109 4.95536 -65.3313 -140.793 -106.7
-14.2465 1.78799 5.55777 -108.049 -104.688 -124.352
-13.9195 -10.5709 -1.87464 -77.4121 -154.896 54.4755
-13.8352 5.00301 2.43912 -69.3367 -183.828 -56.946
-14.3325 2.19496 4.18564 -120.717 -86.6018 -74.7887
-10.9837 -7.867 4.21369 211.222 -263.764 -104.752
-14.3596 -6.43059 -0.00366692 -126.773 -87.4529 2.81485
-12.9991 -6.46681 -2.98134 7.38314 -174.365 52.823
-10.9757 -7.55718 2.7924 206.871 -13.3945 -24.2179
-14.2911 3.06547 -3.93602 -123.789 -100.002 86.45
-13.5766 -10.4921 2.79937 -53.2593 -300.328 -24.5587
-13.005 -2.43124 5.75141 2.93818 -224.567 -88.2352
-13.9213 -1.1271 -3.77883 -88.2631 -127.631 85.941
-13.4804 -2.19079 -2.70439 -46.8909 -163.725 60.8206
-14.5928 6.68627 4.25623 -157.712 -45.9133 -83.982
-12.2169 -9.35375 4.52016 77.7837 -117.061 -111.363
-12.1929 -3.12228 5.13782 79.5494 -177.952 -92.5674
-14.3717 3.90641 -0.00247755 -136.888 -87.53 0.672288
-13.9447 -9.10813 -1.13123 -95.7253 -128.072 2.71774
-14.5447 8.82874 2.3652 -155.494 44.1123 -51.0789
-14.6998 8.84959 -1.51625 -171.366 -4.69308 7.76637
-13.9032 -6.38595 4.16387 -92.3148 -119.159 -79.9343
-14.281 -0.563541 2.95869 -129.955 -43.8924 -73.1951
-14.022 -3.86137 3.97021 -105.112 -93.5408 -85.7811
-13.74 -7.89518 -3.23975 -77.5402 -135.477 48.9597
-13.5581 -5.4789 0.363161 -59.6892 -141.653 1.60921
-13.2869 -4.90651 3.42763 -35.8128 -157.143 -90.5769
-14.3501 3.45667 0.942631 -142.608 -34.1028 -24.2739
-13.6669 -11.963 -5.79018 -77.0459 -139.579 81.7966
-13.7481 0.265663 -2.57006 -85.2934 -173.031 50.5726
-14.2647 5.59086 0.950841 -136.662 -88.4265 -33.1637
-14.5324 8.02297 0.0557235 -166.208 -34.0237 -21.6826
-14.1095 -4.55101 -0.798981 -124.981 -114.093 27.6409
-13.3087 -5.73417 -3.06486 -45.5151 -147.808 47.4722
-12.8378 -12.0316 0.0388299 0.898004 -127.946 -31.4153
-13.5975 -7.66373 -2.16077 -75.8243 -136.517 26.1847
-13.8334 -2.95679 7.62272 -101.432 -93.0145 -157.308
-12.723 -6.69881 3.07738 8.46687 -161.342 -76.2403
-14.2889 6.04406 -0.72184 -149.315 -35.2748 22.0726
-12.2935 -13.9984 0.660546 43.5831 -143.108 -10.8791
-12.3039 -10.4927 -2.79904 42.0728 -191.314 20.2058
-13.909 -4.68736 0.773155 -121.886 -64.7542 -10.7797
-12.1604 -12.2695 0.346983 51.7296 -170.135 -43.8788
-13.6338 -1.82507 -4.58601 -97.0085 -108.12 93.0053
-13.5306 4.55759 -3.7096 -90.4688 -158.511 73.9443
-12.8966 -8.45484 1.01926 -32.6477 -158.601 -10.3885
-13.6433 -0.63678 -4.20813 -108.553 -85.884 92.6242
-14.2852 9.15174 1.73708 -172.637 -76.8567 -25.3526
-14.0036 2.6457 -0.0525652 -144.759 -146.606 4.15026
-14.0695 6.50417 0.154201 -152.313 5.44665 -29.2348
-11.9234 7.0638 -5.62533 55.534 -94.096 66.2852
-13.1692 5.93079 -0.747089 -69.1299 -200.588 11.2667
-14.0358 7.31521 3.00555 -155.896 -24.9396 -83.7565
-12.9762 -10.3851 -0.76857 -53.3957 -123.915 18.1061
-13.6961 4.83841 3.62698 -126.099 -113.62 -85.147
-12.8665 2.62672 4.98014 -44.0861 -181.521 -101.959
-13.4925 5.2981 1.41025 -114.394 -142.757 -9.83067
-11.9604 -9.74226 -1.31261 37.6012 -170.554 10.8271
-12.604 -6.69135 3.8976 -27.2742 -88.444 -154.72
-13.1605 -0.269093 4.24749 -82.9627 -132.185 -95.2695
-13.7809 6.51675 -5.06478 -146.892 -12.0552 89.1519
-13.293 5.56488 -2.60357 -98.7488 -167.997 46.7559
-12.5527 -11.3825 0.874173 -26.3946 -171.045 -2.87847
-11.0719 -9.38703 0.993417 115.913 -18.8272 4.55001
-13.0188 2.9433 5.96129 -77.8676 -151.36 -124.782
-12.3422 -5.59121 3.20595 -10.7504 -263.092 -275.723
-13.721 6.83553 1.56778 -149.821 -38.7701 -30.3244
-13.0509 -8.09265 -0.00945663 -83.389 -123.995 -19.5185
-12.0937 -4.19415 -6.50116 8.27398 -169.493 135.322
-13.8793 10.0372 1.12086 -170.215 5.59 -43.0866
-11.593 -8.20605 2.35209 53.649 -161.815 -65.521
-13.1735 2.626 -4.02373 -105.62 96.9669 64.9191
-14.0152 4.75344 6.60978 -189.524 -26.3427 -40.459
-12.4328 -8.33456 -4.47902 -34.5148 -152.322 106.693
-12.8217 -7.5606 4.98295 -74.6237 -124.157 -125.353
-13.2121 4.63848 2.84482 -114.111 -133.766 -61.7748
-13.2747 4.70474 5.08824 -121.264 -109.938 -96.659
-13.4649 10.8659 -1.31696 -140.423 82.2998 28.6955
-12.5232 0.168027 7.31953 -48.1955 76.3691 35.7903
-9.97889 -5.61518 -5.85671 203.389 -47.9883 128.83
-13.2508 7.10482 -5.4486 -128.588 57.8287 96.6405
-10.8714 -12.0235 -0.588987 106.943 -171.577 28.0263
-13.527 8.06035 0.383733 -156.904 -80.1093 -1.65665
-12.3481 -10.7752 1.43625 -42.1596 -86.0157 -30.2186
-12.7823 -6.174 4.74024 -89.4523 -109.678 -102.181
-13.4839 10.4714 -0.766108 -160.525 37.4793 6.33635
-13.2736 -4.89641 2.63598 -140.663 -120.351 -53.0345
-13.616 9.83364 2.06398 -176.398 -45.5179 -51.0996
-11.5648 -12.9854 0.975082 26.4039 -178.728 -4.99
-13.5565 10.5358 3.39295 -172.028 5.39259 -73.0137
-10.9189 -7.09716 5.16435 87.4953 -149.586 -99.7984
-12.5478 -5.93096 6.2023 -79.3984 -115.248 -110.516
-12.3268 0.978222 5.78672 -58.0563 -147.293 -119.145
-10.8077 -11.0571 -1.63054 89.371 -173.385 46.3463
-11.4591 -8.87471 1.17229 17.8999 -203.148 -42.0949
-12.1438 6.98011 0.359825 -53.3283 -197.775 1.888
-12.6225 2.65784 5.11405 -104.773 -104.871 -117.81
-13.0964 8.53304 0.873589 -160.885 -17.0901 -39.051
-11.6065 -2.66367 2.24508 -13.5697 -210.378 -35.5571
-9.82742 -7.85012 3.28956 161.477 -211.224 -79.0559
-12.4817 5.8997 -2.39517 -106.362 -153.419 69.9164
-12.1102 -7.48677 -4.81315 -70.8182 -177.492 100.404
-11.2822 -16.7784 9.40841 10.5815 -113.508 -163.856
-10.3708 -3.30507 -7.74134 98.2521 -143.534 155.539
-12.249 -9.3669 1.30874 -91.7783 -41.1985 41.1198
-11.9055 -8.66728 -2.9006 -57.9442 -132.071 73.9673
-9.82415 -9.75421 2.44082 145.587 -143.14 -58.6231
-11.2613 -8.07607 -6.14999 2.5091 -151.543 140.548
-13.018 10.6003 -2.50057 -173.479 -13.5592 34.8456
-12.6755 7.28486 1.16898 -140.072 -113.579 -22.8854
-13.182 9.66784 -0.190003 -192.292 -23.3359 -20.9973
-12.6098 8.11936 2.70873 -137.47 33.7245 -77.2742
-12.4334 10.3056 -2.04064 -124.178 -55.4209 42.3928
-12.1379 5.2393 -5.17145 -95.6749 -142.964 109.467
-11.1724 -11.6555 -0.208257 0.106791 -165.648 -14.3814
-9.34004 7.75881 0.75272 179.39 -186.37 -16.3467
-12.3332 11.2888 3.6632 -123.681 96.1235 -62.6985
-12.5482 12.7859 -1.27418 -145.851 87.4746 43.7777
-9.73507 -19.5139 4.09866 132.974 -101.641 37.3775
-11.2014 -7.59182 0.646549 -14.4848 -185.359 -5.34531
-12.6283 9.57877 -2.49212 -156.835 12.6298 32.8097
-11.1335 -13.1086 -3.09978 -19.1442 -166.652 45.8928
-12.5306 11.5801 -3.50843 -161.799 39.4341 82.7968
-10.9871 -8.85698 -2.0023 -15.376 -149.154 66.4128
-11.606 -6.21061 5.44803 -81.854 -145.472 52.5411
-11.4395 -40.8175 30.6998 -65.6408 -409.487 312.509
-12.3312 8.45008 -2.35939 -157.626 -59.1509 32.266
-12.2371 11.6379 -3.95928 -149.793 -65.7585 54.5403
-12.1034 7.36362 2.64138 -141.015 -42.1432 -73.5678
-11.963 10.1189 -1.6246 -128.351 72.9769 -25.9662
-12.1951 7.03158 3.75925 -152.022 -34.0563 -7.63752
-12.2789 9.22924 3.05458 -161.063 -75.1161 -83.4123
-11.9294 5.98899 -5.65314 -132.596 -78.173 135.35
-11.0875 7.90021 -3.76091 -49.031 -214.766 76.3348
-11.8076 6.41444 -5.32641 -120.97 -110.786 102.832
-11.6074 -8.03364 3.56806 -101.676 -85.2453 -83.5345
-11.3887 7.05626 -5.48469 -80.2763 -179 116.237
-11.4902 -6.06101 -3.03008 -91.0707 -142.306 14.2865
-11.3504 -9.66395 1.75103 -78.1269 -119.26 -25.0152
-10.5573 -1.02804 -7.98935 -3.43605 -146.158 165.738
-11.5969 7.00113 -3.38582 -108.971 -153.097 61.5939
-12.1722 13.1319 -0.830039 -166.262 59.0326 28.7857
-11.5106 7.49292 -0.700059 -103.527 -168.16 25.2728
-10.4052 -3.12871 8.55744 4.72443 -144.417 -178.675
-10.9584 -12.2736 -0.731987 -52.2568 -174.023 62.4503
-11.5497 3.7396 7.76858 -113.922 -47.9639 -169.178
-11.7419 6.55283 -5.67086 -133.521 -81.8045 117.472
-11.6838 9.31669 0.037912 -127.802 45.778 44.0208
-12.1198 7.93345 -11.6969 -172.763 -85.5486 -212.109
-12.063 10.2898 1.88002 -167.187 -7.68693 -40.6693
-11.9257 16.9282 -6.23122 -155 89.6616 -133.749
-11.091 7.23394 1.63238 -77.5425 -203.235 -21.8829
-10.0238 -3.60336 3.49436 27.8677 -310.763 -88.1569
-9.69221 -11.2783 4.97739 57.1524 -160.738 -75.6152
-11.834 9.22028 4.94322 -155.782 -72.1745 -88.1057
-11.8508 10.3306 4.4074 -158.483 11.0494 -110.533
-11.4773 9.83816 4.05518 -121.961 73.0258 -78.9879
-10.1746 -16.0727 -3.33949 6.1565 -44.7527 73.0155
-11.4713 5.99956 -5.22845 -122.805 -95.5727 108.219
-11.4759 8.43862 -0.96456 -123.83 -154.294 9.83693
-11.7801 9.24272 4.90853 -155.606 -80.0436 -122.298
-9.80876 -9.48978 6.0522 39.8734 -147.975 -117.035
-8.80541 -12.1196 -2.30262 133.683 -137.919 45.0606
-11.8833 11.7093 -0.0389617 -174.405 -0.758086 -8.73359
-10.8036 6.80603 -5.26213 -69.3761 -185.331 101.797
-10.8376 -13.0386 -1.07484 -76.2237 -140.497 34.9136
-11.6647 7.92639 -2.21568 -161.315 73.6056 40.6195
-10.2299 -9.09173 5.05586 -19.7107 -140.799 -95.1672
-10.7013 -0.668067 10.3596 -71.1345 -109.909 90.8622
-11.4482 9.32723 0.154617 -147.198 -118.315 2.44147
-9.70686 -5.9925 5.00322 21.9256 -195.609 -121.048
-11.5665 12.6384 0.79543 -164.21 -33.1434 -27.8581
-10.9574 7.63434 -3.35208 -104.526 -166.43 61.4159
-10.078 -22.7364 -0.27661 -20.7897 -456.298 -58.0803
-9.89002 -14.4608 2.68273 -6.10405 -168.426 -67.3518
-9.81628 -12.7669 2.13252 0.384641 -160.007 -30.5111
-10.5504 6.93849 4.35679 -75.0809 -180.182 62.7851
-8.66373 -10.9197 -2.2404 109.818 -145.459 16.3609
-11.3937 7.34691 -0.218394 -164.355 4.30486 -7.69123
-11.0133 8.42449 -1.88634 -128.947 -147.662 36.9045
-11.2997 9.87726 3.47994 -159.292 -88.6101 -57.2043
-9.30328 -26.4064 10.6711 36.4833 -153.61 16.3665
-9.1107 -7.23763 7.26064 54.0604 -135.9 -144.921
-11.0926 11.5592 -2.44758 -143.855 60.3516 74.9623
-11.0644 9.94705 -0.852008 -148.489 -93.5324 54.5211
-8.6122 -11.903 -1.75211 88.0999 -150.676 41.5454
-8.96794 -14.1175 -4.12814 49.1283 -162.974 66.8622
-10.864 5.82719 7.59421 -146.598 -2.73331 -19.0181
-9.73502 -8.83824 6.79371 -36.7427 -125.912 31.9524
-11.1466 12.0475 -0.086522 -177.267 -23.4943 -14.746
-10.0629 -6.43489 -9.05934 -73.4125 -167.208 207.747
-9.23616 -11.4754 4.70588 7.40036 -147.459 -86.8402
-10.0219 -8.09275 1.66514 -75.0728 -126.254 -65.7906
-10.9507 10.7403 2.78976 -168.054 -76.7045 -79.9327
-10.7197 8.78248 3.2748 -150.455 -71.7151 -53.73
-9.6523 -13.419 0.793214 -45.8264 -151.44 -36.8257
-10.9498 12.9924 -0.187651 -176.038 20.5382 -66.4284
-10.487 7.41311 -7.6902 -132.635 -55.5545 148.838
-10.3567 11.9845 2.28742 -120.918 88.4971 -67.7038
-9.73195 3.08517 -8.79037 -63.6064 -123.175 184.031
-10.4579 10.0588 -2.03558 -137.694 -140.255 48.7489
-10.4295 12.1044 -3.64589 -140.254 66.3424 19.1545
-10.6858 12.9057 -0.737975 -168.214 30.1814 23.9441
-10.7902 11.4822 -0.647606 -179.265 -40.6749 13.3101
-9.30182 -15.4998 -0.777913 -32.4175 -167.531 25.0593
-8.94992 -11.9335 2.661 -4.09991 -148.824 -42.7989
-10.4747 10.8841 -0.678615 -160.779 -8.57966 5.89827
-8.49962 -8.27052 -8.03425 32.1051 -132.275 182.237
-9.70489 9.78943 1.56516 -88.3054 -205.951 54.5392
-10.5692 12.2755 -2.83236 -177.045 6.81013 67.8739
-10.0181 16.3761 8.63235 -125.771 109.026 9.45099
-9.22032 -6.20827 -3.82845 -46.7375 -205.719 -60.8805
-10.2238 9.28761 2.84536 -149.011 -68.9927 -66.2769
-7.63189 -21.2352 -9.27546 105.941 -108.429 48.429
-9.96185 9.44283 -0.649095 -129.823 -153.424 -0.268784
-10.1707 9.9474 -4.25573 -150.78 1.81725 82.6317
-8.29669 -13.692 -2.14155 34.7656 -163.046 26.209
-8.81002 -6.51576 6.21917 -20.8709 -161.343 -33.7254
-8.20208 -13.5057 0.619255 38.7974 -169.905 4.8644
-10.2059 12.9194 -6.41207 -171.879 -132.804 118.233
-7.04437 -11.0086 -4.60932 136.67 -109.527 111.671
-9.86231 12.894 0.712121 -143.749 71.3159 -45.312
-10.0251 10.9866 1.46401 -162.018 -43.0806 -49.237
-7.88526 -14.5794 0.801748 50.2168 -102.403 -11.1659
-9.63302 7.77601 -9.01471 -124.209 1.94583 176.674
-7.86728 -15.8758 0.795459 45.9529 -176.806 -11.7057
-8.64611 -11.5336 2.25185 -32.0638 -189.841 -45.3552
-7.41249 -14.9793 0.413825 89.4995 -117.395 4.11742
-9.95705 11.0314 3.32645 -164.442 -16.0258 -79.4376
-8.41251 -14.0308 -1.03279 -18.1012 -156.175 48.0063
-6.79553 -12.2079 6.05475 129.815 -122.685 -114.496
-9.44037 9.38116 4.26407 -134.882 -130.853 -86.0971
-9.51211 1.41393 -4.07402 -146.428 60.668 -52.5939
-8.12681 -25.8451 2.00912 -16.2264 -409.14 91.8509
-9.49113 12.5289 -4.0032 -153.912 43.1291 99.7458
-7.2027 -29.401 1.31057 70.9364 -217.765 89.7616
-8.56063 -33.7265 12.291 -68.1036 -191.656 -23.4085
-6.92768 -13.1432 2.57714 82.558 -137.864 -43.5609
-9.08942 11.7508 0.612746 -139.267 -174.343 7.19763
-7.22334 -14.1479 2.15091 44.637 -161.144 -41.1798
-8.10865 -12.4931 -1.73866 -45.3561 -189.226 31.4703
-9.19 11.239 3.12529 -162.463 -0.460075 -60.1212
-7.93432 -11.3149 -4.27365 -39.9974 -137.343 -45.1384
-6.39029 -6.17117 2.16402 109.512 124.627 27.1957
-7.46847 -1.24572 -4.18714 -1.78959 113.116 -39.6436
-8.04949 -6.35354 4.38714 -60.1172 124.348 -15.5677
-8.33731 14.9645 1.43189 -89.0112 152.651 -129.677
-9.0673 11.5263 -3.49067 -161.892 -8.72263 81.0592
-6.68318 -15.4487 2.94397 65.213 -166.305 -49.266
-7.00207 -15.4195 1.45913 31.4746 -169.671 -26.0465
-8.77565 24.3379 -10.3346 -148.901 -21.0476 83.827
-6.84225 -18.6472 1.54062 42.2268 -39.2631 -28.9712
-6.49959 -12.7035 3.43377 64.3548 -136.376 -80.8629
-7.70416 -14.2292 2.0088 -56.6985 -81.6827 -42.0486
-8.55296 11.3052 -2.59414 -154.391 6.16231 55.8376
-8.32109 15.4245 -1.97074 -131.557 101.365 44.9944
-8.79233 14.652 -0.580276 -191.275 -26.193 -26.6698
-5.85379 -13.7524 1.80226 98.5227 -192.389 -23.9479
-8.15287 -4.64453 2.94591 -133.854 -17.5229 116.301
-7.10863 -1.58424 -0.844359 -32.8124 -214.207 -42.6728
-6.89046 -9.9858 7.61642 -12.9313 -117.75 -151.11
-6.71956 -12.3736 5.70539 3.90478 -140.045 -110.41
-5.18802 -13.165 4.54718 155.731 -91.4628 -103.226
-5.64999 -14.331 -3.12027 109.034 -129.975 74.0228
-8.16187 15.1871 2.79305 -140.805 98.4275 -34.1818
-6.12001 -14.0494 -1.95928 59.8298 -153.655 54.2456
-5.72043 -10.3661 7.42296 98.2166 -153.891 -20.4269
-8.38004 11.5914 -5.51629 -167.715 -121.831 92.6814
-6.37046 -14.0078 1.7198 31.5416 -212.998 42.0857
-7.25444 -16.8525 -1.83597 -57.9809 -166.425 -60.7045
-5.10855 -14.1731 -0.136517 154.635 -122.459 4.35037
-4.86318 -11.8902 0.379168 178.465 9.3755 -104.616
-5.34233 -17.097 -2.72279 128.679 -68.5131 51.8596
-8.27726 12.1522 0.100399 -168.089 -128.505 -19.6273
-8.50712 12.8978 3.05008 -191.956 -57.8721 -73.4608
-5.83871 -0.538954 6.71287 70.1045 92.4216 17.163
-8.14493 12.7917 -2.67083 -159.199 32.5921 70.4795
-8.26412 6.6299 -6.56822 -171.227 52.7551 129.917
-6.13372 -13.092 -2.9639 38.4541 -252.109 58.997
-4.67304 -13.6502 -0.369316 178.386 -73.7595 17.2153
-6.02394 -16.0397 2.0937 36.3928 -162.708 -54.0637
-7.8742 12.0932 5.00019 -147.483 31.4477 -93.9902
-7.67469 13.7951 -5.41041 -135.507 74.1341 113.723
-7.55873 13.3656 0.0277403 -130.973 70.5615 -0.0172324
-7.86995 11.3671 -3.20176 -162.552 -50.2312 60.9658
-6.37477 4.17101 -9.79375 -36.1514 -115.851 215.254
-7.44243 15.4706 1.13135 -152.833 87.9066 1.0234
-7.77661 13.1305 -2.47797 -187.195 -104.018 52.4561
-6.64208 13.1575 3.19962 -77.9757 115.436 -42.9011
-6.90967 -5.70896 1.11788 -116.301 96.7601 -91.7529
-5.50799 -18.3291 -0.337195 21.9845 -131.812 -4.63715
-4.6921 -13.5769 2.18 83.3639 -132.309 -30.2803
-7.07374 11.0589 -1.9658 -156.139 -138.177 24.3634
-7.02495 13.3801 1.76345 -152.542 49.4189 -48.0065
-5.47078 -10.6645 -12.4369 -1.55555 -105.459 -4.78395
-4.62612 -17.3634 4.13857 72.9411 -192.341 242.522
-4.63557 -13.8806 1.17916 70.5385 -196.966 -13.9955
-6.24759 13.9614 -2.37858 -93.4971 111.077 77.0043
-4.22521 -11.7113 1.9972 104.516 -179.011 -49.4233
-7.11385 14.7954 -1.15759 -183.152 13.034 21.0139
-3.6461 -13.1712 3.5743 154.855 -76.5196 -67.1646
-4.97394 -14.8827 -1.34982 20.298 -152.781 20.0913
-6.72218 15.299 -1.89142 -158.469 78.5039 64.7676
-4.24747 -15.3465 -3.90081 78.1651 -143.205 91.2794
-4.28947 -19.0843 2.51437 70.149 -100.679 -37.5479
-6.5877 0.517289 5.20248 -160.228 105.97 1.05696
-4.84402 -12.242 -5.61192 11.0668 -129.019 123.798
-6.3473 13.2382 -5.48378 -138.854 55.2497 115.438
-3.06478 -13.5678 -3.37392 173.882 -43.6237 78.6296
-4.04228 -15.6675 -1.43044 73.443 -149.203 38.7598
-6.48852 13.7483 1.07399 -169.902 17.021 -39.9456
-4.35275 -14.4943 4.51988 40.8493 -140.745 -110.4
-6.52262 12.7176 1.18503 -182.761 -56.4924 -19.3743
-4.76879 -15.2311 9.57544 -9.75236 -155.98 10.3707
-5.84588 14.632 -1.90598 -122.478 96.5989 37.2458
-4.46258 -17.3916 1.78408 10.4137 -172.18 -23.208
-3.94962 -14.6122 -3.19866 58.6187 -135.411 78.4105
-5.83424 18.3807 3.25254 -133.432 -25.9585 -44.5262
-2.95249 -9.72417 -7.45063 149.127 -119.394 -10.1689
-4.46206 -18.8269 -0.151419 -3.13121 -111.322 -10.3946
-3.50434 -16.5223 -3.79343 91.7228 -151.39 73.3314
-5.22043 16.159 2.13993 -80.145 137.894 -41.3533
-5.36191 10.9993 -2.26485 -96.4396 -216.17 46.4008
-6.18114 12.8819 3.72473 -179.792 -66.8512 -73.7812
-4.99476 9.2764 -2.58967 -64.3721 188.566 42.718
-5.96653 15.1872 0.902975 -162.385 64.5034 4.12558
-5.52587 16.108 -1.80174 -134.538 111.477 67.6528
-5.6403 13.0205 -1.53814 -147.195 69.5607 91.7729
-4.77037 -6.62985 -1.81352 -65.7125 98.8047 99.6127
-4.6335 18.6127 3.32912 -59.5181 74.794 -30.2308
-3.68009 -11.7022 -4.39727 31.442 -165.268 79.4849
-2.87115 -14.2054 -1.58362 111.228 -110.313 26.9779
-5.59859 13.142 -1.42408 -164.963 7.2041 -30.1444
-3.45738 -16.8565 -1.37954 43.7382 -163.607 41.2981
-2.99645 -15.9109 1.32971 80.2267 -144.963 -35.7428
-4.05923 8.6437 3.99701 -30.0847 -72.9796 62.0619
-5.02909 15.5707 -2.83411 -131.312 98.0037 88.0932
-2.04835 -13.9408 1.61685 164.028 -73.3837 -25.5269
-2.1218 -11.7412 -8.17419 145.797 -93.7867 110.622
-2.20676 -14.6328 -1.62051 136.366 -102.157 45.1876
-4.6475 13.5542 6.25037 -113.976 85.9412 -151.802
-1.98588 -21.8977 1.69022 148.548 -403.97 -107.442
-2.9921 -12.5875 -5.47302 48.2975 -122.641 131.912
-4.762 16.2423 -2.29435 -131.579 104.687 40.6021
-4.31374 14.0859 -3.07101 -99.1392 105.247 75.838
-4.83657 16.9383 0.0784131 -152.206 88.1003 -23.6833
-2.21096 -13.953 -0.899288 103.538 -170.78 13.1299
-4.45386 8.93087 9.15717 -126.6 -42.6405 -191.411
-2.74882 -15.369 3.12789 39.7108 -148.503 -48.4188
-1.81009 -15.6809 0.261426 128.374 -126.737 -3.51794
-4.4975 15.5104 2.8854 -139.13 92.9236 -34.4162
-4.37685 13.634 2.59389 -128.523 76.035 -58.4659
-4.13979 10.7693 -6.53053 -105.819 91.2187 -39.0152
-2.72925 -15.0404 1.90047 31.7691 -140.14 -30.133
-1.25698 -13.7287 4.35176 177.519 -33.7981 -103.301
-4.8333 15.5299 -1.21484 -183.693 17.7068 26.4989
-4.53162 13.6352 -1.3164 -157.468 49.9427 48.6341
-4.86972 14.2168 -4.9775 -193.497 -12.5214 80.9814
-4.10025 13.5177 4.21253 -118.05 82.1566 -66.1653
-2.9603 -15.5416 -2.52366 -11.8494 -148.858 67.0349
-3.53169 15.6909 5.39682 -73.9767 135.189 -117.053
-3.20613 15.3139 -6.24595 -41.8093 140.312 111.72
-0.760102 -17.87 -2.193 195.82 -46.8832 45.32
-3.97219 13.8795 -0.7925 -124.271 80.7224 41.0864
-3.53841 16.9005 -0.804954 -84.4152 142.673 15.2136
-1.26754 -3.1962 4.60854 140.802 -175.305 -15.3666
-1.64457 -15.3475 1.09574 102.479 -128.401 -1.39116
-1.2905 -27.8767 -3.55752 134.716 -297.934 -129.656
-0.945797 -16.5611 1.08378 165.536 -94.6809 -12.2753
-3.11438 2.0197 -10.4494 -55.753 -107.945 -76.5495
-3.28896 15.5012 -3.64608 -73.9504 136.764 1.33281
-3.39308 13.8383 5.59516 -85.0189 164.092 -132.057
-2.54837 -16.2362 -0.186778 -3.40379 -153.117 -11.4523
-4.46272 13.9796 -2.36778 -193.594 -17.1839 112.036
-3.31812 13.0808 2.34159 -86.9176 122.608 -50.996
-3.27795 17.9067 7.70666 -84.1359 144.535 -11.8896
-0.947771 -13.4992 -4.19877 143.238 -75.0241 99.9057
-1.6052 -15.5381 -3.3928 76.2997 -137.454 44.4258
-0.767973 -15.1306 4.06944 151.321 -93.0873 -76.7924
-3.76049 15.5631 -1.58317 -147.448 68.6434 14.1777
-3.12965 14.6042 1.55521 -99.0255 106.18 -29.4528
-1.39895 -14.6624 -3.05984 69.5369 -129.808 38.89
-3.84021 16.0653 1.35313 -177.739 59.6586 -44.2222
-3.74754 13.6087 -3.59396 -189.78 -26.6117 53.7972
-1.0767 -17.5173 -2.84895 70.5813 -157.309 29.1085
0.107743 -16.5695 -1.67026 179.366 -82.0082 32.9784
-0.697154 -13.5306 6.43956 99.0925 -102.251 -127.479
-2.84589 15.8094 -0.557287 -115.412 111.01 11.3271
-0.00120179 -15.1308 -1.06252 164.696 -82.8768 37.1607
-1.67348 -16.0788 -0.424158 -4.34289 -43.9252 -3.05895
-0.183646 -16.1397 0.942795 126.695 -45.7636 81.1931
0.433177 -8.56561 7.6597 183.583 -58.7608 -22.3213
0.288887 -14.8599 7.96112 169.162 -113.099 -165.605
-0.0335388 -14.8694 -3.84475 132.573 -88.912 92.5878
-3.27991 15.9417 -0.617371 -199.555 21.3172 34.952
-1.39342 16.8267 0.601037 -12.291 97.3796 -24.0645
-1.9552 17.4309 0.126428 -80.931 151.029 4.12516
-1.88544 7.4939 9.73014 -77.9743 -115.09 -213.716
-1.77227 14.9448 4.28489 -67.6238 127.868 -112.154
-0.443831 -15.0662 5.47022 58.6852 -137.283 -115.229
0.544614 -15.4321 3.89962 155.853 -83.3671 -68.5251
0.809647 -12.5062 3.8898 154.589 -145.11 -85.9697
0.521996 -14.4198 1.11724 120.533 -98.4935 -14.585
-0.543363 -0.0820108 0 11.5998 -0.768315 0
-1.96145 15.8381 -4.86113 -132.656 106.23 103.212
0.924146 -18.2543 -4.21155 153.623 -94.55 -38.586
-0.118244 -22.3289 -1.69434 48.4827 -393.002 -19.2795
1.02028 -15.4776 0.447376 149.356 -91.4116 5.49573
-0.562377 15.2548 -1.41056 -19.9955 140.979 5.4176
0.862016 -26.8723 -7.89721 121.474 30.7686 93.3762
-1.88746 16.3288 1.03072 -160.177 74.3581 -19.6028
-1.02965 14.4594 3.80791 -79.0683 119.546 -101.107
0.745954 -17.5652 1.37934 91.187 -147.209 -38.9121
-1.37784 13.4609 7.75144 -129.967 74.2069 -146.154
1.89614 -14.0325 -1.48711 193.179 -8.55758 65.3243
1.50442 -16.498 0.635136 152.601 -103.105 2.68144
1.27997 -16.8293 2.18235 128.681 -121.833 -34.9311
0.0350745 17.2231 1.50352 3.13925 111.729 -62.9804
-1.00223 15.9595 -0.500881 -103.941 58.46 48.8623
1.12277 -9.48503 -0.0115791 97.8096 128.58 48.864
0.329146 -15.3691 0.190067 16.0274 -143.412 -20.1213
-0.360074 23.0168 -0.373788 -54.2445 81.1303 5.3162
-0.116399 17.6513 -2.07981 -45.9539 162.458 24.9319
2.34794 -14.3086 2.74145 197.702 6.99789 -75.8173
-0.752741 14.8153 4.36701 -118.143 106.164 -94.8816
2.00186 -13.0739 -5.49673 152.053 -45.1358 109.135
0.903976 -17.0633 3.87939 36.7174 -158.114 -81.0531
-0.0895876 12.8479 -4.55344 -67.342 118.861 -73.338
2.1776 -16.4824 -1.14924 156.611 -88.7158 10.5189
-1.43539 14.1847 0.633 -202.818 10.3776 5.34206
-0.360589 2.23717 6.5274 -99.1222 81.6373 132.38
1.0665 -16.0691 2.60739 30.0514 -149.532 -53.999
2.40226 -11.8721 6.84218 157.171 -21.4426 -116.113
-0.229706 11.7347 7.81137 -113.319 -46.7721 59.4445
2.13775 -17.4918 0.0584235 118.47 -132.675 11.0164
1.92946 -14.6225 -3.44909 96.6599 -112.953 83.9333
2.78382 -19.9471 1.19529 173.593 40.9144 -33.8204
0.717765 17.1902 -2.58296 -35.5565 159.13 49.4823
-0.281939 9.33089 -6.96974 -149.943 206.194 148.882
-0.52991 12.4596 5.67738 -177.051 91.2378 -367.216
1.18669 16.2166 0.795405 -12.4408 151.589 -4.30513
-0.526054 21.3943 10.859 -186.388 -1.99154 -177.162
-0.488016 15.2175 -0.970618 -182.877 49.253 13.7776
3.38449 -13.7604 -4.16871 197.057 59.1835 91.5591
3.46821 -14.6685 -1.31769 203.405 24.2225 27.1223
-0.120401 21.0995 -0.487854 -154.497 -56.737 6.06328
0.328557 15.7257 -0.607422 -115.116 122.401 -8.23044
2.07339 -16.5812 -2.57148 58.1344 -145.233 45.8473
2.99003 -13.1978 7.00365 139.648 -56.9581 -158.092
3.3432 -10.6499 -2.89846 164.544 -170.66 61.4337
3.19287 -14.0638 1.12108 149.398 -61.9094 -33.1032
3.62531 -14.5274 0.226303 189.738 -11.582 -23.4705
0.673827 12.7397 8.58464 -110.253 83.8386 -168.848
0.296677 13.43 6.69964 -147.794 69.8098 -139.828
3.05366 -14.5173 2.47734 119.95 -91.7092 -65.663
-0.0601103 13.9231 2.36357 -190.674 20.2413 -53.1311
2.26121 -14.9944 6.03952 39.8124 -108.972 -136.656
1.60413 16.4791 2.60712 -29.5718 154.905 -66.4699
3.56071 -14.5953 1.1041 159.283 -86.6692 -41.2033
1.2673 13.953 -3.26353 -94.7185 114.046 68.1804
3.29052 -17.5141 2.3414 103.976 -140.545 -35.4394
1.45561 13.4269 -4.07611 -91.2364 106.828 110.629
4.47742 -15.976 5.52958 203.62 -19.6398 -137.56
3.70376 -17.3391 11.096 122.043 -89.6573 -82.1276
2.08658 15.4082 -2.62509 -40.176 144.731 45.9334
1.895 16.761 3.30626 -60.1285 153.735 -76.0857
2.46552 15.3717 -3.60382 -4.30445 145 90.5618
1.47316 15.652 4.50466 -107.565 129.226 -97.8428
3.53641 -13.8527 2.69753 90.9178 -103.422 -60.0412
0.685846 16.0573 1.78131 -193.361 62.6505 -16.3569
2.28717 17.5043 2.13779 -34.8292 166.748 -31.8766
3.54585 -8.93098 -8.76222 89.8029 -136.795 79.851
4.38373 -10.4572 -7.40152 142.452 17.6474 160.257
1.95357 14.9079 -3.47253 -99.6048 124.408 51.2546
4.75771 -14.5819 -0.501041 174.074 -20.871 -7.59965
5.0652 -11.9998 -1.29201 194.739 -113.214 3.0557
4.32308 -13.5704 -4.56016 103.541 -92.3036 101.334
2.15122 14.6137 2.50239 -115.767 113.2 -54.9596
2.99444 14.9616 -1.3822 -37.4569 147.198 12.7786
4.30642 8.49753 -9.54561 88.1989 73.9274 -79.3015
2.71361 15.2579 -1.24131 -75.7395 137.337 21.5186
5.0617 -10.9032 8.72385 145.702 4.76832 -158.353
2.5852 13.0054 -5.16674 -105.598 107.749 90.3829
5.32966 -13.298 0.640207 164.971 -19.2171 -41.1244
2.12366 16.0258 -3.11752 -153.587 109.121 57.4344
5.73802 -13.8521 -0.1725 187.915 -78.2348 -16.5659
5.59121 -13.0922 -2.52068 164.054 -15.6483 52.7822
3.1 15.9269 -0.237251 -84.7649 143.248 -0.13354
3.8668 14.6378 -0.0993579 -11.4461 146.255 30.3095
2.99189 14.8264 -0.262953 -103.37 123.211 -10.2319
2.16882 15.0355 1.04896 -191.968 49.8821 -22.8646
5.96948 -13.5295 -5.58227 181.155 9.13802 105.249
4.19824 14.7867 -2.11078 -6.03017 155.571 35.3023
5.84334 -5.42284 -3.35668 153.945 -84.0311 -94.1121
3.64206 13.7069 5.33734 -66.88 127.017 -103.26
5.07874 -14.4817 -2.37163 73.6316 -120.813 40.9685
3.67888 14.7196 -5.50931 -66.8333 137.651 129.121
4.9024 -3.4273 -10.249 47.9217 -135.706 -0.0878956
5.73825 -16.2158 -2.07163 127.836 -87.232 21.8247
4.11516 16.752 3.09684 -34.4573 165.112 -51.0576
6.08152 -12.0597 -0.023227 159.142 146.433 5.58011
5.39132 -15.1772 -0.713853 90.4472 -121.879 1.05553
5.65923 -10.702 -6.84061 115.387 -80.0095 -99.2446
4.4347 14.5176 -1.47246 -14.4328 143.665 21.9093
3.92658 15.5618 -2.90498 -71.3309 150.185 74.2998
6.39044 2.81463 -6.02397 171.332 6.1069 58.7312
4.56467 17.4277 0.62194 -13.0862 172.232 20.1671
4.02542 14.9346 -2.98804 -74.0883 138.578 75.4365
5.83507 -14.9855 -1.92102 105.639 -113.861 1.11176
6.05682 -11.7069 -8.64702 123.782 -54.8771 166.939
4.71304 3.91867 -10.3159 -12.3657 178.428 46.7528
4.17919 17.4329 -0.446974 -75.3979 160.092 23.104
3.32236 13.7066 -2.95291 -170.789 78.023 78.0593
4.06897 15.5468 -1.67404 -100.91 140.364 48.7472
6.12875 -13.7521 1.30342 96.0616 -95.6819 -40.8304
3.8689 12.0303 -6.26193 -128.802 96.4485 115.423
3.35 14.2282 2.71651 -189.457 67.481 -59.4458
5.04126 15.3156 -1.68054 -24.4549 144.701 25.8128
6.80819 -13.3509 -5.77741 142.951 -55.1867 97.5304
4.40868 9.09877 2.382 -99.4269 214.982 -21.1771
6.60703 -10.2425 -3.17106 115.255 -100.464 -132.181
5.04447 13.7005 4.51548 -40.5564 140.655 -69.7827
5.73059 11.4964 7.74982 22.4083 178.544 -217.363
4.96009 13.7808 -3.65735 -59.9983 155.04 91.027
7.11519 -19.1473 -5.05579 153.087 -4.41098 143.944
7.41067 -13.9383 1.26234 180.233 -9.18421 -42.2182
4.22265 13.3907 -4.67987 -147.921 91.9903 122.581
3.3744 15.3798 -3.63126 -233.168 182.201 -40.042
5.43654 16.458 3.66382 -35.4849 168.51 -46.2725
4.94221 16.6371 0.26048 -92.1942 158.835 7.52769
7.66591 -22.2509 1.31782 172.852 24.2802 -9.4875
6.01063 13.3231 1.60383 6.77726 141.873 -33.9651
4.28644 13.5718 0.576695 -178.942 80.7931 -29.4564
7.33518 -10.3915 -5.15197 117.231 171.907 111.515
7.44225 -9.91714 -4.40855 125.631 -97.4603 56.4954
5.73896 -8.74247 2.17682 -45.846 153.167 -13.3708
8.12386 -12.7207 0.986722 189.478 75.0165 -23.2914
6.16701 15.8567 -1.13008 -6.09642 164.292 33.4052
7.7187 -10.4437 5.56023 146.7 54.2576 -120.612
6.72271 13.7868 -3.85402 43.6857 137.469 67.6843
8.07039 -15.0116 -2.51058 170.896 -52.6979 19.7925
6.41221 12.8251 -1.01672 -6.92894 -18.5363 160.469
7.86867 -13.8331 5.32947 137.505 -81.3609 -96.1328
5.94262 2.49403 1.97622 -54.9654 19.0424 173.452
8.21768 -12.824 -0.53721 168.178 -6.94633 21.4592
6.78377 12.8132 -4.40918 18.8272 195.62 54.0301
5.25712 11.487 -7.38019 -142.147 87.8408 145.53
8.20575 -12.7292 -0.0669533 144.328 -50.7558 8.76871
8.62823 -16.9861 12.9388 182.758 206.188 -250.587
8.59166 -12.3505 3.96105 176.982 18.8338 -64.4223
8.0067 -16.1888 -1.19092 114.199 -129.013 13.4059
8.41773 -15.1365 0.55721 152.363 -76.7819 -35.0657
6.35995 14.3923 -0.876387 -53.7895 156.199 8.97728
8.61929 -13.0021 -1.01141 167.925 -4.9247 13.6977
8.11868 -19.1873 0.518847 116.423 20.5821 -5.59821
5.43204 14.8783 -3.04782 -154.976 116.696 49.3862
5.17436 10.7853 -2.57935 -185.035 -173.852 47.379
6.07724 15.3385 -0.556219 -102.17 158.532 -5.54952
8.63919 -15.3177 1.90523 141.042 -102.197 6.0978
7.61931 10.5362 4.11246 39.269 147.521 -89.3291
8.52235 -12.415 4.59001 126.786 -128.703 -35.2845
8.71889 -9.67425 -5.36095 145.12 18.04 120.006
9.15275 -11.8565 -0.134318 180.628 49.4644 0.560362
6.41729 12.7969 1.66692 -94.9211 138.746 -23.7222
7.06089 13.1435 0.17561 -32.0978 115.706 81.7418
6.97513 12.7645 -1.00173 -44.3777 146.093 29.1108
7.22294 12.6842 -3.78622 -22.1136 146.013 81.097
6.98492 6.04461 10.9055 -52.1227 110.013 27.5658
6.46601 10.4231 -6.28109 -104.027 110.454 143.679
6.19845 3.12294 7.07529 -138.944 -95.066 40.2297
9.43237 -12.9032 3.8432 181.16 21.3272 -76.1246
7.66423 14.6818 -3.29583 -7.04682 167.28 87.482
9.29238 -13.488 4.17258 149.508 -63.2002 -81.0859
8.99935 -11.404 3.7331 120.036 -71.6277 -72.5244
9.20629 -14.3023 -4.44845 140.337 -92.2047 64.8105
6.51 25.8486 -2.30714 -133.286 338.705 -138.987
7.41888 14.2582 -4.7449 -45.0845 140.529 69.1391
7.61546 6.42676 3.42575 -40.8239 220.268 -87.4366
9.75461 -11.6288 -3.38585 168.924 -1.35981 63.1962
8.32012 10.7632 -4.13271 19.5528 137.431 94.5736
9.9363 -9.56439 0.277014 179.31 7.60366 12.3433
9.74346 -10.4432 -3.48171 159.145 24.0961 72.0757
9.67918 -11.3143 0.784672 150.015 -26.9728 -52.0016
6.67591 11.3466 -0.527132 -157.158 198.612 -2.10219
8.79537 5.93233 -9.22955 52.9696 92.0578 198.259
8.71599 12.0728 -0.765718 31.1967 141.318 14.1108
8.78317 12.1764 -4.66264 30.6652 146.367 106.563
7.05175 10.9219 -4.15949 -141.726 107.228 97.4654
10.0519 -13.0853 2.25731 147.241 -70.0163 -80.2458
7.0424 18.421 0.872536 -157.716 71.4595 28.3821
10.0634 -7.65285 5.24993 141.908 74.4468 -113.319
7.22011 13.2239 2.01133 -143.372 133.409 -32.35
10.2876 -10.0567 1.22086 160.578 49.7011 -24.0105
10.5452 -12.2815 0.812084 185.463 23.9417 -6.15417
8.89601 14.573 -0.751945 20.0999 165.431 27.9927
10.4853 -11.8949 -3.63011 177.678 36.4735 75.0328
7.27356 13.8283 -3.2215 -144.229 131.384 79.6358
6.69742 15.0931 -2.16309 -203.641 177.929 51.1179
10.1974 2.14553 3.95545 141.019 179.884 -31.6761
9.52726 0.494622 -4.03036 71.8772 191.177 -12.6425
8.09386 1.75373 -0.812215 -84.4447 -9.73906 -159.753
9.56102 11.3742 1.76325 58.6344 128.206 -16.8851
10.6743 -10.1017 3.28371 161.677 65.9907 -63.2474
8.86728 11.9023 -1.99564 -19.8943 155.133 44.115
10.6444 -10.0218 -3.18072 155.873 6.45604 65.552
9.14597 11.5637 3.48385 6.54734 122.268 -76.9705
8.70114 14.1019 -1.05314 -38.2906 164.553 21.8893
10.4729 -14.1856 -10.4206 122.923 120.069 228.286
10.8053 -10.3426 5.34506 154.454 1.65146 -107.644
10.9216 -9.96256 5.12787 163.254 69.5518 -123.237
9.0121 12.0956 -2.21227 -34.0612 160.547 37.6228
8.76266 12.9243 2.21893 -59.3469 127.682 -46.792
10.8463 -10.3749 0.0818759 143.378 -33.2134 19.2031
7.95656 11.8585 3.59072 -147.924 133.498 -90.5181
10.4845 -8.39012 -1.19456 103.118 202.528 20.5422
8.60838 11.6168 -0.982703 -85.2206 146.664 28.263
9.45828 11.3631 2.46054 -7.13503 156.644 -23.2335
11.1956 -9.94529 -1.88908 162.917 57.8988 47.4
11.5707 -18.4994 0.528308 196.565 126.304 -0.844998
9.53023 18.1805 1.58655 -7.87802 145.714 -2.4537
11.0245 -1.48526 4.21954 136.108 70.0894 86.2457
10.6124 1.55808 9.59848 90.3812 49.1625 -206.891
9.11776 17.2866 6.75957 -59.8598 82.9345 -129.532
9.36686 20.8005 -8.31587 -37.4773 200.063 -89.4818
7.92591 10.3847 -5.63327 -181.175 89.5618 116.912
11.1822 -9.48817 -2.94249 141.57 -30.5621 -37.0143
10.2931 8.0945 7.78718 52.8176 116.903 -171.153
8.14673 12.1497 -2.70355 -164.419 107.364 67.0544
9.7634 4.3277 -3.95782 -4.12985 221.259 40.6131
11.4002 -13.1093 3.35142 154.877 -67.0281 -67.7546
11.3051 -7.71693 -3.02062 143.564 64.5866 85.8585
11.3287 5.21068 -0.299844 145.679 -25.038 66.4364
11.4928 -9.53817 4.44393 159.917 14.4603 -103.746
10.3159 10.6411 -1.36158 39.11 138.549 17.2426
10.3748 10.555 -0.232905 38.7699 142.176 25.5324
9.93546 13.2873 8.77221 -6.96098 170.443 5.13664
11.6351 -9.84907 2.76457 161.319 86.2401 -74.9148
11.1157 -1.43636 -7.85502 105.58 8.26157 168.86
8.63294 12.268 -1.39719 -143.555 136.979 41.315
9.37489 7.84854 4.97818 -70.9074 223.746 -93.3012
9.71492 -2.0359 6.4277 -38.486 199.287 15.7349
11.49 -10.588 -4.48616 136.342 -61.2868 58.052
10.6593 9.81579 2.52409 44.7181 136.607 -73.8603
9.20073 12.3337 -0.049609 -100.577 158.06 17.2262
10.9639 3.92925 7.60333 72.9114 86.4806 -168.429
11.8604 -11.2274 -5.12928 161.873 -35.0139 99.5022
11.6083 -2.94896 -4.69537 130.466 -40.9867 60.8587
10.1549 17.2206 6.78697 -16.9468 170.399 35.2963
11.7011 -6.80556 -6.94462 132.759 75.5276 150.392
9.28187 10.1342 6.09298 -107.986 144.726 -123.41
9.10563 24.9698 -8.18824 -128.931 104.845 21.1044
12.1741 -10.405 -1.9474 174.184 32.9322 29.5817
11.1664 9.28057 -1.74426 68.6186 123.181 41.9973
9.99929 8.70097 5.37617 -48.8416 151.666 -90.0126
12.398 2.03635 -0.445261 178.231 -8.4072 -0.879556
10.3416 13.3468 1.24922 -30.412 174.917 -24.97
11.8859 -8.48286 -4.3516 119.753 -67.0417 98.68
10.1745 34.9006 -6.90918 -51.2068 137.323 94.8626
12.033 -10.395 -1.68362 132.855 27.0566 64.6255
11.4744 11.0494 -2.26621 75.2755 129.026 5.05313
12.3585 -10.574 -1.7922 162.79 -21.8169 49.8794
12.1558 -12.3709 -0.00582601 140.975 -84.7316 3.93787
12.4928 -11.0881 3.32634 174.017 -1.97661 -73.7155
12.269 -7.83222 1.84125 151.379 64.1783 -40.7471
12.5042 -10.8315 0.242691 173.247 25.7709 -14.822
12.6336 -11.1467 2.19955 182.832 54.1742 -34.1482
12.5892 -18.7848 -0.462604 174.098 44.9624 13.6873
12.4561 -9.62022 3.07577 157.708 95.1443 -42.1388
11.4987 9.11791 -6.25983 59.6449 129.67 128.139
11.3583 7.65038 6.96011 33.2028 132.176 -139.171
12.4438 -9.87965 -0.791617 139.205 -57.0264 7.1469
12.6157 -7.63674 -3.22257 148.564 86.8293 71.1302
12.7078 -2.44295 -3.27375 152.682 96.026 -12.465
12.8294 -8.98996 1.62873 162.782 83.0692 -36.2915
11.6726 -2.24867 -6.48946 43.2162 174.258 140.4
12.5525 -6.16067 -2.70891 127.385 105.688 59.1784
10.6166 11.8379 1.36216 -65.3508 173.887 -38.8649
12.2058 -4.5162 -7.89917 90.8414 121.579 163.302
11.3797 8.98786 1.73719 4.15772 156.627 -48.2986
12.9461 -8.55055 -2.78693 159.088 50.7222 42.6006
12.6549 -17.0752 -6.43684 129.593 -21.5383 39.5368
13.0247 -10.8302 -0.0589075 164.937 73.8333 5.33112
10.7815 8.66724 3.55109 -58.56 166.693 -50.0005
12.4061 10.6351 1.60157 102.772 115.65 -38.2988
12.2964 7.54812 5.48786 90.8168 103.329 -114.708
13.0642 -6.21678 -4.33403 166.712 -1.44419 97.7335
12.9033 -8.4127 -3.01384 147.099 121.125 59.7153
12.5554 -7.34751 -1.9806 107.229 183.774 45.1581
12.8387 -8.40733 2.58634 133.402 -56.9666 -44.1158
12.4677 -6.35106 -1.98639 88.922 161.013 37.0193
12.4018 -5.72259 0.884792 81.3207 178.218 -25.5479
13.2032 -8.66503 -1.76441 156.091 -5.0713 40.0315
11.9033 10.9129 -2.52685 26.6705 163.529 76.126
13.4122 -6.41902 1.59322 175.144 -0.268995 28.7946
13.2424 -7.961 -1.3493 156.487 11.3766 13.5536
11.3725 11.7861 3.05849 -30.7358 183 -33.4022
12.1585 -6.79959 0.65904 44.5173 224.24 -15.9695
13.4308 -8.55851 0.913093 170.816 38.6213 -36.6919
12.8417 -1.04463 9.94817 108.613 90.6209 -6.16935
13.25 -3.59702 1.79665 148.729 106.574 -37.7827
13.206 -6.1094 0.652914 137.149 108.406 -11.065
11.7657 12.4816 -2.81319 -8.47056 179.313 57.5588
11.6132 5.91466 0.286165 -24.0002 219.305 -22.9882
11.4516 26.2272 -8.74842 -40.5918 160.247 36.5832
13.1335 -5.25346 -0.60702 122.659 141.015 6.8449
12.04 10.0394 -3.85797 12.3891 166.132 103.645
12.8887 12.7695 -0.304584 92.6358 134.508 9.82857
13.6014 -8.76233 -1.1064 162.541 13.0575 31.5883
12.3006 7.57624 -1.70409 33.1918 147.829 40.966
13.3744 -4.31241 6.99011 134.75 69.9803 -146.345
12.1876 2.0105 5.57658 15.3668 159.965 -135.309
11.2858 10.3585 1.16848 -77.8923 172.708 -23.4903
13.646 -8.91763 -1.91805 152.556 -32.3636 59.9765
13.5909 -6.2546 -0.352967 145.854 54.0209 9.97035
12.6007 5.19531 6.56304 44.5791 146.474 -134.013
13.0365 -1.20877 5.96134 85.7235 -33.7271 21.6852
13.2214 10.9301 1.34334 103.947 126.673 -32.9937
13.8412 -10.5306 0.540257 164.863 -42.3126 1.00418
13.9306 -10.0637 -3.02115 171.627 -13.0911 -25.3208
13.6985 -6.23433 -1.91729 146.141 72.4045 36.1306
13.5978 -3.85003 4.37949 134.221 4.78223 -91.1232
13.8303 -9.01402 -0.0290739 155.474 121.088 9.46925
13.8314 2.33789 2.54525 152.453 -13.5633 17.3589
13.443 4.68415 -6.17177 113.281 72.8251 134.304
13.9374 -3.55707 -1.92461 161.448 44.8913 16.039
11.4288 6.1252 5.62709 -88.0205 155.692 -121.733
11.7347 2.19199 -7.07752 -57.9411 159.622 157.669
13.6346 -3.57077 -3.92796 130.594 48.6799 85.2927
13.8161 -8.00453 -1.89587 148.427 109.531 35.6209
13.2861 -3.02043 7.14291 92.691 130.914 -134.211
13.7888 7.45336 0.0231299 137.826 79.9275 -5.51656
12.7704 7.83311 3.50557 36.6156 156.425 -70.0425
13.6524 0.525549 -3.67507 120.948 97.0553 75.1973
12.4818 4.2946 5.18132 4.14754 154.162 -109.236
12.4509 -3.94099 4.71896 0.417378 199.08 -99.0468
13.788 -3.1759 -3.75812 132.599 63.9041 65.7558
12.2764 20.0069 4.10999 -18.3278 133.182 -4.62492
13.4556 -5.9994 0.615953 97.5037 155.63 -18.9861
13.207 10.3889 1.18132 69.1764 145.695 -19.7745
14.319 -9.53557 2.12836 173.699 19.3926 -37.0024
14.0095 -6.34635 0.00462134 140.018 2.04 -25.9252
14.0191 -4.38784 2.3943 135.195 65.286 -49.6328
13.8517 6.6128 -2.37246 115.631 87.1138 42.4587
14.2781 -8.64568 -3.0623 157.082 -32.6644 60.0603
14.3647 -8.16821 0.0826181 162.996 5.86004 26.5158
14.2212 -5.46714 3.65899 147.255 -0.601947 -53.0773
14.3797 -9.02954 -0.138653 161.577 -27.6035 -2.43111
14.114 -2.47792 -4.70123 135.178 24.3813 101.851
13.0667 -4.1964 3.99712 30.5164 206.997 -84.3496
13.9706 0.566119 6.98108 119.23 61.6121 -128.757
13.8725 -3.29935 5.38789 109.195 99.4634 -121.171
13.7767 5.21207 -6.65277 99.1744 106.995 134.195
11.7938 2.40977 -6.18267 -98.5042 164.993 144.098
14.1791 -2.80316 -3.30795 135.259 91.2058 63.9752
13.6072 4.97393 0.760954 74.6438 130.035 -12.5652
14.5387 -13.2079 -0.778291 166.206 -42.6996 26.0919
13.889 -1.42107 4.17158 100.849 133.676 -91.539
14.0633 -5.2676 0.926452 117.965 142.402 -26.1219
14.1412 -6.83384 3.43637 123.858 36.4579 -105.402
14.4026 -7.38894 -1.11323 149.044 -15.9351 72.7959
13.4097 5.30732 -1.0742 49.034 147.659 19.7997
13.0384 4.21428 5.31378 10.4049 172.358 -111.971
14.1793 3.35832 5.87417 122.618 72.9792 -117.204
14.1564 -13.445 -0.44865 118.431 -90.0229 96.6328
14.6242 -9.77057 -0.988167 162.68 -48.6083 18.182
14.6485 -7.63348 2.74497 162.156 97.2515 -63.7974
14.2516 -0.899288 -6.52986 122.315 82.5106 145.562
14.2671 -4.74615 1.06339 120.12 131.736 -29.144
14.0952 -0.106102 3.27164 100.24 106.59 -72.3505
13.7396 10.2889 1.15844 62.3377 158.382 -31.1382
14.0283 5.56464 -4.00667 88.5322 318.052 -33.0404
14.6945 -9.18351 -0.193672 153.76 -55.6562 7.06354
13.6033 6.29378 3.0441 39.1535 165.038 -63.31
15.0101 -3.67277 2.26492 177.962 173.017 -107.327
14.7926 -6.19525 -3.7998 154.988 46.4103 83.7483
13.5402 7.87545 0.0885999 28.1774 163.889 3.02775
14.0922 7.42611 0.776738 80.5193 138.269 -20.1448
14.8224 -5.67785 -3.56077 150.69 -4.08286 28.2069
14.1611 3.93414 -1.14422 83.0597 129.888 16.7549
15.1001 -0.547265 -3.39591 174.221 47.5455 12.9547
13.75 3.24195 8.10147 37.7248 162.213 -112.359
13.7214 4.31842 1.30606 34.2073 162.41 -30.9384
14.6053 8.34598 0.197687 121.444 99.8988 9.27109
14.3779 1.34986 -3.99909 94.6545 123.548 86.6476
13.6926 2.41151 -3.02457 25.972 166.765 133.806
14.7868 1.16826 -0.496116 132.079 92.2231 10.9892
14.0347 1.64104 1.74839 56.5117 162.61 -44.4151
15.0355 -5.17846 3.64779 154.535 23.8406 -75.2179
14.3762 19.0782 -14.4496 88.2313 300.095 -104.685
14.9607 -3.61174 -3.34334 144.372 -7.46158 73.9645
12.6932 8.05664 2.57299 -82.4648 174.241 -56.8688
13.7943 2.78432 -2.97734 25.8629 176.428 44.6588
15.1888 -6.64903 -1.53514 163.834 14.9403 59.8758
15.0213 -5.28008 -0.93668 147.114 -28.8823 1.84672
13.7497 9.8326 -1.53525 15.7316 183.273 10.0858
15.3245 -6.07773 4.11444 169.622 -7.08433 8.79281
15.0434 -1.9645 -0.0604474 134.332 74.557 -5.61904
13.5039 2.63688 -2.69624 -20.4753 187.006 58.922
14.2251 7.60815 -2.19573 47.5861 156.698 48.6614
14.428 3.78679 3.72305 65.3911 158.823 -67.8526
15.1504 -1.69558 -1.88402 135.652 69.1285 43.7387
15.0997 3.62922 2.06887 130.406 76.5284 -35.4389
15.2009 -2.07617 1.40357 139.333 31.0696 15.5233
13.9035 9.09953 -3.33691 8.0314 178.876 79.0034
14.7555 10.2559 1.63106 89.1523 148.221 -32.7647
15.3594 -3.03553 1.0974 147.703 39.8142 -20.1665
13.7188 2.48641 1.58577 -15.6083 198.807 -32.4433
14.2634 8.92756 -1.47758 38.0492 173.515 25.3723
15.1793 8.60172 0.53314 127.183 105.988 2.6701
13.8046 7.03841 -1.31355 -10.6133 180.579 0.671399
14.5477 -0.412507 2.82572 63.1552 170.169 -57.9452
15.2697 -5.72753 -2.89773 132.855 -29.8062 120.69
15.3756 1.66689 3.21916 142.368 173.529 -94.1379
13.9197 3.68566 3.30965 -2.99969 188.556 -69.159
15.0917 -1.87698 -1.71954 112.096 72.3448 32.889
14.3526 3.13631 1.56013 37.5832 162.755 -113.6
14.2565 2.99157 1.13923 26.8139 184.107 -32.4657
14.8552 5.24136 -2.6149 83.417 145.193 68.2967
13.5695 7.70358 -3.39441 -44.3215 181.498 61.2113
15.0754 7.19018 1.63014 102.161 126.57 -25.7997
15.0647 6.91436 -0.597683 100.891 125.719 17.0173
14.8906 8.73793 -0.973364 79.9535 159.007 12.668
15.3414 1.17047 -1.89773 124.652 92.6052 37.6876
15.7712 -6.15696 -2.0548 165.096 0.871721 71.7301
13.3284 8.75754 -0.417147 -77.5965 193.128 6.77569
14.7846 -1.7784 -1.03671 66.7779 183.048 23.3452
15.1754 2.37886 -0.798389 103.664 111.459 18.401
15.4238 4.96241 2.49888 127.628 91.3379 -50.4385
15.6172 -3.59986 -2.96655 143.611 91.4868 76.5937
15.3452 2.50682 1.97599 115.929 90.7752 25.9034
15.6507 -1.37173 2.46422 146.035 63.669 -59.8905
15.1577 -2.62089 -0.416205 96.4878 165.2 6.26015
12.4622 -0.103402 2.03309 -171.876 177.584 -40.3713
14.845 2.71578 0.204107 63.734 153.276 -11.9354
15.6683 -0.0589426 -2.08596 143.712 35.5605 48.1963
15.661 3.34292 -0.561275 142.539 52.6536 9.00223
16.0239 -8.01829 -1.29878 173.256 -14.8948 9.8308
15.4356 2.32036 2.23291 114.029 212.268 -5.40866
15.5632 2.93257 -0.702329 123.934 101.192 -54.0038
15.0407 -0.430268 -0.451039 71.7254 158.22 10.8753
14.5896 8.36992 2.09333 26.4959 180.541 -50.7775
15.7526 4.60555 1.75271 141.027 29.8462 -50.7577
14.9328 7.87573 -1.29942 59.0369 167.606 20.6184
14.8642 -1.28854 1.30219 49.8103 245.337 -68.3444
15.8858 -1.2268 1.21613 150.948 61.2862 -33.3965
15.183 -0.520507 -2.87632 79.0503 113.406 69.613
14.8955 20.2995 10.0061 48.7584 104.337 -73.9278
15.6505 6.89759 3.79595 123.026 106.45 -90.1376
15.2799 1.21269 0.27968 82.6756 150.652 -3.3681
16.1387 -5.78782 1.11389 167.282 30.2303 -20.921
15.4275 4.65358 -0.482501 95.7334 136.567 1.83781
15.1773 0.663272 2.83087 70.8339 156.323 -57.9209
16.0948 -3.29405 -1.32308 157.571 37.5783 29.954
14.2999 30.4338 -14.0523 -24.3947 253.602 -55.4942
15.2674 1.0173 -3.65032 70.8181 149.588 80.4533
15.9116 15.6543 -2.10312 134.129 256.039 -116.622
15.7073 2.50083 1.19597 110.179 115.634 -24.1182
16.2992 -5.60993 -0.788078 160.117 86.5668 18.5563
16.0577 -12.7403 1.3034 134.528 64.454 31.0509
15.8645 1.4746 -0.765905 113.415 115.676 18.9351
16.2202 2.30948 1.76888 133.402 69.1209 -37.9508
16.2009 -6.0666 -1.34256 129.599 -65.1876 -50.852
15.8445 2.28297 4.28965 93.1699 137.538 -88.8303
16.4084 -1.73984 -0.963269 148.941 72.953 24.3899
15.2665 6.18213 4.29566 33.822 97.5392 -81.043
16.2828 0.324498 -3.41355 133.164 119.356 72.4798
14.9543 4.63406 3.90986 -2.80427 188.554 -81.8593
16.6302 -2.7658 -2.76985 157.794 -11.9151 53.5189
16.3168 -1.3243 -4.81829 126.128 144.083 92.3352
16.3771 4.49775 -3.33492 122.232 107.715 74.1982
15.2938 5.92118 -1.42189 13.2975 182.288 32.0829
16.4594 -1.36586 3.43563 127.961 113.777 -50.0639
16.2149 -6.80809 0.532407 96.5578 178.856 -20.0513
16.8524 2.01338 1.36925 152.852 228.403 47.4361
16.7906 2.59298 1.46178 144.689 75.4939 -34.3506
16.7165 1.96313 -3.61373 137.161 86.5712 74.0594
16.7095 3.68445 -1.19847 130.781 106.3 27.1319
16.9088 -2.36361 -2.62907 149.748 87.033 48.3786
14.5457 9.42954 1.68703 -85.0238 146.93 -53.3714
16.1978 4.69693 1.31263 78.5509 172.09 -14.808
16.2967 -0.850882 -0.19987 84.0086 -27.5519 73.0127
17.0933 0.973816 2.94637 162.714 14.0997 -4.67173
17.1065 4.81797 1.01197 138.8 88.1034 -20.5171
16.8356 0.86097 0.520237 96.3674 154.541 -9.65996
16.8799 7.04512 0.546422 51.2921 134.234 -6.5023
17.4357 4.40082 -1.08 60.9564 62.8247 77.2583
18.9974 7.88908 5.25825 197.773 149.97 -2.35686
19.7682 -15.8367 7.77694 234.343 5.58209 6.29956
18.7497 13.2929 -6.63366 126.126 133.776 -55.6653
20.3077 -7.26148 6.1084 199.527 59.2115 60.5069
23.0845 -7.89661 -8.19672 254.048 -91.8232 -54.8579
nan nan nan nan nan nan
17.0204 -2.22233 -1.33985 157.353 84.7324 20.7044
17.6654 -1.13528 -3.1908 148.557 59.1372 62.3696
