-91.6196 27.3834 -7.93928 -5.51691 1.5891 -0.906125 0.211011 256
-71.9232 -56.758 27.1718 -4.22933 -3.42661 1.61861 0.201424 182
-68.7521 39.1852 78.9307 -4.05607 2.40073 4.84884 0.285679 205
-64.2834 -0.87658 -35.4923 -3.95178 -0.26212 -2.37119 0.133004 363
-57.8101 1.33278 3.10429 -3.73243 -0.200483 0.394179 0.0880755 234
-46.8993 64.8338 83.409 -2.78404 4.07705 5.18379 0.320172 29
-45.2111 48.8931 89.9042 -2.9921 3.16054 5.59486 0.313914 316
-39.355 11.621 -2.60863 -1.83202 0.696397 -0.100952 0.0237675 21
-38.8997 -9.11721 -0.170661 -2.15132 -0.676001 -0.102558 0.0315352 34
-38.757 11.3986 -1.88828 -1.90905 0.707298 -0.0337469 0.0256026 24
-38.5916 11.2619 -2.15436 -2.03331 0.433148 0.0295026 0.0267073 238
-34.0938 -3.82861 9.98065 -1.76104 -0.501799 0.315925 0.0212306 224
-33.5315 31.6788 -0.597677 -1.9125 1.94608 -0.334045 0.046957 5
-22.2741 14.2649 -0.199458 -0.924798 0.87711 0.109873 0.00975646 422
-20.2153 -10.2865 0.179653 -0.874704 -0.608386 -0.265101 0.00698342 35
-17.7109 -12.2649 -7.68036 -0.680318 -0.826021 -0.808963 0.0107007 156
-17.2188 -5.07775 -6.01748 0.0427152 -0.208456 0.0159649 -0.000375617 178
-16.9145 -7.64712 14.4306 -0.747135 -0.241655 0.569977 0.00535262 255
-16.7692 -5.80448 9.58189 0.00136499 -0.293405 -0.0450331 -6.9096e-05 196
-16.5202 -6.18026 -5.60325 0.0848349 -0.213407 0.0322729 -0.000339288 50
-15.9925 3.31709 2.46406 -0.101745 0.318383 0.160232 0.000101948 53
-15.7784 1.98271 1.01271 -0.113804 -0.287996 -0.0362559 -0.000176909 88
-14.2433 -3.21835 5.47832 -0.332929 -0.130519 0.154689 0.000147306 302
-14.1625 -13.1237 20.6031 -0.944583 -0.81976 1.2337 0.0188464 468
-14.0287 7.82881 -3.28852 0.0696564 -0.0738478 0.0201344 -0.000695325 200
-13.4133 5.31934 -5.18415 -0.272585 -0.229585 0.0566826 -1.35031e-06 184
-13.38 -16.4683 -6.01105 -5.72026 -3.37932 -2.35655 0.310024 243
-13.0908 7.16811 4.23519 0.0771934 -0.0762709 -0.0297572 -0.000726582 296
-12.5607 14.1893 6.1553 -0.23761 -0.125976 -0.024659 -0.000171506 175
-12.5363 5.3808 8.25012 -0.0891495 -0.194697 -0.0665978 -0.000469736 180
-12.3881 3.13561 7.52351 0.024756 -0.1602 -0.0625317 -0.000654272 60
-12.3343 -10.8903 -3.35163 -5.70689 -4.3068 -0.451707 0.320013 355
-12.0643 -3.19092 0.0878332 -0.0628309 -0.356344 -0.0209683 -0.000180593 491
-12.0493 -8.01636 -9.43927 0.111588 -0.0961898 0.0515346 -0.000571191 341
-11.9986 -1.9163 -4.18431 0.112212 -0.166986 0.0509294 -0.000703509 22
-11.7125 7.0711 18.4863 -0.467735 0.372142 0.801942 0.00570884 95
-11.7015 -7.58271 -4.64408 0.112669 -0.267626 0.0596538 -0.00030131 322
-11.6889 -2.21675 0.909088 -0.2924 -0.10222 -0.139956 -0.000325519 334
-11.5706 -4.15634 -2.85039 0.158243 -0.0686853 0.0369476 -0.000795924 11
-11.4951 1.81264 4.97404 -0.020454 -0.236888 -0.0692846 -0.000604368 267
-11.459 -20.1502 11.3767 -0.448653 -1.2548 0.533807 0.0123957 307
-11.3251 -4.29636 -5.6669 -0.177412 -0.297182 -0.169056 -7.41048e-06 9
-11.2719 -6.38903 2.55275 0.15604 -0.335792 0.0950682 -3.31674e-05 63
-11.2074 -9.08869 4.78737 0.151759 -0.20589 -0.0270106 -0.000408768 350
-11.1751 -23.1063 6.44187 -5.22316 -5.36074 0.668057 0.352435 314
-11.1317 -5.78031 0.00855733 0.126575 -0.249698 -0.00532251 -0.00050658 295
-11.0567 7.67987 -3.94526 -0.256502 -0.178962 0.0758647 -0.000243698 454
-10.9427 -5.30734 -4.19089 -0.195399 -0.36677 -0.529667 0.00186108 26
-10.8753 10.7373 5.70924 -0.19064 -0.155832 -0.0467114 -0.000373643 395
-10.8025 -3.88622 -4.92012 -0.220824 -0.138216 -0.22594 -0.000257564 328
-10.7289 -0.811596 -0.626426 -0.336084 -0.0888959 -0.31438 0.000213275 262
-10.6689 6.71782 7.29379 -0.269562 -0.160193 -0.0891263 -0.000194011 137
-10.6633 9.73404 -1.92825 -0.332832 -0.142131 0.0210322 -3.67648e-05 315
-10.6337 2.52728 -10.2081 -0.240358 -0.158086 0.109572 -0.000243504 64
-10.6252 6.99737 -0.420322 0.0389321 -0.16903 -0.0385825 -0.000784643 342
-10.5323 -4.43092 -3.93993 -0.432757 -0.369717 -0.130438 0.00109694 188
-10.4659 -1.5242 8.12651 -0.13897 -0.238795 -0.143513 -0.00033136 43
-10.3207 -0.909265 -9.51315 -0.108695 -0.220092 0.12016 -0.000421855 265
-10.2888 -4.61376 -4.84876 -0.326441 -0.203942 -0.135338 2.20568e-05 397
-10.1171 -22.2672 -10.403 -4.91874 -9.94642 -4.06212 0.872192 134
-9.74373 -29.8479 10.8097 -4.22935 -10.679 5.02546 0.98202 453
-9.32923 -1.65453 5.99837 -0.0883159 -0.210096 -0.151189 -0.000647197 352
-9.31419 -21.3054 68.5387 -2.32271 -4.38597 14.2691 1.42633 54
-9.3109 -5.38859 -5.4992 0.126948 -0.29946 -0.0657513 -0.000346388 391
-9.06602 -4.87632 -6.56837 0.130646 0.0388007 0.0864965 -0.000860799 336
-9.01196 2.69655 11.2623 -0.00605507 -0.131833 -0.0957689 -0.000685672 482
-8.88753 4.72898 -3.79245 -0.243015 -0.196065 0.0375478 -0.000543756 164
-8.71918 -4.18401 3.17675 -0.150783 -0.32578 -0.250576 -3.0106e-05 301
-8.71004 29.0923 -26.2811 -0.566901 1.57433 -1.4032 0.0294943 359
-8.42162 3.68637 -6.24196 0.0820451 -0.142707 0.103858 -0.000888147 264
-8.33945 2.6829 0.131358 -0.245827 -0.227762 -0.0845009 -0.000680176 237
-8.31107 -6.94687 6.03897 0.131639 -0.196104 -0.0991409 -0.000597838 186
-8.21724 -4.67509 -0.125935 0.102827 -0.2645 0.0814437 -0.000777272 77
-7.96498 -2.3658 -13.5409 0.0296003 -0.115112 0.0916779 -0.000645987 386
-7.93121 12.6534 0.822364 -0.339545 -0.0777485 -0.00705513 -7.71147e-05 227
-7.87066 1.55381 -0.669964 0.0281226 -0.305437 0.0944738 -0.000908898 390
-7.84212 3.19082 -0.638424 -0.0776053 -0.143825 -0.0208296 -0.0013026 152
-7.77902 6.44408 0.703402 -0.312868 -0.178413 -0.0683603 -0.000394515 138
-7.59123 0.0181918 -1.0262 0.0999076 -0.343519 0.0933193 -0.000777445 148
-7.54907 -5.75001 -0.848275 0.0760911 -0.138654 0.027086 -0.00115108 495
-7.52805 4.56633 -2.2978 -0.115713 -0.274411 0.0922868 -0.000766136 471
-7.18141 -4.27533 1.66793 0.222117 0.126355 -0.0507831 -0.00104245 48
-7.02981 3.00602 -3.02898 0.111188 -0.238113 0.0714924 -0.00105642 119
-6.79316 6.12587 0.978208 -0.274125 -0.178483 -0.0939161 -0.000634894 46
-6.77287 12.9916 2.82224 -0.283001 -0.0899594 -0.0264217 -0.000282275 378
-6.71927 8.99273 -4.38854 -0.143286 -0.18422 0.0665343 -0.000668986 339
-6.65635 -21.5218 10.6943 -1.55908 -5.47991 4.30678 0.318302 435
-6.62986 -10.5262 -13.2841 0.125255 -0.218709 0.0722161 -0.000257221 124
-6.60816 -6.94169 0.986633 0.271459 -0.0682667 0.0022581 -0.000807667 500
-6.59484 -23.3769 12.8121 -1.07937 -5.56708 5.50687 0.390064 109
-6.54869 11.7919 8.5175 -0.310053 0.0131642 -0.0756918 -0.000145854 298
-6.50428 10.403 5.24657 -0.299549 -0.0445902 -0.0850734 -0.000318299 165
-6.41186 -7.73883 0.204546 0.258273 -0.0670638 -0.0288673 -0.000793307 253
-6.38876 3.20896 -11.7179 -0.149569 -0.0844853 0.133372 -0.000615031 151
-6.13756 -3.84726 -2.30087 0.117221 -0.192379 0.00324876 -0.00132741 113
-6.1315 -4.00613 4.80657 -0.00901563 -0.0824564 -0.197058 -0.00114115 331
-6.11579 4.57907 -4.93487 0.0356795 -0.214927 0.163875 -0.000909832 187
-6.1011 0.452856 11.9348 -0.0745286 -0.116895 -0.13531 -0.000697491 218
-6.08992 -16.8446 57.8889 -1.79747 -3.79906 12.8388 1.1404 45
-6.05426 -2.36203 -4.77595 -0.339076 -0.292618 -0.0645637 -0.000270135 91
-6.0471 6.29423 -5.97538 -0.0243115 -0.140745 0.105484 -0.000984676 399
-5.95779 -3.25919 -0.359959 0.21391 -0.194787 -0.17318 -0.00112753 226
-5.95484 2.0535 -0.202526 -0.0352091 -0.276816 0.223562 -0.00118438 233
-5.94537 -0.404025 -4.53284 0.229064 -0.0808044 0.187094 -0.00108201 377
-5.89522 7.91178 4.19989 0.0909752 -0.153234 -0.0762751 -0.000930842 272
-5.89446 7.13383 1.10503 0.0255259 -0.245442 -0.0254112 -0.000956622 450
-5.87971 -13.078 6.10599 0.219413 -0.184268 -0.0547774 -0.000270201 484
-5.87051 5.18593 -1.05863 0.158588 -0.237209 0.0372654 -0.00106388 71
-5.863 -3.82992 0.418776 0.0798131 -0.242963 -0.261905 -0.000944278 311
-5.70813 6.79806 -5.16913 -0.177438 0.0146609 -0.113106 -0.000938812 375
-5.65959 0.70835 -1.42181 0.199835 -0.229632 0.229608 -0.00121782 446
-5.64359 -3.72316 0.246714 0.152558 -0.181936 -0.131497 -0.00138718 392
-5.59222 -3.71249 -1.47377 0.243691 -0.0882579 -0.0970485 -0.00134021 247
-5.58665 -7.31898 0.667751 0.241 -0.235391 -0.0568731 -0.000624503 338
-5.53594 -4.21978 -0.614194 0.19211 -0.16279 -0.137635 -0.00127412 353
-5.50188 -4.57872 -2.27571 0.0929913 -0.217902 -0.125992 -0.00121422 364
-5.493 6.53734 9.28442 -0.186337 -0.0791372 -0.132096 -0.000625762 111
-5.48581 -10.6397 8.75509 0.138687 -0.250671 -0.102095 -0.000264763 176
-5.41189 -11.8236 2.00056 0.170923 -0.383891 -0.155197 0.000304092 33
-5.40592 2.59227 0.688829 0.0104179 -0.304855 0.247335 -0.00110746 340
-5.39877 -14.1814 1.35808 0.238712 -0.120742 -0.00583614 -0.00037301 245
-5.30777 -3.04599 -0.21555 0.169324 -0.17618 0.000273095 -0.00166814 266
-5.29585 4.92258 2.79402 -0.0675984 -0.289082 -0.141455 -0.000936689 232
-5.27821 -4.36738 -12.3511 -1.04216 -0.350957 -1.63908 0.023464 358
-5.20388 -21.5545 50.964 -0.442396 -1.7019 4.04326 0.121276 69
-5.20397 8.84576 -3.10846 -0.295774 0.0667022 0.200602 -0.000339596 499
-5.17361 -10.7966 -2.92496 0.183104 -0.229797 0.0293756 -0.000469279 201
-5.11554 -2.02193 -3.94305 -0.244412 -0.259729 -0.00033721 -0.00105197 216
-5.03425 9.80857 2.3694 -0.338652 0.425278 -0.0467041 0.000752326 85
-5.02016 3.88107 5.1441 -0.0654592 -0.181382 -0.222627 -0.000988075 145
-5.01154 -10.9822 2.49464 0.285726 -0.42577 -0.0535413 0.000647101 150
-4.92357 11.9988 3.91696 -0.408821 0.311963 0.178636 0.000929665 129
-4.90438 0.364693 -2.1419 0.20968 -0.2966 0.224444 -0.00119085 83
-4.84793 -2.83405 3.78315 0.312065 0.047067 -0.133009 -0.00111304 470
-4.80149 -3.69185 0.784895 -0.0504665 -0.185973 0.186646 -0.0015969 304
-4.77556 -0.914881 5.99329 0.17771 -0.0393425 -0.232399 -0.00107505 407
-4.73601 11.2025 3.34522 -0.138148 0.351163 0.212618 0.000181588 427
-4.71365 -18.7468 -2.24435 -2.52932 -6.61345 -1.67601 0.330258 409
-4.69611 -2.62606 -0.886798 0.246134 -0.284781 -0.00597915 -0.00140655 146
-4.68727 4.39755 -6.83454 0.103876 -0.119748 0.168515 -0.000997809 32
-4.68245 -6.11881 0.0728388 0.342597 -0.0615584 0.0840874 -0.000820824 402
-4.65762 2.83902 1.93344 0.177741 -0.326991 -0.149482 -0.00115457 472
-4.55774 2.60587 0.0357902 -0.00681975 -0.411326 0.120144 -0.00123291 393
-4.50427 3.93271 -5.12959 -0.0342053 -0.300814 0.0312967 -0.00100765 285
-4.48879 7.28478 -2.62282 -0.186748 -0.217642 0.107666 -0.000810233 299
-4.3965 10.7911 3.01882 -0.0424951 0.50043 0.123873 0.000633916 143
-4.37965 -0.964499 -10.3437 -0.0436645 -0.0998695 0.181216 -0.000829247 96
-4.37971 11.8933 -4.43345 -0.145128 0.221835 -0.326176 0.000173197 475
-4.35687 2.72382 4.2224 -0.041502 -0.213615 -0.298377 -0.00102714 310
-4.34823 -2.28554 7.68178 0.0792158 -0.101375 -0.219708 -0.000965746 457
-4.24977 -5.55962 -8.89398 0.875001 -0.725727 -0.639118 0.00952532 481
-4.21383 -1.91502 -9.13494 0.0852459 0.0372324 0.183685 -0.000955668 8
-4.20503 10.5046 2.01164 -0.167614 0.413417 0.0552985 0.000175239 372
-4.09792 -16.5312 8.63268 0.0311267 0.0613875 -0.0342004 -0.000617722 490
-4.09022 -8.47321 -0.584342 0.167973 -0.180251 0.0589987 -0.000924828 288
-4.07925 -5.30413 -13.9098 0.0700051 -0.0184273 0.0987582 -0.00071611 369
-3.97665 -5.99706 -10.7993 -0.388358 -0.503264 -1.75456 0.0208029 449
-3.95719 -5.83168 -9.71127 -0.0395727 -1.01993 -0.870404 0.0102046 445
-3.95613 13.2411 9.48829 -0.320965 0.0833375 -0.0809686 -1.74338e-05 326
-3.94594 1.30281 9.58406 -0.124904 0.0928388 0.408773 -8.92126e-07 116
-3.90009 -13.431 9.58432 0.0772257 0.0543825 -0.0542415 -0.000663114 327
-3.88183 -2.97204 4.33336 0.123404 -0.147258 -0.203636 -0.00142349 70
-3.77385 -7.01226 1.03286 0.293467 -0.165647 -0.156552 -0.000693725 412
-3.68776 31.6188 94.1573 0.0594678 1.84404 5.74304 0.22729 25
-3.67212 4.86561 -0.968438 -0.162439 -0.346277 0.127044 -0.00100998 36
-3.65372 -3.5806 1.01622 0.286266 -0.304741 -0.0678256 -0.00127528 57
-3.6188 -6.34934 -11.0174 -0.702217 -0.948265 -1.55285 0.0228275 65
-3.5665 -6.12221 5.41691 0.119911 0.155282 -0.148433 -0.00102327 379
-3.53519 -7.22732 -9.99487 -0.657412 -1.2712 -1.68509 0.0295738 87
-3.50367 -9.73742 9.86571 0.0884181 -0.264474 -0.133648 -0.000276603 248
-3.4818 2.31945 6.59956 0.112187 -0.107281 -0.243969 -0.00107711 319
-3.44969 -1.6508 0.150544 0.463308 -0.261851 -0.201323 -0.00124257 80
-3.41684 -3.81411 4.60538 0.155018 -0.10639 -0.131169 -0.00148652 144
-3.33101 -0.508498 2.34114 -0.0340302 -0.00394555 -0.32866 -0.00236405 172
-3.3157 -8.88572 -1.53278 0.278102 -0.00846219 0.0680619 -0.000788321 231
-3.29357 -5.61693 6.87143 0.00795903 0.00663228 -0.208332 -0.00104852 333
-3.28556 -6.04915 -10.2676 -0.612376 -1.1221 -1.5231 0.0237009 183
-3.27988 -5.55428 -4.2415 0.106977 -0.106554 -0.104781 -0.00140807 347
-3.23073 -13.0608 -0.583543 -1.51753 -3.33011 -1.02852 0.0893867 279
-3.21962 6.18605 1.57532 -0.299616 -0.0945188 -0.137211 -0.00101382 197
-3.14218 1.86788 -7.81009 -0.166092 -0.215407 -0.295442 -0.000441622 277
-3.11938 5.20498 0.742272 -0.309769 -0.207589 0.182073 -0.000968443 494
-3.0969 -3.10427 3.97802 0.185515 -0.0838282 -0.0900945 -0.00180157 290
-3.05394 8.5594 1.32569 -0.205373 0.000424828 -0.159677 -0.000938081 153
-2.93833 -6.04259 -11.6127 -0.919998 0.0269164 -1.30088 0.0149397 414
-2.82669 9.10287 2.33595 -0.254118 0.00226918 -0.102676 -0.000804204 387
-2.71161 -7.74089 0.516694 0.305547 0.0504491 0.14326 -0.000793314 437
-2.66306 0.0626068 7.09495 -0.148 0.242016 0.656737 0.00154922 441
-2.60333 10.2241 -0.505013 -0.258791 0.15397 -0.26655 -0.000172637 357
-2.59133 7.85923 9.72756 -0.187579 0.0290791 -0.140904 -0.000629468 476
-2.51129 6.26042 -7.40372 -0.126522 -0.0972315 0.179389 -0.000887774 434
-2.48509 1.38659 2.53098 0.339193 -0.303437 0.339753 -0.0012662 158
-2.38315 14.4096 1.74184 -0.0936678 0.466158 0.155415 0.000714115 485
-2.34634 9.08175 -9.49092 -0.231225 0.072739 0.123562 -0.000474107 440
-2.33223 10.5119 9.59616 -0.199088 0.00538089 -0.107392 -0.000546677 270
-2.30064 17.7805 0.173194 -0.0677636 1.07625 -0.357127 0.00736818 155
-2.26274 7.46293 3.05432 -0.235074 -0.0388595 -0.230606 -0.000805317 303
-2.1886 4.24928 6.91948 0.0357091 -0.0765913 0.491755 6.9673e-05 30
-2.1576 14.4428 0.324083 -0.183724 0.608344 0.129368 0.00177281 44
-2.13442 -14.3842 -2.38505 0.125299 0.081317 0.0180659 -0.000706771 215
-2.0443 14.5836 1.30743 -0.130559 0.497384 0.139143 0.000928229 189
-2.02489 -7.18544 -3.16567 0.972532 -1.24151 -0.0534827 0.0140211 421
-1.99534 2.39858 -3.53684 0.191821 -0.248886 0.356782 -0.00123766 67
-1.99344 -11.1635 52.6646 -0.91327 -3.50698 9.53727 0.650346 371
-1.96933 8.35745 2.61091 -0.241348 0.00192325 -0.199499 -0.000780004 325
-1.94822 22.0817 85.1372 0.149543 1.11506 5.12935 0.172207 496
-1.93373 0.895795 4.72972 0.171174 0.0957923 -0.114104 -0.0020877 464
-1.86821 1.17918 1.06111 0.264693 -0.733978 0.0110871 -0.00129459 479
-1.85305 0.73182 5.431 0.0525553 0.125934 -0.00196251 -0.00204439 62
-1.80428 -0.644081 -2.60715 0.176571 -0.0600369 0.614168 -0.00128866 170
-1.74542 -11.674 53.1732 0.0431203 -2.9316 9.64887 0.635376 258
-1.74517 5.81585 -0.301486 -0.336358 -0.18897 0.0593159 -0.0011038 7
-1.74362 -5.16429 6.68569 0.117446 -0.0319417 -0.24966 -0.000966951 2
-1.69121 7.2079 2.06827 -0.39052 -0.0184925 0.039359 -0.000661115 447
-1.69033 2.5108 0.763651 -0.437187 -0.464769 -0.103721 -0.00139245 312
-1.62226 -15.1073 -14.1073 0.0781679 0.0284576 0.0409565 -0.000549155 332
-1.53846 0.47891 -0.607382 0.32375 -0.712653 -0.230705 -0.00309724 444
-1.48955 -4.94732 1.12197 0.29048 0.207991 -0.115076 -0.00148373 99
-1.41337 -1.06145 -0.300427 0.389689 -0.735768 -0.473011 -0.00124094 254
-1.34199 -5.24329 5.75226 0.0738516 0.180465 -0.20855 -0.00107317 204
-1.30557 -11.8021 52.3484 0.633868 -1.98844 9.81831 0.629486 323
-1.3049 -2.74921 -0.634506 0.556847 -0.245039 -0.0744359 -0.00167319 273
-1.30483 -4.06946 -0.707067 0.0168639 0.213744 -0.0171108 -0.0025966 283
-1.22287 5.26962 0.353322 -0.122331 -0.194608 -0.115969 -0.00189149 276
-1.21755 6.09203 0.621035 -0.176747 -0.197056 -0.107335 -0.00149214 92
-1.17663 -6.634 -4.20157 0.146158 0.550109 -1.86498 0.022189 23
-1.048 5.04971 -2.57865 -0.739017 0.638081 -0.586863 0.00594278 163
-0.930664 -5.88146 -3.7104 -1.25371 1.0984 -1.99341 0.0404182 381
-0.877438 -3.45723 3.43604 0.29922 -0.429071 -0.400407 0.00018835 211
-0.870744 5.07364 1.20605 -0.139102 -0.209954 -0.11258 -0.00188855 41
-0.807261 -7.24074 -3.49929 0.750863 0.12332 -2.55045 0.0427271 102
-0.799502 0.139924 0.786199 -0.741452 -0.408011 0.431798 -0.00542028 443
-0.736158 8.34664 -1.0162 -0.295837 0.0247779 0.167258 -0.000755284 431
-0.623804 6.62601 -0.499169 -0.344711 -0.116304 0.129499 -0.000940925 306
-0.579679 3.89008 -12.2385 -0.0712977 -0.00349857 0.144429 -0.000810167 4
-0.55964 -1.73501 0.0254672 0.581511 0.0631939 -0.255961 -0.00430814 210
-0.554483 -6.78976 -13.7489 0.0799755 -0.177505 0.116163 -0.000493409 214
-0.53872 2.43821 0.576367 -0.356504 -0.339303 -0.37566 -0.00248184 498
-0.526706 -5.32919 -3.34069 -0.461737 -0.229793 -0.866255 0.00437208 487
-0.520829 2.84712 -5.29976 -0.0475649 0.00642268 0.383212 -0.00113779 240
-0.511308 -4.63043 -4.15809 0.13999 0.13195 -1.14845 0.00647286 159
-0.467094 -11.9813 52.8449 0.164665 -0.737772 11.0678 0.768943 244
-0.386207 -8.42576 -2.26028 0.30626 -0.709179 -0.501997 0.00387308 492
-0.368327 9.72651 8.54139 -0.222465 0.105988 -0.13735 -0.000467837 42
-0.348006 0.144645 -0.105462 -0.0839581 0.113169 0.768207 -0.0281285 320
-0.344647 -4.52475 -5.83098 0.137271 0.00240209 0.299342 -0.00101393 14
-0.340534 2.71736 9.03504 -0.0537037 -0.0450276 -0.221037 -0.00098796 120
-0.314329 -2.9886 0.127634 0.567279 -0.284355 0.131411 -0.0015313 51
-0.265177 -3.3816 -0.914148 0.549544 -0.129826 -0.0486712 -0.00155057 430
-0.249239 3.51805 0.459809 -0.359194 -0.341937 -0.300371 -0.00141345 374
-0.249149 6.49666 0.639061 -0.261899 -0.063345 -0.0792441 -0.00142041 425
-0.201217 1.45795 19.7293 -0.149277 0.0884121 1.45139 0.0127222 169
-0.175278 1.28061 2.52446 -0.0946285 -0.21357 -0.663395 -0.00131581 469
-0.140717 -5.50777 1.83069 0.338027 0.0750552 -0.0198961 -0.00140121 149
0.0208125 3.80147 1.18717 -0.285726 -0.185357 -0.388712 -0.00146933 20
0.07624 1.98676 -1.49329 -0.611019 0.0827584 -0.0335914 -0.00264378 133
0.0786735 10.176 2.23208 -0.307593 -0.0195727 -0.151478 -0.00046268 208
0.110285 -12.3222 -2.7852 0.261265 -0.0351819 0.0603088 -0.000532341 354
0.123542 2.26105 -0.731127 -0.691642 0.134478 -0.187836 -0.00192979 31
0.157427 11.677 4.35763 -0.0110138 -0.144044 -0.0540834 -0.000854125 321
0.185138 -9.33947 -0.994125 0.139375 0.182838 0.134003 -0.000888054 225
0.216861 -2.26223 1.96424 0.50975 0.366656 0.105768 -0.00162718 220
0.251295 4.94061 1.32692 -0.370587 -0.199454 -0.160011 -0.00117352 68
0.304403 -0.282343 -0.32194 0.673185 1.4164 0.49942 -0.0068624 112
0.308188 7.86202 -3.78384 -0.0992482 -0.206321 0.117703 -0.00101754 141
0.308872 4.5164 -4.17279 -0.214111 -0.183915 -0.32803 -0.000859844 384
0.320386 0.436069 2.03904 -0.247982 -0.631803 -0.0268321 -0.00304154 49
0.334632 12.5722 -4.02583 -0.220671 -0.0988878 0.0298384 -0.000575559 348
0.368737 -9.96527 -2.76958 0.27263 -0.00330052 -0.0509144 -0.000726967 18
0.383278 -8.82223 -6.5463 0.22491 -0.0527436 0.157731 -0.000648117 260
0.447727 6.25499 1.27398 -0.162139 -0.125959 -0.179674 -0.00148817 27
0.546268 5.09303 0.383665 -0.293233 -0.154579 -0.128591 -0.00164343 56
0.687623 1.54368 -12.718 0.765711 2.3476 -2.81763 0.0867542 89
0.709266 -2.07336 -2.37275 -2.86168e-05 0.779115 -0.293949 0.000463744 127
0.807204 4.06938 1.6137 -0.290074 -0.146045 -0.405365 -0.00112187 419
0.815841 10.7046 3.40528 -0.209391 0.166718 -0.0951364 -0.00060554 497
0.82553 -5.1071 -9.33676 0.0283624 0.0933202 0.17166 -0.000927419 217
0.825681 4.47202 1.99805 -0.157249 -0.207039 -0.347792 -0.00133807 121
0.930005 8.65497 -8.7731 0.0549605 0.0899757 0.00546297 -0.000941759 108
0.971042 6.14824 -13.4428 -0.0115031 -0.0616674 -0.334976 -0.0001179 39
1.04268 2.2033 -11.7175 -0.698464 1.33344 -3.43349 0.0867979 117
1.04362 -10.1758 -4.40819 0.236693 0.065714 0.0818495 -0.000703217 15
1.06965 3.84942 0.659928 -0.265391 -0.269453 -0.14106 -0.00206853 252
1.09313 8.35959 0.292998 -0.319678 0.000339128 -0.0302411 -0.000837343 452
1.09703 -0.386755 2.18893 -0.803586 0.345753 0.301416 0.000308167 222
1.19269 7.16134 0.86068 -0.367013 -0.011106 -0.118923 -0.000778767 356
1.19908 6.26574 -0.32605 -0.348166 -0.10481 -0.0796771 -0.00109091 401
1.25709 14.9562 -3.58261 -0.132397 0.00179649 0.0458555 -0.000687362 37
1.45617 6.29373 0.639908 -0.344696 -0.013415 -0.0832432 -0.00113854 98
1.50904 6.60254 -1.21514 -0.307031 -0.0944828 -0.0614255 -0.00114806 398
1.51801 3.96184 -2.28979 -0.31236 -0.240089 0.261323 -0.00119585 198
1.54632 2.10419 -12.5742 0.215739 0.904729 -2.84948 0.0551804 136
1.58048 1.40344 -13.1084 0.0270618 2.08985 -4.42216 0.148582 477
1.64573 -10.9096 -2.56644 0.287725 0.0640506 0.0599611 -0.000537975 75
1.67336 -8.82886 8.01823 0.206559 -0.103129 -0.167547 -0.000529333 105
1.77948 9.35774 2.08699 -0.246616 -0.109098 -0.0577451 -0.000806516 488
1.79547 -4.51054 4.94716 0.480213 -0.026272 -0.0905438 -0.000306583 415
1.83632 2.12178 1.09023 -0.568007 -0.113972 -0.350913 -0.00128498 122
1.8571 7.66319 0.306875 -0.302693 0.0106113 -0.0221002 -0.00100769 139
1.90987 -17.5004 7.76905 0.218825 0.00437585 -0.0292834 -0.00034485 438
2.09255 0.366638 12.3825 -0.00411966 0.0441801 -0.152288 -0.000837701 250
2.09956 2.85002 -1.02596 -0.273725 -0.165354 0.469676 -0.00137371 309
2.10693 -3.858 1.48348 0.167681 0.380665 -0.249025 -0.00122534 382
2.17545 -7.49591 -6.06172 0.0742489 -0.338942 -0.123941 -0.000416374 297
2.22637 -0.161009 1.14527 0.100657 0.657444 0.28395 -0.00171367 335
2.36555 4.44177 -0.638313 -0.303848 0.113078 0.227047 -0.00148502 82
2.38328 5.22028 -0.0117769 -0.533939 0.478002 -0.219319 0.00133225 486
2.39209 6.15007 -0.412277 0.729986 0.983082 0.383725 0.00840053 10
2.42411 9.46935 11.3822 -0.116768 -0.0215029 -0.0905189 -0.00069383 284
2.50513 0.59855 -0.794783 -0.446009 0.203323 0.621298 -0.000723171 368
2.58455 4.30412 -3.72644 -0.163732 -0.0391891 0.276895 -0.00134291 366
2.58705 2.69646 -9.68393 -0.0781046 -0.00522285 0.18973 -0.00094097 293
2.59015 -5.49297 1.42431 -0.11743 0.338094 -0.086125 -0.00115694 13
2.68508 -5.26005 -5.96878 0.134812 0.0125899 -0.221274 -0.00106809 420
2.69416 -6.22524 3.01442 0.13737 0.247056 -0.17081 -0.00100222 19
2.70183 0.893091 -1.80696 -0.342799 0.0772939 0.532979 -0.00116107 110
2.71661 25.7153 7.65942 -0.0964028 -0.0252111 -0.0119268 -0.00040055 365
2.7449 22.2215 -21.8818 0.145259 1.06778 -1.02366 0.0134078 383
2.78298 5.15037 -3.20303 -0.254008 0.016152 0.270084 -0.00101239 282
2.79931 -12.8083 3.16835 0.324988 -0.160098 -0.0915335 -5.40811e-05 229
2.80463 -1.48558 -0.541602 0.762228 0.1908 -0.397394 0.000963338 249
2.81725 -10.5945 -6.11683 0.0614914 0.125665 0.102341 -0.000807926 460
2.84978 -1.66523 -7.88568 -0.0773209 0.060752 0.237446 -0.00104942 360
2.86555 -3.41765 -0.471857 -0.0235591 0.365379 0.217096 -0.00165471 93
2.90947 -3.74724 0.860088 0.227485 0.374147 -0.0087883 -0.00139374 396
2.98741 0.220911 0.235315 -0.385547 0.431945 0.0347994 -0.00205731 191
3.08607 1.79119 -0.502037 0.26875 0.70349 -0.226479 0.000396125 78
3.12189 -2.36076 -0.073506 0.30685 0.0615701 0.23635 -0.00223179 79
3.15505 7.53211 -0.374164 -0.221975 0.402202 -0.143231 -8.18795e-05 439
3.16542 2.87276 -3.64309 -0.297227 0.091168 -0.217645 -0.00132544 179
3.17108 -2.70649 0.988639 -0.233269 0.129612 -0.000735646 -0.0024723 261
3.19409 4.51781 -1.78943 -0.373026 0.0460706 0.0358401 -0.00125862 286
3.2621 -10.8898 3.35109 0.288 -0.138591 -0.185096 -0.00020214 174
3.28953 -14.6623 -0.00723281 0.0485734 0.11141 -0.0197933 -0.00073708 40
3.33446 4.47624 -0.800474 -0.340938 0.286111 0.0414577 -0.000967929 84
3.35665 4.06997 0.126329 -0.0675012 0.101612 0.0538922 -0.00225757 228
3.51117 -6.21365 -0.318485 1.44233 0.359998 0.244663 0.0124363 465
3.57842 -5.7657 4.3286 0.0886829 0.222789 -0.131987 -0.00108475 86
3.6021 2.86091 -0.0527 0.0800944 0.683775 0.382467 0.00115932 489
3.61303 0.826819 1.27419 -0.312556 0.405236 0.111223 -0.00147508 72
3.64359 -7.65151 -3.63247 0.145292 0.201863 0.116343 -0.000884472 223
3.66175 10.5089 3.97596 -0.076783 1.25127 0.679312 0.0116487 280
3.74426 3.62523 -0.681081 -0.234015 0.31186 -0.14183 -0.00130238 219
3.91159 -6.36405 3.33434 0.0174323 0.187786 -0.209934 -0.00103029 300
4.00914 -12.4255 -4.13768 0.194213 0.114567 0.0374779 -0.000586105 463
4.07342 2.34893 1.2953 -0.147677 0.448592 -0.0926515 -0.00111522 373
4.07963 1.95241 2.6076 -0.154211 0.145322 -0.38258 -0.00119893 55
4.08605 -2.00986 -0.274512 0.0527316 0.667165 -0.0926134 0.000112819 194
4.09406 12.1647 2.1462 -0.178629 0.0692188 -0.040547 -0.000720901 344
4.16647 -0.820326 2.29807 -0.143261 0.213843 -0.0960878 -0.00211706 38
4.19358 -8.27545 -4.42216 -0.0630005 0.174267 0.0885088 -0.000952689 305
4.20152 -4.28414 13.8563 0.0727606 0.0593591 -0.108063 -0.00069973 90
4.22148 -5.10042 -5.00353 0.31412 0.133264 0.148554 -0.000640617 480
4.28552 -0.0551986 0.447504 -0.208746 0.431687 0.17503 -0.00127226 442
4.35013 -3.7852 -5.01691 0.55068 -0.815239 -1.6854 0.0221674 432
4.42708 9.02669 13.643 -0.129172 0.0860719 -0.076361 -0.000550549 241
4.48449 -6.4242 0.651516 0.229625 0.29128 -0.00288933 -0.000730125 466
4.49325 -5.06647 1.09238 0.132968 0.236057 0.0444772 -0.00135118 59
4.54782 0.845216 1.79991 -0.115429 0.153037 -0.19296 -0.002056 405
4.55946 -10.2682 -8.11097 0.130873 0.116441 0.0639287 -0.000684747 202
4.82366 -3.29439 0.846068 0.745989 0.76964 0.542662 0.00690296 221
4.98189 10.3645 3.38794 -0.199077 0.258481 -0.115024 -0.000294714 185
5.03765 9.83694 -4.02443 -0.225118 0.0550984 0.0582927 -0.000705815 376
5.0381 -1.75066 1.9406 -0.0955577 0.329233 -0.112825 -0.00138829 126
5.19747 3.8935 4.19038 -0.192731 0.134638 -0.227979 -0.000947062 74
5.26032 5.40456 -4.52523 -0.0748002 0.190381 0.252683 -0.000760651 287
5.37998 -8.69905 0.626 0.306948 -0.0108283 0.170928 -0.000447627 436
5.49034 -3.04429 -0.842011 0.342375 0.682015 0.0321601 0.00167279 239
5.53785 -6.20207 1.16046 0.275514 0.127426 -0.207029 -0.000645149 291
5.56772 -4.44164 -3.0737 0.0802893 0.250213 0.170042 -0.000999094 294
5.69421 -0.686659 2.04017 -0.122894 0.164418 -0.134043 -0.00167773 324
5.69884 -6.66094 8.06973 0.0854611 0.142409 -0.120614 -0.000785781 308
5.71627 -4.13355 14.9165 0.0195124 -0.530878 0.71677 0.00421727 157
5.71773 -2.14917 0.00127324 0.0732408 0.339648 0.217064 -0.000997384 418
5.71784 -4.6032 -0.435206 0.379184 0.0488465 -0.117939 -0.000699417 483
5.82182 3.59115 -3.29631 0.0858966 0.638214 -0.0564923 0.000965562 206
5.93746 9.01621 -3.59946 -0.235576 0.162874 0.0752517 -0.000550388 433
6.00271 1.62034 -4.15146 -0.0946593 0.0199885 -0.113192 -0.00153341 242
6.03455 -3.80283 -4.43117 1.63255 -0.372311 -0.481732 0.0174858 81
6.05616 4.95346 9.37859 -0.124245 0.0437382 -0.129395 -0.000810369 406
6.24247 0.840751 -2.09508 -0.11106 0.269013 0.0662515 -0.00132624 474
6.25884 17.3179 5.72305 0.113932 1.68384 0.629402 0.0196295 268
6.27687 -3.46824 -1.51608 0.365616 0.166095 -0.0315978 -0.00069123 142
6.32621 -6.54858 9.28349 0.234162 0.028239 -0.14201 -0.000487561 207
6.33807 1.51216 3.52233 -0.0190563 0.180325 -0.294519 -0.000939944 451
6.37967 -1.88509 -8.42587 1.22505 -0.686135 -4.68546 0.148367 181
6.4368 -5.21186 -1.38666 0.153889 0.275347 0.0189664 -0.000864421 289
6.43759 12.9153 -0.667347 -0.232983 0.259701 0.0125838 -0.000103506 140
6.43979 1.18645 -3.04078 -0.151299 0.159122 -0.0459818 -0.00141683 213
6.4621 8.4548 -0.368526 -0.134274 -0.142818 0.00626937 -0.000933526 473
6.54635 -1.94174 4.57845 0.0866078 0.176887 -0.273399 -0.000810862 318
6.57207 -8.97375 -7.03297 0.25096 0.0338566 0.0976359 -0.000489482 337
6.65029 4.63266 -6.07294 -0.207126 0.0591769 0.147802 -0.000807695 275
6.78167 -9.27939 6.07016 0.0359697 0.157271 -0.0694641 -0.000768862 73
6.84742 4.47244 0.205086 0.586355 0.358916 0.00263453 0.0014261 456
6.8951 5.70303 1.52691 0.0580524 0.509553 -0.0293154 0.000272158 403
6.99604 -6.38675 3.95664 0.253417 0.0193364 -0.200349 -0.000563029 362
7.01845 -4.85725 -2.91534 0.0886206 -0.138874 0.139165 -0.00109523 329
7.10482 -2.07689 0.632374 0.022558 0.193914 -0.148323 -0.00130687 61
7.13695 -16.1998 0.898535 2.08582 -2.2508 0.11508 0.0582321 1
7.13679 -0.344619 33.2823 0.329519 -0.258398 2.87907 0.0525352 28
7.2308 0.0338069 35.2218 0.477537 0.0169983 2.57268 0.042446 171
7.2428 -4.05718 6.32226 -0.099906 0.130525 -0.123237 -0.000934105 413
7.26694 -9.47857 -6.33177 0.278134 0.0618763 0.136133 -0.000301429 459
7.28276 -3.79775 0.0524122 0.277218 0.285593 -0.0349496 -0.000524139 263
7.35104 3.97491 -6.40173 -0.0846014 0.153398 0.133023 -0.000885015 100
7.5815 -7.30137 -1.38019 0.207952 0.218734 0.0306677 -0.000602315 103
7.62062 -5.74106 0.849057 0.163385 0.18623 0.055491 -0.00090211 168
7.83184 4.81526 2.09262 0.0771298 0.261433 -0.00281769 -0.000861316 199
7.98687 -12.8441 -7.83482 0.306281 0.0565092 0.0449074 -0.000114979 448
8.21142 -10.5539 10.9642 0.275769 0.0533771 -0.0839099 -0.000185747 259
8.2907 -2.94388 -0.856654 0.230906 0.237272 -0.0806309 -0.000688383 429
8.29904 1.44577 -0.297697 -0.0610291 0.319797 -0.063153 -0.000795532 400
8.32342 -20.9429 0.857936 0.243215 0.0612155 -0.00903654 -0.000160616 423
8.35688 9.16747 -0.356913 -0.115729 0.363938 0.00418149 -9.56218e-05 367
8.3984 9.33389 3.11498 -0.192325 0.175533 -0.0642488 -0.00051669 3
8.40905 -1.3078 -4.98746 1.89109 0.189058 0.36737 0.022151 130
8.42443 -8.90049 8.22962 0.0956157 0.180976 -0.0202782 -0.000582357 251
8.45228 -12.1436 -2.64396 0.344614 0.0843738 0.0350628 -3.72543e-05 192
8.46099 -8.55062 -2.51172 0.204802 0.189631 0.0636088 -0.000505015 106
8.57115 -11.9112 1.52233 0.0333664 0.145242 -0.01184 -0.000707592 16
8.67871 1.88518 2.47838 0.0130128 0.197324 0.176649 -0.000916241 104
8.68779 -4.3575 0.737982 0.258779 0.194951 -0.0450053 -0.000613665 345
8.70049 -1.20482 7.46598 0.00504724 0.192472 -0.0694876 -0.000822461 177
8.73489 0.0331874 3.8526 0.0493246 0.269612 -0.159518 -0.000680775 161
8.74835 -10.5587 0.63164 0.170451 0.177968 -0.0103071 -0.000530438 346
8.81977 -7.46588 -2.48523 0.289756 0.175939 0.0569476 -0.000319088 411
8.86968 -2.93126 -7.71845 3.22987 -0.984106 -2.02716 0.0959054 12
8.95074 12.1601 -0.09776 -0.194729 0.271315 -0.0197139 -0.000128346 209
9.11554 12.5104 -1.88941 -0.196543 0.225863 0.0230655 -0.000237993 76
9.26819 0.65439 1.81779 -0.00922973 0.301358 -0.0568636 -0.000731974 455
9.27706 -6.71022 -3.0069 0.257714 0.187973 0.09809 -0.00035987 94
9.32472 7.00224 -11.2287 -0.110131 0.136113 0.0718121 -0.000548327 462
9.34181 -11.2337 6.64344 0.208803 0.060441 -0.095005 -0.000427081 203
9.36648 -0.0556506 -9.35173 4.5334 1.22797 -3.69486 0.222253 58
9.47474 -5.91572 13.5037 0.107665 0.135816 -0.0795824 -0.000485958 361
9.51341 -2.85283 5.07183 0.119907 0.113996 -0.223072 -0.000638788 461
9.54282 10.5203 4.92755 -0.174899 0.105284 -0.0453151 -0.000558146 416
9.54331 3.29396 -2.87543 -0.197674 0.0110797 0.0523708 -0.000928656 17
9.64371 -2.57469 -8.31215 3.75467 -1.37263 -2.22141 0.129765 313
9.65738 -3.81005 -0.793031 0.28105 0.20282 -0.0391298 -0.000440183 135
9.74795 -2.6864 -0.528645 0.067558 0.337673 0.0453015 -0.000480554 114
10.298 -3.71675 0.062658 0.0855011 0.275477 0.00152817 -0.000621722 97
10.3358 -1.00483 14.8005 0.0555696 0.155784 -0.0789903 -0.00048139 351
10.4817 0.134348 4.65839 -0.144439 0.0897201 -0.0762836 -0.000872629 160
10.4973 3.91568 5.79801 0.131026 0.275522 -0.159506 -0.000250105 166
10.6364 -0.485647 10.8701 0.636857 -0.00332114 1.02546 0.00828579 271
10.8737 1.0347 -0.100466 -0.0482984 0.29229 0.000223153 -0.000595801 281
10.959 7.54014 -2.99793 -0.174008 0.145756 0.0293341 -0.000589292 193
11.1029 -0.164889 -6.47361 0.211072 0.209215 0.158081 -0.000264311 118
11.3128 -2.74384 -25.5604 0.416621 0.249703 -1.31795 0.0118856 380
11.631 13.093 9.33895 -0.148868 0.266638 -0.0384282 -3.77137e-05 349
11.6634 -7.27101 6.52222 0.234128 0.182646 -0.0662854 -0.000243097 394
11.7453 4.54864 6.20605 0.15309 0.31258 -0.131068 -2.57218e-05 195
11.7933 -2.50325 -3.38761 0.159764 0.260827 -0.178793 -0.000213655 426
11.7988 -0.349924 -1.5667 0.102984 0.320905 0.0276096 -0.000335086 410
11.7986 9.56347 6.43016 -0.127403 0.242278 -0.0476464 -0.000275404 428
11.8186 -166.932 -30.5389 3.33444 -67.1666 -13.3603 29.381 404
11.8599 0.561752 6.27305 0.240941 0.218497 -0.152581 -0.000124139 212
11.8631 -0.506782 7.24944 0.299377 0.160921 -0.150017 -3.58322e-05 154
11.9218 -6.15451 -2.57219 0.293824 0.224694 0.048938 -4.49197e-05 343
12.0384 -4.36585 -6.20921 0.261987 0.18607 0.10831 -0.000159639 128
12.253 10.4659 -3.09874 0.714213 0.816639 -0.383845 0.00751535 230
12.2608 -10.314 -4.47837 0.243021 0.177712 0.0400972 -0.00017482 388
12.6924 -12.8529 -0.635346 0.00637051 0.110077 0.00508682 -0.000615425 292
12.7396 -3.39726 0.00464395 -0.0179536 0.256594 0.0235782 -0.000531072 478
12.8982 2.29581 9.05627 0.794314 0.321849 0.778373 0.00759256 389
13.0087 -2.38444 -4.53076 0.223453 0.252783 0.0925693 -0.000129137 125
13.3007 -13.5338 3.59291 0.282576 -0.2896 0.113386 0.000456343 167
13.3654 2.97886 -10.623 0.12369 0.297049 0.0702308 -4.33261e-05 269
13.6654 -2.23151 6.18789 0.218555 0.262359 -0.0603497 -7.27013e-05 147
13.9076 -4.93542 3.32538 0.478363 -0.0207904 0.076871 0.000643514 107
13.9846 -1.54724 5.08943 0.805549 -0.0440533 0.308302 0.00382644 132
14.4379 2.77116 -1.43114 0.888031 0.254255 -0.248368 0.00487206 370
14.865 -4.75208 -0.392762 0.0994075 0.230463 0.0373345 -0.000398287 493
14.9164 -6.99098 -3.08151 0.0641048 0.200732 0.0232452 -0.000464967 66
15.0772 10.1119 -3.47133 0.602038 0.816327 -0.725657 0.00904506 317
15.0958 -16.4244 -1.46077 5.87366 -4.80058 -0.267315 0.359547 115
15.3963 -4.90441 -1.48464 0.0690448 0.212857 -0.0198297 -0.00045491 408
15.7193 -3.04509 3.1915 0.0151604 0.210671 -0.0344519 -0.000479381 52
15.7295 8.40806 3.35169 -0.103304 0.177033 -0.00862315 -0.000425743 6
15.9975 -3.00465 5.62628 -0.0169504 0.157653 -0.0228155 -0.00056542 385
18.3788 -25.075 49.359 1.18606 -1.70825 3.50821 0.103738 257
18.4145 -12.098 5.39846 0.533635 -0.181257 0.195967 0.00167412 101
18.888 -6.19814 -18.7161 1.72526 -0.496642 -1.94608 0.0433572 467
19.1929 -3.16721 -2.51001 0.0879196 0.259622 0.00225178 -0.000167693 236
19.7819 1.66227 -1.2943 -0.019952 0.248714 0.00819716 -0.000238814 47
23.8757 -51.9241 -91.9297 9.08918 -19.7018 -34.5605 10.4074 162
24.8187 -34.0745 31.6477 1.76842 -2.53081 2.0912 0.0866719 458
26.6808 60.8164 74.9797 5.29727 12.1844 14.79 2.47027 274
27.9618 19.8575 23.5474 2.11123 1.64461 1.61673 0.0607987 330
31.5877 -45.17 -17.5515 1.87242 -2.72899 -0.845417 0.0727094 235
32.1141 -117.508 12.0549 12.52 -46.9794 5.14279 14.939 123
34.367 10.2263 18.881 2.51344 0.887003 1.34399 0.0553819 131
35.4616 27.3755 27.6741 3.42951 2.74652 2.39471 0.156259 417
39.5656 -11.5437 -24.4104 3.30093 -1.16926 -2.42867 0.11325 278
42.351 -10.1525 -24.5842 4.53073 -0.946729 -2.66306 0.177973 246
42.3785 -10.6688 -21.8108 4.54612 -1.28775 -2.33783 0.173438 173
46.2258 10.1231 -1.62419 8.33437 2.01511 -0.142734 0.459378 424
46.2413 -48.0995 14.832 38.0872 -31.3015 13.1549 16.2715 190
