-18.0511 13.3514 8.42692 -49.1566 -211.936 8.75804
-17.7722 -2.36971 2.72244 -50.9073 -101.405 25.0503
-17.1273 0.64762 -10.6511 -39.7675 -91.5425 -19.3125
-15.3357 15.1044 1.35556 -41.8957 18.8995 2.57186
-14.409 10.0318 6.40641 -55.6954 -189.351 7.99627
-13.3709 -5.65649 6.78557 14.4042 -146.583 -39.7435
-14.3633 18.664 -0.067445 -88.0964 -207.363 4.74354
-12.7227 -4.64041 -3.80338 73.7543 -246.263 -8.47442
-13.2849 -1.14188 -1.2473 16.7783 -204.269 2.65332
-13.4015 4.91009 4.75124 -62.4198 -184.473 5.94833
-11.4026 -7.77956 -2.27842 130.53 -175.444 -5.13824
-12.315 -3.01494 -6.41534 35.227 -190.394 -9.24609
-11.5185 -6.53568 5.96796 113.915 -178.221 2.4341
-11.4245 -5.43316 -4.76946 106.268 -181.348 8.98262
-10.9865 -5.55898 11.0646 143.402 -210.678 11.4525
-11.7755 -3.70562 8.39383 59.6691 -188.248 11.1243
-11.0363 -9.60656 -7.57243 126.767 -149.057 -13.8058
-11.4398 0.0734346 4.67484 83.6551 -133.493 87.496
-11.3114 -1.86259 -2.79935 77.7384 -244.75 -7.1096
-12.0698 0.18565 8.47232 0.610489 -205.663 13.6309
-13.1131 7.75022 3.11312 -111.473 -180.607 17.4342
-11.9665 1.71907 -0.333588 1.14984 -231.628 0.123559
-12.5649 -1.87319 -0.621494 -66.6623 -290.397 67.8196
-10.4703 -5.45238 1.58248 126.7 -188.903 -7.12785
-11.2583 -1.28939 2.30478 43.9033 -207.789 9.60604
-12.214 3.57233 -3.83363 -54.5873 -212.205 -9.97301
-10.1739 2.05911 -0.74362 147.064 -200.168 -15.0606
-11.3577 -0.763165 5.77471 19.7638 -199.379 16.6654
-10.8842 -1.0566 1.23873 58.5075 -250.04 8.49793
-10.5881 0.833943 13.8757 75.6875 -236.339 30.3034
-11.6532 2.24765 -9.03347 -31.0142 -186.046 -10.8221
-12.0539 -2.80487 0.134895 -90.8555 -126.891 14.5178
-10.4289 -1.19502 -2.80539 70.1121 -226.901 2.36753
-9.45527 -0.944465 0.975479 152.679 -208.731 -9.23822
-10.6997 3.41933 -2.52858 26.1087 -173.982 -98.6827
-9.8063 -11.0841 2.65041 109.169 -235.184 0.736159
-11.1132 2.57015 9.82782 -30.7819 -206.837 27.9238
-10.2515 16.2548 7.52279 38.103 -449.316 -24.3443
-10.1351 0.939062 -10.485 35.2103 -188.622 -56.4131
-11.4005 5.74445 -2.02538 -92.1361 -225.319 4.4748
-8.92868 -6.33943 -9.04112 152.731 -167.443 -25.8778
-9.90844 -0.548437 6.59516 54.7067 -231.247 18.8363
-8.53835 -10.1664 1.89492 183.558 -129.15 2.57816
-9.63648 -1.29227 5.99937 73.2586 -230.926 20.2059
-8.99632 -4.88744 0.267858 134.371 -193.549 -9.58097
-10.4226 -2.94174 -4.44304 -12.8624 -245.685 -12.399
-6.25665 2.45176 -0.0166214 400.51 -139.099 -127.16
-11.4854 12.9184 -6.33484 -120.786 -83.2098 8.65766
-9.44363 3.86305 7.09976 76.077 -220.163 12.6536
-8.99521 6.27128 -5.12406 112.4 -207.535 -10.547
-9.3337 -1.78585 0.649943 77.1155 -271.426 -69.7638
-10.6426 4.56068 -1.98991 -62.9547 -200.221 -21.4054
-8.25666 -5.35337 3.2107 170.59 -180.421 -1.99053
-9.47321 -0.99749 -8.11373 48.9882 -202.895 -10.6325
-6.42106 -7.09671 2.91253 350.122 -198.176 101.167
-8.98917 -1.4008 -1.15539 94.2613 -246.504 -10.0748
-8.92898 -3.69738 10.2655 97.3447 -159.475 37.2068
-9.45509 9.73913 2.9353 43.9012 -115.12 51.8183
-9.57414 0.237867 -3.55123 30.1186 -228.804 -1.28085
-9.02195 -0.496333 0.100655 84.029 -252.828 9.18495
-7.51948 -15.8744 0.278457 230.225 -180.492 6.33056
-9.02257 -0.802284 -0.15749 76.516 -234.927 8.00552
-7.89808 -20.2882 21.3762 187.083 -127.313 57.1544
-10.637 7.6811 -13.1448 -89.497 -102.971 -31.8062
-8.56942 -0.726863 3.07906 112.914 -221.734 -3.56234
-8.77539 -2.70893 -9.25079 90.0949 -184.784 -23.1396
-8.12745 0.811783 -6.28378 153.88 38.244 -51.2783
-8.17637 -4.44545 2.87654 137.738 -176.585 -9.40328
-9.07954 6.99499 6.69486 41.0194 -479.883 -100.259
-7.53991 -8.18052 -0.0926738 192.819 -129.086 -1.46237
-9.95771 -2.17635 -7.01594 -51.5387 -315.086 -96.841
-7.45454 -6.84457 6.45654 196.587 -154.322 16.2555
-8.00695 -4.58379 -4.4154 140.66 -172.459 -9.44659
-7.54793 -6.45137 5.76574 184.161 -148.385 22.7308
-7.68064 -11.0118 1.16186 170.679 -271.442 12.6487
-7.25311 -6.74542 0.735459 212.512 -145.336 7.66359
-9.65515 -10.5189 -0.800561 -34.2948 -25.084 38.9844
-10.2607 6.27044 -3.62887 -98.8115 -213.852 -0.914619
-8.89922 1.34791 0.334066 31.739 -252.543 1.8127
-10.1894 6.44961 8.51808 -101.019 -153.57 22.9061
-7.1228 -4.55396 -0.663609 202.18 -117.883 8.76379
-8.10017 -2.0683 2.5734 104.047 -204.461 0.101769
-7.38454 -3.05517 -2.32223 174.968 -212.542 -23.3657
-9.30965 2.1277 -6.01564 -25.1235 -236.828 -7.99549
-10.2287 9.93825 8.04892 -120.536 -115.312 25.649
-8.40864 -0.701582 -7.49963 56.0247 -226.161 -9.26513
-7.48716 -14.407 -0.363215 144.777 -90.3701 2.08186
-7.14975 -5.02061 -1.58751 175.677 -165.358 2.33422
-10.1271 3.42934 8.97604 -121.592 -168.298 9.82387
-6.78567 -7.37428 -6.29667 208.438 -135.103 -14.0219
-6.96269 -5.22444 -1.29798 180.655 -166.752 -6.97576
-7.25954 3.01171 4.52978 139.548 -104.454 -82.581
-8.10038 -3.97457 -4.7396 51.6211 -223.875 46.5112
-6.19732 -8.17647 3.09879 237.838 -118.091 13.3143
-7.56917 -2.01309 12.9923 97.3268 -191.386 21.377
-9.24543 4.47235 -3.37665 -71.5498 -214.894 -4.4983
-6.54255 -4.86541 -5.44319 195.457 -147.843 -15.9687
-8.73087 6.32602 2.28375 -32.18 -256.076 12.6264
-8.26534 0.936254 -2.38251 11.0012 -226.864 -8.56747
-6.00635 1.39941 -0.133899 232.895 22.2081 -6.01318
-8.6547 5.33032 4.45409 -30.6216 -196.8 85.3047
-7.07041 -4.94447 13.7413 126.14 -136.044 43.0503
-8.41692 6.3481 3.97982 -9.00411 -224.531 4.24765
-7.15332 -5.57006 -13.2988 116.17 -124.913 -25.4938
-7.60291 0.548432 3.14104 71.0014 -264.999 12.7631
-8.82322 1.0551 -0.0845034 -55.7611 -239.681 6.99377
-6.6636 -7.8736 -11.2671 155.289 -244.355 -2.73431
-5.84542 -6.51565 -2.70227 228.337 -117.743 -12.0655
-5.69911 -4.59615 6.08392 232.301 -141.259 10.736
-5.66318 -10.8455 -1.06364 233.557 -218.741 -0.03026
-7.40972 0.0965352 1.39922 57.9331 -224.547 7.93812
-5.64548 -6.24382 1.04185 232.118 -126.194 -3.23783
-7.32453 -13.3904 -9.27508 62.6398 -327.202 -60.2488
-5.92812 -5.97241 -6.04624 191.152 -121.989 -13.4018
-5.37901 -2.71618 -1.14485 244.425 -81.4034 32.4368
-6.06316 -1.58336 2.45757 171.476 -224.378 -7.87454
-5.78715 -7.42914 2.04015 198.654 -106.193 5.23695
-5.68663 -8.64597 9.98663 207.822 -96.5482 12.4639
-5.69208 -8.47975 5.40294 204.019 -99.8271 14.6534
-4.43368 -6.13672 2.38819 324.789 163.762 65.5855
-5.54863 -7.90076 -3.80567 211.148 -101.291 -3.73993
-7.49729 4.8724 -1.21428 16.0872 -249.415 -5.79765
-8.17726 3.13302 3.85557 -52.5773 -225.145 14.0881
-6.15253 -2.19045 -8.63551 147.085 -192.571 -31.6353
-6.00224 -7.88242 10.0045 160.212 -109.153 19.0569
-9.26689 11.244 1.46925 -168.019 -141.882 8.46969
-4.87702 -12.5191 7.76022 265.86 27.1593 -17.0175
-5.097 -6.08965 2.71208 242.817 -91.9378 -4.06017
-4.90142 -5.28815 3.2492 255.292 -112.499 11.1975
-4.93553 -3.45622 0.316879 249.492 -133.019 -49.0407
-5.2603 -9.65433 5.92066 216.033 -88.0052 3.11121
-3.98679 -6.84112 -1.23027 342.13 -66.7454 103.119
-7.18906 1.59529 0.554651 22.8088 -249.029 13.2838
-5.19944 -2.56356 -8.48439 219.122 -157.089 -22.5879
-5.23209 -4.97694 8.46129 213.634 -114.632 12.1018
-4.99326 -2.55565 -8.03378 236.427 -79.3426 -13.2703
-6.59114 0.952875 -0.672669 77.5164 -278.004 5.43064
-5.33729 -4.67604 -5.50501 201.168 -124.164 -12.3678
-5.50997 -1.74141 6.91093 181.337 -197.719 18.3142
-5.04544 -3.12099 -3.92141 225.821 -143.196 -1.45734
-8.59332 8.96579 -6.59235 -127.349 49.3882 -43.0136
-5.64469 -2.20628 -0.583732 165.37 -182.811 2.88583
-4.60186 -3.24354 -2.26625 265.407 13.3144 -37.4888
-4.89769 -9.28652 -0.362642 235.171 -105.713 1.52399
-5.3774 -3.10972 3.62678 186.451 -154.766 -12.2053
-7.29991 2.55064 -6.25848 -5.32268 -273.695 -16.8145
-5.17896 -4.50843 9.0918 202.602 -130.273 21.8538
-5.47632 -5.26155 -9.88131 172.206 -114.831 -16.7913
-6.29486 -0.374548 5.21254 89.7454 -222.893 3.41324
-9.09803 -0.875349 8.82632 -188.724 -255.614 38.8621
-8.81003 5.7094 5.62844 -161.118 -133.244 15.5406
-4.8444 -9.08775 2.99144 231.78 -78.4758 5.17289
-6.15057 -1.706 9.92486 98.8693 -257.754 105.547
-8.45335 5.5484 2.92609 -131.97 -227.821 -14.2894
-8.33328 6.75179 5.15022 -123.967 -172.82 1.88747
-4.95242 -1.33779 5.71716 210.316 -194.553 13.5917
-8.94261 -2.72053 -0.634127 -188.025 -178.23 -4.66097
-7.27638 2.59661 2.84555 -23.9233 -228.271 14.7137
-4.54536 -1.80475 0.166457 245.48 -151.374 7.26925
-5.25206 -0.0513115 0.42514 169.46 -237.495 26.7238
-5.04305 -1.13837 6.04222 189.99 -195.522 -5.58251
-5.35617 -0.738448 8.35629 158.196 -209.822 26.5579
-4.68206 -10.1207 3.97783 224.892 -81.3157 21.0082
-7.5585 1.26974 -5.12555 -61.0085 -465.05 54.8171
-4.14741 -2.47105 -1.17549 276.694 -107.884 -12.2614
-4.50041 -4.55777 -2.47123 241.454 -105.404 -0.560951
-5.6511 -1.38124 -2.26401 127.1 -242.496 -16.9416
-6.57125 0.713111 10.8138 33.3648 -214.886 27.2684
-4.33335 -2.92024 -1.9835 254.885 -185.443 1.25381
-4.21511 -2.13932 1.19517 266.29 -79.9833 55.8481
-4.56083 -6.85248 -3.88409 231.685 -86.6844 -17.1537
-8.37892 9.48579 -3.07491 -160.197 -146.725 -11.9257
-4.28819 -4.35706 -1.83506 245.244 -25.9312 -17.5435
-7.74575 5.37545 6.90722 -98.4043 -211.268 30.8356
-4.96591 -0.251629 -5.99786 176.341 -220.382 -28.7377
-4.20423 -3.84906 -1.64377 251.314 -100.945 12.3366
-4.07375 -1.08248 -1.57202 254.466 -144.429 -4.77203
-4.10799 -2.09694 0.0948964 250.9 -126.101 -2.79102
-4.26999 -4.11013 -1.43273 234.33 -95.9719 -11.316
-4.26162 -3.36845 -3.28603 233.665 -111.891 -5.29875
-7.99419 3.10094 0.970111 -137.124 -238.208 3.73267
-4.03023 -9.40816 5.20837 254.551 -55.2588 7.5967
-4.70046 -7.97245 9.41065 187.865 -65.2143 18.2325
-4.361 -7.39864 3.36405 219.828 -71.8582 5.96704
-5.25874 -1.51003 -14.2523 129.408 -171.62 -38.4211
-6.75788 2.53303 -7.44065 -20.5063 -255.32 -10.5322
-3.9064 -3.77715 -4.44492 262.107 -77.84 6.05435
-4.25668 -7.12044 -0.604687 225.939 9.95089 -46.7655
-7.90298 7.646 -2.47123 -137.899 -214.338 -26.8427
-3.72024 -4.37859 1.79898 275.605 -60.4234 5.19791
-4.5871 -10.4765 3.68991 189.183 103.765 36.6032
-6.92504 -6.0815 1.77159 -44.0895 32.5278 92.318
-4.40047 3.80407 -4.33434 205.494 55.3255 24.4914
-4.46014 -2.31458 -1.18105 198.405 -145.527 9.21351
-3.73832 -2.67682 -5.41679 270.02 -77.5989 4.52108
-6.97489 3.95215 4.373 -56.8665 -266.451 16.3043
-3.9555 -11.5053 -0.61196 241.344 -62.5922 3.66381
-7.30236 5.52326 12.2678 -92.3567 -149.522 30.2396
-3.86662 -1.61305 -5.10687 247.7 -123.395 -13.2066
-4.27662 -7.3754 -6.72262 204.294 -70.2243 -1.69392
-6.35574 2.40404 2.82938 -3.78584 -263.217 1.61989
-6.58833 4.78548 -13.594 -27.5258 -301.784 155.675
-6.84238 3.22601 6.58223 -54.907 -218.943 9.05308
-4.0351 -8.74963 -5.87604 223.02 -59.7379 -10.5227
-5.7151 -12.1802 -3.09893 55.8657 -65.3668 20.6596
-4.78591 1.94836 -5.45437 147.74 -167.086 -31.773
-3.84923 -1.74789 -4.61434 237.768 -126.711 1.2482
-4.20266 -2.1049 1.09079 201.889 -133.169 -53.0236
-3.76377 1.85428 -0.0153789 240.072 23.8312 39.6238
-6.37151 2.77615 -3.0633 -19.9184 -261.94 -1.61081
-7.76889 2.5538 -11.7586 -159.298 -155.419 -15.9245
-6.44023 6.56133 1.38826 -28.6685 -259.648 8.9733
-4.89646 0.509205 3.37132 120.799 -169.595 -128.886
-7.47358 6.65102 -1.24447 -135.453 -195.995 -12.0124
-3.7755 -8.27975 3.15737 231.122 -0.172536 6.66452
-3.81989 -11.2516 -5.06438 226.039 -54.9613 -12.7398
-3.515 -5.57657 -6.92078 253.323 -58.6936 -12.4597
-5.1825 1.44164 3.24094 85.9429 -281.638 14.5609
-4.39914 2.86302 4.18859 161.91 -212.022 43.1026
-6.26819 -1.75118 3.4481 -24.4514 -284.548 15.8536
-3.47897 -0.386245 -0.529719 251.558 -139.996 0.555037
-6.92927 4.3081 -5.99138 -92.6489 -248.174 -23.8078
-3.19825 -7.87 -1.51052 274.587 -34.1827 -2.07877
-3.38283 -3.71454 6.31592 256.206 -55.4273 14.167
-5.29882 0.925808 -6.78316 65.5918 -233.271 -7.93965
-5.45621 1.84188 3.05118 48.2738 -285.122 0.898826
-3.51533 -10.3437 -3.06273 238.164 -54.729 -8.84148
-3.92395 -5.07039 -3.6643 197.566 11.035 90.1584
-3.75041 0.0975689 -0.251821 213.965 -192.741 1.60296
-3.02454 -0.478128 1.55037 285.749 18.3358 35.3229
-6.39424 3.74702 -4.26902 -52.0268 -243.344 -1.71416
-3.12406 -3.78201 -2.46002 270.914 -25.7142 -4.00073
-4.48453 1.99999 7.01931 132.745 -172.485 -96.4401
-3.44829 -6.08374 -0.781602 234.216 -56.2046 -0.224517
-3.42065 -7.23913 -3.10412 235.701 -48.1202 -8.89567
-3.74061 -0.627765 -5.58597 203.56 -160.18 -32.0931
-3.30468 -2.13721 -5.08335 245.854 -100.357 16.8987
-3.23016 -2.1591 -3.30219 251.87 -73.6413 -33.0822
-6.53719 0.276132 1.04839 -78.4746 -228.233 5.39871
-4.29959 -15.3096 -9.25467 142.807 -58.3968 -17.7604
-3.26863 -2.28978 4.91878 242.794 -69.4907 23.7362
-4.7153 0.0662847 -8.35802 98.8338 -211.155 -14.601
-2.91022 -0.423224 -4.56815 277.789 -40.0988 -12.2884
-3.5157 -0.595901 -0.789602 216.858 -149.395 -6.98169
-5.51469 2.08735 -4.25763 12.1604 -255.298 -24.049
-6.70129 5.32886 9.98753 -107.238 -183.184 26.8101
-2.71614 -6.31141 -1.88148 282.543 7.93589 -8.15157
-3.42385 -7.6801 -12.4796 204.708 -54.0243 -23.9082
-2.7937 -4.40293 2.63245 265.447 10.5597 1.18054
-2.91907 -0.419458 -0.515769 252.866 -79.1636 -11.0755
-6.25956 4.43522 1.0799 -80.0625 -276.33 5.08922
-3.91481 -9.47314 0.575396 152.385 -234.219 4.18684
-3.76859 -0.320413 6.1817 165.076 -174.916 16.3942
-2.8124 -3.81351 1.74419 257.399 -21.4884 5.31036
-4.20434 0.828765 -0.888362 118.875 -238.254 -23.8539
-3.28857 -6.13937 -4.80889 208.953 -120.119 6.19649
-3.31813 1.33956 -5.85277 202.557 -54.7969 -33.5473
-3.06101 -9.46548 0.978631 225.636 -31.2089 3.55686
-3.82167 1.27577 -1.35593 150.02 -259.945 -9.37327
-2.50268 -13.6049 -2.42057 278.498 122.751 37.5381
-2.7712 -1.06542 -6.10692 250.932 -48.9153 -10.8452
-2.90055 -2.83143 1.64352 237.033 -79.4998 -10.9804
-7.13878 6.8926 -6.00239 -186.282 -157.308 -84.9323
-6.27139 -1.5174 3.50744 -102.28 -399.81 142.105
-6.59615 5.78762 0.731149 -135.211 -240.546 10.2235
-2.85573 -1.88727 0.35915 233.304 128.42 -2.05603
-2.58269 -4.61552 4.84145 260.377 9.73887 5.70503
-2.98012 0.0272199 3.89461 219.388 -130.725 13.9683
-3.32397 -13.6428 -18.8918 184.967 -128.517 -34.7603
-2.44407 -5.36011 -1.95449 271.21 9.03042 -1.81342
-5.90205 4.1793 3.52331 -72.4682 -247.78 9.7043
-5.3934 2.35223 -6.32684 -25.0572 -242.703 -7.11994
-2.8374 -6.26728 12.2427 226.747 -24.8138 26.2076
-4.99866 1.97604 -3.76534 11.8927 -240.953 -22.1897
-4.92757 2.50178 -3.05619 16.4183 -288.817 -23.684
-4.251 0.65008 4.95033 83.4968 -219.464 8.59533
-2.28208 -6.51724 -4.18272 277.891 7.12643 -12.6944
-5.94904 5.00747 -0.0443298 -87.3492 -243.378 9.91334
-2.44347 -7.32564 -6.11296 258.921 -6.63277 -4.95411
-2.42812 -2.27674 -3.93993 259.611 14.3952 -5.89421
-2.46768 -10.2778 7.3314 255.333 94.9973 0.682824
-2.70881 -1.94214 7.63458 229.35 -46.7196 16.6605
-4.17638 4.85887 -8.787 83.1417 -171.347 -76.9621
-2.81723 -5.90681 -5.24422 215.438 -225.407 -64.6798
-2.35697 -1.91055 -0.809 259.02 64.7537 -3.27471
-2.59104 -6.00216 4.16218 235.1 -27.7678 9.18726
-6.80044 11.7047 5.99455 -185.193 -117.076 2.70812
-2.54959 -2.59889 -8.45086 236.295 -20.9982 -16.1671
-2.52699 -6.96861 -5.45934 237.153 3.33683 -14.6505
-5.58717 -5.45384 2.49041 -68.6684 -252.861 7.17409
-2.34982 -2.85132 -0.385281 251.828 -13.0627 24.3842
-6.03267 18.1428 7.06988 -115.073 -177.954 6.71461
-6.72046 11.2072 0.955886 -183.889 -136.678 9.89588
-2.72098 -9.31526 -4.90055 213.202 -33.0151 -9.10689
-2.52508 -5.39862 -5.76377 231.069 -13.0085 -19.5932
-2.22218 0.0712155 3.96021 259.536 71.0319 0.583278
-5.73403 4.49385 -2.57139 -90.264 -242.817 -15.9603
-1.88453 -4.22789 -5.3078 286.965 10.8036 -13.8505
-2.01213 -3.67609 2.79746 274.24 64.9821 3.88521
-2.46346 -4.60277 -7.07314 228.271 -24.4915 -13.4252
-5.65197 4.85389 -14.96 -93.9666 -161.058 -24.1475
-3.75097 -1.06275 0.956761 92.0903 139.089 -154.65
-3.47288 0.202822 3.14032 118.516 -214.894 -0.879382
-2.13829 -5.0991 -3.57169 249.621 7.96243 -5.23491
-6.45232 9.48996 1.2954 -178.929 -152.938 0.302516
-6.01266 9.08424 3.16455 -137.493 -198.887 -3.07839
-2.10024 -5.55733 0.330052 247.704 6.86835 -3.15807
-2.52161 0.633003 -8.1012 201.511 -135.971 -13.0898
-2.06687 -5.342 -0.907068 243.495 54.0629 -1.6035
-3.43138 1.25482 -0.370792 106.787 -244.096 -8.59061
-5.04659 10.3886 -4.99764 -61.3021 -273.141 -12.4133
-1.91036 -0.551483 -8.87579 249.941 -85.2234 14.6936
-5.52147 9.83414 9.79496 -113.589 -159.178 11.8174
-6.00249 8.28698 -4.61413 -161.473 -156.138 -15.2629
-2.17435 -11.1658 -0.691878 218.547 -6.48464 -4.77259
-5.95356 7.36364 6.13778 -157.516 -153.531 6.50817
-1.71776 -9.54645 6.48884 258.613 307.263 -76.2907
-1.82774 -3.30036 3.12487 246.745 78.5452 11.1098
-1.68083 -9.50596 -1.41112 260.632 -133.896 29.7273
-1.56699 -4.64568 -6.22806 270.096 61.7224 -14.2289
-1.5047 -3.52711 1.73001 275.733 98.5278 4.07912
-4.86933 3.47276 4.31474 -60.7896 -272.403 3.49378
-4.9744 4.17774 2.27052 -75.2706 -267.514 7.38745
-1.54032 -3.39327 3.15618 262.21 58.6783 6.24132
-5.67338 8.94622 -11.3366 -149.628 -125.284 -24.7091
-4.33216 2.40573 -10.6829 -17.3261 -211.625 -13.1409
-1.82119 -5.21831 8.13713 231.819 -71.0183 -1.36282
-1.49854 -7.41931 -6.04281 262.902 54.931 -12.3665
-1.84512 -5.92164 -6.32624 224.39 47.9814 -14.5213
-3.90485 2.27737 9.62537 19.3675 -249.25 20.2091
-5.47396 0.0429985 14.3812 -138.369 -260.808 49.3762
-5.72355 13.1841 8.03588 -163.441 -126.409 35.264
-1.58976 -3.04843 0.057943 246.381 154.06 7.88847
-4.43992 2.74016 8.91494 -37.7286 -243.481 10.2305
-1.72648 -3.19098 9.92242 231.774 73.6034 24.4836
-4.7097 7.52228 -1.93252 -67.2435 -268.086 39.6992
-1.51381 -3.67041 4.25772 249.667 101.734 10.1686
-5.75673 9.36962 1.93886 -172.415 -147.877 1.66713
-1.67649 -5.60738 -11.9972 232.56 23.7445 -20.7123
-4.24159 3.18193 -3.20235 -25.1597 -283.129 0.114486
-5.6514 14.8922 -6.45438 -168.734 -166.572 -15.3785
-1.30773 1.54444 2.64822 260.348 -104.583 -38.6546
-1.6008 -3.66015 11.1253 227.688 33.4035 33.5818
-5.52318 2.97837 2.00571 -162.192 -206.844 -12.8848
-1.53094 -10.3622 2.29815 231.822 -4.01111 1.05703
-1.16602 -5.16192 -2.22826 267.291 91.9212 -3.62433
-1.47073 -2.77176 -0.502859 236.668 148.228 6.45107
-1.36043 -5.36525 -3.19438 247.356 54.2537 -7.98505
-2.06501 -16.3963 -1.80935 176.681 -20.0144 -6.3808
-1.95214 -1.13471 -14.0366 185.721 -14.6719 -27.5737
-1.47112 -0.0247196 -6.30969 229.701 -208.595 35.4645
-1.48128 -11.2596 2.04849 228.323 -6.07304 0.609684
-1.09398 -7.78579 4.63287 262.923 31.1491 22.1908
-1.22055 -5.15866 3.1204 249.859 80.2247 -31.8888
-1.42357 -2.70021 -3.69862 224.65 120.836 -11.9654
-1.03862 -9.68704 -7.89816 260.337 44.5798 -21.7013
-1.12587 -3.80328 7.32371 250.578 132.676 9.69046
-1.44883 -2.61669 -11.1319 218.473 90.3277 -20.9712
-5.34411 7.84836 2.91763 -171.366 -169.992 -0.569868
-4.95391 6.15671 -11.5179 -141.542 -166.8 -18.0369
-1.40924 -6.1828 4.62655 208.871 25.3574 123.354
-3.68488 2.8589 4.39766 -17.9016 -257.862 18.9941
-1.44351 -14.7649 -3.70269 204.656 -14.796 -5.85357
-2.49974 1.48341 -3.60391 95.6681 -234.834 -12.5894
-4.72215 -4.01007 -6.0452 -126.227 -222.597 -11.2005
-4.72967 7.81212 14.9572 -129.757 -101.114 32.2895
-0.766222 -4.90522 -6.11814 259.441 102.823 -10.6392
-4.76395 5.52575 0.821937 -141.439 -218.135 -8.7609
-3.12021 15.3768 0.499305 19.1464 -450.107 -29.6658
-2.79815 2.13571 -3.99792 51.0104 -271.82 -13.0428
-0.806488 -4.68037 -0.798796 243.69 70.3976 36.053
-4.40132 4.45067 7.50236 -113.813 -208.109 22.6176
-1.22493 -2.79443 3.10697 200.868 183.923 3.97428
-1.00721 -7.70275 9.96653 222.173 0.569308 16.6365
-5.39015 11.1133 -0.776963 -214.56 -127.327 -5.85412
-3.55784 5.48179 -6.90523 -33.2158 -218.564 -21.8414
-3.73732 0.541661 0.150041 -60.3909 -288.24 -6.24464
-4.8771 11.9738 -8.40431 -174.912 -228.896 72.5159
-0.647707 -12.4525 1.29324 244.025 119.768 25.9741
-0.952159 -3.36676 2.66111 211.693 192.353 2.96303
-0.671791 -5.38 -2.81467 238.847 7.03474 -7.77171
-3.17369 2.46927 2.7172 -21.0353 -250.139 11.2365
-4.57457 14.2779 18.8235 -160.876 -182.83 -76.803
-4.20411 4.69531 2.83995 -124.147 -229.807 14.0142
-1.20409 -2.44948 17.1871 172.877 40.6644 33.4588
-0.426217 -6.6966 -1.52507 249.197 67.9288 -1.63667
-0.00253952 -2.81043 0.700051 291.146 225.3 -107.709
-4.2777 8.81677 -13.8961 -135.158 -75.2525 -30.6042
-4.69551 21.7844 -1.75189 -180.268 -136.396 -5.11288
-3.40314 3.33685 -1.84691 -54.3458 -253.524 -8.5389
-4.63956 3.71181 12.1601 -184.249 -55.6019 24.3136
-0.288244 -6.25697 2.03638 245.828 80.9068 4.87593
-0.471747 -9.06927 7.57238 218.828 38.923 13.8507
-0.413494 -4.55551 -11.3298 216.693 111.563 -27.1088
-0.44442 -12.4088 1.46445 211.916 -9.70777 -0.283993
-0.345351 -6.79432 5.9742 221.179 44.0422 10.6245
-4.08283 12.1867 3.20738 -152.76 -123.311 13.291
-3.82465 4.50715 5.40693 -127.844 -254.843 5.29505
-0.554762 -9.62119 -13.7036 193.251 -5.42401 -30.4991
-0.10222 -6.0445 -1.50508 236.318 77.5841 -2.27545
-0.514612 -3.3287 9.59987 194.388 139.585 20.6544
-4.28715 8.38787 -6.89534 -185.34 -166.31 -16.3141
-0.377592 -3.07961 -0.752023 202.663 218.983 0.327817
-0.0496045 -4.95266 2.32772 234.411 144.948 9.65824
-3.55126 4.34205 3.84302 -115.085 -214.492 15.4746
-3.8524 8.5041 0.613757 -148.02 -175.066 5.9117
-4.24243 14.7024 -4.06854 -189.697 -85.6512 61.059
0.0262289 -5.01626 -1.33201 233.735 141.093 -0.322956
-0.21185 -9.5754 11.5395 207.72 17.4931 33.3092
-0.32169 -12.8994 -3.18981 195.751 -11.8693 -9.39231
-3.10842 3.59884 9.4204 -83.4321 -216.327 25.239
-3.70472 5.67293 -5.05775 -145.685 -175.672 2.92191
-1.93999 2.74605 6.78401 27.0819 -283.411 14.6152
-2.76331 2.9567 -10.2283 -56.6312 -209.966 -18.3549
-4.23856 7.38721 5.44588 -207.258 -89.451 12.1497
0.128694 -7.24814 -7.18922 222.382 69.7008 -13.749
-3.06675 -7.69278 0.727305 -95.3407 32.3891 -69.905
-2.55954 3.49689 2.22916 -52.0789 -293.557 12.7113
-3.52845 4.97057 -4.22575 -149.144 -236.965 -19.7138
-0.494478 -11.8945 -0.915619 151.256 87.6667 -56.4226
-1.55805 0.515368 11.2245 45.5875 -236.285 18.295
0.344641 -11.5762 -0.573604 233.038 37.1515 -2.60515
-3.67367 5.98371 0.554482 -170.204 -216.975 9.84466
-4.72452 7.17642 2.21533 -276.615 -107.342 2.43199
-3.63982 2.75099 11.4563 -171.228 -122.397 -16.5215
0.123001 1.62086 1.16525 201.591 -29.6685 84.7264
0.507286 -6.66573 -0.321816 236.133 117.082 -5.32773
0.367472 -17.7692 0.386038 215.347 205.895 -64.808
0.131534 -13.7212 1.9944 191.679 3.41533 0.326543
-0.946905 7.13337 -4.35846 82.4877 -101.186 -129.829
-3.10781 5.04399 8.17864 -137.941 -175.087 23.504
-1.4487 2.62598 4.52937 26.3018 -267.165 10.0266
-3.66134 11.6613 1.32125 -193.488 -70.1567 3.70459
0.790355 -14.2238 1.49632 246.455 -10.0595 -1.79556
0.534656 -10.8782 0.475912 219.625 369.381 -227.56
0.119435 -3.46494 -1.2849 177.361 194.866 -26.547
0.0517666 -3.80277 13.9022 169.89 86.5822 24.5698
-3.42416 6.44233 1.09179 -177.221 -174.602 8.48428
0.637847 -5.01818 2.76912 224.82 192.99 6.70414
-2.97481 19.211 3.55979 -136.477 -482.218 -28.2334
-3.6686 8.46815 6.26351 -205.884 -145.706 1.77871
0.847148 -7.73667 7.45114 240.322 87.4746 16.4992
-3.38994 7.86091 7.19469 -183.511 -129.046 4.83907
-2.23095 2.13657 -4.9927 -69.9429 -179.957 -159.535
1.06672 -9.41873 0.833172 254.235 76.7064 2.47495
-3.90222 15.1508 -3.44037 -248.342 -140.45 -61.9358
0.770552 -6.54919 -1.5481 214.699 105.127 -7.35591
-3.10845 6.09601 -8.66285 -172.143 -170.405 -11.2913
-3.64223 4.08315 -14.6273 -229.15 -155.685 -122.711
-2.43295 14.9014 -4.9604 -109.825 -501.507 64.553
0.409815 -3.84802 -3.40192 170.627 169.977 -4.20645
-2.43589 3.91447 -3.47946 -114.241 -244.182 7.36204
0.90204 -5.59301 1.60628 212.744 152.917 1.25878
-2.42978 7.44163 4.78356 -120.455 -151.213 64.3977
1.04345 -6.96168 -5.43788 223.641 128.198 -4.03376
-2.11515 3.20382 12.8112 -92.7651 -176.595 32.1099
-3.11614 6.69815 -5.0531 -197.587 -197.194 -3.09505
-1.70167 -0.967693 0.593702 -57.8396 -285.821 -6.34356
0.358412 -3.27474 1.81993 146.045 198.63 15.1397
1.27124 -9.02273 0.332351 228.704 79.5046 2.10766
1.06759 -6.11573 1.11963 204.102 118.357 4.28626
-0.874683 2.53652 1.35498 10.9927 -255.695 -6.16065
-2.95993 7.03548 -3.63247 -198.171 -185.094 -9.96912
1.27784 -6.34753 -1.21658 222.615 178.36 -6.93243
0.391088 -3.303 -16.4834 133.937 114.324 -32.4623
0.0963952 -2.83399 -5.92672 103.736 233.126 -19.9865
-0.96585 0.0137286 0 -1.94182 -1.36571 0
-2.78487 6.91743 -4.31089 -187.918 -135.553 -18.5989
-2.77085 9.43401 -5.0026 -190.678 -97.4574 -8.35032
-2.5883 0.858336 2.52496 -174.325 -173.08 5.32131
1.61979 1.38225 -4.70817 242.148 -22.5069 28.5576
1.45954 -7.40232 -5.63254 225.933 41.6963 -6.78389
-1.41304 3.39108 3.42055 -64.5433 -259.299 125.677
1.24334 -4.80161 1.7551 196.705 193.599 6.54001
-2.91422 -5.31075 -0.30012 -217.652 -46.0805 30.1339
-2.79979 11.0808 4.98327 -209.856 -6.77598 -89.4366
1.11951 -4.32817 -10.779 171.014 170.68 -24.7114
-1.90806 4.00803 -1.91796 -131.599 -267.62 0.818923
-0.86957 2.78182 0.645618 -33.7213 -270.808 -7.2417
1.03843 -3.95555 14.1529 152.838 152.284 25.7382
1.92327 -8.89658 1.49654 238.572 132.756 10.3176
-2.2807 -4.76404 0.850446 -179.113 34.6457 107.932
-2.65201 9.16852 7.83504 -216.175 -63.0736 140.923
-2.53787 6.97734 -4.78355 -205.093 -175.246 -8.89143
-2.4086 14.5489 2.74699 -194.609 -260.749 24.9934
-2.41658 6.65283 1.71855 -197.231 -173.512 7.00404
-1.81866 4.20926 0.869569 -138.927 -165.538 99.6391
-1.65126 7.10947 3.83067 -123.145 -226.893 9.2047
0.757826 -4.85453 7.40728 113.21 196.242 14.0429
1.86276 -10.2015 -0.880661 221.013 61.921 -1.08117
1.97737 -9.61574 4.87286 222.363 74.9615 11.1868
-2.14428 3.42419 -1.47371 -187.062 -184.276 -2.02341
2.01674 -9.03858 -6.6485 223.497 76.5774 -11.9699
-0.437579 -4.06505 0.0130825 -23.0417 -222.321 -6.67393
-0.183839 0.259035 4.62803 1.78086 265.684 -7.77675
2.00293 -8.44405 5.88161 210.556 115.581 18.2562
1.90314 -5.64753 2.46489 200.538 197.735 1.41166
2.06696 -12.3476 -1.91962 215.662 55.4204 -3.18824
-2.29399 7.83628 -4.582 -217.665 -140.77 -13.7006
-0.510201 2.80794 -5.31914 -42.5339 -260.198 -3.41564
-2.22945 1.3346 0.536454 -219.177 -32.1747 -69.454
-1.79414 15.495 0.0336672 -176.493 4.18217 5.36063
-1.99357 6.63639 0.0527403 -197.112 -129.699 5.28418
-1.61645 16.9626 -6.43481 -161.286 8.59939 -15.1239
-2.07606 10.1042 -2.94283 -210.753 -57.9822 -8.52376
-1.9831 13.379 -4.14908 -203.286 -79.2465 -4.05499
2.19546 -10.9505 4.8722 211.119 67.2339 11.1112
-0.949207 12.8888 2.34246 -103.993 -111.272 -28.8628
2.28545 -8.54883 0.842646 215.132 99.6564 -2.49734
1.70722 -4.47024 5.75149 154.027 182.472 0.5148
1.02121 -6.41002 17.063 82.1121 221.611 5.58884
-1.20827 3.87517 2.66951 -141.747 -234.417 -5.63528
-1.35723 5.79281 -4.26595 -161.025 -229.528 17.3215
-1.74665 8.59629 8.86612 -202.795 -69.4233 17.3205
-0.845836 3.8785 1.03839 -117.509 -201.769 -73.3402
-1.40037 4.67206 -5.91858 -175.44 -165.996 -5.23732
2.3977 -9.59751 3.55677 201.794 90.0209 3.22936
-2.11988 0.611447 5.9129 -250.2 -558.937 98.4996
-0.96664 10.3824 2.22472 -136.664 -166.215 -74.4053
0.184932 0.998837 1.77966 -22.8794 254.553 -2.63527
1.9161 -4.24177 -1.67154 147.291 193.75 -9.90085
-1.62968 13.1191 4.7671 -205.246 -28.2565 11.4455
2.6202 -7.25912 -1.85882 214.242 171.103 -7.67625
1.96269 -4.5081 -1.71585 147.891 194.204 7.92219
-1.62384 12.7273 1.68096 -208.489 -29.9245 5.27087
-1.88172 4.5154 -1.11449 -234.915 -447.865 33.2699
1.73592 -3.80751 -1.21952 123.661 213.06 -3.6885
-0.425304 9.11155 -17.7997 -96.1216 3.49131 -32.3708
1.79818 -4.08308 -8.73275 124.285 216.522 -13.6723
-1.50069 13.77 4.64432 -204.729 -14.917 6.64085
2.23377 -11.9912 -11.6531 166.22 45.722 -22.3989
2.35829 -17.0938 1.29179 172.927 9.37288 1.54611
-0.580764 6.66197 -2.73298 -121.998 -238.782 -8.61791
2.60508 -7.08976 -1.71108 190.696 130.084 -5.17272
-1.23021 15.2263 -1.0315 -196.207 -10.3042 -4.6636
2.54267 -7.06237 11.2801 178.554 128.16 26.0499
1.69641 -6.93058 -5.29854 93.9245 245.558 -32.8307
0.176514 8.30145 -2.22776 -64.215 78.387 77.043
-1.44264 2.81021 6.998 -225.418 -177.891 82.3157
-1.26976 6.29512 0.496345 -208.742 -189.545 30.001
-1.44743 8.14358 1.24247 -244.095 -109.437 0.862634
-0.714622 8.54814 -6.71573 -172.816 -691.261 521.84
3.04394 -6.68236 -4.01611 200.405 163.069 -7.08619
1.32237 -2.63595 -7.26876 29.3899 256.405 -7.07679
3.17525 -16.0831 4.88195 209.446 88.1466 -12.6103
-0.988704 5.38086 -2.57803 -204.481 -155.18 -16.2141
3.56441 -2.10412 -5.35176 246.756 82.4815 19.2197
-1.02527 5.30676 -4.24754 -209.235 -199.822 -0.544422
-0.940906 3.74411 -7.6447 -205.88 -210.928 -38.4965
-0.940745 5.21644 -4.47954 -207.017 -157.668 -20.1804
2.73399 -5.11168 11.7757 157.976 153.163 28.8823
3.25516 2.03701 8.9416 209.394 301.495 95.2365
2.30463 -4.11896 -7.74798 113.689 194.821 -12.0663
-0.672385 8.05073 -8.40687 -183.515 -170.386 -18.2008
1.02663 -2.43114 -0.94365 -15.6358 253.212 -15.5562
1.29302 -2.69339 0.611278 9.73069 269.909 8.23969
-0.734396 4.64219 10.0589 -194.146 -148.612 9.72744
2.5152 -4.26971 -2.09264 121.215 254.989 2.39682
3.11918 -6.56932 5.92767 177.312 165.802 14.5697
2.13019 -3.31027 2.83353 79.0028 229.129 5.84826
-0.940139 20.8238 7.06747 -227.128 -174.092 -5.87525
-0.612897 10.8372 10.4393 -198.022 -27.1756 22.3603
-0.116373 9.11295 -15.3955 -150.326 -13.378 -32.9588
3.31313 -7.77008 5.30488 188.941 149.975 11.5924
3.13592 -6.1344 -3.31951 169.905 158.889 -4.13695
-0.913356 6.03875 -5.63203 -235.539 -158.54 3.75625
-0.207342 14.6329 -8.68623 -166.354 7.27612 -23.2935
0.309653 -0.886725 3.5178 -121.706 -214.975 7.53465
-0.748841 7.83645 -7.41637 -227.557 -87.7778 -7.83755
3.46604 -8.89067 10.564 190.19 110.125 54.7525
3.9397 -5.49973 0.644383 235.603 146.374 4.15108
-0.0524453 6.67482 -1.34217 -165.807 -55.2592 169.88
-0.315425 4.77195 9.63866 -192.71 -124.18 31.4868
-0.840884 -3.39547 2.22756 -245.821 -87.9843 -12.0827
2.16942 -3.5544 -3.13406 50.5977 253.497 -11.6987
0.379082 -10.5789 2.85376 -127.534 -27.5123 48.9289
-0.45326 11.0692 -4.29651 -210.42 -70.312 -11.0128
3.66412 -7.18539 -2.23569 196.83 186.939 -7.90816
-0.350641 8.2552 7.84092 -201.987 -59.6919 13.2236
3.73159 -8.96999 7.85731 197.76 109.018 -28.6137
-0.276963 4.40536 1.23186 -200.78 -155.28 -8.4307
3.37967 -5.70774 -5.89613 162.097 207.829 0.415015
0.582349 3.36206 3.06197 -116.556 -284.279 -49.0982
-0.532676 9.96457 5.82271 -227.729 -50.7607 19.9478
3.67659 -8.44478 2.5151 188.33 123.841 3.36615
-0.338974 7.60151 -7.0507 -213.878 -68.6184 -11.2606
3.63153 -14.8936 7.04287 178.467 34.9969 14.7026
1.28215 -2.3637 -9.73348 -58.404 253.676 -31.5269
0.113921 3.43652 2.32951 -177.005 -173.163 11.5231
0.211746 3.34425 -2.66835 -169.701 -224.941 1.25472
2.37123 -3.02793 -1.96146 44.0944 247.644 11.6475
0.261678 14.3633 -2.12035 -165.577 11.146 81.9071
0.18736 15.9488 2.08066 -173.471 5.07153 11.3544
0.363624 7.84743 -17.0117 -158.693 -152.687 -26.2666
0.23372 14.3386 -9.69534 -178.404 13.1408 -19.9631
0.667129 -2.22526 6.71567 -137.408 -508.71 145.682
0.241069 6.56662 -1.00707 -181.829 -140.591 91.3643
-0.032961 11.9773 -6.2616 -209.87 -9.77748 -15.4921
0.486204 4.54835 4.87479 -158.881 -156.243 -6.92665
-0.0747265 4.82588 6.83431 -215.374 -131.608 18.6943
0.299264 18.2761 6.57221 -178.39 -39.2317 18.0816
3.98124 -7.02388 -0.153987 183.467 169.516 2.41122
-0.187472 8.30711 7.13902 -231.78 -71.0039 11.4322
0.2213 4.31578 8.48834 -199.961 -124.887 16.5207
2.78979 -9.62929 -7.35281 54.4195 125.6 -110.73
2.77223 -3.48483 -1.01213 52.2337 294.037 16.4632
3.01192 -3.651 -2.59636 75.5015 270.761 -0.0871558
4.35888 -3.54372 6.96062 207.732 119.821 19.8911
3.47977 -2.81803 6.35709 118.61 198.501 11.3446
2.80215 -2.91508 -2.01424 50.0144 245.02 -9.31786
0.123562 4.23111 -0.653758 -217.352 -169.876 -13.1683
4.18576 -9.53254 -9.76029 184.458 101.547 18.6722
4.23597 -9.9856 -4.09548 185.699 110.382 -18.6886
3.16904 6.6346 -10.5936 78.2523 154.521 55.4519
4.37257 -10.3836 2.54077 191.958 116.277 0.603144
0.156603 5.90702 -1.09779 -229.868 -93.5492 4.99509
2.55549 -2.79161 5.3189 7.7227 274.646 4.7131
0.337213 6.06892 -7.84169 -213.961 -69.1497 -18.4745
0.00987827 9.04217 4.4651 -250.788 -49.6635 11.2884
0.595669 -1.37978 -2.0464 -194.197 -136.162 34.0823
4.53455 -7.86769 4.1065 196.041 182.868 4.88839
4.21646 -9.27269 10.9421 160.884 93.5731 13.006
2.55701 -2.75635 -4.23298 -6.0503 285.45 -11.6405
1.79567 3.18938 3.33171 -84.0202 267.553 29.2869
0.0541533 9.09483 -3.51249 -260 -65.4074 -37.1204
0.592512 13.0069 -4.06912 -210.386 -1.06076 -13.0624
0.873946 6.42986 -2.19481 -184.287 -137.349 -32.289
0.532289 4.63056 13.2063 -218.373 -77.0494 29.5509
0.406667 4.96228 -6.5401 -232.122 -109.056 -23.6576
4.34217 -6.24455 -8.20541 157.747 197.875 -4.72423
3.70961 -4.34044 -6.94261 94.0573 257.154 -4.48782
0.0940927 0.318485 3.56041 -265.597 99.8462 -5.78463
2.20411 7.69491 0.397677 -63.1793 -20.3857 -164.923
0.889709 11.2832 -9.13332 -194.449 5.47524 -18.8789
1.9492 -7.98989 -3.80753 -90.6619 197.765 -14.6056
0.119795 9.27288 -0.611339 -272.51 -55.1352 1.28458
0.638221 15.2022 12.0056 -225.972 -284.139 -70.3101
0.684999 4.27872 7.12206 -222.327 -88.7289 13.7523
2.12961 -9.07916 -7.07954 -88.3911 -41.8878 19.449
3.17921 -3.10493 2.92865 14.1338 292.671 13.4994
4.85848 -7.41788 -1.29233 180.821 202.555 -15.1475
0.775373 7.39004 10.2403 -226.422 -21.9334 17.4331
0.560821 6.37899 -6.44236 -248.725 -85.5018 -9.53641
2.86018 -2.77071 -2.46424 -21.0412 292.706 -15.7222
1.45906 17.2089 -2.78691 -160.501 36.277 43.0436
0.68613 6.33341 -2.07199 -238.956 -151.329 -20.5031
0.769665 6.01161 6.51011 -232.558 -53.9508 5.86524
4.58221 -6.09042 3.7979 145.88 180.512 1.43387
3.69501 -2.64088 -2.35001 53.4284 255.567 -10.2908
4.89292 -9.11903 9.35247 169.546 126.758 19.6152
4.41874 -12.1671 -4.2568 121.883 149.017 -32.8278
1.07846 -5.02167 -5.82389 -211.799 74.5434 -23.3131
0.863326 2.06592 -3.19011 -236.503 -124.874 -3.52415
1.06413 5.16692 -7.65666 -218.997 -44.6333 -13.8515
2.10913 -1.70685 4.07884 -117.316 215.775 22.2519
4.4791 -5.08012 2.51881 116.739 210.598 21.2668
1.25944 7.77198 9.63716 -204.46 -10.9957 14.5996
3.43235 -2.60343 -4.0262 9.31707 256.751 -13.6851
0.99552 0.133561 3.73442 -234.909 6.50886 125.459
0.926618 4.41677 -6.67839 -242.797 -87.4032 -10.0819
4.55678 -1.48519 0.830914 117.334 292.279 19.0468
1.49557 1.97691 6.80857 -190.287 -138.033 9.61613
3.64675 -2.94978 -1.39766 21.9717 252.146 -12.0627
4.67126 -5.13454 3.40995 122.856 240.841 113.276
5.05211 -7.93273 9.12286 159.832 120.028 19.1025
1.42003 12.2264 -5.44687 -203.354 9.38679 -0.561506
2.08606 -3.29378 8.82066 -143.482 254.505 -37.083
3.93402 -3.32169 4.55153 37.4415 282.447 17.4773
3.28137 4.66346 -0.495773 -27.6571 326.024 -2.46992
1.65401 13.8382 -1.89832 -189.848 23.2861 1.89575
1.20737 9.49453 4.08141 -237.088 -12.8729 -0.209568
5.41157 -7.45162 -6.42324 179.491 191.399 -8.61825
0.977214 6.11172 -1.39621 -264.087 -59.6785 -0.355133
4.47572 -3.84444 -6.74712 82.0534 222.801 -13.4168
5.6701 -9.02102 -2.63688 199.339 152.602 -4.34555
1.25601 3.92827 4.03481 -241.296 -88.0553 11.4452
5.27515 -14.2836 8.28084 157.853 34.8605 17.5857
1.49821 11.2951 1.22295 -219.574 6.30789 13.6731
1.59966 10.4449 5.12282 -215.903 1.78332 9.72248
0.614839 7.18499 0.301774 -315.703 -180.456 -208.489
1.95281 13.7888 -5.31608 -183.269 25.8136 -16.299
1.18714 3.18159 -5.21336 -260.157 -28.8152 -20.3895
1.27581 4.83531 0.805072 -256.031 -88.2906 -1.64521
2.85182 -1.85081 3.52962 -100.236 263.349 9.49127
1.54093 6.41813 6.51776 -232.904 -9.07846 21.161
1.96194 12.675 -5.34172 -193.26 23.4721 -16.6506
3.18032 -1.87884 9.70959 -76.2235 256.268 18.503
5.03536 -4.75482 -3.64305 103.822 216.783 -6.48822
1.44425 3.66829 -4.52508 -253.678 -93.5995 -5.58978
3.28201 -2.05932 -1.63689 -73.1385 254.537 -45.6055
4.56173 -3.66203 4.48996 53.7375 280.171 26.6949
3.52722 -1.73292 8.92596 -51.2377 243.703 6.50764
5.54615 -6.03922 -4.8424 145.391 234.415 -11.117
1.79524 2.10428 1.01177 -228.039 -86.9318 5.20105
1.75303 7.63725 -7.14985 -233.688 -3.76033 -13.0344
1.47114 6.2871 4.25905 -263.189 -30.3099 4.8798
1.67146 8.20113 -8.24847 -244.754 -15.4217 -22.3078
5.39698 -3.45692 0.654967 121.383 290.633 100.977
2.02592 8.96441 8.28689 -219.741 12.7682 23.2789
1.90581 5.28643 -2.09039 -231.896 -106.214 1.65137
4.71591 -3.07248 6.34123 46.6129 233.39 27.4695
2.29551 4.62933 14.02 -194.771 26.9343 26.3436
5.03891 -1.72986 -5.10101 75.7501 215.714 37.0294
1.91279 2.79927 -0.179794 -235.826 -118.673 1.15212
6.11691 -10.3698 5.7883 174.998 126.961 12.4647
2.15266 9.25444 6.93576 -227.136 12.8933 9.67567
1.81425 2.97457 -7.80124 -262.513 -98.7638 -12.0455
3.2599 -1.0885 -5.88861 -118.929 224.1 2.66653
1.9858 6.36472 -7.00951 -247.717 -7.48685 -12.6704
2.14777 2.53925 5.89443 -236.186 -25.8258 6.30171
4.22586 -2.05554 2.70482 -29.8086 213.313 -88.8907
2.10328 -0.815436 -2.55133 -250.532 -2.95924 -55.0834
4.61415 -2.59749 6.22545 -1.60481 277.717 9.47252
1.94775 8.50982 -4.02595 -266.675 21.0753 -35.5957
6.54509 -9.96579 6.84804 188.184 138.97 14.658
3.83841 -1.83766 -1.30605 -80.7533 274.774 -3.7158
2.63197 9.74606 -8.77913 -201.037 34.0584 -23.6667
2.57981 -1.27964 5.52977 -208.848 183.888 19.6929
2.56865 7.89728 -3.55316 -210.328 106.909 -7.79133
4.13442 10.4782 17.6753 -57.078 45.8958 32.2199
3.93163 -1.5271 4.03432 -77.336 288.309 92.5325
2.16674 7.25513 -0.869686 -253.372 -4.40384 11.2365
3.93852 -4.49778 10.7441 -79.17 245.114 14.6258
2.49985 -0.636418 -8.43916 -222.558 114.597 -27.8503
2.1864 4.82947 -0.68263 -253.721 -11.0897 0.0858701
5.34655 -13.4209 1.77351 53.1555 -45.494 21.8734
2.83537 -0.434826 6.7281 -197.276 155.682 17.7208
6.54998 -8.43709 -0.601819 170.298 166.023 -16.3486
2.89137 8.60614 -9.07855 -197.56 35.2821 -20.1323
4.09066 -2.1936 4.22605 -79.0292 217.859 7.93932
4.29193 -2.14091 -0.207367 -59.2204 285.048 3.35753
2.37098 7.13298 -0.785882 -250.953 8.02947 -6.29581
6.38777 0.0859657 2.04287 147.661 310.07 50.0786
3.82334 18.3711 -3.90241 -108.966 47.2476 -8.92408
2.95431 13.3629 -1.03357 -198.054 41.1662 -8.02638
2.54811 7.20563 -0.0436233 -240.286 12.1996 0.254884
2.57934 7.97963 2.50475 -238.835 33.1494 -2.07985
5.99405 -5.01534 -3.32421 99.6237 221.536 -11.996
2.20698 6.11192 -11.4521 -277.319 221.197 -134.43
5.82756 -11.2106 6.99505 79.0574 175.177 6.15241
4.56808 -1.41273 8.02337 -46.7064 234.012 5.17121
5.77994 -3.81531 -2.26979 69.4353 223.852 -0.290264
3.24646 -0.50052 5.2609 -182.642 189.451 0.139132
6.46453 -11.3677 1.57743 136.847 168.282 -6.1644
2.50842 7.32177 2.64359 -257.742 6.90469 -25.0522
3.03322 -0.312174 0.952393 -206.148 159.217 -31.6298
6.32907 -5.39249 2.11298 118.013 243.499 5.18755
6.82972 -11.5295 2.72948 167.085 116.139 6.2675
3.11732 1.06843 -2.7712 -202.379 137.476 19.2241
6.12944 -4.41472 -1.83443 93.8849 248.649 -4.01629
2.70856 4.01532 -9.21749 -252.728 49.3079 18.2465
6.01364 -2.82702 -6.39817 74.7538 240.399 -30.6488
2.64591 2.45029 -6.86266 -262.731 -7.20555 -6.70896
6.36141 -3.81092 2.12499 102.662 348.599 -143.411
2.91949 3.63119 1.93836 -242.448 29.2535 1.60146
2.61979 4.87697 0.285265 -276.468 -2.94614 8.02365
3.31631 7.49991 -10.9773 -207.53 42.5571 -13.9578
2.91741 7.58269 -5.58964 -247.496 24.2502 -29.0938
7.04642 -10.7182 -4.87892 162.292 113.02 -9.05561
4.44058 -0.666344 -6.1096 -96.8414 223.195 -6.59884
3.4753 12.9369 -3.13994 -194.374 43.8112 -8.17425
2.69835 -4.23187 -4.35828 -273.584 32.2287 -15.3627
6.78856 -6.56878 3.41728 130.931 227.177 24.5093
3.15805 -0.584422 -2.37772 -230.308 172.646 -4.45911
6.0107 -0.143788 -10.1413 51.8516 39.6919 98.8817
6.57348 -13.4855 1.74059 106.64 59.0739 88.0986
2.88707 5.1792 5.02529 -260.753 33.9783 7.63905
2.7012 1.13769 -1.46199 -279.422 -42.0471 7.27226
3.69795 0.0695487 3.07722 -180.42 253.806 113.342
3.76301 3.18781 -15.0252 -174.878 99.3019 -38.9326
3.45471 7.96994 -9.85284 -205.549 48.151 -21.7947
3.33524 1.32182 6.04628 -218.221 117.181 1.39937
6.11394 -3.7621 -0.941594 57.6372 248.769 -7.27582
5.91101 -3.9491 -7.321 37.2661 240.532 -7.55658
3.25473 5.53557 4.48047 -227.987 -113.252 10.7993
2.72434 6.89983 -1.00476 -283.279 6.7454 -7.34508
6.27451 -4.39212 2.8981 66.2615 123.391 149.841
5.78554 -2.20618 8.8109 17.6447 227.664 23.6228
3.20324 10.4095 -0.285171 -238.976 -28.9203 1.1015
5.79826 -2.44826 -10.5216 18.1309 245.017 -14.7891
3.47198 10.2936 1.94682 -220.161 43.8918 5.05906
2.99934 4.29441 -8.03794 -268.336 32.8898 -18.6964
2.94367 5.48033 -1.73331 -277.031 8.83341 74.9965
3.15636 2.56948 -1.64944 -257.011 105.18 -13.926
4.93757 -0.504717 2.52712 -81.7979 230.155 7.15382
3.18963 5.14228 1.39126 -255.913 -24.4588 -5.61672
4.4219 -8.55759 6.28566 -137.023 -31.0965 -24.9117
3.97846 13.7354 -0.259365 -181.433 54.2538 -8.33442
3.43311 3.53814 -7.80156 -237.064 77.3934 -26.1783
3.37023 4.80711 -1.70497 -244.529 61.5204 0.257281
3.93292 6.67413 -12.6987 -189.281 70.2227 -34.0118
7.6335 -3.09909 -2.46965 170.703 493.389 -201.585
4.93762 -1.19031 -0.310299 -97.4829 175.22 -99.3136
3.77528 5.80387 5.78291 -213.318 75.3064 2.12469
5.95117 -2.1992 -1.89108 2.11464 251.7 -6.55707
3.14329 6.74686 0.665367 -276.813 38.5954 -1.27969
3.20663 5.89637 0.499204 -271.55 36.4315 -1.56629
3.39253 5.114 4.07317 -253.879 -9.26388 36.5657
6.18851 -2.88332 -5.9415 19.3526 261.019 -5.15116
3.31133 4.90992 7.48633 -270.045 34.3338 12.4931
3.64408 5.36543 2.58766 -237.553 70.0552 6.94192
3.65348 2.42459 1.91677 -243.028 84.6863 -10.4954
3.89208 -0.0945522 -3.31449 -221.01 199.164 2.50466
7.44632 1.02084 -6.04146 127.737 400.367 -95.2107
3.4247 4.62362 -0.700401 -271.948 50.0162 32.057
3.65255 0.966129 4.24135 -250.4 130.588 8.20298
4.26565 13.1638 -3.95346 -191.067 67.661 -5.02082
3.16791 1.52153 1.49285 -300.529 30.191 0.164235
3.5757 6.72881 -2.71907 -261.466 40.9645 -4.11234
6.40519 -2.41544 -6.04884 19.4301 248.135 -5.71899
7.35027 -5.89844 7.98864 105.832 174.766 29.7552
4.52086 12.2799 7.26719 -176.983 63.0837 17.339
3.77252 5.75417 7.12993 -251.953 65.1234 18.1404
5.2379 0.329663 12.2733 -107.385 208.24 14.5159
6.55359 -2.71391 -1.65324 20.8199 288.932 4.17727
3.8947 4.69395 6.58311 -244.125 82.0187 2.39808
4.43982 0.953328 -2.76525 -191.797 181.536 -38.0146
4.78694 0.149461 -3.68813 -161.393 238.493 -5.79833
4.38546 1.10049 -5.78869 -201.727 172.08 0.923347
4.27414 9.11914 -5.13927 -218.75 119.379 -26.9161
3.83755 3.43316 -6.49634 -262.949 84.8735 -24.7025
7.57463 6.16549 -8.94849 107.043 500.444 -47.1037
3.9462 0.883863 1.35399 -256.62 155.787 -3.18908
4.44577 11.4631 -0.0887552 -207.653 67.7391 2.99761
5.26599 0.113784 -3.16992 -126.182 226.428 -8.27762
4.17516 8.5045 0.26829 -238.112 67.9638 4.1541
4.00333 5.60688 0.208978 -257.099 65.9847 4.30821
6.12275 -4.21658 -5.60276 -46.7725 63.092 139.028
5.07454 1.22318 0.0129029 -151.49 199.303 0.343959
6.39676 -1.0471 -8.74047 -20.4148 215.522 -4.51323
5.00395 -0.868108 -6.10964 -160.24 -66.2783 86.8268
7.48889 -2.58153 3.90763 85.6982 218.037 8.17593
4.43318 5.15044 2.08428 -219.166 74.545 44.3542
6.68718 -2.28864 -0.0925656 3.16483 262.689 -3.06135
4.65647 2.65428 4.4378 -200 72.6302 88.0732
4.94796 16.0426 -0.194838 -174.406 74.5748 10.8244
6.15469 3.09393 -3.30717 -56.95 227 14.4625
4.69093 10.1578 -3.81499 -203.344 86.1409 12.4254
5.72889 0.553783 5.98319 -102.19 206.167 25.1733
7.67257 2.10929 11.08 89.9767 254.226 30.4471
4.90266 0.974607 3.17232 -186.102 193.652 -10.2757
6.53707 -1.2801 -5.7067 -24.2822 225.257 -12.2973
4.42281 2.08556 -0.727417 -239.107 148.566 -7.00378
4.55348 3.27892 -3.13861 -226.702 126.681 -17.5893
5.31223 1.17987 -9.50454 -154.889 206.264 -20.0929
4.33616 5.57051 1.39664 -254.806 87.1135 -8.52675
4.28238 5.35222 -1.48073 -260.405 88.2565 -14.5478
4.73645 1.53074 5.8156 -217.023 252.552 -135.861
6.09598 -0.297372 -0.954509 -85.182 247.475 -2.23428
4.61059 4.71548 2.84463 -234.353 100.783 -5.56494
4.96215 8.28047 4.79652 -199.815 80.6828 18.593
4.73004 7.34339 -3.04766 -223.276 81.8232 -16.1398
4.82496 8.49597 7.68355 -216.195 86.0314 25.0843
4.83679 9.00379 9.8338 -215.437 82.9649 10.086
5.08189 8.32318 5.40812 -192.921 88.2389 7.81229
8.58424 -8.21202 -5.32116 152.968 174.837 -16.9223
5.22142 -3.23937 1.59547 -182.808 43.7379 -73.9867
4.26928 4.11331 -0.324187 -279.443 91.2423 -13.0403
5.4403 0.234357 3.35362 -163.315 234.236 20.8158
5.21651 4.12052 -7.04421 -193.001 126.745 -18.709
8.29869 -6.86429 4.67801 111.599 180.737 23.6799
4.98892 3.6991 8.8755 -217.557 135.528 8.74923
4.59148 4.0653 -1.13737 -259.122 110.071 -15.8945
4.90941 2.43387 -6.73647 -227.578 163.438 -9.17512
6.17733 0.798635 -2.93898 -103.217 210.138 7.45851
4.96997 8.68605 6.58219 -224.078 84.8923 3.16555
6.11972 6.50269 16.019 -110.309 94.942 34.4615
5.96454 9.47015 4.20427 -130.699 221.716 22.2302
7.13867 -1.52958 -4.72397 -17.6721 241.762 -22.1511
4.86798 3.91988 3.20545 -248.242 129.489 -4.15196
6.17314 0.424532 -6.78471 -119.6 238.914 1.61955
6.27423 0.990899 4.80646 -110.152 205.033 7.95369
5.27475 9.8164 5.10385 -210.923 87.353 19.7116
4.8485 8.76326 2.34494 -254.413 83.1697 11.2028
8.66539 -9.17369 -12.997 123.934 95.7254 -22.4925
5.24746 -1.28557 -3.5154 -216.407 131.719 -10.7631
6.16587 -0.199846 -5.05087 -127.264 251.454 5.98972
5.69154 11.6957 -9.70825 -174.534 299.247 -95.1807
6.30378 0.28727 -3.5478 -116.331 250.263 -11.7667
6.08939 2.13845 -9.64437 -139.504 191.17 -20.2918
5.70418 2.60392 -8.02033 -185.729 177.027 -8.22391
8.65847 -5.96976 3.04088 106.62 223.953 0.701462
5.12026 4.14467 6.06785 -244.925 135.719 11.8783
8.48158 -10.8254 8.02741 88.529 194.663 23.3149
7.0774 7.95818 -0.437882 -51.16 128.69 124.233
5.34455 1.85368 -2.1761 -224.94 191.435 1.7455
5.98558 3.15805 8.08041 -162.515 166.536 23.3002
5.47258 7.47999 2.10263 -216.396 145.936 -1.78883
7.26798 0.11597 14.3466 -38.4123 197.03 36.8185
5.44969 4.86812 3.37564 -223.951 127.035 6.49121
7.942 -2.97317 -0.365732 23.3307 278.319 6.50393
7.43815 -1.51785 8.11336 -27.1453 253.238 15.3846
5.55528 2.85572 0.394007 -214.269 94.8723 -6.0406
5.72023 5.17766 -0.662424 -201.108 134.18 -6.08234
7.16011 -0.413842 7.86725 -59.8374 232.822 14.9023
5.44142 5.37213 -3.27112 -238.723 128.466 -16.8294
5.37163 7.06929 4.1144 -247.54 105.149 4.37959
7.42891 -1.05427 0.262502 -44.8556 251.264 -11.1967
7.8192 -1.48852 0.535903 -6.12631 240.221 -7.68667
6.13398 4.42353 -4.64015 -174.052 145.789 -9.07591
7.78709 -1.2848 -7.92292 -12.2251 210.577 -26.9454
5.99012 7.40587 3.741 -195.942 120.787 -2.42516
8.12207 -2.26785 -3.79941 8.56089 256.648 -0.443176
8.17279 -9.73815 2.35516 13.4945 206.763 21.1479
5.77851 8.79488 8.44994 -227.044 64.0407 -238.442
6.89448 0.720518 3.40779 -116.196 235.987 21.8856
5.97815 9.43001 6.24911 -210.234 103.351 1.29356
6.50821 1.02123 0.416926 -159.325 233.346 14.7629
8.79328 1.3634 9.7695 66.5421 18.0619 -78.3082
6.17257 5.71189 6.44628 -196.113 132.875 8.30084
6.10108 3.5842 -1.83034 -206.948 176.286 0.849822
6.66755 2.56807 3.79058 -153.914 190.484 1.89078
6.38994 5.46019 -6.61889 -183.759 142.252 -9.69011
6.37384 4.8147 5.13754 -185.556 142.132 13.9784
5.9832 5.03379 0.53641 -224.748 147.96 -4.21215
6.91853 1.13961 -6.46588 -134.102 194.507 19.5982
9.0615 -4.34015 -2.20801 72.7275 209.561 -0.410346
8.74275 -3.33635 2.21183 40.8496 221.134 11.0085
6.61215 3.38301 -5.5999 -170.932 175.869 -3.81262
7.64264 1.03294 12.5548 -72.7882 202.062 35.9303
7.56445 0.0174872 -8.60509 -81.3242 245.802 -17.6127
6.87456 13.458 -2.37969 -156.064 81.2116 -14.5205
8.24619 -0.945171 4.54548 -22.0508 233.265 8.28788
6.53752 13.91 -10.2166 -202.43 107.06 -30.8576
6.0328 3.69199 5.37624 -258.183 48.9797 66.4772
9.73751 -6.52499 1.98491 109.754 204.717 4.79522
6.48409 4.23168 4.12626 -213.622 173.277 -30.6615
6.94158 8.02067 -5.22358 -168.877 122.562 -14.5871
6.47811 6.61745 0.896857 -216.637 142.563 -7.37452
7.17179 1.54354 -4.90637 -152.604 227.17 3.62545
9.05694 -3.5069 0.114551 33.4568 261.746 -9.4068
6.70992 4.79569 -5.5037 -209.232 158.354 -6.9676
7.0513 12.6498 -8.2173 -177.536 94.9148 -30.3933
7.735 2.28032 -1.57182 -110.405 226.315 -14.012
7.57806 1.63391 1.53299 -126.058 252.015 -9.09133
7.34042 -6.48963 2.14828 -151.65 51.6727 66.3329
7.11872 13.3111 1.28553 -176.393 99.1751 -7.08587
6.75639 7.46457 -1.11853 -212.975 128.088 -2.5337
9.3401 -2.55568 -11.7721 37.5892 179.026 -18.3636
6.56285 5.59415 1.24862 -248.811 112.495 -11.3468
7.32302 -0.517383 -11.0229 -177.563 106.422 -27.8597
7.74149 2.38241 0.123259 -144.702 219.792 13.1917
10.5885 -8.49967 -0.606648 135.747 193.137 -2.39757
8.0411 2.64355 -3.63997 -124.437 193.939 4.03774
10.4397 -7.25014 10.104 107.252 143.862 19.4261
10.6263 -7.6022 4.69644 125.629 176.219 8.36906
8.06135 5.13967 1.30233 -141.14 169.494 -30.8697
10.2861 -4.75648 -1.11187 73.6901 223.492 6.70666
7.99519 4.77625 2.9866 -154.513 181.352 -3.40802
9.80292 -0.984527 -9.97477 -5.84874 193.416 -30.1524
9.37412 -9.08284 -12.3947 -67.4157 205.961 -24.8694
10.7897 -4.84874 10.4085 71.563 189.961 24.6121
9.48445 1.29821 11.7064 -59.1734 199.799 25.3039
11.5771 -5.28836 4.09774 147.999 181.976 -1.36141
11.2589 -9.42104 -11.7567 107.41 100.77 -16.9392
8.56788 5.47457 -1.82347 -168.074 192.915 -5.7117
9.33855 2.24452 1.6801 -92.1056 238.445 4.70594
8.36754 7.89731 1.44162 -192.789 174.396 -18.7044
8.75225 9.71804 6.25771 -154.831 134.668 15.7532
8.54167 12.1772 -4.37657 -178.188 121.991 -9.04468
9.73126 12.5767 -0.591647 -67.3092 243.04 -3.59632
8.79488 8.99216 1.73134 -160.42 136.998 6.7574
8.5321 9.15625 5.95016 -189.467 138.692 7.3459
9.61906 3.06307 3.37625 -124.312 228.849 -1.69407
11.2114 -10.4401 7.81809 25.6881 471.56 -88.3974
9.57321 5.49144 -2.19516 -139.424 204.206 -4.10123
10.6292 -0.0856366 -4.96411 -38.5037 249.41 -15.024
11.239 -0.670812 -12.3572 6.04897 182.871 -31.4944
11.4371 7.3492 0.465355 19.3332 -0.930889 106.729
11.1641 -0.122973 -9.75436 -9.50996 208.746 -7.06975
12.0409 3.9934 -4.82284 60.4127 360.853 -94.7076
10.1784 6.84631 -7.24705 -144.059 174.706 -28.552
11.9765 -2.13898 -7.94249 28.9548 183.97 -11.1741
10.4209 7.4796 -4.93667 -128.266 161.006 -22.6063
10.3579 7.04056 -8.10218 -138.947 169.717 17.7199
10.985 -0.471787 25.669 -82.0988 196.634 -84.463
12.1524 -2.8166 2.90478 30.386 224.269 11.6964
12.2294 -2.431 -6.41414 30.6982 231.06 -6.88739
12.1258 -1.05386 -4.42482 2.80157 238.104 -17.5682
11.3717 3.36093 -1.28567 -84.0487 213.682 -6.42516
12.7656 -3.44965 -3.21094 48.1998 213.684 -0.101845
12.7543 -3.40362 7.26041 37.7738 207.016 6.92945
11.5778 9.23576 15.8414 -86.0254 270.084 62.0802
11.239 5.43817 -2.47599 -126.506 210.958 7.06429
12.2288 0.895936 -6.19996 -30.6483 206.799 -4.15742
12.7936 -7.74448 -0.0913441 17.6243 228.259 -7.57057
12.985 3.31891 -1.4256 22.0277 263.706 23.1346
12.0476 4.64677 4.37059 -81.9499 184.937 7.30849
12.5354 2.87022 1.79418 -73.6476 230.022 15.5933
12.231 5.38273 -0.0687217 -104.537 184.05 10.2908
13.8797 -1.6248 -5.39696 33.1586 199.576 -5.68536
13.0787 3.24362 1.8944 -54.2744 211.646 3.54797
13.9194 15.6004 -4.09826 -13.2608 62.5562 -12.4902
14.8466 -1.24917 -9.80136 23.2278 169.644 -21.5573
16.1894 -11.2884 3.42194 84.6331 74.3056 8.55648
15.746 -4.83961 -4.15776 -1.89551 266.897 -5.62682
16.2007 -4.98804 0.989226 -56.5502 272.347 -63.0351
nan nan nan nan nan nan
13.1555 0.663159 2.1107 -21.9108 206.272 -5.23937
13.4226 1.78552 4.92072 -38.2468 208.915 9.08928
