-17.4926 4.26537 7.6705 83.1456 -278.492 -51.2165
-17.31 -5.61307 3.25425 79.6672 -72.067 2.8733
-16.3572 -2.6316 -9.98296 84.8971 -84.5265 57.5308
-15.6298 9.06792 0.106749 23.3511 -311.608 4.61672
-14.8659 13.8604 1.27451 70.5215 -89.0026 -7.22229
-15.3538 0.464579 3.32964 -5.81258 -211.982 -6.51191
-14.538 2.15315 5.8781 51.9871 -235.563 -37.767
-13.8924 -2.15256 4.36005 39.0719 -195.52 -27.9937
-14.2565 8.38332 -5.23384 -25.3219 -162.968 51.8215
-13.7079 -6.8836 0.624995 4.80642 -91.3001 11.7452
-13.3095 -11.7806 1.8258 29.5202 -240.702 63.6118
-14.5432 -9.69361 9.07109 -101.374 -217.275 -27.6977
-14.383 -8.60317 -0.716994 -101.848 -136.756 0.356627
-13.1817 -2.85013 -1.61375 -0.876831 -237.045 18.06
-13.9676 4.87056 1.57988 -82.0994 -202.547 -2.86225
-12.581 -4.29035 -3.6987 37.6212 -210.41 18.066
-13.1496 4.65756 7.93016 -33.8831 -170.204 -33.8143
-13.0977 -2.88163 8.18763 -35.5154 -171.039 -54.1212
-13.3273 0.335421 5.46173 -79.2601 -156.333 -25.7388
-12.4222 3.116 -12.5987 -3.90413 -143.65 64.0329
-12.4187 -1.98989 -3.20335 -14.6733 -230.698 24.552
-12.4335 0.272338 8.24436 -17.1014 -179.267 -39.4889
-11.1822 -10.0636 4.54191 105.998 -88.5878 -82.1373
-11.0241 -8.13307 -0.997384 107.472 -170.541 11.0325
-12.9183 3.16485 -3.10384 -81.4664 -194.496 11.059
-11.2675 -4.53429 -8.27269 54.3053 -178.294 53.6501
-11.4999 -3.00797 -2.48675 19.3306 -206.841 -4.80543
-13.7911 2.52226 2.021 -208.738 -143.945 -13.3509
-12.7457 0.528901 -8.21239 -112.927 -185.629 -32.2926
-12.3538 -3.19695 -10.8325 -84.9431 -153.667 68.229
-11.9583 9.56066 -7.26376 -51.2618 -19.473 8.46303
-11.9974 -3.10885 2.05809 -56.2784 -237.862 -32.9297
-10.5269 -7.02158 7.88039 84.853 -181.033 -47.2751
-10.7875 -4.97868 9.56426 50.7358 -198.717 -44.2536
-10.4178 -6.58841 -0.287219 84.6027 -214.437 2.43843
-12.412 6.13965 5.33345 -114.339 -184.086 -39.5112
-12.2965 5.02024 1.18105 -113.758 -197.742 1.97054
-11.7762 -5.61057 0.978197 -63.9905 -229.841 -3.51509
-11.6129 -0.135973 4.56689 -50.1233 -198.201 -34.3299
-11.7235 -0.804722 -3.09732 -65.3046 -240.733 -6.1948
-11.8889 2.9515 1.14267 -111.297 -199.955 -8.78532
-10.5026 -12.9079 -9.51414 24.5231 -260.161 -35.6194
-9.532 -9.28532 -5.92956 116.818 -145.329 36.7371
-12.2052 5.26481 -0.883501 -149.856 -188.913 0.311745
-10.5792 -3.5977 -3.1081 2.05867 -219.047 19.6581
-11.2628 -1.03355 -1.50718 -66.1667 -217.751 -1.80421
-9.23558 -7.63127 5.62885 96.6175 -168.913 -25.7777
-9.55794 -11.1527 -4.31603 61.5712 -194.162 20.2032
-12.0849 8.33491 -5.17008 -189.774 -228.588 -30.0935
-8.54262 -12.6574 -3.61992 153.338 -182.8 19.1643
-9.6359 -10.069 0.662089 37.4795 51.5635 39.6626
-11.0535 3.0231 1.75267 -110.463 -194.691 -12.0879
-10.8861 1.78838 -4.56559 -99.184 -194.348 18.8956
-10.2065 -2.68179 7.11355 -31.8872 -222.187 -21.3056
-9.65867 -7.44997 0.170442 12.9074 -216.837 6.70245
-10.4875 -3.34426 0.996083 -72.0853 -250.654 3.82683
-10.8328 7.19647 -6.17789 -107.982 -249.611 31.6505
-10.7051 1.0725 5.59136 -96.0672 -185.619 -37.1908
-10.711 7.10657 8.25462 -102.852 -202.577 -25.3202
-8.20677 -9.81399 7.72424 134.411 -138.629 -48.9175
-10.6562 0.921138 2.52992 -112.429 -203.391 -20.8806
-8.30545 -8.38492 2.34977 117.019 -172.586 -7.70618
-10.4923 -4.62217 1.30279 -103.161 -201.575 -25.2724
-9.0136 -6.41292 -5.53656 43.0809 -221.836 35.0377
-11.1873 -1.86967 -17.0696 -174.818 -164.584 -5.05552
-8.4389 -3.08893 -5.65681 97.5657 -175.937 -68.5777
-10.9438 3.33143 5.18374 -151.52 -129.782 -27.4269
-9.60781 -0.395823 11.7775 -29.6995 -169.258 -59.2754
-10.0573 0.991905 2.65809 -78.1556 -237.277 -24.7979
-10.1847 3.44226 -10.7705 -91.1314 -171.988 57.6033
-10.4905 1.30171 11.4765 -128.61 -74.5233 -63.7023
-10.372 2.46894 -4.81185 -118.791 -283.689 122.087
-10.4003 14.2739 -1.70963 -124.74 -271.388 7.77039
-9.60231 -1.74153 9.66494 -46.9035 -197.318 -46.3427
-8.98293 -5.12626 3.86161 11.1773 -218.649 -14.6229
-8.75427 -3.41621 2.43689 32.8706 -267.988 -4.91965
-8.63326 -2.21588 6.87228 33.7005 -209.228 43.4345
-9.29197 -4.90372 -6.06769 -32.5612 -246.985 21.0493
-10.3337 9.85719 -1.42284 -136.145 -177.565 81.7845
-10.2206 1.52125 -6.59593 -132.025 -203.942 33.9134
-10.3977 2.31109 5.53603 -154.301 -186.496 -42.2024
-9.61714 -9.07247 14.293 -82.6849 -228.23 -57.3157
-7.46845 -9.65731 1.3794 127.169 -211.137 -1.22712
-8.73667 -15.1346 -2.56464 -0.513797 -415.294 83.7137
-9.29167 9.63968 6.41316 -58.422 -282.266 -43.5221
-7.6282 -1.48895 5.72409 104.916 -506.23 -73.8296
-7.62758 -5.76789 -11.1337 101.576 -171.404 23.9468
-7.17001 -10.1769 -2.69479 146.96 -200.884 13.3429
-7.07558 -4.59873 7.14175 153.028 -117.177 43.8074
-9.05343 -15.2915 8.02901 -45.5739 -338.808 99.6877
-10.5921 -18.9893 8.60809 -203.849 -492.746 44.7747
-9.61727 6.09172 13.7678 -108.637 -259.527 -198.622
-9.95832 7.74062 1.28409 -143.518 -142.778 -5.99269
-10.1494 -6.25085 0.790294 -169.855 -3.17042 28.4318
-9.27346 -0.445756 -10.696 -89.0903 -188.783 64.7014
-7.31515 -7.78425 -3.14829 93.2067 -201.622 23.6895
-8.45421 -7.73086 1.10481 -22.9129 -201.39 -2.60596
-9.10386 -2.79032 0.412302 -90.3276 -229.239 -13.3985
-7.67037 -2.29506 3.62648 50.9317 -240.574 -24.0909
-8.79308 3.03433 8.97295 -60.6967 -207.812 -58.1
-9.86869 5.80954 11.7698 -170.396 -119.174 68.4223
-9.77712 9.4472 1.23103 -163.842 -83.3321 -112.975
-9.62502 -1.03423 -4.5242 -150.909 -219.128 32.5961
-8.08196 -5.85321 4.39123 -0.971008 -260.471 -16.3008
-6.60958 -7.52651 13.185 140.115 -212.371 -70.4525
-6.66513 -8.97004 -2.36903 134.13 -189.949 21.6675
-6.27234 -11.0827 -3.85444 172.683 -120.53 41.1697
-8.26703 -5.77612 1.12153 -26.2402 -272.479 -3.09651
-9.37265 2.36235 6.45673 -136.695 -167.694 -46.0331
-9.50889 -0.31679 -3.52276 -152.51 -210.91 16.6641
-6.74843 -8.55676 6.4217 117.031 -198.264 -29.6121
-9.15577 -2.34957 0.828456 -123.083 -231.425 4.72998
-9.85009 -11.6978 0.188127 -192.155 -422.95 36.8616
-9.16196 -1.87113 9.43495 -124.214 -126.185 -94.4723
-8.25019 -4.125 0.307532 -34.7775 -247.679 8.97331
-6.08736 -11.937 5.30064 180.022 -110.095 -39.565
-7.8977 -4.82836 6.06867 -0.184279 -213.879 -38.0717
-9.18283 -0.468665 1.25051 -130.959 -197.597 -0.212529
-8.66585 3.29538 14.1995 -80.358 -142.943 -76.2724
-9.60785 1.93131 -4.48294 -174.199 -177.768 20.0364
-8.90404 6.34314 3.2673 -104.98 -192.902 -10.7913
-9.60426 0.0424955 -1.95721 -175.972 -37.4422 -64.4461
-8.22172 -1.38378 -13.9175 -42.6361 -174.664 83.4072
-6.72967 4.49022 4.37528 104.42 -168.645 24.7799
-8.1641 -4.55426 -2.80472 -38.827 -243.6 4.01547
-8.53598 -11.2799 -5.67435 -77.3254 -166.521 32.4433
-9.38184 -0.0236032 -4.4911 -161.508 -201.897 25.6474
-9.7912 3.29434 1.11597 -203.211 -152.532 -7.92603
-7.59209 -4.17865 4.77293 9.84703 70.9126 68.3037
-10.4902 -0.0240976 -7.01878 -280.199 -207.901 -184.314
-6.56782 -7.95887 -7.46227 108.992 -170.349 47.3905
-9.08193 4.84053 -4.66363 -147.283 -151.078 27.6506
-6.6687 -7.64334 0.35527 89.9079 -230.123 -0.749607
-8.45949 5.07672 -13.2133 -88.235 -127.36 70.3325
-8.99778 1.31053 -4.4171 -144.773 -166.79 13.8616
-6.83911 -7.10615 -2.38142 67.356 -204.806 9.1568
-8.53708 1.31697 0.74288 -102.447 -212.407 0.878736
-6.50213 -10.6491 2.34883 99.278 -468.254 -134.39
-7.19473 -5.70424 3.00078 29.9254 -217.634 -7.02026
-9.17594 6.80508 -2.86958 -169.681 -121.261 13.1094
-7.68933 -5.00252 3.41812 -22.1008 -245.74 -16.1329
-9.00122 -0.246648 1.74656 -155.485 -198.115 -5.88474
-8.72953 -0.624737 -7.96518 -128.726 -191.51 50.6509
-7.40545 -5.22535 -3.79073 -0.797926 -238.844 28.3254
-8.90266 3.6068 3.27372 -153.249 -329.516 2.65214
-5.40569 -12.9271 -2.17067 193.733 -98.9789 11.4266
-8.32648 -1.17844 -4.31808 -101.438 -193.157 37.887
-9.13465 -3.75779 8.99109 -186.923 -175.097 23.0506
-8.29324 -3.93323 -4.38164 -105.692 -241.816 12.2926
-9.32143 -6.04072 1.52469 -208.958 -53.1719 -26.1212
-8.01059 -3.92376 2.97145 -79.1266 -233.638 -7.59241
-5.86274 -9.19561 5.94886 131.344 -192.787 -24.253
-8.83388 8.92433 -3.76767 -163.805 -162.722 25.4417
-7.82198 -3.37967 7.34662 -68.7178 -212.967 -32.6452
-5.21702 -13.6021 -7.10006 187.886 -63.1551 40.8357
-7.28142 -13.5988 2.42705 -20.9798 -182.884 -11.1283
-8.62736 1.26938 0.230668 -158.336 -159.711 4.24959
-6.56557 -7.33109 -6.05685 46.3455 -257.011 29.027
-9.0256 -0.260323 -4.79082 -199.465 -180.74 42.6281
-9.4141 6.17803 -0.489401 -238.993 -112.965 5.39345
-8.35117 -5.29555 2.39253 -134.267 -157.257 -12.9889
-8.70167 10.0776 1.65317 -170.862 -115.065 -7.13682
-7.80809 -4.96273 4.91026 -85.0082 -254.204 -33.1453
-8.61012 5.08765 8.35343 -165.028 -120.725 -46.8017
-6.71926 -6.35912 -6.44253 21.9704 -297.171 231.018
-5.59576 -4.31426 6.64673 132.46 -219.396 -38.5405
-6.62224 -6.70463 -6.87054 29.2894 -240.829 42.776
-8.40806 -3.44426 -1.35861 -148.501 -184.967 8.52702
-8.59351 10.4783 4.56593 -167.987 -116.345 -23.3004
-9.19509 3.76597 2.90951 -232.772 85.0343 -29.9284
-8.24959 -2.95329 4.51331 -140.6 63.5597 88.3845
-6.62974 -3.33533 1.52669 19.937 -272.753 -1.85634
-8.75521 12.1176 5.97129 -191.928 -297.62 -54.508
-5.46341 -11.0416 -1.86884 132.599 -224.733 -65.5096
-8.46269 11.5131 4.29081 -168.436 -109.234 -26.6416
-9.03448 5.66362 -4.36631 -227.602 -120.698 -7.9026
-6.97651 -5.69318 2.24233 -31.0305 -262.975 -9.40572
-5.99023 -4.45392 -1.26372 66.4353 -252.012 3.41622
-8.40104 -1.11929 1.48171 -173.556 -209.628 22.7514
-8.60301 3.78247 -6.7552 -193.639 -131.458 44.9613
-4.59243 -12.2172 10.0698 202.076 -145.284 -67.2884
-4.72472 -11.3634 1.13401 183.873 -126.998 -17.2845
-6.33209 -11.4697 3.56718 22.4207 -236.443 -10.2334
-8.7514 6.16753 4.29652 -219.242 -106.571 -21.3279
-7.53433 -1.70769 7.9686 -98.8408 -188.253 -36.595
-6.26404 -6.7234 -2.73339 27.104 -248.313 19.9925
-5.21244 -8.90717 0.141997 129.902 -199.707 8.09654
-5.39167 -8.51295 -6.87782 107.705 -192.749 44.2953
-8.42012 6.93532 5.78545 -195.299 -113.974 -23.2444
-8.20461 -2.34203 -3.73109 -175.695 -211.705 29.1975
-4.7568 -17.9018 2.34201 163.914 -128.102 -17.8725
-7.36694 -0.0546845 2.12483 -98.4901 -555.637 -49.5429
-6.55168 -0.461819 -4.80121 -18.3186 -311.283 24.0651
-7.1235 -3.69754 3.89908 -75.7679 -217.786 -13.3236
-4.94947 -9.26506 0.408797 136.463 -217.488 7.32389
-7.73288 13.6877 0.21667 -141.71 -104.593 4.44965
-5.27609 -11.2935 -2.51747 101.703 -167.886 73.7587
-8.05325 -0.948518 -4.61973 -174.347 -174.234 13.6577
-7.92862 12.9469 -1.06437 -162.878 -115.376 3.13039
-8.0066 -0.71792 -2.8194 -171.796 -173.208 3.84009
-8.0137 -4.09562 -8.02566 -173.353 -210.494 19.7625
-8.25992 4.77971 6.63837 -201.251 -120.086 -39.8822
-6.46479 -2.79026 -0.302206 -25.8645 -286.84 48.1951
-5.48607 -7.30443 0.948734 70.1563 -228.78 7.73441
-6.37886 -6.48009 3.89284 -19.1091 -262.324 -27.0895
-5.68674 -7.0932 2.52928 41.0926 -246.829 -18.3504
-4.56341 -9.83459 -1.36165 145.177 -205.642 -0.733151
-8.37055 3.25668 -1.23261 -237.622 -94.8517 9.44359
-8.19786 2.58825 -5.96331 -221.288 -119.287 36.6721
-4.52211 -8.82193 -8.89287 140.042 -142.565 44.4035
-7.74611 7.21778 -4.13956 -180.727 -138.778 20.391
-7.76702 4.24639 -6.55519 -184.548 -113.072 39.4152
-7.35197 -1.71516 -5.3554 -143.54 -177.709 36.7702
-4.4031 -8.80174 10.271 147.451 -113.541 -39.1986
-7.89244 1.89468 -0.784921 -201.984 -123.023 12.0346
-7.42333 -1.13403 9.13065 -164.54 -162.307 -61.7707
-3.75436 -5.19236 -1.17594 199.599 -189.319 -7.96707
-7.45255 8.52173 9.90435 -168.777 -99.4582 -53.3878
-5.58874 -6.42191 -5.77795 15.7799 -228.539 37.977
-7.0464 15.1246 -6.15189 -129.661 -110.985 31.7363
-7.58834 -0.379553 6.62574 -187.701 -148.73 -31.4069
-7.75262 0.527394 -6.54199 -205.7 -129.974 25.014
-8.04982 1.77399 -5.26835 -235.654 -47.4092 18.6014
-7.36185 5.12948 7.31436 -174.074 -109.838 -43.2202
-7.74709 0.249067 -2.52695 -213.625 -176.497 -3.44345
-7.48412 -2.23605 -1.03131 -190.815 -178.019 -6.94112
-3.93509 -1.76851 -4.84651 161.071 -225.183 26.5794
-7.35957 10.1259 -6.01338 -183.183 -92.2184 30.2045
-7.25529 -1.57393 0.782081 -173.534 -166.481 -15.9737
-6.81073 -2.95488 -3.12312 -131.244 -241.061 44.9398
-7.9075 4.43579 3.89259 -240.287 -70.4106 -25.4891
-7.82821 1.14176 0.646114 -232.668 -110.94 -7.06205
-4.45202 -7.75908 1.50011 102.394 -196.914 -2.83756
-7.67111 0.806979 -6.18865 -218.663 -107.24 37.8443
-6.33095 1.22162 6.42994 -88.2952 -184.138 22.8614
-6.9978 1.08422 -7.98281 -155.683 -205.149 42.8241
-6.01039 -5.59165 -1.80617 -61.8974 82.0478 -66.1735
-7.50657 -2.55638 -2.91105 -212.72 -123.565 19.2062
-7.45063 3.36926 5.89429 -208.618 -89.1468 -40.3538
-6.44211 -2.10363 4.24034 -108.708 -174.076 81.0033
-7.00702 -0.167251 9.52341 -166.212 -141.863 -39.8183
-4.57742 -6.88277 10.403 75.0656 -192.779 -51.7143
-4.16437 -8.77712 3.19088 115.165 -235.423 -10.7891
-7.33544 3.36078 8.0362 -201.943 -354.522 -145.318
-6.11926 -5.10827 -2.78367 -82.8225 -240.745 30.7415
-4.21316 -23.1315 -10.2103 105.912 -192.408 12.1422
-7.17895 2.88845 -7.49845 -189.344 -102.83 38.6366
-7.5988 -0.0635816 -4.14988 -231.788 -107.427 26.7271
-6.26429 -5.84522 -1.64757 -101.679 -261.883 14.1146
-7.16257 1.35548 12.5736 -194.562 -99.6854 -66.4334
-7.33535 0.344078 7.64592 -212.25 4.75527 83.5541
-6.66101 -16.6752 12.3588 -146.038 -663.835 502.971
-7.23129 5.69229 9.55832 -203.295 -70.7952 -56.3035
-5.19807 -6.11006 8.14844 -1.95505 -231.929 -53.3391
-5.96243 -4.49479 -2.08023 -78.9833 -542.386 91.0685
-7.16726 0.640026 6.70459 -199.085 -107.435 -37.7361
-7.75799 13.0678 -14.7041 -257.777 150.614 -37.4787
-7.58404 -0.850237 -7.23853 -242.094 -107.094 43.9726
-3.54503 -8.38042 2.56647 158.546 -188.704 -24.6236
-7.61275 8.1732 -4.76179 -246.664 -41.0312 -2.98305
-7.33082 0.357278 3.92594 -219.652 -104.398 -18.1848
-5.63085 -4.41115 9.11442 -51.1988 -214.197 -43.7537
-5.37564 -9.59485 -0.0869988 -26.6688 -255.687 -6.5056
-7.22632 7.84796 3.55957 -215.634 -77.579 -28.6959
-6.79124 -0.59058 7.99533 -176.299 -139.293 -44.8616
-3.16863 -11.032 -0.100573 180.28 -135.005 -10.2444
-2.93023 -8.11639 0.529815 199.486 -175.82 -14.8883
-6.83097 11.3301 -4.01242 -188.003 -91.7932 17.0112
-3.44466 -8.94938 2.25255 147.518 -164.236 -17.8889
-4.39472 -7.09335 -4.56093 49.1531 -237.696 8.72655
-7.72893 2.38429 1.31039 -284.774 15.7556 -10.2855
-6.00718 -4.80156 2.13614 -115.437 -231.938 -23.5741
-7.51404 6.26563 -1.13466 -266.6 -42.3072 0.600107
-7.08852 6.62858 -7.98784 -225.576 -70.7707 38.1282
-5.74455 -1.71215 3.66928 -96.0849 -247.956 -18.7167
-7.39955 -0.47444 -1.02366 -263.067 -44.6943 16.569
-7.36752 4.15925 0.52957 -259.918 -36.6453 5.01929
-6.7196 2.95652 -7.17526 -198.824 -75.1028 41.3842
-4.58571 -7.10892 -2.79465 7.64384 -269.666 22.4717
-4.87243 -5.93942 -1.91234 -23.7204 -244.875 5.44004
-6.78866 5.29192 6.43526 -214.308 -52.7711 -27.0398
-3.21535 -8.44444 12.1012 137.936 -153.196 -72.0823
-7.19812 -2.57263 -4.34548 -257.946 57.7297 17.021
-6.9173 5.30085 -6.56844 -230.361 -51.007 37.8954
-6.95671 6.18669 -0.367559 -236.568 -54.5331 15.8956
-6.95169 3.83328 -0.593575 -237.01 -43.4304 4.8439
-6.91297 -0.816005 -4.15377 -233.643 3.11045 -30.3157
-4.39124 -5.2896 -9.7952 15.1226 -201.753 63.1466
-5.99195 13.0424 -8.40485 -143.934 -95.8669 40.3251
-6.1406 0.827948 2.31124 -160.591 -168.742 86.8819
-6.08322 -3.04528 2.43835 -155.487 -175.341 -6.20351
-6.45564 -1.78482 -5.90403 -192.633 100.228 20.3116
-6.26275 -5.96199 -0.597924 -173.878 -109.358 44.0819
-5.61847 3.26764 -0.654715 -112.683 -217.792 -80.5674
-7.10414 5.09801 1.10483 -262.672 -30.5658 77.6511
-6.63071 6.54312 -6.70381 -216.475 -56.6402 38.5577
-6.02742 12.99 -9.17042 -157.547 -88.6853 50.2852
-2.46819 -11.389 -8.80527 195.853 -102.047 40.5458
-5.0888 -3.36854 12.3177 -66.2943 -176.715 -61.4368
-3.95309 -6.68958 -4.06575 45.3142 -224.383 6.91231
-5.83748 3.90316 4.76095 -144.538 -94.9234 157.841
-5.96962 14.6018 6.37528 -157.992 -161.963 -30.1114
-6.86484 1.88971 -6.23187 -248.094 -23.4149 42.0794
-6.81073 6.63994 1.43526 -242.774 -45.1157 -40.3622
-6.56577 -1.69885 -0.116885 -219.46 -123.268 2.26292
-5.89561 14.1154 2.21497 -152.911 -106.986 -4.61252
-6.36038 10.0916 1.54638 -202.36 -73.3952 3.40591
-6.69372 6.51424 -0.906724 -235.881 -42.8138 -0.0119606
-6.92204 7.24446 0.536789 -263.876 -13.4037 -5.76663
-6.39648 -1.19752 1.06589 -211.833 -90.6733 -2.52282
-6.4346 0.909959 -1.76919 -215.976 -129.755 16.0467
-6.01457 10.052 -8.64137 -176.152 -74.0394 47.3065
-5.74259 -4.93452 -2.28814 -149.787 -219.947 19.7376
-4.26956 -2.84371 -6.79765 -4.17332 -229.307 29.152
-3.73289 -7.90198 -3.4982 48.7726 -269.885 0.652251
-3.05258 -8.87794 -0.398177 113.79 -249.614 9.4453
-6.75175 4.90188 -7.67771 -255.462 -1.25722 39.8136
-6.04111 6.40813 8.93222 -187.483 -63.9046 -54.5662
-6.37295 1.31705 5.37147 -221.415 -40.3094 -35.6712
-6.14351 9.19048 4.81662 -199.861 -71.4098 -27.2912
-2.33444 -10.0531 2.18546 177.494 -123.268 -28.3134
-4.39309 -4.75016 -9.57999 -30.1875 -204.153 55.4138
-6.58501 5.71315 4.65861 -248.051 -6.48707 -28.4307
-5.55492 12.9419 1.00796 -146.532 -90.601 86.3943
-6.68287 6.4256 0.381562 -259.719 -9.35326 -4.85628
-6.46069 5.23146 -7.41814 -239.79 15.0409 80.3398
-5.35261 7.49684 -14.606 -130.563 -75.3547 78.7495
-5.67339 0.821685 -3.04597 -167.161 -164.953 -12.8855
-5.86214 11.0129 -4.77983 -187.639 -77.21 37.5612
-3.84565 -6.50863 4.50674 10.0978 -245.327 -14.1225
-3.04324 -12.928 -1.98663 88.7488 27.9646 39.7043
-4.39282 -4.41868 -9.93586 -45.5401 -172.197 -104.544
-6.53878 5.49024 6.97896 -259.135 -4.29523 -41.3814
-6.05259 8.53815 6.39938 -213.541 -53.3837 -39.9974
-3.08217 -8.34963 2.69793 80.3054 -262.046 -20.5301
-2.08432 -10.0299 -4.18875 178.864 -118.695 22.5903
-6.16632 6.72339 -0.0292209 -227.796 -39.6769 0.527505
-6.50617 5.78782 0.507646 -261.59 11.4103 32.9088
-4.8438 -3.65825 -1.65429 -96.7863 -203.429 -71.3488
-5.90504 8.28031 8.05534 -206.193 -51.4669 -37.548
-6.08833 8.1316 2.11634 -226.746 -26.7753 -19.3158
-5.22535 1.5248 -15.7847 -141.227 -188.261 95.8887
-4.05599 -7.19789 2.39215 -27.6326 -280.979 -4.46409
-4.76896 -2.51851 -2.68947 -102.562 -255.22 11.5611
-6.21896 5.91948 -1.92794 -246.662 73.9698 -0.647426
-2.1937 -9.23108 -12.5128 151.499 -70.2532 70.6256
-6.09541 7.47384 -5.90123 -236.677 -31.7796 13.6232
-5.1248 -1.48261 4.0183 -142.248 -168.321 -40.1087
-6.15151 3.63968 1.01968 -245.934 -57.2995 -14.628
-1.72786 2.04531 -7.28277 191.259 27.7517 -0.915397
-4.46204 7.37723 1.03898 -84.2524 -187.285 -41.5886
-2.3665 -8.113 4.67465 122.408 -192.178 -33.4319
-5.91728 4.19525 1.74994 -232.28 0.198202 -12.1418
-5.33969 -3.09382 6.28614 -176.746 -134.443 -39.1608
-3.50836 -6.57939 2.76715 3.78793 -235.856 -9.1624
-6.0081 7.31144 -2.51993 -253.485 -11.2072 15.4015
-5.58923 3.44669 -8.34809 -211.965 104.596 34.6166
-5.90314 4.14572 4.83693 -245.574 -43.8225 3.50095
-5.18591 12.907 -1.59279 -177.47 -76.323 14.9185
-1.77301 -9.07318 13.5127 159.632 -84.352 -58.3734
-1.25709 -10.9806 2.73642 206.766 -120.278 -24.1696
-2.3397 -7.33908 -6.20538 94.3406 -210.332 40.4485
-1.48622 -15.7474 -0.244707 178.831 21.6695 4.35684
-6.02986 6.78186 -0.738818 -274.04 51.0044 -9.13164
-1.05029 -13.396 1.7461 220.067 -41.8463 -10.9848
-5.83104 5.965 -6.54025 -256.61 50.1899 23.7951
-1.9217 -10.4943 12.3604 129.373 -213.343 22.9059
-5.54802 8.08702 -0.210746 -231.228 -97.9951 2.95485
-1.46995 -1.01653 1.07419 172.671 -112.326 -103.816
-5.59604 6.35001 -1.48104 -237.247 20.1824 12.1358
-5.03595 11.897 -5.24993 -182.603 -68.0342 22.7658
-2.73608 -6.71602 9.11786 44.2053 -233.738 -49.5814
-3.50749 -10.8294 0.297276 -38.6602 -243.028 -9.69147
-5.55438 5.40577 3.9932 -244.35 107.376 -22.4612
-5.10192 10.6361 -3.37739 -201.758 38.2613 18.0133
-5.28475 5.51979 -2.23373 -223.337 154.965 12.7138
-5.5038 7.30354 6.86474 -246.546 16.715 -33.9562
-5.04047 5.3049 5.52054 -200.542 169.646 -21.4207
-3.4894 -6.09374 7.37923 -46.5352 -250.301 85.9374
-5.51504 6.2141 1.0719 -251.838 129.973 -12.246
-4.12349 -10.2063 4.20309 -114.105 49.8602 22.8243
-4.21664 -19.714 10.9577 -124.746 -429.034 80.4012
-5.28033 5.79546 -7.73247 -231.162 42.9194 31.6236
-4.69495 12.9522 -5.21524 -173.807 -73.7694 22.8939
-5.48181 7.2049 0.333119 -252.655 18.4967 2.30518
-4.79722 4.98655 13.1727 -186.254 -8.80165 -74.921
-3.72922 8.08487 -16.6866 -81.0329 -60.6022 96.0592
-5.29605 5.07703 1.30853 -237.914 57.0722 -22.5628
-3.98056 -8.28403 3.33752 -108.526 -181.68 -17.9906
-5.11917 0.881831 4.29286 -221.984 -137.647 -21.8627
-4.33117 16.3066 -0.932067 -150.46 -88.5176 57.0867
-0.750554 -19.1051 1.45721 202.82 -160.294 2.9374
-4.72207 9.70709 -8.49908 -194.081 -38.3211 40.6479
-5.11302 7.13607 2.50393 -233.063 23.7408 -12.0106
-5.35343 7.7603 -1.80222 -257.494 39.7399 -2.36948
-5.12359 6.96713 5.83698 -240.558 38.8871 -43.8939
-1.52718 -8.57774 3.34099 111.314 -256.205 -9.91597
-0.367585 -22.1776 20.6778 218.675 30.4702 -99.3847
-5.11086 7.91114 0.922736 -252.977 37.2161 -17.2088
-4.70769 5.24833 5.33294 -214.011 93.1747 -41.0164
-4.5499 5.28864 -0.2725 -201.35 141.326 -34.2959
-3.56239 -6.99166 0.960968 -105.931 -271.929 -64.2996
-4.41293 5.05797 6.49892 -192.215 139.094 -31.5157
-4.65595 10.5291 1.87811 -216.662 -33.5523 -9.17924
-2.05808 -2.28392 -0.599868 38.5306 -500.787 -29.4142
-5.03847 7.39758 -1.54919 -258.532 67.7944 -5.94505
-4.3739 8.75362 -8.63729 -192.854 -29.2883 45.8285
-0.341962 -10.0941 -2.84565 204.5 -164.405 -4.19702
-4.33617 13.1162 -1.18364 -193.726 -57.3764 0.205982
-4.34476 5.73579 -1.75035 -198.644 112.681 36.1602
-0.163652 -10.8212 5.83288 213.675 -84.6094 -20.4143
-4.35079 8.04097 -10.081 -204.536 -15.2023 64.4894
-4.66844 9.80636 0.379571 -237.262 -0.0165129 1.75614
-0.399314 -15.4163 -9.9422 182.265 -158.545 76.3222
-0.112031 -10.1636 -1.30585 203.478 -109.438 13.1303
-4.16063 8.64713 -9.37204 -203.771 -13.5971 49.7848
-4.31844 6.87418 -2.80917 -220.338 174.717 25.344
0.145783 -11.6582 -0.132071 221.185 -55.664 -0.630595
-4.48677 7.01206 -0.880358 -239.862 115.267 -1.03912
-4.64936 10.5637 2.44064 -256.212 11.4648 -6.59123
-0.499081 -9.6775 -2.57037 150.556 -202.276 1.0105
-4.15186 7.70267 5.12811 -212.801 25.2671 -38.5426
-0.239224 -8.64082 -8.65191 171.525 -152.992 32.6805
0.352 -11.3722 6.2104 223.882 -87.0511 -30.8992
-4.41679 7.94877 2.65633 -250.955 85.7806 -26.0218
-0.668604 -7.31772 -7.81439 119.316 -184.999 45.6288
0.225326 -10.3905 -1.37801 206.522 -109.233 2.97132
-0.798554 -7.09775 4.62651 102.668 -196.339 -27.0713
-3.75231 12.8364 -3.02964 -194.149 -52.0893 14.7919
-3.18876 6.01133 6.41338 -139.968 245.432 -94.0294
-0.74575 -1.7388 -10.3676 101.837 -183.69 -5.87384
-4.15661 7.64139 2.29164 -237.019 55.1358 -24.736
-3.54248 6.18011 4.60255 -182.297 169.065 -36.6311
-1.93783 -7.0282 0.311276 -23.3954 -256.103 -10.8391
-3.9056 12.1395 -5.43158 -221.032 40.6235 12.3801
-3.93924 7.29053 -3.35734 -229.933 87.8043 6.55444
-1.93159 -6.63476 -4.76789 -33.6076 -247.013 34.1745
-0.075565 -7.31434 -13.7976 149.832 -139.435 65.9888
-4.08048 8.36283 5.71782 -249.819 89.6546 -32.0092
-3.78117 7.10501 3.37082 -222.507 29.1665 24.2019
-2.08877 9.993 0.744193 -57.3529 10.5112 82.8938
0.35064 -10.7014 9.40899 181.947 -40.3261 -53.2373
-0.0596922 -5.47895 -1.55567 139.777 -151.773 -136.19
0.837298 -8.09753 -0.273832 226.453 -71.2085 12.295
-3.95212 9.85097 3.7487 -253.86 42.5076 -24.9157
-3.6653 9.27574 -3.22723 -228.173 20.2073 7.18581
-3.6588 7.83594 -6.20773 -233.186 125.831 39.0426
-0.663605 -7.6282 -3.94951 64.1277 -252.473 16.5309
1.08429 -10.9716 0.910433 236.392 -79.8906 1.55957
0.690844 -9.2213 1.8727 192.216 -185.031 -24.0504
-3.17445 8.28564 -12.2859 -192.895 14.7446 58.989
-3.36802 12.3841 0.0271402 -212.534 -20.8815 3.23976
-3.07031 8.92623 6.64833 -183.51 221.324 77.5562
-3.44125 10.1594 0.336836 -222.753 210.02 -159.361
-3.4836 10.5563 5.86299 -230.55 13.5097 -43.2168
-0.0613909 3.9296 -4.56577 106.685 128.979 -141.838
-3.21374 6.97251 -5.02669 -206.934 142.699 41.2468
-0.749451 -7.49967 6.4393 37.2206 -266.867 -34.6204
-3.58315 9.18221 -3.4466 -246.642 74.7411 8.14427
-3.33498 10.43 7.59113 -222.648 15.833 -31.7552
1.47024 -20.1778 0.46448 253.733 -46.8395 3.5872
-2.25459 6.04535 4.3419 -117.261 200.498 -9.04805
1.10957 -9.41621 -5.31478 216.524 -95.2153 24.0706
-3.29818 10.7667 8.94641 -222.068 9.60542 -59.8845
-3.74608 4.93743 7.02054 -267.781 17.0128 20.5383
-2.81986 6.25456 -14.491 -179.12 64.5135 70.9414
-1.18726 -11.3183 -0.221687 -17.08 -165.896 -5.92398
0.843289 -8.31374 -0.409342 183.957 -144.352 6.59998
-2.86052 13.8989 -0.51779 -186.354 -48.5409 -5.47183
-3.23927 7.96679 8.06223 -224.983 92.6011 -54.358
-2.94606 13.8677 -3.63045 -196.78 -32.8309 23.231
-0.911918 -0.0357064 0 5.05041 -1.28945 0
1.35052 -11.1638 -5.99267 229.567 -66.555 31.7344
0.844851 -7.97446 8.23052 175.672 -178.212 -35.1672
-3.00323 11.8862 -2.90004 -210.48 4.31926 37.5106
0.477974 -7.59794 -1.60959 133.26 -214.009 -14.6407
-3.18636 8.30682 -1.8408 -233.92 154.352 16.7277
-2.91657 4.85664 6.95475 -207.318 44.9313 45.9678
-2.81934 7.17419 -3.7445 -198.635 151.991 -13.9042
0.717602 -4.27705 2.76577 147.34 -164.713 -133.319
-3.05992 8.69175 3.17683 -233.79 77.0114 -17.9093
-2.97316 3.47744 -3.44819 -225.785 124.095 15.1524
-0.347349 -7.03715 4.30861 33.1067 -251.83 -22.8796
1.2292 -8.6093 -9.22216 188.754 -63.5975 54.3564
0.977995 -4.1336 -5.8766 162.55 -159.634 10.3367
1.49616 -9.4806 -5.75215 208.469 -64.8875 30.5268
-0.380443 -6.71466 0.968976 15.7174 -241.181 -14.8499
-2.64296 10.0549 4.8413 -209.291 12.6641 -17.2594
-2.75776 11.6301 5.14897 -221.183 7.76346 -18.4289
1.32928 -8.34055 1.30501 184.788 -207.197 20.3848
-1.46335 -0.0747076 -3.83771 -92.8498 228.651 13.8351
-1.36552 12.133 3.93469 -85.9728 211.543 2.31953
-2.77604 11.6346 1.77508 -227.348 75.2838 -16.2523
-2.88062 9.9231 -0.944088 -238.791 -5.47359 -267.414
1.51873 -8.42821 6.67943 196.969 -160.628 -32.2744
0.731251 -7.42966 -0.624119 117.296 -222.091 -4.91729
-0.637561 9.76447 1.46325 -21.2871 215.485 -14.7357
-2.23107 12.9354 6.95671 -186.254 -30.6563 -35.6154
-2.62948 5.80961 0.133338 -226.067 62.9622 -8.03163
1.2307 -15.4194 -8.70836 154.842 55.9181 49.1317
-0.919539 6.7952 -9.60767 -59.9984 238.21 40.4457
-2.95546 8.81837 0.69487 -263.293 59.2323 -18.6392
-1.22636 -9.39775 -5.50771 -92.1256 26.8199 66.4549
0.23074 -7.80303 10.4485 50.7251 -210.098 -62.4257
1.88139 -10.2019 1.96589 214.04 -40.9056 -9.67577
-2.29748 10.3561 4.99923 -204.102 18.9693 -30.9537
-2.21594 7.61602 2.41347 -196.891 162.431 -31.1421
-2.62153 9.56747 0.321657 -238.214 94.1418 -7.42851
1.81324 -8.12368 2.74324 200.513 -113.531 -36.0034
1.10469 -7.32901 2.71372 127.837 -189.221 -22.7068
-0.0984576 9.50672 3.77296 2.84066 230.381 -39.1279
-2.18262 8.02828 -6.8097 -205.113 81.9811 32.8605
1.81972 -7.91785 -6.24556 188.803 -190.842 16.7862
2.15187 -10.8977 5.23367 218.064 -28.0029 -24.9389
-1.30524 6.87653 -5.05312 -126.71 203.453 43.4682
2.28948 -10.9285 9.16304 221.35 -23.9761 -58.874
-1.00893 7.58129 3.41619 -107.522 243.08 -16.3632
1.81096 -4.90385 5.16613 172.232 -205.295 8.40738
-1.7678 16.6251 0.20782 -186.986 -46.9004 10.821
1.15708 -6.90636 -3.58933 101.071 -215.593 14.1746
-2.02559 9.21184 -0.791372 -215.717 81.0932 -0.687875
-2.11894 11.8513 5.5065 -225.494 24.4442 -42.5258
-1.8223 -1.30323 -1.19002 -196.239 60.8544 -75.8056
2.22905 -7.82445 5.08551 201.27 -162.921 -47.0897
2.36235 -8.42361 -5.24304 213.094 -75.8445 27.6494
2.52627 -10.4429 -3.45655 223.293 -33.3274 23.318
1.90154 -16.4602 0.649106 160.524 -138.513 -0.360694
-1.45399 8.46119 -3.42572 -174.489 207.384 20.6979
1.90032 -7.96495 -1.51241 157.806 -236.088 1.28092
-1.89673 9.29004 -1.56991 -223.481 129.024 13.5294
2.89163 -11.2706 3.17321 251.15 -46.0831 -10.0123
2.55083 -8.4905 8.709 213.242 -82.354 -44.4166
2.88587 1.99872 -0.32706 245.496 9.63215 -4.31972
-0.280602 6.01278 -5.41323 -70.6126 -71.5725 -146.91
2.86729 -9.80704 -2.78306 240.388 -57.3819 8.33364
-1.90568 10.763 0.526203 -234.583 78.3614 -12.7103
2.45423 -9.24535 8.86117 197.019 -1.29755 -49.8088
-1.50242 8.45923 -7.29652 -202.164 136.52 48.8429
-1.60929 10.6914 3.18468 -213.088 53.8229 -28.2541
-1.22407 -3.07377 -2.30657 -174.998 -51.8584 118.563
-1.79515 9.75079 2.53508 -231.99 121.871 -55.6222
0.351047 6.72004 -1.36807 -20.8367 238.275 -7.00275
-0.921763 -8.56498 4.6231 -150.641 32.607 -65.6829
2.59933 -5.53124 4.5033 197.379 163.872 6.2111
2.88974 -8.35362 7.81734 223.254 -65.4118 -48.5344
2.94887 -11.5113 5.28295 225.547 -9.46567 -38.6428
3.13364 -8.95092 5.69197 242.83 -91.3425 -33.1198
-1.4558 9.63316 5.92359 -214.512 76.221 -37.7794
3.1741 -9.86466 0.797413 242.296 -66.6661 -10.108
2.47262 -6.38983 5.97506 170.594 -150.627 -28.8579
3.2089 -17.1189 -0.930609 243.677 -115.399 7.40415
-0.464821 17.7055 -3.72217 -121.939 -87.0494 19.4632
-1.12244 20.674 -11.8091 -192.293 179.816 -15.3599
-1.53457 10.9977 -1.06602 -233.327 59.793 5.59974
3.10996 -7.72752 -8.20381 227.822 -119.377 39.5316
3.01826 -7.96488 5.47119 218.401 -160.681 -28.0619
-0.856722 8.03065 0.0232908 -167.843 165.633 0.210458
-1.44443 9.72242 -5.05326 -229.731 104.888 32.3597
-0.950108 8.38669 3.65795 -180.732 203.07 -5.23671
-1.35752 15.8961 -10.0065 -222.582 -3.612 44.4056
-0.76772 8.23593 -9.00821 -172.474 172.019 48.8389
3.03243 -7.10606 -0.710337 204.552 -111.012 16.3029
0.116904 7.30947 9.13187 -88.8322 237.088 -51.6609
3.47854 -7.72939 -3.47797 232.601 -103.341 26.1214
-0.911154 9.17243 4.97815 -206.692 90.5791 -23.6747
0.313536 7.09127 -3.02354 -86.8465 236.835 -28.421
3.33218 5.25703 -2.93245 210.33 21.7757 51.6836
-0.83432 9.74072 -6.12296 -205.234 86.1743 37.7711
-0.718928 8.95831 -4.37221 -194.962 96.5079 24.4843
2.05377 2.69968 -8.34393 78.7041 -138.264 -83.0136
3.39849 -8.89856 -5.93431 208.416 -9.84698 45.4839
3.37915 -6.49114 -0.898836 205.798 -101.676 -53.9594
3.83687 -5.21719 0.132493 251.19 -52.1661 36.3456
-0.44563 8.57705 7.87564 -183.843 123.48 -36.0869
3.76368 -11.6852 4.21019 229.25 -0.361541 -9.42936
3.47169 -4.04574 -0.0531226 200.072 45.0657 104.391
3.89462 -5.00492 -7.48454 241.505 -51.4866 44.5267
1.46991 7.07406 0.82203 -0.529075 254.699 2.93057
3.8624 -10.6833 2.79502 236.404 -5.09574 -16.3774
0.533807 7.99186 -1.2712 -97.3884 252.972 5.87672
3.93425 -11.8084 -0.263693 239.739 -27.5107 3.86529
4.02717 -8.53335 2.22836 247.815 -37.8054 -22.4949
3.86737 -8.97594 3.1484 222.582 -11.1126 -18.2865
0.676599 4.63107 9.90055 -96.7041 245.636 -62.2765
0.498106 7.21385 -5.56989 -115.655 199.713 36.9147
0.194608 8.00858 -3.05944 -147.063 197.089 14.911
0.734641 8.73605 6.7579 -95.0531 262.632 52.6837
3.55597 -16.412 -17.7244 184.871 -17.0072 101.6
4.10689 -9.01651 -3.99362 234.34 -27.8852 12.143
-0.192058 9.09964 -5.02713 -195.576 130.064 35.789
3.84131 -6.14371 -6.0028 204.031 -135.601 10.9763
0.814482 5.69275 3.97062 -97.6438 205.719 -22.5847
4.40144 -7.66687 -1.43606 252.52 -92.1048 -45.0721
4.17201 -5.87523 -2.16198 227.194 58.4399 -36.6457
0.12253 9.04329 0.880035 -184.706 196.795 9.98916
1.29283 6.9981 8.02803 -69.4197 225.087 -56.6696
2.18226 6.65257 -6.59962 16.4468 242.496 44.5949
4.26368 -9.73326 -5.50284 223.095 8.91787 31.8539
-0.038939 14.3705 -8.24303 -204.415 -5.42208 30.8443
4.63385 -8.55108 3.23072 257.351 -61.3736 -12.913
4.1962 -6.64717 -0.164084 213.192 -169.125 3.16011
4.50093 -7.66496 -2.17929 242.455 -60.2757 16.7738
4.43754 -6.85217 -3.05686 233.98 -74.2536 18.3254
4.45347 -6.94429 -1.64738 234.62 -55.1599 0.119541
0.448841 8.54643 -9.13735 -164.458 152.131 49.6419
0.0598931 15.0973 0.875959 -203.888 -6.319 -15.1733
0.910086 5.0802 -3.74021 -119.688 161.447 -84.6259
4.15822 -8.59899 -11.7415 202.821 6.43949 66.2886
4.60226 -6.86473 0.399388 246.287 -119.683 5.18998
0.826606 7.56194 11.2331 -130.44 179.685 -73.0554
0.167598 11.2906 -5.0746 -196.082 51.0787 23.7437
1.76465 7.80281 -2.70276 -38.3699 275.163 3.47495
4.1755 -0.74337 -6.28676 200.203 -57.2472 11.5693
0.647325 16.0208 4.45076 -155.89 127.607 -9.94332
2.02333 7.56191 -4.10595 -23.1509 268.721 19.3985
0.450782 8.89795 3.37877 -181.091 148.53 -24.8286
0.197575 3.26518 -10.6065 -206.337 96.6208 52.6587
4.5572 -11.753 -4.87095 224.229 30.5712 24.2461
5.02431 -9.99218 6.18751 266.416 111.194 -69.0851
4.50238 -5.73915 -0.933932 214.081 -126.399 -0.585382
4.42473 -9.56118 -3.98622 205.585 -62.0867 39.0103
4.81877 -4.71356 -2.21652 244.285 7.77625 -2.51208
1.90165 15.4636 -0.519548 -47.0943 252.345 1.30493
1.61948 10.7604 16.5725 -78.7656 -33.0909 -95.3217
0.556604 14.5982 -2.5869 -184.416 -23.0442 3.93457
4.77357 -7.242 2.99213 228.362 57.6916 -16.233
0.943232 8.60864 -4.20491 -154.296 221.151 40.52
1.6823 8.08573 -0.0639469 -81.7382 264.07 4.38294
1.45791 7.59824 2.45842 -105.98 204.667 -11.4025
5.11607 -9.02965 -1.68966 253.026 -141.665 14.9525
4.97331 -12.2412 -0.406837 238.553 25.6744 7.47709
4.94127 -5.95356 -3.98903 234.685 -98.5264 33.3266
5.24896 -2.36958 -3.29004 264.098 34.2953 -16.9308
5.10419 -6.88984 -1.00563 249.003 -61.3298 22.2648
2.50309 7.1537 4.813 -11.1035 259.525 -33.0389
4.36677 -15.0284 -1.80413 168.834 97.0533 7.0637
5.17384 -6.23732 -0.0145571 247.969 -95.5551 -3.10212
1.21731 8.71627 -5.87283 -147.648 205.829 48.8134
5.09642 2.45294 1.37062 236.101 7.87291 34.7361
1.43718 7.6854 6.10823 -129.33 176.308 -19.7987
0.93722 9.284 -4.16121 -183.468 187.749 37.4443
3.70774 5.66639 -5.8777 89.9851 223.536 23.9372
5.3283 -5.99093 -1.54053 250.846 -118.66 6.81169
5.27299 -5.7199 -4.92438 243.486 -96.5706 24.1349
5.3693 -10.1523 4.81714 250.616 17.4328 -29.7467
0.578582 12.9934 0.606535 -226.94 97.2405 -26.4176
5.16759 -7.28002 -0.690913 228.78 -6.61822 5.26406
4.83507 -4.19627 -7.53715 193.724 -123.252 45.1554
1.49516 8.99926 15.2033 -139.155 37.5454 -81.7917
5.2469 -10.9514 -2.98546 232.698 24.4316 13.6694
1.44565 8.99277 -3.51157 -145.704 216.707 14.5016
5.05879 -4.54243 3.89156 212.55 -114.435 -15.0004
5.24363 -8.00737 -3.02353 229.885 8.51859 13.9112
1.11792 -3.86659 4.19447 -183.812 90.4953 42.9628
5.06318 -13.0356 -6.84238 207.96 -155.726 -19.8899
5.61779 -4.66345 2.99528 262.167 -54.955 40.4582
5.06919 -9.29416 -4.60087 205.334 36.2234 26.2764
5.20634 -9.36235 0.979503 218.575 38.8513 -3.72826
4.78121 -1.50415 -13.2303 175.946 -4.89518 73.9624
1.36215 7.79008 -4.9662 -165.53 162.025 62.2982
1.63566 8.02779 4.47836 -140.098 172.263 -26.6269
6.61817 -13.1244 6.07914 350.842 -123.615 68.0669
2.36076 6.93942 7.19254 -72.731 214.381 -51.532
0.838432 12.8465 5.45665 -225.187 57.2427 -35.148
3.76065 2.13894 15.1072 64.6265 238.454 -114.318
1.79321 8.03808 -2.30796 -133.36 178.068 27.05
5.74146 -6.01994 -3.6731 256.355 -41.64 36.3434
2.65192 5.65463 -0.741114 -55.5727 200.782 -96.5807
5.44056 -6.34394 11.6148 217.984 22.0976 -62.624
5.62423 -4.42844 5.1278 235.021 -44.734 -13.6187
5.74654 -5.22761 -0.443553 244.15 -119.649 4.18569
5.77671 -6.92373 -6.48354 245.944 -12.3365 37.4596
5.6996 -5.37325 -3.85225 237.947 -72.7748 50.2807
6.04036 -5.92792 -1.4556 270.787 -77.0206 -2.50373
3.66332 5.74836 -3.14761 29.0636 246.372 11.6706
3.27212 7.50951 3.03099 -9.85795 277.467 -8.66195
4.98629 -0.720276 16.1891 159.495 52.6502 -90.8283
3.61252 6.004 -1.30735 21.9703 237.578 23.882
5.65359 2.83637 0.242057 223.843 125.416 -4.30586
1.24075 14.9033 -4.14077 -215.397 21.5421 22.6703
5.64387 -3.32922 7.25409 219.361 -27.2621 -38.775
5.74466 -5.25142 1.05278 227.415 -49.6973 -21.0778
1.96659 8.87271 3.74265 -149.713 201.204 -4.68027
3.3251 6.69311 -3.99666 -15.8359 242.572 16.1672
4.85123 -7.33281 -2.77104 135.642 159.71 -42.9132
5.99292 -5.18234 6.01456 247.54 -22.4902 -31.742
1.59014 10.5088 2.49106 -190.889 125.123 -23.8428
6.16476 -5.0499 -4.576 262.096 -49.1162 41.7928
1.71112 9.75942 0.568507 -180.542 175.441 10.6676
2.35209 8.38441 -0.912223 -117.03 218.354 4.71559
5.97488 -4.4592 -4.04147 242.684 -49.2743 -5.84255
5.82062 -4.87802 -6.65041 216.704 10.751 37.6802
5.86448 -5.17244 -5.72156 219.579 26.3462 23.1426
5.73362 -9.98469 -0.771364 206.186 72.3371 0.662524
4.61671 2.61218 6.96401 93.6438 205.416 -39.4748
6.37563 -5.93719 1.75376 266.851 -22.2174 -8.02508
5.94764 -6.21543 3.95839 223.563 17.6638 -21.0479
1.61695 11.523 -1.79311 -206.741 130.35 7.74711
6.0256 -3.00473 -7.95023 224.318 -0.195247 44.9087
6.07533 -5.97356 -5.28286 224.91 51.5989 25.3354
6.28155 -3.13177 -0.837618 241.382 -66.2536 -6.07615
2.21952 10.2308 1.02217 -163.107 208.831 -18.6547
5.0202 1.10671 -15.5394 114.32 122.986 86.7833
2.11508 10.4122 0.0598781 -179.664 112.221 -36.0762
6.3432 -2.63972 -5.71588 238.658 -35.3058 33.185
4.19591 6.01095 -2.08579 24.1336 234.496 5.92828
4.24727 7.2252 -0.30948 26.2821 281.314 21.4586
5.88711 -13.4204 -3.44038 188.941 90.217 20.7514
3.9545 6.22955 -1.64282 -6.27438 240.967 -0.777981
4.76334 2.52048 -5.77736 70.2329 263.019 8.32366
4.33897 -4.02818 -10.2937 28.0696 177.036 -45.4044
6.53309 -4.08335 1.7098 244.597 7.86171 -7.54399
4.62122 5.11052 2.68061 54.1619 223.37 -14.6841
5.9458 3.9823 2.85412 184.103 180.259 -18.2321
2.08268 12.6439 1.74912 -201.638 56.908 -6.18964
6.22542 -3.49914 -6.03595 208.992 83.3012 31.5045
6.06427 -4.51764 8.35207 192.385 65.3538 75.4825
6.73282 -4.20343 -2.28964 258.586 3.94857 13.6893
5.41458 4.07625 2.11933 125.13 196.468 0.51708
6.79626 -8.07188 -1.39271 262.314 25.1064 8.73581
2.24064 13.1969 6.0191 -196.456 49.8011 -29.9492
6.83057 -3.47903 2.34183 251.501 39.9874 -17.3586
7.47015 0.357112 4.37803 314.819 185.989 40.6336
3.97641 7.43064 5.77152 -33.637 260.853 -35.2126
3.38954 10.633 -2.38508 -92.7674 176.769 35.7432
6.50586 -7.04114 7.06373 215.318 -25.6103 -58.0371
6.3651 0.868334 -10.4611 201.053 97.2208 59.44
2.68082 9.08458 -3.04006 -164.925 151.022 28.9576
6.76218 -5.66392 6.43103 240.384 154.823 -50.6205
6.74279 -2.94815 0.515032 236.498 8.50332 24.0018
6.83788 -3.69349 4.43039 245.596 40.7552 -28.8366
6.69899 -2.78015 -0.84873 227.239 84.5668 4.93543
2.90344 9.89805 -1.86311 -150.524 181.854 -1.26486
6.58704 -0.217745 9.52677 214.617 86.6168 -47.921
6.55417 -2.03195 10.8958 210.168 54.7624 -48.3729
6.90869 -6.63383 -5.51538 243.35 45.3804 38.3756
5.9795 -0.299057 13.0078 148.111 102.234 -75.6483
6.81684 -4.61684 0.178133 231.15 44.8261 -5.06569
6.94621 -1.4869 -3.64913 243.847 28.4858 22.3732
6.65817 -4.07109 -11.2083 214.954 59.9244 65.7114
6.85053 -4.17816 -3.30428 233.091 42.581 20.3769
7.15983 -1.77052 -4.4215 263.1 -32.0871 21.1738
6.26543 -8.59776 -13.0414 172.764 62.4735 69.0789
6.60291 1.86098 -3.65031 206.274 124.466 15.3816
6.98773 0.592156 -0.8214 242.832 69.9377 2.78979
8.52192 -2.71605 -4.45621 393.729 -138.692 -111.013
3.71713 -1.48121 -0.0401862 -83.6497 84.5954 160.643
6.68079 -10.0523 1.81154 209.888 73.3524 -13.7779
6.34024 1.96663 9.11113 173.478 145.243 -49.0141
7.33797 0.222617 2.58875 270.856 19.3645 20.039
6.75961 -9.19603 2.04536 213.293 68.8852 -15.1311
6.7378 -7.30784 -4.27549 211.021 -182.126 75.0733
6.56232 3.77656 2.42914 191.658 191.624 -16.001
7.12357 2.54339 3.48135 242.342 61.5798 -27.1563
4.74591 6.96294 4.58823 5.23834 270.046 -16.523
7.02149 -0.140717 3.119 228.408 91.6998 -12.1211
7.06091 -3.45882 -7.24362 231.778 -70.6272 74.8476
6.2996 3.77853 -2.05021 154.168 194.506 -14.2241
7.33742 -4.36896 -1.77144 254.095 45.3378 12.0693
6.98151 2.75527 -0.21413 217.107 148.905 9.1508
6.55645 -11.6878 -3.11577 173.321 79.7422 14.0758
5.26949 6.26694 -2.2721 44.9422 262.133 18.062
7.49551 -5.23857 -1.92903 265.899 51.027 6.02007
6.31814 2.57438 -3.11999 146.254 175.431 20.0897
6.88027 -6.71182 9.29122 201.201 54.309 -55.087
5.83655 4.11468 -1.19462 95.9442 212.8 5.29604
5.09546 6.61899 -2.41321 20.8796 241.798 7.42364
7.54077 -7.60212 -0.804214 260.873 202.32 49.716
7.21676 2.71717 0.326183 226.428 155.935 6.48922
6.74905 4.95771 -0.64577 179.753 212.892 5.54013
5.91277 3.99477 -8.10943 96.055 217.751 49.0583
6.24618 1.86238 13.2678 126.317 160.72 -76.379
3.77019 8.60117 -8.13551 -123.917 214.693 44.7229
5.50289 11.1956 -7.3212 46.2485 88.6921 122.468
7.3979 0.345875 4.07616 228.768 114.551 -20.8578
7.71234 -5.44672 -4.09885 258.801 51.7575 18.1265
7.01382 -11.1836 1.26991 188.305 78.2043 -10.4788
6.81031 -11.8721 1.75438 166.596 98.841 -13.6475
7.53213 2.38972 3.00599 238.011 335.22 -112.004
5.98528 3.20539 -7.19272 83.257 199.036 43.5823
8.46641 -8.31012 2.52677 326.851 -10.539 98.714
7.45123 -2.7938 -3.0706 225.677 84.896 15.3375
4.16736 7.7708 7.39601 -102.315 206.362 -41.937
7.63494 -12.9846 -0.194852 239.518 -50.6078 35.8378
7.07052 -7.75725 11.2483 183.014 82.1816 -51.505
7.82073 -0.942839 2.58051 253.725 82.4713 -16.1477
7.20772 -0.0843303 -10.8484 192.264 129.324 55.4587
7.23138 -6.56638 7.10158 194.537 97.3742 -40.7961
4.13669 7.96077 12.2271 -117.004 169.373 -56.3072
4.39817 11.4501 3.95677 -94.1533 56.8711 111.63
7.66088 -1.70609 1.61315 226.887 106.15 -49.6679
7.14908 0.380205 3.97785 175.318 -37.2517 65.9049
3.49629 11.9321 -2.06168 -188.726 140.1 11.7512
7.81288 -0.915868 2.97631 239.916 74.9865 -16.5946
7.42399 -4.3994 5.59218 195.709 85.9552 -32.4507
7.87355 -4.56526 -5.71299 240.228 99.8376 31.4076
7.76877 1.31054 6.73894 226.855 142.52 -42.6946
4.87727 6.61308 -7.79625 -62.5291 195.667 57.1167
6.95189 2.17933 -10.2833 141.634 179.4 53.7062
4.8648 6.74953 -5.41683 -66.8891 205.803 29.1199
6.43218 5.17533 -1.74511 88.3631 252.672 16.7139
7.95109 -2.30333 0.964171 236.663 -102.188 -52.2821
8.06502 -1.90406 -5.93995 246.994 86.3961 31.0742
7.80727 -1.63135 0.561236 218.603 94.2201 37.0884
7.75584 -4.45605 -2.73131 213.43 43.7326 12.8713
6.87217 2.46704 5.04442 122.683 190.698 -39.7301
6.81942 3.06068 -1.80665 115.337 198.959 3.02466
5.74959 5.46717 6.50134 7.79136 225.432 -20.2933
5.27481 6.86994 -1.88172 -39.7269 235.333 7.48061
5.86371 6.586 4.85639 15.0948 270.434 -8.03726
6.88112 2.84376 -1.22282 115.536 201.215 18.9104
8.37673 -3.31754 -5.12247 263.954 38.9778 24.9758
7.95775 -6.69922 2.03748 217.787 191.663 13.6651
8.31635 0.359113 1.6544 251.485 110.747 -8.52097
8.18589 -6.90868 -7.66052 234.773 106.634 36.2111
4.0642 10.6706 2.89145 -175.84 178.601 -25.067
8.22784 -5.71624 4.82395 237.42 81.6139 -12.9719
4.92559 7.85529 -0.161693 -91.0993 226.954 -11.6191
3.8633 12.0857 -7.33077 -197.005 104.853 25.6753
5.01001 6.98362 13.824 -84.3441 171.381 -68.0481
8.31747 -1.30038 -2.07396 241.741 116.394 12.3992
5.67252 6.02424 8.52531 -24.9975 214.376 -40.9082
7.88028 -3.89975 -6.76317 193.449 111.55 38.2082
5.70062 6.41883 -9.7118 -24.6615 231.233 60.5793
6.52739 5.18912 -6.22415 56.2847 255.058 44.579
7.84323 -8.33724 -1.92637 185.632 304.075 -59.3349
8.39267 -0.695235 -5.71849 232.088 124.129 33.4434
8.14465 0.734726 2.37164 205.207 161.274 -7.82078
8.16526 -2.57249 -1.39483 207.241 110.03 8.52592
8.33196 -3.47965 -1.38998 220.759 106.148 9.2238
8.18728 0.544484 -1.17537 204.086 158.35 9.02316
4.19871 12.0812 -6.46183 -193.791 99.1368 72.0879
8.33486 -2.64212 1.94998 216.851 114.419 -9.96489
8.13876 3.39567 -7.53276 188.203 398.81 -202.198
5.62145 7.108 -4.90219 -65.3151 221.97 13.643
5.55228 7.5191 7.62794 -75.6862 231.917 -43.2348
7.9575 2.56612 1.76229 163.221 202.737 -6.5456
8.17287 -2.05148 -1.60988 182.25 137.627 4.38647
8.06228 -1.21054 1.1282 170.914 146.161 -4.07581
6.08435 6.59756 -5.37242 -26.3201 248.257 37.0056
6.77762 4.42266 -6.3652 40.442 221.571 35.41
7.18415 4.47086 5.95196 79.3478 193.164 -34.4962
5.95471 7.1756 -0.187829 -43.9508 245.562 -2.02876
4.94404 10.2905 1.63268 -145.734 192.706 -7.6245
8.2195 0.45347 1.44775 179.623 172.713 -10.1214
8.44121 -8.81915 -0.592291 201.252 113.339 1.73047
6.52926 -13.3181 2.31397 9.10344 53.9995 6.72617
7.75824 -8.88251 -10.9665 129.66 123.729 61.8336
8.41042 2.3556 2.65421 192.023 203.718 -13.4861
4.6269 12.1606 -5.10397 -184.897 88.4567 14.7312
6.46755 4.95054 -6.66204 -8.7262 237.798 44.5406
6.27642 6.55641 -5.48606 -27.766 233.728 37.2592
8.69146 -1.73576 -0.467344 202.821 148.889 -2.40789
7.90744 0.882699 11.3001 118.961 169.565 -57.024
6.45466 7.72062 -1.29891 -27.5882 271.468 15.2002
7.04963 6.02309 -3.16452 30.9989 200.605 67.997
8.10135 -14.6115 1.18295 134.652 127.609 -7.67325
8.72368 -1.60609 -4.89325 188.158 160.671 34.4638
8.8927 0.68278 -1.30536 185.624 200.219 2.4405
7.06414 1.26078 -5.40886 3.32417 35.6927 157.263
6.37839 6.23262 -7.86532 -65.0846 193.006 31.801
8.66801 1.9713 2.20347 161.962 212.261 -15.9861
8.45902 -1.69541 10.768 138.281 161.342 -56.0369
9.1348 -3.70587 7.08814 204.108 130.496 -37.6345
5.83755 -0.743599 -11.7009 -124.405 243.449 64.8552
9.09961 -5.10819 0.364074 190.992 132.515 -0.479845
9.29941 -12.782 1.24497 209.865 90.576 -12.0225
6.4364 7.32193 4.26196 -76.8789 210.461 -24.5117
6.61949 7.09006 0.199849 -59.979 220.336 -10.4615
7.47668 4.48483 -1.99379 20.3033 222.286 15.6031
7.35646 5.40168 -1.07704 7.65922 243.69 0.219377
7.99215 2.9165 2.94413 70.7315 219.539 0.989396
9.16739 -5.0127 -5.15944 187.255 88.1526 33.4203
5.40328 12.1214 -1.9171 -189.074 146.373 23.471
8.11906 -5.42811 -4.86685 75.6483 215.23 1.04868
8.08081 8.91134 1.39147 70.7086 265.808 10.8409
9.10514 -3.3423 5.77784 170.02 160.001 -25.1342
8.67538 0.188923 -3.04554 126.578 181.714 19.5747
6.22187 8.11354 11.1145 -117.972 165.542 -59.6672
8.61565 2.27127 -5.13834 118.052 221.503 41.5531
6.15339 19.4806 -0.642681 -126.807 124.541 0.990294
8.93769 -1.65216 -1.67606 148.457 163.214 7.43301
8.02709 3.41684 -3.41042 55.5568 222.672 19.78
9.34792 -6.75254 -0.807406 180.138 125.383 5.20743
9.14412 -5.24318 3.22119 159.605 145.721 -22.0253
7.8544 -3.67841 6.32813 28.3797 231.41 -43.4907
8.91949 0.0503092 5.68932 133.169 190.794 -28.6778
9.33947 -8.85519 -1.78899 174.035 134.694 10.6241
9.29309 -7.22158 4.64611 169.167 135.259 -24.3268
10.1675 5.41359 -3.15048 254.461 216.531 -99.0214
8.37375 3.92534 6.93681 74.7348 246.35 75.1742
7.86669 5.9265 -6.66215 23.3187 229.843 17.9125
9.81269 -5.55201 0.814589 214.733 132.836 -3.6576
7.79804 0.471619 7.76672 14.0745 138.519 110.706
9.49524 -5.78513 4.64932 180.517 132.687 -24.2652
9.56925 -5.22429 -6.22847 181.233 130.067 35.9856
9.51189 -3.99013 0.649186 172.045 146.816 -8.06924
9.87382 0.421829 -3.11712 200.306 -29.326 57.8488
7.3972 6.98275 -3.33592 -49.2592 240.137 26.1554
10.0141 -3.13785 1.66828 195.061 178.172 -1.43793
9.49517 -1.5519 5.04105 141.976 185.351 -26.9289
7.61386 -1.28826 2.79695 -45.3018 248.729 2.02873
9.77338 -0.367387 -1.89262 168.929 200.245 6.27719
9.4076 -11.7936 6.66858 130.599 134.632 -36.3524
7.75574 7.12335 -0.0924436 -35.0933 264.004 8.23902
9.66037 -0.143938 -3.75735 153.876 189.195 21.8637
9.10016 0.982637 3.36921 95.4786 200.303 -25.279
9.3046 -4.83523 10.017 111.146 146.556 -65.0751
9.30489 1.45444 -7.33602 107.526 216.554 53.1944
6.73249 6.45612 19.4828 -148.491 175.141 -253.139
8.63614 4.82713 -1.74347 39.229 248.144 9.30537
9.67243 -3.92321 11.1448 142 158.353 -25.9503
8.71828 3.35517 -3.32416 45.1902 228.645 12.7392
8.95652 7.13069 4.09955 68.3775 278.145 83.6722
9.79147 -3.05443 2.31561 138.903 167.225 -14.6287
10.0909 -10.9766 3.82603 160.86 189.391 -45.1259
7.00232 10.4012 -1.34802 -152.896 163.265 3.36651
10.1589 12.3114 11.141 160.256 249.256 20.7645
9.88787 -0.217212 -0.0503513 132.526 197.215 3.18301
10.0775 0.250205 -2.23008 146.419 213.57 8.70731
7.11342 17.5055 16.0128 -156.064 171.515 -56.414
9.14544 8.84607 -3.15226 45.279 331.276 -140.177
10.169 -4.03119 5.86731 146.761 157.939 -79.8978
10.1012 -4.78378 -7.87765 131.963 155.34 84.5038
7.03763 11.133 0.299399 -176.805 123.244 9.47358
10.1885 -4.87112 -4.23198 132.697 166.227 12.2784
9.99816 -2.74013 8.64004 104.389 160.315 -47.038
9.46974 -9.72198 4.59845 47.2741 145.836 64.8328
7.94431 8.63705 -4.8631 -107.905 218.566 21.5493
9.92548 2.91023 -4.62026 88.3167 247.054 24.1135
10.1983 -3.54178 8.85862 113.99 174.484 -48.194
9.65342 3.79275 2.02781 58.9212 250.475 -10.2277
8.36283 5.8956 -9.77053 -73.5947 175.911 43.3325
10.1239 -11.2653 7.85119 101.101 130.251 -42.4812
10.5264 -5.01306 2.24154 137.212 174.159 -17.2227
7.66634 10.5208 4.0749 -155.784 129.161 -24.1459
9.53825 5.35994 3.7006 22.5773 208.585 -20.1535
10.5621 0.592488 -1.65852 124.084 228.841 -4.20974
9.06748 4.80848 2.31752 -25.377 216.565 -5.83113
10.8106 -0.488259 3.75957 139.649 214.779 -24.4159
9.08383 6.07798 -0.228469 -34.0327 253.248 -9.02119
11.0655 1.08837 6.77793 151.093 129.472 -31.2434
9.84822 10.7235 10.7467 25.0332 207.442 -50.796
10.4296 -4.05654 1.16325 74.4341 226.482 -16.4072
10.1204 0.949721 8.02091 41.1412 193.941 -29.8046
10.999 0.173339 -5.91454 119.058 219.328 37.341
9.47564 4.0199 -10.9295 -32.3994 174.312 66.191
11.7343 1.04222 -4.00575 190.748 86.7829 54.1842
10.5062 2.19461 3.8426 67.0008 244.428 -2.45358
11.6727 0.306446 0.708147 178.379 166.343 -0.873886
10.7403 10.9059 3.53459 84.4215 270.381 29.494
8.38265 10.5431 2.11267 -151.936 180.973 1.09341
10.3588 22.8688 -9.46575 40.6325 394.283 21.3486
10.0091 1.82243 5.80261 -3.27641 6.26025 -136.686
9.42457 7.18402 -8.77163 -86.3039 183.289 61.9655
10.5047 -2.66116 7.82983 18.1163 245.749 -35.7038
11.4585 -4.62777 5.494 110.204 183.399 -29.5438
10.9695 14.877 -8.60556 59.6137 342.763 -41.0023
10.4595 3.52696 -1.94399 0.255494 213.463 15.0666
11.9182 -2.55339 -2.45626 134.598 196.385 14.6235
11.6728 -1.57429 -1.09701 103.072 204.035 -10.0833
9.61665 8.00649 -5.56358 -112.215 174.47 39.6796
11.1507 0.31421 4.91542 39.556 205.907 -11.9859
10.0335 5.80145 -11.8995 -73.2294 164.504 58.8037
11.805 -6.01928 2.60432 98.3088 182.043 -13.5908
11.827 -5.41925 -4.58018 92.6064 173.65 26.1702
9.5341 10.2275 1.77952 -138.8 162.305 -10.1336
11.2912 2.6055 2.68204 32.6907 237.425 -20.6306
12.2933 -3.85523 6.49675 118.736 191.072 -35.0303
10.6954 7.34763 3.74478 -55.8735 485.047 -131.871
10.6706 6.39021 4.13475 -63.0034 -52.1551 90.0237
11.902 -4.67352 -12.1442 47.7743 147.745 71.1401
10.695 7.39599 -4.48067 -82.2626 215.45 15.5584
11.5634 3.64971 -0.737435 -7.45814 228.546 13.6287
12.6338 14.5257 -9.19967 95.8554 452.841 -158.919
10.7317 7.78464 1.6616 -111.053 175.636 -19.3242
11.9292 2.39787 9.95611 -12.8355 199.887 -51.2048
12.3437 1.44834 1.90218 27.8914 224.493 -9.67589
11.4781 4.55675 -7.33154 -58.3633 175.721 45.7208
12.8453 -1.0697 -5.24145 73.7148 210.166 22.3847
11.6818 5.37219 2.94715 -58.3416 215.673 -10.071
11.76 5.94641 -5.84613 -58.6066 218.915 38.7901
11.7964 1.20491 -0.344269 -73.974 253.587 -5.97806
12.8699 -1.31107 9.50881 20.7994 176.375 -53.6095
11.7015 15.8189 -4.0179 -108.83 -54.3147 17.7148
12.1175 12.1118 -0.437786 -71.4628 207.276 30.1774
12.6332 16.0946 -7.523 -31.3211 287.465 -49.0759
12.4659 4.25653 6.58718 -56.0896 204.696 -44.6654
12.84 4.44921 -2.80971 -47.0573 210.845 22.3426
13.6749 -0.488512 4.39672 35.5568 207.113 -25.4953
13.5914 -4.71347 -10.8662 15.2147 153.882 67.3283
13.9954 -0.681891 -0.613919 44.6628 228.168 2.14273
12.1831 5.15386 -1.3373 -162.6 272.86 -61.9994
13.2882 5.55123 -4.91519 -67.9852 185.767 32.7346
13.7863 4.83397 -9.31876 -83.4186 156.985 49.6327
13.6948 5.09319 -3.83016 -111.658 267.06 24.1287
17.1047 -7.26987 3.28944 -39.1351 143.799 -16.4279
nan nan nan nan nan nan
10.3945 8.85783 4.61788 -127.195 170.105 -26.4327
15.2873 1.73474 3.53361 48.4642 195.98 -29.8166
