-14.8075 -2.12037 6.16555 156.802 -284.056 -82.8064
-17.7619 -0.793609 1.62767 -137.5 -148.231 -21.681
-14.7108 -6.94311 3.1618 152.68 -43.6916 -11.7099
-16.095 -14.0506 8.02089 -31.9514 -163.816 -66.6337
-15.953 -11.2254 -0.674659 -33.1147 -92.0027 3.52217
-14.7457 -4.26256 3.02527 62.6202 -203.868 -20.9792
-14.3612 1.71663 0.20409 91.6091 -336.901 3.92124
-13.6878 -4.38129 -8.22686 153.43 -68.7874 99.0823
-15.1192 0.141327 1.44051 -16.1576 -214.443 -9.73776
-14.1341 4.36388 -3.83243 39.177 -192.357 72.5662
-15.7167 2.86139 -5.5898 -127.02 -254.612 -5.69936
-14.4466 -3.1504 4.62828 -16.2969 -150.317 -48.7472
-14.6402 -3.61643 -8.53487 -50.9293 -179.066 5.71153
-14.9453 0.819235 -0.834169 -88.4841 -203.214 4.21855
-16.2055 -4.63719 -10.7726 -220.184 -197.814 -144.31
-12.587 11.2197 1.05303 133.124 -146.255 -12.533
-14.1063 -1.30383 -2.70939 -20.2125 -199.208 24.3057
-12.6863 -3.1784 4.7577 114.024 -233.812 -62.0462
-14.3538 1.75922 4.20048 -53.755 -202.502 -61.2891
-14.231 0.390464 1.16808 -53.7142 -210.533 -3.3666
-12.9432 -8.57951 0.855671 65.4235 -56.3617 8.40709
-13.2703 0.656392 6.79898 26.113 -182.707 -67.3921
-13.2571 -6.53941 6.59339 24.3286 -150.037 -87.8671
-13.646 -6.45405 -8.79822 -26.0281 -132.1 113.038
-14.5302 -5.43277 -16.3624 -116.766 -148.383 70.9573
-12.3583 -6.38869 3.52944 98.8629 -176.579 -46.0037
-13.7883 -1.62808 0.892826 -53.1801 -203.457 -13.4357
-12.5683 -7.9744 -1.13545 57.6772 -213.014 24.3563
-14.608 -29.014 9.18861 -147.046 -384.8 4.41488
-12.0153 -16.5574 3.14998 87.1823 -176.854 52.4535
-13.7813 0.291067 4.32616 -95.6676 -138.339 -49.1203
-12.6705 -8.23883 1.22843 -0.321471 -212.644 -40.4845
-12.2161 -3.71948 6.97215 38.9103 -171.87 -74.1891
-12.522 8.6695 -6.72723 4.28074 -60.9769 40.2998
-12.1482 -7.01458 -2.50465 41.1565 -210.79 37.5927
-12.6311 -10.4424 0.853223 -8.64544 -193.903 -7.68846
-12.6101 -6.10903 -3.08612 -10.1301 -225.604 7.85124
-11.9125 -0.221827 -10.5727 51.4243 -150.586 116.883
-12.9745 -1.4431 1.40025 -56.0949 -198.764 -19.2876
-14.2665 3.37425 -0.346202 -185.732 -134.966 7.30694
-13.8313 -0.249163 0.886485 -149.994 -159.832 -12.4992
-13.3231 -1.93904 4.33361 -100.739 -187.802 -64.7504
-13.432 -6.02114 1.38338 -116.649 24.7286 23.5589
-13.642 -20.5234 0.99722 -139.207 -350.721 34.257
-12.1679 -4.52842 3.58572 3.83151 -188.083 -52.9538
-12.7094 1.31102 -5.17885 -54.7123 -269.572 57.5541
-12.5648 -2.61092 -3.92704 -46.1006 -192.956 38.2546
-13.9199 5.47247 2.10559 -180.782 64.2354 -41.4067
-11.142 -8.75433 -3.12018 91.6608 -181.265 33.6169
-12.1907 -5.81681 -1.47487 -12.9959 -202.71 4.97261
-12.6399 -3.63723 1.94503 -59.7295 -197.716 -31.1083
-12.8593 5.44303 0.460623 -83.7392 -212.796 84.1742
-13.1768 2.88565 12.7234 -118.41 -139.241 12.8929
-12.4796 2.26932 7.29638 -50.3696 -224.398 -60.7461
-12.6696 7.56534 -1.4551 -72.5855 -321.72 14.9862
-13.5117 -6.93085 0.871753 -157.55 -23.8052 -31.6352
-12.3233 -3.0987 4.49751 -43.9368 -181.469 -60.2249
-13.6523 2.71289 -4.3321 -176.572 -140.044 11.8584
-12.6602 -3.07817 -5.5266 -80.3188 -200.904 61.564
-12.5106 -3.94592 -1.8712 -67.0481 -281.03 137.585
-12.9441 7.14417 -1.33548 -112.577 -121.267 -113.016
-13.0488 -0.790554 -3.29359 -124.892 -35.8334 -52.6645
-13.0129 -2.10687 -3.82303 -123.189 -177.807 38.9738
-12.2782 -8.87414 0.679343 -51.6342 -171.381 -29.8422
-12.6656 4.20014 1.08944 -92.4245 -170.284 -11.4049
-13.0194 -4.25926 -3.61473 -149.826 -170.908 61.8477
-12.5123 -5.84802 -3.58356 -100.94 -204.018 51.1138
-13.1972 3.50616 3.6169 -169.87 -128.832 -39.3758
-12.8448 -7.46359 9.07107 -137.402 -150.011 -17.9664
-12.4373 -4.98263 -2.9838 -102.98 -199.379 31.5013
-12.5161 -4.50348 -3.70627 -112.11 -192.1 44.3517
-11.584 -8.74685 1.0332 -22.0717 -223.776 -0.778381
-13.2426 0.995154 -0.963838 -189.059 -104.754 14.4616
-11.7184 -0.540171 -8.97502 -41.5478 -179.012 102.647
-13.6783 2.61952 1.0192 -236.795 4.41563 -15.6084
-12.5014 3.78709 -2.44087 -120.804 -145.646 25.2179
-10.5188 -7.4543 -2.47402 69.4496 -183.559 6.46367
-12.5946 4.93039 4.47486 -143.851 -337.122 -78.3972
-11.9566 -1.47294 5.12509 -88.5288 -170.13 -72.484
-12.4877 0.683259 -5.43302 -146.155 -141.937 72.7886
-11.3091 -4.32195 1.98011 -29.7604 -230.29 -35.4064
-12.8936 0.636603 -4.60259 -188.609 -53.0079 41.0941
-13.1068 15.7833 -14.83 -210.965 85.3771 29.5903
-12.7157 -0.18351 -4.86312 -174.275 -125.049 61.3822
-11.5667 0.0392234 8.69855 -60.7317 -274.109 -250.201
-12.02 -4.63187 1.5321 -108.065 -187.51 -13.355
-12.8609 2.66013 3.14001 -193.652 -86.7205 -41.5443
-11.9148 1.25508 -3.82606 -99.899 -165.312 47.0246
-12.0454 4.88438 -3.02214 -116.729 -194.525 40.9447
-12.3505 4.07279 4.99182 -148.548 -139.288 -47.8095
-13.0704 5.02586 -1.06687 -220.447 -68.0887 5.60792
-12.0761 7.03998 1.41541 -124.034 -154.274 -14.1324
-11.8766 -3.87979 3.17542 -106.374 -329.708 -12.0069
-11.6486 -4.83173 1.18576 -83.9102 -186.031 -5.75321
-11.779 -2.45418 -3.89741 -97.8832 -164.6 32.8032
-12.3301 1.88501 5.43453 -154.925 -135.538 -67.4346
-12.6164 -1.3753 0.458358 -186.75 -110.682 -9.59106
-12.7219 6.87018 -4.5994 -201.03 -75.3415 18.2972
-11.479 -4.58193 6.88526 -77.5823 -111.822 -131.818
-12.883 -1.44363 -0.606784 -217.593 -40.4428 20.3175
-11.9094 7.39304 3.8296 -121.777 -157.271 -42.4495
-11.448 -7.37313 0.893665 -76.5326 -209.885 0.825486
-11.8595 2.16398 6.91367 -118.886 -137.513 -81.635
-10.9906 -13.7024 12.3347 -36.0262 -177.002 -118.009
-12.7826 3.14626 0.615548 -214.736 -53.3486 2.42763
-12.5931 -3.18631 -5.9151 -196.807 -98.1784 73.9927
-11.7274 -2.33625 0.313912 -112.439 -157.678 3.02168
-10.4243 -7.48438 6.2992 14.9494 -199.617 -51.8591
-11.8497 -5.71815 1.91553 -127.933 -194.597 15.0821
-11.7948 8.53599 3.49353 -122.785 -155.096 -44.4091
-9.52134 -8.27377 -6.68482 101.714 -149.608 87.7962
-10.0256 -8.28663 -2.52259 48.9196 -192.562 32.5109
-12.3784 -2.44481 -3.35747 -186.93 -101.987 43.865
-11.3859 6.21952 6.8404 -94.7104 -162.608 -77.0059
-12.5775 -1.16785 -3.7591 -213.611 66.378 35.493
-12.1165 -3.68015 -2.48207 -168.981 -169.13 7.93874
-11.9965 -0.926692 -0.48014 -157.254 -125.527 14.941
-12.156 -1.61191 -5.05162 -174.114 -105.674 63.4983
-12.593 4.17489 2.77521 -218.528 -51.728 69.0192
-11.7102 -6.92827 -2.90396 -130.842 -191.146 44.3578
-10.8056 -4.6143 -8.7465 -43.6496 -177.742 109.074
-11.1675 -4.84521 -6.45864 -83.7969 -179.543 83.576
-11.9459 -2.38263 -5.67276 -161.413 -126.076 52.8524
-11.3003 -7.38416 -1.10413 -104.049 -160.799 14.1484
-12.4463 6.59919 0.383032 -220.482 -44.9176 -7.87255
-11.5362 -4.77002 -4.09484 -130.23 -161.659 33.5086
-10.6716 -7.74421 0.0951361 -45.5803 -205.848 -14.5855
-10.8066 1.75728 2.87094 -60.4161 -211.798 -24.7765
-11.4765 -8.57082 -7.20177 -129.459 -182.209 54.4388
-11.8674 -5.17612 -2.34503 -169.187 -106.285 31.2061
-10.1823 -6.0373 8.17242 -2.02822 -180.115 -87.0196
-9.45419 -18.0624 -9.84796 69.966 -190.375 8.32275
-11.4352 -4.52772 -2.59882 -128.009 -161.706 16.1707
-9.14356 -9.1501 8.12294 96.1846 -167.078 -84.5839
-11.854 -1.97692 3.33388 -176.567 -100.972 -34.7387
-11.4901 1.53296 -5.3657 -141.212 -126.493 66.6208
-11.7231 1.22895 4.7157 -165.53 -99.823 -64.5807
-10.9302 -8.53157 1.98939 -90.751 -126.201 -22.9855
-11.3854 3.79119 -3.48827 -137.667 -164.155 37.7872
-10.1423 2.91217 5.13934 -14.3727 -311.505 -69.9001
-10.9741 -1.40084 6.25829 -97.2313 73.6179 64.1074
-11.694 0.433101 9.13331 -169.5 2.99966 45.6036
-12.0416 1.27931 -4.99877 -205.712 -30.6791 67.7219
-11.163 9.76465 -0.943794 -119.864 -167.307 7.70472
-12.0975 4.63866 -6.4255 -213.228 -22.9558 71.9829
-9.80575 -4.13341 9.89656 14.3743 -159.375 -108.709
-12.1264 5.90954 0.255462 -217.587 -37.4268 -6.31687
-11.39 -3.66233 5.61061 -145.007 -139.906 -59.3102
-11.6653 5.74939 2.7518 -173.206 -108.691 -43.1189
-11.8783 2.68534 -0.457572 -194.774 -58.361 7.24618
-11.8732 4.67937 0.00288053 -194.331 -79.3773 16.7641
-11.7548 4.73965 -6.75815 -183.282 -96.7969 71.7551
-11.3599 -6.07974 -1.13586 -148.433 -159.548 -2.03002
-11.4653 -4.66898 4.42516 -159.688 -352.421 -174.014
-11.872 5.31986 0.47054 -200.887 -72.4238 -44.7955
-11.7667 -0.707797 -4.62721 -191.741 6.58329 -10.4223
-8.29281 -11.5466 2.50088 150.546 -39.664 -98.3553
-10.401 -3.46051 0.726721 -59.6336 -208.056 -2.46102
-11.698 3.9143 -5.41205 -188.598 -72.0883 65.2328
-11.9762 5.13134 5.72549 -217.67 -28.4596 -70.3737
-11.9997 5.76321 1.21367 -220.152 -14.8289 29.0756
-11.3962 3.84777 7.84984 -161.437 -92.6642 -96.029
-11.7742 5.29491 3.80397 -206.913 -31.5357 -47.7449
-9.56858 -10.15 -5.30923 10.248 -213.361 46.9727
-11.2418 -1.77515 5.5452 -157.713 -105.118 -65.6855
-10.0333 -0.0353492 11.8251 -38.0336 -150.708 -135.641
-11.6076 5.25129 -0.863461 -194.844 -69.6745 4.01346
-11.0719 7.59303 -5.05433 -141.721 -132.739 55.4473
-8.10961 -11.5277 -0.704643 151.247 -126.252 14.9302
-10.2409 -9.1114 -3.89847 -63.8056 -212.749 31.1521
-9.63031 -22.0771 9.85609 -3.19889 -254.666 59.2622
-11.1369 -0.922057 10.4956 -153.428 -100.917 -119.057
-10.1781 -5.40889 -3.26991 -59.6084 -178.654 55.2358
-10.8407 5.90522 8.24398 -127.594 -132.511 -94.7893
-10.0117 2.00632 -11.018 -46.4484 -143.781 125.609
-11.0367 0.467529 -6.28097 -148.387 -110.715 70.0667
-10.8719 2.44544 6.00398 -133.039 -127.334 -73.613
-9.7181 -1.72362 7.2527 -18.7514 -211.305 -95.1409
-10.585 3.94547 7.96202 -105.845 -136.662 -90.1198
-10.5068 10.7092 0.305026 -100.582 -160.33 3.27427
-9.8424 -14.4342 -4.68189 -35.7231 -108.457 56.0736
-10.7189 -4.68191 7.32136 -123.69 -149.482 -99.3354
-11.2192 3.86665 5.52619 -173.886 -73.728 -54.3072
-11.8226 7.58831 -0.906023 -234.119 18.4519 -5.41373
-8.90852 -11.9049 0.311017 55.1616 -173.358 5.62412
-11.4725 5.31415 -5.27893 -199.6 -8.90301 109.411
-8.13826 -10.7024 6.45284 127.507 -141.175 -79.9859
-10.7585 -5.19333 0.39001 -132.998 -151.502 -18.6784
-11.1169 4.97191 -5.52622 -176.65 -82.9654 66.4642
-8.03994 -11.0315 -0.219311 126.785 -174.898 3.59631
-11.1214 -4.35317 -0.0610493 -179.78 -109.809 2.67313
-11.3949 7.27704 -1.84976 -207.215 44.1428 7.94158
-11.3146 2.19322 0.646066 -206.822 -70.7049 -18.452
-10.8098 1.14772 -5.91231 -159.452 -84.6211 71.2478
-11.3456 6.71171 -2.05713 -214.647 -43.1239 25.8479
-10.6757 8.74891 -3.44225 -148.656 -137.68 34.0053
-10.9812 0.359176 4.3219 -182.497 -44.2205 -57.8022
-10.1848 -5.57698 -4.28222 -104.015 -161.564 58.7771
-10.9192 -2.01356 -1.32811 -177.046 -127.565 23.1296
-8.34149 -8.44125 1.5106 78.4531 93.7835 34.8197
-10.3596 -3.30779 8.18249 -127.13 -134.31 -80.1802
-11.0557 6.40972 -5.31558 -198.258 -63.4296 39.1642
-11.2464 6.79258 -5.69816 -218.408 21.3025 51.6843
-10.7909 -3.15248 0.95873 -173.271 -81.0048 -7.13309
-10.9261 5.52002 -0.0161104 -189.489 -67.6166 0.631891
-10.3781 -3.65376 6.61584 -137.69 -129.985 -78.1984
-9.38221 -8.92087 2.66029 -39.77 -205.005 -20.4179
-11.0701 2.97408 4.68243 -207.581 -60.1211 -18.1377
-10.1172 -3.52101 -6.64914 -117.147 -200.114 76.2032
-10.8286 7.14697 1.58604 -188.835 -61.5853 -27.7828
-10.5463 7.97814 1.54774 -164.412 -114.667 -3.6218
-10.4211 0.525363 -5.1698 -154.73 103.339 45.5439
-9.31997 -10.3664 3.9389 -46.268 -219.972 -53.3503
-10.7885 3.99826 1.39645 -194.863 -18.4336 -19.3267
-8.30363 -9.73298 3.35169 50.515 -185.398 -31.0623
-9.36636 -5.80387 6.77386 -60.6518 -171.635 -70.21
-7.73257 -14.9266 -3.66044 101.042 -135.336 38.3918
-8.77332 -5.19392 -11.3982 -4.09396 -160.136 141.182
-10.5015 6.94345 5.20446 -176.423 -88.721 -66.4835
-8.5569 -11.8295 0.993931 15.7144 -157.406 -7.38498
-8.32867 -23.6252 -0.583543 38.292 -328.177 91.0792
-10.8397 8.80048 0.748653 -215.268 96.1503 -16.4162
-8.97163 -7.94411 6.2694 -30.6981 -187.741 -63.6889
-8.626 -9.42409 0.491927 3.51368 -217.479 7.17744
-9.58589 11.9353 -5.1522 -92.1585 -172.794 57.5204
-10.8262 7.26955 0.36829 -216.193 -14.373 0.715834
-10.2844 7.16438 3.97968 -162.996 -108.777 -47.3616
-8.63392 -9.74221 -2.58096 -0.723468 -211.69 16.2726
-10.711 7.52942 3.30299 -207.965 78.2257 -39.1084
-10.7115 7.32391 5.78156 -210.28 -16.5071 -62.798
-9.19922 -12.3841 0.923249 -61.061 -528.72 -56.5964
-10.8114 8.26976 -1.76829 -221.37 3.385 5.74412
-8.45256 -11.5464 0.998961 11.716 -233.759 -7.9262
-10.593 6.49311 -1.1406 -201.017 -8.9735 18.1274
-10.1979 6.74053 6.83528 -170.082 -85.7516 -71.5023
-9.58249 -30.6082 22.9286 -109.46 -557.948 423.966
-10.4137 5.52385 -0.135048 -195.5 -129.188 3.74848
-9.39667 -8.16326 -1.97578 -94.7112 -216.373 56.6457
-7.62474 -11.0286 -4.49313 81.0232 -182.721 57.9319
-9.82122 -8.10292 0.409153 -137.731 -77.6436 44.6198
-9.91219 4.68218 7.29236 -151.667 -89.2818 -91.5959
-7.60447 -9.20006 2.21071 70.1519 -239.959 -15.5006
-10.4802 8.35736 0.496499 -218.146 0.31274 -20.4786
-10.5346 8.54711 -1.60676 -223.756 31.7028 1.21701
-10.3222 6.1 0.744941 -202.984 31.796 -27.2881
-10.0254 5.60269 -7.17904 -176.979 84.2757 70.0112
-9.63544 7.92621 -7.1766 -140.997 -115.105 83.3936
-9.74527 8.77062 -3.71672 -152.61 -122.389 56.9752
-7.47085 -6.75322 7.50638 70.4048 -189.348 10.8441
-10.1574 6.46982 -6.6594 -196.626 15.1336 64.4291
-9.41005 -2.95694 4.12859 -125.624 -164.317 72.4518
-10.2167 7.49575 4.58257 -206.267 6.094 -67.6965
-9.98789 8.69417 -1.84432 -189.157 123.024 22.0187
-7.71553 -11.3532 3.81864 34.9506 -221.985 -35.0105
-8.46316 -8.35368 3.41619 -40.5102 -190.918 -29.9916
-10.0403 7.32042 2.11716 -199.179 -9.07515 -22.5487
-6.48168 -12.0651 -4.82955 153.522 -97.1363 61.2942
-9.24213 -6.79068 2.18361 -121.02 -153.406 -16.7293
-9.23474 10.3981 -7.61413 -123.229 -142.089 88.5778
-6.64785 -11.0139 4.78651 132.975 -126.93 -49.5261
-7.81071 -10.2164 2.89597 13.0923 -211.738 -30.5311
-9.80023 -2.21549 3.60155 -188.604 -134.953 -39.8687
-7.52266 -9.3435 4.93236 34.8816 -182.179 -63.1822
-10.1127 10.311 2.17719 -223.274 -35.9765 -17.1086
-9.00638 11.0632 2.00627 -119.401 -164.507 -14.2231
-8.54557 -5.86616 5.83461 -74.8935 -156.381 58.2923
-8.89885 10.2886 -7.10638 -110.427 -149.159 75.6975
-9.11108 -2.87881 -3.18574 -133.952 -160.682 1.25378
-9.71024 9.33524 0.400326 -205.15 -43.5451 -0.013038
-8.76521 1.60901 8.0356 -111.688 -107.692 129.13
-9.33491 10.9747 -2.81546 -169.425 -10.7878 32.1404
-8.79135 -9.57924 -1.74023 -117.105 -187.484 28.9469
-9.77457 9.47104 1.95127 -219.302 46.3789 -36.5638
-9.24944 8.81544 4.7801 -168.541 137.954 -44.8975
-9.00615 -5.92919 5.11522 -144.559 -114.256 -65.1844
-8.22029 -11.377 -1.25521 -68.9918 -223.365 20.7503
-7.3975 -17.0049 2.06355 12.3488 -113.741 -21.3675
-9.595 9.23374 -0.861159 -208.431 78.608 2.91858
-8.28086 -9.71879 1.51038 -83.23 -199.49 -31.9245
-7.00908 -2.40418 6.05977 43.0748 86.057 43.8382
-7.9867 -2.92388 6.62866 -55.9541 -180.721 -6.77785
-8.87581 10.5935 -1.18522 -145.931 -129.952 21.2726
-7.06766 -10.2755 -2.98008 32.1124 -204.183 43.7922
-9.23157 7.06434 4.16659 -182.841 65.405 -62.7197
-8.54045 10.3098 2.87705 -114.84 -143.699 77.7727
-9.24114 9.27893 1.58422 -185.594 -78.679 -17.0753
-7.33031 -11.2565 1.92593 1.42719 -225.08 -18.9077
-8.84697 9.81587 -4.49263 -151.483 -117.578 44.9768
-9.4292 9.9512 4.73291 -219.714 48.229 -55.8533
-5.86836 -6.84546 -6.9073 130.341 -153.779 -40.1756
-8.8029 8.39058 -7.18892 -163.803 -79.5703 76.4231
-7.6637 -10.2063 -1.96774 -51.6838 -206.513 41.6221
-9.39669 10.3215 3.01575 -224.131 -3.26042 -40.3597
-9.2176 8.49827 1.63263 -207.19 18.5696 -33.7209
-8.70072 4.55182 10.8775 -156.018 -30.5139 -129.797
-9.5095 5.078 7.13935 -238.297 -5.72062 -11.6111
-9.00143 10.4219 -2.11181 -190.592 135.816 36.5969
-8.80034 8.17142 -1.0206 -171.487 111.066 -31.4399
-7.8497 -1.72301 -2.41144 -82.3338 -221.842 -73.7935
-6.17174 -7.52429 2.9177 82.5346 -218.837 -39.0319
-8.10898 -2.72674 -12.8987 -111.253 -185.991 161.352
-7.99342 5.4645 -12.157 -100.535 -105.015 139.804
-7.42919 -16.317 0.0408474 -48.7251 -496.397 95.9307
-7.60133 -7.13322 3.07772 -65.9729 -228.453 -34.1058
-8.68149 7.31755 -8.16576 -175.404 -50.1655 106.142
-8.0359 -5.14724 2.93521 -112.671 -153.66 -56.0201
-8.32713 10.6932 -4.45676 -144.623 -127.722 44.9448
-8.54498 7.96135 -0.863766 -169.822 81.8115 42.1939
-8.85339 8.88932 -3.05069 -201.409 51.2273 21.1426
-8.46719 7.90228 5.48746 -163.399 109.965 -58.8508
-8.67555 7.89369 4.0265 -184.155 -10.1372 -59.4555
-5.30957 -11.8129 2.06594 148.268 -127.082 -17.7666
-6.18517 -10.2607 2.70091 60.4255 -181.866 -20.0034
-8.44422 7.68336 -7.20551 -164.18 -66.7387 81.9685
-7.09564 -3.50221 -3.18815 -32.2464 102.93 -54.9794
-6.7285 -9.02258 0.781967 4.07372 -260.685 47.223
-8.42765 11.2131 -1.12224 -165.178 -112.844 5.45013
-6.64373 -7.34841 -4.03661 11.643 -294.29 44.2219
-8.48349 7.93024 -7.81718 -175.52 -51.3281 88.9963
-8.88524 10.4003 -3.10039 -218.897 30.3942 23.0524
-8.62381 12.4583 -4.89606 -193.085 -15.2125 35.896
-6.49676 -11.9911 3.10473 10.1234 -220.966 -43.0689
-8.65859 10.2525 -5.0432 -205.751 85.0079 64.7238
-4.72928 -16.1069 -3.0208 183.896 -117.84 34.3128
-8.53809 7.41127 3.74615 -195.042 -3.772 8.07735
-8.55354 9.27894 -2.91282 -200.95 -21.9368 21.1662
-4.82963 -12.4197 6.26774 164.387 -88.4111 -80.8562
-5.90907 -12.6494 -1.00593 50.7418 -254.678 248.525
-8.4333 10.3494 4.62236 -204.019 -33.9974 -67.1673
-5.86898 -9.22883 1.4122 48.4086 -244.854 -8.54405
-5.00699 -9.29521 -10.0678 130.558 -137.572 72.2187
-4.93344 -12.653 3.81069 133.741 -475.319 -95.694
-8.65723 9.70967 0.247825 -237.534 17.245 -20.8289
-6.49687 -8.95339 7.70579 -23.7463 -184.334 -82.1112
-8.21993 14.333 -3.21628 -196.784 154.842 -153.206
-5.65427 -11.7278 -5.59133 57.2788 -199.507 71.2201
-7.46263 13.5592 0.379686 -124.012 -156.652 58.4835
-7.88121 11.0641 -2.5559 -168.173 -106.568 27.53
-8.11643 10.2807 6.52192 -197.156 -31.2248 -63.927
-8.22513 11.3338 -1.38117 -208.547 110.069 24.0958
-4.8953 -11.8855 -2.47138 121.203 -157.389 36.5272
-8.06853 10.463 7.18783 -196.767 -38.648 -96.7219
-8.07715 9.63957 6.46875 -199.804 52.792 -87.5359
-6.75939 -7.99763 -3.15842 -70.6389 -177.424 -60.5805
-6.81632 -8.06209 -2.30377 -76.4692 -231.789 22.9444
-7.92341 11.3262 0.0977422 -187.381 -74.8509 2.96376
-5.53049 -16.1668 3.16881 49.4519 -174.18 -25.5765
-8.10188 9.98372 2.62684 -208.984 34.7327 -31.1512
-5.01586 -11.3106 -2.06387 94.4807 -163.43 19.2881
-5.22178 -12.6834 -5.12185 73.2646 -212.131 54.5192
-6.31587 -7.12892 10.3628 -40.5232 -153.279 -113.165
-5.36178 -11.9118 -2.15845 53.6083 -206.548 31.166
-8.04217 9.32526 -6.83389 -214.541 -49.2584 -250.386
-4.28747 -13.8798 1.28595 154.216 -158.134 -7.29123
-7.4184 9.63573 3.56859 -157.821 133.516 -55.3028
-7.65224 9.80491 -3.86993 -182.734 104.898 61.5797
-7.8416 6.06473 -2.94636 -201.748 102.702 29.7312
-6.7829 -28.2898 12.2162 -100.041 -320.93 27.9012
-5.70947 -14.8091 -0.227211 -1.52663 -200.822 -5.80712
-7.53055 11.4114 -1.92829 -187.045 -48.6495 48.5828
-7.68864 12.747 1.32916 -204.111 20.0251 -23.3515
-7.78272 11.1976 0.141344 -215.142 47.1535 -8.4997
-7.30325 8.21513 -10.3869 -169.543 -22.7423 110.693
-6.45804 -8.60969 4.50789 -90.3237 92.7712 3.07155
-7.5344 11.2441 4.49277 -198.323 -44.2342 -40.3999
-7.37786 5.62072 7.64112 -184.419 21.2162 12.8897
-4.35311 -12.3839 0.321578 115.193 -185.148 -2.29063
-6.11777 2.86639 0.0660677 -60.4013 -211.041 -44.2041
-7.52068 6.92813 -0.0513203 -203.542 34.1514 -8.23794
-7.17206 12.4733 -2.94057 -174.256 -92.8121 38.231
-4.08906 0.531668 4.71522 129.28 -180.481 4.16888
-6.99582 13.4099 8.05049 -161.071 171.077 44.3218
-4.97022 -11.1859 -4.6577 39.8302 -189.062 61.8016
-6.19816 -11.9186 2.77801 -85.647 -136.186 -31.9419
-7.09259 10.2031 -3.87334 -176.584 112.849 3.3847
-3.56412 -14.1469 -2.26928 171.732 -146.066 24.6643
-7.1612 9.85324 4.22583 -187.512 -32.5763 -37.9209
-3.82704 -12.5464 5.4562 141.368 -150.763 -56.6958
-3.98657 -20.5306 -0.74664 123.374 -398.505 -138.365
-4.99192 -10.9643 6.57344 21.2125 -193.674 -86.9486
-6.85923 12.1543 -0.614377 -164.71 -107.906 -2.91073
-3.83349 -11.3576 -6.05224 132.914 -126.842 78.2397
-5.16499 -11.0892 -1.6998 -0.953488 -206.756 13.6676
-4.50172 -12.2309 2.00058 64.3628 -203.494 -28.6966
-4.22817 -9.83338 -1.12723 89.836 -220.143 8.86173
-3.33954 -6.97866 7.77119 177.089 -91.1388 10.0029
-6.65998 7.38615 -12.2208 -158.005 33.6531 131.86
-7.02194 11.8249 4.29832 -205.263 -29.3359 -64.9271
-5.19268 -8.02837 -11.7792 -23.8547 -144.316 -55.4212
-3.36823 -12.7552 -1.77441 157.276 -141.013 31.1433
-6.14219 11.17 4.01857 -119.094 206.966 -117.984
-5.74246 -12.6914 -0.51226 -85.0329 -227.84 -65.4785
-6.71713 10.28 4.07224 -184.106 -27.911 -51.6588
-7.02064 11.9855 0.218844 -214.863 26.824 -14.4359
-3.18251 -11.8787 10.9884 162.728 -168.766 -125.597
-6.63021 9.4624 -5.75347 -185.578 42.4088 61.5105
-4.85219 -9.05319 -7.89022 -9.23787 -173.267 95.2782
-6.71607 10.5694 -0.768649 -196.37 36.3098 2.85796
-5.34868 6.35171 -13.7535 -60.5893 -93.5808 165.518
-6.85786 11.9876 1.17888 -212.885 72.7374 -64.205
-6.76573 11.7077 -1.19427 -204.333 81.5922 19.8486
-6.47945 10.8555 1.60643 -177.603 120.827 -40.3603
-3.66562 -12.0314 1.07485 91.1404 -185.374 3.15179
-6.25779 11.634 5.83228 -167.41 -86.6033 -64.7858
-4.19592 -12.7527 -2.16174 27.6324 -225.165 33.7981
-6.63946 11.7968 -0.890564 -215.314 8.10511 10.0629
-4.47457 -13.0885 2.17823 -8.30199 -235.54 -14.8683
-6.47384 11.5836 -4.09247 -212.291 56.6962 53.2371
-4.15722 -7.79653 -5.82431 14.9791 -205.676 57.9266
-6.26142 11.3727 2.40471 -195.715 3.78129 -41.0342
-6.09024 0.109959 -2.81536 -178.73 63.718 -66.8841
-2.66619 -13.033 5.12499 151.063 -142.713 -49.4951
-3.84479 -9.51346 -7.92347 33.8889 -168.588 103.595
-6.23245 15.0528 -8.54057 -205.871 -73.9995 86.6917
-6.14688 10.8624 4.80073 -197.752 29.8014 -62.2599
-5.83299 14.7861 0.43801 -170.162 -118.446 9.37901
-2.13863 -13.2258 -2.75566 192.235 -65.549 56.3028
-4.35472 -11.3565 8.93232 -28.8122 -211.235 49.0563
-5.91722 11.0831 -5.8622 -185.79 92.4163 78.8867
-2.74239 -12.3822 -5.56454 126.467 -145.708 72.6988
-4.19715 -15.7034 0.0679085 -21.2349 -183.291 -10.5458
-2.76557 -14.4775 -0.759582 120.241 -109.696 81.3927
-2.38726 -8.97653 5.47226 150.94 -189.713 -66.1945
-1.79963 -13.8075 4.16805 198.401 -51.8229 -61.1946
-2.25816 -15.4994 -3.23308 150.485 -164.932 -54.0692
-3.09282 -12.0284 -4.1483 66.3011 -194.799 28.5531
-4.74889 10.2051 3.93265 -101.624 164.038 -27.8869
-3.43693 -11.6411 3.97695 26.6835 -204.659 -33.4495
-5.25688 12.6578 -2.80189 -159.658 159.87 34.9107
-2.69164 -10.831 8.75587 91.7807 -152.972 -95.4097
-2.07911 -12.912 0.314878 146.803 -150.582 7.07755
-5.3364 23.6725 -11.5831 -178.079 79.4139 37.7966
-5.45483 10.7425 4.21372 -192.725 45.5154 -44.6357
-3.25587 -11.4982 2.43096 19.1793 -195.328 -21.0056
-5.04929 -4.07718 0.435607 -161.163 -35.7247 123.11
-5.34933 11.1857 -4.99071 -191.678 38.7994 63.137
-2.7576 -11.3485 -3.71716 60.6862 -183.917 24.6279
-4.91576 12.4911 3.36612 -167.839 156.094 -21.2226
-1.68313 -13.6473 0.551722 151.883 -165.921 5.15769
-5.0115 10.6702 -3.61891 -182.412 52.1099 42.7167
-1.96571 -11.757 1.36512 117.241 -153.02 -9.36016
-2.47121 -13.5126 -3.31579 63.0012 -221.853 16.1491
-4.54079 11.3213 0.0268438 -155.983 122.035 0.0969695
-0.846381 -14.5033 -1.81286 208.428 -36.8453 20.5134
-4.55884 11.6584 -7.49181 -160.787 127.203 86.4809
-4.05484 11.062 -3.84579 -114.833 163.162 63.8118
-1.66024 -26.2915 -9.45067 119.53 -80.4932 56.8818
-0.796557 -14.3508 -5.85289 202.024 0.254973 70.3918
-4.22091 -7.43012 2.94337 -139.318 69.0608 -83.0512
-3.26142 9.74657 2.54825 -45.3279 -34.3513 75.611
-4.50453 10.9059 6.69664 -173.039 79.4793 -69.3137
-1.19687 -11.5626 -7.48045 153.392 -96.5611 81.7464
-1.12222 -13.9266 -1.31255 158.464 -152.116 5.34625
-1.40844 -13.5809 2.79824 128.121 -185.161 -24.4352
-0.890474 -19.8855 1.83291 177.16 -42.4883 -27.4104
-4.52354 11.5495 -3.99148 -185.335 83.4282 56.3858
-3.45385 5.00368 -3.34642 -81.8968 218.006 30.2061
-4.57395 13.5603 -7.16274 -194.429 -68.9509 65.9536
-0.919132 -10.8992 8.90798 159.917 -69.0202 -82.9089
-4.46816 14.2323 0.497145 -194.366 -73.0308 -18.3332
-3.20809 16.2456 3.79728 -75.7842 147.531 -15.2575
-4.39146 5.25288 -8.92857 -197.309 77.4887 97.2118
-0.41694 -13.6366 0.695951 196.019 -70.4608 -21.4885
-3.21216 -8.35135 -3.76838 -82.2594 67.248 87.7129
-3.3469 12.6124 2.88902 -97.8823 197.758 -30.7417
-2.58477 -11.7986 -3.78052 -23.4201 -205.704 53.6981
-4.19238 11.8823 -4.30401 -187.413 -1.49131 45.1295
-4.48602 14.5279 -0.00890693 -218.614 34.896 -27.8418
-2.36406 -12.3749 0.0557654 -13.6705 -212.611 -11.7005
-3.98281 12.9769 1.05949 -176.383 147.206 5.60325
-1.62362 -11.5813 7.57972 54.2283 -192.705 -87.6744
-1.15188 -13.7648 2.11276 90.1317 -212.403 -31.5204
0.112995 -14.8552 8.09293 212.76 -84.079 -108.757
-4.19972 13.5003 4.41461 -218.098 -2.52957 -57.6822
-3.14888 14.9236 -3.11151 -114.022 -161.464 35.0512
-0.927419 -11.6867 -1.01004 97.997 84.0082 46.6167
-0.171295 -6.68144 -4.02393 170.806 -206.523 46.8165
-3.59007 11.7674 2.66551 -174.398 101.903 -38.6347
-3.56312 13.3859 -2.37539 -178.033 -86.7377 15.2287
-2.20703 11.7559 -8.24878 -53.0364 196.611 81.1515
-3.07872 11.9984 -2.58163 -140.867 152.078 27.7757
-3.22277 11.5126 -7.59693 -158.556 106.891 87.8185
-0.380529 -13.9918 -0.169429 121.878 -198.223 10.7593
-0.00520399 -12.1649 1.74738 155.727 -116.627 -27.0289
-1.10411 -13.289 -1.2239 45.8165 -466.609 -25.3394
0.143989 -12.1663 1.89676 166.671 -142.445 -34.8339
-3.59944 14.666 -3.43884 -210.565 -45.6461 39.9624
0.000417683 -11.4392 9.92041 145.587 -108.358 -122.338
-1.50935 -14.4569 -0.342525 -10.99 -107.691 -4.65555
-3.17975 13.0053 -3.1304 -178.821 137.525 54.118
-2.84366 18.0839 4.01642 -151.28 50.3662 -29.2225
0.855871 -9.14494 -1.29632 206.683 -157.183 -2.36472
-3.01537 -1.67248 4.94665 -179.951 103.314 22.2815
-1.83434 4.13562 -8.41396 -65.9772 -94.8267 -115.829
-0.13354 -11.655 -5.00976 100.197 -167.658 66.0518
-2.52656 13.1037 -3.10373 -151.076 172.321 57.24
-1.86029 12.2206 7.54691 -85.0867 193.26 -89.7163
-3.04918 13.8628 -1.53508 -203.994 72.9434 15.3346
-2.09271 11.3001 -4.4832 -112.314 158.104 59.8668
-1.07941 14.0783 1.06596 -17.4351 161.797 -20.5236
0.984704 -13.4988 -0.323114 185.691 -79.5547 -9.30618
-0.75605 -0.062611 0 8.85587 -1.06905 0
-2.72288 12.7813 1.8423 -188.784 72.4693 -33.7558
-2.10812 11.1869 9.07245 -127.847 137.493 -119.411
0.463883 -11.9888 3.70824 127.036 -146.939 -52.5773
-1.62903 12.0073 -3.50918 -84.0691 193.989 -13.6355
-2.37709 11.0122 -3.34511 -163.63 119.668 81.352
-1.6533 13.2228 -1.07974 -95.0827 205.353 11.2373
-2.1181 12.8661 -4.50751 -145.964 157.258 72.5389
-1.79002 8.41954 -5.43889 -117.982 131.146 -63.961
-2.37807 13.1847 0.777978 -179.471 123.697 7.63197
-1.50218 9.86051 8.04307 -95.0651 213.287 -103.234
-2.49255 13.3 1.52778 -201.203 -1.94884 -13.6567
-1.41028 14.1456 7.60277 -93.751 211.246 20.157
-1.39177 9.98529 3.27875 -96.5718 170.574 -39.1257
1.63792 -11.629 0.173942 202.916 -131.352 -16.5254
-1.85757 13.3708 -3.02114 -145.127 166.386 29.3929
1.04193 -14.7255 12.2755 131.693 -156.518 -33.0604
0.112619 -13.0626 5.3618 38.7606 -220.765 -61.5418
1.27404 -10.3472 -10.3446 153.964 -25.9048 122.778
-1.66509 9.40055 12.6582 -139.112 -4.20377 -145.351
-2.22716 13.6687 5.06544 -196.971 -11.1693 -55.2296
-1.50221 11.2295 5.37558 -129.5 133.73 -45.962
-0.0133399 -11.7452 0.592874 16.6516 -199.797 -18.4382
-1.974 12.403 -0.743689 -180.428 60.6153 -34.6102
-1.55225 11.4657 3.6724 -140.633 128.359 -45.2277
1.01667 -13.8523 2.96052 112.749 -205.83 -24.2702
1.71701 -12.3064 1.45214 179.336 -72.7253 -36.6552
-0.0306842 14.1635 2.72342 3.14133 177.122 -53.9973
1.99716 -13.1072 -7.48268 197.407 -46.5933 77.6851
0.404111 -12.2886 3.59397 33.0592 -208.504 -40.9067
-1.45062 12.9124 3.45911 -151.256 152.16 -21.0688
-0.128266 11.6858 -1.45781 -21.3947 197.007 -0.593877
-1.25273 11.6043 -1.5968 -134.918 133.839 35.9962
-0.964248 11.776 2.08733 -107.364 161.114 -21.7678
0.791532 -12.8655 -3.39302 63.9949 -206.492 33.2688
-1.5071 14.3746 0.559071 -165.129 153.392 -22.2965
1.98553 -12.1828 -3.48628 179.53 -68.4756 40.0992
1.85505 -10.5098 11.5685 159.839 -40.0277 -115.553
-0.309964 11.6578 6.38489 -71.8259 183.218 -89.5847
1.51845 -11.1146 3.80358 101.284 -155.407 -46.3083
1.55026 -5.73223 -10.0002 100.258 -167.154 40.4287
-1.10829 12.0003 -2.25142 -168.907 103.447 41.062
-0.206427 9.50943 13.6613 -82.1731 -79.2668 -164.309
-0.212598 13.5585 0.0363999 -85.2819 215.502 4.45639
2.59999 2.56306 -6.95348 189.748 17.3405 31.456
2.43297 -3.46074 -1.28151 170.907 -102.421 -103.6
2.55419 -14.5105 -0.136262 176.844 90.5303 5.23391
2.01164 -11.0724 -6.42655 116.556 -143.635 78.1257
-0.358247 12.8282 -0.763771 -121.853 170.655 8.53848
1.34548 -12.0915 8.56144 47.2657 -165.375 -105.809
-0.576729 13.459 -1.80175 -156.186 129.188 7.06602
-0.860228 14.4687 -1.7019 -195.186 80.409 20.3386
0.828335 13.5353 -2.49589 -44.361 227.317 15.3054
2.30938 6.60357 -7.4946 101.836 105.344 -114.762
0.765125 20.3219 -0.465645 -53.2747 171.59 3.5485
3.39231 -13.123 2.06863 202.42 -65.7622 -35.156
-0.694588 13.8327 -6.40901 -204.697 46.1725 56.9833
2.86639 -13.7023 -2.42455 145.544 -149.609 12.3716
0.6332 11.3644 5.70353 -79.7187 173.286 -80.9851
1.38761 12.3874 0.847611 -7.02847 211.071 -0.859017
3.04545 -8.58444 -4.50366 133.332 -120.166 -122.747
1.41238 13.163 -3.4783 -31.0209 222.255 36.6932
3.88439 -13.6817 1.41847 214.164 19.626 -18.2082
-0.303929 13.7016 -4.55167 -203.125 40.7503 97.3106
3.78695 -21.7456 1.45245 196.415 -67.7936 -3.67202
3.25351 -10.0579 -11.6707 142.975 -100.274 124.067
-0.0335786 14.1223 2.1963 -185.439 122.661 -36.6985
3.66512 -18.1951 -7.77099 175.287 -82.5028 116.791
3.57916 -11.6216 -7.51124 164.353 -107.292 69.5166
1.2912 9.83943 -2.84909 -64.6765 166.043 -88.6546
3.41267 -11.983 -1.85726 124.741 -170.009 -6.79305
0.838916 12.9533 -6.75236 -134.704 166.207 78.6886
3.29948 -12.0022 -0.703294 108.419 -178.45 -1.91083
1.1679 14.0458 -1.47728 -103.36 121.084 44.6145
4.21322 -13.2584 -2.80219 196.201 -111.706 8.636
0.301089 13.5401 -4.532 -196.559 30.2304 36.68
2.13649 12.5703 3.84867 -21.6814 215.312 -52.8173
2.44252 11.7153 -5.29304 5.97048 201.325 71.7492
4.50344 -20.4367 17.4794 209.809 127.452 -186.4
3.34475 -11.3598 -3.10243 91.0829 -174.587 29.4268
4.40944 -12.1046 -0.951742 194.208 -59.069 18.2965
4.5866 -12.1796 5.09978 204.144 -32.5136 -45.3258
3.95328 -7.72745 -0.325957 137.081 -137.82 -139.196
4.37202 -11.0827 7.77573 171.656 9.11238 -92.4472
1.34126 11.3378 10.3905 -129.749 125.906 -107.879
1.68212 0.467443 3.52712 -96.134 87.1093 153.109
3.88893 -11.1768 2.07948 116.796 -147.604 -33.6627
4.79815 -12.316 -1.24591 195.607 -57.8665 8.94554
1.69648 11.9779 6.11019 -115.901 161.962 -72.7539
5.04788 -12.334 -0.139727 209.92 -1.24213 -0.0140716
0.947499 14.7882 -1.30414 -203.982 85.5406 30.8541
4.53875 -7.47816 -5.36507 150.405 -133.622 35.9261
3.70197 -0.498605 -9.78582 65.8094 -143.61 -41.9907
4.70323 -11.547 7.0549 163.488 -134.259 -70.0134
1.47222 14.0735 1.38508 -160.684 137.776 -14.5058
4.92382 -12.8853 1.24901 179.922 -135.216 -31.2086
2.81401 11.7556 -3.44597 -29.8355 201.217 33.1318
2.89625 13.3072 2.69323 -23.9093 230.813 -21.7004
4.88563 -11.1185 -0.243209 171.383 -100.518 8.10018
5.30404 -12.7583 5.22648 211.572 -32.3922 -56.9832
4.60825 -13.4381 -7.19986 141.945 121.679 85.4286
2.09735 12.1627 6.2444 -109.156 3.31521 88.7078
3.03897 12.8634 4.71293 -49.6731 215.347 -59.1414
5.35949 -9.60752 -7.57303 174.237 -22.3287 92.6832
5.36674 -12.5388 1.69479 170.017 -160.227 13.6135
5.8231 -9.28924 0.012194 211.865 -31.846 12.9203
2.66723 12.5153 -0.41181 -108.59 181.19 -10.3436
5.86193 -11.0774 -4.52541 201.204 -48.8469 46.5068
3.6254 11.2786 -1.58122 -23.5268 201.747 6.55166
3.92672 10.9887 -0.714539 4.88001 199.522 28.5387
5.31152 -12.8224 -1.41137 141.795 -189.399 7.93284
5.373 -18.7442 0.60994 144.377 -58.7982 -3.22469
2.89753 10.4521 11.6501 -102.534 132.155 -126.145
5.54662 -9.22485 5.10473 155.925 -173.672 -14.9281
5.81745 -11.5887 5.64246 180.772 -115.505 -60.3743
3.1467 10.9932 -4.51049 -85.2724 165.963 51.7668
4.13251 10.9405 -2.73748 11.4073 209.028 25.0823
6.27884 -12.2181 0.901341 220.231 -27.3535 -2.55662
3.25533 10.6383 -6.15432 -81.1771 156.919 88.9815
6.05119 -10.4656 -4.79849 191.82 -19.6891 54.5946
5.92274 -11.7734 -5.57317 171.662 -146.534 43.7037
6.38079 -12.105 -5.00066 212.551 -13.8049 56.8118
2.79622 4.69533 -9.69973 -144.345 235.063 113.681
6.17647 -10.2535 1.81248 182.838 -72.0208 -46.452
4.53011 10.9269 -1.85409 4.34983 196.557 14.9023
3.04359 21.3096 -0.589849 -148.033 32.0901 3.79555
5.01447 7.32862 11.8447 44.8309 217.513 -175.889
4.6267 13.122 0.181638 6.16719 235.738 21.8022
6.54158 -10.62 1.65677 195.413 6.34326 -17.9377
3.60592 12.3054 6.30218 -96.6988 187.407 -75.0189
6.14015 -9.42616 5.04773 151.428 -115.032 -53.9952
7.03113 -20.2488 0.521799 235.026 44.9763 1.35322
4.75367 0.0944167 -10.8073 7.46189 186.418 2.46794
3.30486 11.3982 9.25669 -139.927 121.58 -106.139
4.13987 11.7632 -1.62536 -61.2341 193.541 15.4743
6.58911 -11.0648 3.79625 181.713 -120.368 -67.4032
3.90196 11.6933 -4.36405 -87.1326 179.763 34.7484
2.7757 13.3339 0.495288 -199.556 67.9095 7.6898
4.63435 12.6222 4.00125 -16.0797 226.174 -36.0964
5.52692 10.3556 -5.06427 69.207 187.652 48.8786
3.11363 10.0334 12.9292 -171.247 138.076 -327.469
6.88839 -10.9961 4.42892 198.044 21.7153 -46.9734
6.70915 -8.83032 7.3303 176.667 39.8038 -86.7515
6.97846 -9.70255 -4.37768 192.378 -34.812 49.5954
3.27273 13.5254 -1.20859 -176.639 109.257 9.18863
7.09232 -10.936 7.41649 200.561 25.6851 -96.7215
6.85527 -1.62865 4.42497 176.366 180.558 -14.0767
3.30819 20.4718 13.992 -180.147 85.5761 -124.785
7.16117 -9.91072 7.30512 191.682 -40.7121 -80.9427
5.60147 9.82276 2.22602 31.0487 189.962 -25.8781
7.36086 -10.6812 -2.77308 201.36 14.6273 37.5418
4.84541 10.493 7.20811 -48.9772 177.344 -76.7873
5.31426 11.6678 -2.1326 -2.74096 200.809 17.7793
4.87961 11.2428 -7.90105 -48.782 191.64 100.781
4.69339 12.2812 -0.22384 -68.2733 201.922 -1.09761
4.42114 11.6415 3.51333 -101.759 167.857 -42.2534
4.62768 10.2171 -6.78194 -90.2732 156.075 65.1877
7.42679 -9.22878 -0.314403 181.272 -74.1394 18.6733
6.09345 8.23705 -5.31527 45.7174 239.205 33.5692
3.84078 12.8824 3.34338 -182.335 76.2593 -41.0748
7.70603 -9.40438 6.36487 199.709 -25.1908 -80.9048
5.20811 11.7908 -4.2932 -52.0643 207.053 59.0768
7.72065 -11.1488 4.58573 194.518 -117.612 -51.0008
6.47345 7.04589 5.75357 68.6553 183.96 -68.4923
7.81321 -11.1688 4.17168 201.63 42.0861 -60.2382
6.014 11.784 -1.76215 19.394 221.731 27.2806
5.64651 10.2081 5.73884 -18.1045 190.342 -48.1779
4.97051 11.6399 -0.0419319 -86.4829 178.287 -10.8464
7.48837 -16.0016 -14.6186 160.211 56.6605 175.4
8.06493 -10.6098 -2.4645 216.12 -11.0948 20.2873
5.35887 11.4291 -4.39575 -54.2934 193.405 59.8226
7.78451 -8.43619 -2.05329 180.919 -67.9818 -47.3793
8.19598 2.11655 -0.407233 220.901 0.297632 -2.66056
8.01705 -10.0061 -6.9326 203.08 -79.3445 74.0497
7.84039 5.48797 -1.64459 185.442 -2.60509 62.2194
7.74553 -2.85132 2.26634 175.057 60.8609 99.6159
7.86103 -8.68993 -4.63994 183.325 30.1255 69.6422
5.91724 12.272 4.44488 -11.6582 228.217 -29.2084
8.32695 -11.7524 2.79866 226.257 6.1583 -23.6172
6.26519 12.6267 -4.25162 19.6016 34.7381 149.087
5.53249 13.3751 -0.899194 -54.9153 224.165 20.2362
8.3727 -10.5485 4.68365 217.263 -47.2253 -56.7959
8.39935 -10.8707 0.534791 216.575 -19.6776 -13.1624
8.46314 -18.8583 -0.721604 217.735 -33.8701 11.1796
5.9634 9.99069 -5.35367 -37.0161 204.408 71.9745
8.474 -9.65194 -2.73126 205.994 -64.0702 40.3057
8.18526 -8.85838 -5.47102 177.185 -101.82 37.0952
4.6081 14.0535 2.03552 -181.852 125.486 -8.33699
7.31647 3.7832 -12.8673 86.5478 112.17 151.595
7.90432 -12.1529 -1.56075 141.345 159.104 14.733
7.62886 -3.43612 -3.59045 107.597 184.593 -28.5528
5.16803 13.0734 -4.15137 -137.989 169.735 42.1016
6.41787 -11.4803 2.35217 -20.3163 110.525 -3.8682
8.67109 -11.1323 3.79879 201.538 51.5252 -27.6653
8.62179 -8.79169 2.5914 194.73 29.2642 -31.384
8.41845 -1.97825 -5.72819 172.057 -51.1992 38.9202
8.4601 -8.04327 -9.70662 174.626 44.3004 115.226
5.94882 11.9773 -2.59527 -79.7299 197.613 39.7076
8.92384 -10.2835 2.29735 207.911 42.5708 -27.998
8.72645 -10.0817 -0.0860704 184.332 -131.5 3.73676
9.06773 -5.90737 -6.137 212.624 -26.7986 75.6123
9.06628 -11.8521 -0.165246 210.767 26.2262 4.85024
7.93184 8.24107 2.02907 95.0882 168.942 -8.91524
8.28682 0.482844 13.3961 129.705 53.3199 -158.33
8.45672 -1.54059 -10.9536 146.277 2.01659 129.14
9.2277 -6.12453 0.932803 222.1 -26.5033 34.0127
8.77517 -10.4802 -2.92904 176.075 -16.6651 54.832
7.5458 7.46901 -5.88014 52.6922 175.253 73.4178
6.2429 4.29399 2.70771 -76.9242 242.507 -10.484
9.01417 -4.29614 -2.87152 197.768 81.714 -25.2897
7.68579 8.64014 -1.01973 65.4306 184.32 10.3446
9.11078 -9.20257 -3.5324 204.86 13.4768 29.2874
9.01047 -9.06809 -4.53169 193.459 51.6947 54.7513
6.7988 1.99243 -1.65883 -28.1924 28.3828 173.723
7.76081 8.63586 -6.63131 65.1977 189.565 82.7002
9.33396 -8.96278 1.62212 218.042 1.88814 -31.3065
9.03766 -8.269 -0.90209 183.818 -94.8554 3.58834
7.46325 10.6009 -4.93595 24.6083 219.78 70.0673
8.90256 -6.73034 -6.17313 162.962 -98.7085 76.4443
7.34985 9.128 -5.27373 8.41543 191.303 61.9646
6.60455 12.6408 0.0948549 -67.8356 219.71 8.25385
9.31508 -10.5103 -4.09899 193.236 81.2739 44.7038
9.41757 -8.17125 -2.50339 203.05 -40.273 31.0148
9.44695 -7.83517 -1.56564 203.588 -21.6869 7.42635
6.32797 9.51683 -8.33975 -107.183 141.296 84.6227
7.39922 10.1863 -1.50344 -1.78182 164.239 78.7797
7.1733 10.5509 -1.02046 -25.363 208.014 4.9897
8.08457 10.5348 -1.29038 55.5694 217.57 23.6579
9.66603 -8.63479 -1.70239 210.837 -23.3581 25.6423
9.79469 -9.34303 -2.36747 220.86 -53.6508 -36.5339
9.61278 -5.61391 2.4882 196.21 87.0686 -28.7355
9.38312 -8.04403 -3.79681 172.975 75.7402 45.4378
9.43569 -15.8661 -6.95535 175.502 -90.3865 11.4375
9.84754 -9.19148 0.495404 214.035 -83.4658 3.16799
7.56837 9.20306 -1.55178 -13.8596 191.708 23.7043
9.53338 -6.86419 3.37181 179.891 -88.7782 -31.5545
5.99582 13.3388 1.46918 -174.458 109.114 -17.5462
8.74986 5.34007 10.9357 92.5265 144.737 -131.607
8.9797 1.98432 10.7044 114.459 98.6532 -129.757
10.1232 -9.50274 2.78903 224.427 -20.4699 -26.6339
10.0092 -4.3147 -2.16587 211.168 28.326 7.44742
9.91276 -7.8545 -3.05787 201.485 -67.3694 49.4337
9.80758 -8.05062 0.849734 184.972 78.5447 -7.89719
7.73606 3.52334 9.85093 -21.2158 129.776 70.9155
10.0291 -11.0837 -0.221357 205.025 78.7793 8.92406
9.99716 -7.07743 -0.540912 194.859 26.0147 8.07825
10.0919 2.50992 2.07577 202.144 -3.39339 26.9845
10.0941 -7.43391 -2.56963 195.573 43.6535 26.6645
8.00659 10.7432 -5.94477 -12.7201 192.502 46.6252
9.26086 6.3444 -2.52433 111.187 155.582 32.9746
8.60035 8.54339 4.90061 43.649 164.045 -59.2603
10.1596 -9.88345 -2.53876 198.237 71.8709 26.2653
6.66444 11.4944 -4.41583 -149.516 130.555 62.471
10.0174 -5.54896 9.66731 183.37 49.1969 -111.175
8.10721 1.63421 5.05909 -7.84751 236.629 -69.4928
9.41886 7.91411 -2.26749 118.804 168.396 -4.44054
10.3857 -7.92027 -0.463196 214.393 -27.8023 25.6598
9.74643 7.79188 2.31245 148.872 153.929 -30.0259
9.79793 -10.7738 -2.81466 153.738 145.458 35.0267
9.05189 7.32953 -1.65279 79.5294 175.821 10.899
10.429 -8.05869 -0.0827083 213.099 -63.2812 -2.88858
10.4862 -11.7404 -1.27668 218.169 -94.7825 21.7349
7.05666 10.9072 -6.97525 -123.995 142.601 97.9272
10.0346 -7.89988 -0.71963 170.837 113.185 4.05472
9.11505 7.17311 -0.744409 79.4453 178.933 23.4306
10.4239 -7.58864 -4.15232 208.391 -66.5446 44.8351
10.6961 -7.04462 4.35717 231.324 150.21 -93.2344
10.2415 -3.77447 6.04526 183.778 -11.1753 -69.1137
9.26516 6.58105 3.92047 86.289 170.592 -60.2144
9.79907 -6.79846 -10.8821 136.659 97.639 123.652
10.3503 5.48375 0.13487 188.002 106.805 -5.17362
10.043 -2.85027 9.62642 156.23 82.2698 34.7849
10.6399 -8.33693 -1.3154 215.152 -86.3702 13.3229
9.88613 5.09581 7.5859 137.006 129.541 -87.1045
10.6738 -9.27805 3.92568 214.752 61.6611 -49.7015
10.3508 -4.40523 -5.49486 180.464 31.8879 65.3919
10.8585 -1.49466 -3.50787 228.12 43.1673 -1.51388
10.5704 -5.20869 4.57938 198.774 -22.9291 -35.7267
10.5162 -6.10233 0.534434 190.997 -24.0011 -24.7391
10.4564 -4.33939 -4.93325 183.007 48.0414 47.429
7.89242 11.4069 -0.417722 -72.7211 214.111 -7.57398
10.7071 -6.7305 -2.55137 201.224 -45.4299 64.9667
8.87479 8.19489 -2.8077 17.2583 196.815 33.969
9.76165 6.0564 -8.59771 103.976 161.114 96.7747
8.06897 9.3842 2.07685 -64.4083 184.824 -15.8385
10.0885 -9.3569 -2.65379 135.897 127.795 27.2306
10.624 -5.52502 3.30121 186.43 44.4055 -37.6083
7.07248 12.208 3.80954 -167.23 122.62 -45.6621
10.8895 -7.63221 -0.329361 206.921 -90.7004 5.95364
10.715 -2.86482 -6.57185 186.802 13.1518 78.0431
10.565 -1.48233 -5.04697 171.325 94.8346 56.785
9.17833 7.64905 2.82475 31.8597 196.054 -12.1268
10.958 -6.86516 -5.3409 208.495 18.9894 64.4411
10.5218 2.98441 -8.63966 163.148 88.6992 103.022
10.1809 -9.10848 1.36726 128.369 146.795 -20.7799
10.7754 -4.54159 -4.46694 187.145 75.6379 47.5693
11.1668 -5.65927 3.74944 224.645 -31.6163 25.2203
9.26223 14.383 1.56528 31.4443 213.492 4.14391
11.1555 -6.65513 -2.69015 218.563 -12.9192 50.9032
10.501 7.84827 1.95739 153.328 165.661 -26.0156
10.4146 9.44472 -0.491809 141.165 180.665 8.14068
11.0743 -5.33875 -3.97713 204.512 -27.1149 12.3776
8.30167 7.69567 -8.93572 -72.9055 148.1 111.528
9.40827 -0.390606 -4.60994 35.9771 228.993 22.6018
7.92652 9.17402 -10.0232 -114.252 130.855 108.802
11.1993 -5.43272 5.02133 209.055 1.59338 -56.9163
9.09223 10.1028 -1.45324 -0.989105 214.805 16.5977
10.8641 4.53411 -3.13369 167.063 110.231 30.8466
10.9041 -0.718981 9.29913 170.986 61.1531 -94.4161
10.9724 -7.27153 5.43653 176.103 6.87399 -86.6061
9.30273 8.26877 -2.88184 4.32135 202.776 26.8833
11.0341 1.71512 8.00585 175.075 83.4253 -87.9089
9.63046 9.2045 8.27226 33.977 217.099 40.7736
7.75178 11.3091 1.15294 -153.359 132.649 -25.7722
11.3373 -4.45189 -0.932265 201.911 -49.1715 -2.06636
11.0184 -7.94174 1.41878 170.157 114.452 -21.1577
11.3356 -3.29659 -4.70496 199.044 -21.8935 56.9641
10.697 -0.464829 5.24962 135.168 -37.1511 45.0839
11.1093 -2.54567 -9.21179 175.08 75.1188 112.309
10.793 -5.56088 9.56517 142.843 112.67 -98.9624
10.8565 -8.91105 0.976378 148.132 124.093 -15.6128
10.2635 -5.71 -9.06766 88.9979 157.218 107.544
11.0979 -10.9992 -2.40403 170.983 -140.944 90.4478
10.1681 4.60372 9.492 78.1503 157.506 -104.446
11.0155 -5.18426 7.62256 161.002 81.4949 -93.6853
11.169 -7.2257 1.61134 173.048 106.399 -23.4839
11.7604 -7.35278 -1.44129 230.975 -47.0098 4.0777
11.6859 -5.89759 -3.42876 222.149 -24.3424 60.099
11.4208 -0.769768 -0.698447 186.594 92.8479 8.46593
11.6482 -3.71284 1.46028 203.856 25.6099 -14.7715
11.1289 2.78998 -9.09677 151.04 123.49 100.951
8.35585 11.8227 -3.92026 -125.788 172.277 34.7007
11.2019 -4.08999 5.85522 153.099 121.847 -70.3608
9.71135 15.7739 -6.1121 2.50969 276.106 -119.456
11.4649 5.92788 -0.000753879 175.695 129.527 9.66201
11.668 -2.61789 1.02302 195.214 21.1816 20.5634
11.6198 -3.40032 0.0571509 189.794 63.1679 -5.61322
11.9922 -6.14528 1.49146 225.74 5.20378 -15.4246
11.695 -3.03252 -2.69341 191.492 59.0833 34.066
11.7727 -1.95581 4.99881 198.827 172.532 -76.7371
10.701 -11.0779 0.955855 92.2273 186.342 -12.5559
10.0442 12.9617 5.75981 25.3379 233.14 61.4581
9.58145 9.73205 3.07566 -20.8458 174.779 -35.6126
8.76 4.92589 5.93429 -107.344 -78.0168 67.3483
11.4113 -2.28048 4.6035 153.36 101.357 -55.7159
11.7538 1.90127 2.70025 186.276 87.9224 -25.3842
11.9605 -2.61164 3.5777 203.453 55.1937 -47.1183
9.45587 1.87389 2.49037 -47.5484 -2.12985 -155.882
11.9781 -5.30817 -4.39889 201.001 72.6487 61.0156
8.94184 17.7603 0.638207 -100.667 429.147 -142.163
11.8661 -4.86031 -5.23468 189.309 -51.8833 103.408
12.1488 -3.91401 -1.8759 216.287 22.4176 23.1956
12.0846 -2.42452 1.84414 209.107 53.5109 -26.9204
11.1981 6.94258 1.53241 120.063 181.614 -14.054
12.0248 -0.783296 -2.97739 201.307 33.7185 37.4972
12.0418 2.11596 -0.72005 200.157 63.9518 6.30197
10.0644 -6.01851 5.81663 2.96947 181.99 41.3084
11.8958 6.04762 0.454549 183.523 136.388 4.72981
10.8221 7.07838 -3.96942 74.1406 200.788 62.3668
12.2919 -7.12716 -1.13197 219.554 59.7313 14.4985
7.98943 10.9624 -2.64914 -208.873 236.884 -53.0869
9.93105 14.8128 9.10343 -19.8837 149.883 -96.0611
12.1602 3.78802 2.7115 199.088 47.3338 -41.306
11.5867 -1.18822 -3.1508 141.906 326.486 -47.9355
11.122 1.96687 9.00736 94.0944 161.122 -101.145
11.4686 2.09154 0.983582 126.921 144.518 -8.88812
11.0683 4.21289 -2.46489 81.9928 172.152 32.1539
12.1202 2.87166 3.41756 184.948 107.516 -37.9501
12.1023 -0.775465 -2.58278 181.768 93.2219 28.2313
10.7824 5.38109 2.64641 50.5005 186.326 -39.0211
8.7243 13.854 -3.43185 -155.547 -121.926 34.6994
11.7955 -1.23676 -5.59049 149.182 123.505 66.395
10.4977 9.16984 1.70347 13.2422 221.615 -18.738
12.1205 -3.27151 -2.31452 168.757 61.4131 24.3774
9.96309 8.09534 -1.51628 -46.1856 187.56 22.9725
11.8255 1.10156 -1.43525 137.223 140.126 11.322
12.6555 -2.39768 -3.73931 218.688 -22.6876 39.7839
11.8116 4.26497 1.15361 134.515 162.409 -16.0619
11.9251 12.084 -11.6588 143.041 364.592 -159.054
12.3288 0.73175 0.433356 181.989 108.627 -54.4442
12.4531 9.71503 0.37581 193.151 308.52 -119.971
12.6247 -3.15298 -1.41853 209.327 62.5547 19.3532
12.2843 0.538129 1.35745 173.453 96.9384 32.8167
11.4469 4.28246 4.77971 87.1834 181.411 -52.5554
12.4307 4.41077 5.46785 181.48 129.861 -70.5585
10.5476 5.20854 6.97437 -5.7571 180.415 -63.9778
11.2447 6.19093 -5.80323 61.0612 199.702 83.2046
12.5844 -13.4845 0.609904 194.129 9.45889 34.9823
11.3248 -1.35038 8.09181 64.5082 160.984 -106.415
12.4094 -2.12376 2.24296 172.009 212.199 3.96489
11.8465 6.58769 1.74289 115.71 193.321 -24.9996
10.4025 2.92087 6.66153 -29.3825 245.765 -68.7457
9.63174 8.23803 -5.96483 -106.512 147.058 76.0699
12.3081 4.27885 2.08421 159.203 150.271 -17.9728
12.9972 0.641715 2.90923 225.281 17.4467 7.58585
12.3238 4.03283 -0.91868 157.946 148.331 13.8073
12.3729 -0.00692788 -1.13864 161.047 116.167 14.3081
11.8036 2.04959 -1.43063 101.657 162.712 14.516
12.2685 6.76393 2.22748 145.471 183.482 -24.6205
12.9687 -2.74679 0.337812 214.877 226.353 50.8991
12.7626 0.792384 2.46512 193.718 75.4522 -29.0095
13.0372 -3.85457 -1.70281 219.863 71.8309 14.2938
9.58833 6.77529 -0.460422 -122.786 236.065 -4.1629
10.7633 30.5218 -8.53752 -7.29952 273.844 62.3412
12.8273 -2.13026 -4.74166 193.746 115.31 55.2592
9.82619 9.90106 2.58215 -107.395 181.473 -22.6696
12.822 -4.46077 -0.242488 190.008 -87.0582 -54.0521
13.0861 -4.03652 -3.49977 212.143 73.4503 35.4507
12.5027 -5.88027 -0.525451 154.121 147.046 4.27651
9.89474 10.5197 -4.70455 -107.995 182.01 62.8783
13.0766 0.93283 2.09824 206.829 82.6974 -26.8271
11.4091 8.25376 -3.86328 40.0188 222.276 43.4648
14.0872 -15.2379 7.29802 304.622 -59.4233 37.8146
11.8546 -8.23938 5.54163 82.5704 180.519 -64.2084
12.7476 0.0241795 1.6352 169.444 120.654 -18.1423
12.481 2.03703 -3.89345 140.402 160.088 54.53
12.8316 -0.956706 -1.11854 173.177 116.498 14.951
13.0036 -4.21035 -6.48908 187.167 132.181 68.4769
12.2475 -1.75728 2.57771 111.353 161.999 -35.2665
13.1598 0.104864 -4.96512 199.337 90.7006 55.9492
9.94974 16.1307 0.253002 -121.821 143.563 30.672
13.1023 -3.63045 4.30447 189.5 103.07 -33.7622
12.5856 5.09376 -1.18853 137.239 187.577 8.1177
12.4415 0.36929 4.94263 121.441 167.156 -49.5748
12.7757 1.65207 -0.498351 154.504 149.446 -0.217801
12.1904 2.63636 4.20138 93.0128 183.342 -48.0129
11.835 0.949516 7.18129 54.9969 164.782 -83.1321
13.1408 2.09311 -4.70171 183.692 121.256 57.2217
11.4889 7.51421 3.60368 17.1484 222.952 -19.3927
11.581 1.16485 0.743257 24.5648 233.616 -20.7831
13.2835 1.34536 -1.6992 193.216 116.579 21.0101
11.8818 -7.83361 6.53144 51.3084 174.004 -75.2925
12.6015 -3.87291 3.88315 119.795 160.821 -43.7826
14.0988 4.46789 5.0697 266.546 175.475 19.2494
10.8427 8.54697 -0.399553 -58.4287 201.374 16.2478
12.3597 -0.22032 10.0338 92.2481 168.165 -74.1751
13.4987 2.79985 1.38586 202.497 103.837 -15.4556
12.9017 -1.92187 0.335947 141.431 148.828 -2.0729
12.8833 -2.81556 -4.17001 137.572 106.172 54.7181
12.7537 -5.44062 -1.46731 124.223 167.536 18.0552
12.4043 0.803662 1.87977 88.772 172.755 -24.2052
12.3545 4.1703 0.022711 82.2726 188.712 3.25371
12.6118 4.06206 -3.09172 103.608 180.752 37.4926
12.8972 -3.64558 -0.65307 129.996 149.337 8.54144
12.2387 0.500827 7.36372 63.2486 181.83 -85.203
11.4933 4.86912 4.41343 -11.8396 194.627 -33.2295
12.8737 -0.540091 0.438929 121.564 157.479 -10.5635
11.4747 7.74995 2.0954 -18.999 214.462 -31.5455
13.8329 -2.29319 -4.32224 214.099 51.8328 46.515
13.2263 -0.631681 5.91259 153.761 140.681 -67.2913
11.766 21.7703 -9.10247 8.05966 260.271 -0.83481
10.6225 8.59532 5.27963 -108.732 175.975 -71.761
11.0717 6.71915 8.34169 -65.1718 179.648 -92.9408
12.5451 -1.10644 -5.62396 80.7896 169.118 115.415
13.0459 -2.56249 3.88757 129.703 151.997 -43.7382
12.0984 16.3833 4.01951 32.6937 208.991 12.3884
13.1322 -2.08672 -5.13079 130.056 147.013 61.9056
12.6445 -0.947963 -3.75631 81.1012 179.869 30.4743
13.0535 4.09458 -1.66245 117.437 192.263 14.377
12.8434 4.97826 -1.92977 94.6572 202.206 18.1884
13.5108 -10.1582 0.918371 158.511 142.966 -16.9717
12.9381 -0.332287 3.81236 94.5768 168.251 -102.107
13.1767 -6.24626 2.64081 108.345 229.024 -59.943
12.809 5.64305 -1.67233 71.2436 215.226 3.35433
13.2281 17.2525 11.067 107.469 182.642 -29.686
11.3316 21.7021 -8.25106 -85.8949 202.223 -13.3262
11.1792 8.91522 -2.17894 -101.793 180.974 33.742
13.0665 -0.907042 1.75168 83.8994 188.051 -26.3459
10.5592 10.7759 -3.11077 -167.088 231.632 39.972
13.8455 -0.249296 -1.68356 146.861 -29.7906 68.9083
11.1414 9.40775 -3.95271 -123.706 152.208 52.9811
13.8627 0.967223 1.55628 141.245 183.548 -8.77421
13.1134 5.03288 -4.80184 64.5193 208.029 61.8025
12.391 -1.17004 -9.9823 -7.35102 161.398 121.632
14.1075 -2.33726 0.694305 160.867 151.104 -7.09789
13.3911 4.30209 3.03719 84.9577 206.636 -39.9321
15.3143 -8.1451 4.59637 273.579 26.8546 82.7592
12.3701 6.36131 1.59612 -28.2397 207.287 -17.655
11.2731 8.0861 -7.76984 -140.61 127.991 88.6151
13.3543 -0.335163 4.57455 54.0508 195.137 -52.5128
13.4001 3.02973 -1.26814 46.3093 201.228 -4.72973
13.8877 3.90969 5.75912 94.7216 118.426 -59.83
13.3146 -1.30504 -3.77947 35.662 189.369 45.2448
13.4202 -1.68998 2.17766 41.1882 200.023 -24.4987
12.7137 2.66643 7.8625 -37.3273 173.728 -93.2445
16.8514 -5.66385 -6.70617 337 -119.977 -85.9033
14.3334 1.92786 -2.01378 75.233 198.292 24.8246
13.8647 3.64617 -4.49301 13.1573 204.825 44.5763
13.2766 -1.07187 -8.85029 -45.8466 167.418 112.33
14.3384 0.570594 5.40739 58.468 199.013 -62.187
14.1548 23.8789 -12.2852 35.1736 366.624 -110.454
15.0714 3.98363 0.654756 118.002 156.997 -3.97532
13.8076 4.1317 3.61979 -26.8518 199.339 -43.788
15.4045 2.91828 -2.61086 129.504 77.9906 69.3641
14.3148 4.41491 -0.536891 -19.6052 220.242 4.76499
15.415 -3.72932 2.76692 -113.182 169.166 -30.2407
nan nan nan nan nan nan
15.3271 9.95951 -5.19697 197.113 182.106 -80.2832
15.629 6.00114 2.70221 -21.7209 178.871 -44.0706
