-18.3891 9.33522 8.34089 14.2541 -251.869 -20.4461
-18.1481 -4.04556 3.07645 11.5941 -90.4161 14.9918
-17.3299 -0.943442 -10.684 20.205 -91.1987 17.8311
-15.6252 15.0052 1.3617 11.98 -33.5359 -2.15857
-15.4738 14.5772 0.0159515 -36.2659 -265.68 4.84217
-14.9616 6.49684 6.36399 -4.61706 -218.51 -14.2432
-14.6604 4.4295 3.3253 -63.2829 -202.171 6.24693
-14.0978 1.60265 4.72009 -14.615 -196.169 -10.5458
-12.7482 -8.01633 5.91225 59.9479 -123.031 -61.946
-12.6238 -4.6196 -1.16671 61.9598 -194.612 6.8651
-13.3577 -6.81023 0.561228 -21.6131 -275.81 68.0519
-13.2766 -4.9064 0.380554 -46.8836 -113.691 13.6467
-12.8091 -0.174054 -3.89739 -11.083 -218.525 3.4808
-13.2384 11.1261 -6.00829 -77.9271 -125.267 30.1838
-11.0984 -8.74148 -3.84224 115.405 -223.405 4.83338
-12.6636 1.71178 -1.89165 -50.3733 -238.736 11.3092
-11.7205 -3.35328 8.46874 42.07 -200.529 -15.866
-11.364 -6.20167 -6.39415 76.5575 -174.689 13.0591
-11.6109 -2.30902 -0.322103 42.2392 -231.034 1.26644
-11.8591 -1.01209 -8.96588 9.9016 -188.548 20.5243
-11.3302 -1.05587 10.0318 8.27166 -209.864 -6.63234
-10.4197 -6.83611 8.34938 98.4598 -170.231 -18.0326
-11.8762 5.69627 -13.3223 -50.4319 -126.477 14.2573
-10.6994 -4.16748 5.89898 58.2389 -191.161 -3.64659
-12.0127 7.67804 8.26372 -82.0031 -146.227 -2.73027
-11.4256 0.992479 -2.30185 -24.6156 -210.274 -13.9665
-11.9321 0.441393 8.89291 -83.3784 -175.359 -21.2972
-11.6705 2.42004 -3.54273 -60.7781 -229.398 11.5813
-10.1879 -4.82344 2.40515 81.359 -197.526 1.41625
-11.6391 3.62994 8.67258 -63.1692 -171.423 -7.00842
-9.68137 -2.22231 6.047 120.619 -129.999 68.9757
-9.6582 -6.01563 -2.84294 114.427 -231.48 2.70964
-9.2379 -9.41444 5.84228 150.3 -150.76 -18.1426
-9.27796 -8.39659 -4.48126 142.544 -157.587 25.1203
-10.351 -7.08055 -4.53139 23.3148 -228.681 3.2171
-9.95082 0.333994 -4.15318 62.1445 -180.849 -87.2238
-11.8937 8.49057 1.57354 -131.459 -176.539 3.18303
-12.0853 -5.24275 9.24633 -152.163 -245.432 7.44058
-9.57347 -5.32315 1.34997 94.2681 -239.391 4.00265
-8.83976 -10.5757 -2.30276 166.05 -143.786 2.83554
-10.5638 -7.52908 -8.48295 -15.8735 -298.764 -70.0134
-11.9223 -5.70654 -0.696414 -152.017 -163.879 -2.35103
-8.54841 -11.898 -7.59712 161.134 -111.862 12.6036
-8.9905 -3.25024 14.0069 109.948 -232.571 -18.2297
-11.3311 3.25975 5.73749 -126.321 -149.124 -4.23712
-9.30907 8.07845 6.89337 72.2618 -492.564 -49.5124
-8.21417 -9.02284 10.9508 177.131 -185.662 -26.8913
-8.93148 -5.0601 -2.68597 103.982 -216.426 11.9415
-9.97342 -10.6547 -0.10826 -0.153208 11.7673 40.6414
-9.24571 -2.3282 -11.16 69.0506 -186.555 -18.7991
-10.2153 0.654519 -3.35917 -37.7706 -224.231 7.2315
-10.8963 6.69852 -3.19352 -126.907 -175.204 -1.0244
-7.99946 -8.54508 1.4156 159.124 -164.864 -12.3659
-10.5403 9.56274 -7.14639 -94.2446 17.1919 -19.1524
-8.69037 -4.50634 6.7337 87.2208 -222.872 -4.35605
-9.48003 -2.0012 -5.98418 7.57332 -237.492 12.9011
-10.4836 1.47825 2.59845 -99.2172 -240.494 -23.9436
-8.78794 -3.70013 -3.47357 62.1739 -223.2 10.9586
-10.2294 3.59289 5.0381 -91.8517 -191.171 -15.8637
-9.53367 -3.09272 0.0380355 -23.8759 -236.58 7.08787
-8.43541 7.48779 3.74326 75.1607 -145.357 40.2771
-8.36561 -4.45564 -8.0687 80.1671 -193.773 17.548
-8.10729 -5.22378 6.17817 104.317 -220.004 -0.97752
-7.36147 -1.43798 -0.981521 177.898 -201.626 -12.0825
-7.65533 -14.814 2.58868 139.804 -190.494 -8.39241
-10.1259 -1.07898 1.00702 -105.805 -242.178 0.294214
-9.03874 1.74857 2.4366 -1.27402 -270.628 4.4241
-10.2879 -0.188304 -11.7022 -128.13 -159.833 24.93
-10.0506 3.74864 -2.86309 -106.871 -234.597 -17.5972
-7.87143 -0.0282303 7.11791 106.394 -227.259 -12.0992
-8.93794 1.79929 5.79478 -0.0210535 -209.594 67.6044
-8.11992 -1.4467 4.78431 71.0691 -490.452 -120.451
-7.74674 -6.39939 -0.566983 107.026 -257.671 -70.0393
-8.10411 -3.02912 0.355836 61.4296 -250.087 0.613834
-8.85114 -0.823359 3.98942 -23.0012 -229.592 0.443378
-10.1391 3.99627 -7.29324 -156.522 -176.579 -61.9219
-8.3354 2.31202 3.94111 20.1726 -240.044 -9.54785
-9.59118 3.09675 -1.41594 -105.969 -213.35 -7.39877
-9.21914 1.59457 7.24318 -69.0249 -223.81 6.23411
-7.45464 -4.8163 -0.0155191 105.374 -225.577 8.32204
-7.32495 -4.8265 0.255646 112.674 -244.027 8.58128
-6.56656 -4.50439 0.789369 180.886 -199.627 -12.3311
-7.11728 -5.59692 -1.29606 122.506 -234.771 -5.82162
-7.00579 -6.33372 10.6167 125.296 -142.293 0.886071
-7.84434 -2.98802 -2.46285 39.0955 -223.714 -0.139747
-6.81148 2.52939 -5.16147 140.157 -223.261 7.35741
-9.79157 9.36454 5.87284 -156.627 -154.012 -17.9676
-6.98109 -5.80786 -9.38874 117.722 -170.289 9.29931
-9.69143 8.54429 1.09909 -155.634 -171.355 6.33332
-6.43506 -8.07583 0.0957193 161.515 -171.321 -10.2325
-8.39461 -6.75641 -4.03983 -33.3221 -456.361 70.892
-7.21002 -4.5678 -7.44833 83.3479 -217.403 16.7667
-8.68428 2.79915 12.4431 -64.6707 -164.305 -12.7663
-6.05385 -9.03851 -9.23201 179.127 -140.958 5.91752
-9.34559 6.59584 1.26424 -151.734 -181.257 -4.15751
-6.38882 -4.51631 2.93144 139.193 -213.013 -14.0433
-6.98608 -7.70964 -3.80742 78.0085 -203.933 61.493
-8.32669 -0.0769465 -6.23229 -66.2368 -256.013 -2.55078
-8.73423 1.49212 0.886288 -108.749 -253.683 7.424
-8.35577 2.03183 10.1679 -81.1994 -196.355 -8.26362
-7.48321 -1.39843 3.0185 1.75275 -230.787 4.52222
-7.75621 -0.736937 4.5304 -31.3019 -272.554 0.819333
-7.01046 0.450183 -1.27982 41.3994 -259.159 -1.46216
-7.18648 -2.22359 -6.37174 19.9122 -274.779 5.16407
-6.08508 -5.5233 2.50293 128.962 -191.615 -8.74436
-7.48823 -5.35192 3.30808 -19.0548 52.5134 83.6391
-7.59375 -0.626419 6.55304 -29.8527 -223.884 -13.8202
-5.14482 -12.1001 1.88604 207.747 -90.5895 -4.00593
-8.60846 5.37162 -4.74688 -136.315 -180.233 1.0215
-5.58028 -7.35476 2.63424 161.969 -156.352 -19.0243
-7.70207 -3.65312 1.11173 -53.8076 -222.776 1.64448
-8.49291 4.51899 6.07734 -132.636 -174.527 -14.7664
-6.16957 -4.02018 3.27218 95.1354 -259.446 1.61105
-8.5576 6.56582 1.91309 -147.793 -175.925 -5.04238
-8.20631 5.41199 3.02284 -112.972 -224.522 -13.8667
-7.85275 -8.34437 5.85065 -77.8581 -383.375 126.064
-6.59539 -2.72832 0.767328 46.8732 -247.522 11.005
-5.09385 -8.30313 3.08639 194.175 -156.961 -12.968
-5.25538 1.44611 -6.98848 177.49 34.381 -28.2455
-6.20635 -3.76436 1.49634 81.77 -218.577 2.90704
-5.36541 -7.41833 -4.45379 164.227 -151.867 5.99165
-8.92544 8.61369 -0.855743 -190.015 -161.943 -3.01985
-8.37116 10.6421 8.41625 -139.185 -168.167 6.65971
-6.92055 -1.92498 -7.41279 3.29205 -256.859 15.3325
-8.39198 11.6122 -6.53747 -144.578 -213.073 7.23298
-7.84055 14.576 6.98682 -91.1125 -235.306 -17.7688
-6.04268 -18.6366 -10.05 86.0518 -272.004 -26.6849
-5.68446 -5.24499 12.995 120.606 -179.097 -23.8699
-7.45951 -0.437174 1.13703 -56.305 -283.816 1.23542
-6.87637 -0.534097 -10.5376 -4.11302 -309.759 198.021
-7.1087 -0.539289 -4.17866 -28.5934 -249.39 13.0041
-8.08507 6.54251 -11.443 -125.933 -152.51 14.9415
-9.34473 5.13064 2.19494 -252.616 -128.991 -5.24904
-8.15496 -0.659229 1.72803 -138.66 -211.274 -19.4156
-6.75206 1.9159 1.50348 -5.73264 -274.908 3.95081
-8.13853 4.70728 2.82595 -148.191 -192.191 -10.5801
-7.28291 0.685194 0.127246 -64.4543 -253.755 9.78745
-4.46194 -21.9063 21.7582 208.974 -54.0211 -17.9069
-6.53493 -1.80243 -3.005 2.53572 -264.128 8.96114
-7.69779 -4.43943 14.826 -115.675 -253.636 -1.42936
-6.51239 -6.59114 3.62372 -2.22503 -270.544 3.55954
-6.98155 -0.195356 3.59116 -50.1524 -255.187 -2.67559
-4.53246 -15.3667 1.34658 192.283 -225.982 8.30108
-4.78945 -15.5554 -0.317251 166.443 -38.3255 3.27159
-7.12402 0.195639 -2.77345 -68.0262 -251.444 -6.67601
-6.2424 -2.18603 2.7778 18.1613 -264.091 -8.14847
-7.3182 6.82314 9.7231 -91.4272 -188.504 -22.1737
-7.10788 1.95035 -14.955 -71.9069 -173.218 27.9389
-5.81355 -2.99909 10.9788 55.0099 -211.306 -10.6575
-4.95651 -7.55998 -13.3636 137.492 -102.266 20.9219
-4.65807 1.13245 2.98374 160.578 -111.872 -95.8294
-4.17182 -8.81986 5.99448 204.93 -122.051 2.27939
-7.74557 7.70479 -6.92246 -153.244 -263.619 99.3613
-4.70463 -7.14322 14.0953 146.896 -115.235 -5.37857
-4.01527 -10.1689 -0.115199 213.318 -97.3517 -1.10286
-4.17097 -6.62133 -2.65853 195.434 -196.078 -14.7298
-6.61022 -9.64544 2.54378 -47.5413 -227.023 -1.58533
-5.07426 -3.85054 -0.56048 97.9907 -273.476 7.58978
-7.66109 18.8295 -1.79057 -159.073 -207.428 1.05083
-3.86755 -9.30403 6.55463 216.686 -126.47 -6.38804
-7.24685 3.11795 -11.5046 -120.545 -183.275 22.0497
-7.67511 2.65228 12.2366 -163.134 -66.7967 -18.156
-3.9306 -7.72088 -1.50285 195.316 -143.464 7.72405
-3.35269 -18.5301 0.379414 249.604 -120.875 5.196
-7.06046 1.62265 0.648339 -121.098 -231.002 -11.3395
-7.68071 5.64293 5.50179 -186.876 -112.326 -6.90555
-7.21035 10.7358 16.9755 -140.64 -226.763 -139.333
-8.05973 12.3124 -4.408 -227.963 -188.573 -48.375
-3.39816 -9.05326 0.846493 231.472 -118.077 4.92117
-6.82642 5.85552 15.0922 -109.862 -125.122 -20.0159
-6.75846 -7.72219 -6.06798 -106.457 -202.569 9.8876
-7.35134 5.29491 -6.98212 -165.405 -190.467 7.839
-3.44902 -6.45162 -0.494404 220.983 -98.9255 10.7983
-7.38274 12.8181 -2.90523 -169.794 -133.771 73.3265
-4.57618 -4.1938 5.12489 108.858 -215.35 -14.595
-3.66326 -7.94295 -1.38141 199.511 -144.119 -2.31959
-5.67256 -1.88391 -6.2716 -5.82002 -243.974 14.8215
-6.12809 -0.535946 2.33373 -56.064 -274.362 -0.622326
-3.8084 -11.8511 -10.9978 173.829 -210.44 36.0607
-5.95825 5.40395 -5.07066 -42.2394 -301.175 5.10902
-5.15097 -2.35777 -4.55135 30.7698 -255.305 -8.74309
-4.27917 -6.08686 11.4598 117.23 -244.658 68.4785
-7.47727 1.29356 -16.3252 -210.202 -165.347 -69.0019
-5.77715 -1.30515 4.25367 -42.3505 -276.692 -11.4315
-4.59482 -12.9615 -2.65699 73.9372 -21.6761 30.7289
-6.47992 7.27632 -14.032 -116.664 -103.438 18.0076
-3.01383 -9.48867 -6.36087 225.907 -105.971 8.00959
-6.23334 0.75001 7.68042 -95.4942 -217.563 -3.79836
-6.59296 9.72593 3.34573 -134.442 -161.728 1.89608
-5.7329 2.7049 -1.19617 -49.1717 -286.411 45.2259
-7.10314 5.72695 6.11828 -187.499 -170.717 -19.7952
-6.21922 0.614977 3.00103 -106.216 -239.492 3.86161
-3.00056 -7.2691 -5.56479 212.455 -126.974 3.18453
-4.47364 -3.10879 2.98099 65.6687 -283.449 -9.61151
-6.8831 10.1285 1.34782 -175.476 -108.261 -0.939736
-3.45263 -5.43773 -8.93671 164.1 -179.639 -1.07231
-6.28755 5.25743 0.698106 -130.627 -199.377 3.63666
-6.495 2.08769 0.708071 -152.802 -231.448 7.66293
-4.65402 -2.21949 -4.04093 28.7364 -240.981 -8.62769
-6.4797 0.570757 10.8509 -153.914 -128.415 -55.4262
-3.08101 -9.53666 10.0512 176.342 -79.0022 -15.8577
-4.0231 -3.10826 -6.72921 81.9598 -229.906 15.5929
-4.50717 -2.53089 -3.37735 32.8907 -289.308 -12.517
-2.94669 -5.3942 2.2533 187.499 -212.64 -16.0987
-6.10391 2.49532 -4.86559 -128.866 -190.236 20.2204
-5.91393 0.00192396 5.34615 -111.113 -263.179 -13.434
-6.4479 5.42301 7.07591 -166.712 -152.437 -20.0206
-6.37307 3.2615 1.20692 -160.48 -191.84 4.49433
-4.96356 -1.52024 8.84052 -21.4123 -246.064 -20.692
-3.30865 -5.50904 -2.49156 142.953 -230.943 -8.68606
-5.99202 0.759524 -4.44588 -132.833 -247.395 -4.63908
-6.42363 3.12197 -4.96446 -181.333 -214.677 14.3563
-3.56037 -3.43794 3.40017 101.34 -278.688 3.015
-2.47736 -7.90082 -6.10682 206.159 -98.0418 7.75173
-6.57213 -5.95346 0.226065 -201.529 -26.5373 30.3195
-4.50828 -1.29793 -10.6089 -1.95276 -213.952 23.9388
-1.93684 -9.97603 3.24058 252.459 -86.6789 2.2919
-2.64487 -5.28542 -0.517765 180.126 -170.099 4.81077
-4.55484 -1.77211 -3.1105 -9.87772 -286.117 11.1158
-6.28183 3.65772 -3.70181 -182.437 -204.076 2.79331
-5.42899 0.534772 4.00104 -99.6516 -223.393 1.83407
-5.97897 2.99701 -8.61372 -156.629 -186.571 18.7947
-6.32696 10.6533 3.30671 -194.345 -44.6638 -104.051
-2.21144 -9.04524 2.07288 212.965 -77.6827 -1.92083
-2.88765 -4.41642 -14.5124 143.847 -161.614 11.6338
-1.83616 1.74171 -0.23346 246.999 16.7758 -5.38429
-6.29191 7.82746 10.0365 -200.995 -92.8102 110.044
-2.36378 -7.0869 -9.89249 186.191 -93.5271 17.6362
-2.48771 -4.3229 8.57807 172.162 -201.396 -2.90311
-2.02687 -9.95699 5.50308 217.853 -67.8855 -4.32459
-4.67007 -4.42609 0.0385347 -45.8529 -282.011 -6.58498
-2.23959 -5.08975 7.03164 195.182 -186.186 -5.94858
-5.96932 7.49472 -5.00567 -175.805 -127.141 9.07503
-1.75807 -8.35585 -2.83374 242.015 -92.0484 -2.44074
-5.93552 4.39421 -4.50947 -173.074 -155.519 -3.26297
-1.95622 -10.0622 9.9205 221.531 -64.1274 -22.204
-5.39071 1.89407 8.35294 -123.39 -187.507 -5.26078
-5.99056 3.77043 -4.80207 -190.616 -194.304 7.79635
-2.68347 -2.41908 1.06218 134.235 -166.585 -136.854
-2.02287 -5.68164 3.31528 199.697 -139.736 -24.3258
-2.19299 -4.13052 0.872377 182.752 -230.653 24.5128
-1.76495 -9.41941 -3.76312 224.29 -71.2983 9.44287
-1.54774 -6.89427 6.09764 245.366 -121.5 -10.4722
-2.8848 -3.56365 -8.37432 112.264 -205.456 14.5303
-5.23627 10.3864 2.97477 -122.424 -534.701 -39.6739
-6.35933 -9.00939 7.43937 -235.893 -545.351 75.4159
-1.49125 -14.2995 -1.03431 246.463 -175.333 3.62569
-1.49877 -8.23685 0.956977 245.003 -101.196 -6.72717
-5.96954 5.19763 -4.6888 -203.673 -163.748 2.42952
-5.51091 -2.13962 2.54552 -160.537 -171.172 -3.50483
-5.73759 3.48481 1.79066 -183.391 -191.504 0.901814
-1.73102 -6.67819 -5.56301 213.863 -104.61 6.89679
-0.225035 -10.3026 4.56905 362.361 -168.226 88.3194
-5.93279 0.74432 -0.671964 -205.364 -35.8579 -69.3482
-5.68478 9.66033 3.09933 -180.87 -303.427 14.8522
-3.88905 -1.65193 4.6006 -4.73638 -260.449 3.34887
-4.2414 -1.11287 -1.94179 -41.126 -257.876 -1.95253
-4.0287 1.57256 -7.08671 -20.0573 -231.267 2.50079
-4.61882 -6.92036 -0.494219 -82.1263 57.9156 -70.4424
-3.46248 -2.06916 9.70245 32.2426 -250.08 -13.4348
-4.45471 -0.219105 9.58966 -70.4087 -222.623 -7.84168
-2.11311 -0.977212 -5.84721 160.04 -169.092 -12.1378
-1.55248 -6.62024 9.21212 214.713 -111.124 -10.0027
-1.40078 -10.8955 5.80795 228.046 -52.359 -17.3219
-1.79663 -4.03117 -6.3233 188.457 -213.332 -7.32008
-1.41457 -6.80687 8.43175 225.618 -94.3116 -17.3143
-1.6371 -4.46589 5.77672 201.987 -186.122 -26.1894
-2.69704 -3.139 4.95908 95.7615 -215.538 -8.65726
-5.63895 8.82434 -3.00669 -197.704 -91.0769 1.82824
-5.86523 -3.30656 -0.511565 -221.855 -450.812 36.166
-5.2942 -4.03505 2.68107 -166.248 50.0445 101.98
-1.28855 -5.19072 -8.63437 230.839 -143.871 7.20185
-1.02832 -4.03862 -0.555387 256.05 -69.7848 35.4605
-2.63062 1.77841 -9.86275 95.16 -183.235 -44.6063
-5.29822 0.161843 -1.46712 -174.444 -190.871 3.09765
-2.07783 -1.01979 5.16526 144.43 -174.517 -117.855
-5.4203 11.6419 -4.10231 -190.765 -122.998 10.3168
-5.32439 4.22163 0.142053 -184.729 -148.864 4.95464
-1.19976 -4.64306 5.79024 221.432 -184.496 -6.43625
-1.02377 -5.4938 -3.83639 236.821 -128.452 12.0591
-2.04383 -3.28819 -1.27329 129.986 -234.415 -20.1316
-3.44604 -1.89794 2.83401 -9.53879 -251.604 1.58374
-1.34063 -8.86921 9.4598 198.745 -35.9874 -14.618
-4.43124 4.63462 5.75579 -108.724 -172.542 46.152
0.800531 -0.00705287 -2.20102 410.77 -143.62 -123.534
-0.781848 -7.49842 2.5662 253.518 -68.4309 -13.266
-4.33042 -0.390931 -3.25531 -102.664 -250.78 19.1122
-0.79082 -3.84719 -8.03632 246.95 -68.3335 14.7095
-1.7252 -15.8833 -9.30008 153.575 -4.14772 14.5409
-5.60085 6.03467 1.22242 -232.27 -134.35 -3.43122
-4.25168 5.86626 -3.71203 -98.3819 -538.639 79.7871
-5.18207 7.16219 8.91488 -191.102 -97.0152 -13.6332
-1.49372 -0.860311 4.81162 172.483 -215.91 27.4992
-1.20781 -8.39953 4.21527 199.636 136.854 22.8959
-3.6588 -0.733931 -10.2566 -45.5459 -214.234 17.3088
-0.71952 -10.8422 -0.326279 245.401 -70.8337 2.7274
-5.16054 11.8559 1.72435 -197.057 -72.8208 -0.653537
-0.725979 -10.1811 2.99636 241.922 -45.0441 -5.2521
-5.1105 12.2654 4.82996 -193.886 -72.546 -5.25745
-0.510221 -5.64475 -0.534633 259.451 -117.409 -48.7532
-5.2753 -0.325186 8.21594 -214.134 -182.555 55.9575
-4.7763 15.1319 0.124829 -165.374 -49.1822 5.09449
-2.0634 1.3569 -1.72729 102.396 138.837 -153.597
-0.68654 -11.2338 4.22715 234.67 -44.2547 6.74911
-0.377407 -7.07269 3.3504 264.971 -91.169 -0.282337
-4.97623 13.1273 4.62808 -193.826 -61.8178 -9.50532
-0.925949 -4.75007 -0.989599 208.164 -133.489 13.0135
-2.70366 7.21147 -0.024428 29.3314 -490.315 -30.549
-3.38252 -1.64516 2.385 -41.8216 -297.334 4.6942
-0.172114 -11.7011 7.25002 275.158 69.4177 -43.2071
-0.746159 4.64791 -3.79188 214.848 40.7004 38.6986
-4.11565 -0.702721 -1.85006 -121.349 -273.882 7.38682
-0.452003 -8.14957 -4.06981 240.855 -60.7036 -3.32497
-4.15466 1.24684 2.55717 -128.778 -175.357 93.8544
-4.82073 2.86167 0.997892 -198.52 -205.858 27.4533
-4.3423 16.6343 -6.51407 -151.205 -49.9323 7.41318
-3.64968 0.0796325 13.0033 -82.893 -182.648 -12.8157
-1.18664 -13.2316 0.631185 161.561 -195.091 2.09203
-0.64641 -8.375 -6.56305 213.256 -42.9085 21.4553
-0.461507 -8.42566 3.37216 228.644 -44.4167 -5.76069
-3.3701 -1.01542 -7.59371 -60.3134 -182.248 -137.9
-0.199952 -4.35501 0.286686 254.21 -140.923 6.49321
-0.225426 -6.24091 -2.41151 250.143 -86.7833 7.94696
-1.13675 -3.22642 -1.47893 158.943 -257.033 -4.45066
-0.615835 -4.33394 0.149121 210.665 -122.198 -55.2838
-4.37549 1.68878 -5.84246 -165.704 -177.392 15.2483
-4.56691 14.6219 -1.08268 -186.472 -62.3387 -0.988054
0.0875401 -2.92374 -2.84678 273.772 24.0868 -28.6489
-5.041 -4.81192 1.95743 -236.032 -73.8467 -19.3984
-1.50026 -2.97447 -0.50799 115.581 -241.558 -7.07531
-4.93476 3.14523 -5.40942 -225.79 -174.842 23.0048
-4.81628 17.2481 6.76816 -217.523 -240.765 -29.9971
-1.33907 -3.49519 3.03707 127.124 -209.56 -11.6461
-0.255112 -6.74962 -1.39124 234.226 34.1404 -43.375
-4.59158 1.72447 -4.13768 -199.839 -212.45 14.0671
-3.7208 3.01145 3.88131 -114.014 -244.956 -4.21737
-0.826469 -3.31683 6.28989 173.394 -168.905 -5.30879
-0.123872 -5.64377 -1.58695 242.427 -79.1543 -6.07501
-0.127178 -5.19643 -3.28484 241.751 -97.1754 6.14209
-4.08587 1.68647 -3.8486 -151.842 -242.992 31.4949
-4.47436 2.56353 -2.78427 -195.345 -169.316 -6.89984
0.0459546 -4.68032 -2.08499 253.097 -10.2308 -10.745
-0.41924 -4.73848 -2.01235 205.505 28.1492 100.22
-4.47131 2.36098 -4.70056 -197.974 -171.169 -4.22048
0.167715 -6.02458 -1.90629 262.622 -170.204 8.03474
-4.45194 0.0148512 -8.09159 -196.869 -217.875 -11.1457
-1.84315 -2.59465 -4.10982 59.1943 -271.53 1.06174
-4.63771 6.10831 -7.34289 -218.597 -112.243 17.8681
-0.0899106 -9.53048 -5.89192 230.627 -27.994 9.9651
0.231862 -5.47547 -1.38566 258.708 -84.8848 17.639
0.318289 -4.20477 0.0442776 257.975 -115.356 -3.03879
0.478602 -3.45355 2.12121 273.301 -70.3869 50.1736
-3.60986 -0.261363 2.49776 -133.617 -241.155 -14.6506
-0.138047 -3.36236 -5.98062 210.701 -153.527 -11.9967
-4.43058 8.81273 6.00203 -219.507 -83.5784 -0.621226
0.412823 -3.53369 -1.60989 261.323 -136.656 0.763999
0.302303 -12.2578 -0.531833 248.163 -21.2986 5.66393
0.0312082 -3.21685 -0.217212 220.848 -187.667 2.42333
-4.0496 1.95846 9.94377 -186.173 -160.393 -25.1122
0.456583 -10.0936 5.19272 261.256 -21.3776 -10.5146
0.171124 -11.8802 -5.14114 232.822 -14.7536 5.02109
-2.64771 -5.85151 0.468043 -50.3686 -274.473 -8.20572
0.723163 -4.25536 -1.35318 283.18 -96.3643 -7.87785
0.344146 -3.87599 -4.46338 244.322 -117.148 17.0699
0.30162 -8.05034 3.18326 237.61 28.2849 -4.37252
-3.99812 10.0661 10.5305 -190.358 -63.6538 -14.1411
1.2713 -3.15072 3.44805 330.91 180.254 55.538
0.497889 -3.68796 -5.19045 254.035 -114.389 4.7133
-3.80667 4.89719 -8.48364 -176.054 -193.27 11.1995
-4.05599 9.55043 -4.36515 -202.957 -106.377 4.06087
0.466788 2.2117 0.66587 246.268 16.7903 38.5645
-3.6639 -3.56905 2.43903 -165.51 -701.235 530.272
0.706768 -5.00859 -4.21614 268.175 -62.6755 21.159
-3.28768 7.23506 0.883849 -129.507 -197.228 -79.9621
-0.0525702 -15.4681 -18.9589 191.198 -78.028 31.1353
0.309046 -3.14609 -0.8874 222.853 -143.154 -4.07234
0.189541 -8.3928 -12.5402 210.728 -26.1161 19.6479
-4.00433 6.20916 -7.04629 -206.711 -92.8144 13.2845
-4.16466 6.85397 7.13508 -224.631 -97.5577 -13.4212
-2.48236 -1.15938 5.48393 -57.876 -263.675 110.395
-4.56585 8.0653 -0.572109 -265.274 -85.4531 3.34933
-4.47205 2.02511 3.36109 -258.466 95.9495 -17.8573
-4.41469 7.71574 -4.05171 -252.889 -94.8252 -24.0083
-3.81135 6.99788 7.84806 -195.113 -86.3848 -14.0922
-4.29945 7.93507 4.53374 -243.783 -79.3422 -4.37233
0.255348 0.36044 -6.26492 208.275 -57.8623 -12.4933
-0.785808 -2.59315 -3.71907 101.573 -233.341 0.148421
0.675477 -10.9938 -3.12868 243.56 -17.6478 1.93146
1.0061 -3.935 -5.18708 275.288 -66.2224 23.0085
0.393966 -8.03095 -4.56745 214.389 -95.6504 22.5479
-3.719 1.61369 1.05243 -194.193 -166.06 -12.4273
-1.42022 -2.20059 6.84473 32.9884 -284.893 -9.10758
-3.61772 2.50435 9.90915 -186.217 -137.094 -2.51927
0.672797 -6.8787 -0.763523 239.492 -33.721 2.46769
-2.70938 10.6152 1.78079 -97.8128 -152.44 -36.1023
-2.84114 0.302833 -0.250888 -111.304 -209.435 -74.8501
-4.82684 3.88274 -3.28895 -308.955 -200.081 -203.674
1.11962 -5.29389 1.8378 280.654 -43.6809 -1.13002
0.725182 -7.86276 -3.16985 240.841 -21.8931 2.02104
-3.7732 2.42915 6.9637 -209.073 -144.498 -5.31587
0.936267 -6.42853 -6.94063 258.292 -37.883 11.6726
0.94095 -2.78082 -0.505315 256.453 -134.739 2.35979
-3.63803 11.4731 -6.35205 -203.866 -50.662 6.46017
-3.7974 4.13387 -0.981156 -223.955 -111.223 8.62735
1.11426 -4.56264 6.38207 260.64 -41.107 -7.93473
1.01234 -3.80156 -4.65033 250.31 -90.1958 33.8929
0.994803 -3.41951 5.18856 247.212 -59.6717 6.1671
-2.66065 2.37224 -2.80435 -116.579 -254.973 1.01559
-3.61445 1.19354 -0.861668 -211.676 -179.648 -10.5522
2.00359 -7.79594 0.576049 346.228 -41.3632 104.452
-3.05982 14.3473 -8.84267 -160.972 -43.2128 7.2097
0.901787 -9.73605 1.01228 229.822 2.19424 0.0940597
1.18814 -3.36381 -3.77793 255.901 -64.1549 -20.806
0.873047 -2.21966 4.02531 223.471 -127.149 0.192774
-3.59307 2.94921 -6.76303 -227.004 -123.047 -0.519132
-2.89988 5.53802 1.61439 -160.973 -76.6457 169.725
-3.72853 4.73086 -6.4254 -243.672 -105.023 12.8698
-0.956122 -2.03816 4.57452 30.5419 -268.691 -5.81953
-3.22065 2.04884 8.53396 -195.109 -136.212 -13.1124
-3.34853 4.71046 -7.93904 -209.114 -88.0642 8.99125
0.963502 -9.61398 -6.20836 219.073 -198.782 -44.8432
-0.731032 -3.55895 11.2238 49.6621 -231.424 -20.7904
-2.69602 8.62733 -15.5298 -145.707 -44.3183 20.8716
-2.93058 0.364782 2.46212 -172.428 -180.112 3.19457
1.60947 -8.23644 -1.50385 277.871 -6.17881 3.17035
1.1382 -6.51773 12.3494 230.133 -2.58041 -16.599
1.25356 -4.11794 1.40872 240.347 -67.5386 -16.32
1.01863 -9.62108 -4.91948 216.569 -0.0774684 7.98899
1.23305 0.37222 0.313743 236.57 131.302 -3.23251
1.61848 -4.11769 -2.45971 274.046 -11.996 4.56517
-2.06493 8.91581 -17.8564 -91.9623 -27.9177 29.7049
-1.42457 -1.94929 0.503071 -29.7866 -272.767 -9.25706
-2.88989 3.96668 0.59102 -177.554 -159.211 92.2607
-2.79848 15.5883 2.21736 -169.246 -49.8773 3.8857
-2.83819 14.1619 -9.76624 -174.201 -36.5013 13.9143
-3.23474 3.17673 13.3433 -214.073 -90.7994 -16.6606
-3.43887 3.55551 -2.36612 -234.607 -168.846 -12.8074
1.50762 -1.76788 -0.691594 255.8 -75.5003 -8.9923
1.01154 -1.72102 -8.09874 204.521 -134.33 15.1166
-2.71 -0.614547 -2.5719 -165.665 -230.12 10.389
1.30791 -2.69037 7.70657 232.221 -38.7343 -10.0426
-3.26235 9.89346 10.4606 -221.823 -328.405 -109.593
-2.77423 17.0891 6.69843 -174.411 -100.935 -5.01071
-0.972106 -0.0101224 0 1.43174 -1.37456 0
-3.58777 4.91479 -1.36313 -260.033 -79.0059 4.45279
-2.59062 14.1517 -0.653513 -161.829 -38.5249 86.8947
-3.03898 12.6236 -4.17936 -206.517 -45.7279 1.2874
-3.15426 2.63409 7.15846 -218.441 -100.942 -11.108
-3.24776 4.91591 6.42817 -228.676 -73.095 -16.6707
1.61809 -1.87598 -6.12187 253.412 -43.8812 10.4451
1.9701 -0.149662 2.11377 288.123 19.4642 29.0038
1.68916 -4.07569 1.78648 259.839 -7.78054 -0.832419
-3.13677 6.80577 10.2525 -222.731 -46.713 -18.2461
-3.22451 -0.137661 -3.16112 -232.832 -128.469 7.53727
1.94444 -1.10032 -4.65108 279.993 -37.519 3.75446
1.52117 -6.31081 4.20321 237.405 -6.36261 -5.37352
-3.27114 2.79105 -6.66418 -239.167 -100.128 13.1507
1.84564 -4.09792 2.57885 267.598 25.3936 -7.89876
-2.75776 -3.6806 -1.40336 -190.794 -127.599 40.158
1.51602 -5.47061 -5.93866 233.261 5.90848 0.763416
-1.2267 -1.74159 -5.22853 -39.5869 -262.544 14.9589
1.58199 -2.88674 -8.49146 238.424 -11.4781 13.3272
-2.37324 5.00371 -16.9856 -155.488 -175.368 32.9298
-0.661258 -1.92802 1.2111 13.6899 -257.235 -10.644
1.52785 -4.89441 -7.1053 230.33 -7.9871 11.2578
1.6187 -6.7157 -5.55784 239.181 27.1902 4.52125
1.02868 -16.28 -1.8682 178.818 36.8917 0.0159365
-3.06863 0.241648 5.78524 -231.737 5.86721 109.104
-3.31621 2.59719 -5.41737 -256.935 -38.9397 -1.90202
-2.25734 1.73612 4.61895 -156.092 -167.488 -23.484
1.96361 -4.31864 4.80359 261.945 25.3263 -11.0923
2.21476 -5.99792 -1.96873 283.947 29.4017 -1.45726
-0.821202 -7.77089 -0.101956 -20.8913 -202.112 -6.53157
-3.15914 3.18259 0.754208 -253.23 -102.429 -4.36559
1.98871 -8.35714 7.13737 256.646 127.65 -24.53
1.29372 -1.35496 -14.1165 187.217 -10.3608 21.4358
-1.79019 -4.55555 3.54853 -119.354 -205.895 -4.76542
1.64176 -10.9638 -0.754462 219.885 32.0675 -2.26107
-1.82286 -10.7547 3.61436 -125.258 9.61323 37.749
-2.72855 4.25502 -7.67977 -216.508 -61.1363 12.8487
2.0739 -7.234 -6.02652 260.051 18.7273 16.1916
-2.4763 11.0606 -9.20136 -192.049 -33.4521 13.0368
-2.90017 9.00687 3.96325 -234.583 -45.1387 -14.2291
2.10068 -1.9655 -3.93062 260.669 21.815 7.81041
-2.9252 2.30505 4.11822 -238.84 -99.0831 -2.74124
2.04306 -2.99573 0.0445037 252.835 -2.89783 25.0239
-2.31701 3.88946 -2.688 -182.118 -155.59 -23.8405
-2.59095 -3.59992 -6.061 -209.561 89.7077 -2.6455
-3.09227 5.58986 4.22336 -260.857 -51.0642 -9.893
2.35273 -11.1139 -1.70765 279.282 166.057 44.8026
2.15967 -0.744322 -0.84256 259.85 69.5018 -0.402748
2.28447 -5.05451 -1.9308 271.997 27.1965 4.95391
-2.95499 1.95711 -4.49412 -251.521 -103.578 10.1171
-1.71254 -10.9035 9.0303 -135.844 -486.786 118.516
0.496979 5.19458 -6.46685 83.4266 -122.859 -111.207
2.29955 1.28969 3.85909 259.888 68.7936 -13.042
2.21071 -4.81918 -3.56139 249.963 25.2615 7.1858
-0.931785 9.41531 -0.841481 -63.0193 47.6598 82.5361
2.21477 -5.28335 0.266526 247.969 25.7728 -4.20363
2.17489 -4.26316 -0.909162 243.764 70.9029 1.55856
-1.43667 -1.6168 2.13243 -115.286 -287.854 -58.2424
-2.28894 7.36492 9.61753 -203.049 -37.3947 -18.9274
2.5567 -6.21188 -4.28344 277.934 29.3223 2.03547
2.06214 -4.93102 -6.39819 224.433 66.9839 7.62582
-2.50408 6.08201 6.69842 -231.662 -30.879 -1.83062
-0.14808 4.81675 4.36452 2.36262 257.337 -23.4623
-2.58083 7.70598 -8.40026 -243.629 -43.1713 6.66335
2.21306 -6.29209 7.88534 231.571 -51.0928 -29.2871
-2.31656 11.0865 1.42355 -218.56 -32.6838 9.08681
-2.74717 1.19412 -7.78926 -261.379 -106.214 15.1008
-2.11386 12.0445 -5.30365 -202.526 -32.8914 18.1719
2.43775 -2.00032 -8.37421 249.491 -80.9364 44.782
2.30433 -1.83677 10.0646 231.202 82.5031 -10.3011
2.46314 -1.85817 3.22805 246.101 87.6821 0.0596518
-2.68893 8.6331 -4.52457 -265.884 -8.75942 -20.7619
2.75634 -2.45639 2.7857 273.457 75.7908 -5.83705
-2.15489 10.1824 5.1461 -215.341 -34.1597 -8.1545
-0.213374 5.34455 1.68443 -22.8728 243.976 -8.67693
2.36641 -5.04202 -12.0164 231.794 42.3473 21.0963
-2.31141 7.35829 -7.17314 -233.154 -29.8995 11.9012
2.11342 -14.6047 -3.69935 203.873 36.3575 7.03467
1.80008 -1.68203 17.2796 172.162 47.9405 -26.5421
2.35628 -2.98348 11.39 226.799 45.0438 -5.59171
-1.81592 -0.450268 6.7827 -190.085 -140.953 -14.0508
-2.17332 0.551558 1.07273 -227.808 -91.7231 1.57823
2.21913 -5.57358 6.61618 207.851 45.8923 103.993
2.34565 -0.991232 -11.1798 217.32 96.7846 17.8711
-2.32622 6.05745 -7.03049 -247.588 -29.1485 11.7728
-2.61986 9.74099 -13.4405 -277.119 193.986 -91.303
2.4952 -10.1403 2.25181 230.577 31.7103 -6.87001
-2.19288 0.68167 -0.154952 -235.781 -124.961 1.73763
2.77394 -3.99911 4.99589 257.257 331.445 -96.4478
2.48335 -11.048 2.00147 227.005 32.7901 -6.44686
-2.13214 3.31309 -2.00335 -231.937 -121.399 8.78846
2.5169 -3.60812 -5.52325 228.31 -202.656 56.1518
2.68819 -0.315814 0.191857 244.929 160.211 7.46795
3.099 -3.92361 -5.39681 285.387 25.0292 4.77796
2.47632 -0.548224 -3.80041 223.237 126.723 1.08041
2.84453 -11.5398 -0.860739 259.093 -97.4716 33.7421
2.26076 0.444178 3.08806 199.439 188.364 -6.81409
-1.65439 13.8499 -1.81247 -190.204 -24.921 8.36596
-2.26041 -0.843395 -3.42617 -250.728 -0.0740164 -44.77
2.63699 -0.147109 -0.377903 235.08 153.593 7.99804
-1.33962 17.3492 -1.96912 -161.01 -23.8779 51.4124
-2.24752 6.97584 -0.652212 -253.707 -29.2118 13.9097
2.81847 -1.81939 4.31294 247.862 111.492 -4.74806
-2.2344 4.50338 -0.661995 -254.113 -27.3745 2.42925
3.00822 -2.28982 3.17484 260.144 68.6921 -4.77978
-1.80654 8.93219 8.45428 -220.536 -18.3956 -5.85154
-1.97066 2.02425 5.83727 -236.937 -33.8269 -14.1308
3.11779 -3.45477 -6.29775 267.9 75.9545 7.57262
3.06071 -6.26725 -6.08569 260.673 78.8851 8.74614
2.92783 -4.28248 -3.24192 245.089 71.1682 3.21625
-1.81042 9.21624 6.90735 -228.159 -19.2706 -14.43
3.27518 -1.73521 1.75154 273.165 107.883 -1.98038
-2.00745 7.07075 -0.872 -252.058 -16.7077 -3.4185
-1.41372 12.7225 -5.47789 -194.578 -20.743 2.17306
-2.20403 4.68947 0.415121 -277.712 -19.6227 6.81817
2.71188 0.0327503 2.63733 209.024 198.524 -6.26479
3.20228 -0.295848 1.90973 257.535 -106.955 -46.67
-1.25092 13.8454 -5.44693 -184.836 -22.2949 2.42666
-1.99051 7.23491 2.13895 -259.128 -18.4497 -33.4335
3.10678 -3.63545 2.4849 247.04 95.7003 -41.7168
2.11828 -10.0544 -1.85938 148.71 126.08 -51.6926
2.83844 -7.47678 9.97266 219.399 27.0231 -18.0795
-2.21943 6.82208 -1.10276 -284.69 -17.1545 -3.68618
-2.17565 0.383302 -1.296 -280.862 -44.7765 12.0921
-2.07812 -3.55934 -4.49992 -275.178 45.8666 0.0453251
-1.9426 2.25771 -6.78532 -264.449 -15.4235 17.0622
3.21117 -1.4169 7.28466 247.414 142.021 -15.7488
-1.65201 7.21301 -0.0380196 -242.299 -12.9042 0.397638
3.45931 -3.43765 -2.228 263.796 107.08 4.13462
-1.59672 8.32525 2.39871 -240.995 4.79773 -10.6288
3.45428 -7.03207 4.88412 259.303 57.03 5.64753
-1.70984 4.74983 -8.64528 -254.942 34.1258 49.4095
0.242662 2.06132 -10.002 -61.1708 254.679 2.80618
1.87608 1.25114 -6.10379 100.493 236.322 0.94108
-1.11547 4.96219 14.0791 -197.193 10.2701 -22.5741
-1.3943 1.35045 -8.68083 -224.902 113.568 1.93175
2.78125 -9.44436 -13.843 189.733 27.7906 17.4479
3.46365 -8.64919 -8.04936 256.599 76.6172 6.04906
-1.89891 5.4783 -0.396074 -279.372 -10.2472 78.848
0.729159 1.98779 -1.18445 -18.7249 254.46 -11.8768
2.83981 -0.836925 9.68532 190.701 147.106 -12.9143
-2.0847 1.99757 1.45377 -302.98 24.1151 -4.97041
-1.67423 5.61766 5.0155 -263.356 15.2268 -9.8443
3.40323 -3.33943 -0.156913 239.622 84.5055 37.7861
-1.1173 9.51255 -3.58731 -213.252 76.7704 4.63745
-1.6954 4.73899 -8.13359 -271.111 17.2093 9.44993
-0.437811 1.17159 7.93594 -146.624 258.681 -66.3537
-1.08103 1.91585 5.71294 -211.852 183.125 0.137606
3.45095 -5.10813 -2.86921 234.452 25.3252 2.11876
-1.41696 7.78654 -5.93265 -250.575 -2.48764 -9.06892
-1.70113 7.22064 0.624705 -279.845 14.3272 -3.53025
3.11518 0.769397 -0.725284 198.273 223.42 2.90288
3.20919 -12.2274 1.41847 207.495 33.2065 -5.30846
3.05074 -12.7413 -3.26167 191.362 32.7914 1.83279
3.3014 -8.14596 7.59784 214.307 68.9963 -12.5598
-1.3282 4.03191 1.91147 -245.676 15.9543 -5.10448
3.71302 -3.00084 -6.12923 254.793 116.794 10.6839
3.56332 -10.0452 1.70323 239.402 159.198 20.801
-0.896128 10.0577 -8.93938 -204.44 -0.388884 7.16618
0.301639 7.69698 3.74141 -87.8327 249.084 17.0158
3.32134 -2.51078 -11.4776 212.032 124.086 12.5858
-1.54916 6.35684 0.458281 -274.948 15.1467 -3.2378
0.0342176 2.04851 4.34669 -121.271 215.585 7.61083
-1.34821 4.30456 -1.84242 -260.644 93.3978 -7.86699
3.46465 -5.84689 5.98907 216.159 66.1542 -10.2035
0.336734 -4.36763 -3.95162 -94.8156 219.671 -1.11146
2.96937 -2.20838 13.9342 164.944 97.2201 -23.8933
-1.29699 4.5777 1.2557 -259.691 -41.4433 -10.24
3.36315 -9.00608 11.788 202.618 49.9071 -7.28016
-1.42153 5.36204 7.49088 -273.845 16.4977 -13.5836
1.42393 2.01978 0.735696 5.01423 271.589 5.90783
2.68142 -1.24599 -16.5786 128.834 122.465 25.0925
-0.633815 2.25232 6.84375 -201.483 152.807 -5.89702
3.86745 -5.3415 -1.51039 243.667 89.0345 3.65003
3.16351 -0.0194999 -1.70497 171.973 201.304 -21.3865
-1.34403 5.35323 -0.129939 -276.084 32.7238 33.5641
2.8577 0.230046 2.02898 140.714 204.309 8.46076
-0.584264 8.97082 -9.16966 -201.951 4.71764 11.6304
-0.992761 9.6204 -0.258242 -243.277 -63.8798 2.05055
-0.887755 2.39839 -2.3876 -234.697 169.809 3.83685
0.551106 -9.54406 -6.54667 -93.2285 -9.51242 43.2313
-0.531588 13.6951 -1.14247 -202.648 -5.90937 -4.24935
-0.593947 2.43226 0.382198 -210.785 155.821 -34.0149
3.94367 -4.69122 2.063 239.919 100.138 -2.25874
-1.06484 4.81129 4.58712 -258.411 -26.5777 21.5424
1.79023 1.84358 -7.18635 24.0209 258.267 18.1003
3.42128 -13.2774 1.94404 185.847 50.471 -6.53619
-0.925867 5.72923 -1.65269 -249.247 43.2746 6.10902
-0.7539 3.4343 4.54027 -232.773 -129.096 -4.90052
2.68173 -1.34645 7.44067 107.428 207.416 -11.8057
3.5833 1.0656 2.58832 195.511 -34.4058 78.3441
2.4034 -2.42238 16.6801 76.2982 237.419 -53.2035
-0.447453 3.40057 -2.36311 -207.411 129.946 28.2075
3.96107 -4.5418 -1.50194 230.037 96.178 2.96049
-1.01718 7.24381 -2.71341 -266.416 16.6919 5.3469
3.33002 -0.819466 -3.37872 164.429 178.43 7.60199
3.97945 -2.32316 2.42834 228.003 157.899 1.38818
-0.736484 4.76861 -8.03239 -242.208 63.0628 1.36577
-0.507854 3.29813 5.90062 -223.558 109.35 -19.4174
1.0567 7.12867 -2.4472 -68.9803 -46.2564 -161.661
4.04153 -2.45121 -1.30017 227.085 154.371 4.26342
3.94606 -5.84711 -7.22368 215.698 92.6522 11.342
-0.342557 8.02064 -10.909 -213.102 15.5899 24.1565
-0.752345 3.18278 4.26326 -255.924 123.603 -6.60225
-0.408282 10.7588 1.97911 -225.913 7.28703 -1.77301
-0.624769 3.81163 1.68264 -248.761 73.9776 -16.7876
-0.539831 6.41853 2.63431 -243.408 49.6512 -2.14516
0.0171867 2.76868 5.11564 -188.672 185.854 -17.9434
-0.788153 4.79511 -6.73846 -268.756 70.6936 -1.68514
-0.662436 6.71163 7.24151 -257.846 43.5219 -6.87012
-0.173997 8.57359 -9.95078 -211.652 19.4117 12.6753
4.05726 -13.7328 -0.73833 208.04 261.179 -64.3157
0.0380168 13.3266 -3.19227 -200.861 -1.87497 2.84529
4.33903 -10.613 -0.602266 225.313 75.8893 -0.560894
-0.573821 3.5358 1.26119 -262.979 148.378 -7.75243
-0.40918 5.97146 6.43955 -250.657 63.5864 -20.2915
-0.526508 6.58327 0.277136 -263.64 44.8653 3.46916
1.04953 2.726 3.59363 -107.223 262.318 -2.90432
5.00002 1.13956 -1.17026 282.984 228.634 -107.092
4.29325 -4.22614 -3.44739 211.623 396.396 -222.809
3.63537 -1.22798 14.198 144.98 161.603 -23.6194
0.00408159 6.9349 5.65711 -220.305 53.2484 -17.8074
-0.651935 5.56559 -0.539148 -286.271 74.5465 -11.5603
4.55029 -4.46695 -0.404325 227.762 136.702 -4.07231
-0.0145489 3.33015 -3.17843 -228.182 193.899 13.8243
4.48282 -1.56137 2.8066 216.319 204.818 -2.99986
4.4379 -4.55909 -1.63104 206.026 124.682 -1.82954
-0.312103 6.71843 -1.68913 -267.812 67.387 -9.05112
0.494179 4.4285 4.9383 -188.064 246.444 99.5864
4.02645 -1.27406 -10.9011 162.367 180.763 13.0233
1.12497 2.79254 -5.67752 -126.793 221.551 22.8274
3.26261 -2.51687 -5.71393 85.4589 262.483 -13.7014
-0.0332685 9.43356 0.332136 -245.777 36.8313 3.11556
-0.163628 6.91095 1.21094 -262.555 65.5261 -13.0869
4.53211 -2.80861 1.58282 203.674 167.845 -4.29637
0.65264 4.80455 -15.2724 -182.901 85.5603 13.7927
2.38129 2.22562 -4.31418 -14.6674 286.911 3.23243
2.97791 0.900961 -3.24711 41.7226 258.597 -0.600469
0.570315 7.69338 -12.9267 -197.483 45.3168 10.5806
4.54451 -3.91047 1.16185 194.705 136.051 0.318461
5.00278 -13.9974 1.42347 236.822 39.1015 -6.88713
2.61646 2.00572 5.2506 -1.27575 276.531 -13.6971
4.95259 -6.01654 7.52551 230.666 111.606 -9.56904
1.78138 2.5771 9.755 -85.0131 255.532 -15.3824
3.81194 -0.0398352 -1.24867 114.225 220.165 0.605778
0.749421 14.282 -0.395288 -190.012 5.53087 -7.20923
0.190328 4.57969 -0.82734 -247.595 137.229 -4.30751
0.395621 10.9144 -5.45751 -227.298 84.6917 -8.49998
4.85676 -4.56359 -5.35456 213.778 148.523 14.7662
0.0103755 5.84244 -1.37855 -267.628 93.0112 -11.5399
4.58823 -1.34042 1.81821 186.911 204.666 0.325214
3.06231 1.31209 -1.70628 34.7084 251.099 18.061
2.41838 2.33634 -2.66521 -30.2794 294.012 -6.81285
3.42783 0.719537 2.85449 69.4653 234.074 -4.05306
3.88318 -0.248192 -8.72257 114.617 224.476 16.7207
1.93323 2.37194 -2.37454 -82.3641 254.47 -38.7006
0.543034 6.28672 2.78788 -228.249 54.7538 35.9469
4.3058 -1.20954 5.59891 143.838 192.712 -19.2641
0.863015 13.9569 -3.92877 -200.363 20.5259 8.7058
0.530484 5.36353 -3.35274 -235.986 111.858 -6.31008
0.454518 6.31479 2.66917 -243.62 81.7504 -15.1841
0.796288 4.02628 -5.61036 -211.136 163.468 20.7897
5.06696 -3.10479 -1.30154 211.976 195.167 -2.55721
0.753087 12.3053 -0.0347592 -217.103 26.4461 3.21848
5.40506 -7.83641 0.852313 243.434 106.92 -0.457635
5.16516 -7.40344 0.359237 217.916 108.279 0.906414
0.341094 9.94634 2.47161 -263.934 50.7213 2.83022
4.39308 -0.79369 -1.79474 136.572 202.889 -3.87889
1.84378 18.6673 -3.94622 -119.046 -17.2091 4.73665
1.01976 4.04572 -3.34081 -201.671 173.165 -27.4451
0.466058 6.03474 3.04415 -258.003 112.384 -15.0507
4.44868 -1.04476 -1.53157 136.996 204.245 13.5962
2.71407 10.1343 -0.524297 -38.157 300.848 -0.696918
0.76094 8.54318 -3.23944 -233.264 54.2918 -5.21384
5.30057 -6.47814 -5.59102 214.576 65.9635 12.7622
4.19337 -0.655939 -7.73785 102.579 203.507 14.8976
0.874628 5.82714 3.31801 -227.208 240.204 -152.032
2.54786 2.50303 8.78726 -61.9206 242.819 -24.3483
3.5919 1.66513 -0.700856 41.2412 297.76 19.4793
3.58286 1.37667 -2.11781 38.9814 248.16 -2.13459
1.08936 3.82772 5.82653 -210.389 61.4705 70.3512
3.64653 -7.20097 -9.04902 43.3052 155.165 -82.3552
1.06541 11.3528 -3.49442 -213.756 48.817 25.1865
1.35305 13.0192 7.36115 -187.551 19.1145 -8.12064
0.974878 9.73572 7.8989 -226.708 54.4212 -2.02351
0.861368 5.17376 -6.70505 -238.061 150.487 14.2316
2.34317 2.93509 -1.33324 -91.6773 273.377 0.876617
0.999395 10.1766 9.7311 -226.012 49.6957 -23.99
3.33283 2.01091 3.0784 2.81207 295.127 3.05649
0.768235 6.36026 6.10164 -255.647 117.667 -9.30669
0.980375 9.90089 6.45185 -234.867 52.6609 -19.5424
2.46768 -0.159987 10.6939 -90.4824 253.691 -22.7059
2.49249 3.46949 5.51099 -88.6762 285.465 76.0719
5.29537 -2.09154 2.41997 188.369 211.592 -7.09834
1.11083 5.92394 8.77672 -228.595 119.013 -21.9961
5.73492 0.956739 -4.08535 229.785 -26.6252 43.9353
4.52734 0.231357 -1.99273 109.17 262.505 9.52071
1.94346 -8.85171 5.68121 -148.373 -0.81636 -45.8126
5.02707 -10.8691 -11.7109 153.878 85.6456 18.2747
5.60793 -8.85124 -0.874521 208.408 95.2396 1.97549
1.38964 9.43437 4.98136 -211.259 49.9632 1.58842
3.49611 1.88115 -4.14833 -2.73939 258.492 0.534682
2.61797 1.61123 4.24385 -90.8683 219.282 -6.80593
1.56745 4.27459 2.90673 -197.726 184.868 -20.8887
5.56449 -6.22114 6.03021 197.763 141.355 -2.46775
0.967627 8.67756 4.07418 -259.052 77.9051 -9.88208
4.22466 1.10369 -2.52499 63.0323 275.708 8.83745
1.87952 4.24306 -3.68424 -173.313 231.286 7.03831
5.74252 -8.05787 4.92831 209.327 105.901 -5.87226
5.26334 -16.453 1.2821 159.97 67.8512 -2.9364
5.71446 -11.0488 -1.92052 202.506 96.2965 3.49783
1.38187 1.01371 -3.60167 -228.366 132.44 1.61936
5.80027 -7.46915 -6.66757 210.294 105.488 11.2131
1.62449 9.6057 5.39056 -204.97 57.1605 -10.9915
1.81244 16.8737 -0.00338473 -186.514 17.3527 11.1901
5.96844 -6.36586 1.63182 225.267 159.603 4.8853
1.18695 7.42866 -3.46848 -250.722 106.399 -5.11615
1.32963 5.09089 -2.08504 -236.993 179.692 9.17449
3.03766 10.9727 17.7328 -69.6836 8.60022 -29.4239
1.50262 11.0418 5.29929 -223.129 51.1682 1.61944
2.65201 3.1873 -6.0515 -109.383 219.22 14.5814
4.42463 9.10338 -9.34351 65.1659 127.385 90.2996
5.7613 -9.48798 4.92637 197.649 102.977 -5.94356
1.75396 6.18261 -7.16797 -205.51 109.028 6.02289
1.44881 6.9142 3.39243 -236.393 106.74 -5.29104
3.92192 1.46539 -1.5657 8.8233 255.206 -6.92124
2.11025 -1.98254 -4.4463 -172.939 -61.4349 105.385
5.53922 -4.6621 11.4111 164.805 148.833 -13.4442
3.15394 2.81689 -0.143858 -72.3071 284.405 3.9759
5.9177 -6.5966 0.776086 201.24 126.237 -5.32292
1.93386 -2.39695 0.279445 -195.62 53.6421 -77.3929
5.79765 -7.7814 3.51243 187.891 120.475 -9.08378
1.60086 9.77754 2.01288 -229.129 116.136 -8.96413
5.37161 -2.33657 11.9415 144.147 166.43 -12.3945
2.32922 4.61328 0.0184507 -164.676 189.506 0.289966
1.71778 4.40567 0.279159 -227.346 82.3962 -7.22503
5.80851 -4.65567 -1.75194 176.392 150.796 0.852438
3.59509 1.66731 1.10158 -43.4938 214.39 -95.6908
4.50932 1.82439 -2.46087 39.2313 257.469 -1.92641
1.71525 9.64839 4.11586 -240.529 32.0206 -260.787
1.42736 4.42995 6.36757 -271.668 34.9178 46.1364
2.50183 4.69079 -9.58302 -168.797 196.42 13.1325
6.22778 -4.11549 -1.93855 199.225 191.246 -1.07314
4.46693 1.62456 4.72408 22.8717 285.935 1.34588
3.12409 1.85374 -2.008 -111.715 174.393 -95.4599
3.63736 2.64773 7.88703 -61.0933 232.299 -22.5455
2.48154 4.25243 3.61716 -177.426 226.857 8.70721
2.10424 7.33783 -0.748339 -215.121 112.621 -3.63527
1.95364 7.43477 0.448981 -239.001 126.51 -5.93725
3.39353 3.46398 2.57911 -96.4697 225.43 -1.73116
2.95014 4.00109 -3.22318 -140.736 219.682 2.84784
2.35289 5.57252 -7.93653 -200.118 163.111 19.568
5.42007 0.671708 6.3736 103.323 202.613 -10.8193
5.96722 -3.23219 -3.29743 154.36 175.51 7.38636
5.2216 0.199803 -6.82486 78.6698 264.852 19.4958
2.53295 16.5092 -11.0712 -189.194 250.657 -59.1479
6.07822 -3.53613 6.01164 161.617 183.724 -6.20913
2.19813 10.9411 6.09594 -224.876 68.0451 -20.2172
3.24579 3.8984 12.1783 -122.371 201.263 -28.0676
6.40187 -3.69295 -4.02515 184.32 181.456 6.91369
2.45531 9.27338 3.59433 -211.028 91.9477 -15.2127
6.06996 -1.97662 -5.72351 145.933 221.61 20.6649
2.37407 6.51256 -1.76436 -222.105 159.022 7.11575
4.45707 2.24716 6.21348 -17.4159 278.849 -12.1865
6.46653 -4.97512 5.35518 172.253 172.467 -6.96271
6.68485 -14.1172 4.52826 192.656 140.941 -29.0328
2.62971 7.83465 6.40799 -211.82 109.517 -14.0842
2.10358 7.37003 1.01861 -264.38 90.1136 -15.3191
3.02525 5.93085 8.25397 -178.522 151.01 -5.12132
6.76161 7.16013 10.327 192.331 286.033 61.8366
2.97126 6.80434 -4.66586 -190.246 126.497 7.12426
6.63661 -6.74897 11.2083 172.941 137.586 16.9135
2.57403 8.88125 0.744976 -232.818 115.822 -10.2495
2.63165 7.09017 3.48362 -229.909 153.872 -43.9804
6.59604 -13.8743 7.09783 160.979 85.1952 -9.9122
5.35702 1.25466 4.82262 36.5533 284.892 10.5164
3.81227 4.08061 6.24779 -119.009 198.478 3.90614
3.55147 13.0139 4.46823 -147.527 182.95 7.15867
3.00672 7.12169 5.23353 -202.251 121.598 -4.06864
3.05324 7.75112 -6.59962 -200.56 119.496 13.3271
2.87587 15.3591 -10.46 -219.214 56.2546 5.11685
5.38446 1.02387 6.63524 29.0989 237.398 4.90747
6.80929 -6.07993 2.50234 170.41 149.385 -5.37122
3.52151 5.36312 -9.72234 -156.515 178.456 13.4197
5.75995 0.091639 -6.78828 64.3701 229.759 10.1456
6.94322 -3.77174 -2.30882 178.714 206.384 -0.00347192
2.92658 7.38193 -5.46895 -226.417 137.429 12.1409
7.02479 -6.84508 7.14515 179.387 136.783 -54.8116
2.90742 9.45588 -1.13067 -230.215 98.8415 1.38113
3.80616 4.12625 -4.80619 -144.881 245.083 23.1784
3.94492 4.51764 -6.56646 -137.456 230.749 24.8891
4.05263 7.95148 16.1615 -128.243 69.9315 -21.5535
6.38891 -9.26521 -4.70138 103.277 186.645 -17.2783
7.02184 -3.91411 -0.108236 164.637 188.896 2.87271
6.35921 -1.31903 2.81352 98.0707 222.145 12.0143
3.58802 5.00194 0.658881 -177.218 223.288 12.9158
3.48961 6.30985 -5.50824 -188.856 159.307 15.5379
7.70414 -0.627865 -4.87132 227.582 87.3971 37.0711
6.86243 -7.40467 10.8585 141.879 122.812 -24.9605
4.23048 4.38682 -2.72834 -121.548 201.496 17.3487
6.44493 3.57843 1.13486 98.3818 289.179 15.6569
4.12805 4.57924 -3.65041 -134.728 242.252 0.755202
4.2055 4.48597 4.80822 -128.621 195.873 -8.78649
4.46129 3.96309 -0.966109 -103.74 241.551 1.10851
6.93072 -2.66939 -8.05629 138.398 213.78 23.6055
3.83586 5.76891 3.71668 -172.507 176.313 -11.1883
7.23765 -7.52021 -9.16553 164.897 131.455 51.6885
6.65107 -0.852289 5.26056 103.356 251.726 98.3789
6.19902 2.02509 -4.3216 56.3083 215.604 53.5193
7.30778 -7.80875 -4.30164 165.931 141.599 -4.09032
6.96012 -2.81793 3.71594 126.04 196.374 -11.6575
7.87727 -2.83037 0.697621 215.452 161.166 1.82021
3.84509 9.90142 -5.32761 -187.992 91.5597 3.77262
4.00012 14.4757 -2.5624 -175.308 32.685 -5.93538
5.00343 6.90741 -2.96586 -76.5017 209.997 25.4214
6.10981 -13.8259 2.09956 33.2907 1.90248 15.165
3.80297 13.9256 -8.50889 -196.784 48.7811 -1.30226
5.14726 -3.01419 -3.05672 -66.5 75.8111 154.38
7.54807 -8.09432 2.47982 171.544 148.696 -8.1449
6.67791 -0.896592 -3.65228 83.6046 227.038 6.21287
3.88814 14.6416 1.1277 -195.905 50.6491 -11.3046
7.8058 -1.38549 7.10703 186.923 128.636 -4.58667
5.92634 1.76747 8.9695 -2.73198 228.855 -7.31805
5.94705 1.83035 -10.4804 -2.30317 246.554 21.7825
4.4202 4.44965 -5.94767 -154.114 185.132 41.2676
5.82048 2.18725 -1.95066 -18.3954 252.193 0.125471
7.77567 -4.50482 4.07524 174.956 204.773 -9.36042
4.0666 1.32569 -11.1922 -197.744 105.214 10.8015
4.70449 4.75503 3.68818 -136.627 226.888 9.56076
4.34846 5.40345 -4.70637 -172.966 215.49 20.384
7.66874 -6.68513 9.42701 147.973 154.537 -13.0743
6.38542 0.294572 -7.24537 15.9075 247.352 17.8135
7.82898 -3.72939 -1.51632 159.05 222.361 -10.2814
4.52875 -5.41965 3.22772 -172.618 72.5235 57.0888
7.65655 -5.64777 9.19503 137.985 143.919 -12.7835
5.86646 2.68539 -8.5727 -41.8238 213.071 25.6492
7.33111 1.63377 2.37158 99.4298 294.355 95.8927
6.81076 0.138012 -2.21108 47.6243 230.68 7.51782
6.34734 1.68244 -5.86326 -2.45681 263.601 15.4108
5.93638 2.62621 -5.75783 -46.0647 223.334 7.65834
6.73291 0.542235 -8.15764 29.7411 39.072 130.956
7.02237 -7.88605 6.90444 56.8127 208.784 -18.0581
7.83933 -13.2837 8.35058 135.295 82.9664 -11.3642
6.93267 0.617848 -1.04018 35.0096 254.715 -3.83592
6.55927 1.91581 -5.97734 -3.12603 249.471 15.2278
7.12928 1.38286 -6.7452 51.9904 243.366 -7.80194
7.8886 -1.842 -4.8975 122.251 248.589 5.83546
5.19943 5.91819 1.33375 -148.561 239.327 -14.1041
5.03794 6.09202 0.34646 -167.244 205.436 12.3979
5.99973 9.94599 1.70898 -74.0449 97.7309 122.251
6.72738 2.3267 -1.53506 -2.28526 290.149 9.74122
6.55387 2.28912 -0.142568 -19.9039 263.181 -2.65733
5.93103 3.59812 7.90249 -82.7631 227.709 -12.551
7.53756 -1.06814 -3.43702 76.2296 232.553 -0.235938
8.3437 -3.95386 -6.39105 155.857 211.634 13.6965
7.23692 -2.14874 5.39134 42.84 135.021 135.677
7.57055 -0.0185199 -1.85195 70.1866 256.841 2.40028
5.11595 7.75819 2.84423 -177.651 159.849 -13.5756
5.62092 6.10488 -1.76846 -133.887 212.127 -8.21735
4.82019 10.6722 1.07978 -216.132 142.363 -23.1334
5.95483 4.24038 -8.6662 -105.036 238.843 12.4523
6.404 3.49809 14.5765 -62.31 191.102 -13.5155
6.63467 2.66732 -4.97199 -41.7075 240.233 -5.29592
5.41003 7.90767 0.735379 -164.881 147.075 -34.4786
6.4497 3.29254 0.0627514 -69.1254 247.835 -11.7846
6.17749 4.47579 12.8198 -97.0086 192.842 -8.22157
7.94681 2.28567 -0.398751 77.9201 351.911 -146.689
5.67734 5.90162 -3.46843 -148.577 179.411 16.4328
8.93602 -6.14581 -2.63754 174.26 179.319 4.83781
5.03721 11.2823 5.90938 -213.469 103.335 -13.3074
8.17915 -1.05733 2.14281 92.952 255.196 -2.21912
5.2403 13.9315 -4.40914 -202.54 76.7213 6.24885
6.76297 2.87589 8.14998 -51.9439 251.346 -12.928
5.43956 8.6356 -1.87043 -192.799 168.688 0.714793
8.22128 -12.092 3.20545 81.0578 103.758 79.6446
8.95205 -7.89729 5.84001 149.066 159.033 -7.77609
8.6344 -8.15721 1.42724 110.791 202.623 -11.4121
8.74562 5.41119 2.84599 121.566 301.072 41.6529
5.84629 11.7592 6.35275 -180.562 97.4935 -6.19302
5.79169 11.0937 1.79886 -186.141 102.252 0.618147
7.35848 2.36939 -8.16353 -38.6416 209.082 1.03727
8.8477 -2.48105 3.74249 103.928 243.374 12.0783
7.49448 2.68075 0.388789 -32.8243 238.594 -9.31252
9.29222 -5.34768 -0.865829 143.01 190.357 -13.8216
9.59478 -7.2983 6.90769 160.411 169.316 -9.28608
9.5089 -9.21038 2.76057 138.926 152.499 -3.28803
7.63587 3.08932 4.56031 -49.7692 229.966 -7.56486
8.11997 1.89237 -0.243716 -4.61605 280.725 7.57819
8.75118 1.23724 3.93843 57.5581 220.788 -5.48173
8.96238 -2.73006 8.27569 77.603 190.13 1.46784
8.04121 2.20553 -3.70039 -19.5901 257.238 12.6256
9.63716 -8.47549 -4.89758 133.523 146.68 7.96451
8.17528 -5.91222 2.65242 -14.9693 234.425 12.461
9.00321 6.4182 11.2922 61.0853 239.842 -8.48277
9.20126 14.5911 -9.50668 78.0094 465.211 -15.031
9.4321 7.87131 -7.50781 98.5631 385.622 -71.7776
6.90894 8.84599 -2.20401 -168.408 179.604 3.55732
7.49389 6.27851 1.7138 -121.612 224.04 -1.19965
7.21314 6.90919 3.25239 -153.878 211.9 -13.2487
7.95268 -5.28909 -12.4741 -97.7369 231.393 18.4218
10.3523 5.46531 -5.86397 139.68 490.191 -187.44
9.19926 0.556832 2.3389 9.65948 226.393 3.09879
8.20154 4.69473 11.8126 -90.1051 189.73 -15.6344
9.98328 -3.5662 4.95359 79.9496 199.253 6.93975
7.41753 9.65597 -7.53423 -174.993 146.276 -2.84684
9.76464 -7.1769 8.20271 56.8981 226.4 -4.92491
8.30163 16.3996 -0.636833 -98.8606 193.001 -1.46225
9.68981 1.63548 8.14981 34.4572 12.8698 -109.682
9.3776 1.08885 -0.0502916 1.39451 266.451 -9.53643
7.67978 9.75906 -7.57032 -170.641 140.76 45.0649
10.2474 -1.95424 2.96759 73.8733 238.182 -9.76794
7.92459 10.0361 -5.18654 -160.477 130.785 -5.00738
10.5516 -7.27146 -13.0187 90.6782 124.563 22.8018
10.0568 -0.617653 -2.15309 39.5473 218.594 7.1888
9.72382 0.592084 -11.7572 4.43784 182.784 22.6053
10.9716 -4.97748 -5.46257 119.176 198.15 1.83832
9.4273 2.36638 -10.2129 -39.3714 191.37 4.9712
8.7499 8.91024 -2.28512 -161.577 186.35 15.3745
9.66931 4.20214 -5.08293 -73.9494 242.704 2.45635
9.26609 2.92003 23.4974 -117.544 192.736 -170.302
11.35 -2.82441 2.01159 73.2113 221.394 -2.16033
9.60842 6.93809 -1.35998 -120.768 196.135 -1.82675
11.2635 -0.782944 -0.965426 36.2748 233.564 10.3393
9.7748 13.6171 16.4635 -123.397 230.766 5.90038
10.6874 3.46715 -9.60206 -47.6076 203.309 26.6486
11.9895 -4.57482 10.1542 68.3666 164.738 -15.8406
11.0275 2.49011 -12.5516 -32.7426 180.044 11.8541
11.7165 -1.44873 10.5393 32.4767 201.292 -11.8467
11.3381 -2.04472 6.07981 -13.56 494.201 -112.783
10.3014 7.69394 4.3735 -121.05 163.778 -7.91578
10.0916 8.39402 0.110024 -143.634 160.387 10.2381
12.4866 -4.36104 4.70842 85.5872 197.397 -8.0047
11.4483 7.12694 2.28612 -20.5118 -26.1596 102.135
12.6238 -4.94263 -0.630817 95.5508 216.925 -0.245588
10.9182 6.74191 2.01174 -114.657 213.703 8.99012
11.359 4.42402 -6.09738 -71.8113 197.916 17.2649
11.8336 3.06684 -4.60249 -38.9463 235.043 -1.86962
12.1379 1.08203 -7.91157 -13.014 186.157 16.4331
12.4137 1.60732 -6.35246 -12.1887 232.929 15.3475
12.741 10.0815 -6.31475 17.3396 337.003 -75.4762
13.7951 -2.01322 3.95934 104.062 195.042 -15.4047
11.779 6.78909 1.9022 -97.6947 194.559 -3.06155
12.7374 -3.60517 -0.218858 -26.8345 248.466 -7.04419
12.4098 4.18872 1.96143 -66.5036 198.204 -12.3455
13.0453 0.248864 7.1757 -7.11526 212.902 -18.2148
13.2355 0.318691 -3.12257 2.97907 219.541 10.9351
12.3887 5.32499 4.93879 -83.2988 196.916 -8.07542
12.9991 7.75677 -0.988084 -23.2124 244.9 27.3843
13.3009 16.2374 -4.19785 -60.7213 7.19104 1.9436
14.0599 1.84993 -5.34318 -15.4684 199.558 13.0204
14.829 1.70072 -9.89668 -28.443 169.175 12.7292
15.2715 -0.117959 -4.13775 -55.952 276.037 8.81886
14.7744 -0.168566 -0.12161 -110.635 281.844 -64.6653
17.1892 -9.69488 3.47292 26.6245 111.012 -3.44285
nan nan nan nan nan nan
12.7885 -7.42519 -11.7177 65.7053 130.317 23.9369
12.3335 1.11585 3.02422 -12.2276 227.654 1.38607
