-16.6585 1.82895 7.17715 112.854 -284.038 -64.1465
-16.5072 -6.19939 3.2577 109.082 -61.8849 -2.77407
-15.5155 -3.34527 -9.41979 112.63 -79.4191 74.4188
-15.3251 6.31354 0.145972 50.2305 -325.243 4.40173
-15.3031 -1.37167 3.25143 20.7812 -211.392 -12.228
-14.1583 12.9996 1.20367 95.7694 -112.39 -9.37916
-13.9928 0.101874 5.51284 76.7898 -237.738 -47.6852
-15.3243 -11.5088 8.77191 -75.5534 -199.081 -43.2047
-15.1692 -9.72925 -0.709195 -76.3022 -120.977 1.59438
-14.3818 6.91886 -4.75127 -0.497563 -176.396 60.533
-13.4631 -3.82924 4.08929 62.8429 -190.511 -35.3507
-14.5857 3.08693 1.54474 -57.4015 -209.639 -5.57595
-13.5762 -7.62788 0.722457 28.4837 -78.794 10.587
-15.5056 1.26085 1.89226 -183.513 -147.361 -16.7586
-12.9666 -13.7847 2.3639 52.3458 -218.744 60.0356
-13.9251 -1.01873 5.20322 -55.6883 -155.885 -35.016
-13.1025 -4.88133 -1.44696 21.9276 -230.557 20.7324
-13.3561 3.15503 7.58559 -10.9171 -177.14 -47.3077
-13.3187 -4.3418 7.66575 -12.6284 -164.93 -67.9265
-13.5379 1.46205 -2.98779 -58.5874 -198.691 16.3546
-12.1729 -6.08174 -3.51815 59.1335 -201.606 24.3444
-13.6384 -1.07988 -8.43765 -90.1399 -185.323 -17.8763
-12.3743 1.85324 -11.9621 17.6068 -148.095 85.4022
-12.4996 -1.27974 7.84865 4.51568 -178.559 -53.4885
-12.4639 -3.97185 -2.96996 6.90235 -225.739 29.931
-13.3191 4.50732 4.95668 -92.1199 -193.494 -48.476
-13.0072 -4.50483 -10.1713 -63.0176 -147.128 86.5161
-13.1994 3.27718 1.19032 -91.7422 -205.124 -0.0851318
-13.4209 3.59648 -0.874995 -127.76 -196.777 1.83778
-12.4052 -5.14541 1.75978 -35.1578 -230.921 -36.2728
-12.323 9.32938 -7.1428 -30.2419 -35.8808 20.9706
-13.6466 6.30329 -5.39633 -167.625 -241.501 -20.9535
-12.7732 1.2029 1.05918 -90.0019 -203.745 -10.7039
-12.2521 -7.56132 0.941366 -43.2019 -218.626 -5.18384
-12.2112 -2.88126 -3.13052 -44.5984 -237.758 -0.797013
-11.97 -1.8491 4.23997 -29.7082 -196.663 -42.0029
-11.2571 -4.77693 -2.51195 39.0935 -200.278 -0.472804
-10.7238 -6.04635 -7.75433 73.4362 -169.279 67.6055
-10.192 -10.7635 3.80173 124.641 -70.5995 -89.4527
-11.7609 -2.90984 -1.51287 -46.2517 -214.532 0.814438
-10.0222 -9.55441 -0.895417 125.832 -155.353 12.685
-12.6255 -3.28068 -17.0011 -154.319 -160.268 24.5009
-11.936 1.31955 1.63661 -90.6187 -198.64 -15.0398
-10.2778 -6.66442 9.11866 69.0599 -188.799 -60.5047
-11.6722 0.0959173 -4.37216 -79.7035 -196.163 26.6678
-12.1821 2.18718 4.91246 -131.595 -134.69 -36.2122
-11.6954 4.99054 -5.86355 -88.5355 -260.416 42.1275
-9.72385 -8.54096 7.41974 102.502 -167.699 -60.594
-10.4918 -5.46834 -2.91766 20.3426 -211.384 24.9045
-11.4654 -0.539768 5.23296 -76.9202 -186.253 -46.617
-11.53 5.30797 7.98137 -83.6502 -213.537 -39.4307
-10.2215 -15.0729 -9.7596 42.5269 -236.125 -18.9298
-9.61762 -8.39951 -0.264243 102.065 -201.632 2.91917
-11.5584 -0.84382 2.33271 -93.2584 -203.646 -25.119
-11.042 -5.4899 1.02263 -53.4722 -243.221 2.07887
-11.3154 -6.33498 1.07567 -84.335 -192.255 -27.3595
-12.2853 -23.1257 8.93869 -184.189 -456.663 29.5919
-11.4107 11.8331 -1.63119 -105.931 -294.291 10.6762
-11.3311 -0.000609535 -3.72441 -100.071 -286.094 129.606
-11.6637 0.683096 5.13467 -135.302 -189.267 -51.4999
-10.4152 -4.58561 6.88253 -14.0245 -216.088 -33.4689
-11.4431 8.25681 -0.706225 -117.377 -193.446 83.7076
-12.8443 -1.82184 -8.56655 -260.213 -206.492 -170.962
-10.9058 1.93229 -10.2016 -72.9169 -176.811 75.853
-11.2951 -0.252426 -6.25928 -113.479 -205.232 45.0986
-10.6671 -1.06657 2.42616 -60.2467 -237.432 -29.2322
-11.5516 -6.23716 1.03097 -151.184 7.66176 26.8779
-11.134 6.45499 1.22382 -125.351 -155.227 -8.17421
-8.45908 -10.4811 -5.57287 132.537 -128.314 46.7512
-9.24842 -9.55691 1.00073 53.8991 68.6396 38.2567
-9.48353 -9.27616 0.227283 29.528 -202.526 6.36358
-11.2774 4.74073 12.2841 -152.207 -128.438 47.6156
-8.96263 -12.7584 -4.11294 77.6975 -173.596 27.5353
-11.447 -15.2785 0.505665 -173.855 -399.936 36.2938
-9.80147 -1.85694 11.1875 -12.8867 -167.46 -79.2558
-11.1297 8.66442 0.245944 -145.854 -99.1238 -114.361
-9.94478 -3.43647 9.20062 -29.9871 -193.009 -62.7542
-11.4842 1.9536 1.04009 -184.94 -157.226 -9.80406
-10.2689 -10.9865 13.7033 -65.5076 -211.038 -81.6596
-10.4935 3.8073 11.9596 -91.2887 -268.356 -221.128
-10.8668 -2.92243 -4.21256 -133.269 -215.898 40.2067
-11.0511 0.381289 -4.28018 -156.436 -179.939 27.6582
-11.0629 -0.28158 -2.50166 -158.203 -37.2694 -60.6371
-8.33931 -9.04183 5.36891 111.956 -154.603 -35.3437
-10.7653 -2.13864 -3.35549 -135.061 -208.976 22.6474
-9.51245 -7.00737 -5.84576 -16.2759 -236.879 31.4055
-9.73579 7.13528 5.99461 -41.9672 -297.083 -54.3279
-10.4931 0.896613 6.01618 -119.585 -170.677 -56.8978
-10.7168 -1.76943 -4.23977 -144.22 -200.529 33.2464
-9.98292 -2.0754 -10.0661 -72.4652 -186.771 82.7754
-11.419 5.1605 -0.43954 -221.139 -122.908 6.20444
-8.58177 -8.28917 -5.19715 58.3873 -209.286 44.3832
-11.0672 -6.46082 1.28877 -191.461 -42.3743 -28.5865
-10.255 -2.17438 1.24045 -114.215 -195.487 -2.37399
-8.8272 -6.9834 3.70976 26.6404 -208.345 -21.2057
-10.1759 -2.95007 8.55592 -107.551 -122.119 -110.17
-9.38801 -18.1209 8.8383 -29.6156 -310.132 85.1453
-10.16 -4.33545 0.863912 -106.438 -225.839 3.266
-9.82513 -4.75441 0.293722 -73.9877 -222.906 -14.0235
-10.583 5.71168 -2.73734 -152.695 -132.233 17.9864
-10.2959 3.5022 -4.39384 -130.607 -158.456 35.5349
-10.6911 -5.2473 9.1313 -169.895 -167.447 7.34826
-11.1476 4.47657 2.63156 -215.338 77.9616 -34.7639
-10.1906 -0.140462 -4.26818 -128.259 -167.959 21.4102
-8.41243 -5.71127 2.37832 47.7957 -260.317 -9.10208
-10.2866 -1.95831 1.68418 -138.894 -196.386 -8.86685
-9.75334 4.63323 3.15249 -88.8892 -202.604 -16.3714
-10.6912 -1.82163 -4.39068 -182.543 -179.102 50.6339
-7.1604 -14.155 -3.43038 167.104 -159.706 25.2992
-8.68366 -18.6264 -1.82383 14.6003 -386.387 87.599
-10.9433 4.58259 -4.40594 -210.479 -129.7 -0.298755
-9.26016 1.21723 8.4115 -45.0893 -211.694 -73.2373
-10.1694 0.733462 3.27512 -136.843 -333.588 -3.02745
-8.28505 -4.01069 7.20271 48.4108 -204.02 31.2628
-10.1924 7.45844 -3.52288 -147.449 -177.088 31.7909
-7.53966 -4.59009 -6.21266 111.52 -169.437 -58.3428
-9.30379 2.03756 13.4466 -64.8413 -147.702 -100.33
-9.78533 -2.27679 -7.47478 -112.781 -189.17 64.0942
-9.84922 8.32724 7.75835 -124.07 -142.157 -56.6096
-10.3574 9.46416 5.46064 -175.523 -316.622 -64.4773
-10.122 9.01623 1.58058 -154.688 -131.738 -9.94916
-7.23886 -9.82228 2.26768 130.614 -156.949 -11.7196
-10.5898 5.20536 4.08382 -202.664 -116.538 -28.6188
-9.14855 -12.6457 -5.35647 -62.0533 -145.916 42.0441
-8.59676 -9.42162 1.075 -8.13998 -186.695 -4.49967
-9.9399 -0.120124 0.265901 -142.373 -160.856 3.82269
-9.36689 -0.528563 0.745594 -87.0076 -213.288 -0.411912
-9.98064 4.01017 7.89376 -149.051 -128.731 -60.9419
-6.99043 -10.9483 7.25041 147.721 -120.744 -61.9555
-9.98973 9.40322 4.3344 -152.019 -133.702 -31.0443
-10.221 2.62077 -6.32196 -177.486 -137.135 56.3493
-9.16691 3.94194 -12.5182 -73.0234 -135.303 92.7235
-9.86365 10.4927 4.0322 -152.691 -128.428 -33.8877
-8.43959 -8.09451 1.08737 -11.7691 -260.697 -5.01592
-9.63699 -5.02118 -1.27593 -132.982 -177.794 10.8208
-8.49669 -6.23978 0.38311 -20.2795 -238.916 8.3824
-9.14895 -2.8411 -3.96205 -86.37 -189.849 45.1063
-9.45738 -6.62067 2.26447 -118.94 -147.064 -17.0415
-9.84669 -2.92478 1.66872 -157.885 -206.314 20.0391
-8.53637 -2.88515 -13.1047 -28.1356 -171.122 106.93
-10.0537 5.90408 5.54639 -179.452 -125.22 -33.0979
-9.15272 -5.99857 -4.24652 -90.6534 -233.423 19.7901
-8.44619 -6.63094 -2.75155 -24.4512 -234.121 8.84006
-8.0372 -8.06724 4.22138 13.0137 -248.634 -23.7886
-9.41123 -2.38422 5.24796 -125.407 68.2497 79.9971
-10.3704 2.41499 -1.14283 -221.582 -99.8606 11.5134
-9.946 3.70979 6.24982 -185.642 -127.564 -51.1015
-9.67005 -4.15742 -3.45406 -160.35 -206.262 35.4588
-8.64219 -5.91844 2.88625 -64.7513 -225.315 -12.6818
-10.0576 1.53965 -5.60696 -205.654 -122.979 46.745
-7.84736 -6.64621 5.69952 13.4766 -204.121 -48.3176
-9.50803 -2.44904 -4.47124 -159.272 -171.448 21.5581
-9.46014 -5.88902 -7.80198 -158.353 -202.026 33.5135
-9.43963 -2.21108 -2.76765 -156.819 -170.827 8.6912
-6.67073 -5.85699 5.04798 117.42 -500.326 -83.2443
-6.699 -7.21223 -10.8534 114.1 -160.3 43.046
-7.17947 -4.36042 3.3943 63.8632 -235.022 -30.2047
-10.0348 1.35233 -5.07284 -220.182 -50.1657 27.5911
-8.3648 -5.19916 7.01599 -54.7372 -205.721 -45.1371
-9.28503 11.864 -1.0303 -148.093 -137.01 4.95071
-8.49188 -7.12842 4.59134 -70.9444 -243.949 -41.42
-7.82989 -7.09475 3.25612 -8.65615 -235.472 -21.9387
-6.31959 -11.4197 1.35972 139.25 -193.046 -3.60483
-9.58727 0.818338 -0.675686 -187.005 -125.49 13.313
-7.45701 -3.53792 5.33222 22.9134 77.6736 59.5993
-9.93348 3.79772 3.64657 -225.03 -77.6196 -32.0541
-8.90752 12.6932 0.253725 -127.403 -127.579 4.04564
-9.31189 3.24062 -6.17122 -169.901 -119.673 50.4937
-9.78882 0.174853 0.580793 -217.598 -112.185 -8.13311
-9.25808 5.97018 -3.93599 -166.141 -150.349 27.4166
-8.91166 5.74326 9.03718 -132.773 -122.998 -66.3691
-9.48051 -0.600076 -6.28265 -190.939 -130.032 36.1644
-9.54355 -1.2789 -2.54012 -198.821 -175.767 0.949761
-6.461 -9.47667 -2.92272 105.246 -186.832 28.979
-9.9362 14.2844 -14.9315 -242.663 127.022 -11.8004
-7.36365 -7.25648 -3.52084 12.0156 -228.235 34.6954
-8.33955 -3.32444 7.59973 -85.1596 -184.061 -50.1367
-9.51164 -0.125731 -5.82068 -203.957 -107.931 48.2992
-5.85197 -11.8472 -2.56168 158.394 -181.961 17.916
-10.1408 2.50486 1.21282 -269.533 11.5282 -12.4843
-9.16166 -1.66326 6.31056 -173.342 -147.096 -42.6601
-9.5533 -0.992178 -3.89146 -217.121 -106.61 33.7289
-9.69581 7.76462 -4.75627 -231.875 -54.8976 5.27244
-5.70568 -5.58183 7.47363 164.259 -108.453 31.1671
-9.62776 -1.77078 -6.81066 -227.384 -104.919 56.203
-7.41496 -15.0909 2.31485 -8.24804 -158.161 -15.2529
-8.17022 -4.85941 1.68242 -85.1007 -551.888 -52.8921
-6.88863 -7.54881 2.92034 42.1725 -206.337 -12.1642
-9.08505 -3.76083 -1.08456 -176.616 -172.981 -5.11174
-8.86311 7.60559 9.37753 -154.777 -113.543 -70.167
-9.29678 -3.60815 -2.72581 -198.338 -118.331 24.1148
-8.79744 -2.53018 8.53642 -150.619 -159.279 -77.1567
-9.20574 2.57617 5.50655 -194.36 -94.3879 -50.2831
-8.54494 -3.24069 -5.0022 -129.881 -173.574 45.791
-9.77015 5.85855 -1.12201 -251.85 -52.8659 2.55864
-8.81881 4.14588 6.8925 -160.196 -117.987 -55.5867
-8.89532 9.26178 -5.71263 -169.249 -109.125 40.4065
-9.03358 0.272816 6.72666 -187.928 -358.003 -158.261
-9.12262 0.382938 8.3182 -198.167 4.12888 69.7804
-9.62586 -0.857832 -0.873647 -248.539 -43.5798 18.2305
-9.18214 -0.547891 3.74287 -205.528 -104.329 -24.8554
-8.70828 -3.00329 0.6388 -159.844 -162.664 -17.2213
-7.73189 -5.55661 3.75822 -62.949 -209.958 -19.9797
-9.56681 3.815 0.569493 -245.466 -43.5981 4.07035
-8.9418 5.04263 9.00856 -189.451 -80.1749 -72.4651
-9.04358 7.12545 3.288 -201.718 -90.6424 -34.6637
-7.19898 -7.92993 2.14625 -18.76 -251.399 -13.2222
-6.21164 -8.83056 -2.28657 78.7419 -191.168 13.2154
-8.76916 1.98019 -7.11502 -175.682 -107.15 51.3517
-5.69198 -10.2151 6.12339 127.933 -182.16 -40.5242
-8.79803 0.484495 11.9164 -180.895 -101.374 -87.7436
-8.84179 -0.293265 6.33416 -185.38 -107.835 -49.0841
-8.12136 14.0653 -5.83698 -116.621 -136.415 42.1678
-5.7824 3.00227 4.5608 115.373 -175.303 17.0495
-9.38147 -2.05648 -4.16971 -243.8 61.7996 24.4249
-5.46136 -10.5537 -2.16607 144.775 -173.185 25.6225
-5.35442 -9.31357 12.489 150.625 -197.957 -92.7936
-8.2981 -0.697021 -7.55998 -142.556 -205.675 56.3494
-5.84733 -9.58315 0.346451 100.851 -215.39 -1.35914
-8.99267 5.97297 -7.60559 -211.833 -81.7699 51.6931
-8.39832 -1.39296 9.11644 -153 -140.64 -56.0279
-9.32898 4.80016 1.76908 -248.658 -39.1822 75.2296
-6.48507 -8.88721 -4.40234 33.4474 -284.218 240.641
-5.58207 -9.37968 -7.00337 119.635 -155.463 59.9854
-6.3254 -8.7432 -6.45544 40.5505 -227.649 54.3778
-6.41372 -5.67214 1.5006 31.2726 -265.191 -4.48466
-8.95677 5.67441 -0.227678 -222.98 -64.8748 16.4268
-7.90093 -5.02012 -2.71395 -118.601 -234.365 50.046
-5.60082 -14.6285 1.1712 109.871 -446.756 -137.569
-8.95561 3.43249 -0.547782 -223.428 -49.7748 5.83868
-6.12161 -9.50548 -5.76599 57.3964 -242.641 39.3119
-8.86395 4.82488 -6.19753 -216.883 -59.8398 49.0068
-8.88802 -0.78374 -4.38862 -220.15 4.50134 -22.9321
-8.41188 10.4618 -3.83892 -174.952 -110.786 23.8392
-9.15849 7.0809 0.483389 -250.168 -25.8454 -6.65713
-8.2712 -1.79129 7.5548 -163.394 -137.355 -58.3951
-8.96519 1.67479 -5.82699 -234.589 -26.5294 52.5812
-6.66701 -3.15072 -4.56152 -6.86649 -308.437 32.2109
-4.73775 -12.0522 -3.47306 182.396 -100.569 47.5655
-8.59733 4.80076 6.1591 -201.157 -61.5768 -37.9922
-8.86542 6.20612 1.07677 -229.397 -56.3033 -42.5791
-7.88013 -22.3064 16.6271 -133.557 -630.629 478.288
-8.39482 2.28759 -6.77019 -185.894 -79.7225 53.5222
-6.64595 -5.25247 0.116567 -14.513 -280.128 48.4009
-8.91655 4.85877 -7.28292 -242.104 -9.72713 52.831
-8.68957 6.10115 -0.900864 -222.752 -53.7991 1.55637
-6.09655 -13.439 3.45523 33.2251 -215.05 -16.3359
-6.50217 -8.70602 3.63298 -7.95066 -249.391 -33.6443
-8.45916 6.01027 -6.32628 -203.583 -67.5845 49.8989
-8.88495 6.30246 0.337056 -246.453 -20.4053 -5.48429
-4.49051 -12.8106 4.92363 189.367 -88.7252 -48.4726
-5.98846 -8.82657 -2.54252 37.7599 -235.051 24.5886
-7.33984 -3.59519 4.91297 -96.851 -169.293 73.1366
-8.42046 -2.75369 -0.0965467 -206.661 -119.519 2.4502
-8.68682 5.61948 4.38211 -235.03 -16.3258 -36.3011
-7.05289 -0.378822 6.58536 -76.7647 -185.04 11.59
-8.07906 -0.906322 -5.68955 -180.201 102.655 30.3895
-8.73675 5.41699 6.5752 -246.121 -13.7628 -53.1799
-8.72558 5.84843 0.788899 -248.617 1.32481 31.8143
-8.26002 -0.218131 -1.61878 -203.427 -130.475 19.0011
-8.49188 5.32713 -6.67459 -227.039 5.89381 92.6417
-7.10241 -8.07152 -1.51467 -90.1762 -250.051 16.8713
-8.18633 -1.97378 1.03706 -199.377 -88.0058 -4.34977
-8.06853 9.39048 1.56566 -190.028 -90.3667 0.708933
-5.37631 -6.604 -1.22586 76.359 -242.651 5.57945
-8.24582 0.959795 5.02766 -208.937 -42.3222 -44.727
-4.68834 -10.8023 5.7 140.62 -175.614 -34.3825
-7.72524 -6.8685 -0.212777 -161.902 -98.3271 44.8261
-6.79526 -7.15662 -2.49951 -71.6941 -230.327 35.3539
-6.50615 -4.84533 -2.36655 -51.0949 91.1794 -62.6144
-7.48899 -0.63676 3.04739 -148.914 -169.064 82.3131
-8.31116 6.52024 -1.92086 -234.283 63.2451 2.69135
-7.83148 8.5125 4.54894 -187.921 -86.8358 -35.4425
-7.38784 -4.54158 2.36867 -143.943 -168.92 -10.38
-8.09573 6.33605 -0.0244669 -215.633 -51.0446 0.574576
-6.60626 -9.15573 -1.279 -68.1515 -531.046 94.0676
-6.96596 -6.77576 1.91822 -104.288 -222.108 -27.1137
-8.23787 3.12022 0.88647 -233.677 -63.2177 -16.2954
-7.35023 12.1376 -8.67525 -146.086 -110.569 65.8155
-7.19728 12.1276 -8.00085 -132.624 -117.794 54.5967
-7.62272 5.81335 8.4016 -175.802 -74.5677 -69.6563
-8.00917 7.84657 1.93538 -214.724 -40.6635 -22.8492
-7.49836 9.34564 -8.17544 -164.591 -90.9383 61.9413
-8.10208 7.14986 -5.74461 -224.578 -44.4972 23.7402
-4.41346 -6.1832 6.26972 141.267 -210.491 -49.7831
-7.85947 8.02035 6.01141 -201.668 -67.8001 -50.8026
-5.29398 -9.1811 2.35395 50.6581 -232.938 -22.6043
-7.1792 13.0973 2.16052 -141.709 -130.696 -8.41316
-8.1607 7.16644 -2.37017 -241.426 -23.7792 19.6586
-3.69476 -13.6981 -2.05758 201.809 -75.9696 15.1058
-8.36008 7.17835 -0.812929 -261.809 38.9392 -7.79374
-7.04905 3.0566 6.09463 -133.492 -101.05 148.569
-4.28078 -12.9125 -2.42307 141.177 -204.158 -61.8465
-7.64933 7.78078 7.67766 -194.623 -65.4499 -51.2334
-6.53771 -3.84519 3.48329 -85.5174 -243.365 -24.94
-7.44627 10.2728 -4.42357 -176.266 -95.75 45.5812
-5.41552 -8.35606 -5.41153 25.3423 -215.929 47.7206
-7.88709 4.16938 1.63343 -220.518 -7.05912 -15.0886
-4.84328 -9.23486 1.00938 79.1835 -214.642 6.04264
-7.98801 3.73948 4.8354 -233.749 -50.7046 -4.88792
-6.03658 -6.2345 8.67611 -41.1231 -205.159 -59.2301
-7.00017 -6.80415 -2.1024 -138.869 -209.966 23.5654
-4.42479 -10.1238 -6.44953 116.322 -176.758 55.8998
-8.01183 6.35981 -6.29146 -244.837 39.5429 34.9505
-3.5579 -14.0588 -6.70023 195.673 -39.2139 52.8473
-6.556 1.36271 -1.34715 -102.224 -222.012 -78.9052
-7.08167 -0.610214 -3.13738 -156.249 -165.289 -7.53257
-4.36188 -12.6711 -1.86306 110.159 -147.249 77.6278
-4.05479 -10.5756 0.211081 138.063 -182.988 7.7977
-6.78558 12.0733 1.74846 -135.961 -112.389 84.0828
-5.57091 -11.7429 -0.142686 -17.1958 -237.411 -6.31235
-7.38553 4.32856 -7.99383 -200.904 97.9473 48.8277
-7.61092 6.48279 -1.36636 -226.008 9.06684 14.6175
-7.51116 7.18639 -0.183807 -220.111 -111.338 3.29992
-7.63097 6.2988 3.7727 -233.137 97.3202 -29.2201
-5.18079 -8.07558 7.63359 7.04827 -219.836 -67.0817
-7.65664 7.29723 0.958953 -240.643 118.371 -14.0194
-6.4465 6.79588 -13.8289 -120.446 -87.8255 103.494
-7.59971 7.40006 6.52595 -235.405 3.97303 -45.606
-7.6307 7.31748 0.350863 -241.512 5.91366 1.71386
-3.7368 -11.0849 0.469444 144.126 -200.033 6.56868
-6.83306 -4.23612 5.90615 -166.349 -128.208 -49.7757
-6.41231 -0.113283 -14.8516 -131.261 -189.66 122.559
-7.54501 8.05293 -1.81086 -246.541 26.0565 0.76318
-5.62864 -4.8746 11.7054 -57.0569 -169.726 -82.3373
-7.18139 6.82361 -2.10909 -212.728 144.399 16.4936
-7.31868 5.5372 1.1048 -227.189 47.9158 -24.6777
-3.30802 -18.8919 2.17205 171.063 -96.2971 -21.8056
-7.24467 6.12851 -7.40814 -220.509 32.6135 44.7895
-3.10354 -12.3869 0.977079 190.836 -106.509 -19.1322
-6.68655 12.1621 -1.45331 -167.334 -98.1448 17.5752
-6.32124 -2.92849 3.64502 -132.449 -164.65 -46.7949
-2.8147 -13.3932 9.42164 208.69 -123.198 -84.2624
-5.04552 -8.01802 -1.85272 -15.1372 -232.992 8.71181
-6.81315 10.897 -3.1994 -191.607 19.6138 23.7363
-7.00519 -0.31432 4.07557 -211.67 -138.267 -29.1438
-7.17021 7.2576 5.41901 -230.115 26.5812 -53.7007
-7.0949 7.29445 2.3836 -222.687 11.2423 -16.2624
-6.58196 11.2304 -5.01853 -172.692 -88.1635 31.6962
-7.26496 8.18096 0.767848 -242.473 23.2884 -18.6916
-6.7416 6.73709 5.29899 -190.506 159.355 -30.8281
-3.27793 -11.5483 -1.35903 152.115 -187.28 1.62674
-5.64894 -5.39343 -2.26043 -87.7721 -195.764 -68.0184
-3.28131 -9.9968 -8.45039 146.943 -126.369 59.4924
-7.2411 7.93521 -1.59041 -248.117 54.5539 -3.22652
-3.89816 -8.50463 9.88741 82.4889 -179.607 -69.3671
-5.62454 -4.70907 -2.57181 -93.6388 -249.186 16.1367
-3.09901 -9.72574 9.8645 154.097 -97.5708 -56.7053
-4.48945 -9.39421 -2.58194 15.5249 -255.597 27.1575
-3.53724 -9.41095 1.4657 109.421 -182.2 -5.41345
-6.37637 4.87764 12.4382 -176.732 -17.3684 -97.2116
-6.16714 12.2291 -4.98296 -164.544 -95.6862 31.7635
-6.3694 9.31186 -8.09167 -184.637 -54.8583 55.0804
-3.94075 -9.10227 -4.45547 56.4308 -223.864 16.5577
-6.52748 6.01958 4.94316 -204.462 83.4846 -49.9704
-4.23158 -6.99955 -9.1847 22.6181 -191.277 79.6729
-6.499 10.1697 1.78638 -207.185 -51.5425 -12.3672
-3.26954 -24.6433 -10.0382 112.503 -151.135 29.7219
-4.62526 -6.48441 -9.03778 -22.3908 -194.594 71.6187
-6.68955 9.74173 0.392262 -227.628 -16.9773 1.0881
-5.1613 5.7091 0.672496 -75.9809 -198.813 -43.1122
-4.75775 -5.87876 -10.7746 -37.6429 -163.422 -86.6718
-3.14106 -10.7553 3.07659 121.61 -218.694 -16.2371
-6.83448 10.5933 2.36759 -246.486 -6.88126 -10.7692
-6.26123 6.47604 -0.567295 -192.156 131.25 -33.599
-4.27757 -4.80803 -6.50084 3.23865 -222.88 40.7174
-6.53157 7.96276 -0.883555 -230.525 102.381 0.490365
-6.04616 6.22758 6.18364 -183.318 129.431 -42.5488
-2.51629 -3.70424 -4.58478 166.818 -220.644 34.787
-5.60385 15.4339 -0.432259 -141.98 -116.139 58.3233
-6.01292 8.44277 -8.18417 -184.02 -44.2358 60.466
-6.55797 8.63832 2.41383 -241.666 71.4685 -30.445
-6.03404 6.67253 -1.42613 -189.823 102.02 38.9498
-6.09098 7.85662 -9.45702 -195.666 -29.0098 81.5012
-5.98298 12.5338 -1.17407 -184.952 -79.6846 2.25182
-5.2677 -23.2946 11.581 -116.633 -392.116 60.9202
-6.19551 8.33991 -2.57152 -211.42 161.679 30.036
-2.00356 -6.79543 -1.23711 204.78 -179.094 -5.88079
-4.26828 -9.58043 2.33781 -20.4358 -266.682 -8.57214
-3.53523 -8.58602 -3.97924 51.8534 -211.337 13.8989
-5.08314 -9.70797 4.37283 -106.223 67.1848 15.4047
-5.89546 8.47268 -8.87987 -195.235 -28.4636 65.6671
-5.96484 7.87052 4.76107 -204.22 11.7786 -47.1586
-3.73304 -8.58739 4.35497 16.6827 -232.457 -21.8244
-6.179 8.06795 2.06266 -228.272 41.5568 -28.5369
-4.89291 -9.8007 3.15999 -100.928 -166.157 -23.6448
-3.28656 -10.1839 -3.46955 54.9082 -254.443 6.69837
-2.15063 -9.9572 2.33665 163.635 -172.968 -28.9006
-6.21405 9.08316 5.40341 -241.119 74.6009 -41.6881
-2.14628 -10.3108 2.08303 152.506 -147.678 -21.6672
-5.90178 8.00191 -3.27858 -221.608 74.6174 12.3181
-4.40546 7.50762 -15.7461 -74.0501 -74.1871 124.288
-6.12148 10.1538 3.50858 -245.355 25.19 -31.2356
-5.79138 12.4109 -5.28879 -212.824 19.3602 21.693
-3.45253 -8.57578 2.66972 9.831 -222.925 -13.8881
-5.40661 12.3015 -2.88179 -186.382 -73.9482 19.9346
-5.68052 7.31052 3.55795 -214.504 16.6861 18.2126
-3.81875 -12.8599 0.211511 -32.3395 -222.7 -10.1419
-3.86889 -8.21824 8.07388 -40.194 -238.115 72.6093
-4.45504 -9.2973 0.398592 -99.0732 -258.048 -65.5389
-1.58875 -12.1269 -0.188504 184.575 -115.037 -10.0031
-2.00135 -9.71372 11.3982 142.59 -137.583 -92.5382
-6.03718 5.05209 7.15199 -259.541 8.36127 8.26066
-5.61442 9.38949 -3.14386 -220.333 4.03127 12.7203
-5.6513 8.87259 -5.82927 -225.324 111.451 49.5226
-5.09567 7.60152 4.2555 -174.971 157.264 -44.3507
-5.69252 9.76818 -3.35351 -238.823 58.3682 14.0519
-2.04846 -10.9782 -0.313877 118.322 -232.618 10.0719
-1.18583 -9.58349 0.397578 203.242 -160.626 -15.7068
-2.36743 -10.5609 2.50265 85.1081 -245.881 -25.0614
-5.45446 10.6038 5.4507 -223.008 -4.83719 -53.0731
-2.25574 -12.6011 -1.63021 93.4287 50.1407 42.8792
-5.34496 11.9088 -1.04352 -215.336 191.068 -158.896
-5.18384 12.1221 0.0549789 -205.311 -42.1635 3.17152
-5.23848 10.4983 7.26659 -215.415 -2.31067 -44.6759
-4.37822 8.09427 5.55805 -133.532 233.421 -104.504
-5.19691 10.779 8.36971 -214.903 -9.0796 -74.9642
-5.1636 8.7152 7.53913 -217.901 78.213 -67.9448
-4.98214 8.1607 -4.63694 -200.014 129.701 49.6696
-4.82171 8.35866 -11.695 -186.136 0.316985 79.8504
-5.18832 9.58702 -1.68404 -226.871 138.97 19.8015
-4.63709 10.7815 7.27531 -176.992 204.43 65.5474
-2.33581 -8.69319 8.62912 48.6468 -220.585 -65.0254
-5.06159 9.30058 3.00106 -226.96 61.4719 -23.2861
-0.758239 -12.1966 -8.39673 198.834 -81.6775 55.5086
-4.80369 11.8454 -2.55658 -203.902 -16.2672 42.2797
-4.62842 13.4926 -3.40568 -190.39 -56.6002 29.3574
-4.90616 4.52773 -3.29448 -219.157 117.264 21.0167
-4.69025 5.21327 7.30654 -200.91 36.2359 33.6367
-4.45328 13.3877 -0.561705 -180.181 -72.2609 -4.54029
-5.21295 9.27261 0.529111 -256.45 43.5907 -19.7185
-4.35033 6.77133 -13.7822 -173.065 53.2715 95.5382
-0.78414 -11.053 1.92623 180.365 -105.069 -31.9071
-4.92671 9.81051 -3.25045 -232.238 -22.6004 -264.023
-4.51857 8.44141 -3.84012 -192.452 138.583 -7.33639
-1.29237 -9.72158 4.3548 125.696 -176.882 -41.2972
-4.72387 12.2091 1.62286 -221.051 54.6658 -19.2156
-1.50847 -9.10975 -5.81478 97.7669 -196.255 50.9152
-4.65239 11.6208 4.95574 -214.958 -12.4028 -27.2132
-0.869134 -9.77792 -11.8198 154.297 -53.8253 91.803
-4.43551 10.0983 4.66021 -203.344 -4.80979 -25.5193
-4.56719 6.3159 0.0630049 -220.032 52.5 -8.20943
-0.523815 -10.9904 -3.96584 181.293 -100.567 29.6865
-4.66434 10.3187 0.255301 -232.114 76.975 -7.93599
-1.71133 -6.59965 -0.850293 41.8368 -493.544 -28.1832
-3.25382 7.73948 4.2351 -112.59 188.723 -16.4982
-0.790254 -12.2702 12.4772 131.846 -193.789 1.3769
-4.04742 10.4521 4.69867 -198.787 0.932897 -39.3967
-2.57102 10.0182 1.45615 -53.3631 -6.84159 81.0615
-0.380874 -9.74298 12.9191 161.649 -68.1045 -81.3609
-0.0625056 2.27185 -7.2428 192.99 24.0317 11.6867
-3.82711 12.5852 6.60296 -181.171 -52.8274 -47.4134
-3.90406 8.97063 2.12829 -191.764 148.19 -35.1116
-3.94206 8.68445 -6.48074 -199.989 67.5564 44.4223
-2.12741 -9.19673 0.215494 -19.8899 -242.263 -11.3062
-2.20953 -8.72727 -4.441 -30.0458 -233.913 42.1962
-4.05506 11.9847 5.10253 -220.346 3.78571 -51.7701
-3.87777 9.85255 -0.792117 -210.795 64.6273 0.685389
0.0700642 -15.4564 -0.205421 180.226 48.7633 4.75143
0.0329591 -1.98123 0.169336 174.078 -109.829 -104.991
-0.554514 -10.737 3.23326 113.223 -239.684 -15.6293
-3.8169 10.3447 -1.44259 -218.731 112.107 16.1557
-3.9218 11.3698 0.412825 -229.744 59.2307 -13.5368
-3.50737 -0.768402 -1.83776 -191.797 62.7082 -73.2488
0.539267 -11.9486 2.50941 207.58 -100.495 -28.7435
-3.37321 16.1102 0.300032 -182.699 -75.3465 10.3904
-3.78956 10.7406 2.03739 -227.36 104.204 -59.6411
0.859726 -13.6698 1.63962 220.436 -18.4017 -13.9326
-2.25668 1.90314 -3.69283 -89.7082 227.277 20.3817
-3.44147 11.0865 2.9194 -208.904 34.9774 -33.5764
-2.10003 13.8826 3.92887 -83.0457 189.167 -4.50108
-3.24083 9.5842 -6.82615 -198.236 120.991 61.1416
-3.54226 11.4424 -1.01059 -229.138 40.3785 7.40669
-2.95339 10.199 -3.2242 -170.827 191.386 26.4868
-3.30129 10.229 5.55792 -210.583 59.0585 -47.7762
-1.32716 -12.6785 -0.271459 -14.9143 -145.229 -5.5016
-3.42161 10.5655 -4.74019 -225.722 87.3828 40.8869
-2.39243 8.59075 -4.64399 -123.619 190.222 51.9222
-2.01498 -9.10401 -4.8968 -89.3987 42.8976 75.5439
-3.27346 15.7603 -9.55668 -218.77 -31.0817 61.4206
1.00834 -20.3656 1.47303 202.784 -126.196 0.397721
-2.72938 -3.50203 -1.26608 -171.73 -46.201 121.773
0.0945619 -8.74899 4.36197 103.374 -182.771 -34.8952
-0.862246 -0.0466226 0 6.59443 -1.21922 0
0.139827 -3.3159 -10.3502 102.457 -179.475 12.0963
-2.77799 22.0931 -11.8642 -189.087 142.876 5.16575
-1.93213 9.63356 3.25222 -105.07 228.369 -22.1641
-1.43235 8.81053 -9.19472 -58.0135 224.89 56.7969
0.367621 -8.86945 -7.36841 119.687 -171.126 58.8444
-0.422643 -9.75818 6.09757 38.2721 -252.14 -45.53
-0.104672 -9.7614 -3.78058 64.8538 -237.619 23.2532
-2.21843 -8.22668 4.02468 -148.056 47.2064 -73.247
-2.50681 10.0877 3.58861 -177.901 187.229 -11.529
0.806193 -11.3631 -2.54473 150.429 -184.208 5.44951
1.52591 -21.7683 19.6824 217.873 68.6277 -134.495
1.17952 -16.686 -9.21679 181.757 -130.839 93.0161
-2.69261 9.89543 4.74067 -203.757 74.119 -32.1291
-2.30258 9.41021 0.0249577 -165.258 150.654 0.168791
1.42878 -11.4495 -2.86323 203.746 -145.865 0.752354
-0.817457 11.5637 1.3262 -20.0444 197.18 -17.1696
-2.60367 10.4219 -5.75605 -202.441 68.7602 48.1128
-2.25421 9.66937 -8.52661 -170.012 156.643 64.0981
1.24568 -9.90706 -8.3124 170.811 -137.041 47.4297
-2.40021 9.73399 -4.13172 -192.437 80.3791 31.8854
1.68526 -11.4817 5.61798 212.553 -65.3369 -30.3684
-0.242019 -8.75621 0.834183 16.2721 -227.981 -16.4282
-0.0587615 -9.16867 4.08241 33.4897 -238.003 -30.1812
1.64836 -11.0432 -1.18371 202.334 -91.1394 15.3026
-1.51628 16.8363 -3.52938 -120.333 -117.1 25.773
1.22066 -8.47207 -13.1362 148.977 -125.868 89.4189
1.14948 -6.75543 -2.7232 138.961 -141.298 -132.604
0.861616 5.01915 -5.76234 106.09 121.334 -133.008
-2.03255 9.58848 7.51177 -181.863 107.833 -49.4711
-0.889406 5.35429 -6.64809 -69.6629 -81.5014 -136.582
2.05761 -12.0629 -0.136656 219.479 -35.1341 -0.39802
-0.0732444 11.4365 3.40978 2.99227 212.423 -45.3962
2.00982 -11.2668 -1.34326 204.774 -90.543 5.33516
2.28579 -12.0502 5.90235 221.801 -66.8096 -41.4373
-1.88211 10.1646 -4.68457 -193.958 113.47 44.2484
1.92179 -10.9798 8.88672 180.144 -21.5519 -69.1608
0.667887 -9.56862 9.83997 49.9924 -195.22 -80.0867
-1.80644 14.2291 -7.92208 -203.003 -30.2413 44.8984
-0.652075 9.31171 8.62506 -88.4502 222.886 -67.1154
1.62725 -9.39869 -1.72562 131.557 -199.46 -11.7605
-1.7037 14.9433 0.738982 -202.65 -32.3893 -16.5886
-1.4756 10.6857 0.960633 -183.704 179.86 8.40138
0.168544 8.73642 -1.41963 -21.3069 225.085 -4.59052
-1.07846 9.66031 -2.91038 -146.432 181.941 20.1045
-0.439564 9.09276 -3.24944 -86.8176 223.013 -23.0047
-1.5292 11.6581 -4.8359 -195.082 31.2148 32.3645
2.34857 -10.7608 1.6524 189.757 -167.865 -27.1313
-1.58811 4.07927 -10.0813 -205.322 90.3381 70.6572
1.98706 -5.67335 1.59465 145.13 -156.232 -137.226
2.79013 -8.66009 -0.165706 223.515 -56.7349 12.6877
1.74081 -9.30142 -0.662539 115.26 -207.78 -3.80549
2.42858 -9.50741 -0.349575 181.289 -129.023 7.26457
2.35848 -9.46317 7.87228 173.055 -163.248 -49.1713
-0.505342 8.89351 -5.21403 -115.756 185.923 46.3055
-0.311907 10.127 -1.21202 -97.6712 237.486 8.03672
-0.976328 9.80584 -8.64797 -164.153 136.349 65.1192
-1.11824 10.1239 3.14184 -180.68 132.164 -30.5092
2.37728 -5.48691 -5.74857 159.789 -151.435 20.4327
3.12145 -11.5904 0.917933 232.962 -60.3889 -0.0253536
-1.04186 14.3029 -2.53587 -184.166 -48.1413 8.38294
-0.164136 6.72485 9.29688 -97.2383 236.01 -78.9907
2.97474 -10.1777 -5.07167 213.181 -78.3031 33.1046
-0.705056 17.019 4.33551 -155.985 99.0584 -17.5759
-0.0921987 10.9498 7.16906 -95.6986 245.795 40.649
-1.38778 13.7489 0.37409 -226.449 74.1279 -27.2929
2.20294 -8.91718 2.49951 125.086 -175.3 -27.2511
-0.0352868 7.43435 3.74919 -98.4104 194.52 -29.3037
2.85344 -9.10266 -8.69144 185.387 -48.2888 69.9494
-0.30686 9.06611 10.5275 -131.012 165.425 -92.0036
2.02352 -8.72537 -3.44315 98.4051 -202.23 20.2894
2.56166 -14.8345 -8.2262 151.695 82.2194 63.8704
3.3269 -11.666 -5.67883 225.721 -46.8086 41.8905
-0.130948 6.44296 -4.44745 -120.475 151.598 -77.6004
2.91856 -10.0775 1.47271 181.274 -191.409 17.9937
3.65482 -20.4502 0.492448 249.522 -11.6324 2.76026
-1.11447 13.257 5.11681 -225.156 34.6472 -44.3546
-0.397302 10.4645 -3.82685 -154.912 204.807 47.5263
-0.655556 10.8466 -3.81003 -183.883 170.457 44.3952
3.28914 -9.97939 -5.45033 204.51 -48.0633 40.2749
3.21211 -9.76188 6.3564 193.047 -144.995 -43.6147
-0.479021 -3.05857 4.53842 -184.537 96.5877 35.4256
0.683997 8.89861 7.48517 -71.1992 211.503 -70.182
-0.0675411 10.4389 -5.41208 -148.782 189.4 58.6499
1.45567 9.23015 0.841968 -3.06793 240.789 1.48953
-0.630139 14.9916 -3.91749 -216.127 -4.3759 29.683
3.53532 -9.05206 2.41385 196.058 -98.7339 -40.5113
3.4405 -9.51616 -6.05932 184.414 -175.892 27.4779
3.28849 -6.64697 5.20487 167.967 -195.463 -0.583135
-0.0782902 9.14003 -4.39479 -166.797 147.486 70.478
3.72002 -10.4886 1.86929 209.378 -22.9916 -13.0123
0.531819 9.31821 2.34365 -107.805 190.179 -15.5795
0.309306 9.15955 5.89684 -130.965 161.856 -30.2332
0.176115 10.8077 -3.36307 -147.246 199.729 20.4798
0.281925 9.26477 14.396 -140.826 21.7336 -107.549
3.27723 -17.5498 0.641718 156.179 -109.133 -1.481
3.25252 -9.95423 -1.49138 153.482 -220.759 3.88832
0.927672 10.4035 15.6392 -81.0487 -51.4843 -123.358
0.964373 10.3162 -0.0256232 -84.1104 248.349 4.46472
1.42122 10.1311 -2.65494 -41.1696 259.857 8.12673
0.413356 9.46471 4.21864 -142.005 157.246 -34.1975
-0.0711053 11.5217 2.26849 -192.384 106.125 -27.9945
4.02351 -11.0682 4.98358 212.908 -8.97026 -33.8269
-0.181554 12.5744 -1.71432 -208.178 109.563 10.7975
2.72088 1.48624 -9.00695 74.6344 -142.024 -68.0362
0.138559 11.2124 0.657021 -182.315 157.407 9.61418
3.95495 -9.18192 4.64484 196.091 -148.317 -55.5758
1.48188 17.5442 -0.504847 -50.0736 223.94 2.19494
0.628135 9.52513 -2.05885 -135.585 162.994 30.8639
4.18864 -11.0639 8.59365 215.935 -4.91685 -74.335
1.80982 9.83605 -3.91119 -26.4981 253.875 26.3725
4.18963 -9.02411 -4.96945 207.607 -60.7764 36.5358
2.31014 8.7059 -6.17057 12.5643 229.395 55.7162
0.658956 10.5544 3.67757 -152.13 184.535 -11.1227
4.14189 -9.19577 8.37215 191.479 14.7015 -64.8073
4.44066 -10.6624 -3.23217 217.455 -15.0465 29.143
3.93163 -7.65041 5.6862 165.195 -138.584 -39.0025
4.37815 -9.14686 8.26762 207.428 -67.1275 -59.1874
4.28914 -4.07772 4.5274 191.585 172.361 -1.61855
0.325237 13.0529 1.68409 -203.914 34.6652 -9.17417
0.54746 11.3142 -0.252499 -182.141 93.4744 -35.9425
0.794396 11.9695 0.854126 -165.873 189.762 -20.2999
1.71626 8.74773 6.6996 -76.3358 200.969 -63.6332
0.526976 13.5408 5.72052 -199.039 26.6486 -40.1627
1.32456 10.2176 -0.865444 -120.329 202.417 6.26234
2.3906 9.351 4.49564 -15.3598 245.446 -41.1461
4.92728 -10.2388 -2.69269 233.848 -40.0425 13.0924
5.04453 -11.595 3.06576 244.497 -26.2866 -15.4348
4.98991 2.06888 -0.362266 238.89 6.11186 -3.72563
4.80142 -8.86436 7.34621 216.788 -50.5334 -61.7359
4.87999 -11.5175 4.91403 218.964 10.5063 -47.5259
4.88712 -9.30206 5.19254 211.744 -145.849 -37.3402
2.15389 7.35379 -1.57146 -59.794 189.682 -94.6638
4.78143 -8.01935 -0.56468 197.962 -97.9912 17.4242
5.05968 -8.70906 -7.808 220.945 -105.227 53.4608
5.213 -9.68198 5.36812 235.814 -75.2605 -42.7467
5.24857 -10.3763 0.704756 235.212 -49.166 -11.4207
5.29509 -18.0043 -0.860459 236.524 -85.0317 8.96502
1.23694 10.3309 -2.76965 -168.477 134.316 34.0252
5.12918 5.41078 -2.46621 203.184 12.54 56.4157
5.13665 -7.32774 -1.35956 198.6 -89.7808 -52.05
1.58264 11.4056 -1.8618 -154.555 163.539 1.96585
5.1785 -8.9252 -5.50194 201.167 5.60853 55.4486
5.46717 -8.57225 -3.2292 225.055 -89.293 31.965
5.17907 -3.62941 0.849993 192.752 51.7667 103.797
3.16536 9.85963 2.93615 -15.4525 262.654 -13.8473
5.13132 -16.4512 -16.7292 177.505 11.4905 131.588
3.16629 8.74683 -3.83056 -21.4828 229.4 22.9734
5.72146 -11.6115 4.10095 221.233 19.8513 -16.6492
5.9839 -5.63401 0.445934 242.902 -42.7995 35.8774
2.56501 12.0918 -2.06029 -98.0198 157.216 39.6334
5.88139 -10.6571 2.635 228.169 13.4153 -21.1039
5.58049 -7.27597 -5.8684 196.045 -124.084 21.2865
5.7668 -9.01302 2.96955 214.429 4.48512 -23.6116
5.95751 -5.41725 -7.05026 233.181 -42.4916 57.179
3.77876 8.01907 -1.09222 15.5777 225.631 25.9861
4.46154 7.56223 -5.63204 82.9805 212.265 33.9457
5.98162 -11.9686 -0.228532 231.358 -6.90623 4.29595
3.89057 7.84115 -3.02598 22.5364 234.809 17.0379
4.2948 4.187 14.0192 57.6971 233.187 -139.695
6.14376 -8.80418 2.01917 239.22 -22.7977 -26.2011
1.84122 13.0652 -1.9465 -193.532 118.541 15.2397
6.10643 -9.19837 -3.86235 225.695 -12.1071 18.9704
2.96929 -0.739901 1.3493 -89.5287 86.601 159.656
6.10932 -5.33121 -2.46467 218.484 68.2173 -32.6654
5.88485 -8.48675 -11.091 194.295 21.2698 86.1605
5.87938 -1.23355 -6.14537 191.664 -55.585 22.3667
6.01227 -8.06603 -0.135677 204.533 -156.516 3.42312
2.67377 10.4012 -7.69525 -129.623 198.405 58.4998
3.87423 8.27244 -1.63874 -13.0727 228.608 2.06852
6.16494 -9.59214 -5.19118 214.253 25.6937 41.162
3.65937 9.6376 5.42905 -40.2933 246.286 -44.9634
6.55626 -8.41296 -1.81639 243.247 -78.2387 -42.2919
6.43179 -7.44925 -2.87828 224.766 -61.914 23.492
2.13422 12.913 -7.06053 -202.392 83.2605 38.1856
6.45315 -7.37564 -1.63551 225.374 -42.7865 2.96803
5.79811 -14.0903 -1.73118 160.171 122.408 10.1376
6.17351 -10.0352 -3.62265 196.58 -45.1416 45.6482
4.37702 7.99932 -2.02081 16.7177 222.558 9.49684
6.56806 -8.13581 -2.01991 233.076 -46.6221 20.4328
4.44663 9.61046 -0.121874 18.7632 266.968 21.8527
6.32412 -6.7945 -0.932852 204.886 -115.641 1.03378
6.46634 -11.4113 -4.62924 214.873 50.6979 32.5113
6.70186 -7.85459 0.441644 236.708 -107.023 4.46508
6.82892 -9.0256 3.0978 247.644 -46.1802 -18.4159
3.09765 9.37314 11.6598 -123.389 154.491 -77.0847
2.51683 12.145 2.65566 -181.713 158.971 -29.9032
4.55318 -2.4707 -10.6187 20.3804 182.839 -27.302
3.25515 9.5043 6.9847 -108.85 191.565 -54.4532
2.49522 12.8591 -5.79593 -199.778 77.5894 82.7901
6.71703 -6.69546 2.83207 218.604 69.8378 -21.3014
5.39617 4.37142 6.57684 85.043 199.548 -51.26
6.89963 -4.61532 -2.22367 234.344 15.8776 1.33809
3.55502 11.8666 4.89611 -101.141 36.6933 104.053
6.27133 -1.53659 -12.5037 166.52 -2.26144 96.3588
5.05922 7.00859 2.53599 45.8129 213.062 -19.2238
6.47858 -5.23454 -7.09709 184.087 -115.184 57.8945
6.9383 -6.76645 -3.6746 224.595 -87.5814 40.0068
7.00358 -11.9387 -0.339501 228.382 46.6777 8.13158
7.2952 -8.96488 5.54938 255.974 127.745 -79.3326
5.33938 4.77846 -5.66738 61.5325 256.93 18.2613
5.99235 -5.90343 -3.12392 126.36 171.342 -37.8383
4.76 9.25248 4.41517 -3.00453 256.227 -24.35
7.22398 -7.37491 -0.806471 238.538 -49.01 23.8577
6.33279 -0.260227 15.2972 149.822 53.5497 -118.231
6.86363 -5.50218 3.73624 202.403 -105.826 -21.6325
7.27056 -10.1954 -1.54924 242.513 -125.116 17.7766
7.10468 2.5049 1.662 225.734 3.57858 32.1371
6.8283 -14.2966 -6.96938 197.836 -132.156 -7.92465
6.81156 -8.91978 -4.34338 195.216 52.0601 34.0612
7.28423 -7.02265 -0.0412882 237.39 -84.1388 -3.05654
7.11207 -7.28938 -0.640846 218.337 6.01667 6.42443
5.97581 2.16301 -14.6867 104.885 120.263 113.089
2.9975 12.8456 -4.94302 -191.684 66.8422 23.462
7.49833 -2.05741 -3.41482 253.282 38.1682 -11.1291
7.06232 -8.9648 0.94082 208.133 54.7887 -5.39786
7.22474 -10.6681 -2.84762 222.093 43.2122 18.7431
7.19716 -7.88105 -2.88335 219.304 22.3119 19.0491
7.34395 -6.51741 -4.68328 232.765 -86.0425 32.4932
4.25436 8.4849 -5.12939 -74.8633 192.776 38.2973
4.30445 8.2617 -7.25105 -70.5535 182.943 70.2253
7.46255 -6.97769 -1.47149 239.981 -107.518 9.43136
7.5013 -9.93481 4.52821 239.682 34.8774 -37.8827
4.10538 9.7663 -0.26111 -99.0195 211.875 -11.263
5.24251 8.66651 -2.33314 11.9293 228.76 11.5487
4.24766 8.41978 13.1447 -92.4546 158.176 -91.5104
3.65124 11.8893 1.55601 -153.326 173.64 -10.3982
7.28989 -6.11113 10.9968 207.141 32.9246 -82.3009
5.6235 8.49263 -2.10096 35.5326 249.57 21.873
6.46108 5.74848 2.10987 114.942 188.125 -3.15187
7.84804 -5.10803 3.32546 250.727 -46.5278 35.0116
7.61968 -4.78617 4.97631 223.748 -36.7805 -22.3981
4.89657 8.85989 -1.80465 -48.5888 221.904 10.686
7.50376 -3.54309 6.87106 208.157 -21.3247 -51.0665
7.55218 3.9023 0.203228 212.593 119.685 -4.6962
7.71986 -5.96726 -3.3921 226.524 -63.0028 56.6128
7.92063 -6.34045 -3.33465 244.739 -30.9542 42.4573
7.82013 -6.22795 -0.404439 232.605 -109.821 4.92532
7.67354 -5.64667 0.863581 215.983 -40.2878 -22.76
5.86666 11.889 -6.21396 36.4267 68.7451 134.326
7.86562 -6.98489 -6.11696 234.335 -0.28025 48.4271
7.47899 -9.29346 -0.760562 194.914 89.1307 1.9923
7.65638 -4.75297 -6.28083 205.212 19.1172 48.9348
7.72481 -4.91058 -5.4838 207.992 35.1191 32.8863
7.48233 -12.552 -3.2383 177.516 112.835 26.5653
7.84188 -6.02181 3.75033 211.806 28.2978 -27.7558
8.0343 -4.856 -4.06542 230.754 -41.2377 1.18591
4.86124 9.47524 7.20388 -84.7915 217.387 -56.1436
3.73266 13.3075 -1.70152 -197.176 124.445 26.6325
8.09421 -5.34276 5.70051 235.547 -13.379 -41.936
8.34237 -6.55501 -1.46768 258.559 -66.2613 0.0303045
7.4988 5.51497 2.67768 172.608 172.186 -23.0486
5.41904 7.83852 8.11548 -34.6442 202.547 -55.3844
6.62788 5.9279 -1.14096 85.2185 204.284 7.3274
5.01965 8.98083 -4.75197 -74.6083 208.217 22.032
7.92585 -2.98666 -7.50958 212.421 5.00296 58.3639
5.44986 8.3763 -9.12405 -34.359 218.61 76.9783
5.77916 7.38073 6.28309 -2.20424 214.494 -31.4044
7.98037 -5.48806 -5.02902 212.923 61.5914 34.306
7.22103 0.587014 12.2681 136.795 102.078 -97.6489
6.70456 5.85159 -7.63185 85.1968 209.41 62.7616
7.68811 -3.92275 8.94991 180.631 72.7376 60.5406
8.39079 -5.44144 -4.18449 249.71 -40.059 49.4326
5.95569 8.88137 4.75495 4.85382 257.265 -16.3839
6.66591 4.90555 -6.76852 72.3575 192.183 55.736
7.99183 -2.75575 -5.72381 196.851 88.8055 41.7369
8.32769 -3.68412 -0.884656 228.93 -60.4012 -4.58747
4.72332 1.36662 -11.0631 -133.683 243.135 84.6662
5.53547 9.252 -0.204139 -53.9609 231.536 -1.69055
8.6414 -6.09028 1.67283 254.069 -11.8024 -11.0056
8.36537 -2.92768 -5.39131 226.117 -30.508 42.8528
7.71828 -8.00096 -12.3582 160.792 76.9331 91.1807
7.29747 3.24002 12.52 114.683 156.442 -98.8244
7.5914 5.43575 -2.15974 142.258 186.692 -10.5845
8.06193 1.70338 -9.87827 188.722 95.0796 77.1424
7.79877 3.20974 8.62734 161.371 140.886 -64.4501
5.81673 8.70107 -5.01707 -36.6703 235.213 46.0543
7.54138 4.07456 -2.92574 134.364 169.825 25.3538
9.60869 -14.1071 6.6278 337.088 -100.103 57.1049
8.60538 -3.98851 1.63332 231.689 14.8725 -10.4516
8.32512 -7.21631 6.51538 202.65 -13.2637 -69.8727
8.32858 -1.54501 10.4058 197.45 57.9166 -66.9
8.39971 0.53274 9.04971 201.813 86.4239 -64.0832
8.17661 5.40887 2.27479 179.048 183.832 -20.0972
5.99503 8.53455 -5.12777 -38.439 220.851 46.5028
7.15404 7.32638 -1.5891 76.6571 242.06 19.6223
5.01631 20.4295 -0.62989 -136.615 90.0289 2.09535
8.01219 -10.9214 -2.97355 160.841 99.4328 19.3722
8.34333 2.92511 -3.49329 193.498 120.429 21.594
8.47329 -3.5261 -10.5663 202.025 66.5716 84.6648
5.16074 9.49177 10.5254 -127.958 150.421 -78.4983
8.92477 -4.14165 -2.1562 245.241 11.1928 17.5594
8.62007 -2.03054 -0.800468 214.158 88.8192 6.37092
8.45194 -9.35188 1.68048 196.953 90.2563 -16.8205
8.74365 -2.85523 0.71921 223.28 13.5465 22.9532
8.79652 -4.28778 5.95097 227.107 163.601 -61.4106
9.02003 -7.80168 -1.30801 248.835 38.9022 11.0872
6.97121 7.36071 -5.79771 44.6249 244.406 55.051
8.51838 -8.83479 -3.59815 197.98 -168.289 81.9744
5.7736 7.86073 -7.53859 -75.6885 180.957 45.1956
8.55969 -8.53985 1.90106 200.199 84.3374 -18.5692
6.34956 6.97444 -6.23305 -19.855 227.672 55.7702
6.17363 10.0175 -1.15892 -38.5706 256.329 17.3468
8.96061 -3.11034 2.17631 238.033 45.7417 -21.2948
8.77097 -4.19883 0.133154 217.84 52.5165 -5.34047
8.25914 6.76617 -0.593612 166.898 202.917 6.62061
8.9168 -3.31675 4.15188 232.154 46.8753 -36.3096
6.56505 -12.7635 2.35692 -2.24929 76.6791 2.67974
8.82122 -3.78245 -3.10634 219.709 49.5274 25.9579
5.72924 9.09383 4.02195 -87.5056 196.414 -31.7219
8.96772 -6.19776 -5.14725 229.801 56.5557 47.6625
8.20623 -10.9393 1.62482 153.722 118.725 -16.5921
8.575 -6.19803 8.75373 187.978 65.5605 -70.7947
9.00929 -1.23078 -3.43165 230.229 30.8702 28.5375
9.04176 1.19308 -0.791872 229.15 68.4536 4.19212
7.772 4.76112 -1.76862 102.784 192.356 6.12952
8.81312 4.02487 -0.133587 203.605 143.161 9.46098
6.05727 8.94888 0.108065 -71.0335 206.625 -10.7383
7.88793 4.09995 4.66766 109.991 185.177 -48.1935
8.95057 0.653218 2.99367 214.762 91.3402 -17.436
7.08279 6.3097 -6.01712 28.4537 212.465 46.1863
7.83501 4.56515 -1.05124 102.875 194.974 20.901
9.01887 -4.04685 -6.54871 218.042 -64.1804 86.8838
8.59614 -10.4338 1.17094 174.936 97.0329 -12.6063
8.13101 3.71643 -9.75128 128.679 174.451 71.1388
9.17247 3.0592 3.22361 228.428 56.7759 -32.999
9.38801 -2.03636 -4.20932 248.987 -28.8138 28.6819
8.60671 -6.99554 10.7289 169.581 95.058 -70.6211
9.12742 4.04781 0.380156 212.457 150.21 5.88239
8.6182 0.055556 4.52163 161.801 -37.6643 58.5915
5.40409 7.92826 17.1656 -159.158 162.823 -285.172
8.82301 1.0346 -10.2975 178.534 128.619 73.8572
8.86616 -5.68112 6.70208 180.75 108.091 -52.8105
9.63204 0.388615 2.74502 256.383 18.8521 15.4298
9.48655 -3.94815 -1.65542 239.733 52.5961 15.0538
7.27135 7.71829 -2.55568 18.6021 188.868 73.0231
10.1435 1.96317 4.70063 299.828 184.148 32.7943
7.04643 1.56115 -4.0133 -8.91567 33.2774 165.584
7.8231 6.11191 5.6145 66.4005 184.161 -44.5637
9.32761 1.33422 3.86898 214.469 113.199 -27.7706
9.74569 -4.76284 -1.86428 251.187 59.752 9.31688
9.35386 -2.04126 -2.91777 211.306 89.1698 20.5475
9.06764 -3.62714 5.27477 181.582 92.9991 -41.9094
9.74718 -5.80248 -0.368987 246.115 214.138 50.78
5.63405 11.7446 -1.31005 -164.002 144.201 5.67588
9.5409 5.27295 2.01762 223.419 328.882 -116.467
5.46236 12.1256 0.379357 -187.814 103.178 8.89345
9.65606 -13.3368 0.116351 224.738 -27.8171 35.9392
5.71702 18.8736 15.4197 -167.341 140.11 -83.7384
7.37432 7.47356 -1.06806 -5.11471 232.745 2.08075
9.5726 -0.776897 1.17302 212.145 108.402 -52.1314
9.89971 -4.96331 -3.91514 243.76 60.8377 25.0965
7.60309 6.37765 -1.84575 7.23827 213.068 18.9489
6.92257 9.01351 -3.0878 -61.7293 226.48 31.7531
9.67949 2.53441 6.3254 211.926 139.316 -54.0694
9.55056 -4.04855 -2.60204 198.612 51.1521 17.5107
9.96348 -0.223436 2.4239 238.53 83.5597 -20.5047
9.83626 -0.261371 2.81323 224.825 76.0774 -21.6332
9.64638 -0.805817 0.878282 203.662 96.422 35.8738
9.89924 -3.67185 -5.40381 225.031 107.077 41.0821
8.82851 -7.7541 -10.3596 115.389 138.278 80.3944
9.39698 -5.65281 -2.42683 170.846 316.496 -55.6129
9.50138 -2.90944 -6.38827 178.547 117.561 49.6544
9.94544 -3.1719 0.505701 221.355 -97.5322 -53.6059
9.78882 -4.99768 2.14226 202.591 201.989 10.0512
7.17202 0.87119 2.7961 -58.1727 249.321 -2.82216
10.148 -1.14439 -5.63216 231.42 89.1212 41.1434
9.31669 4.3025 1.69409 148.385 196.966 -9.55057
8.88421 2.34327 10.7326 104.503 166.923 -76.1933
7.86847 1.66642 8.67301 0.494628 136.793 96.5445
7.40126 9.35958 -0.0205856 -48.2767 249.947 8.34473
8.04817 -1.65301 5.91041 14.6083 236.251 -54.1497
9.48731 0.0614076 1.08554 155.845 147.294 -6.00032
8.01661 7.87518 -6.46343 9.55931 218.081 29.3174
9.86569 2.12458 2.28841 189.771 158.943 -11.8713
10.1624 -5.94109 -7.29699 219.071 117.881 49.2224
6.26873 11.5686 3.8393 -168.019 110.115 -31.0349
9.71279 6.82221 -9.23181 172.889 390.315 -187.839
9.90376 -1.60404 -1.31192 191.755 113.756 10.8823
8.55127 4.79587 2.93332 56.4433 213.051 -4.10921
10.2269 -4.97286 4.68005 221.628 90.9639 -21.23
9.89836 1.91029 -1.08961 188.583 156.367 10.9967
9.21253 -13.4119 1.10881 119.755 152.042 -9.66878
9.69521 -0.847811 -1.56136 166.916 140.27 7.14204
8.45475 5.32001 -3.21694 41.3079 215.298 25.5486
9.71881 1.94409 1.3507 164.226 170.793 -12.5588
10.4365 1.31448 1.56983 235.447 109.398 -11.3263
8.63915 11.1514 1.47607 56.2672 248.648 8.36298
10.3533 -0.28526 -1.95309 225.766 117.878 15.9048
11.8708 -3.89757 -5.38694 376.401 -133.082 -102.576
8.71987 -3.53113 -4.82577 61.1083 223.203 9.45937
10.6043 -2.95865 -4.8728 247.73 44.4594 33.6713
11.2373 -8.34661 3.36382 310.059 3.90327 93.6946
10.1863 -2.53881 -1.30107 204.897 111.468 11.5672
10.1554 -1.63526 1.85098 201.009 118.236 -13.272
10.3446 0.382788 -5.39166 216.046 124.515 43.114
6.95891 10.4704 -4.64477 -120.936 202.191 29.8187
10.0157 4.10184 2.52013 176.213 198.304 -17.9881
10.1261 -7.781 -0.573431 185.329 127.847 2.7435
8.96498 6.02993 7.54129 59.7603 237.941 62.682
9.59923 -0.288994 10.2126 122.742 163.213 -74.2925
10.3883 -0.436771 -0.485094 186.455 150.912 -1.58374
10.0116 3.79395 2.05073 145.904 207.456 -19.692
9.57989 4.17187 -4.7452 102.374 216.118 50.167
7.67139 7.37809 -9.33155 -87.5749 164.557 59.9464
10.2935 -0.206061 -4.56304 171.832 162.393 42.7004
9.71296 1.75912 -2.85624 110.741 180.192 24.7135
8.9186 6.94131 -1.65153 24.0342 238.164 12.2596
7.0136 12.0388 2.10823 -165.435 161.548 -2.56781
10.4395 2.40976 -1.27567 169.023 197.721 4.68217
9.05174 5.31041 -3.19214 29.8141 221.339 18.4049
10.1628 -0.229844 -1.60076 132.022 164.998 10.283
10.0125 1.69994 5.4039 116.866 189.452 -38.3293
10.6914 -3.92862 0.35753 173.997 140.478 -1.10638
10.8398 -2.55298 6.71607 186.966 136.047 -49.6465
9.48894 9.48917 4.79618 52.4368 263.982 76.0315
10.5156 -1.93665 5.52249 153.153 164.73 -34.9621
10.7265 -4.2174 -4.8365 170.168 96.2427 42.1242
10.4642 -3.94852 3.00953 142.74 153.831 -27.4518
9.866 2.70838 3.12844 79.1113 197.286 -30.9401
11.0531 -11.9147 1.13281 192.4 112.088 -14.0967
10.6949 -6.00439 4.40518 151.981 146.859 -32.2026
9.47687 11.6527 -4.34377 29.1635 313.798 -133.804
8.7884 6.64969 2.25186 -40.893 206.824 -9.80112
10.7831 -7.63213 -1.68535 156.737 149.124 13.6485
10.8443 -5.62384 -0.757063 162.785 136.237 6.56966
8.72978 8.22807 -0.304981 -49.5201 241.07 -8.56671
10.2046 -3.53603 9.38835 94.3221 153.955 -81.9723
10.1736 3.31761 -6.82776 90.7258 212.615 65.5328
10.4751 -10.5518 6.31036 113.469 154.145 -47.6472
10.9939 -4.59962 4.4089 162.907 141.82 -32.147
10.9372 -2.69425 0.575135 154.462 152.751 -9.13899
10.6605 0.0611947 4.77502 124.62 186.816 -35.4707
11.0736 -4.06513 -5.87631 163.49 138.248 46.5216
9.81628 -8.39687 5.12888 30.5845 161.692 56.453
10.9275 1.49315 -3.54356 136.156 188.2 28.2186
10.8368 -2.52799 10.8471 124.337 164.097 -45.0554
9.67077 7.1285 3.50198 5.93166 197.942 -26.4214
9.13314 5.50089 -10.2852 -48.5752 166.213 84.6591
11.6051 -4.36675 0.777601 196.349 141.565 -5.04244
8.61624 8.72184 -8.17808 -102.037 169.659 76.7292
11.17 1.36673 -1.82589 150.915 199.564 9.50935
10.0995 5.93389 1.92603 41.8374 242.268 -13.6677
10.9283 -1.5882 2.17388 121.055 171.408 -18.5375
11.5411 0.165447 -2.59635 181.911 -29.8627 62.8597
10.9689 1.48971 -0.0224939 114.552 196.294 3.24916
8.27108 11.5638 1.68018 -154.377 143.548 -13.1448
11.6352 -1.5764 1.64487 176.458 182.428 -4.31389
8.58298 9.46263 -5.18385 -128.11 159.475 49.0414
10.624 5.02759 -4.38135 70.569 240.396 31.946
9.99994 12.4469 10.2368 7.83536 187.53 -69.0493
12.3012 7.25053 -3.98609 235.202 205.744 -92.9212
10.8352 -1.33572 8.17645 86.4099 164 -61.6723
11.4157 -9.26662 3.41063 142.349 207.131 -51.4466
11.2774 2.09549 -2.14012 128.026 211.732 12.5072
11.176 -3.40896 -7.09507 113.624 162.593 97.5731
11.478 14.386 11.2473 141.632 226.324 1.35875
11.3713 -2.63884 5.13778 128.208 163.873 -89.5203
10.9317 -10.0648 7.43219 82.926 148.879 -55.7811
11.269 -3.40157 -4.09797 114.203 173.558 19.5172
9.91492 1.86458 4.5824 -20.5663 3.06705 -145.823
11.117 -2.00957 8.38359 95.6017 179.463 -63.1988
10.4096 2.62065 7.71042 23.3666 191.023 -43.4814
9.33421 7.18591 -11.3128 -90.1015 153.388 78.9982
10.642 26.1281 -9.21888 22.449 352.137 37.58
11.0048 -2.07127 1.01371 55.9057 232.009 -18.3113
11.6438 -3.47399 2.07785 118.103 181.684 -20.9864
11.5657 2.56758 -1.68401 105 226.312 -1.31352
11.0165 4.29397 3.79611 48.3889 239.025 -9.08352
10.393 5.34977 -1.80092 -17.8368 205.959 18.3298
10.5923 -0.518445 7.46958 -0.171498 248.736 -49.0113
9.22618 10.2706 4.35893 -144.337 153.666 -34.2459
11.9472 1.37234 3.5237 120.033 214.211 -30.7578
11.3998 13.1724 3.7664 65.2902 249.74 23.1867
10.0556 5.89716 4.88608 -81.0447 -62.8645 82.2803
10.1418 11.4939 2.57975 -74.0045 469.149 -137.481
9.91331 9.21054 -4.31666 -100.22 201.242 23.2057
11.9563 2.06892 -5.55272 99.2515 217.586 47.3251
12.2993 2.20087 6.46317 130.961 126.738 -42.7609
9.70078 9.25233 1.48356 -128.884 161.016 -22.071
11.4128 17.7433 -8.90356 40.2491 314.778 -25.8487
11.4194 2.0928 4.77944 20.0099 204.009 -20.4087
11.4996 4.64159 2.48599 12.9468 231.357 -25.1337
12.3362 -3.01132 5.20238 89.6611 190.197 -38.8518
13.1385 1.74295 0.695932 157.018 164.719 -2.09293
13.3067 1.78585 -3.51083 169.198 84.4096 60.7561
12.4874 0.200535 -1.17699 82.2048 205.416 -8.11961
10.8979 6.0464 -6.88794 -77.8318 166.684 58.1006
11.4228 5.60215 -0.614726 -27.4088 220.731 14.8145
12.5775 -4.40541 2.46966 77.2447 191.256 -18.0058
12.5501 -3.88191 -4.32374 71.5417 181.881 33.9198
13.0038 -0.838275 -2.31364 113.1 199.51 18.7757
11.1005 7.20199 2.84068 -78.1626 204.964 -15.1021
12.2369 -3.36511 -11.4491 26.8746 154.857 91.6767
11.1759 7.80046 -5.47223 -78.5611 207.191 48.6463
10.6834 15.2451 -3.83828 -128.353 -81.3174 24.5476
11.0791 3.38997 -0.393703 -93.8904 249.835 -5.34331
11.7398 4.1107 9.44782 -33.3836 194.426 -68.088
13.2392 -2.1775 6.15109 96.6935 196.484 -46.0366
11.4198 13.8246 -0.173936 -91.951 184.965 30.7361
12.5037 3.3802 1.806 6.35869 220.512 -12.9022
10.6968 7.47963 -1.86467 -182.602 262.152 -59.2787
13.3797 18.3463 -10.5135 73.3738 424.739 -141.962
11.8988 5.99873 6.1576 -77.2814 195.988 -55.7647
12.2793 18.4747 -7.89793 -52.9652 257.738 -35.7416
13.3983 0.754826 -5.0134 51.0132 210.634 31.3029
12.9652 0.22283 8.98267 -1.59689 177.483 -69.7032
12.3486 6.24332 -2.59802 -68.9555 201.763 27.0553
12.6129 7.12122 -4.59978 -90.5211 174.944 41.0205
13.6336 -3.35172 -10.2125 -8.39279 161.023 85.6795
12.6391 7.3692 -3.59631 -134.61 256.495 30.5945
12.9742 6.15977 -8.82826 -106.715 147.591 65.4238
15.6059 3.41815 3.25252 21.705 191.691 -35.7322
16.6538 -5.9785 3.12574 -68.4616 155.428 -22.0092
nan nan nan nan nan nan
13.8925 1.30579 4.14732 11.6711 206.596 -32.9321
14.2896 1.29576 -0.591352 20.163 227.847 3.19046
