-20.5646 -14.8513 -13.5335 135.161 -10.562 90.5994
-20.7464 1.25048 -0.665938 95.4744 -33.2348 -19.2594
-19.8906 3.99894 -0.691017 71.7651 -94.2082 10.0755
-19.437 -2.69326 -0.016658 93.3579 -91.7284 16.2409
-19.1787 -3.21734 1.1298 91.9076 4.43311 15.493
-19.2114 -0.577373 -0.383743 85.0437 -104.195 -7.97092
-19.135 -1.91584 5.60447 87.7082 -74.4322 -11.7097
-18.952 -2.39933 0.386301 91.6154 -61.3403 -7.30198
-19.0263 1.11864 2.37726 79.2226 -82.0845 -5.52574
-18.8196 11.4437 -3.44841 97.3058 -178.782 208.092
-18.9019 -0.331011 -0.326861 81.8451 -92.2849 -5.70564
-19.3237 1.47421 1.83531 39.4679 -69.6422 -99.2161
-18.8023 3.98859 0.987827 89.2988 39.7804 62.9712
-18.8526 -0.018791 -2.58971 79.8173 -78.6573 -101.87
-18.6014 0.167345 2.44107 83.0524 -70.0928 111.77
-18.6352 3.89791 1.35656 69.8392 -82.5814 94.6804
-18.7309 5.23052 -0.505915 58.4159 -102.123 21.8194
-18.6733 3.24566 -0.26379 62.9698 -108.777 25.6217
-18.9617 4.69348 -1.29492 28.4089 -122.87 -10.9045
-18.4212 -0.416963 0.967915 72.5325 -105.037 36.807
-18.5448 1.37307 -0.342769 52.9789 -150.308 -35.2121
-18.3344 1.69916 0.18213 65.0576 -101.957 -4.63792
-18.0182 -2.50205 -0.462873 95.8139 -118.913 67.869
-18.3379 3.0733 -1.18079 59.7414 -111.064 -14.0847
-18.2777 9.6098 -0.818485 65.5752 -81.9546 -15.9553
-18.0811 -1.57336 2.67875 85.0545 -28.2241 91.2341
-18.0634 -0.163657 -1.78638 81.0591 -81.9568 -68.0431
-17.5648 -7.74484 0.359573 121.95 -94.1836 7.27437
-18.3402 3.55303 -1.58304 43.1416 -138.498 -54.8599
-17.9449 5.59408 -0.147382 75.9027 -80.6837 27.508
-18.1571 6.54417 -1.71936 49.9322 -109.054 -39.3126
-17.6902 -7.69415 2.76117 95.6435 6.52825 105.714
-17.8894 -3.90189 -0.991364 74.9773 -55.0012 -15.3342
-17.5782 -4.79663 -1.61645 100.359 -67.0622 -56.9456
-17.8507 -2.9127 0.503807 71.448 -61.5234 -68.9153
-17.8992 1.57706 -2.06533 65.6923 -103.459 -99.8491
-17.6983 -2.87423 -2.80772 84.5606 -97.223 -22.621
-18.0583 6.84261 -1.98642 45.1873 -114.766 -83.3623
-17.4121 -6.60428 0.609881 107.114 -51.4998 18.104
-17.745 7.95329 -1.3949 66.53 -71.5925 -58.224
-17.109 6.27144 -1.98512 119.148 -49.3388 -43.1345
-17.2547 -3.29331 1.0523 102.635 -27.8297 76.2379
-17.4668 1.34879 5.34941 79.7164 -73.9461 110.188
-17.8053 5.82034 0.400929 38.2493 -127.254 49.6644
-17.294 -2.90108 0.314855 86.8767 -57.0394 8.73375
-17.2627 -3.57067 1.11612 86.9715 -91.2421 6.08471
-17.4515 3.14314 -2.82908 60.5747 -97.4905 -85.6881
-17.1998 -2.7164 -0.04842 83.2505 -95.3065 12.9526
-17.0298 -7.86438 -0.470538 99.6262 -22.1306 -9.60066
-17.2252 -1.8779 0.663514 74.6616 -108.436 85.018
-16.9549 -7.67667 1.69138 96.395 -4.72717 60.6861
-17.0514 0.179369 -2.38331 86.5001 11.8204 57.7492
-17.2398 1.77471 0.789146 67.4977 -89.6557 21.7944
-16.7312 -8.32421 -0.793523 117.124 -87.2405 61.9613
-17.2717 4.34292 -1.54299 63.1773 -69.5351 -19.8769
-17.3684 8.60122 -0.120405 51.5139 -94.1255 12.522
-17.1922 0.51325 0.145351 54.2455 -140.092 -5.33032
-16.8173 -3.36528 2.36224 86.7341 -78.4021 95.8229
-16.9018 0.234235 -0.775473 72.3474 -59.9218 -25.6361
-17.148 4.33913 -1.64664 46.9465 -106.27 -34.0353
-16.9156 2.07012 -0.726547 60.817 -100.699 -36.4005
-15.6333 -10.1495 -0.847616 186.066 -43.5834 -29.5718
-17.2076 0.129583 -19.1506 28.625 -142.046 -0.541262
-16.8073 -6.57542 0.200006 67.1275 -120.67 3.16567
-16.7886 3.3697 1.85319 63.3067 -80.5408 112.123
-17.1528 7.22631 -0.513734 24.954 -131.74 -4.98479
-16.4845 -4.70732 2.30441 89.4312 -98.4066 116.112
-16.5946 -2.48136 0.0361461 76.1404 -98.1298 0.445114
-16.2363 -8.38471 2.30661 105.504 -43.2326 87.114
-16.5155 -1.48595 -1.26868 75.0814 -117.57 -31.2467
-16.1192 -7.2887 -1.29803 113.519 -93.6982 -62.4977
-16.8481 9.39903 2.4631 40.0359 -105.341 90.73
-16.8757 11.4609 1.09827 33.2482 -110.572 27.1747
-16.8598 5.95677 -1.11259 31.4488 -120.128 -46.3228
-16.6305 6.65419 0.292052 44.2129 -99.5444 48.3058
-16.6506 1.51875 -2.77935 37.6714 -150.096 -86.0241
-16.074 -7.43823 -1.09296 93.2033 -10.5805 -57.0389
-16.0212 -7.6177 2.37852 98.1166 -17.154 90.3945
-16.8559 6.16186 -0.880275 14.9181 -149.646 -8.18395
-16.1497 -2.81015 -2.26616 79.427 -20.9295 -78.6066
-16.4904 1.92997 0.343976 40.3918 -131.451 46.4802
-16.2299 11.3585 0.790949 63.7804 -70.7249 32.5774
-16.0201 -8.89398 0.155506 82.2841 17.8028 1.78849
-16.7467 4.84785 0.344059 9.68238 -153.973 15.5227
-16.6649 9.21656 -3.84003 13.475 -132.904 -39.1333
-16.1245 -9.78564 -1.33642 61.486 -19.8184 -62.4735
-15.7815 -5.12966 -1.86298 91.9212 -116.183 -52.3563
-15.6653 -12.5939 -0.378522 99.4662 -12.8169 35.9187
-16.3848 5.98775 -1.06776 27.7314 -162.259 -26.2109
-15.8104 -3.70248 2.40245 83.3683 -96.4444 97.7914
-15.4145 -4.11488 -1.78582 122.202 83.5067 -23.1516
-16.2834 9.04634 0.901426 30.6293 -43.1679 50.0548
-16.2402 7.0323 -3.45978 34.473 -108.954 -118.026
-15.7644 -9.22047 1.05338 80.5929 -19.8062 26.1159
-16.4851 8.00204 2.04632 8.58328 -133.389 73.887
-15.5881 -8.96015 1.21916 96.0777 30.0377 42.5939
-16.2856 4.80207 -0.566693 25.7048 -79.6916 -2.32616
-15.1163 -36.1923 3.64976 140.623 245.427 -120.624
-15.6638 -3.49176 -1.59383 85.7385 -78.3672 -93.3507
-16.0917 2.45605 1.90554 42.3442 -99.9701 -46.885
-15.5455 0.357712 6.36925 93.6563 -4.66595 -104.844
-15.965 12.8404 1.66292 50.1334 -89.0371 41.4605
-16.0914 15.5344 -11.3653 37.4754 -134.117 -13.1719
-16.0784 1.67807 -1.87001 35.9628 -148.17 -110.111
-15.9929 3.5385 0.59936 44.1993 -171.29 78.2434
-16.2179 2.36772 -2.74869 18.4415 -168.022 -80.8952
-16.035 1.25091 -3.80815 35.4674 -153.306 -130.947
-15.0287 -10.7223 -0.507602 129.214 -55.0637 -16.3583
-15.5705 -3.36522 -2.52125 75.2635 -124.774 -93.518
-15.7201 -1.84425 -0.557136 55.1478 -152.175 -27.3117
-15.4665 -6.53949 -0.124286 80.2658 12.3508 -15.3594
-15.2921 -6.19088 -2.57321 95.4937 -52.8088 -86.321
-15.9434 1.16464 -1.04624 27.7936 -165.738 -74.5235
-16.0624 9.70331 0.884032 15.3727 -125.946 23.137
-15.4336 7.65198 2.03469 68.7268 -43.7514 121.074
-15.0996 -9.25621 1.44353 99.9609 -14.3525 94.7692
-15.5335 6.93066 -2.64998 56.026 -70.0883 -78.3365
-15.9699 0.575888 2.6469 7.7168 -227.276 145.279
-16.1797 7.62737 -1.85516 -20.1705 -180.519 -10.0506
-14.721 -12.9237 2.79354 118.474 -5.76253 70.6766
-15.4179 2.20886 -2.48403 48.1491 -108.713 -75.2806
-14.8084 -8.32687 -2.50049 107.442 -74.5812 -96.9261
-14.8415 -8.68793 0.818436 102.153 -33.5205 11.8445
-14.9004 -4.75819 -3.52026 92.6395 -85.0323 -139.501
-14.1893 -15.8905 -2.42075 162.686 -131.062 72.2797
-16.0408 4.76267 -2.22432 -23.7906 -180.519 -79.796
-15.0378 -3.24183 -2.25942 73.5411 -120.99 -117.046
-14.8093 -25.1467 -9.95827 94.1983 -66.609 -122.426
-15.3577 -0.84188 0.232835 36.9653 -178.012 -0.217764
-15.5146 6.27561 -0.0906484 17.6207 -127.344 11.2692
-14.7879 -4.71312 0.324401 80.247 -148.015 -21.9125
-14.2421 -30.8244 2.64284 130.635 144.924 -0.753817
-14.5964 -7.64032 -2.34372 91.9457 -14.7791 -97.7595
-15.1918 0.932052 2.52719 31.8617 -169.576 43.3969
-14.3917 -7.77719 -1.35681 110.042 -105.055 -83.8687
-15.3986 5.9497 -2.38778 9.54407 -133.618 -86.6045
-15.305 4.40535 -1.85108 11.8116 -149.91 -46.9776
-14.2826 -9.19141 2.85715 112.742 -60.9314 98.8615
-14.5542 -5.20939 2.57961 85.5643 -46.1758 104.675
-14.5981 -4.61858 -1.6967 77.28 -135.039 -70.2406
-15.088 1.43205 -0.978844 26.7774 -142.976 -70.0669
-14.8379 -0.664057 4.07755 51.4245 -115.668 147.398
-14.1684 -20.6229 -3.58018 115.006 -188.722 -88.1636
-14.6789 3.29091 1.10949 62.3007 -149.937 49.1933
-14.9496 10.5585 2.68251 35.055 -92.1215 73.9737
-14.9614 3.46415 3.64825 30.7896 -67.0236 -96.9422
-14.7733 -0.517605 3.06441 48.748 -124.244 136.498
-14.5889 12.3959 -1.24045 61.4866 -66.8848 -79.9886
-14.273 -7.04928 -4.08564 92.116 -24.5933 -183.108
-14.6208 10.3722 -2.464 54.436 -68.1382 2.09374
-13.8308 -12.7041 2.11814 120.689 44.4973 -127.235
-15.3204 2.32053 1.40209 -29.0245 -211.774 60.3432
-14.0222 -12.8329 -0.549896 96.9062 22.6049 14.3689
-14.7654 6.27694 1.98995 20.4204 -110.389 99.0052
-14.4168 8.34957 2.49105 51.6474 -76.0288 26.9019
-14.0982 7.06548 1.14111 82.1182 30.7552 85.4089
-14.6993 1.89822 -1.94873 22.1141 -146.949 -73.0414
-13.9011 -7.19347 2.3664 92.6236 -46.6579 109.148
-14.8115 6.95111 -1.4299 2.17369 -126.283 -72.3583
-13.8053 -10.6435 -1.89577 98.5584 -2.38003 -96.301
-14.7033 6.66629 2.37673 1.15254 -134.633 89.4523
-14.1106 -2.228 2.45757 57.2769 -140.683 123.548
-13.7871 -5.96229 1.0046 87.7229 -166.674 58.2127
-14.3361 11.2328 -1.18959 29.8562 -94.5152 52.7635
-14.5191 10.1952 3.10601 10.8578 -113.684 106.798
-13.5894 -7.85383 2.47149 101.276 -66.5943 95.7133
-14.728 7.07278 3.20494 -13.6467 -41.5768 154.284
-13.0739 -11.8541 -1.25656 150.648 18.0758 243.586
-14.065 -3.41025 -0.0473791 51.7827 -190.385 16.9199
-14.0047 -1.63282 2.82036 52.3675 -126.588 125.794
-14.2103 -1.61758 1.46891 31.7637 -199.832 53.0823
-14.0646 -3.04728 0.897633 43.4196 -186.109 44.0565
-14.6031 0.366567 1.77075 -10.1671 -205.577 119.376
-13.9611 10.2006 -1.9102 52.9585 -64.9601 -94.495
-13.7086 -4.22845 -3.42901 76.4665 -94.8971 -130.466
-13.7103 -4.93727 2.4322 73.9016 -161.378 70.2537
-14.5603 0.340627 -1.03786 -11.5513 -216.007 -13.3097
-13.4706 -6.05584 1.84201 95.5272 -149.493 87.4899
-14.1799 12.0017 -2.09783 21.3276 -100.279 -36.1119
-13.0732 -2.67221 -4.70596 127.973 -2.57125 24.5793
-14.6824 9.9152 0.459301 -33.9447 -157.776 26.0222
-13.3155 -9.53406 1.23934 101.178 -110.391 60.2062
-13.9447 1.48784 3.569 35.2303 -117.593 178.607
-14.1127 4.27838 -5.47711 15.7384 21.81 13.0237
-12.9468 -12.5964 1.196 128.117 -36.9156 65.0931
-13.5555 -0.367101 -4.66048 58.761 -71.6982 -192.112
-12.9801 -15.2446 1.88981 107.992 22.3517 54.833
-12.6649 -0.554371 2.0723 136.081 89.1316 -9.79841
-12.6889 -8.20765 5.50474 132.043 -89.2451 -164.55
-13.9636 7.36336 1.51952 0.0429205 -122.913 63.7446
-12.8376 -15.0322 1.70283 110.91 4.99308 -19.9737
-12.8758 -12.495 0.733207 105.9 4.41016 66.7127
-13.3072 -4.23548 1.35072 62.3631 -173.526 76.1933
-13.9798 9.76767 2.29264 -7.51599 -123.172 73.6936
-14.2935 4.72814 -0.35036 -40.3302 -177.642 -25.3121
-13.9971 4.24077 1.42977 -12.6805 -158.615 73.7399
-12.8028 -15.2502 0.990589 105.388 47.4666 115.689
-13.7941 13.9285 -1.71663 5.94747 -285.91 167.895
-12.9491 -9.98047 -2.78497 87.7693 1.12972 -116.572
-12.6014 -8.30449 0.785853 122.184 -103.577 41.6818
-12.6609 -7.69027 -0.42305 115.346 -150.001 -23.991
-12.8201 -7.57647 -2.70345 96.0375 -79.0402 -106.758
-13.4611 -2.73809 -0.418008 31.0887 -201.102 7.10996
-12.6912 -12.4097 0.12639 105.368 1.16971 40.4785
-12.7759 -11.974 -1.09995 94.5437 13.7514 -12.0106
-12.8978 -4.76121 2.92572 76.6818 -147.484 125.93
-13.4209 -1.51116 -2.17902 22.1018 -186.399 -101.25
-13.207 12.4003 -2.37506 41.0438 -79.4184 -67.6723
-13.2689 16.2771 5.88849 34.2349 -115.907 -90.9077
-13.4489 -2.4779 0.783829 15.4452 -239.962 -2.40121
-12.4751 -7.19847 -1.67788 112.06 -170.203 -62.6948
-12.9485 -4.77455 0.982049 64.7745 -188.39 23.5368
-12.4499 -7.76065 -1.42479 113.952 -155.793 -66.4499
-12.9049 -9.76537 -2.46744 67.0093 37.1447 -91.8564
-12.7484 -8.12405 3.11734 80.3464 79.4345 10.8543
-12.2159 -5.45671 -8.00507 131.078 -139.331 -23.5128
-13.915 4.24952 -1.82347 -42.315 -185.915 -87.5582
-12.4464 -6.65712 -3.29384 97.6112 -126.957 -144.291
-12.2394 -8.35635 -2.90477 114.345 -79.0138 -121.79
-12.1638 -11.1549 1.61962 117.605 -136.027 55.1586
-12.0285 -14.4225 1.59636 125.554 -10.2541 65.504
-12.9422 4.93621 4.30707 30.8873 -85.9665 210.735
-12.6611 -4.58979 1.36169 57.953 -188.902 75.7044
-13.5515 9.48865 -1.57238 -32.7301 -143.561 -36.8373
-13.8691 8.12352 1.44939 -65.5247 -167.153 106.072
-12.2399 -10.1418 -2.34458 91.3809 -5.05264 -138.138
-12.1423 -11.6529 -3.93321 97.416 7.68593 -133.678
-13.155 9.26992 -2.16449 -3.27803 -116.052 -114.402
-12.0501 -7.56198 0.167764 104.722 -191.008 15.3695
-13.1869 14.5312 0.759677 -11.4399 -118.866 -12.0479
-11.3443 -13.2176 -0.0240799 166.499 -85.1217 12.6378
-12.9593 14.945 -0.182159 4.09196 -109.157 -52.5311
-11.5669 -13.1999 -2.72405 140.444 -42.799 -81.3001
-13.1433 -0.880209 0.145335 -17.6257 -209.754 37.1622
-12.2377 -11.7393 -1.08018 72.2794 -20.3916 42.838
-11.7623 -11.3413 0.315643 114.942 -26.5123 -3.07233
-13.6219 7.71497 4.81016 -70.1476 -167.389 96.0935
-11.3969 -9.09535 -1.68713 148.391 -54.4 -75.4922
-13.0557 13.8976 2.4563 -23.0134 -122.78 61.4102
-13.0708 6.26111 3.28881 -25.6129 59.9843 -57.6672
-11.5783 -14.164 -0.328717 120.432 -6.86934 -25.2595
-12.9114 11.0761 -1.59623 -15.9395 -119.322 -49.5706
-13.297 10.6331 0.731215 -59.8474 -163.109 30.069
-11.3924 -15.0817 1.00549 127.841 -6.53853 51.1994
-12.5398 15.257 1.29871 11.6178 -109.995 50.0247
-12.564 -3.86542 8.34779 8.30662 41.1906 39.1706
-11.4134 -23.3477 0.361174 119.142 -68.8118 -46.6283
-11.7929 -12.0096 6.3271 79.2985 -20.6798 -28.46
-11.2841 -15.7063 2.09096 129.584 3.27955 66.3413
-12.8061 13.0434 0.791796 -33.9157 -130.217 -7.56192
-11.4873 -14.5966 2.6401 91.8016 -26.2507 116.287
-12.3599 12.7191 3.01594 1.91965 -108.632 131.251
-11.5695 -5.65322 3.11073 77.8413 -190.224 133.644
-13.2218 11.0911 1.57593 -87.1083 -165.484 28.6184
-12.7222 8.562 -2.57373 -39.6404 -142.858 -2.74792
-10.9967 -10.5373 1.73039 122.016 -77.0759 68.0738
-11.4253 -12.6841 -0.315195 78.7465 34.3058 -35.159
-12.9642 6.95627 0.78448 -75.798 -169.083 73.6867
-11.0483 -13.3926 0.537802 112.325 39.5005 19.856
-10.7737 -9.79238 -0.360687 134.733 -118.07 -18.6585
-12.0338 12.2522 0.0162545 3.43403 -106.035 -0.321686
-10.813 -11.8448 0.7584 120.945 -27.4715 63.8286
-11.2315 -6.90139 -0.213271 76.2014 -207.26 -31.8845
-10.9064 -7.649 -3.08624 102.153 -102.402 -138.835
-11.0003 -15.9693 1.2898 74.1794 58.9551 33.7231
-10.2668 -12.1661 5.76711 140.483 -150.132 24.6167
-12.3468 13.317 -1.63882 -67.2844 -143.068 -42.6215
-10.7807 -48.2916 36.5748 87.4964 203.394 -150.169
-10.4583 -8.54428 -2.62363 116.875 -142.131 -119.124
-10.6386 -12.7835 2.3455 97.4982 15.1799 78.4347
-10.4756 4.38506 6.54994 110.476 45.5242 -59.8393
-11.7235 11.3148 3.06651 -15.0393 -114.111 133.138
-10.5278 -6.75289 0.329198 103.036 -201.025 -2.86186
-10.2556 -11.8542 -2.94937 126.724 -42.5449 -94.6538
-10.9744 -5.46726 4.02873 53.9809 -237.595 16.3099
-10.758 -5.79259 6.2239 71.6692 -189.637 -9.86734
-11.7521 11.9819 4.18936 -28.1428 -102.787 74.2138
-10.6304 -6.57549 11.5241 75.8103 -60.739 -59.7335
-10.5953 -6.16345 2.43945 78.0487 -191.349 122.185
-9.96651 -14.4875 2.07637 139.083 -32.4306 96.0067
-11.6397 11.2639 1.90892 -46.9492 -121.857 44.9485
-10.0286 -11.5104 -0.80227 112.259 67.4013 -34.8603
-12.2597 9.3872 0.692391 -109.813 -152.578 -3.78016
-11.5341 15.4532 -1.27886 -40.2639 -135.2 -15.5811
-9.83591 -14.1387 0.0504196 124.313 -3.67049 -17.8756
-11.1011 9.95521 -0.476756 -17.4253 -222.175 -64.104
-9.45556 -18.6361 0.465343 142.032 -218.149 24.831
-10.8084 1.87977 -4.44911 5.26561 124.067 -69.4899
-9.65265 -13.7121 3.20008 117.955 -1.12158 116.445
-10.0849 -11.3589 3.55501 73.9065 27.8328 131.633
-10.9716 16.2481 2.6737 -21.5689 -111.379 62.1958
-9.90315 -11.8314 2.68453 82.292 18.7464 121.016
-9.73184 -17.3737 3.04615 90.4113 29.5668 46.9736
-9.35307 -9.1114 -6.25308 124.369 20.1109 -139.741
-9.63116 -7.13411 1.94416 93.861 -221.888 89.549
-10.165 17.8462 -6.37995 38.2113 -73.0011 -96.5525
-8.81821 -12.8269 -2.54245 171.316 -97.3662 -78.2648
-9.27193 -16.6536 0.381316 124.34 21.4251 -11.587
-8.73485 -13.2315 -2.73743 176.157 -17.2936 115.626
-8.77064 -13.8611 0.202709 169.697 -82.091 -16.7687
-9.02916 -20.134 8.46807 141.939 -50.1526 75.1452
-10.4943 14.4979 0.904575 -10.4949 -104.069 44.4886
-9.6067 -4.9892 4.85876 69.6167 -111.051 212.788
-10.4824 15.1593 3.17859 -25.1355 -113.721 86.4583
-10.5906 14.8372 -0.13797 -35.9479 -116.198 -53.712
-8.57344 -14.1277 -0.56758 164.003 -52.6537 -16.7847
-10.5994 13.5088 -0.188084 -49.3741 -131.861 26.5495
-8.58962 -14.4796 -1.35876 146.334 -23.8287 -37.2371
-10.3316 15.9509 0.851616 -28.2957 -117.1 50.926
-8.02941 -10.2196 -0.0121393 200.128 115.728 10.2615
-8.0039 -16.0282 -1.50255 202.443 127.082 -131.04
-8.47006 -13.7479 -0.771481 152.112 -53.4004 -25.6723
-8.28127 -17.4518 1.93667 149.09 -115.901 89.9159
-9.13166 -31.6795 6.31777 53.6937 259.122 -152.322
-10.7742 13.1694 -3.18956 -109.807 -241.081 -231.714
-9.92118 12.7256 -1.667 -30.716 -105.646 -65.3734
-8.26429 -18.2181 -13.465 131.691 -100.639 -207.102
-9.86122 3.1539 -5.04472 -28.6593 -126.591 -221.481
-10.7252 9.77767 -1.51094 -117.691 -143.522 -59.4796
-10.5538 12.2074 0.169749 -108.054 -140.023 19.4341
-7.90847 -14.097 -1.37556 147.619 -112.149 -119.251
-7.91903 -14.6407 -1.73683 144.478 55.4566 -19.9371
-8.56062 -16.8189 -1.5718 79.7612 56.4266 -31.7529
-10.1502 14.3045 -0.458959 -78.2742 -136.898 -23.7239
-9.11917 14.8931 2.83979 11.9992 -87.5633 74.4678
-10.2533 12.8488 -17.0593 -103.968 -83.0426 -291.605
-7.96565 -13.446 -0.59941 121.693 -100.736 -47.2418
-7.65565 -13.7882 1.11018 150.312 -35.7435 66.214
-10.9751 19.7604 -4.49868 -182.574 -59.3127 15.8519
-10.4128 13.4797 0.188929 -127.722 -141.121 -30.1236
-7.9845 -17.4789 0.648184 112.93 43.5036 63.2397
-9.43166 13.1408 1.81107 -32.6132 -105.489 34.3898
-8.34352 -15.3852 -5.78916 74.3527 -58.1057 5.1266
-9.27378 13.2314 -4.62897 -18.6514 -98.6016 -164.306
-7.50062 -13.3545 1.1528 149.46 -25.9221 67.7267
-8.1028 -12.5443 6.0084 86.3275 20.9201 -56.327
-7.76548 -15.1028 0.101737 116.584 -29.9564 -10.5665
-7.42352 -13.2022 -2.36317 147.89 -25.0587 -81.8275
-9.16243 12.9966 -1.09376 -27.3157 -100.543 -88.299
-7.6824 -13.8588 2.47969 113.628 6.70213 63.6744
-8.49404 14.6384 -0.418518 26.0571 -75.8443 -62.5018
-8.7343 -5.28901 1.19497 0.243534 -257.503 54.1949
-6.59697 -14.2121 -0.121568 195.23 -80.2047 -22.7199
-7.4553 -13.5362 -2.19591 102.448 14.52 -115.757
-7.96069 -13.4117 -1.10996 51.1721 108.813 -48.6226
-7.04367 -12.1043 3.54951 140.715 -58.1975 156.887
-7.59144 -19.0126 0.921753 84.1559 69.7651 24.2771
-7.42147 -39.6912 -3.42731 100.075 -28.3668 -32.9537
-6.49671 -13.7266 0.627105 180.274 -55.4152 44.9207
-8.50141 11.7984 -6.24092 -19.2799 -64.1049 48.9922
-6.36057 -11.149 -1.55197 186.232 -12.9928 -79.3749
-7.75339 -19.7903 -4.54242 45.3342 85.6159 -17.1012
-6.92955 -16.5206 -0.935409 125.317 27.8361 -6.5929
-7.58172 -16.7722 -1.0155 56.0524 69.4438 -70.2806
-6.85007 -13.5079 4.06043 127.804 -3.5354 156.194
-8.23495 14.6436 2.34458 -13.1829 -92.5784 81.5064
-8.65347 15.7864 2.76772 -60.3604 -111.611 118.568
-7.07075 -17.7828 -1.73101 92.1837 56.3403 -101.711
-9.41413 12.1297 -0.630478 -143.483 -137.593 -25.9533
-6.89321 -17.3315 -1.03662 104.932 85.395 -72.7544
-7.16456 -17.801 -1.14442 77.0245 11.4518 -53.4001
-6.74627 -8.83082 4.33059 116.221 -79.2057 192.452
-8.23591 16.0366 0.288974 -39.7406 -108.323 13.2791
-7.73311 17.7605 -0.989589 8.77275 -95.5525 -49.6611
-7.16741 -14.7225 -5.18313 64.1199 41.5892 19.8898
-8.73481 9.91773 0.037021 -94.5577 -271.761 9.2331
-8.57982 17.3502 4.0187 -89.9196 23.3939 170.557
-6.48162 -18.4178 -2.10993 107.085 57.5609 -71.8854
-6.11014 -16.8963 -1.63184 139.576 -26.6173 -39.2735
-6.63891 -13.0886 1.97027 85.8103 -27.1113 -90.657
-8.14041 12.5157 -3.38052 -65.2334 -104.84 -177.627
-6.19446 -10.0373 -4.70314 119.582 -54.5755 -206.852
-7.49352 15.0177 -0.685497 -26.3869 -97.8097 -35.7185
-6.07213 -16.8943 -0.386437 110.286 43.7974 -42.8475
-5.69911 -18.0793 0.325599 146.041 34.6262 -14.029
-5.97103 -12.4861 2.01971 117.886 152.405 82.7641
-8.1002 12.2501 -3.67889 -95.0726 -107.224 -161.909
-6.2369 -17.4641 2.04979 83.0733 60.3461 41.3793
-8.54011 12.615 -1.6458 -155.166 -117.617 -67.3564
-5.27962 -17.2374 -0.604967 164.053 -1.13253 43.9224
-5.31703 -15.6079 -0.207937 157.426 3.34208 21.4365
-6.70889 16.3283 0.786897 16.0342 13.062 55.5502
-6.2521 -12.9905 -2.91611 59.3236 -115.214 -17.0243
-5.18852 -16.7116 -0.199763 164.874 68.0939 -14.1586
-6.92831 18.4887 0.35308 -12.7347 -100.899 18.4683
-6.64474 1.42271 4.45785 12.6866 135.66 82.1678
-5.95445 -38.9777 6.39577 81.0342 35.7584 34.495
-5.78568 -15.7501 -0.747144 97.7896 41.3973 -56.4001
-6.93183 14.9929 -1.4049 -16.7577 -70.5333 -57.9079
-6.87194 17.7883 -3.92895 -14.7387 -53.2724 -144.703
-6.75097 19.2177 4.11763 -15.4812 -111.023 -93.7777
-5.9837 -3.90461 5.98601 49.0237 -118.677 243.419
-7.08958 15.1478 -2.60751 -64.901 -100.186 -107.857
-5.31875 -15.3892 -1.94641 108.138 37.109 -106.664
-6.21255 15.7467 0.37209 14.9974 -162.231 -56.0882
-4.64926 -17.1532 -2.24416 168.439 31.9342 -31.1287
-6.33903 17.3183 -3.21102 -6.33009 -91.9837 -133.165
-6.18687 17.2888 -2.18868 -9.03495 -88.8798 41.7025
-7.29079 16.065 1.28412 -119.151 -111.921 70.6034
-7.5109 12.8822 2.5424 -143.267 -105.226 81.5613
-4.79676 -14.6846 -3.67929 122.431 -54.2491 -131.233
-4.28888 -0.889387 0.223455 168.144 -137.602 104.212
-4.66043 -19.6562 -2.77229 129.673 -152.517 -93.8997
-6.44843 13.1841 2.42797 -53.2884 -142.627 35.9477
-4.18944 -14.1644 -2.21256 163.27 -8.45495 -67.0422
-6.49451 4.66288 8.18117 -67.7702 -160.589 -50.6693
-7.3694 12.9538 -1.29314 -159.136 -101.996 -24.7509
-5.00226 -12.7992 -3.74217 69.2194 38.8518 -179.19
-4.73654 5.56723 -4.82143 82.6157 84.1848 22.331
-6.24871 16.6231 -0.838416 -75.1445 -100.313 1.70038
-5.7502 19.2863 0.309712 -28.3207 -101.658 1.14345
-7.15973 -3.04978 1.05457 -172.873 -228.833 58.3279
-5.54116 -1.79916 -5.93932 -27.2674 -155.456 -241.751
-7.25718 19.3429 1.52255 -201.497 -58.7502 55.9823
-3.85398 -14.1855 -2.80318 134.715 14.528 -140.502
-5.77998 5.96483 11.4724 -57.49 25.598 9.00121
-3.2239 -12.3682 -3.43629 185.246 32.1936 -119.805
-5.05847 -4.7969 -10.7776 0.304352 -89.6515 69.6251
-3.73021 -25.0028 7.54174 126.944 200.677 -109.471
-5.76176 12.6079 -4.13539 -75.9961 -90.7755 -201.056
-3.11003 -11.9131 -1.9993 186.073 -75.4653 -115.062
-3.95245 -15.5312 -2.64713 77.7549 51.78 -132.501
-5.07123 15.677 -3.30354 -37.5405 -87.8884 -105.454
-4.89073 16.4448 -3.62669 -22.1107 -88.1651 -117.659
-3.47674 -12.5486 5.22756 115.217 10.6056 203.197
-2.55659 -11.2008 3.42698 202.336 -128.311 77.4876
-4.20621 1.27502 5.96002 26.8309 -142.206 -6.28282
-4.33384 17.3715 2.38497 9.98883 -84.5782 139.374
-3.20163 -17.6389 0.139687 114.593 52.2819 40.2781
-5.11489 16.96 -2.68805 -83.2887 -95.2496 -111.239
-5.67016 13.469 3.96596 -139.164 -93.0137 128.56
-2.81308 -16.0112 -1.14866 144.135 26.6556 -102.74
-5.1537 15.4171 -1.52726 -95.9816 -93.5585 -62.171
-2.81325 -17.899 1.18522 131.034 57.0967 87.7855
-3.48331 -12.5316 -7.98866 60.3656 54.0907 136.457
-2.91691 -17.9078 0.657084 116.035 45.9357 -3.92258
-2.62541 -12.1106 -3.61613 135.697 -3.22445 -171.36
-3.50699 -18.1983 6.52549 47.4075 73.923 -100.909
-4.52259 15.0543 1.79584 -73.0061 -85.6256 78.911
-5.31485 15.7773 0.876263 -157.102 -94.3548 64.8258
-1.87377 -12.7905 -2.38815 176.724 -13.2947 -119.848
-4.81806 12.8743 2.58263 -123.33 -74.9949 141.852
-2.58244 -19.0826 -0.554207 98.0367 67.5359 -32.5268
-4.37047 16.2279 0.717341 -83.7329 -89.8986 70.747
-2.30798 -19.7658 -0.162346 116.724 68.2221 -16.1842
-1.69956 -16.5828 1.58567 176.641 16.3248 47.0501
-4.21051 14.3231 3.67078 -72.9555 -84.2081 114.371
-2.94544 -17.9273 -0.676653 48.079 141.957 -4.75521
-1.22062 -15.1172 -0.290467 219.034 -17.7572 -47.908
-3.83037 14.6382 -6.9375 -40.7998 -70.2477 5.52084
-4.3143 14.1131 1.8589 -94.5342 -78.9125 114.03
-2.08013 -14.7906 -0.128183 119.572 99.8762 -15.9197
-4.70433 12.0546 3.57603 -147.177 -74.2482 173.078
-5.23526 11.4668 3.05634 -201.323 -60.8215 135.729
-2.1866 -20.635 3.42666 90.9974 24.8135 6.84549
-1.982 -17.8153 -0.973041 108.688 58.5733 -49.6766
-2.38671 -14.8315 3.45557 61.1748 57.1499 139.764
-3.26412 18.8359 0.0659541 -29.6369 -207.671 7.49058
-3.93696 16.1103 -0.736765 -97.7106 -89.728 -3.40378
-2.18691 -18.7667 -0.46925 75.3958 123.656 0.901565
-4.66503 18.1765 -0.445064 -172.401 -3.91016 4.60453
-1.88053 -13.7765 -0.667561 102.92 184.674 -35.2559
-2.50187 -17.9918 2.19092 25.8312 81.8243 69.9055
-2.18653 -20.4475 -0.193375 56.4932 88.0872 -34.4077
-0.930522 -10.0973 3.91287 177.256 -52.0501 183.34
-4.46881 15.4408 2.13256 -176.856 -162.152 7.83715
-0.754124 -17.0813 1.20535 188.263 28.281 24.001
-1.94992 -17.8027 0.288256 68.3618 72.003 27.6045
-1.69956 -19.0773 -1.73075 90.1242 78.8115 -57.0331
-1.65216 -22.2587 1.46707 92.6345 -9.73211 69.8512
-2.64813 20.0638 0.106427 -27.2221 -97.034 38.7932
-3.94048 -3.39014 6.64717 -155.742 -94.0248 -54.3454
-0.375783 -6.88254 0.871731 196.079 93.5476 -8.31237
-4.159 13.5603 2.08034 -193.398 -69.5581 71.9342
-3.13047 17.5189 1.69325 -108.258 -87.1563 49.0281
-1.77276 -18.6617 -0.75789 26.4561 86.968 -5.0154
-2.82697 17.9165 -0.154765 -87.3729 -89.6267 2.57685
-0.407922 -15.835 1.2411 151.239 39.9047 45.4327
-3.56668 12.7905 2.88117 -167.035 -55.8783 107.135
-3.4299 35.0317 -9.2229 -155.722 -79.5211 -60.4147
-3.56927 15.9487 2.46404 -171.075 -73.4647 85.551
-3.55445 15.6871 -0.564751 -169.944 -65.4317 -42.6304
-2.56093 17.1699 0.435617 -77.4385 -85.7966 27.2741
-0.495015 -30.4578 5.84502 124.783 194.422 41.0293
-2.83643 17.6988 0.291634 -111.146 31.4517 -39.8501
-0.493327 -18.9121 -0.933987 115.406 69.9533 -63.587
-1.55395 15.904 -0.975792 7.99133 -128.188 -21.6767
-2.19404 19.0222 -2.21242 -58.5704 -92.4679 -84.2975
-0.427467 -15.5304 -2.40105 112.815 57.7567 -88.6925
-3.35245 14.8445 -2.84483 -181.026 -50.0694 -96.4457
-0.445476 -17.3344 1.82438 105.75 62.1185 55.6392
-1.28229 -12.4435 -0.434771 16.0649 152.987 2.8562
0.84802 -21.782 0.335365 224.508 -145.888 -1.2828
-1.46992 17.3722 -0.571964 -6.10803 -83.501 19.1765
-1.54749 19.5911 1.17022 -30.1192 -93.9305 59.6741
-0.412331 -16.8869 -3.38248 74.1555 75.1199 -119.204
-0.52207 -16.5282 1.72569 60.7747 28.5953 98.6386
0.415278 -15.8792 0.487687 138.658 95.0532 -2.08328
0.327142 -15.8867 -0.84192 128.914 61.7622 -55.933
-2.09981 19.2311 0.583652 -112.637 -87.9128 1.75283
0.777488 -14.9322 -0.473697 165.299 32.1204 35.2729
-2.68766 15.2938 1.44851 -185.897 -52.4994 41.3108
0.305087 4.84598 5.12922 108.975 63.4149 -64.6016
-1.65403 17.0388 2.37358 -91.1197 -81.402 80.3269
-1.63198 19.7956 1.01759 -93.6566 -96.0538 19.3532
-1.56083 18.0787 2.36143 -88.3 -81.2277 78.6902
-1.48796 15.6286 -2.47479 -82.3474 -74.8147 -123.936
-1.95438 18.408 -0.656356 -131.554 -73.5432 2.7906
-1.46249 16.8534 3.81763 -82.7312 -79.5674 141.918
1.41039 -17.811 4.63948 191.684 155.668 -22.7458
-0.956707 17.6777 0.945139 -48.3322 -82.8908 57.9432
-1.81717 12.6617 4.15459 -137.066 -48.2829 159.608
0.086522 -17.192 -0.509296 50.3181 81.6186 -40.0114
0.305428 -19.6348 1.45852 65.9112 87.4096 41.1024
1.20069 -19.26 -3.04335 151.324 170.751 134.048
-0.6618 18.9128 -2.10744 -36.3409 -88.5814 -70.4904
-0.532488 20.213 -0.459709 -47.2618 -92.7232 -43.7542
0.519533 -17.8648 -0.772329 55.4676 80.1109 -65.1229
-1.33697 15.7212 -0.294935 -130.867 -57.3319 -33.4134
0.833961 -16.6611 2.40954 80.6669 79.7527 84.5344
2.06207 -14.0786 -1.77083 200.512 20.4941 -63.755
1.07629 -19.6573 -0.0525071 95.7564 33.3393 -21.9073
0.312905 -0.0939769 0 13.2923 0.442448 0
0.197739 16.9545 -2.59692 1.55555 -123.725 -55.9521
2.02724 -15.2544 1.0964 181.702 50.2529 53.7864
0.849828 -14.6884 3.99663 63.5253 64.982 143.244
1.21683 -21.5601 16.1633 97.1419 75.2554 104.155
0.0393188 18.5639 0.252449 -21.0265 -87.6969 -11.5896
-1.5745 21.3775 -3.90007 -182.117 -214.843 104.897
-0.240722 17.5387 -0.14175 -56.822 -76.3528 23.428
1.26931 -17.4905 -0.543831 91.6346 151.449 -51.4966
-1.89807 9.89002 -1.00086 -246.406 111.399 -47.8537
1.88866 -19.3212 -0.223567 126.785 34.7447 -35.0708
-0.28402 17.2453 2.83199 -92.8514 -58.2474 97.5085
1.6074 -18.0893 1.28464 90.9082 83.0224 40.0972
1.95429 -15.0611 3.46298 125.1 20.6796 -95.8969
1.7601 -15.8445 -0.34403 104.352 70.0723 -43.2366
2.17162 3.15489 2.86778 139.622 146.548 -7.37776
1.74471 -17.5538 2.69501 96.14 83.1468 100.395
2.95072 -16.713 -2.38928 210.413 -43.1167 -85.9541
1.10272 -17.5794 -1.00988 6.25942 83.2717 -14.6215
2.60436 -16.1819 2.21225 131.026 79.9759 80.9318
0.623132 19.6543 -0.939519 -67.524 -85.3044 -66.4129
-0.291028 14.4035 -3.1352 -171.091 -23.7694 -144.916
3.05809 -14.4553 -2.65924 156.768 60.6995 -138.954
1.28925 17.6701 2.83915 -30.3123 -82.3156 96.6197
0.608017 2.61562 10.9493 -100.742 -16.1387 85.5193
3.28787 -12.9732 3.39817 163.813 55.4225 120.996
0.858143 16.3891 -1.10847 -81.7283 -66.2766 -93.9409
0.291035 0.542763 -9.4589 -143.159 -25.7063 -90.0648
0.0738757 16.5162 0.934794 -165.582 -40.1495 11.2497
2.63687 -18.0028 -1.17806 83.3949 88.383 -37.0952
0.992763 3.15846 0.601829 -92.7977 193.091 -32.7039
0.932998 17.6898 -0.0408303 -104.69 -64.3831 15.3978
2.96597 -18.7425 1.75562 96.2252 91.2474 88.0491
0.566944 15.4324 0.974204 -149.409 -39.1871 28.5617
4.2574 -5.63023 -0.449019 216.069 -202.675 -18.5861
3.2356 -17.3042 -1.53054 112.248 20.1663 -53.0706
1.38581 19.6622 -0.319329 -82.9755 -79.8991 -69.7987
4.78246 -5.4421 0.37595 251.465 76.4063 -46.3385
1.75882 17.2848 1.63727 -50.4549 -73.3084 19.9292
2.34654 -18.357 -1.40823 6.69886 87.32 -62.7518
2.64422 -35.8903 -2.13248 31.4224 6.35672 7.02651
3.02935 -16.3783 0.280452 58.8499 83.7946 58.4448
5.02134 -19.6685 -3.25594 254.256 -75.5432 -112.265
1.7587 17.6185 0.403666 -71.697 -81.8726 34.8639
3.89655 -14.4538 1.21667 139.772 149.139 62.7175
2.6193 -19.4553 -2.13509 12.659 93.1386 -93.8062
1.4144 9.91897 8.31498 -110.662 0.529139 -105.146
1.94394 17.0651 0.314031 -58.6755 -73.5694 30.108
3.01399 -17.0479 -3.06322 41.4058 83.6816 -132.856
3.28039 -17.3504 0.384064 65.3602 88.8643 65.614
2.1001 20.4729 1.51652 -59.2966 -88.4598 5.54684
3.28794 -19.692 -0.136922 55.8855 98.7276 50.0085
2.26814 17.8995 0.668498 -50.8085 -69.195 45.578
5.206 -6.17566 3.58565 238.128 33.1602 145.632
2.23259 12.4341 -3.78316 -60.5128 66.8326 144.671
1.84245 16.1129 1.00992 -105.745 -52.4082 29.3013
2.0783 16.7282 0.929976 -111.158 -72.607 96.1133
1.84508 17.4139 -2.13953 -149.116 50.9083 -113.728
4.45238 -15.0018 0.529131 101.235 90.7727 34.5007
2.11303 15.1801 -1.2454 -135.076 -65.6284 -53.923
4.43114 -18.2345 0.177722 89.0598 50.4073 18.2323
2.43915 16.3363 -2.77451 -110.717 64.6882 -92.6834
2.58402 14.6449 4.69092 -99.0829 -75.5207 48.7744
3.63532 -15.4163 -3.91086 -0.635311 100.45 -152.54
2.30472 15.3798 -3.06453 -139.376 -142.311 -156.189
1.79975 10.7443 4.23913 -193.365 75.4078 158.764
4.72337 -16.7246 0.602228 82.0527 92.3474 -13.1476
5.5087 -13.2993 -2.9634 154.835 90.8115 -115.057
5.49655 -15.6626 0.159107 153.263 82.8711 4.23105
2.16081 12.5295 -3.33043 -182.765 27.982 -138.652
3.24426 16.0585 2.19538 -94.7017 -51.5575 92.789
3.48659 19.0526 1.17095 -72.9209 -75.7765 33.4061
3.59214 6.92246 8.36369 -76.1867 -155.285 111.013
2.63978 16.1112 -0.591349 -174.875 -8.91389 -27.6816
4.54574 -18.434 0.973594 12.8441 95.7299 57.2888
5.1217 -14.131 -3.14815 69.3296 88.2124 -151.328
3.25512 17.9778 0.573209 -121.316 -55.9417 25.3948
2.92737 17.0956 -1.33292 -159.588 -24.7664 -39.3971
4.11113 16.2231 -0.908242 -63.1762 -61.2897 -39.0647
3.46956 13.9027 -1.70813 -142.419 -3.39355 -116.148
3.44573 29.3628 1.02834 -145.851 -306.013 136.345
3.68523 16.5078 0.735565 -122.176 -35.9366 48.1563
3.41038 14.7241 -0.598279 -157.221 6.31291 -70.8491
3.71397 24.1266 -10.178 -128.274 -108.994 37.6787
6.41676 -12.4655 -1.54598 137.005 100.157 -81.7644
6.07216 -16.8383 -0.0349063 99.9836 97.1186 -5.11461
5.57441 -19.1556 -1.3249 48.2438 105.534 -39.6189
6.27388 -14.8099 1.52696 109.392 100.627 46.2183
6.29911 -16.1921 -2.07119 111.308 74.676 -74.0693
3.25714 14.7682 -1.59045 -193.491 17.8436 -64.1477
3.87349 9.90688 4.87214 -132.802 146.536 -62.2912
6.52628 -12.7289 -5.19516 125.674 34.8981 77.2141
4.36275 18.4907 2.8577 -90.2958 -60.7502 91.255
4.81346 17.1447 -7.37307 -50.3334 -18.0472 -221.814
6.98466 -6.85562 -5.62869 165.306 139.118 -69.1933
7.09824 -12.6082 0.735715 163.125 107.24 14.8271
4.38943 16.0844 1.23395 -111.758 -37.1309 49.758
6.17956 1.31929 2.73181 48.1306 186.153 30.4633
6.85528 -12.5457 1.12642 114.294 73.4068 160.31
4.03681 10.3081 4.44437 -167.523 74.5152 177.221
6.7502 -34.0053 -9.47607 98.0956 127.567 -40.6047
3.92438 16.2619 0.120847 -197.591 21.7107 8.88268
5.26651 18.9193 0.291474 -64.3634 -22.2091 82.9704
5.72946 -9.73435 -6.36726 -25.2108 -45.8201 114.844
4.71507 18.09 -0.624176 -134.815 -41.0426 -29.5053
7.10556 -11.8106 1.99951 101.616 -72.993 -61.2041
6.98771 -12.5843 5.13642 80.708 152.528 39.8332
6.61588 -15.4087 2.56365 38.3733 93.8103 90.7702
4.83357 25.2635 -3.38018 -153.579 -194.547 120.786
7.08033 -14.4724 -0.123989 68.9717 100.514 -21.579
7.84414 -10.8678 2.31302 142.3 125.024 86.6352
4.26368 14.0896 -1.94439 -215.847 -14.5012 -52.0443
7.44064 -12.5853 2.99357 99.5436 104.762 109.09
7.41037 -14.2144 2.80315 82.6739 111.502 100.578
5.47151 15.8344 0.225117 -110.463 -30.1476 -42.0071
5.47453 19.4538 0.847348 -111.731 -113.361 -19.3095
5.35395 20.2415 6.19165 -124.363 -87.2759 -54.1756
7.9228 -12.7675 -0.427175 124.788 110.731 -33.9724
7.34415 -14.9569 0.33168 65.7441 320.357 146.499
5.33691 17.5743 0.0263222 -146.574 -18.5292 -55.023
5.77748 17.8023 5.73348 -115.705 -43.153 -95.1538
5.82937 15.0888 -0.180403 -112.018 88.8352 69.5814
8.00532 -14.6106 -1.77828 102.545 111.839 -93.292
6.04458 14.0319 -2.15178 -98.4682 -53.7363 -86.8376
7.23493 -13.2119 -0.96343 15.9958 15.2039 147.8
6.26091 14.385 2.7357 -81.1364 -35.3501 105.039
6.62201 16.2641 1.40146 -48.2472 -69.222 85.2229
7.29156 -14.3965 -1.69096 16.7938 91.0967 -67.5131
5.86385 15.9645 -1.11092 -145.09 69.8315 -17.4786
8.00759 -17.2764 -0.603263 65.5324 113.037 -46.15
7.28006 -15.7618 0.824178 -11.2276 87.3526 52.0198
7.96773 -18.2953 0.653776 49.5776 113.733 6.18374
6.64908 18.3195 1.1023 -87.2529 -60.6784 25.807
6.93103 14.8096 -2.4543 -61.0405 -26.5409 -101.557
8.69172 -15.5879 -0.0152894 113.363 126.886 -19.7701
7.61716 9.41893 -10.3708 6.4736 -49.371 57.7846
7.87085 -18.7504 -0.53302 27.6563 109.099 -48.2486
5.93919 14.9557 1.32394 -179.637 26.3065 76.0521
9.17024 -10.4169 -3.0889 124.291 132.928 -112.912
7.15934 15.4159 0.31562 -78.3461 -47.618 17.3438
7.17125 15.7632 3.07876 -79.4292 -45.6452 118.423
6.59354 19.885 2.29213 -149.005 -141.615 -48.9469
9.07415 -14.2529 -1.42029 90.6436 121.253 -86.256
9.00526 -14.732 0.585773 81.2779 116.769 -1.60379
9.23104 -14.0383 1.4234 102.252 118.179 34.98
6.82902 17.7994 1.48002 -137.16 -28.6146 67.2688
8.61927 -14.1526 -2.14277 40.2285 105.819 -68.5346
9.16786 -15.8975 -2.40422 86.8881 50.1231 -96.9751
8.48747 -13.5981 2.84927 15.8106 94.8341 114.028
9.18478 -16.6316 -4.77729 85.0047 145.949 23.2612
8.41667 -16.2534 -0.383975 -4.29323 94.4875 8.65803
7.29729 14.3589 -1.6289 -124.994 -3.53 -49.4576
9.66147 -15.5642 -4.34065 101.773 96.3808 -192.053
9.48774 -16.0209 0.54458 77.8654 120.949 -5.45575
9.14015 -15.7893 2.28455 34.2396 138.727 -175.376
7.23517 12.1193 1.62903 -164.099 86.5273 66.804
10.121 -14.8827 0.811701 110.138 134.846 39.1969
9.76578 -10.646 2.70517 71.9481 118.549 129.37
8.42907 8.84279 5.38363 -65.7201 -9.35849 226.544
9.68388 -11.3855 -4.51393 53.1695 112.598 -176.655
7.75259 8.71269 -2.62251 -139.324 167.765 -114.388
10.5046 -13.7212 1.17898 130.081 171.231 52.7185
7.50957 33.1078 -11.834 -175.455 -183.754 123.087
9.18915 -13.9002 -1.47956 -9.07506 94.7739 -39.9586
7.64134 12.6873 -0.834153 -163.486 95.5395 -37.9175
7.98085 11.3073 -2.90661 -137.355 47.5546 -125.897
10.1304 -15.2047 -0.123798 72.8074 129.706 19.4136
8.16859 15.5445 3.41476 -127.286 -9.41753 107.591
10.5594 -8.61105 3.50375 109.107 59.5492 -99.727
8.59609 14.3719 0.121272 -91.3699 -33.2868 25.968
9.54367 -15.6849 -1.1302 0.162475 97.3154 22.2261
8.61356 14.5217 1.2866 -92.2408 -30.0696 18.4608
10.3012 -8.57179 -2.26109 70.6365 119.783 -148.785
7.9746 14.4913 -0.777782 -161.347 33.1933 15.1426
8.42711 10.2146 -4.12274 -127.092 76.7628 -146.514
10.3563 -12.2006 -1.15961 56.948 119.233 -33.1177
9.98094 -11.1283 -9.80947 8.18528 70.3089 15.0795
9.22189 14.2472 0.148112 -70.7869 -47.9258 -30.2491
8.91206 12.1581 -3.48035 -106.723 -3.71484 -164.421
9.1236 13.7507 -2.57324 -91.7381 -25.2397 -74.1473
8.88423 15.9408 2.69853 -116.888 -20.8269 75.5847
8.47282 12.8572 -1.82206 -157.911 75.7319 -80.0355
8.67715 12.2774 -2.97772 -139.711 59.7501 -129.08
9.35028 11.5777 -4.75963 -82.6047 -18.1743 -193.547
10.7063 -5.50234 4.38828 39.2861 128.187 182.459
11.1387 -13.9185 -1.6242 58.9604 109.821 -37.9556
9.94323 11.0232 -3.2106 -62.1877 113.133 37.3351
10.7278 -14.956 -0.0626597 15.0277 127.639 36.7726
10.5619 -11.9896 -9.37772 -2.5222 52.4601 -46.5048
9.08114 15.6754 2.35695 -150.883 9.02939 86.4523
10.6983 -10.3434 3.98968 8.93951 97.176 200.571
11.2987 -16.1773 1.64428 64.6652 13.4516 70.6302
9.49642 12.9895 1.23843 -117.294 6.83357 44.5346
11.4586 -10.0893 -1.15375 76.5531 249.02 -34.3948
9.66844 8.37182 3.8414 -104.03 133.384 159.908
9.12607 13.4458 -2.16135 -169.389 65.0981 -94.6484
9.41723 16.3769 -0.387699 -144.377 3.54062 23.4722
11.3093 -6.50111 -3.46067 33.7029 125.192 -196.101
12.0055 -9.19068 2.73849 98.6636 152.002 57.2231
9.82203 8.99789 -2.24678 -127.543 175.543 -97.1725
10.043 8.34843 -0.486033 -108.67 215.43 -17.3018
9.97997 13.6308 -1.74996 -120.435 9.29011 -82.7804
11.1247 3.18526 3.05258 -9.45866 223.211 126.983
9.98484 14.0754 0.224716 -134.303 13.4487 0.886281
9.95581 10.8448 5.62273 -137.38 76.4887 116.971
10.4814 12.9286 3.2967 -91.8827 -21.7221 149.722
10.0128 11.6178 0.655027 -138.588 78.3074 61.101
10.321 11.4355 -3.43776 -113.589 32.6839 -156.768
11.3716 -17.2813 0.0121551 -18.8691 101.4 21.673
12.5394 -8.49015 -2.548 96.406 164.753 -77.7989
10.7781 12.6659 1.27131 -82.5869 -27.574 45.6252
10.893 7.28671 -4.72108 -77.6517 9.63529 -189.795
11.662 -11.6193 0.430055 -5.44419 50.6772 84.4937
11.5658 -10.7572 0.00828744 -18.7439 227.879 -9.29186
10.4353 11.7844 -0.923432 -132.591 52.4071 -33.8476
10.3531 12.1769 -1.11261 -143.18 80.7513 -32.9254
10.2394 13.8936 0.915686 -163.2 46.7791 35.8565
10.6393 13.1579 -1.65905 -128.197 31.8933 -73.4277
12.2566 -8.07659 -7.35905 30.0574 8.62944 -20.7915
10.6502 11.1051 -1.26895 -130.728 64.3528 -160.573
10.542 15.3157 -1.54677 -147.112 18.2422 -54.989
12.8859 -9.66743 -1.17512 77.1418 155.672 -17.1069
12.2392 -11.3813 1.88045 12.4155 115.415 125.313
12.5557 -9.33221 -1.90774 42.6603 137.15 -32.7061
12.7109 -10.222 -0.737019 54.7234 150.517 0.89935
11.3425 14.0915 -1.12356 -81.9069 -43.7755 28.5426
12.6667 -9.0044 1.39386 39.159 137.058 61.0243
11.0729 11.5715 0.443005 -119.893 32.1644 24.3336
11.6541 3.72294 -5.63848 -62.8658 13.0516 -236.038
13.1467 -5.22463 2.54438 84.3852 191.003 103.572
10.9872 15.2681 0.504964 -136.283 7.62925 32.3151
12.6957 0.721732 0.298366 30.613 226.1 3.72437
11.0164 11.0699 -5.39919 -137.572 65.8737 -88.0101
12.3973 -14.9212 0.871537 -16.8359 59.2855 -73.3609
12.315 -11.0943 -1.74784 -26.374 83.3816 -86.8718
12.5923 -13.1478 -2.08018 -2.85379 104.572 -119.424
13.5545 -7.74806 0.702312 87.3872 179.481 31.609
11.4979 13.5064 1.36459 -129.933 11.9812 54.8233
12.2886 6.14401 0.409907 -53.5257 219.783 26.1439
12.998 -12.1334 4.93003 15.2659 211.916 146.035
11.3729 9.30511 -1.87611 -150.152 -8.75616 -98.4666
13.0146 -3.44182 -3.30908 4.53557 150.762 -137.207
11.88 10.1336 -1.40426 -122.258 82.5469 -47.1724
12.0761 14.6158 -0.375095 -105.116 -26.0236 -25.5189
12.257 6.43727 -0.88279 -88.5507 174.787 -25.7786
12.0234 15.2649 -1.02627 -115.332 -17.0264 -32.3167
13.184 -10.747 0.449954 -2.39684 111.195 6.19398
13.5707 2.08956 -0.447431 34.7169 -27.7629 103.992
11.9798 18.4499 2.06762 -136.721 -162.802 -158.068
13.2689 -15.2373 1.52452 -9.2959 108.281 -17.5736
12.0194 12.9521 -3.02257 -135.718 166.744 -57.0248
13.86 -7.88651 2.43422 45.534 157.347 127.917
12.8184 -0.428562 4.58898 -59.0731 21.2311 192.884
14.0601 -13.7952 -0.630765 64.1045 64.2451 16.3812
14.1931 -11.0183 -4.27807 76.2068 166.91 -147.384
12.669 4.01136 4.25007 -80.4432 126.103 189.929
12.7239 10.4776 -3.02305 -81.4745 -20.4755 -132.73
14.0953 -12.9843 -1.03566 52.3252 106.725 -8.3498
12.724 5.08274 0.841963 -84.5713 171.152 45.2493
13.5469 -4.99431 3.39882 -7.65811 119.654 134.597
12.6311 10.3766 -0.231945 -106.21 24.9608 -16.331
13.5814 -14.0469 0.871377 -16.0916 103.101 90.1028
13.766 -13.7002 -1.61965 0.214235 122.026 -28.0145
13.3916 -2.07575 6.32735 -41.1015 233.565 258.536
12.5709 9.2825 -1.4939 -123.884 110.261 -67.6491
12.8978 -2.64089 4.91617 -92.9327 -7.38568 -53.3691
12.6219 11.2533 -1.4922 -121.154 56.1406 -83.8591
12.5791 14.2839 0.349086 -130.758 15.753 27.3668
12.7879 10.2775 -0.542319 -126.859 64.7037 -9.69739
13.1935 15.4666 0.361847 -86.9854 -59.6564 9.51591
12.921 9.1565 0.665019 -124.291 133.569 26.1143
13.4621 13.0846 -1.15257 -75.2822 -47.4338 -41.7295
14.4478 -12.4518 0.286258 21.3619 264.521 -20.6632
14.1489 -11.9156 -1.95492 -11.3634 111.977 -97.1135
13.2614 12.3604 -0.647007 -107.999 2.58216 -21.2131
13.4433 5.46318 -3.08886 -91.4068 115.129 -163.392
14.5283 -8.35017 0.869378 12.2747 139.454 19.3438
14.703 -9.16733 -1.58285 28.805 150.556 -40.3596
14.5892 -12.2727 -0.449067 15.613 135.577 40.432
14.2015 -0.577682 -3.09293 -24.725 132.008 -129.201
14.2349 11.415 0.679888 -26.779 87.6143 -64.0071
13.4466 9.72288 0.228866 -107.195 36.5267 23.2285
13.8046 5.74006 1.30176 -74.19 196.453 50.2369
14.4175 -8.53552 -2.42776 -15.3847 110.097 -41.0779
13.3574 8.60167 0.329604 -124.092 103.042 11.8076
13.3922 9.17417 -1.48933 -126.177 89.6053 -67.6918
14.0911 -9.02386 2.83 -58.91 53.4811 110.042
14.7634 -8.3474 0.139948 7.61494 142.705 19.8418
13.6709 21.2823 -4.33926 -102.308 135.055 24.407
14.4933 -12.0477 -3.09677 -21.2852 103.231 -75.1205
13.8183 4.99934 -0.68187 -90.3192 163.869 -18.6913
13.4472 9.01646 2.24366 -127.196 81.4559 90.8659
14.0599 4.43114 5.82975 -76.5402 67.966 -115.356
14.473 3.00674 7.45375 -39.1001 60.1604 6.23514
14.0341 13.8856 -1.0155 -83.6933 -43.8985 -35.5414
13.7254 14.3372 0.105844 -117.301 0.749241 18.776
13.3537 11.8977 -0.0252719 -157.395 4.34835 -10.1622
13.87 28.6646 -14.8378 -106.395 -27.5884 97.0039
14.5192 -4.12808 0.496583 -49.1477 7.61645 90.4178
14.1113 9.23297 3.39224 -92.8815 7.98887 157.887
13.8975 11.3923 2.20501 -114.753 31.3728 71.7116
14.9691 -5.13216 1.87874 -10.4377 132.033 83.775
13.8562 6.03365 2.11651 -121.14 76.2344 75.4595
14.7699 -8.30218 1.12723 -32.5899 95.6917 11.0029
15.2539 -6.61119 -1.15218 13.547 150.15 -84.3977
14.7053 0.00887088 4.11895 -48.7635 123.181 171.213
14.2749 6.61083 -2.54147 -93.1003 98.9136 -103.591
14.7751 -10.0081 0.469125 -44.1727 80.6539 86.3301
14.8771 -7.60311 -3.9014 -37.4776 87.3968 10.0099
14.2311 7.76325 2.37437 -102.427 61.5625 98.6211
14.1571 14.6749 -0.824059 -110.076 -22.9646 -38.6248
14.1196 9.19737 -0.0151758 -119.975 79.9257 -5.22623
14.3687 5.90887 -2.02455 -95.7904 67.3577 -81.5906
15.664 -3.69176 -0.693031 26.5486 189.176 -25.5205
15.6004 1.01303 -6.01418 16.7226 318.422 -300.611
15.0651 -1.17016 2.93754 -37.6166 126.606 87.1619
14.9168 -4.93633 2.57734 -52.4257 133.331 58.9924
14.6948 6.9899 3.69694 -80.383 -7.30469 152.562
15.3873 -3.45701 -0.587998 -15.6488 143.596 -28.5917
14.9326 2.09982 1.63553 -61.6455 134.674 67.1052
15.1984 1.83118 3.53786 -36.569 -73.9582 44.6034
15.5242 -7.29506 1.44052 -4.49243 129.522 77.1882
15.3449 -5.85936 1.69991 -22.5692 116.359 76.351
14.7325 3.52712 -3.44738 -87.7349 98.7322 -135.622
15.3654 -6.32783 -2.71575 -25.2541 116.973 -126.744
15.8066 -4.58758 -0.0519708 9.52051 163.626 1.85366
15.1199 -11.8071 -1.77965 -61.4218 178.054 96.7048
15.0284 4.64315 0.00685833 -71.0926 146.433 11.0542
14.4582 12.562 -0.0151936 -132.827 54.1731 -23.908
14.2404 6.25345 3.66016 -157.626 -10.3363 60.0674
15.6889 -2.57189 -1.5068 -19.3016 154.213 -76.075
15.0803 8.98808 0.907196 -83.5064 -20.0561 52.9542
14.818 7.63303 0.092534 -110.031 131.933 8.55208
15.4482 -12.429 0.217114 -48.7619 86.0876 2.50984
16.01 -6.81451 -1.88129 6.716 157.893 -90.341
15.2546 5.76653 1.93368 -77.9712 54.3576 87.8806
15.5277 -9.32955 -0.0908059 -53.0893 75.3572 13.3112
15.4475 -8.41222 -0.867312 -61.1183 58.8887 -56.3806
15.0071 11.3393 0.582853 -106.255 0.52849 17.2643
15.7584 -11.8951 -1.71741 -31.661 105.355 -79.632
14.9432 10.5438 -0.196508 -113.524 32.6071 6.55003
14.8255 -2.07259 3.96854 -130.547 -7.56453 47.565
15.9308 -2.28588 -3.7246 -21.0951 154.863 -133.989
15.0849 11.5581 -0.434214 -105.587 -2.03582 -34.2908
15.3558 3.805 -2.88363 -82.6058 31.9006 -158.192
15.3425 4.71213 -0.889105 -84.4294 147.453 -26.6019
16.2191 -5.51111 0.863847 -0.0819652 111.944 4.55686
15.0583 9.12671 -2.31634 -119.79 59.7866 -103.233
15.4264 -13.3924 5.13809 -85.1844 94.8437 65.0167
15.2313 7.72437 0.535824 -105.775 42.5219 20.3734
16.082 -2.92835 1.48424 -24.3758 147.436 50.6025
16.0983 -5.11049 -3.05666 -29.5704 115.906 -114.222
15.5898 4.43796 -0.973497 -85.3768 134.986 -30.0132
15.7842 0.512035 2.34257 -71.7837 70.25 96.9826
15.6753 6.1755 -2.92317 -82.8421 7.65446 -138.611
15.8857 2.28396 -0.21492 -62.9102 135.786 -14.1885
15.8557 1.24561 -3.86385 -66.2872 91.787 -169.211
16.1016 -1.26462 -1.14102 -43.5718 127.645 -45.9364
16.4685 -5.33957 1.95237 -7.25031 155.992 87.2744
15.7212 -2.19868 -3.77495 -81.6456 99.2442 -103.955
15.7032 4.06675 4.1057 -83.8406 61.302 163.565
16.2652 -1.27999 -2.48306 -30.2948 163.951 -77.4979
16.159 0.126396 1.98661 -49.2065 139.514 80.283
15.6519 2.89 0.776099 -99.6015 65.952 39.6939
15.9647 -2.12194 -2.3891 -69.1193 46.1302 -105.664
15.4782 5.79919 -0.793441 -121.839 187.352 -18.416
15.9919 1.61053 1.3529 -72.2594 75.274 82.9506
16.4361 -8.9323 2.39332 -32.4767 104.131 119.271
15.8739 10.7806 0.642395 -88.3466 -31.5496 3.53905
16.2554 1.56711 1.47634 -53.3401 169.504 70.8569
16.447 3.86607 -2.73096 -47.6818 86.9975 28.963
16.942 -6.28203 0.159158 -3.08904 152.547 -12.9244
16.2854 9.10706 -0.294864 -69.0231 -33.9405 -3.68384
16.5725 -0.638816 -0.452664 -41.7407 166.912 -60.6402
15.9737 13.3388 1.08296 -102.257 105.758 -28.3901
15.9266 8.03416 -0.609485 -107.694 43.7468 -28.3796
16.2808 0.935649 -1.29577 -73.2385 89.7186 -57.6525
16.0241 6.64443 2.67861 -100.065 28.2477 -6.07205
16.3388 -0.171571 2.79071 -74.3126 42.9145 115.931
16.562 3.74092 -1.00254 -56.2143 106.484 -43.5962
16.3837 3.37227 1.53254 -74.9919 88.0435 76.7985
15.8528 9.19702 -0.218525 -128.917 86.2829 -11.8289
16.7968 -7.78699 1.68336 -37.4915 104.999 51.0556
16.6125 -0.854632 0.33976 -61.8212 103.653 10.1463
16.5453 -3.82529 -1.45033 -70.1367 72.4133 -16.1455
16.2056 7.39946 0.585926 -107.447 55.2776 20.3407
16.6954 0.188414 0.835046 -62.8495 114.838 43.9231
16.954 -2.4648 0.657858 -46.3767 127.345 57.6888
16.5828 5.89464 0.308007 -83.7792 44.1527 12.3836
16.9456 -5.66329 1.1486 -51.1191 93.9929 44.6308
16.5107 5.91744 0.934458 -94.6074 44.365 44.6703
16.552 11.2807 0.480627 -91.2185 -30.6366 -4.31934
16.9922 -4.30428 -0.0778809 -51.3132 96.3106 23.5403
17.0886 -0.924413 -1.02319 -42.7756 152.351 -40.7879
16.8965 1.17061 0.819769 -62.7487 157.731 43.3665
16.6832 6.54261 -0.702175 -88.325 6.8207 -45.193
16.6081 7.49262 -3.46308 -97.539 29.9412 -25.6505
17.321 -4.61317 0.449264 -28.3508 137.09 40.1952
16.6114 10.2487 -2.6961 -99.0819 -11.2455 -98.5103
17.0224 -7.34992 2.17121 -58.2783 79.8823 58.7345
16.7287 8.20033 -1.27601 -93.6834 1.06812 -59.3251
16.8683 2.95967 -0.352491 -85.2577 68.3064 -2.81049
17.1317 0.691029 2.55305 -60.4204 -34.629 -17.7581
17.0823 -3.4276 -0.703765 -68.0173 60.9167 -73.9688
17.3306 -2.5845 0.262259 -43.6272 167.248 3.96981
17.4733 -5.27936 -0.680171 -32.6338 137.426 -11.9219
16.926 -5.22624 4.96626 -88.7113 45.7067 107.407
17.5094 -6.99402 -2.0671 -32.0277 123.079 -83.0513
17.0087 2.82232 1.28215 -85.6371 61.9218 48.273
17.4547 -3.94017 2.78785 -42.9683 68.7979 109.258
17.3004 1.19172 0.512736 -58.5331 176.221 6.2042
17.5738 -9.14083 0.480049 -33.0585 238.503 13.6828
17.6868 0.792861 -0.325708 -28.3483 -28.0479 4.44568
17.2952 -5.48008 3.3894 -68.9404 72.943 57.6699
17.5544 -4.7075 1.08381 -51.5801 106.338 32.0127
17.2464 0.452724 1.74144 -83.9192 42.5625 -6.09849
17.018 8.82986 2.08883 -107.72 16.4436 83.4471
17.3797 -2.66032 2.07051 -78.0974 35.8581 83.3963
17.199 7.25427 2.18464 -104.625 104.289 111.336
17.7017 0.308179 -0.29571 -56.0248 67.7446 31.5328
18.2009 -4.40418 0.280595 -7.69282 285.798 -6.44726
17.6685 -7.19796 1.46559 -62.5554 76.6468 71.6144
17.3216 -7.41997 -3.68386 -101.172 27.5441 -16.5165
17.5711 -4.89669 -0.477951 -77.0739 41.2639 11.6472
17.3959 24.0696 -7.84262 -95.1162 -16.5537 -48.8183
17.9123 -3.14804 -1.48988 -44.531 119.922 -33.0138
17.8334 -8.9089 0.391665 -52.8266 91.7891 -5.43329
17.525 10.7616 -3.27839 -83.9924 89.0349 -94.5273
18.091 -3.88289 -0.548703 -28.134 158.592 -45.8568
17.648 -3.75352 -0.629335 -72.6245 61.1181 57.4288
17.7407 -8.8206 0.27571 -69.2856 68.4036 6.55605
17.3902 5.5297 -0.673509 -105.086 85.942 -69.5941
17.5089 -4.296 2.54962 -96.5058 182.839 4.66361
17.5467 5.30813 -1.0292 -99.0269 17.0175 -43.3893
18.1434 -3.99984 2.60306 -41.6353 71.7947 0.0138851
17.8705 -1.24439 2.33557 -69.6225 98.2634 94.5871
17.5722 6.89177 1.9437 -99.8772 70.4554 83.2618
17.6838 4.53198 -1.75711 -89.0523 -33.1037 -51.1581
17.7117 5.02661 0.156181 -87.086 -4.79053 11.8806
17.9835 -7.15257 -0.222344 -60.9039 84.0918 0.0452256
17.7446 2.89345 2.45179 -85.9297 97.1496 80.8043
17.814 0.347343 -0.449162 -80.4985 58.746 -24.8215
17.782 1.9567 1.40666 -86.4397 22.7358 53.3041
18.0537 -4.74213 1.53759 -59.8546 95.209 15.5341
17.9958 -1.8783 -1.95177 -72.6275 72.8537 -87.5875
17.9013 2.71733 -1.82734 -84.8004 54.9021 -64.8041
18.268 -6.98111 -3.29477 -49.6308 104.695 18.1507
17.7036 8.24567 0.776863 -106.14 24.6827 30.2784
18.1828 0.712623 -1.87206 -63.5573 145.948 -70.3767
18.1971 -8.78997 0.405735 -62.9595 79.3601 22.3649
18.3417 -10.5926 0.979398 -59.8133 121.563 24.9223
18.0655 6.07127 1.90798 -102.258 31.7331 86.4865
18.6253 -4.83241 -0.752879 -52.6976 118.939 -46.8305
18.3227 2.67374 -1.11705 -84.3862 51.7981 -34.3653
18.6122 -3.29008 2.40327 -68.5728 83.8148 54.3794
18.5345 3.00922 0.769165 -91.4909 64.7921 25.9395
18.3995 7.92937 -0.521853 -105.612 0.679492 -24.0813
18.5335 5.84135 -1.01803 -98.4147 17.7955 -37.7115
18.8237 0.0615339 0.857696 -82.618 60.2562 33.4273
19.0209 -4.17 3.047 -66.5011 63.7378 -40.6674
19.1395 2.32536 -1.38194 -61.1309 35.6502 46.1124
19.0445 -3.77321 2.74515 -74.3187 69.5649 67.5639
18.8904 3.41124 1.07973 -96.5999 80.5254 59.5058
19.2933 7.41824 -4.61006 -57.8 148.579 -92.0172
19.0933 1.36987 0.550927 -83.3287 116.63 20.3542
19.0294 14.0526 3.50895 -94.0402 119.215 14.0968
18.7092 15.7505 -7.23823 -131.902 -65.9781 39.8124
19.1685 -2.38482 1.28047 -88.4814 23.6099 64.2751
19.3952 -1.89841 -0.48122 -77.0818 83.6516 -25.4747
19.386 3.36998 0.328811 -93.13 77.5135 27.8733
19.6588 -5.81245 -0.255197 -72.0858 80.6442 20.6629
22.8789 13.3036 3.13207 -90.2015 4.65515 -60.4116
23.7907 -1.18873 7.18355 -103.803 118.163 -30.9183
25.4073 -9.51814 5.18083 -76.1407 181.006 -83.2742
28.5706 -10.049 -8.16328 -101.087 31.5251 57.8366
nan nan nan nan nan nan
19.2933 2.61009 1.51527 -105.821 49.4381 74.4884
19.7318 1.39486 1.56716 -90.6193 -2.1644 -35.9309
