-16.6384 10.1239 -2.18479 -9.35767 -241.484 56.5403
-15.1303 9.87476 3.87498 -59.9621 -236.842 21.7064
-13.7746 -1.54896 0.267751 52.2147 -197.538 -9.59448
-13.2547 -1.07425 2.51191 77.165 -223.548 2.94311
-13.4605 1.76121 -1.41389 21.4116 -231.746 -21.9862
-13.6011 1.04279 -1.74625 0.710233 -215.596 -10.8335
-12.6542 -3.41923 8.11386 92.5466 -190.304 14.8035
-12.5825 -3.13518 6.38645 98.1515 -194.323 55.8017
-13.1557 -0.826127 -4.046 31.2834 -195.5 -24.1534
-13.6163 2.38688 -4.53839 -16.0021 -207.258 -28.0187
-11.8952 -6.05582 -5.55934 148.135 -168.866 -30.3866
-11.8026 -4.14867 -1.74878 151.965 -198.15 12.2727
-12.5051 -4.01095 4.28851 82.0615 -183.677 41.0379
-11.1717 -3.15535 -1.41944 212.745 -129.779 5.97738
-13.6024 -13.7264 3.68331 -41.9014 -121.17 28.0518
-12.7854 -3.55449 -13.9667 37.0332 -295.122 -121.66
-10.8475 -2.57806 -3.84922 223.809 -61.4343 -84.8144
-11.6831 -9.27919 4.01767 137.287 -164.71 25.841
-13.7753 4.52534 8.97208 -80.5149 -157.709 59.1189
-12.549 0.970292 1.10632 35.9472 -218.008 11.203
-11.9114 -1.25776 2.02368 96.0828 -217.285 12.5438
-11.5098 -1.46309 1.63581 127.489 -206.396 12.6292
-11.5772 -5.93178 -1.52699 119.262 -166.598 -13.2701
-13.0399 3.41085 -2.12596 -30.613 -200.321 -3.25913
-11.4267 -6.67326 -5.68922 114.072 -167.213 -39.652
-12.1401 4.30967 -26.2617 35.5953 -186.63 -19.7509
-11.6589 1.55336 -3.2695 81.418 -231.378 -11.6228
-10.6543 -4.64232 1.02244 177.636 -152.064 6.81715
-13.8578 12.2781 -3.1122 -144.643 -26.9349 -21.6276
-10.4594 -3.54636 -1.00434 182.238 -162.615 3.54996
-10.5363 -1.49036 5.13882 174.23 -170.604 28.2723
-10.406 -0.65698 -4.55667 179.325 -182.695 13.2009
-10.005 -4.71342 -3.85789 216.201 -128.526 -20.3407
-12.323 3.19806 5.86133 -18.6018 -201.74 28.3104
-9.5742 -2.15282 0.0549287 251.106 -103.598 13.7716
-10.1441 -1.92248 -0.5968 191.955 -161.576 1.93291
-9.89892 -2.62923 2.80534 207.476 -144.217 28.9658
-9.99293 -7.17391 -12.7772 194.959 -95.8919 195.403
-10.2376 -11.233 9.18764 168.387 -157.196 69.6627
-10.5027 2.58366 10.0194 141.469 -99.9799 69.9527
-9.63838 -6.76834 -2.02794 224.841 -114.104 -19.9386
-9.71275 -1.31038 -5.58324 214.681 -146.353 -35.1928
-10.6948 -1.02056 -2.92963 116.738 -192.572 -8.45115
-9.4844 -1.73745 0.778407 230.363 -121.457 19.6979
-12.6537 5.47258 5.06166 -86.2404 -184.926 26.6245
-9.53599 -1.21712 -3.15399 218.849 -139.499 -8.59669
-8.93214 -0.866173 -1.42773 275.639 -34.9089 -6.01457
-10.2839 -10.8137 -1.37123 141.149 -147.289 1.74833
-10.2417 -10.2633 7.28035 142.509 -140.611 61.3734
-9.90788 0.0226856 1.77112 174.43 -183.039 6.36669
-9.85452 -7.01154 -5.96463 178.062 -136.064 -25.7581
-9.61706 -2.17419 -3.10834 193.283 -140.867 -19.4663
-9.21328 -3.39894 1.13394 232.806 -105.596 19.7542
-10.4959 -1.60154 -1.85392 103.659 -182.632 24.4801
-9.53568 1.97863 2.12012 194.644 -190.77 6.86475
-9.15499 -3.6306 -1.50601 227.228 -105.357 2.69352
-9.76385 -2.8684 -6.01616 163.763 -149.776 -33.2485
-9.52834 -0.876172 -0.496171 183.589 -102.143 4.24426
-9.49079 -4.30696 -2.05054 185.952 -169.233 -6.53497
-10.2592 2.02811 0.140638 108.329 -220.026 -13.1283
-9.96669 -5.28377 4.72083 134.64 -148.949 34.4769
-12.0145 1.99192 1.82033 -72.0609 -265.794 -16.5821
-9.74968 -1.8268 -4.65031 152.855 -155.13 -33.5558
-10.7582 2.52621 -1.51812 51.6471 -237.365 -11.1026
-9.72987 -2.44318 6.15436 151.069 -157.777 35.2574
-11.9174 11.9012 -0.0609579 -67.0891 -188.409 7.61506
-9.58563 -4.72927 -3.63346 164.316 -144.836 -12.3531
-8.8368 -1.62582 5.74239 236.99 -94.8243 49.1665
-8.88094 -4.07995 -0.115797 230.732 -85.2473 -4.9495
-10.011 7.23424 -0.757931 116.562 -24.0683 -72.0113
-9.17034 0.873273 6.27717 198.88 -166.211 35.2251
-9.27522 3.81624 3.1585 186.846 -121.214 24.1094
-9.42827 -2.33073 0.515639 170.326 -148.931 8.42915
-8.8168 2.20892 -1.36041 230.497 -152.796 -2.25549
-9.15972 -6.66054 -6.24718 195.287 -115.452 -28.8594
-8.6176 -3.45073 1.30023 247.235 -66.0831 -27.9798
-9.01682 -2.54286 -2.83585 206.547 -115.106 -5.82663
-9.69122 0.207342 5.29292 137.902 -181.85 25.6256
-8.93008 0.915379 0.559861 211.84 -150.589 9.56739
-11.5681 5.68115 3.89672 -50.2607 -224.097 34.2005
-9.86812 2.97693 4.77406 118.138 -223.807 15.7749
-10.1488 1.27062 3.56826 87.7282 -196.269 10.411
-9.1938 -7.69575 -4.50555 181.482 -122.245 -38.9191
-8.4433 -5.70997 -0.662884 253.003 -63.4662 -1.38392
-9.04995 -0.887017 -8.33586 188.962 -144.422 -43.2093
-8.4716 -4.0328 -6.93085 245.856 -52.1741 -41.3476
-8.55672 -5.6462 2.52565 236.596 -65.6663 14.61
-10.6482 -7.28738 0.496565 26.338 -282.308 5.76852
-10.9438 4.97485 4.46355 -4.79615 -238.733 33.8776
-8.40078 -4.9372 -0.509232 247.71 -58.0552 -0.457266
-9.65108 -11.3069 1.99617 122.621 -130.647 23.2551
-8.91402 -5.43376 2.60468 195.461 -107.242 27.4281
-8.55876 -4.23804 -6.47844 226.705 -84.9995 -45.3623
-8.81197 -0.657824 2.66342 199.436 -134.293 29.1742
-8.25625 -5.07982 3.13268 253.996 -29.9691 -65.0864
-8.67318 -6.81861 -0.175673 211.858 -98.513 -5.03449
-8.16856 -6.48142 0.819006 260.844 -33.537 10.9827
-8.86608 -6.456 -6.87288 188.3 -115.798 -54.1905
-8.86255 -7.00292 -9.2282 187.527 -114.851 -48.2505
-9.29409 -1.38011 4.26971 142.769 -157.1 26.9051
-8.52231 -2.89033 -6.26311 218.722 -97.0346 -28.1273
-8.79748 3.48713 -8.2397 189.441 -248.086 107.41
-8.41329 1.63572 -3.90457 225.687 -128.964 -24.5037
-9.11118 0.976861 7.52646 155.648 -179.904 39.3505
-8.07072 -1.91537 1.54403 257.238 35.84 -1.23465
-9.73678 3.37772 -1.64777 91.099 -247.977 2.69974
-9.3639 3.59875 -0.11003 127.184 -227.678 -15.7866
-9.41049 1.2752 -3.59632 121.373 -192.662 -16.6846
-11.4844 7.3236 -6.82344 -86.2486 -185.078 -35.1282
-8.13902 -3.47114 7.33789 245.442 -48.3751 49.4579
-10.308 12.7467 11.3929 27.8414 -161.785 72.4685
-8.23229 -5.08369 -3.18696 230.042 -11.1849 -51.0306
-10.8878 4.21291 9.21123 -34.6866 -199.608 45.0476
-7.93475 -4.73256 -0.116034 254.727 -16.3107 -8.8102
-8.54883 -3.47451 -1.12775 192.685 -91.6618 -50.6928
-7.95347 4.68865 3.8762 251.654 -14.2888 31.8253
-8.26956 -0.662738 -2.04318 218.617 -90.6878 2.53981
-10.252 2.67515 -10.7247 19.5079 -196.608 -70.1846
-8.78639 -1.46327 6.38512 164.531 -137.657 45.5711
-8.06737 -0.399596 1.30786 233.971 -110.9 19.8201
-8.07771 -5.40889 -1.44376 232.787 3.26909 -0.0747249
-8.67626 -6.35436 -4.23289 172.062 -109.826 -36.6411
-11.1202 6.86301 6.01308 -77.4073 -211.942 31.7676
-9.58014 2.25393 1.23177 75.4792 -225.878 19.5981
-8.87946 -5.34037 7.43853 144.967 -332.727 129.324
-8.38822 -6.39913 4.39816 192.91 -150.208 45.9639
-11.2908 7.49853 3.0758 -96.2869 -191.289 12.6956
-8.65578 -6.24706 -5.03063 164.983 -117.236 -28.707
-8.15314 -3.76867 -2.34418 213.405 -88.2017 -16.8067
-7.88266 -4.29789 -4.66707 238.614 -52.8899 -27.0389
-9.26241 2.72336 6.58225 101.398 -190.913 6.58308
-11.0525 7.09938 -2.55489 -76.8059 -203.919 -22.6082
-8.48549 -8.04676 3.90057 176.508 -122.423 3.0578
-8.92551 0.239887 -7.28829 132.292 -172.022 -54.0374
-8.0275 -3.40092 1.63932 221.167 -77.8301 6.44278
-8.33505 -9.65893 0.14388 181.601 -109.906 -2.52509
-10.9119 5.6593 7.39396 -74.7439 -167.95 41.873
-10.6544 4.23045 11.227 -49.8942 -172.657 78.6719
-8.59114 3.96308 -2.98074 154.742 -29.2148 64.6593
-7.55573 -1.51919 8.34012 257.161 -236.006 173.788
-8.38688 -1.11941 -2.52603 173.438 -80.0327 -101.833
-7.69029 -2.49005 6.4465 241.456 -2.70686 33.3563
-7.94133 -1.87318 6.96453 213.765 -88.0663 55.7021
-8.06634 3.99771 3.2262 196.576 -190.535 10.6035
-8.35022 2.86475 -3.24237 159.15 -189.447 -2.59689
-10.5836 -7.06274 1.64769 -63.4047 -27.9421 -104.13
-7.75851 -10.5452 0.294956 216.5 -13.12 0.06303
-8.16099 2.3209 5.56679 176.157 -169.263 21.8267
-7.65166 -6.79256 4.78714 225.788 -52.9952 49.8183
-7.55411 -2.88154 9.19326 231.622 -63.0175 18.6746
-7.46063 -6.88274 -3.02544 237.213 -35.3452 13.6414
-6.78261 -10.4271 -4.37926 300.201 144.783 198.66
-8.41853 4.37046 -2.80622 135.198 -225.444 -33.1106
-7.55464 -2.90675 -1.82657 220.941 -42.2875 -9.14017
-8.88809 3.9388 -2.83716 84.3283 -229.029 -34.3485
-7.8035 -4.08591 -5.50145 189.661 -94.9554 -24.7257
-8.01828 2.64745 1.90485 166.425 -177.749 47.2878
-8.57361 1.70047 8.84641 109.829 -191.634 57.2899
-7.59228 -7.52775 -4.08284 205.764 86.8377 -27.9305
-8.16418 -13.9145 0.399106 147.761 -134.426 -9.61115
-7.54515 3.94706 2.19166 208.369 -163.195 13.6031
-7.64701 -9.00572 -1.76686 197.411 -82.4585 -12.4876
-7.09845 -7.74354 3.16073 247.976 -53.5896 49.9156
-10.2427 19.258 -9.22805 -68.6108 -411.046 54.0582
-7.19572 -6.67971 0.62979 231.246 -35.6826 9.11816
-7.83701 -11.2906 3.69105 166.408 -116.503 20.324
-7.47788 1.03178 -5.76813 196.088 -117.509 -25.0638
-7.07308 -4.84678 0.65601 234.622 -8.31835 2.59597
-8.13049 2.91541 8.71629 127.624 -202.341 56.5506
-7.0474 -7.04071 1.05406 234.366 -24.2441 -7.35841
-8.40681 5.12443 4.95895 97.7959 -240.244 14.0756
-7.15625 -6.66754 0.0468148 220.326 -39.9649 -0.073161
-7.15771 -6.99847 -2.4417 218.812 -63.0828 -7.8337
-6.88883 -4.78872 7.24148 244.51 82.9981 42.154
-7.80536 -10.5332 -6.62573 151.907 -108.648 -45.1327
-8.84618 4.80523 7.90279 48.2734 -235.679 50.6443
-8.2812 -4.72801 -3.59385 101.878 -249.679 -37.8038
-10.3565 3.25117 2.76496 -105.15 -361.56 109.703
-7.93997 -0.468092 7.55963 133.964 66.9362 -59.2558
-6.93085 0.723573 1.36496 231.892 6.03588 62.8096
-8.32452 4.63415 3.16987 86.7749 -241.014 25.1986
-7.3438 -6.69489 9.01676 183.472 -77.4244 59.5484
-9.5112 4.73801 8.96968 -32.8553 -181.533 68.038
-8.26341 4.27993 6.53517 90.4206 -230.673 25.0672
-7.48304 -5.01982 11.5049 166.002 -93.4968 82.4246
-8.75367 2.97382 -11.3294 39.7845 -197.737 -83.699
-7.75457 4.53535 3.42146 135.92 -229.191 20.0282
-7.25 -6.35409 10.2483 185.914 -70.2183 56.4483
-7.83597 2.73734 -0.00562037 125.299 -195.839 -0.380322
-6.76302 -6.2477 6.47032 229.655 -17.7954 39.6467
-6.57321 -6.62102 -3.98673 246.504 4.38589 -21.3878
-8.17498 3.07239 -4.45114 80.9681 -200.419 -26.4819
-7.37274 -12.1015 0.0851114 158.301 -105.895 9.00647
-6.69206 -2.9406 -5.5264 217.966 14.7923 -29.167
-7.14432 -11.5411 2.8494 172.68 -92.7523 20.1548
-8.02994 -4.37056 -14.6788 81.7244 -116.519 -95.8828
-6.95153 3.42265 -1.5334 185.699 -151.391 26.5817
-6.7622 2.85812 7.5429 203.522 -107.348 59.8063
-6.9582 1.6728 3.03342 181.757 -135.968 -7.55429
-6.36086 -5.35237 4.2278 237.493 75.3262 23.1121
-6.24151 -3.61495 4.59721 244.713 15.1376 39.9986
-6.4036 -8.16362 7.46884 228.048 -17.3947 53.7455
-7.94606 3.35683 2.96344 74.701 -204.558 4.38177
-7.084 4.91234 -0.726153 158.431 -243.555 -120.716
-6.24557 -6.36685 -0.803966 240.41 65.6586 -1.58168
-6.45977 -5.01125 0.194941 218.544 102.769 -0.398935
-6.11739 -7.02904 1.33136 249.303 33.2249 5.81841
-6.51923 -8.6178 -6.45838 209.273 -48.6682 -36.4868
-7.03763 -1.10759 13.6384 152.863 -107.692 96.2693
-6.78527 -11.9595 1.16242 177.884 -91.6632 13.5214
-6.37598 -7.15087 2.03611 214.804 81.0685 6.61869
-7.523 4.33286 2.8761 100.289 -217.486 20.3715
-6.58823 -5.47256 3.25299 191.529 -133.461 21.409
-6.5699 4.83399 -4.91417 190.067 -171.243 -40.5723
-6.2647 -7.39436 6.5977 217.121 -26.3601 40.5463
-6.58784 3.47087 -6.1015 177.972 -147.521 -43.3836
-6.5809 -7.59774 7.98753 178.381 -67.8037 53.1955
-8.03709 4.96403 -7.24871 29.2639 -221.545 -45.1514
-6.6948 4.1963 -5.04004 162.331 -179.632 -20.7744
-6.19433 -3.72241 -0.867785 211.54 75.0712 -8.95504
-6.46667 -8.67382 7.95085 182.375 -70.8847 57.1301
-6.25266 -8.34224 -7.48662 202.681 -47.4104 -54.8271
-7.49605 3.51364 -5.24127 75.4757 -199.792 -47.6045
-6.046 -6.33011 -5.83239 217.201 -16.4793 -45.8558
-8.33686 5.48202 -4.19443 -11.2172 -219.885 -25.7783
-5.93754 -5.49281 -3.64299 226.364 68.9919 -26.8011
-8.00084 5.9397 -0.471268 13.8486 -236.709 9.70258
-7.51428 5.13984 0.871102 57.7327 -236.047 5.88663
-5.46076 -9.97001 0.611191 260.741 16.4672 1.16726
-6.92659 7.59274 -6.51374 113.993 63.3826 -0.782863
-5.80835 -9.35339 -3.91629 222.52 -24.9124 -15.8124
-7.78757 -5.10365 2.85684 21.2707 -154.578 -117.364
-5.65124 -5.94827 6.20371 229.095 66.4502 35.8664
-7.12734 3.76913 -11.4797 82.3822 -200.899 -62.0681
-5.30051 1.65344 -3.52626 254.216 -96.9559 -8.42439
-8.93846 8.37424 -9.49416 -110.929 -163.061 -64.4293
-6.02122 -3.909 -12.9219 177.689 -43.9806 -80.2584
-7.72018 3.75405 -13.0294 8.30391 -189.316 -91.5803
-5.74355 -10.7031 -0.904009 204.591 -50.3625 -17.9044
-5.41691 -7.79182 5.98816 236.212 56.9289 34.4174
-5.56254 -0.000336353 -1.11841 221.263 -6.763 -134.909
-5.76879 -9.97686 -4.71969 200.675 -42.6898 -29.4186
-5.4671 -4.42996 2.9887 223.31 111.591 15.8943
-5.15242 -10.0009 2.63865 249.007 27.0121 49.3625
-7.66226 6.42277 -7.47515 -3.16361 -236.782 -46.5792
-5.34536 -9.03948 1.58386 226.356 120.205 27.7823
-7.70404 5.3625 7.06581 -18.8342 -196.805 56.9135
-5.29993 -6.82073 -6.12512 219.896 28.1275 -31.1643
-8.21543 5.96174 10.9237 -72.6763 -161.576 63.7896
-5.67184 -11.689 4.7936 177.549 -72.2288 36.9183
-6.64525 4.57831 -1.65084 74.0683 -163.285 96.4132
-5.31617 -5.82828 7.06747 205.742 22.5104 43.3179
-7.61518 6.1393 -0.664475 -24.8061 -224.421 5.26536
-4.92927 -9.64153 -4.05852 240.351 12.1275 -28.3391
-8.02508 8.49626 -0.294338 -67.6043 -237.134 8.56733
-5.18502 -7.51391 -9.47374 213.991 -7.9707 -56.8879
-7.01671 1.48749 3.45377 30.441 -229.726 -0.887218
-8.41398 8.94359 1.19733 -110.992 -195.563 -2.06621
-5.35042 -11.5353 5.21001 189.351 -56.9674 21.9089
-7.61737 7.20857 3.63318 -40.0727 -237.108 15.3317
-8.68499 11.0073 10.9369 -147.131 -59.6289 62.3638
-5.04473 -20.1459 -12.8871 214.098 212.712 20.2911
-5.18869 6.2758 5.12507 198.786 -51.7502 45.1963
-4.94342 -6.89592 5.80483 220.902 85.0646 48.3366
-5.46709 -12.7107 4.77592 168.008 -78.8434 36.4807
-5.21818 -7.66544 -8.95117 191.041 -19.9534 -51.8054
-5.01808 -5.84194 -6.55697 210.422 68.2625 -41.1253
-7.5692 13.3905 -1.84264 -45.0007 -159.983 -29.5114
-7.18936 6.20889 4.09356 -11.0691 -225.737 39.767
-5.30976 -12.8076 1.8568 175.487 -76.6142 5.63088
-6.78644 5.27945 8.09782 20.8107 -43.9324 -111.282
-5.16649 -4.60279 -6.33762 176.529 124.554 -35.9307
-6.3375 4.99883 -2.282 59.034 -218.632 -16.7723
-6.15623 5.01721 5.72682 75.4036 -211.326 30.2961
-4.79411 -5.95007 -12.079 207.23 55.6868 -80.14
-4.65952 -7.49729 1.15027 219.723 66.4943 -0.480816
-7.57889 7.53609 -1.90416 -73.4579 -198.876 -19.2301
-6.74238 5.64598 5.22884 -2.37265 -210.895 34.1775
-5.80243 -16.6825 3.56554 89.4469 -117.367 23.8651
-4.69516 -12.4884 3.64416 199.338 -50.0154 28.4859
-7.15502 8.30979 0.478157 -53.5236 -255.114 -4.79932
-4.36722 -9.35559 -6.61874 222.905 35.4672 -38.968
-4.52057 -7.17382 7.15413 203.766 42.4713 48.4752
-4.66741 -10.7079 8.38427 182.896 -49.5175 53.9305
-5.45781 5.43962 5.69676 101.208 -210.537 20.5478
-6.53202 5.23166 8.28953 -5.52916 -202.477 38.6191
-4.38231 -7.38819 0.368323 207.855 146.232 15.1873
-7.90283 9.77171 -9.30398 -143.765 -109.451 -58.2635
-4.01635 1.52866 -2.37223 238.928 97.6583 2.84195
-8.19373 8.63898 -3.95455 -187.285 -153.682 -14.7724
-4.15345 -7.20759 -6.18421 206.738 107.217 -44.7334
-4.38062 -1.34858 2.63015 183.808 135.93 -24.6401
-7.25906 8.27123 2.10841 -105.265 -183.843 9.05641
-4.45294 -8.85768 1.47038 173.217 106.427 39.5614
-3.95686 -10.5472 -5.18996 220.377 9.56029 -41.966
-7.12331 -0.952544 -10.9006 -98.2833 -22.6623 36.7309
-4.81431 8.14994 -9.18241 129.349 -231.03 0.937827
-4.0855 -11.6725 5.69807 201.298 -37.6206 39.4169
-7.72117 10.7439 -4.33753 -162.112 -139.085 -26.4484
-5.47139 6.37646 -3.89508 59.7028 -200.219 -24.1909
-4.13483 -6.58678 -7.8123 190.802 102.776 -49.1395
-3.74517 -8.8985 5.47219 229.357 128.274 18.4966
-6.34782 7.34701 0.028672 -29.2706 -242.818 3.2976
-4.54716 -15.7837 3.51576 148.121 -102.292 -30.3245
-3.74628 -9.2335 6.95512 221.06 53.3922 36.6105
-3.87081 -8.63244 6.53745 206.34 35.949 38.4569
-5.32832 9.11979 -10.0117 60.4348 -217.304 -56.1736
-5.26343 7.1518 1.17901 62.3452 -256.171 8.686
-5.28574 7.11964 -2.0518 58.7038 -270.363 -104.524
-3.40108 -9.95278 -1.17403 239.653 72.9479 -5.70167
-3.5545 -23.3756 -6.88969 221.399 85.172 -22.0974
-7.4865 11.9361 0.534461 -171.663 -151.781 4.67833
-3.69343 -11.9896 3.90233 203.474 23.9669 27.4134
-7.18069 10.2705 -1.80854 -143.408 -170.628 -12.3841
-5.27572 7.64404 0.264635 39.9257 -264.83 -2.40472
-3.67329 -7.26888 -1.34617 193.542 131.557 3.24797
-3.62635 -9.08392 -7.2564 194.988 24.8278 -43.4389
-5.29493 5.94486 -7.58925 26.847 -218.767 -36.4363
-4.69994 6.94028 -3.19708 84.8907 -245.168 -22.9461
-3.79808 -9.05238 2.75764 173.344 108.998 -83.6249
-3.78639 -18.2879 -5.945 169.819 -34.1007 -43.1178
-5.08272 -9.14341 -16.3104 38.4901 -85.1038 -100.233
-3.72386 -13.4863 8.90172 170.09 -68.853 57.1748
-5.87343 8.26947 1.66663 -45.6695 -266.304 2.48236
-5.66294 7.04571 1.68403 -25.3762 -232.635 13.7048
-2.87628 -11.551 -3.73544 248.143 533.363 -117.615
-4.32311 5.86902 -3.47319 104.176 -200.132 -37.3325
-3.47811 -7.01019 -8.62133 185.957 100.309 -67.9983
-5.75845 7.18304 5.68585 -43.7551 -228.369 29.2143
-3.58156 -6.69103 -2.00687 169.219 152.5 -20.1852
-3.03929 -6.18345 -5.09302 221.732 159.489 -106.359
-3.58264 -15.188 -1.77165 165.543 -67.4359 -19.047
-3.29719 -10.9209 -9.56784 192.216 -16.4704 -62.3916
-6.3932 14.1954 -7.2372 -118.136 -144.118 -53.8436
-3.15939 -8.09319 3.89792 202.124 130.664 36.919
-3.12188 -9.00671 4.06074 204.582 170.716 17.187
-3.53205 -7.61834 2.58233 161.834 202.493 9.26651
-3.13694 -7.72673 6.57253 201.036 187.493 66.8941
-4.58071 6.96728 0.674358 57.2291 -235.903 50.1369
-4.54376 6.82825 -8.94403 60.5852 -238.271 -55.8312
-2.80471 -13.1141 1.72095 232.558 411.579 -27.5178
-5.55227 7.88428 5.5941 -42.8307 -238.884 28.2489
-3.58287 -7.42485 -4.80855 150.385 131.92 -12.4866
-3.49901 -13.5491 3.63924 157.685 -67.0378 -70.1918
-3.06368 -8.20198 2.15306 199.882 127.634 25.6567
-3.10468 -7.36508 -9.45105 188.977 124.236 -48.7901
-3.46168 -10.5174 15.7911 150.686 115.567 91.9227
-2.87785 -9.75249 0.112775 205.069 156.988 -30.7044
-6.20786 10.1156 -2.90104 -136.17 -191.245 -12.6032
-3.20243 -7.48211 4.61913 159.138 26.7795 -157.571
-5.19951 6.58086 -7.98216 -39.6126 -209.568 -57.2127
-5.20217 7.15334 9.79523 -40.1285 -225.252 55.4572
-4.63541 6.15496 -4.33648 11.9926 -196.404 74.5928
-2.95557 -11.0595 7.70124 178.544 131.735 50.4302
-4.38612 6.44189 -8.42821 35.2743 -226.8 -41.2586
-3.06468 -13.8835 7.86912 160.27 -64.3864 56.4079
-3.33505 -7.84656 -3.57932 129.093 496.348 -165.991
-2.57777 -13.4917 -4.32148 202.128 -39.7279 -24.5874
-2.66986 -14.7971 0.897245 192.898 -49.8631 8.51731
-2.53349 -12.7866 -1.50787 206.216 -21.2515 -11.6475
-3.77532 7.88099 7.16754 76.3706 75.7728 9.13383
-2.46429 -13.1295 -4.34491 203.13 -24.3876 -29.6745
-3.64693 11.5382 3.36313 79.2552 -158.217 28.9388
-5.58934 2.96541 -10.0233 -116.349 -251.961 -72.6568
-2.70521 -21.7544 16.6744 168.455 629.061 -473.854
-5.49721 6.75179 -3.58522 -111.527 -198.868 -23.1684
-2.16267 -1.91045 -1.87672 218.837 25.6044 64.4695
-5.76531 10.1253 -4.01951 -139.532 -146.312 -41.0521
-4.93486 8.50397 6.86921 -58.9127 -215.065 35.967
-5.87483 10.6712 12.0169 -152.794 -55.7636 72.5533
-2.30408 -9.60177 -8.15872 201.24 32.8175 -51.3884
-2.83746 -8.99755 14.1106 144.55 -22.9311 91.9963
-4.45431 7.93788 -5.7815 -16.5652 -256.011 -33.5051
-2.07113 -10.2729 4.12325 217.64 104.188 31.1099
-2.14444 -10.8227 2.6536 210.16 15.9346 19.7165
-2.08706 -14.3789 3.8975 202.638 23.4684 20.1657
-3.36948 2.19154 -2.61903 73.4912 -268.973 -41.1444
-2.86525 9.60054 -1.77558 120.759 67.8775 -58.0968
-4.74429 0.916478 11.6606 -73.2845 -37.482 -54.9929
-2.84474 -8.79947 -3.89819 109.439 259.301 35.0489
-1.9559 -8.90558 0.0531083 196.76 98.2837 -5.27201
-4.72975 8.4863 0.75982 -79.2353 -223.694 10.6685
-1.69874 -10.0257 -4.74564 217.617 24.486 -165.821
-3.35213 -7.77577 -3.61655 51.9119 -10.6503 156.525
-2.09937 -7.73475 5.57044 173.66 140.783 28.2416
-2.68436 -3.36729 -3.22414 115.444 209.541 -21.0243
-5.16066 3.90753 7.65341 -132.324 -503.884 80.2599
-4.71448 6.63062 0.161559 -88.132 -101.042 -154.999
-3.68788 1.92564 0.426764 13.636 -330.803 4.31266
-0.897832 -8.98464 -2.07576 283.682 74.7352 -11.0229
-1.47637 4.18658 0.878825 220.061 65.0065 -27.707
-1.1314 -17.2779 2.08271 253.356 75.183 72.866
-1.59074 -10.1259 4.41079 206.546 140.604 27.2909
-4.96937 9.08233 -7.0737 -130.282 -144.377 -59.8647
-1.43313 -10.7543 -6.53116 212.14 -36.9801 66.1766
-1.55277 -9.78084 -1.5099 198.535 140.216 -13.4563
-1.74259 -14.7705 0.0728902 176.215 -64.8028 -5.27046
-1.6143 -6.89723 1.37291 187.719 163.201 7.72159
-1.50898 -19.0608 -2.14279 195.99 192.856 -34.7349
-1.85793 -10.0554 4.42887 159.673 197.283 0.134011
-5.22748 11.3014 4.76856 -180.306 -135.369 37.0981
-1.0041 -6.96798 11.6135 233.939 133.21 175.013
-4.0821 11.9719 -1.27088 -71.9286 96.2642 -27.9248
-4.29783 7.42579 5.53163 -95.2487 -219.339 54.4811
-4.17815 8.04851 2.16999 -89.2338 -199.601 9.18371
-3.15436 8.39795 2.05363 8.94689 -269.699 24.7387
-1.61458 -16.0906 5.87132 160.941 -74.7951 39.7437
-1.32759 5.24617 1.30216 180.634 -14.5176 -106.794
-1.75444 -13.2126 -3.59212 134.791 118.588 62.5916
-4.63171 6.87563 3.92318 -151.656 -387.772 114.967
-1.05038 -10.3748 3.28629 201.567 149.816 23.8077
-4.03504 14.1823 -6.58432 -98.6438 -123.929 -33.3422
-1.62254 -8.31315 -2.66937 140.61 209.494 -5.07212
-1.8366 -11.07 2.4506 119.219 202.743 18.9834
-1.08464 -10.9547 4.63137 193.643 56.4024 27.6317
-3.60595 7.52359 -5.53943 -63.183 -211.658 -51.2102
-1.01706 -9.2898 3.76729 191.053 102.792 34.7414
-4.20893 14.0852 0.0598408 -128.009 -3.7147 -91.275
-0.889199 -10.2889 4.78287 201.62 162.738 22.7924
-2.37472 7.24216 8.71143 50.9519 -233.884 68.4087
-4.03352 9.10951 1.67958 -114.041 -221.018 11.0471
-3.10726 7.53227 3.5908 -22.3975 -235.891 28.9143
-4.08369 10.4915 -4.85023 -123.364 -319.193 129.128
-0.938803 -4.21812 -2.31588 177.252 162.536 -15.0073
-3.06452 7.77392 1.10307 -35.3686 -230.118 17.0463
-1.49445 -7.67587 -2.43408 115.955 178.186 66.2252
-0.522415 -10.9754 -5.96891 211.741 106.44 -26.2797
-3.3184 9.0064 -3.78011 -69.4072 -254.186 -43.2043
-3.79117 9.15335 2.95105 -119.011 -192.673 24.541
-2.56968 8.24185 3.82911 -4.23293 -262.8 27.7658
-3.0364 8.72483 -4.01995 -51.3241 -257.704 -34.6105
-2.77013 8.71763 -2.5424 -26.0214 -268.354 -24.4301
-1.47798 -8.66527 16.4267 93.8048 -39.0955 100.865
-3.34396 5.88987 5.61593 -92.3793 -199.982 -15.4804
-3.93856 10.753 -2.79478 -152.137 -191.985 -36.9007
-0.982127 -7.28216 1.12114 140.302 142.16 -98.9195
-3.75154 9.94572 -1.92361 -137.952 -212.246 -13.2627
-0.286199 -12.554 -1.19379 199.831 21.4952 -8.73488
-0.350631 -10.0665 -6.80145 189.203 92.8533 -32.8666
-0.39742 -9.18616 8.08216 177.201 139.422 44.8116
-1.13023 -14.5372 -2.81155 103.406 56.0892 18.4754
-0.00303983 -8.83571 -4.98173 215.294 56.7585 -33.0127
-2.29803 8.06369 -5.0059 -17.4289 -252.306 -25.3862
-0.752679 -9.09185 1.8545 133.629 240.799 6.74009
-0.832981 -11.2657 -3.49126 124.518 189.591 -23.8526
-1.42893 -6.4195 3.64677 60.86 -107.707 -65.108
-0.194426 -9.60045 -0.880081 183.308 142.086 -12.4161
-3.96826 12.6496 -1.58731 -193.575 -460.772 202.916
-3.51192 14.1976 -1.63295 -156.536 -116.703 -0.280197
-2.49368 7.54493 2.05069 -65.7104 -234.609 19.0843
-3.57052 12.491 4.49898 -183.209 -66.281 27.8225
-2.68047 8.05581 6.20417 -96.2117 -198.48 39.3327
0.129865 -5.03803 -11.3054 178.409 106.528 -29.112
0.345174 -15.7731 5.09766 198.477 24.4152 -42.5646
0.1824 -9.99209 -0.338366 177.56 184.502 -11.612
-2.78986 8.81038 3.36471 -119.273 -189.139 20.5126
-3.22619 6.00037 -0.975759 -166.601 -297.551 -56.0174
0.473515 -11.3027 6.2894 194.475 126.505 42.6913
-2.79199 9.01504 1.3531 -137.525 -265.019 -99.3604
-1.2908 7.29768 0.599352 10.9596 -233.175 18.6136
-3.26878 13.3298 -2.49336 -186.953 -66.0878 -16.7167
0.957566 -13.1504 0.629906 226.812 78.4447 8.65979
-0.0339719 -10.0995 -3.32191 124.993 115.747 -80.4958
0.174144 -27.8744 -3.96605 142.49 386.85 13.096
0.272907 -8.26961 -7.37844 144.416 148.038 -54.6181
0.832712 -4.64868 -11.179 194.812 38.7333 -71.0155
0.456346 -9.4131 3.66381 156.804 207.638 35.476
-1.70482 7.60085 1.74793 -58.9349 -223.423 16.8343
0.0937738 -8.54236 3.47961 119.062 218.699 6.59477
-2.9376 11.3442 0.25615 -188.936 -126.036 18.0319
-1.6326 9.10857 1.29313 -60.9447 -268.173 -11.8095
0.177595 -24.1218 6.02109 114.817 422.248 -42.4144
-1.60655 11.694 4.87571 -63.1087 -82.6116 134.988
0.964438 -23.5569 1.57895 191.216 45.2702 11.7744
-1.04852 7.87662 -0.424291 -14.4004 -248.15 -10.2964
-1.40789 7.76051 2.10863 -51.5696 -225.496 -3.4688
0.693148 -8.88394 4.90536 154.18 146.13 17.0432
-2.46401 10.3874 4.42353 -161.123 -201.001 29.6551
-0.626098 4.03624 -1.75756 21.2052 -247.918 -4.45643
0.788908 -11.5858 -0.472337 156.997 134.442 -8.07465
-0.345356 -7.79592 5.03158 42.7721 238.393 24.1435
0.207646 -6.53531 -11.6501 97.2176 156.703 -81.0428
-2.06606 7.15735 -0.422814 -130.347 -274.333 -21.5172
0.916792 -14.1004 -2.81366 162.445 70.3837 -25.324
-2.00327 9.00086 -1.99718 -129.472 -181.934 -30.2675
-2.06747 9.64632 -1.04638 -136.09 -210.71 -121.958
-1.71065 9.20515 6.56671 -104.712 -229.462 31.5409
1.24356 -15.9676 9.47842 186.795 172.427 -36.5351
-1.50254 -3.32822 11.2422 -87.4414 -174.145 -11.589
0.0882797 -8.33724 -0.813278 67.4112 235.243 -133.886
-1.4059 8.81123 2.487 -84.1882 -245.21 10.2703
-1.08688 8.37998 2.77462 -57.0115 -229.041 23.5101
-2.58205 12.2788 -6.27655 -206.061 -94.1077 -40.9183
1.22894 -17.2725 -19.5497 172.153 119.23 -0.234932
-2.43029 12.4305 -5.30378 -191.742 -81.0114 -34.6581
-1.84451 14.5859 3.43631 -134.166 -95.1007 48.1681
-0.690986 7.55665 6.82855 -33.3596 -235.431 35.3022
-0.0325818 -0.464858 -0.143465 23.8032 229.052 6.34588
-1.95977 14.3752 -7.59251 -172.005 22.6261 -49.3462
1.15812 -9.31963 -5.07887 137.549 226.593 -26.2894
0.171993 -7.97902 -0.760912 35.7348 248.665 4.40837
0.496456 -4.67948 -0.693529 62.1179 277.766 3.75116
1.14635 -8.36978 -3.38011 124.247 188.563 -29.9109
1.76078 -10.8577 -2.80784 185.228 132.151 -10.901
1.4489 -9.92746 12.7196 146.337 37.54 83.8564
0.766357 -5.57826 1.65604 75.7959 164.113 172.509
1.06926 8.00921 -2.0685 103.42 -0.86372 64.153
-1.70715 9.95845 -8.36986 -173.027 -83.9272 -54.1038
-1.53043 9.37906 -3.6123 -157.81 -149.131 -16.2754
0.211152 4.96372 -4.5887 -0.985737 -255.684 -10.7037
1.59436 -9.00883 -2.44727 135.494 201.857 -24.5755
1.79177 -9.57588 -0.959723 154.266 187.411 5.1728
2.13571 -11.8821 -1.82577 187.852 104.984 -9.20509
2.10696 -17.5425 5.88508 183.911 101.237 40.0645
-1.00867 6.59525 -5.87096 -127.345 -179.214 -35.8161
-1.66606 10.8974 5.98785 -193.281 -154.227 33.4623
2.11239 -6.91261 -2.17531 177.137 186.582 4.48126
-0.492039 7.66793 -2.60132 -84.0849 -206.641 -16.7231
1.97183 -9.17361 10.6865 155.11 135.728 62.4794
1.34282 -7.69339 -8.53468 92.1686 193.237 -61.1532
-1.36401 11.2276 -8.5799 -181.713 -85.7242 -55.4961
2.27996 -15.1172 -7.0109 179.12 69.4402 -65.3304
1.98807 -9.47179 -13.7036 142.934 66.2707 -89.635
-1.5245 11.6406 2.4423 -213.32 -110.881 14.5111
-1.06755 9.86742 7.77251 -168.243 -165.17 36.7221
2.05012 -0.522961 5.57482 139.521 229.101 34.4543
2.67467 -12.0967 -1.23576 196.826 109.363 -5.37245
1.98612 -8.34869 -6.7476 126.363 182.019 -51.1152
2.58592 -11.0064 4.1234 178.329 117.151 32.7335
2.83439 -13.4238 -0.722121 202.632 87.0398 -13.236
-1.10981 11.0839 0.941591 -192.385 -165.052 19.5899
1.43176 -9.11071 -1.88737 59.9618 267.665 -20.9303
2.88546 -13.5161 -5.69287 204.196 66.2989 -26.1153
0.88771 -0.0399511 0 5.65079 1.25522 0
-0.885515 10.7239 -10.2333 -170.756 -53.3122 -55.3978
2.50283 -11.033 10.3818 165.684 84.9887 68.1634
2.61666 -10.0702 -5.75562 174.344 118.274 -30.3197
1.53779 -6.95309 9.44411 65.1249 189.66 57.7242
2.53255 -5.15759 -12.8163 154.109 249.826 -103.753
3.18842 -9.69279 4.08737 206.567 123.743 104.961
1.05406 -7.44741 -1.41966 -7.10507 235.141 0.588971
0.216482 11.4604 4.43479 -96.686 -208.185 52.2582
0.0212093 7.77005 7.19002 -118.018 -170.582 41.965
-0.0329922 9.0949 2.05289 -126.058 -227.665 5.91298
0.631953 10.4917 -16.2459 -82.7142 -187.273 -72.3034
3.0661 -12.6092 -3.09373 155.383 154.999 -9.46528
2.19592 -8.17198 1.60282 65.4446 229.921 15.4311
-0.417403 11.737 3.55905 -194.62 -66.6274 33.9822
-0.393626 11.1294 9.72191 -193.233 -59.9361 20.3963
-0.500725 11.1289 -3.84034 -205.704 -144.418 -20.7975
-0.425561 12.2341 -2.42359 -201.154 -70.716 -10.5468
-0.0596275 9.54813 5.6598 -168.636 -176.817 22.7355
2.39765 -6.17371 -0.266324 72.5502 274.163 5.39703
-0.217016 10.0581 0.194904 -191.481 -134.93 -1.70708
3.06421 -12.549 -9.15701 130.543 113.994 -49.7577
0.0201039 14.9626 -6.46243 -185.316 24.8889 -41.7256
0.714525 8.16137 8.10245 -126.187 -191.525 47.3681
0.761954 7.82932 1.09659 -125.344 -189.287 8.32031
-0.102993 5.74735 -6.2818 -216.221 -100.949 -46.3762
0.327188 8.99703 3.10072 -175.164 -128.233 16.9894
1.9046 -7.75818 -4.14487 -19.5273 245.785 -27.3818
3.67017 -10.2665 -0.500276 155.485 207.865 -12.6682
0.478448 7.90438 -10.7209 -162.153 -126.757 -73.8865
0.170385 10.5241 -2.34478 -194.946 -85.5734 -13.0945
3.52511 -20.8815 -6.64502 133.971 99.393 -34.1747
2.75872 -9.54214 6.19045 45.7977 187.994 48.0283
2.62944 -7.27397 -2.38411 32.615 230.08 -21.4315
0.488552 9.54954 -5.39607 -182.198 -133.153 -37.2226
0.302671 10.7367 -8.09285 -204.202 -69.3045 -3.40066
3.19529 -12.4695 2.63119 82.9338 227.457 -30.4709
3.29154 -9.25243 -2.03146 91.6666 240.031 -15.9895
0.40869 10.6824 -9.05193 -195.903 -70.6766 -93.9301
0.349083 10.5547 1.98785 -203.045 -150.996 16.3519
3.57425 -7.81217 13.866 112.246 135.336 81.8414
4.32176 -5.49683 10.9587 183.175 138.956 61.399
0.530759 10.39 -4.85752 -194.106 -113.271 -31.9253
1.01993 8.13095 1.80012 -149.46 -168.464 -0.86164
1.05281 7.86677 1.408 -148.702 -169.075 16.0486
2.39083 -8.19196 -6.21602 -18.3476 260.886 -40.6262
1.49447 8.503 -6.82467 -111.489 -169.058 -42.5229
3.72554 -9.07095 2.15167 109.019 215.117 25.3873
3.4749 -8.6726 -4.0673 77.3738 247.483 -20.2777
4.88327 -0.888681 0.516398 215.315 181.515 6.95569
2.38775 -5.12928 -10.4002 -37.5844 224.466 -61.5755
4.00491 -6.38875 -0.574284 122.645 389.187 -149.974
1.11964 12.391 10.7306 -168.092 3.22109 67.1909
5.01853 -4.17542 -7.69798 216.595 248.45 -71.8806
3.63476 -15.3162 4.5469 78.5605 221.056 31.5067
3.18092 -7.79894 -3.84271 31.6169 235.953 -35.4607
1.06551 9.28371 -10.3014 -181.127 -95.1375 -69.2269
1.13187 16.569 -1.2079 -175.01 58.083 -6.5503
4.50647 -10.2202 0.957218 159.159 161.774 16.397
3.98881 -9.57428 0.236965 107.068 213.64 -9.32838
1.38518 7.86451 -5.50292 -154.339 -157.367 -23.0593
1.94263 7.28981 5.2889 -99.8129 -212.341 42.4111
3.51569 -7.403 -8.34461 53.5842 222.634 -44.7838
4.88887 -11.9708 2.71346 186.429 103.425 23.4956
4.31972 -8.70149 -9.04748 129.084 154.681 -64.8843
1.0137 9.60428 3.71058 -204.039 -130.09 22.5495
4.00842 0.267244 -2.24641 87.7423 263.775 -16.6477
0.987568 3.96198 -6.70257 -213.483 -296.986 -126.37
3.57216 -8.60426 3.07182 40.7583 258.906 12.4546
1.06519 17.1455 -4.92691 -213.22 -21.3902 -7.06674
4.87009 -11.5337 1.84218 163.188 175.452 35.4256
0.845567 8.14318 -0.536232 -241.292 -118.727 -6.50718
2.52584 -8.8226 1.63085 -75.3524 69.0027 141.546
4.2357 -8.86681 -3.18685 92.62 221.109 -23.1255
4.97271 -7.64538 -0.856662 162.804 216.164 -7.38411
5.28402 -8.08657 -5.0902 189.004 105.319 -36.9793
4.4294 -9.6722 -0.935284 101.302 247.471 -9.11515
3.36644 -23.5692 -1.06057 -6.11052 371.114 26.4768
1.42175 11.1628 2.64369 -203.17 -174.759 -32.1871
3.81265 -6.4575 9.98219 33.6049 193.411 54.5102
2.00291 6.77895 -13.0612 -150.576 -130.45 -80.1997
1.49429 8.55989 0.59812 -204.593 -60.4308 55.1798
2.25261 5.40878 15.1632 -129.918 -96.6242 95.7887
5.58657 -13.5611 -1.24218 197.411 91.8841 -13.8831
4.82444 -8.99799 5.27592 115.994 220.981 46.3277
1.66039 10.9655 -3.34594 -202.835 -48.6328 -17.0503
4.72668 -4.74201 -0.899016 100.869 217.686 -9.28821
5.51394 -9.7876 -3.08509 159.665 196.606 2.21649
2.52146 7.03557 -1.44747 -141.396 -177.546 -21.6524
1.42409 3.63495 5.5069 -250.51 -70.8061 2.57469
2.28175 7.49701 9.84732 -168.315 -146.622 65.978
5.18779 -8.22747 -11.1659 117.178 121.652 -77.1182
5.55584 -9.86211 -4.89965 151.523 139.164 -22.016
3.68282 -7.37955 3.57629 -37.9169 252.17 28.1878
2.10979 9.29241 -2.335 -199.69 -167.378 -11.0241
4.12288 -7.07257 -8.82982 -3.24388 229.98 -57.1361
2.03717 11.8154 -4.45222 -210.979 -21.482 -29.7664
5.73877 -7.62518 5.4752 155.784 -82.5174 67.0951
2.02963 10.1494 -0.856698 -215.179 -61.9832 -0.912308
4.67822 -7.01589 5.92483 45.1791 223.411 31.6479
5.49415 -9.29708 -6.01592 124.714 181.418 -56.6573
2.21066 10.3613 -5.2796 -209.684 -77.6591 -40.5756
5.10848 -8.36542 4.05839 74.9573 218.553 18.3925
2.24946 12.9229 1.77748 -214.83 -4.67699 10.5876
2.66704 8.40042 -1.55403 -193.427 -166.733 -13.1549
2.95442 7.02297 3.17835 -165.16 -147.832 17.3794
5.48154 -7.38733 -6.13171 79.4763 197.208 -34.5029
2.45131 10.1661 6.13802 -222.143 -37.9396 37.5588
2.46679 10.6876 -4.45136 -220.901 -34.1263 -29.8415
5.57012 -9.01535 -3.87183 81.8744 239.897 -32.7856
2.55016 10.9932 0.822937 -219.157 -19.3283 4.49159
3.44122 13.1211 -0.229209 -143.044 -37.3641 57.6756
3.28317 5.34361 -12.8438 -163.049 -68.0722 -78.096
5.02471 -6.62098 3.17392 8.21247 223.21 36.0429
2.98061 8.18401 -0.98912 -199.828 -89.4548 -8.50137
5.04535 -8.06388 2.46485 3.59562 267.026 34.6929
5.52863 -3.90351 -2.99413 48.0306 279.62 -28.7248
5.77299 6.46746 0.112899 69.4316 -7.3185 -95.4411
5.6108 -11.3829 -1.15467 52.7479 223.139 -14.0481
3.36487 7.14403 0.710846 -170.476 -173.191 30.4876
4.27285 -6.02874 3.20751 -81.8938 219.277 26.2072
6.04828 -10.3402 5.9884 88.1345 440.786 -32.4342
2.83663 11.132 -1.23209 -236.226 -92.3465 -15.7615
5.77518 -10.5073 16.0843 52.2336 270.495 -95.8849
3.03319 7.91337 5.26592 -222.292 -10.9247 28.6017
5.71659 -7.79962 2.90469 44.091 240.187 13.5628
3.14226 9.5833 1.03014 -218.398 -146.06 11.4182
3.30885 8.36095 -1.51498 -207.463 -124.633 -7.50877
5.52459 -7.00908 3.60932 9.98054 236.523 39.7566
3.63416 13.2193 -1.9053 -184.248 50.561 -8.13798
3.26803 10.2083 -0.277224 -224.209 -40.8077 -3.32424
3.47323 8.33996 1.33961 -208.821 -75.0726 13.1249
3.38706 9.18795 5.13328 -218.462 -95.5689 25.2019
3.19767 -1.76646 5.07318 -238.463 16.1505 -8.90112
6.0754 -7.43672 6.92553 46.1704 234.796 39.2887
6.01794 -7.46799 -2.68029 28.5654 242.871 -12.6537
7.32191 -6.58872 -8.41115 156.284 147.865 -44.6338
3.83679 -2.13567 0.545171 -193.715 22.079 -85.7852
7.43998 -11.7883 -7.21203 155.67 71.5379 -56.1653
3.79597 17.6734 -4.92031 -212.616 -311.385 216.258
3.87231 21.0716 -1.64139 -207.86 -127.641 60.6063
6.80678 -7.41987 -3.41933 82.4806 203.517 -28.6312
6.50537 -6.96703 -2.43893 51.4801 208.619 -25.268
3.79898 8.59607 -2.52279 -218.001 -165.3 -17.2908
4.14847 12.1317 2.8733 -186.372 61.9875 21.518
5.40202 3.74724 -3.95091 -73.5552 -129.152 144.484
4.30666 5.92898 -8.79664 -184.309 -120.737 -57.4629
4.32283 9.11587 12.5371 -183.062 42.9476 83.0001
4.54555 3.14565 -15.8181 -160.984 -29.3679 -99.5046
3.90246 9.13191 -6.81853 -233.681 -53.493 -45.0495
5.63424 -8.01878 6.91288 -63.3085 145.178 108.247
4.27799 9.52154 -10.4076 -198.276 20.801 -77.203
4.33766 7.2478 0.727273 -192.779 -197.821 2.63632
5.38398 -5.99132 0.186893 -88.896 229.052 9.68922
5.71273 -4.92843 -4.57646 -63.3561 207.814 -27.6614
4.23919 8.31496 6.62142 -213.666 -38.373 41.3856
7.45847 -8.50257 3.1484 104.857 188.437 17.56
7.78515 -9.19483 -7.71554 136.808 121.898 -55.3768
6.17699 -7.35886 -2.90704 -24.865 266.074 -12.8328
4.14605 8.68618 0.203957 -228.332 -86.0742 6.36946
3.96493 10.533 -0.750074 -247.879 -36.5718 -5.64126
7.3635 -5.71327 0.218199 88.0668 225.604 -6.37224
4.07722 13.4367 -1.4695 -239.337 65.449 -4.14967
4.24123 11.825 0.498714 -224.727 9.80777 4.74765
7.89688 -10.2057 3.46046 134.972 180.383 15.1145
6.89282 -7.81407 5.66913 33.743 252.34 40.6724
4.58322 11.7039 -1.4093 -201.385 57.991 -5.4735
5.65386 -4.41008 -3.02736 -99.9761 205.189 -11.478
4.6473 6.55519 10.3282 -206.086 -89.0637 70.437
6.36585 -5.4636 6.34616 -42.0825 219.967 34.224
4.66999 7.3766 -5.51807 -210.654 -15.5588 -33.6236
4.56012 7.57614 1.27044 -224.146 -115.561 5.53566
4.74501 9.4568 -6.9867 -207.904 -1.72606 -42.9865
6.57408 10.3929 3.37573 -31.1263 110.445 -7.64438
4.64608 7.5908 -2.04174 -224.497 -119.506 -18.3905
5.11464 6.28665 -2.90018 -187.733 -165.333 -15.9996
4.73392 7.31587 1.39804 -226.118 -50.6518 8.08626
6.95332 -4.89905 -9.83048 -6.19931 203.179 -68.5654
8.63967 -14.0151 6.24203 160.84 29.0748 16.5559
7.69514 -8.97001 -2.59595 63.3084 167.727 -99.2432
5.4454 15.3238 1.60915 -161.253 83.5149 13.2152
5.06554 7.00062 -2.49265 -199.18 -171.168 -13.281
7.73757 -11.0873 -1.94136 65.1011 220.639 -21.0631
8.44031 -9.38264 11.9758 127.52 68.5651 82.0606
6.45866 -4.20584 7.72504 -76.2356 202.14 46.7881
5.51457 0.799838 12.9137 -170.362 18.5155 81.5029
7.33843 -6.41444 -0.27106 6.343 232.445 -14.9092
6.65359 -6.90687 -2.82092 -62.0461 264.305 -26.6729
5.39847 13.8625 3.43434 -190.507 72.1123 20.1383
6.36202 -5.46832 0.383577 -97.4502 225.124 26.3503
7.50202 -9.56325 1.0502 13.9953 219.957 10.3215
5.44831 6.42389 -2.01484 -194.681 -0.0479359 -136.392
5.3239 7.39454 -9.22693 -209.009 29.6758 -55.0501
5.09878 7.58472 -1.85629 -234.504 -53.0031 -12.6634
7.8913 -10.4896 -3.73148 41.6544 190.315 -19.6863
5.32949 5.29493 2.54551 -226.308 14.3652 18.4928
8.53378 -4.09505 4.82527 88.4706 310.56 120.353
5.29713 7.75153 1.42973 -237.192 -38.8383 7.55238
5.67463 4.28018 10.2589 -203.73 -76.316 63.7774
5.40798 14.2857 -0.730077 -231.366 -65.9448 -29.9711
9.12037 -9.92644 2.02919 133.046 193.439 3.65727
8.43079 -6.68541 5.60936 60.608 218.66 31.2662
8.58205 9.59069 1.53214 70.7546 65.3146 -34.2271
5.5536 5.86732 1.47294 -230.421 -49.1154 -31.4241
5.77158 4.95873 3.31054 -209.75 -105.231 25.9807
6.60622 -6.32232 1.11583 -128.806 244.162 14.3046
8.13845 -5.34792 2.11565 21.8838 213.785 17.56
8.96629 -8.29939 1.48749 102.1 174.025 28.3253
6.90269 -5.30077 -8.62017 -109.646 157.487 64.9013
7.06319 -3.8151 -5.75994 -96.5789 160.565 110.315
5.89896 10.6736 -1.95159 -213.044 49.9981 -8.62159
6.74189 4.4856 -0.469404 -130.707 261.675 -6.27079
5.91626 -4.0684 6.7438 -214.405 200.043 -9.23812
6.92283 13.5292 8.52253 -120.017 116.042 53.3345
6.00107 4.16368 -10.0052 -211.967 -17.658 -75.8392
6.01521 9.8539 -2.18213 -216.204 44.5008 -10.0299
6.37017 -3.27415 7.50851 -183.263 127.85 44.3319
6.17055 6.61738 5.77906 -207.847 -22.7586 38.74
6.05256 5.56468 0.608562 -221.085 -131.207 -4.21064
6.8507 -3.12426 -5.60378 -143.446 168.92 -39.9682
5.82401 6.71896 5.65575 -245.678 -79.3142 34.2024
7.83852 -6.36708 0.751313 -48.4422 262.739 -2.56627
6.16919 5.84069 11.0935 -216.34 -0.759607 66.9243
5.99487 6.24833 -6.82995 -235.771 -112.252 -38.0231
6.20169 4.50258 -9.03071 -215.39 -58.0318 -62.3988
6.37152 10.5756 0.569565 -200.955 50.0244 7.28927
7.79443 -4.01356 -4.92946 -61.3266 215.121 -23.723
9.77172 0.199296 0.155499 134.381 132.635 -14.4451
6.07151 6.51856 -3.61659 -234.71 -56.6585 18.3238
6.29336 3.60875 -7.82648 -215.062 88.5476 -30.6195
6.81472 10.5559 17.4266 -164.256 176.716 107.441
6.1565 6.20711 2.90528 -231.762 -30.9538 20.187
8.23899 -4.49756 -1.18548 -26.4592 214.858 -13.0988
5.71396 7.11369 -2.78399 -279.065 -204.932 100.497
7.83511 -3.4212 -7.4428 -70.6383 253.761 -140.11
8.24966 6.41635 7.70859 -31.305 366.172 94.1412
6.10267 10.1599 7.14496 -245.468 -4.72456 51.7898
7.57934 -1.91931 12.9076 -103.41 170.428 92.7465
6.3572 5.94428 0.0992105 -229.928 -135.711 -7.78873
6.34885 5.51398 -3.8817 -233.376 -83.1152 -26.452
6.20647 8.07404 -4.00545 -247.729 0.689758 -39.4476
7.48575 -5.14537 4.60491 -122.837 152.514 51.8557
6.79063 8.28135 4.51871 -193.686 68.1944 27.9565
7.39299 -6.90363 -3.16936 -137.937 191.998 -57.7493
10.3826 -10.9719 -2.64203 158.3 142.711 -28.9256
6.36084 -3.53204 -3.29672 -244.422 94.1868 26.6616
6.92675 1.24001 3.75793 -195.452 239.236 82.5735
6.36123 6.75114 2.06477 -251.634 -67.8572 12.2166
6.59245 4.70437 -2.77736 -229.343 -62.3396 -22.9095
7.91016 -3.43316 1.83779 -99.6584 237.86 25.122
6.8394 3.93147 6.5165 -209.141 41.5349 40.6199
8.77719 -0.58207 5.45551 -17.6991 230.187 -25.987
7.15419 -2.35899 4.95199 -181.14 47.2692 55.1196
6.75791 6.18108 0.838003 -225.29 -30.8621 5.09587
8.68053 -5.72427 -2.76042 -38.2277 251.859 -24.5577
6.73434 -1.14324 8.79602 -232.082 83.8536 20.7396
6.59386 8.18929 5.54966 -246.122 -23.544 35.5626
6.95335 4.91959 5.14043 -211.581 33.6505 41.3948
6.62033 4.40369 -2.90288 -245.295 -42.9319 -18.3657
9.15287 -6.24625 -0.284654 4.49281 236.783 -3.04824
7.25132 3.52839 4.73106 -187.386 139.226 12.928
7.29772 6.30185 11.4932 -182.787 81.917 71.8805
6.71984 15.1783 -7.71642 -241.15 -257.068 47.6687
7.16037 -2.59056 -3.45911 -198.599 125.198 -28.6696
6.72406 6.48513 1.93578 -243.231 165.641 -22.9582
6.87246 5.46165 -0.37832 -229.193 15.2205 1.73218
7.09574 0.945101 -6.9912 -209.212 52.4024 -45.9238
9.7381 -1.99994 4.01559 53.2218 247.04 29.3171
7.16793 5.52064 -11.221 -206.213 48.3744 -73.155
7.07936 2.0792 7.78331 -216.494 30.3243 48.6535
7.09565 5.20856 -3.80937 -215.186 50.1658 -25.1365
7.07452 6.74513 4.94558 -217.405 24.1427 35.4626
6.94653 5.04388 3.3209 -230.881 12.3739 19.0313
10.0486 -6.52118 -8.87254 73.1081 188.177 -65.3252
6.8006 5.66389 5.6907 -252.749 -40.936 38.0746
9.15906 -3.76419 7.00692 -20.7107 219.537 38.3056
7.63697 5.07663 5.28104 -173.979 9.31608 -72.0434
7.57884 -2.54057 4.72478 -180.444 156.001 52.6789
7.36047 8.46078 -0.868278 -204.271 67.0525 -7.24902
7.31414 4.32829 -0.384593 -212.426 -115.691 0.561667
6.85147 5.31372 -1.57826 -258.397 -80.604 -10.6976
7.1926 2.47684 0.847661 -232.168 23.7082 -21.8616
9.50777 -16.119 -8.38408 -3.69526 432.541 69.8347
8.23748 -3.40833 -7.48882 -130.622 204.02 -58.2424
7.62412 -2.35955 0.6199 -194.073 145.539 9.79019
10.7362 -3.90131 1.92617 113.196 285.706 -62.5692
7.43025 1.15446 -1.79078 -215.824 87.3126 4.07681
10.6367 -7.58712 3.47903 100.245 189.391 24.6007
7.22145 1.3252 -3.78457 -240.056 -68.3662 -16.0969
9.76802 -4.71654 3.37886 8.69415 218.384 15.1609
7.79235 -3.87459 0.272826 -190.379 184.366 -0.548481
8.21936 -4.08211 5.18541 -149.546 212.231 51.0786
7.37432 11.7153 -7.01403 -235.064 -50.7336 -29.4191
7.34053 3.10163 0.711215 -239.033 -54.5729 6.31302
8.10817 12.0777 -2.81886 -163.341 -58.3583 -49.5628
7.98895 -0.594802 -2.08574 -177.03 135.906 46.5454
8.35866 -4.60984 0.116738 -141.827 227.849 -27.2838
10.5617 -5.80419 8.44662 75.4495 169.513 45.816
9.16463 -1.82487 -12.0343 -63.5939 191.349 -71.4657
8.19098 6.36255 -8.66278 -161.633 93.79 -54.399
7.4215 6.89179 5.76231 -238.599 35.0997 28.7327
7.42034 2.46474 3.66094 -239.321 -4.86557 21.108
7.30857 4.79845 -2.60525 -254.974 -47.8647 -14.6999
7.57892 0.0616519 5.64096 -229.655 51.0672 34.3559
8.1674 -0.636245 1.31283 -172.68 148.574 -4.19766
8.107 5.69198 6.41065 -179.044 96.2498 27.9997
8.78286 -1.67811 7.65686 -116.847 193.181 64.2049
9.13568 2.88865 12.2473 -83.2879 141.587 76.6143
9.92429 -11.5937 -1.79706 -4.98417 72.1359 -61.1864
7.58352 4.6152 -4.52879 -239.448 8.77379 -24.4638
7.90002 4.7289 0.74479 -210.976 77.7436 3.2818
8.65478 -1.47147 0.616141 -136.367 183.887 -0.475913
7.90267 5.99498 2.80091 -212.508 74.5276 20.7058
8.24926 -2.561 4.63508 -179.708 -67.9567 -6.47023
8.62748 2.79071 9.14221 -143.579 130.713 54.8642
7.75861 -1.15092 0.277111 -230.929 77.527 12.6399
7.89609 0.831618 -4.24919 -219.903 75.5933 -42.0507
7.74528 3.23384 -1.56769 -235.692 35.5596 -11.9335
8.0958 9.70689 4.60448 -201.679 96.8279 32.0815
7.43589 4.26453 4.81601 -267.672 6.23237 34.1013
10.0414 -3.02413 7.56873 -9.78915 198.396 42.0257
7.66316 5.31502 1.83788 -250.376 12.3743 9.40663
9.25178 2.07063 -12.327 -93.1692 149.803 -95.1789
8.56105 -2.74446 -5.9012 -162.326 191.881 -18.3554
8.04172 8.84119 2.76229 -214.497 93.043 20.4914
8.89632 5.4143 -9.21589 -130.02 135.554 -57.5193
7.63895 6.38682 3.76027 -257.415 18.7393 28.5788
7.99067 0.0798583 5.20409 -222.694 104.581 3.74638
8.15297 7.93307 -2.89571 -206.726 32.6508 -18.776
8.24287 7.21495 5.42598 -197.942 91.59 33.1409
7.88524 4.42753 -2.50014 -243.48 7.1529 -11.4599
8.03726 0.624927 2.51629 -228.754 79.0591 44.6666
10.4057 -4.60039 8.94358 6.01465 177.117 95.2117
8.83886 -2.20952 -6.26511 -152.2 196.353 -44.6697
8.81212 -0.0553218 -3.71584 -157.622 160.55 -2.53036
8.49263 5.6822 -3.10751 -193.603 97.9072 -18.9184
7.86231 15.4488 3.0566 -257.132 -64.2826 -26.4846
8.31729 -1.30989 0.792056 -215.351 -30.1183 -37.9205
9.80544 -2.02844 -2.46471 -67.9522 204.098 -10.1942
11.6213 -8.32539 -4.43755 112.412 157.56 -24.3431
8.35401 -0.810318 4.4475 -212.807 128.315 16.9078
8.51253 7.02042 -0.3378 -199.87 18.3986 47.1989
10.1495 -3.83964 0.308008 -37.9436 228.334 -7.05568
10.5739 -24.3953 -7.68845 3.6983 366.911 -6.1806
8.26964 -2.37612 0.518644 -227.478 135.707 1.54632
9.17567 -2.884 -2.51015 -140.577 221.287 -2.09418
10.7683 -6.69062 0.487844 16.9539 153.353 104.512
8.26866 2.47318 -5.77613 -232.311 67.703 -38.3599
12.0395 -21.958 0.157704 140.798 125.537 -4.28224
8.33879 4.19394 6.3894 -229.029 78.1396 39.0966
9.43367 2.75354 10.7463 -122.706 265.115 46.827
8.93875 1.76589 -8.28611 -173.882 142.56 -56.6191
8.52603 9.80034 0.658461 -215.818 105.138 -1.11089
10.179 -1.02836 8.41329 -51.9293 187.751 58.4754
8.87293 -2.5343 -5.21348 -182.165 191.735 -35.4593
10.5708 -4.01076 -5.95219 -13.563 223.811 -43.9312
10.2963 -4.48407 0.0837033 -45.1476 244.292 -9.19904
8.66882 1.03378 3.04583 -207.256 120.468 17.9717
9.69611 -4.93594 -5.96199 -105.28 88.3064 61.3844
8.14627 6.2054 1.64355 -260.171 17.1558 15.1955
8.68989 2.057 1.15133 -207.861 108.119 16.4681
9.06238 2.04639 5.03414 -171.886 137.362 33.4538
8.30916 3.12075 2.27953 -247.424 39.4867 13.4867
8.56553 -0.874516 4.63604 -222.259 124.608 32.6957
8.23904 -0.380956 4.13767 -254.853 40.0967 29.7019
10.4595 -3.61287 -1.99158 -37.2976 267.179 64.3212
8.89972 8.10586 -3.40077 -197.198 117.652 -35.744
10.5445 -8.0219 -6.55715 -35.8707 195.878 -39.9847
8.91677 4.86783 3.38653 -204.184 109.976 31.6816
8.45231 6.87311 1.40711 -250.653 63.6431 7.91908
10.6741 -3.29147 -5.35423 -32.4126 226.421 -42.9064
11.2745 -3.17977 -5.20834 25.6174 194.106 -38.6313
10.4656 -3.49303 0.909841 -55.0842 241.779 14.1902
11.4929 -6.19172 0.322181 45.848 215.279 1.19039
9.43224 3.33167 5.53264 -159.968 140.364 36.5684
10.4684 0.415605 -9.10998 -58.2759 167.369 -75.9406
9.2061 2.52181 -7.87305 -184.249 129.406 -44.7977
11.5813 -4.21253 -7.85363 46.7702 196.408 -46.3067
10.0169 12.0368 0.388996 -109.399 143.148 -0.570475
8.85966 -0.463775 -0.145714 -224.38 129.1 2.30298
8.92143 3.6677 1.41482 -218.251 41.9508 24.0159
9.44427 5.03788 -1.85283 -167.712 130.938 -13.0243
8.50478 0.818004 -0.793144 -262.034 -15.6996 -39.9411
8.85674 7.93404 -4.84339 -228.184 89.8804 -27.7166
9.28019 7.52761 -5.61414 -186.437 122.235 -26.2118
10.4292 -3.65312 -3.02128 -74.6105 215.392 -8.66599
8.8968 -1.79573 1.41322 -227.932 142.688 10.7419
9.28245 -0.624413 7.68949 -189.637 160.634 54.9397
9.45838 6.16982 -4.89146 -173.227 128.958 -35.2441
9.0505 2.30105 2.35777 -213.786 118.916 10.2335
8.96003 1.7092 1.81762 -224.399 111.861 -5.37585
9.19046 7.17146 -2.76593 -203.163 110.878 -16.6952
9.26626 0.182446 3.73023 -196.662 149.504 16.7825
8.88628 2.09352 4.37939 -235.913 89.4321 11.6362
9.46075 5.58611 3.57451 -180.624 128.09 18.5163
9.52777 6.39346 -9.32805 -176.894 126.467 -51.1295
8.8804 1.04354 5.28088 -244.157 84.8839 16.919
9.17257 -1.23964 -0.0169521 -217.468 152.178 -7.62094
9.30805 6.82766 0.377503 -206.204 137.765 -0.0379852
9.15384 -0.838754 1.92585 -227.315 189.212 6.58038
10.4343 1.01055 4.04701 -103.412 183.292 26.3786
8.97264 3.01169 -1.62242 -249.581 75.0974 -12.0407
9.42431 0.893193 7.44035 -207.033 86.0799 44.2404
10.5394 0.797004 -2.94174 -99.947 186.704 -2.27264
10.8272 -10.0825 4.7047 -72.4473 174.325 30.2138
12.719 -13.3304 -5.98391 109.919 142.14 -32.8001
11.6527 -2.84034 -2.02078 2.08852 204.232 -18.2505
11.3719 -3.30574 2.73551 -26.2877 222.182 8.7375
9.26425 0.481554 -0.0500232 -238.711 85.0606 -58.2218
10.218 1.73659 1.10731 -145.846 180.336 11.7791
10.2996 1.56856 1.56748 -140.341 178.2 3.99113
11.5807 -3.89233 -1.02066 -13.3777 243.818 -13.0057
10.1056 1.76339 4.90424 -161.684 160.802 36.6628
9.6491 4.03358 -2.67928 -212.752 112.018 -6.74893
9.62527 0.703434 -1.26579 -219.783 141.064 45.764
10.5108 -1.24102 1.76757 -138.741 215.716 31.5082
9.40345 0.252203 0.886215 -248.949 113.106 16.3651
11.6339 -5.43571 -12.7059 -31.007 223.268 -83.4879
10.8092 -0.0278772 5.01729 -115.611 -39.8433 73.8064
9.70636 2.86196 -2.89481 -225.477 128.582 -23.4814
9.96494 3.50934 -1.06217 -200.344 145.459 -0.984098
9.61764 3.37025 1.43685 -236.348 -0.0363707 44.826
10.0199 1.63446 -5.62106 -200.309 153.435 -34.161
10.0101 6.1047 1.01894 -201.654 252.224 4.20217
10.7105 5.23025 -0.865552 -133.468 303.392 -16.6828
10.0824 3.93567 2.35354 -195.935 138.425 22.1675
9.95096 1.00664 1.7337 -213.186 88.685 -26.6001
11.2593 0.887878 -0.444705 -93.5028 204.699 8.13278
11.5413 6.01084 -2.52608 -66.1678 268.921 -11.1045
9.89028 12.5328 -7.7723 -235.702 23.085 -14.1351
10.8477 3.27296 -5.08076 -146.911 167.544 -44.4101
10.3261 -0.905722 0.0103845 -199.673 -26.7778 6.28921
10.5933 4.41815 5.76052 -173.173 158.434 38.1453
12.4954 -0.84509 5.96796 14.551 194.328 34.0331
10.7937 2.05258 0.808016 -165.851 130.863 -5.79677
12.4578 -0.140959 -7.82757 -10.9943 194.982 -43.596
11.0099 5.309 0.0601435 -155.242 155.83 1.76534
11.2608 1.59201 -3.11663 -131.122 193.944 -10.6891
11.002 3.53339 -5.86994 -159.188 174.778 -40.9135
10.6061 5.52082 -2.70911 -203.662 145.275 -24.9202
12.3674 -3.01599 2.54381 -30.1352 241.91 17.798
11.5547 2.7918 8.1586 -111.367 185.373 60.2774
13.0632 -2.91269 1.24764 36.0405 200.28 2.35046
13.0991 2.54639 -7.28388 38.6535 162.698 11.4726
11.2407 16.9494 -19.3686 -148.339 201.634 -138.653
13.878 -14.1074 -1.2489 100.328 -77.3776 -7.78372
11.1213 3.61463 -0.554625 -175.243 165.775 -10.2314
12.6066 -2.68917 -2.76457 -35.3027 127.67 -102.21
12.0584 -3.18945 -1.11626 -109.251 203.782 5.02791
11.7853 7.2113 -1.76578 -142.447 163.683 -9.90595
12.5217 1.52053 -1.6567 -80.3668 202.462 0.623491
10.6214 9.09486 -1.00255 -293.927 -132.895 -72.2361
13.0355 1.65032 4.74792 -57.0379 195.145 10.1027
12.637 -5.90051 0.417338 -101.049 183.79 17.3537
10.5332 5.2481 3.20219 -312.302 90.8189 -94.0164
13.0655 6.28413 6.98763 -78.2102 180.568 42.9436
13.2756 2.76847 -5.67276 -63.9991 196.474 -25.7483
13.3441 1.19553 -10.3811 -94.351 223.753 -54.3892
13.4904 4.01524 2.08315 -80.3802 198.693 13.8645
15.637 -2.41659 9.83062 105.317 85.206 60.301
16.0367 0.28215 -2.11814 118.526 106.498 -34.693
16.3384 -16.9555 -7.9057 117.942 150.765 -41.4577
13.0233 2.91478 -0.807127 -310.412 217.802 -108.4
13.8542 -5.07886 -2.4786 -359.356 123.712 121.952
nan nan nan nan nan nan
11.7241 11.6755 -0.142723 -191.177 235.291 -7.1606
13.6421 -0.383029 3.47943 -20.7789 254.259 23.0455
