-25.6718 8.83687 8.71857 -199.306 73.0409 35.8257
-22.3148 6.51351 -6.71761 -151.644 -74.836 -46.0986
-22.1722 15.5925 -7.75848 -187.273 -41.0746 11.2334
-20.9997 -9.48217 -5.17149 -152.853 -130.538 14.1356
-19.9506 -14.6423 7.18249 -82.5833 -102.397 40.1332
-19.1305 0.458393 2.45405 -107.191 -61.0081 -68.8184
-17.9201 -5.05562 0.200314 -21.111 -52.2237 -78.7972
-18.724 -1.12093 -2.86014 -122.471 -11.7517 11.2333
-18.4685 -5.75177 -0.770038 -98.801 -76.2759 22.5539
-18.5917 1.24565 1.09206 -117.335 -88.7504 -23.4752
-18.396 1.35948 2.05583 -110.067 -91.3418 -53.7266
-18.375 -4.55434 -1.88607 -113.263 -221.264 -43.8179
-18.2223 -3.41074 -1.0594 -105.332 -68.8065 37.2387
-17.7244 -2.58597 -0.405829 -57.4633 -150.836 10.7172
-17.2622 -8.47125 -0.467162 -12.8053 -116.877 7.65456
-18.0646 -2.91246 2.7409 -98.0564 -81.1709 -81.3237
-17.9861 -4.83552 0.880142 -91.7657 -96.8085 -29.5116
-18.2109 2.86784 2.13729 -118.647 5.56872 -59.1241
-17.7071 0.0729462 -2.83422 -89.5397 -115.539 57.2035
-17.8922 0.900922 0.678424 -110.393 -76.0228 -26.2729
-17.5615 -5.65538 2.46374 -84.0606 -96.3813 -80.8349
-17.9098 4.57381 0.570729 -121.687 -98.1696 -20.1129
-17.5456 -0.308358 3.72649 -88.0477 -145.404 -102.094
-17.591 -1.66066 2.56075 -95.0786 -117.259 -79.3128
-17.0529 1.15042 -0.622059 -46.4562 25.3256 -72.6242
-17.5317 -3.05895 -1.32257 -95.455 -63.1431 41.4871
-17.4701 6.72883 1.89803 -91.7391 50.8194 47.2546
-17.8316 5.38209 -0.866262 -129.129 -42.8784 23.182
-17.1129 4.72221 -0.301207 -59.0452 -192.09 21.0168
-16.8939 -6.57495 -1.13135 -41.283 -159.571 17.5854
-17.6792 2.83443 0.971644 -119.629 -44.5432 -32.5811
-17.7851 8.09356 1.17353 -135.293 -3.27856 -12.6341
-17.3837 11.8707 -1.63703 -96.9333 -92.3194 -27.7685
-17.2349 -18.3491 3.3882 -96.8668 -217.956 110.563
-17.3982 0.524735 -0.827276 -113.551 -63.3379 35.744
-16.9558 -2.75627 0.544558 -76.496 -111.039 -20.4376
-17.4437 6.07657 1.226 -127.794 -14.6853 -75.521
-16.7087 -3.80079 -3.24326 -56.5277 -130.836 97.4428
-17.1552 -4.88779 -1.16281 -104.042 -19.1636 54.1109
-17.1019 -0.340934 1.521 -106.886 -35.2851 -52.327
-16.7641 -3.77026 -0.911505 -73.6498 -108.694 26.5269
-17.0816 -3.89568 0.453781 -105.743 -44.5443 -10.1592
-17.1106 0.64126 -1.76364 -109.221 -66.0187 64.7364
-16.8521 -8.01351 -2.74054 -86.4767 -89.7429 97.6267
-17.0503 2.53156 2.07269 -106.9 -98.5202 -82.3759
-16.776 -4.03492 1.30052 -87.5704 -93.4475 51.8077
-16.6797 -5.93086 -1.90401 -91.5352 -79.149 55.4706
-16.5386 -4.67667 -2.14659 -78.0653 -204.624 10.36
-16.7975 -3.5958 -2.12546 -106.215 -167.796 100.286
-16.3253 -6.13331 0.456337 -59.998 -124.552 -2.90005
-16.8414 2.55378 -0.858431 -111.525 -46.173 22.3991
-17.0529 6.08757 -4.16597 -133.271 -6.64257 0.545711
-16.5648 -2.19663 1.45289 -88.7779 -88.9154 -41.5162
-16.4706 -3.49711 -2.24412 -80.1464 -84.106 -21.1699
-16.586 5.99646 1.50964 -97.0479 16.6051 -125.812
-16.8538 6.40507 0.845379 -127.854 -29.6974 -62.636
-16.0328 -2.89 -0.238663 -47.4214 -146.202 3.95741
-16.5908 1.70358 -1.56174 -103.606 -35.3747 -12.1941
-15.8874 -2.68491 2.7053 -35.7278 -145.589 -87.7265
-16.433 -9.69291 -0.557001 -91.6446 -85.4603 -1.44248
-16.4995 0.900104 1.37141 -100.081 -72.1428 -47.4672
-16.8828 0.00724592 3.21154 -138.321 -48.229 -20.4306
-15.2677 -7.89965 1.04542 21.1925 -166.904 -34.9074
-15.4711 -7.20621 -3.33662 0.84202 -82.5407 89.7583
-16.1652 -3.60281 0.582665 -68.404 -104.84 -19.9826
-15.8963 -0.758547 2.06187 -44.0551 -113.274 -75.2727
-16.0671 0.73631 0.341156 -61.3495 -169.19 -7.12283
-15.7985 -2.41054 -2.1482 -35.9457 -153.041 63.6126
-16.3905 -4.44671 -1.64731 -95.0095 -67.5026 39.6776
-16.8358 1.68838 -1.03409 -142.221 -179.279 111.182
-16.177 1.04332 1.33061 -76.9274 -75.7295 -36.3726
-16.5979 4.85144 -2.76157 -119.005 -35.1939 82.5454
-16.3789 1.105 0.122833 -99.016 -78.1128 5.41889
-16.5005 5.54377 0.905209 -111.702 16.6964 -3.92858
-16.0494 -8.52861 -1.32183 -67.1424 -108.975 29.1639
-16.0246 -8.2464 0.399794 -65.9112 -108.754 -18.1641
-16.4099 3.65409 2.47468 -109.127 -0.733026 -80.6228
-15.6735 -1.35083 0.323782 -37.1337 -157.372 -11.7633
-16.344 5.65858 3.20329 -115.683 -8.71181 -35.8781
-15.4243 -9.66696 1.05306 -24.8331 -148.002 -23.2994
-15.6174 -10.4227 0.819993 -45.6045 -137.566 -14.7081
-16.3629 5.60322 2.81607 -119.999 -59.7877 -91.3193
-15.6213 -6.8112 1.81822 -49.1078 -131.761 -73.3845
-15.2721 -21.2381 -9.06148 -14.7561 -57.5646 95.5458
-16.1 -2.19015 0.367063 -97.3654 -88.5426 -11.9771
-14.7514 -6.69762 -2.94608 36.3475 -175.987 89.699
-15.253 -1.48039 -0.520029 -15.8661 -245.417 70.4844
-15.3903 -4.4053 -0.0677799 -29.6732 -145.421 12.2569
-16.2521 9.703 0.112156 -119.005 34.3993 -7.41738
-15.3647 -0.296881 0.762748 -32.818 -184.942 -25.4051
-15.5871 -11.8022 -1.24454 -55.0012 -123.494 36.0511
-16.3009 6.45421 -1.99731 -127.408 -113.275 69.2289
-16.2827 10.2042 0.772726 -127.981 26.1141 -20.1921
-15.8012 -9.37174 -0.299497 -87.2594 -80.0151 -8.72095
-16.2378 13.5358 0.47646 -131.658 12.5556 -27.5401
-15.0898 -1.50253 -2.14283 -29.7688 -169.144 63.6251
-14.7198 -10.3007 -1.4993 6.56438 -159.678 54.8952
-15.9106 7.4831 0.283264 -114.999 -0.83719 -74.4606
-16.0287 9.23588 0.164354 -127.439 7.01396 2.09193
-16.0298 8.00877 -0.379336 -128.876 -24.132 -26.0263
-16.1047 9.20853 -1.68857 -139.559 -40.5795 41.3567
-14.9966 -5.52631 -2.91865 -32.2478 -148.5 75.4336
-15.2756 -2.72133 2.98053 -61.288 -119.101 -94.6328
-15.2018 -22.2283 15.4591 -54.9424 -253.82 71.0425
-15.8778 8.91323 2.35296 -123.224 12.8786 -66.2471
-13.4244 -10.9709 -1.06854 116.707 -124.075 56.5472
-15.452 3.21287 -0.724028 -86.7105 -140.881 31.1973
-15.7112 5.41121 -3.02119 -113.637 -11.6797 60.6838
-15.4613 -0.0372834 4.82091 -88.9145 -83.5836 -158.554
-14.6099 -4.92743 -0.266969 -4.92798 -153.847 115.8
-15.5349 1.74714 2.55184 -101.873 -96.4536 -70.6686
-15.3933 -4.13908 -4.49108 -89.3768 -64.6024 129.049
-14.527 -10.7731 1.17581 -5.58877 -151.481 -28.3988
-15.3236 14.3014 -0.64129 -85.2893 58.8041 -96.532
-15.3695 6.34621 -2.21373 -90.6876 -51.3831 111.909
-14.394 -5.02405 -0.761714 5.50207 -175.28 34.6512
-14.5962 -9.27999 1.62428 -15.1024 -137.819 -53.0332
-15.4697 2.17581 3.50395 -101.94 -29.6652 -111.238
-13.862 -32.9317 14.5142 56.2209 -182.364 23.3077
-14.9312 -5.34714 0.94301 -50.3129 -119.566 -19.1317
-15.0588 -1.09169 -2.42192 -67.444 -105.606 78.8663
-15.2263 3.6086 -0.622586 -85.0378 -152.596 27.9024
-14.8345 -8.89317 -0.541687 -47.9565 -120.011 21.6577
-15.376 3.60463 -1.80967 -102.169 -74.3889 54.4394
-15.4207 6.25068 0.286467 -106.959 -16.2654 25.6383
-15.6976 10.0953 3.27076 -138.382 -9.65407 18.2474
-15.59 3.01234 1.72249 -128.305 -52.3629 -20.1762
-14.8613 -9.07127 4.33164 -56.0209 -301.912 23.6658
-15.1489 -1.25128 -5.4556 -86.4959 -59.6346 142.955
-14.5082 -3.44768 -1.22975 -24.3532 -157.061 47.8313
-15.5332 10.8849 -0.545335 -131.897 18.1841 0.220319
-15.4171 7.55133 -0.0775609 -122.64 -139.938 -9.42595
-15.3842 -2.15882 -2.71094 -119.651 18.6568 -11.4453
-14.8618 -0.0958672 -3.09614 -68.5095 -135.334 99.8553
-14.9393 2.14494 -3.96585 -76.7968 -105.731 131.878
-15.3239 6.68315 1.47425 -115.705 -126.247 -39.4691
-14.9909 -7.51491 1.86862 -83.2054 -71.2679 -47.2985
-15.1779 -8.26516 0.039064 -105.287 -62.2768 5.50524
-15.1185 2.4221 2.97686 -100.122 -70.3019 -73.4395
-13.7264 -5.76012 -2.49532 34.2176 -178.119 75.7968
-13.8343 -11.0032 2.41176 23.2768 -156.395 -85.5895
-14.7321 -6.35343 5.07002 -67.1059 -94.0663 -147.593
-15.182 5.35004 1.4897 -113.71 -85.5715 -40.021
-15.2021 9.17869 1.22276 -120.169 11.9708 -63.5952
-13.9264 -4.73296 2.44186 5.40442 -168.153 -50.8314
-14.2818 -11.9489 -0.795606 -30.7749 -133.465 33.3821
-15.2701 8.51527 0.739108 -130.139 -32.5809 -33.7102
-14.8536 -1.60906 2.78877 -88.9092 -94.7624 -82.5863
-14.9443 2.98335 2.92543 -98.4843 -56.1388 -93.1337
-14.0158 -5.02576 -6.74724 -6.42088 -153.074 129.26
-13.5271 -8.98488 1.29095 41.4855 -162.706 -3.61287
-15.0724 5.57645 0.236993 -113.667 -67.4443 -10.6485
-13.7686 -11.7773 1.40443 15.3194 -159.095 -13.4171
-14.9486 3.7522 -3.30632 -102.153 -13.3715 99.9112
-13.9481 -6.09211 -0.943775 -3.0079 -150.852 33.516
-13.8271 -4.25596 1.48778 5.06821 -159.439 -139.063
-14.2892 -6.37666 -0.611171 -43.2371 -117.376 14.1297
-13.3862 -4.68969 -1.20338 46.2306 -190.945 35.6316
-13.8869 -8.07432 -2.29848 -8.16246 -149.014 69.4187
-15.1944 8.02681 -0.490722 -138.702 -57.394 38.3212
-15.2246 6.34844 -1.89819 -143.023 -14.146 -24.8874
-14.5605 -5.44798 4.59331 -81.8003 -61.4733 -146.621
-14.3959 4.18351 -0.395753 -66.1752 -167.316 20.1513
-13.7013 -9.62496 -0.121573 2.54601 -144.328 -2.79411
-14.7338 3.47737 -5.2671 -103.177 -78.86 160.361
-12.9163 -9.65273 2.66834 74.2793 -162.12 -68.1306
-13.1192 -4.70597 2.00387 50.5594 -178.942 -64.3
-13.8064 -6.90408 0.839612 -18.3644 -134.05 -21.9844
-14.8473 7.74201 1.18167 -124.961 -29.1201 -16.4276
-14.7676 2.35938 -1.3519 -117.275 -113.428 41.3833
-14.1743 1.51616 -5.55436 -61.7982 -136.194 148.709
-14.804 8.62261 1.29479 -124.658 -14.4415 -43.5339
-14.5942 4.82239 -0.521212 -105.927 -120.879 12.404
-14.2367 -12.2268 -0.95755 -73.0709 -100.68 35.6314
-13.8321 -11.9054 -0.945789 -38.7311 -120.699 22.2
-14.3599 3.6102 0.523219 -91.7648 -151.193 -8.12929
-14.7859 6.16171 3.18719 -135.469 -12.5302 -106.344
-14.7269 9.87719 -0.00161477 -133.803 -97.3026 -5.40225
-12.3045 -10.8252 0.336301 106.632 -171.251 -7.63457
-14.5835 7.8831 2.27674 -128.197 -69.3383 -48.3694
-13.8493 1.57353 -6.13642 -55.4712 30.6264 -8.05218
-13.2595 1.82455 -3.00439 -0.829206 -214.045 92.3567
-14.4067 6.95649 2.30892 -116.442 -138.625 -65.7973
-13.0057 -6.10084 -3.99587 18.9882 -160.92 122.618
-14.5097 7.95435 -1.20264 -132.111 -102.301 39.5322
-14.189 8.95044 -2.06144 -103.047 37.4373 49.4168
-13.7808 -14.1331 0.190756 -62.636 -104.295 -10.3997
-13.9137 0.0153415 -9.76485 -78.5352 -91.9272 28.4342
-14.276 1.33695 3.37614 -122.4 -100.41 4.97191
-14.5412 10.4107 -1.79098 -152.371 -78.5794 38.6951
-13.9646 17.1212 5.9192 -99.6943 -17.0457 -53.5354
-13.035 -9.49932 -2.67908 -7.52367 -137.045 77.1101
-14.3993 18.0647 0.303647 -143.836 -86.6224 -14.569
-14.1388 6.57443 2.38712 -118.535 -102.98 -77.5499
-14.3057 10.418 -0.0735169 -143.186 -49.7942 15.197
-13.8386 4.90357 2.01352 -97.7412 -118.308 -64.5819
-14.303 10.9832 -2.46068 -143.973 -22.941 80.3386
-13.6152 5.20021 1.45095 -77.8098 -198.164 -49.0871
-12.9567 -6.78005 -4.98335 -15.777 -133.13 147.212
-14.0837 8.44183 -2.56746 -127.933 -115.653 48.5613
-14.2566 -1.91862 0.45003 -148.352 12.8828 -0.130226
-13.8638 10.4065 0.702309 -109.67 34.1908 -8.84229
-11.6219 -9.92028 -1.90508 110.018 -154.154 61.9936
-13.323 4.47071 1.54803 -59.91 -173.426 -41.0546
-14.0443 10.6977 1.2117 -133.177 -2.17397 -53.3313
-13.4175 -11.8114 -1.15326 -73.74 -90.4464 41.4554
-13.1725 3.65631 -0.587848 -52.5439 -189.022 27.2414
-12.3852 -5.97597 -3.89563 23.924 -142.753 119.616
-13.8277 7.02195 -1.36271 -122.097 -81.0273 44.4138
-12.3128 1.66093 -3.55295 27.5421 -205.646 108.506
-13.1749 -8.62155 -4.13723 -62.1677 -85.1976 125.714
-13.9899 9.91598 1.59299 -144.854 -55.9157 -33.6148
-12.5322 -9.14889 1.22467 -5.19397 -129.124 -44.3223
-13.599 13.1803 -0.0384471 -112.066 55.9849 -3.9058
-13.0856 3.09958 5.97537 -62.3955 -130.324 -179.165
-11.9299 -21.2725 -4.01095 45.6806 -86.7359 13.7996
-10.3898 -1.89134 -1.55657 197.886 -175.78 44.473
-12.5188 4.20431 -0.47221 -16.7087 -236.935 17.2661
-12.2204 -3.7832 -3.99367 12.1729 -153.617 146.278
-13.3865 9.97209 0.938834 -104.315 -50.0852 -67.6646
-13.5416 11.4917 3.95346 -133.388 9.40486 -109.878
-12.0411 -11.7892 2.65021 14.7852 -141.687 -111.119
-13.094 9.1382 3.19393 -91.6939 47.2273 -107.319
-12.0662 -12.6236 1.64328 0.360507 -137.152 -80.9264
-13.0572 5.87966 5.1767 -104.966 -89.9413 -164.26
-13.3126 8.76801 -1.89188 -133.346 -107.364 80.2628
-13.6446 16.8694 -0.512765 -168.333 -166.39 2.02146
-12.9399 3.37526 3.95833 -102.907 33.8957 -70.7029
-11.5357 -14.3515 2.13478 34.7896 -149.233 -63.215
-12.0239 0.26668 4.83893 -16.5135 -177.308 -153.36
-13.1563 9.26647 -3.22832 -132.279 -35.7095 112.534
-10.5527 -4.23434 4.49415 123.854 -157.69 -156.327
-12.8888 11.1546 3.78303 -108.982 36.8119 -67.4586
-10.9497 -3.95876 5.22637 83.6235 -152.87 -171.752
-13.0082 13.7114 -2.55238 -127.506 36.8266 74.5023
-11.2106 -8.30875 -0.02482 49.7988 -203.511 23.3671
-12.0365 -10.469 4.74957 -33.1441 -107.712 -140.724
-12.1879 -12.3711 2.1835 -48.6501 -102.738 -10.0833
-12.8342 -4.86985 -0.449407 -118.574 36.4498 -66.3478
-12.7871 6.9034 2.02214 -116.536 -81.172 -91.6559
-12.8961 9.18129 1.3353 -135.913 -79.5639 -51.0978
-10.8647 -27.7254 8.23743 65.8375 -99.5247 -55.8056
-11.6008 -9.04646 -5.31798 -7.32051 -113.484 153.202
-11.2959 -10.6431 -1.17507 21.4396 -134.652 51.6451
-12.6433 9.72247 3.32427 -114.841 8.90886 29.9834
-10.8971 -13.7053 -2.64845 55.9169 -154.439 39.8861
-10.3096 -7.80277 -4.19599 112.671 -140.155 132.971
-11.8087 -10.557 1.2528 -42.761 -100.932 -45.432
-12.1734 1.32714 5.86934 -79.4124 -11.3917 -184.56
-12.426 0.681409 -5.13935 -109.795 -72.6204 -75.7831
-10.282 -12.1786 -0.891382 102.338 -147.471 25.8444
-12.6291 9.06754 -3.68562 -136.861 -91.1221 133.337
-11.6567 -4.85502 -5.62537 -47.4593 -76.6671 183.569
-12.3315 10.6288 -0.29651 -117.382 9.53895 -18.7991
-12.4153 10.2055 -4.07536 -128.423 -24.8536 118.41
-12.3669 9.24511 -2.53605 -135.857 -87.9144 69.8948
-12.2721 9.83437 2.40836 -130.187 -28.8828 -71.9417
-12.5063 11.8719 -0.733686 -159.66 -51.2416 7.90689
-11.5053 -2.09211 -7.16587 -65.5181 -45.1006 226.069
-11.0391 -11.2368 -1.66599 -20.2732 -113.002 78.6805
-12.3597 11.3491 2.74617 -152.099 -62.7616 -82.3227
-10.0005 -10.4392 -2.94906 82.095 -145.322 57.4
-11.7328 12.675 7.7384 -97.9999 -150.541 -249.064
-11.5219 6.02035 0.95026 -78.3959 -219.043 -22.9887
-9.76125 -13.6542 -0.910249 88.4378 -145.315 41.4776
-11.9723 9.38344 -0.937316 -135.639 -71.7104 26.4763
-10.691 -12.03 -0.056391 -15.0321 -116.848 -25.7625
-11.6635 -4.1403 -3.55451 -116.507 -173.004 40.1936
-10.6367 -12.0745 1.1524 -15.5004 -113.069 -20.1019
-10.768 -9.31403 -5.77653 -29.1021 -97.3893 186.674
-9.88158 -15.1573 -0.95458 53.2821 -142.945 27.4884
-11.5411 6.72936 -3.91762 -117.687 -90.7753 123.807
-11.5896 13.7213 -1.33059 -122.985 39.8344 84.3937
-11.8353 9.36936 -0.412403 -154.945 -28.9904 -11.5798
-9.84819 -18.9361 -7.10538 39.5521 -129.781 -19.6535
-9.48298 -36.042 5.76503 73.4633 -57.39 -109.287
-11.5391 11.5107 2.63759 -145.086 -24.7646 -70.0734
-11.4183 10.0529 2.63267 -135.445 -47.2667 -79.0663
-9.33634 -10.3038 -4.30405 70.7319 -130.392 101.051
-9.74339 -15.0483 -8.72929 29.1882 -138.656 14.6175
-11.2523 11.4873 -0.191908 -126.564 1.26081 53.167
-9.60509 -6.76192 3.45651 26.0032 -209.005 -49.0335
-9.17148 -0.224632 -6.53064 59.8566 -201.573 -1.12305
-11.3579 12.5158 -2.94456 -157.905 -50.0528 83.8804
-10.1096 -12.683 -1.55348 -36.4958 -101.199 20.6503
-10.2249 -2.6351 4.12607 -49.6625 -187.875 3.44855
-9.33252 -19.6079 -1.54081 29.1849 -103.225 5.98767
-10.8642 14.0428 -3.21447 -126.93 32.1924 89.5244
-9.26973 -12.9913 -2.17151 28.2889 -129.336 28.4915
-10.6761 15.1734 3.66988 -118.058 59.036 -74.055
-11.0755 11.1653 0.126487 -158.007 -75.5174 -0.855506
-8.83874 -22.8079 9.22504 58.0779 -151.068 69.7851
-8.47139 -10.2703 -3.87371 91.1427 -203.559 103.408
-9.1146 -12.8036 -2.57983 14.0622 -94.9029 83.9099
-10.2437 12.0773 -2.87613 -98.454 45.2023 80.0743
-7.9632 -11.6427 -4.63772 127.587 -120.313 135.675
-7.96616 -13.9666 -0.144341 120.081 -128.556 -17.1401
-8.34123 -18.0194 -5.22795 79.6445 -43.1719 143.223
-8.5264 -13.7592 1.76456 53.9046 -131.549 -42.1584
-7.55384 -25.8604 7.85744 147.897 -47.5814 -39.2466
-9.01965 -16.263 0.429078 0.103768 -130.815 -29.36
-10.248 9.3608 3.9523 -123.881 -39.5537 -130.666
-9.28916 -6.89775 6.89808 -32.615 -77.683 -216.708
-10.5809 14.4767 -9.97739 -161.29 -241.961 276.764
-8.54228 -13.5074 1.47753 39.5749 -126.631 -48.0898
-10.4056 12.9083 0.846042 -146.647 -24.3239 -15.8115
-9.0267 -13.6799 3.41291 -10.5937 -117.35 -115.809
-10.1235 16.2893 -1.95184 -120.028 66.6335 -1.75027
-10.4799 11.9975 -3.19243 -155.662 -46.3472 72.5769
-8.96626 -13.5208 0.598531 -11.27 -112.592 -15.6682
-7.99596 -14.2094 -1.6682 78.3402 -97.2006 51.2374
-9.84792 13.7175 -4.14128 -106.198 99.3533 45.1854
-8.17152 -15.7874 0.79534 57.3873 -131.005 -24.0029
-10.0316 15.8249 -0.157175 -131.716 41.9172 35.9146
-7.55299 -13.13 0.654156 103.571 -118.9 -30.1453
-6.92241 -13.665 0.917373 161.292 -107.864 -43.9782
-10.0114 12.7549 0.29015 -147.8 -21.9257 -22.4193
-9.73188 13.153 -0.0322516 -124.25 21.5944 -8.81849
-10.1578 11.7327 -0.71394 -169.065 -102.717 25.2397
-8.44422 -12.1826 3.02365 -0.648372 -111.689 -102.768
-9.89632 15.4311 2.25961 -150.817 18.3896 -25.2023
-9.33255 18.7362 -0.450053 -96.8597 -63.4252 6.69894
-9.19688 17.4515 1.02677 -94.9126 91.187 -15.926
-9.32207 14.5878 -4.18918 -118.262 49.37 106.996
-7.05308 -1.62429 2.59628 101.649 13.5649 156.097
-6.20756 -13.2157 1.9198 180.825 -78.8541 -72.3555
-9.27704 9.71481 -4.14249 -127.688 -77.0835 131.713
-9.51844 21.7232 -1.1962 -153.659 -73.9594 12.3375
-6.20473 -13.2211 -2.53339 164.092 -105.343 97.5421
-5.80117 -11.271 4.25623 196.892 -65.2194 -128.219
-7.97277 -12.0714 -3.0625 -21.712 -122.174 97.5381
-7.49725 -16.3913 2.27597 24.1737 -132.398 -93.8787
-9.34899 13.8816 -0.773924 -161.528 -22.2152 44.5683
-8.76724 10.8975 3.72378 -107.481 74.0769 -65.7457
-7.06985 -8.82578 -2.40491 57.4539 -203.313 94.1255
-8.5671 8.34248 3.84104 -99.4177 -193.267 -121.803
-6.82769 -15.6722 3.91434 61.2244 -106.905 -78.9995
-8.75215 18.9773 3.38192 -135.356 -38.629 -153.644
-6.89187 -14.1779 2.83242 38.0769 -115.86 -88.6679
-5.57106 -15.1446 2.29057 158.905 -98.8302 -85.9555
-5.52783 -14.5699 -1.62511 157.939 -102.189 36.4949
-6.6196 -14.2917 -1.09123 47.5828 -84.8695 -80.4102
-8.33488 13.8174 4.61629 -126.026 24.5786 -109.384
-6.3197 -7.21031 -11.0899 67.2075 -95.1807 -2.76487
-6.39697 -14.2582 0.663444 59.5294 -115.759 -31.0261
-5.37988 -12.0004 3.01766 155.933 -81.4765 -105.687
-5.19113 -19.012 -1.18115 171.72 -29.2815 -26.0977
-6.91734 -14.8623 3.75208 -3.38042 -164.609 -63.31
-7.13603 -15.1719 3.05001 -28.091 -104.939 -75.5612
-7.82512 11.2528 4.61856 -99.0993 76.3153 123.546
-8.24052 -2.85091 5.29558 -155.019 0.282501 -71.5828
-4.83511 -13.4461 0.544686 170.345 -170.859 0.894571
-4.33456 -16.9174 1.56444 216.343 -142.002 -55.3883
-6.26091 -12.47 -0.796353 21.2461 47.1186 -160.912
-4.9391 -29.3545 3.84095 146.374 -276.786 132.213
-5.22407 -11.5435 4.59613 117.352 -85.7859 -156.134
-5.27813 -14.2077 -1.3815 108.241 -108.424 27.1928
-5.68318 -15.9807 0.765559 67.452 -122.094 -10.842
-7.79831 10.2776 -0.0396813 -143.663 -171.83 -5.56827
-7.13686 14.6685 -0.830111 -81.1999 63.7086 43.2886
-7.37694 12.1887 6.67382 -108.764 27.9637 -184.439
-7.93467 13.2717 4.33675 -165.675 -39.4095 -116.575
-6.02785 -17.5192 0.742118 19.8726 -126.807 -35.5595
-7.50452 6.30399 4.37469 -139.061 70.8923 85.4966
-4.56759 -2.01992 -7.44578 151.268 100.988 -23.883
-6.01779 -14.763 -1.20415 6.79547 -110.333 37.1765
-7.78175 14.5715 0.35649 -172.877 46.2372 15.9886
-6.95406 16.0918 1.88651 -91.3265 78.9106 -5.41207
-4.8606 -16.9423 0.61214 114.643 -122.276 4.23707
-7.10754 17.0091 1.80287 -113.487 49.8243 -26.2257
-5.25744 -2.6792 -3.90072 67.6775 -13.2245 -167.026
-6.88967 11.4775 7.87629 -101.358 55.064 82.7482
-7.36877 13.1177 1.89924 -149.62 -13.9256 -57.8364
-5.91643 -13.3689 -5.22085 -9.28506 -150.685 232.271
-5.15849 6.92278 -2.00176 58.2054 -171.039 18.1049
-7.12051 13.3612 -0.171206 -151.113 -10.8597 42.0902
-6.34486 16.3714 0.693819 -77.3055 86.4062 -2.64616
-4.97585 -18.161 -3.10236 47.2841 -129.626 53.9679
-7.19326 13.1331 1.24289 -181.134 84.9745 -5.92147
-6.63931 10.7246 -6.84616 -132.667 -29.1933 176.124
-3.63001 -16.0178 2.45846 165.395 -81.9531 -55.6628
-5.84709 15.6719 1.88453 -61.3846 86.9132 -45.8235
-3.60111 -12.3414 5.66186 152.32 -61.0431 -160.431
-4.70893 -16.7644 1.37149 35.4931 -108.655 -29.29
-4.53134 -15.1224 -3.68033 51.4172 -108.282 79.1206
-6.65731 14.649 0.580609 -161.396 -12.1075 6.38758
-5.38416 4.91143 10.1325 -36.3654 126.455 -22.9242
-3.03783 -8.70997 2.0179 194.531 196.074 -52.6269
-4.22968 -15.3633 2.59355 70.4467 -122.322 -98.1947
-3.85057 -18.2294 -0.341999 102.233 -119.66 -6.85655
-6.71191 16.0133 -3.92194 -191.232 -16.4545 148.397
-4.52019 -5.87677 9.67274 22.8056 -167.584 -69.3779
-5.93263 10.1392 5.51761 -130.977 -40.9234 -175.037
-4.36542 -19.1614 -0.841204 23.1847 -131.129 -18.5395
-5.43585 14.451 3.37031 -92.6474 60.7771 -110.41
-5.24716 -9.23 10.3264 -77.5188 -54.0012 56.9605
-4.22183 -15.9639 1.20962 24.224 -109.423 -24.9641
-3.24196 -11.4078 -2.11696 108.185 -192.089 26.2823
-4.0824 -16.3636 1.69028 15.3869 -120.588 -39.6366
-3.28486 -19.0302 0.182485 83.9165 -119.116 -23.8426
-3.68116 -18.4134 -2.48816 43.3015 -125.607 57.4252
-2.22849 -14.3232 -0.239406 186.514 -49.3953 30.4134
-2.51367 -14.2698 3.25012 155.705 -60.8709 -131.683
-2.8895 -16.9443 1.10761 108.889 -103.849 -51.9468
-3.14755 -16.3191 2.10693 82.2766 -103.458 -81.2802
-5.71373 14.4908 0.0397703 -179.422 -21.1675 23.7095
-5.03134 18.1468 -10.0468 -112.328 49.6996 106.099
-3.69397 -16.1118 -0.242034 19.9965 -111.713 -30.185
-3.0808 -17.0693 2.03758 79.3289 -113.524 -79.9701
-5.30798 15.4009 -0.628888 -149.462 52.9062 43.2098
-5.71186 14.2284 0.998106 -193.286 -56.8783 -29.7698
-2.37862 -12.975 4.89439 136.011 -68.3323 -128.159
-4.51332 10.3642 7.76535 -80.8121 115.174 -98.6083
-4.5165 14.8549 -1.99258 -81.9354 71.134 65.4092
-5.55784 12.9382 3.09308 -187.198 -89.3995 -99.8688
-2.88643 -16.0961 3.99664 74.3268 -103.024 -140.01
-2.84951 -14.9756 -4.11695 74.2903 -94.7858 114.059
-5.15204 12.4436 2.17557 -155.152 144.793 -67.2369
-4.42001 18.8911 -1.91671 -95.3955 99.611 40.2899
-4.83339 14.5975 -0.73661 -140.516 29.6238 35.2407
-4.3652 15.3804 -1.71181 -111.719 58.0635 70.4722
-4.52342 13.6859 -5.14861 -131.333 26.6734 172.004
-1.18476 -14.8226 -2.01803 194.806 -34.7623 64.8633
-1.36699 -14.4253 2.04277 176.29 -46.3544 -83.7941
-0.71817 -17.2488 4.03913 238.071 -145.581 31.43
-4.70064 19.2591 -0.801917 -165.352 -85.2304 36.1162
-2.11289 -17.3524 0.23603 90.753 -105.847 -0.400665
-2.53961 -16.4424 1.2229 43.7505 -111.919 -15.7354
-1.79716 -16.0396 0.3748 108.902 -88.5104 9.52416
-1.83224 -16.6247 0.985512 80.9636 -101.505 -24.0588
-4.13911 11.9766 -5.46024 -149.975 -5.45831 130.144
-4.5404 14.066 -1.85889 -190.163 -39.0432 81.1031
-2.38893 -16.8233 2.54586 9.79067 -108.825 -97.6147
-1.37012 -14.0659 4.09286 110.191 -77.3134 -100.947
-3.91074 17.2893 1.01798 -149.926 50.6925 -12.9785
-2.68222 16.0457 -4.43618 -34.279 74.0569 148.649
-3.44318 18.7806 -0.181423 -112.312 91.8818 -10.7589
-1.86995 -19.1755 -1.75543 39.565 -125.535 36.3108
-3.68584 13.4307 4.20856 -145.815 15.2647 -120.225
-2.70223 18.0214 2.02731 -52.8126 106.34 -51.095
-4.04303 13.9677 0.73673 -186.707 -23.0462 -67.9141
-2.99244 15.7229 2.46731 -91.2195 78.8279 -90.7148
-1.61164 -16.8562 2.07934 44.4001 -108.478 -51.3005
-0.826964 -15.7169 -1.85672 119.269 -79.0914 59.9477
-0.375149 -17.067 2.43702 156.594 -71.8887 -63.7753
0.0110738 -15.4231 -0.78025 194.636 -15.5526 24.9576
-0.813009 -16.1335 2.85733 102.849 -89.5101 -58.4634
-1.19827 -18.2947 -2.41422 63.6937 -114.341 82.6364
-3.20027 17.4663 -0.657955 -147.474 64.8817 -1.22469
-1.25377 -18.0291 -1.83104 32.8344 -116.13 71.5613
-2.70986 18.004 -1.7652 -124.332 82.6514 39.4304
-0.414704 -14.4722 2.78746 93.4584 -75.4577 -118.512
-0.24875 -16.9232 -3.35463 109.639 -92.6029 106.835
-2.20791 7.93284 -0.537099 -94.1673 -148.401 -48.3297
-2.68524 16.3263 -0.503941 -145.352 55.6132 -4.42827
-1.03342 -17.7324 -0.737956 14.9625 -113.441 6.0416
-0.189467 -15.0733 2.46072 96.4778 -81.4113 -74.7258
-2.63811 19.1064 4.59642 -149.787 52.4815 28.6878
-1.39163 17.5635 -1.9713 -27.3123 111.739 59.2339
-2.21579 26.2187 6.75842 -118.146 -90.7492 -110.036
-2.53577 13.9918 -2.8801 -150.999 115.367 93.7173
-1.3058 18.6427 -2.92501 -34.2668 117.991 88.8337
-1.76106 19.0163 -0.926694 -88.4666 106.084 41.5628
-2.28796 16.191 -3.08564 -152.843 47.7632 76.4947
-1.86911 15.3602 -0.940695 -117.979 64.9888 16.9262
-0.310379 -18.7795 1.99786 36.7603 -118.71 -54.7141
-2.48911 9.12704 -7.32129 -180.506 38.8556 39.2629
0.571593 -13.5347 -6.59073 110.502 -54.2744 186.186
-2.18458 15.9591 -6.01077 -166.574 78.4385 181.58
1.49269 -16.5765 -1.57726 192.684 -25.8805 20.1687
-0.505295 16.8028 0.037993 -15.1046 107.261 20.3173
-2.12007 17.3001 1.2809 -177.068 43.8663 -36.3504
-1.84768 15.8877 0.63317 -162.81 47.955 -39.1202
0.967501 -16.9194 0.692852 114.534 -85.6899 6.77229
-1.45511 15.697 2.76128 -131.128 54.5078 -100.158
1.36585 -14.0597 -5.05311 146.765 -38.8564 153.267
-0.0699134 -18.2799 -0.779267 -3.02451 -71.7789 65.6339
-1.24074 16.4684 -1.84345 -125.655 9.00216 -78.1454
-0.427376 26.4847 1.89134 -48.1922 338.364 15.2543
0.630941 -19.2727 1.77608 45.1657 -120.964 -29.3156
0.844539 -14.0349 5.32451 66.3687 -88.6525 62.2738
2.19992 -13.9907 -1.74002 188.353 11.2508 57.8285
1.85339 -20.2207 0.414194 152.455 103.459 -7.08908
-0.220055 16.4346 -4.11394 -59.0087 101.882 126.19
1.49919 -11.0751 -8.38913 111.504 72.5825 -41.2249
0.964892 -23.6637 0.309822 52.8141 -28.5229 -6.09447
1.96195 -11.5386 5.21849 147.59 -182.88 -162.823
1.4692 -3.12798 -7.93864 97.176 -75.6783 -116.207
-1.44688 18.1914 1.6591 -195.282 6.22419 -49.724
0.406913 0.0896955 0 -12.6868 0.575376 0
-0.423248 14.5233 -4.93465 -99.5215 70.7 140.476
-0.939553 16.0021 -3.16071 -151.31 58.0488 85.0486
0.780397 -16.6625 1.33357 18.5036 -105.113 -8.52246
2.53538 -15.5959 0.804822 179.684 -14.5221 -15.7989
-0.923345 17.4341 -0.933553 -165.761 56.4125 14.5678
2.5114 -13.341 -1.48993 173.831 -62.2175 375.752
2.6124 -21.1266 -8.74567 183.07 50.003 199.511
-0.671081 14.1866 3.02909 -143.724 43.8557 -108.187
2.07037 -15.8372 -3.2518 115.098 -71.6836 103.598
0.272013 19.0824 2.48951 -72.1894 116.176 -35.1712
-0.750249 13.9507 -3.14221 -178.305 2.5869 111.887
-0.327622 5.12751 -4.3832 -142.033 166.119 25.5374
-0.236617 30.9016 4.97224 -136.069 231.93 120.182
1.90546 -15.6356 -2.62923 75.8499 -85.7113 108.497
2.15758 -16.4328 -0.053389 100.499 -21.9575 -49.4266
0.602293 15.9515 2.58818 -71.8805 95.3998 -45.314
1.51542 -17.7269 -0.323998 9.02155 -58.4838 25.138
0.730261 16.9029 2.85517 -79.0288 100.992 -51.5339
0.475292 16.6129 -1.06756 -104.996 92.4711 3.83536
2.82104 -14.1396 -6.02185 125.383 -43.1338 161.881
0.348211 16.9238 -0.218936 -130.966 90.077 4.06455
1.70304 16.3876 0.453635 0.535808 7.32153 2.07156
3.69576 -14.1386 -0.685712 197.27 21.5887 -3.8596
0.295515 26.1816 -0.464694 -151.304 350.173 110.005
0.183487 14.6047 -1.31175 -166.747 41.2426 28.8644
2.51109 -16.2089 -2.97672 62.8694 -92.8474 120.489
0.460761 12.6594 6.83862 -148.889 66.35 -127.706
2.73915 -6.11598 -7.2194 72.8471 130.595 233.112
0.650618 15.6118 1.09465 -139.757 68.1327 -48.3078
2.8413 -18.9265 -0.171287 75.6132 -110.162 -3.79401
1.0233 15.7102 0.74158 -107.314 137.495 -14.9984
3.66396 -16.9763 -0.798841 154.103 -36.8442 21.6921
3.42816 -16.849 3.64674 126.732 -69.4525 -112.942
2.55736 17.7689 0.3132 -2.35683 114.908 10.9017
2.34131 16.4412 -1.54041 -37.5325 104.764 34.0544
2.27151 16.8599 -2.54848 -45.4271 112.294 54.8863
1.58959 15.2809 1.26261 -116.399 77.1544 -30.2241
1.24454 10.953 7.47935 -154.046 96.1922 -6.67575
1.07765 13.9019 2.45254 -178.769 12.6613 -85.3032
2.06147 17.3558 -0.913217 -86.0344 107.578 38.3184
2.4156 13.8199 3.92943 -54.4615 92.9733 -142.688
3.05937 17.0344 1.74219 5.0671 112.258 -71.9324
4.10887 -16.8744 0.423739 107.699 -74.2419 -12.4484
3.70455 -0.78476 11.1889 48.1214 111.242 52.2108
4.20542 -15.6287 -1.20674 90.8634 -72.1731 32.6068
3.63872 -16.7135 4.92016 34.1316 -104.32 -124.462
4.08141 -16.8588 3.58931 65.7181 -100.392 -9.50368
4.18487 -19.3239 -7.48482 75.8115 -102.673 29.0562
2.43449 18.0323 2.92671 -98.539 112.558 -81.0075
2.92673 18.4998 0.900114 -50.9992 123.885 -43.9219
4.25581 -14.3072 -1.74227 78.4712 -91.8334 55.6686
1.8659 13.8792 -2.77933 -161.266 46.0703 74.4195
4.3086 -15.5217 -4.04853 76.4259 -131.141 143.105
5.4825 -15.9982 0.217922 189.903 14.7194 -35.9374
4.32165 -17.0286 -4.02091 65.1991 -98.4098 127.828
3.28493 13.4233 3.45456 -39.344 137.099 -88.4462
4.44548 -18.3084 0.624937 75.5029 -103.092 -16.8464
3.24628 15.9647 2.28175 -66.8142 101.052 -84.693
5.37261 -16.1552 1.40586 137.314 -32.9142 -17.5696
3.17146 17.1628 0.978919 -81.6766 112.316 -41.527
5.83504 -13.154 2.94883 179.19 56.8608 -61.2495
5.79147 -16.5508 -0.841178 167.079 -22.9049 46.7532
3.00347 13.5866 -1.41947 -112.804 150.664 53.3407
4.35041 -7.72533 -4.64788 20.626 91.5496 -52.3763
5.32171 -14.6265 0.322179 113.928 -48.6347 -42.3946
3.32129 16.7781 2.83138 -86.8052 107.107 -98.9908
3.45279 19.9957 -2.06403 -78.9754 56.6771 42.7626
5.37846 -14.285 -3.42146 107.491 -50.8646 74.8645
5.28024 -11.6698 6.89363 95.3113 -65.9937 23.9055
3.84427 15.9081 -3.22871 -50.1537 106.589 119.282
5.37721 -15.1059 2.18445 88.3172 -72.4147 -81.8634
2.6169 14.3217 0.171823 -186.832 42.2664 -17.8471
4.29451 19.1251 -1.5031 -20.3136 131.158 26.9475
4.44604 19.8608 0.266373 -6.92286 67.7759 9.9355
3.75424 19.3235 -6.81366 -82.4913 151.151 -230.449
5.76946 -14.3312 -1.90781 117.222 -44.5522 63.6193
3.79056 15.9326 -1.00853 -80.1374 163.543 16.4825
3.70246 14.9065 -1.81508 -92.9427 100.309 34.8276
5.82399 -8.34979 -6.9034 115.149 62.203 209.776
2.80397 11.6487 0.799589 -187.338 -35.9639 104.267
6.0078 -16.3757 -2.46596 127.437 -57.0342 40.4999
6.58482 -13.6264 1.08292 181.354 48.3738 -116.068
5.24852 -19.2389 -2.95158 48.4326 -32.1474 37.3586
6.24738 -14.0395 0.755344 145.488 -18.7564 -51.032
4.82359 16.8075 -9.58206 -1.06632 119.995 11.2469
5.8737 -14.3635 -4.47458 102.234 -54.524 164.095
4.66424 13.55 4.15782 -21.8157 100.054 -134.978
5.45336 5.44465 0.674479 54.2486 -112.557 -102.542
3.31405 15.3853 0.086115 -164.331 89.2338 -4.60699
6.1845 -17.2312 1.81225 119.379 -67.0199 -45.2878
4.68904 16.4272 1.1088 -31.2327 117.615 -22.8915
3.3803 14.0408 -3.33624 -165.594 60.856 112.252
6.48977 -17.7331 0.188354 139.601 -49.0604 23.5878
6.84001 -15.5506 0.903436 170.735 17.3638 -28.9226
5.66013 -11.2869 2.08042 52.4198 -165.577 -48.0425
6.98607 -13.9132 4.01133 180.344 44.2972 -91.2282
3.83653 17.6701 2.1094 -139.198 29.3414 -57.3782
6.44553 -16.4924 1.81268 118.515 -61.9206 -93.4462
6.06027 -17.5217 -1.65116 67.5051 -100.033 45.6837
5.42551 11.7261 12.348 -10.7452 80.3055 -23.1941
5.19804 19.5986 0.385385 -34.0989 89.1481 3.82691
6.38305 -8.44649 1.71799 83.2953 238.387 -50.9538
4.3612 15.6258 2.25352 -120.469 96.3085 -80.1797
4.55226 11.9748 -7.10853 -109.934 128.853 36.8586
6.97283 -17.1747 1.02161 120.589 -74.0335 -70.9224
4.68065 15.7545 -1.51275 -110.536 159.306 27.7197
4.98477 -0.504747 -6.82857 -82.4097 -92.5719 -1.8945
7.38626 -13.0721 1.74615 150.501 22.3847 26.6015
7.22803 -13.6521 0.49026 132.843 -39.5296 -94.174
5.54632 17.6823 -1.46277 -49.5004 124.83 58.1446
7.15378 -15.5487 1.466 107.949 -62.6395 -41.098
7.26525 -17.8786 -2.7154 118.803 66.9291 51.3183
5.37819 15.6132 1.32786 -72.8843 120.349 -58.0226
5.6317 15.772 2.26762 -51.7845 219.824 -64.975
7.72105 -15.7372 -0.938935 147.127 -29.6656 -2.05092
5.08763 4.70135 -2.4445 -122.604 -137.054 -22.0252
5.94333 16.2383 -2.17254 -45.4828 179.106 -37.7418
7.22555 -15.0482 1.48686 78.398 -78.4572 -81.4617
8.1286 -11.9838 -2.85376 163.852 95.0071 81.2979
5.70262 14.0888 -2.48663 -78.2097 106.29 87.6452
6.70751 -2.82264 7.26502 21.4243 123.887 -234.774
7.83329 -13.7066 4.125 123.011 -24.894 -126.426
5.87447 17.1385 -2.35716 -79.4703 129.712 55.3108
5.26032 13.4452 -4.7 -143.584 93.8692 126.777
8.32144 -13.7817 -0.613249 153.386 14.0417 41.8989
6.59867 13.8038 -4.40051 -18.9467 110.658 121.954
7.44127 -14.3025 -2.68133 62.1689 -84.5717 49.593
8.4995 -11.9376 -0.953951 166.021 84.3981 21.8128
6.28976 18.8741 -1.19772 -57.1048 -3.05353 32.098
8.31087 -1.70097 -5.15469 143.6 -103.594 10.6357
5.92145 14.5402 -2.05858 -97.1654 106.774 48.8476
5.42934 12.1119 3.30286 -150.919 83.5544 -120.739
6.95662 11.1931 -5.83273 -2.68737 93.9794 166.478
8.42407 -16.0049 1.14266 141.56 -43.2545 -68.2716
6.56845 17.1474 -1.15 -46.8347 133.105 29.0238
8.13603 4.55727 -0.0750485 99.4539 -108.468 93.2106
6.32378 31.5085 -2.3032 -86.2945 149.258 -85.7899
7.39547 3.97076 1.31372 16.4759 208.194 40.2878
6.63943 15.7946 -1.66397 -60.343 127.532 45.5368
8.65683 -13.7814 -1.20431 135.021 -18.8114 51.4153
8.74545 -9.38093 1.66976 138.467 161.422 -28.4977
6.32278 16.1255 -0.455302 -105.116 82.4172 -3.14109
7.82215 18.5276 2.49639 41.0285 126.68 55.8863
9.08834 -14.7721 0.908412 165.08 20.334 -23.3719
7.40292 -0.0383961 4.58417 -14.9991 -114.616 29.7881
6.35509 22.2089 8.62544 -121.861 59.5084 -68.6989
9.07279 -16.2801 -1.12987 134.371 -52.1641 1.52843
8.94236 -14.0044 -0.0272288 112.5 -39.7442 0.0793172
8.25232 14.983 -1.51373 38.751 48.7989 46.0766
7.2612 17.6785 -0.654931 -63.0896 139.134 13.3575
7.23111 15.5618 -0.667207 -67.3449 68.4952 12.838
9.10788 -14.4692 4.07172 116.722 -42.3114 -124.567
8.29235 12.727 4.73137 21.7247 110.364 35.0256
9.78888 -11.8123 1.86069 167.589 132.306 -57.4182
9.43955 -12.3076 -3.88773 128.112 -3.9355 104.139
9.60451 -10.6729 2.48065 143.019 75.1766 -67.4553
8.63206 4.88476 -4.16207 41.3552 -137.187 25.2391
8.21578 30.1418 -3.0172 -2.20591 346.422 -86.2868
7.6725 15.2582 -0.666762 -56.7678 137.634 -3.41828
7.81128 15.3653 1.82278 -52.9947 130.436 -30.7167
9.56202 4.78798 -4.21772 114.014 6.89409 -108.353
9.64896 -16.1179 -2.3773 120.866 -63.2009 40.0608
9.83869 -13.0109 1.849 139.086 -3.49849 -75.6679
8.51925 15.6231 0.48203 -0.994009 122.882 -49.7747
9.24095 -16.5066 0.0402703 69.2717 -117.302 131.405
8.04175 9.6606 5.89635 -50.8202 112.189 -198.186
10.0916 -7.14611 5.03446 150.709 -37.2648 -143.175
9.70254 -16.3856 1.44303 111.367 -65.5714 -48.9032
10.0693 -10.5703 0.121088 147.577 154.315 19.6277
7.52444 13.458 1.26563 -106.426 122.224 -45.0029
7.33157 12.4274 2.03105 -128.011 119.274 -21.2035
10.1667 -10.0908 4.4126 146.977 146.459 -104.004
7.20372 13.5289 1.77037 -151.92 109.127 -49.7137
9.227 35.4913 -11.8872 48.1025 113.736 50.7357
8.90692 13.5325 -1.71688 12.284 161.769 49.891
10.1881 -11.2447 1.93756 133.417 19.2906 -61.0217
10.5645 -12.1002 -2.19044 170.655 86.1665 79.4665
8.9433 8.25228 -5.76926 0.85139 144.864 47.3019
8.3136 15.7851 3.33021 -68.6997 129.409 -75.364
8.89332 13.4674 -2.15003 -16.0414 120.324 48.2826
10.3466 -23.8225 9.27502 127.49 75.4495 -106.069
10.8388 -14.19 0.873016 169.342 58.7893 25.0612
8.39935 8.68025 -5.55051 -73.8958 118.092 159.561
7.21912 -5.57766 -0.560582 -198.304 201.653 17.8492
9.04718 12.9992 -3.67706 -28.0524 120.003 96.41
8.78704 27.828 -10.7325 -56.9526 92.5614 7.77987
10.5486 -9.65894 -0.686521 117.263 198.727 -5.73937
10.7807 -11.2962 2.54068 139.678 34.5014 -87.967
9.63926 8.44647 4.468 25.5002 189.421 51.5868
9.55908 17.2028 0.487679 11.1615 130.81 -26.5185
10.9084 -11.105 -2.41454 139.967 25.6886 66.4487
9.56286 15.6643 -3.5975 0.329197 128.85 90.7385
8.13069 20.4311 -4.47126 -153.307 56.6633 -27.7467
10.8463 -7.80465 -3.24865 112.14 150.415 94.6835
8.93949 12.9534 -4.07147 -78.2579 133.573 85.9233
7.90201 10.1313 -2.36436 -181.69 191.177 85.5351
8.07715 11.2492 -1.75474 -165.975 119.598 63.431
9.34942 8.11969 -3.58697 -43.468 179.912 130.893
11.1101 -12.8694 2.83756 130.838 -14.5048 -107.59
11.0468 -2.07877 4.61772 123.393 -56.7978 42.8439
10.0561 14.9652 -0.370715 23.6297 119.575 38.1844
7.58124 6.08951 4.34332 -223.461 34.8309 -140.502
9.24867 11.0421 -4.66897 -61.4388 124.972 129.282
10.0359 10.1504 -7.07451 14.4644 104.624 -16.3328
10.9169 -7.70869 6.92802 101.157 15.5351 -194.888
10.3344 -1.66704 6.62365 41.027 128.69 -201.657
9.69941 14.4167 -1.76556 -22.4197 129.508 34.9491
10.5849 -7.36518 -2.15947 65.5035 225.569 -50.3998
9.84514 16.1857 -1.89588 -16.1709 134.028 72.6027
9.59603 7.05065 -2.46465 -50.0536 299.109 94.9916
10.0425 16.7233 -2.72035 -10.6671 103.342 62.9791
11.3629 -13.5467 -0.195284 119.958 -41.5487 46.3913
10.1958 27.5981 0.925445 -2.07566 400.018 56.7932
10.7498 9.41728 -0.907482 51.7109 106.636 68.7747
11.305 -7.61223 0.64467 105.968 172.866 -1.19164
10.7716 8.23817 6.6233 49.9776 150.843 -225.705
11.6889 -10.725 -2.39654 140.201 40.6097 85.9953
9.98883 16.3908 2.48153 -28.9298 8.15314 -79.6761
11.3152 -17.4123 -8.63946 101.836 -71.0082 10.0386
11.729 -10.377 -0.894494 137.652 67.2536 51.9594
9.14887 4.87848 5.90651 -120.41 134.468 -171.136
10.3339 10.5681 -3.92954 -3.48335 118.772 105.427
11.7467 -9.85374 3.27931 126.216 20.5374 -91.2391
10.2329 4.71406 -6.45352 -28.0319 135.737 195.84
11.7794 -8.40661 -2.06871 124.348 89.0541 71.9053
12.0183 -11.2804 5.01128 146.994 160.287 -131.273
11.5954 -12.8406 -1.50115 96.2782 -60.5748 72.0632
10.4748 2.65701 6.03718 -20.3064 142.174 -181.775
11.8844 -12.7104 3.38905 115.229 -38.4049 -27.1206
11.8838 -8.36892 1.46498 112.635 161.231 -52.7602
11.2723 -4.83621 -5.01166 50.5323 193.694 -52.2833
11.8557 -6.70446 5.93118 107.569 71.5613 -164.397
12.1595 -10.6629 0.604621 135.418 32.9181 -7.35426
9.68047 12.8768 1.09157 -112.611 146.572 -49.4757
8.52748 7.62089 -2.48851 -229.142 -3.72642 30.2097
8.48658 10.7378 -2.98944 -233.461 243.077 113.011
9.54619 13.8117 0.267611 -130.125 142.614 -29.0274
11.3771 1.89424 -11.2608 46.2924 107.149 -66.5611
12.4355 -12.2112 2.03793 151.285 20.8288 -73.4548
9.81152 8.69503 -3.98481 -111.007 131.936 110.249
11.4585 -4.64747 4.05903 44.3245 198.487 -112.444
12.4517 -13.0966 0.460718 142.293 -0.859498 -25.3264
12.2858 -7.8767 -2.63408 124.662 90.6112 60.4665
9.64367 9.49074 -1.0331 -139.443 -2.46439 -2.26743
11.569 14.4663 0.670573 51.0171 109.612 -36.9265
11.0338 10.4298 1.23379 -9.46855 127.558 -70.1468
12.6789 -10.8939 0.490762 152.984 65.9882 -14.6115
11.4194 14.0864 0.0225303 27.0539 144.471 -63.3776
12.3852 -5.72969 -7.29363 120.525 15.7851 35.8505
12.0052 -5.67846 2.62419 78.7261 181.662 -68.2377
11.5108 -5.39868 2.86085 23.5753 230.041 -83.9035
11.2208 14.8292 2.54905 -6.0722 135.31 -52.3262
12.7117 -9.75602 -1.86045 141.54 99.9389 85.2797
12.8004 -13.074 0.931221 149.435 8.86765 65.2454
11.0431 13.3814 0.367314 -25.1898 137.58 13.7489
12.3345 -6.67024 1.45042 102.741 164.884 -40.7165
11.8343 -4.86949 -1.36801 51.752 217.146 25.297
11.2356 9.5856 -0.579129 -10.8307 166.189 6.73564
12.6045 -8.78301 0.230186 121.945 114.793 -55.8089
11.104 9.68467 4.50169 -27.7641 131.673 -152.744
12.5804 -12.1041 1.57799 117.3 -33.7071 -79.5981
13.0087 -11.6457 0.251068 150.208 50.274 14.3827
11.1267 11.0535 -0.68629 -43.4225 180.893 44.2442
12.0973 10.8919 -1.45013 51.7473 96.1955 28.6597
12.1592 -4.96591 4.11693 53.7861 192.79 -127.218
12.9584 -8.76927 -2.79787 132.095 109.77 64.3615
12.0452 44.9464 -33.856 39.2043 313.148 -239.999
10.8578 9.92848 -1.58958 -79.0624 141.535 70.0506
11.1358 14.8429 -0.907884 -52.0664 147.523 7.12203
13.1081 -7.31099 0.302231 136.889 12.2397 7.1127
12.3809 7.58904 2.83495 64.2286 127.066 -20.9258
11.6258 4.99482 -1.82018 -12.6448 201.985 40.19
12.7184 -4.85787 3.95364 95.6413 107.947 -118.717
12.7148 -10.5451 -3.12197 94.7934 -50.0999 87.1869
12.7344 -6.60976 0.843071 96.6442 171.471 -11.8898
12.9693 -7.89208 -0.180252 119.807 137.9 -2.06633
12.5408 -5.51925 0.40832 76.4965 183.055 -26.5548
12.6962 -3.15828 -5.78032 86.6841 55.8101 184.68
12.3918 7.77246 -5.97538 54.8577 129.86 -39.7067
10.1094 8.91814 -0.305937 -171.876 314.59 -2.26929
12.6872 -5.20219 2.65555 81.684 167.06 -68.4895
12.6157 8.89849 -2.58939 74.4493 66.2308 90.5876
13.2773 -12.1214 -0.473575 136.358 61.1389 29.3246
12.9845 -9.72376 -0.531653 100.104 -24.3353 -43.4309
11.1633 -5.92648 4.81672 -81.6676 108.877 -78.1551
13.3419 -8.6618 1.73428 133.276 -54.9653 -45.1283
13.1061 -5.55936 4.28709 105.627 95.5789 -128.858
11.4012 11.5452 1.17602 -64.0234 146.725 -13.6501
13.0302 -5.09721 4.11095 93.0722 123.917 -113.611
13.3919 -8.23817 -3.47933 127.373 99.8775 131.916
12.4194 10.0505 2.03699 30.5498 111.097 -79.6316
13.4472 -8.30433 -3.89747 127.426 92.0482 98.1939
13.494 -10.3361 -3.11602 130.059 12.2714 119.161
11.8622 6.04878 4.90749 -35.3318 158.133 -148.367
11.1601 5.08416 -4.03975 -106.013 168.902 103.041
11.4403 14.0387 0.149577 -78.439 140.637 44.1547
13.2811 -5.04275 4.06888 104.292 90.723 -146.491
13.7049 -11.5665 0.136558 145.725 27.0389 8.54597
11.2037 10.5606 -3.21817 -104.321 94.7179 120.235
13.529 -17.7406 7.66123 126.447 -50.6265 118.226
13.2667 -10.8222 1.89746 100.02 -49.4212 22.0209
12.7663 9.39344 3.63084 42.8165 158.648 -110.059
12.6032 -4.67987 -0.376893 25.4517 211.179 -1.05847
11.6633 15.4444 -0.530844 -70.6847 110.038 12.2374
11.6905 12.5201 2.54012 -69.215 165.563 -26.2585
13.0728 -3.57431 3.88328 67.3259 153.088 -119.823
13.8015 -10.0855 -1.40192 138.187 30.7014 44.424
13.5477 -6.80609 -1.78522 112.224 58.1927 78.6546
13.9203 -6.88212 13.9439 143.571 102.38 183.415
12.3213 8.48056 -0.0739361 -17.0834 247.522 279.759
13.1389 9.72199 -1.75534 63.2246 19.6957 -37.71
13.8991 -13.644 0.497375 137.026 -28.8721 -30.3192
13.7619 -6.56864 -3.63041 122.898 49.4531 15.9902
12.8372 0.686495 -4.38285 29.7145 147.8 130.771
12.6798 11.6173 -1.08055 13.9524 60.837 33.0968
13.7784 -10.7662 3.30161 120.601 91.1338 -62.8043
12.6777 9.94895 3.22993 6.20496 131.863 -115.526
13.9462 -8.28016 -2.08317 131.648 94.9762 89.314
13.5803 -12.2385 -2.91735 94.5719 -69.6757 70.2042
13.9593 -7.68916 1.97012 128.132 77.4447 -37.1933
12.9207 -1.02342 -7.63738 19.5258 -75.1161 -18.9462
12.7051 13.1721 -0.831836 -2.09133 143.528 4.80815
13.6848 -9.56527 1.54134 94.8385 77.9234 -46.4884
13.5326 -4.10978 1.58283 77.1189 164.906 -74.4923
11.5335 2.03937 1.20283 -123.165 200.644 -89.2762
12.7657 7.60749 -2.11602 -1.33706 72.4065 161.697
13.2952 7.15672 -4.89054 50.3158 100.61 123.174
11.3569 10.179 -2.07737 -148.114 157.427 37.7234
12.4821 8.43322 -2.18623 -36.9354 144.452 82.2754
14.0416 -13.6213 0.768119 116.005 -57.7648 -46.1365
14.2033 -11.89 2.53873 131.81 -12.9824 -89.7245
13.6539 -1.45009 -3.73288 75.2314 109.636 127.942
14.0084 -8.40485 -1.81019 107.583 -15.1083 82.4698
14.2441 -9.61072 2.09523 126.684 9.02116 -38.0288
12.6805 13.3299 0.314282 -29.711 99.4661 31.1422
14.1026 -5.9263 -0.898663 110.007 128.633 25.2476
13.64 7.33444 -3.53881 59.7278 94.5584 111.652
13.5124 8.8677 -3.5186 44.9808 105.759 135.104
13.2139 -0.558853 -3.77844 14.6929 185.337 111.971
13.1153 10.1383 -0.890956 3.31792 137.799 12.5579
12.7672 8.35007 2.35416 -36.4839 157.846 -58.911
12.8229 4.92434 -4.69494 -32.1032 216.534 100.136
13.4268 11.657 0.556499 23.6495 99.1776 -19.6241
13.7436 -1.21039 -4.49214 47.7451 156.233 136.735
13.8374 9.39181 0.228462 53.1311 104.404 19.2735
14.8162 -10.3265 2.08073 142.262 37.2034 -40.0604
13.7942 -3.61099 0.612044 38.7698 211.604 -12.8149
13.941 1.74991 -3.1293 52.4635 130.065 103.714
14.7523 -8.24335 -0.425187 129.636 36.0524 40.5646
14.2082 -3.68444 3.24882 74.832 -89.9592 -73.2087
13.1651 7.19231 2.88385 -29.6136 251.332 -84.0995
13.5366 6.61433 -2.37151 5.57047 144.325 97.234
14.3416 -3.08365 -2.11872 83.1389 142.646 67.4537
13.2584 9.42379 -0.788183 -24.6559 155.762 40.1489
13.6671 7.32771 2.49679 15.1126 133.239 -53.8091
13.369 12.2906 -2.58643 -17.2497 229.004 -135.745
14.5424 -7.67254 4.30124 97.363 -41.2139 -107.766
14.2491 -3.61514 2.04884 67.7712 178.565 -52.0653
15.1895 -9.29502 0.423539 160.492 44.7745 20.3299
14.4838 -3.41664 -3.94481 90.0691 119.241 106.975
14.7004 6.19132 -2.01039 109.248 107.977 58.3447
13.8522 4.00364 1.99061 16.0872 156.929 -66.1951
13.1189 9.92635 4.42518 -61.3099 79.0667 -156.642
13.4473 7.477 -0.663968 -30.0135 170.342 26.1002
14.0727 7.00627 -0.377062 28.5643 127.728 -0.775395
14.6219 -3.63476 -1.28372 82.7891 153.016 12.8842
14.8869 -11.6652 0.979722 108.581 -56.96 -31.3233
14.0189 13.7433 -2.49158 22.1665 273.328 30.5622
14.3911 -2.72589 2.83697 59.0526 166.926 -81.4252
13.6845 3.17029 0.847082 -13.2425 337.237 -22.5607
15.1313 -10.7721 0.686192 128.41 -13.5393 -7.98376
14.2928 9.10838 1.84205 44.4259 117.745 -30.7358
15.1333 -7.06862 -0.360736 124.734 97.2877 2.49921
14.5664 3.0179 3.48935 65.2857 102.783 -102.235
14.3751 13.3927 4.80554 45.4776 111.119 -93.8587
15.3322 -10.4755 -2.5344 139.619 18.3241 79.7944
14.7055 1.59361 3.12009 76.6766 83.4696 -101.01
14.2008 10.004 -0.967226 22.8006 140.375 21.5676
13.9163 9.01851 3.07298 -6.2078 162.113 -89.8777
14.453 9.3255 2.65298 45.8021 116.197 -55.6721
15.4401 -9.20991 -1.46667 143.805 67.0744 55.1477
14.9546 -3.50744 -2.62954 93.9029 123.18 92.314
14.548 1.67982 1.97286 53.4482 171.643 -55.763
13.3535 7.36514 1.68906 -69.4159 171.607 -38.7615
14.3922 2.32007 -3.70073 33.5599 137.499 116.603
15.2455 -6.32193 -1.20939 117.297 53.6726 33.4966
14.4549 -2.88199 -1.77188 37.4791 192.953 61.7694
14.8135 3.96706 -5.76939 69.2103 85.3094 172.618
15.2719 -6.3067 4.00589 114.267 26.5483 -99.5011
14.527 -1.78332 -2.13594 35.858 187.814 62.0898
14.6289 12.1886 1.24161 45.2725 129.387 -58.0598
14.7801 7.6504 -3.21879 60.0408 103.455 88.3665
14.4928 1.63717 1.45426 30.4583 205.833 -55.7151
14.7525 2.54696 2.77073 55.995 123.637 -93.4398
15.1178 5.36054 -0.643277 89.2602 53.4877 12.392
14.8594 10.4414 1.08775 63.3191 106.154 -5.22639
14.6644 11.2041 -2.1966 41.7819 140.019 -1.70355
14.2022 1.70084 -3.03064 -4.35953 225.787 -73.0729
14.2972 1.50131 -0.628477 4.6795 179.714 17.0579
15.631 -9.98487 -0.624318 137.101 17.0095 45.1091
14.4193 10.6892 1.71306 15.6202 148.904 -46.9578
14.4235 11.614 1.6448 13.3138 147.711 -68.3772
13.5388 7.51204 -2.66078 -75.0631 116.028 72.7337
15.0412 4.86718 -2.96171 72.4245 83.7988 93.7114
15.4681 -0.969566 0.00537175 111.658 150.866 -4.22069
14.7475 -1.55793 -0.837799 36.8573 182.917 21.5438
15.6249 -6.95137 -2.03084 122.595 41.0777 89.5441
15.982 -4.40322 -6.0798 155.884 36.713 54.8353
15.6181 -6.49074 0.175756 118.978 9.21891 29.2458
15.3508 5.77963 0.479524 91.8692 102.567 -29.1178
14.0909 7.78967 -0.388015 -37.6999 173.426 17.6682
14.7739 10.0308 1.96558 23.3673 145.314 -63.0395
15.2961 -0.592268 -4.09807 74.8239 107.502 135.405
15.3042 15.1609 1.41419 72.8167 288.914 184.476
15.6353 -4.53409 -0.567644 103.068 99.9652 34.9183
15.5761 1.04981 -2.10308 96.4016 42.1238 78.9987
15.5169 -1.9077 2.9204 90.2835 105.738 -94.2959
15.8013 -5.57876 0.465777 115.521 48.4404 -23.4402
15.5233 -1.19761 -3.29807 87.1541 90.5369 83.3287
16.0594 -8.18401 -1.43255 138.584 96.5229 28.962
15.6181 7.33859 -0.0279745 93.0792 72.0123 -2.79081
15.7865 -3.0342 -0.659325 108.754 41.4726 26.1119
15.7436 -2.87901 -0.00509794 103.051 95.297 -0.670142
15.0309 1.10851 1.41849 31.3014 154.921 -37.9159
16.1235 -9.22271 -1.76467 121.055 -23.7843 55.8036
16.2316 -7.54903 0.188323 131.674 51.6467 21.5591
14.5068 6.18855 -0.949156 -39.9685 192.352 10.295
14.1413 6.53477 -0.996978 -79.368 194.331 17.7353
15.7183 1.99262 -2.24773 76.4856 97.6882 87.5606
16.196 -6.09418 -3.26465 123.14 60.3988 92.5751
15.1746 -2.67739 4.71591 21.1282 153.787 93.6556
15.8153 -0.4839 -9.65611 80.2475 -0.014949 15.6105
16.133 -3.8117 3.57853 110.157 97.048 -68.3593
14.6189 4.70425 -1.88521 -40.6949 193.611 81.3898
15.7078 4.73583 -0.0310416 67.3207 107.482 -16.4619
15.9046 -1.80983 -1.14284 83.7688 133.776 55.9967
15.1488 7.58383 -1.89778 8.09459 157.371 85.3395
15.7913 6.0663 3.47549 71.3868 98.9305 -82.927
16.455 -8.69543 1.41168 136.397 24.5083 -11.0816
15.9621 7.9715 1.14599 78.8878 63.7197 -42.7225
15.7566 0.653228 -3.01787 57.2674 150.96 74.1467
16.4666 -10.9262 -0.165357 126.844 -32.0566 19.4611
16.4831 -6.11144 -0.35448 127.762 58.1358 1.64262
14.7894 8.82561 7.52201 -45.0233 139.067 -58.1843
16.4356 -0.815143 -3.6606 118.478 72.7159 45.4569
15.8061 3.79328 2.63984 54.2559 132.289 -99.4221
15.5663 7.42471 2.23799 30.2743 147.312 -58.9136
16.6306 -7.56546 1.41675 132.524 48.3309 -16.1692
15.9363 2.51037 -2.80754 63.1471 133.984 94.6016
15.831 6.02583 -1.60122 51.5125 334.759 98.5282
15.5657 1.7227 -11.8785 24.9451 143.541 67.4264
16.1792 4.92038 -1.92829 85.6288 78.8047 52.0535
15.6517 1.82643 4.60737 31.5877 27.4137 27.0446
16.2984 -1.26846 3.86737 92.3031 116.772 -106.724
15.4045 4.03531 -2.37665 0.672616 126.607 71.1931
16.1804 8.5744 1.99248 77.1546 129.708 -22.5841
15.8563 11.3935 -7.62498 44.1408 88.9523 72.5713
16.4122 -1.29153 2.85566 97.4511 89.3538 -92.4757
16.5507 -4.51738 1.36305 108.778 41.0512 -131.503
16.6326 0.218101 -0.00956546 116.274 77.4118 20.6602
16.5248 -2.57264 0.654254 103.648 95.4837 -8.98577
15.7413 4.66351 -1.97989 21.7702 -59.7208 -12.6571
16.7173 -7.93615 1.42197 116.129 5.39423 -18.6578
16.3754 4.73719 2.5844 81.5398 85.315 -88.6714
16.5719 0.433988 4.49808 99.8595 -10.3368 -19.3493
16.931 -6.78952 3.53469 127.149 22.9887 -82.031
16.9037 -4.71499 1.05274 123.14 80.6063 -36.0999
16.7485 -1.75526 -0.523421 101.535 100.683 -15.1053
16.7668 -0.609349 0.187661 101.903 69.334 -9.38005
16.3997 9.15209 1.33944 54.2643 127.714 -78.2541
16.951 -2.54909 0.967213 107.456 98.39 43.3345
17.0501 -3.79689 -1.9483 113.5 61.3491 66.7077
16.9743 5.37402 1.66604 91.7191 76.8136 -60.4331
16.8854 4.05055 2.4801 78.2072 111.669 -85.5912
15.4203 12.9849 0.499196 -69.2514 13.2476 -7.36943
17.2539 -0.200955 2.40551 110.755 35.6252 -92.1532
16.6315 29.4106 -1.9639 40.8155 188.868 -24.7075
15.5122 17.7646 -5.16562 -71.1833 60.4771 109.95
17.1833 4.67933 -0.11552 90.0778 91.3027 11.5003
17.5665 -3.74489 -2.97871 121.949 57.5577 99.0609
17.5378 -3.47142 3.5602 117.188 49.5313 -104.862
16.2314 5.57437 0.621457 -13.0402 188.413 -8.98877
17.6647 -4.73839 -1.99818 124.042 49.1874 -18.6884
17.1829 0.839564 -2.03955 71.2411 138.008 57.9954
17.4748 5.9246 3.03732 99.295 68.7701 -103.504
17.6993 -4.16833 -0.0342058 120.941 70.4826 7.28588
17.0838 6.99201 0.196412 58.1729 -21.5901 33.9553
17.9389 -7.4188 0.985531 137.742 30.5046 -0.745798
16.7356 9.51092 12.5563 15.0525 100.102 -165.68
17.4912 1.07254 2.87537 90.0323 51.7748 -65.6701
17.1375 5.19041 -0.411391 49.3704 142.639 16.784
17.6184 0.294467 -1.54196 94.7842 94.7609 56.9884
17.7222 -3.85701 3.58074 102.305 110.655 -45.0848
17.9828 -1.00868 2.28846 114.551 -67.1372 -55.3762
18.0779 -4.55775 -0.100958 121.565 81.5254 9.48195
17.82 2.35674 0.420203 88.2696 100.684 -19.0349
18.1495 -2.15916 -4.64784 118.891 72.6056 -45.0195
17.8016 1.90352 3.53964 74.4598 143.193 -37.6153
18.2027 -1.18087 -0.630717 114.292 67.6761 1.63473
18.3821 2.55879 -0.0838286 116.245 27.514 -22.099
17.7465 38.1289 -8.42635 41.8853 166.855 53.1111
18.6398 -2.41855 0.788214 117.656 92.6523 -11.688
18.6403 1.14911 0.0853044 78.9065 142.721 -8.74285
18.1245 5.32892 5.21972 16.9308 247.469 -29.591
19.6961 -2.50029 -0.43452 128.626 12.2931 20.4135
20.2951 5.32112 -0.794767 13.6771 128.79 29.6724
21.4598 10.3289 14.2015 97.9377 149.637 63.2485
nan nan nan nan nan nan
18.3781 -16.8909 12.4591 108.875 21.0503 -118.841
18.1739 -6.93246 -0.613077 76.5942 -23.9444 50.4369
