-22.8607 7.81577 8.14784 -258.004 93.1756 56.2685
-20.1315 7.31155 -6.05497 -203.011 -57.9438 -61.5548
-18.6374 -13.1748 6.58434 -129.353 -136.056 56.805
-19.5619 15.8389 -7.77018 -237.728 -2.83806 -7.64555
-18.8229 -7.75788 -5.25941 -201.03 -151.311 1.44568
-17.38 -4.34567 1.14672 -63.9663 -63.5765 -77.0583
-16.8327 -6.92769 -0.551962 -54.2073 -135.432 6.40656
-17.5337 1.18631 3.24428 -151.592 -58.9307 -61.8065
-16.7493 -0.726985 -0.528516 -99.2674 -154.664 9.56823
-16.9834 -4.74086 -1.02957 -141.74 -88.9231 20.3384
-14.6169 -9.30072 -1.73297 82.4901 -148.539 53.0703
-16.2212 0.826878 0.263069 -86.8173 27.6947 -72.9658
-16.1271 -4.54711 -1.32524 -81.3434 -172.875 14.5782
-16.9496 -0.961442 -2.94992 -165.648 -14.2661 4.16061
-16.8813 2.29534 1.35755 -160.275 -84.3333 -20.4688
-16.5934 -3.59178 1.22176 -133.654 -106.92 -26.9198
-16.7763 2.43859 2.67053 -152.651 -86.609 -47.9151
-16.5949 -1.88782 3.67726 -140.033 -86.8967 -73.4211
-16.6624 -2.52717 -1.49129 -147.573 -75.9304 34.0917
-16.7172 -1.81524 -1.32794 -155.745 -228.714 -47.6653
-16.1285 6.96185 -0.549683 -99.3503 -177.646 19.9557
-15.2797 -5.76232 1.44943 -15.9444 -183.283 -31.8312
-16.3458 1.46417 -3.47841 -130.791 -113.521 49.4604
-16.2685 -4.40371 3.39863 -125.048 -108.476 -73.6081
-14.9543 -4.46998 -3.9801 0.213549 -189.325 81.1683
-16.2048 1.44886 4.89745 -128.933 -143.83 -91.4852
-16.4907 2.75502 2.81574 -160.648 12.3922 -53.0302
-15.2346 -6.09662 -4.36513 -36.4606 -98.5937 80.2854
-16.1648 -0.221074 3.47575 -135.962 -119.392 -71.8764
-15.7611 -2.16347 -4.36586 -95.8987 -137.911 88.0724
-16.086 6.00913 1.2983 -132.384 66.2274 51.076
-16.2766 1.80273 0.984231 -151.758 -72.6395 -24.2189
-16.1019 -2.24923 -1.80146 -136.189 -69.5094 37.638
-15.7637 -1.37417 0.782175 -116.144 -115.913 -18.7993
-15.9385 12.794 -1.27629 -137.287 -62.2364 -31.2715
-14.3186 -30.2091 14.0019 21.9137 -258.831 57.9189
-16.1578 5.68396 0.804017 -162.914 -85.5806 -18.4167
-15.6093 -2.40026 -1.21666 -112.881 -116.048 23.907
-15.2035 -0.887581 3.71939 -73.4507 -149.74 -79.8076
-15.7928 -15.43 2.00177 -136.863 -258.707 116.967
-15.1134 -0.527777 -2.88056 -73.4509 -156.412 57.4208
-15.342 -4.53453 0.484012 -98.3896 -137.35 -1.75393
-15.2057 -1.08201 -0.28255 -85.3084 -150.837 3.31909
-15.9557 3.32605 1.3488 -160.333 -37.0015 -29.7199
-14.8508 -20.2058 -10.0685 -51.3303 -107.836 72.1823
-12.6089 0.257182 -2.06771 169.689 -177.537 40.0124
-14.8186 1.5008 -1.36116 -52.3766 -245.073 68.1074
-15.112 0.618635 2.93613 -81.6669 -113.296 -69.1032
-15.9911 5.81303 -1.13182 -170.049 -29.2227 20.7246
-15.5413 -6.80425 -3.87338 -125.716 -107.627 89.4651
-14.5642 -8.21216 -2.13695 -29.0185 -181.96 50.4064
-14.8791 -7.72926 1.31706 -61.6136 -168.942 -20.3899
-14.9761 0.567223 0.460383 -74.3187 -158.119 -10.7953
-15.7524 1.27967 -1.24485 -153.675 -61.0635 33.1803
-15.6279 -4.57893 -1.79637 -143.732 -30.6389 50.4456
-15.4532 -2.84444 0.655441 -126.609 -101.683 54.1164
-15.3342 -2.13614 -2.23723 -116.683 -212.634 5.02099
-13.3934 -8.58882 0.422946 75.2749 -194.613 -6.7023
-14.7874 -2.58258 -0.21441 -66.2946 -153.72 11.8981
-15.8711 8.00405 1.30707 -176.002 16.2812 -9.60419
-15.0716 2.76352 0.421557 -99.0972 -164.718 -6.18701
-15.5349 -3.29676 0.568978 -145.228 -53.2238 -8.9035
-15.5412 0.0897301 2.12736 -146.402 -35.5443 -47.8269
-15.2422 -2.42778 -1.95322 -118.567 -91.1942 -26.2413
-13.6056 -7.5451 3.44686 41.9637 -182.802 -60.6131
-14.7243 1.93663 1.05675 -69.3276 -182.71 -23.1617
-15.5216 1.42664 -2.51568 -148.721 -63.4207 59.4536
-15.4902 3.67849 3.03238 -146.292 -90.848 -76.067
-15.0831 -2.28193 0.814192 -106.276 -111.852 -18.2597
-15.3107 -4.88247 -2.54215 -130.278 -92.1821 49.9972
-14.8189 -8.59876 0.984172 -82.5193 -160.494 -12.4972
-15.2309 -1.09008 1.93005 -127.288 -92.7924 -37.3525
-15.6256 6.15668 2.11658 -167.8 0.194876 -71.3622
-14.2309 -2.83163 -1.16716 -29.2788 -184.595 32.2629
-14.9748 -6.80432 0.612321 -103.484 -126.896 -16.9109
-14.9844 -7.07937 -1.65222 -104.755 -127.794 25.5131
-13.9199 -3.52174 -3.36899 0.588147 -189.163 68.5742
-14.7804 -5.11474 2.67361 -85.9761 -146.077 -67.8323
-14.3176 -2.99483 -1.65825 -40.063 -163.271 113.311
-13.8114 -6.88084 1.31391 8.22042 -181.768 -0.443766
-13.73 -2.31381 -1.6136 13.2295 -199.204 32.1632
-14.992 1.93932 1.74774 -114.692 -72.0076 -32.5857
-14.4905 0.559813 -2.87543 -65.6645 -170.069 57.4461
-14.2281 -8.7758 1.4993 -40.5134 -175.032 -25.1121
-15.2497 -1.51633 -3.30015 -145.008 -173.788 93.5645
-13.8943 -8.94309 3.40477 -10.4383 -180.422 -78.4122
-15.1521 5.70076 3.00177 -135.477 30.7933 -120.168
-15.0666 -8.50849 -0.530738 -129.791 -107.46 -2.762
-14.6758 -10.1258 -1.65916 -91.6932 -149.972 32.4767
-15.2289 3.06951 -1.11468 -150.339 -39.2817 19.973
-13.5194 -2.47448 2.74682 18.1328 -187.432 -58.4452
-14.3689 -3.64861 -3.78119 -67.8793 -159.452 67.1964
-14.1815 -7.47117 2.2375 -50.0421 -157.989 -48.2729
-15.0777 2.10273 -1.38989 -141.942 -30.7048 -15.7639
-14.9842 -3.56234 -2.09922 -133 -77.1442 35.0747
-15.0304 1.75516 1.92159 -138.253 -68.8232 -43.405
-12.7624 -7.90439 -2.62181 80.2524 -175.607 56.4136
-13.7337 -9.67223 1.54373 -18.1106 -184.945 -9.8182
-14.9246 2.02874 0.0555709 -136.915 -74.2043 5.62857
-13.7696 -2.63105 3.01552 -28.2479 -176.88 -44.1356
-15.175 6.07058 -4.10614 -172.248 8.13588 -9.50401
-13.9834 -1.49994 -1.78657 -58.9332 -162.867 44.1048
-14.8913 5.25418 0.938123 -149.692 29.7921 -1.68417
-14.2973 -18.8151 14.3565 -90.7067 -303.349 107.17
-13.6678 -2.26668 3.13994 -28.3394 -167.155 -133.26
-15.0443 6.66086 1.58674 -166.437 -13.7861 -59.5999
-14.8332 3.60467 3.40683 -146.939 8.08592 -73.373
-13.6895 -4.17704 -1.33264 -36.5783 -163.13 30.707
-14.8992 5.19824 -3.71232 -157.113 -22.9397 74.5735
-14.2935 -1.24263 4.07346 -97.1291 -123.761 -85.9405
-14.67 -1.08819 0.505551 -134.618 -92.41 -10.9014
-13.715 -3.10092 -8.19743 -40.1002 -162.747 110.937
-14.4977 -8.25806 -0.189624 -123.953 -101.328 -9.30378
-14.0868 -3.82099 1.15854 -85.4986 -130.548 -16.5539
-13.5135 -7.7322 -0.0859628 -30.518 -165.226 -3.04259
-14.0201 -7.30512 -0.794054 -82.9468 -139.533 20.0069
-14.9467 0.58835 3.40656 -176.808 -47.4427 -12.3643
-13.5672 -6.14979 -3.09842 -41.5032 -166.1 62.7722
-14.6894 5.67336 3.5846 -153.232 5.06564 -27.5854
-14.6559 6.23441 3.87169 -157.525 -45.3295 -83.0761
-14.8535 3.822 -2.35749 -180.532 -172.352 106.917
-13.9492 -5.28826 3.97739 -90.9472 -318.963 33.7288
-13.6833 -10.15 -1.18522 -64.7071 -160.137 30.9323
-14.5589 9.13377 0.199757 -156.279 57.2376 -7.02881
-14.006 0.198396 -3.33375 -102.664 -106.554 71.7717
-14.1607 4.85944 -1.08845 -122.571 -130.892 28.9549
-13.0272 -4.0643 -5.40987 -12.6615 -173.059 111.032
-14.1433 0.970596 6.65483 -124.763 -82.341 -144.407
-13.365 -5.17855 1.09117 -51.3485 -148.554 -19.6103
-11.8771 -2.26647 6.30643 96.4449 -165.382 -143.003
-14.5056 7.71643 -2.79976 -164.667 -95.9131 63.3113
-14.0515 13.3648 0.532264 -120.863 92.3366 -96.5389
-14.4808 9.72683 1.00375 -165.186 50.2925 -18.0078
-14.0708 -3.29456 -5.97469 -125.054 -73.5487 116.167
-13.5403 -4.86048 -0.771709 -76.9882 -130.874 12.4313
-14.0316 6.86427 -3.52708 -126.286 -35.2681 104.789
-13.7993 1.5366 -4.25016 -103.238 -133.407 90.8011
-13.9588 5.39004 -0.94892 -120.381 -141.466 25.957
-14.2711 7.3739 1.17609 -151.514 17.2123 -72.5909
-13.0381 4.37497 -4.06951 -32.7746 -206.236 83.6431
-14.3924 13.1688 0.800757 -168.696 44.9802 -25.9527
-14.0595 2.88168 3.3628 -137.692 -90.705 -63.3915
-13.6885 -5.11854 6.76787 -101.544 -107.88 -133.02
-13.7756 3.38493 -5.49193 -111.58 -98.8753 120.217
-13.865 -0.512665 -7.09142 -121.63 -61.6999 127.527
-13.9946 2.49862 4.78866 -137.6 -23.9481 -101.02
-14.2374 9.00412 0.136524 -164.041 29.1629 2.45472
-14.0913 5.4657 -3.70434 -149.694 1.54881 52.4347
-13.7492 -6.53624 2.40884 -118.011 -88.2446 -42.0407
-14.2211 8.17192 -0.0596402 -165.457 -4.44424 -26.5257
-14.1397 8.61594 3.11381 -159.529 34.1564 -59.5199
-13.8997 4.44365 -2.43689 -137.6 -64.515 49.2098
-12.2902 -19.8882 -4.11331 16.1984 -136.625 3.91225
-13.8859 6.34705 -0.0270732 -142.422 -0.940399 25.92
-13.1448 -10.261 -1.19825 -71.4525 -147.47 19.5666
-12.4485 4.11274 -4.80395 -2.57394 -198.365 98.2128
-12.4761 -4.16036 -5.27506 -6.30883 -154.881 108.32
-14.1661 9.55077 -2.16005 -176.15 -17.7377 36.6275
-11.5031 -5.98934 -5.73157 86.0262 -156.727 120.738
-13.3689 6.13318 -0.632293 -99.818 -154.565 18.8762
-12.7366 -7.69633 -3.56565 -38.8214 -157.756 69.4236
-11.783 -2.05338 7.21288 55.8988 -159.975 -156.417
-13.6709 3.23071 3.81444 -134.965 -63.3434 -65.0938
-13.5453 -0.441406 3.73958 -123.293 -97.1301 -74.5482
-13.6671 -7.38289 -0.0279037 -140.192 -81.2051 5.51163
-13.2036 3.1333 -7.25795 -94.9768 -130.369 132.951
-13.5192 3.61233 4.00117 -132.934 -48.0532 -84.598
-13.3426 -4.6203 6.28706 -115.591 -73.6243 -133.213
-13.6853 8.09805 1.9264 -150.795 -108.127 -35.2866
-13.7952 3.59535 1.93818 -163.835 -44.2677 -15.7029
-13.697 -2.34924 -2.52979 -154.824 13.1561 -17.7969
-11.3514 -10.2072 -1.18863 75.9245 -174.473 23.2839
-13.4792 3.85353 -4.45767 -136.554 -4.11456 90.3494
-13.6934 9.11738 0.0372699 -157.844 -119.506 -9.46263
-12.56 -5.06759 -6.678 -46.7542 -147.349 132.854
-13.5697 6.29599 1.94826 -148.489 -71.3125 -35.7925
-12.96 1.17936 -5.94156 -87.9672 33.9308 -22.7141
-13.1292 -10.8185 -1.37169 -106.22 -128.545 32.7555
-13.7797 10.0507 2.99872 -174.011 14.832 25.8399
-13.6961 10.4922 -0.539297 -167.233 44.1295 -1.09759
-12.1723 -1.87162 -5.69283 -17.4752 -160.286 134.32
-13.4623 6.30034 0.361542 -148.184 -52.9285 -9.90754
-13.5116 8.88811 1.96967 -154.895 33.9028 -59.6342
-12.2698 -7.44694 1.73929 -35.3169 -149.117 -40.6639
-12.0273 -9.8938 3.94708 -14.4724 -167.844 -102.96
-13.2555 4.3723 -7.11568 -137.044 -69.2216 145.109
-11.4849 -26.084 8.77864 38.6015 -164.763 -35.0617
-11.632 -5.72374 -0.306026 21.9847 -220.293 22.9347
-12.8063 -12.6509 0.313045 -94.8528 -136.697 -9.77416
-11.771 -12.3242 2.86257 6.4312 -181.445 -57.0619
-13.4584 8.77217 1.13358 -164.869 -11.5376 -31.3914
-13.0251 5.37471 0.612846 -124.913 -140.081 -6.73861
-11.3972 -11.6257 -3.08691 28.7609 -185.01 32.8668
-13.0851 6.20226 -0.662387 -139.414 -107.329 10.9501
-12.1179 6.99265 -0.67276 -46.6159 -223.025 15.8527
-12.7455 1.12293 -9.95185 -110.819 -90.4248 4.44519
-13.1189 3.68872 -1.82907 -150.999 -105.933 37.4652
-11.8782 -10.7695 2.59235 -28.7278 -165.392 -75.6756
-13.2806 8.59052 -0.944718 -173.113 -37.1324 36.5276
-13.1047 7.96952 1.36081 -158.755 -9.99572 -13.3176
-12.3293 5.87598 -0.90677 -83.4552 -177.196 25.3903
-13.2583 6.41772 -1.56801 -177.438 1.38079 -29.0657
-12.3886 6.48944 2.01811 -91.0667 -159.886 -36.669
-13.0658 8.65919 1.79879 -158.352 6.57133 -39.7192
-10.8304 -8.52143 -3.59379 56.6827 -168.166 49.377
-12.4604 7.50544 2.01938 -109.385 -182.471 -44.8075
-12.721 8.35659 -2.62411 -135.603 58.4133 43.6604
-11.3742 -8.85071 -1.77873 -6.12811 -158.158 47.9896
-10.6714 -11.6853 -1.3956 63.501 -175.909 38.6225
-12.2157 -7.45737 -5.58628 -92.9315 -104.62 113.738
-12.7738 8.51619 3.06505 -149.309 -119.648 -59.1833
-12.315 -10.5331 -1.63447 -104.904 -117.473 38.0149
-12.9176 6.21449 4.41795 -168.947 2.52077 -96.9665
-12.5405 17.0537 6.47001 -131.763 24.4923 -38.4152
-12.8796 10.8923 0.0635147 -167.165 -71.945 -5.32002
-12.1251 4.62074 8.03928 -92.9404 -120.776 -161.907
-12.8061 8.59304 2.82336 -161.304 -49.2327 -42.1108
-11.6332 2.39921 6.60997 -45.2307 -173.839 -139.252
-12.4401 6.25117 2.75971 -129.538 -104.604 -58.6993
-12.6863 9.0604 -1.65988 -164.977 -81.4982 36.0033
-12.5734 2.5257 3.2624 -154.858 -95.5868 13.03
-11.3276 -7.53463 -7.07947 -35.1646 -133.479 137.942
-12.4849 7.71066 3.28364 -150.724 -85.492 -70.5601
-12.3212 9.82861 0.797674 -141.337 58.7281 -7.00859
-11.4451 -9.00408 6.36975 -61.6266 -131.228 -127.033
-10.2171 -34.7758 6.99018 49.4359 -143.345 -93.65
-12.3174 9.70102 -3.11175 -159.839 -93.462 41.599
-12.4363 18.8206 0.474381 -176.249 -41.7012 -13.6049
-10.3662 -13.193 -1.27063 28.6157 -177.2 24.7495
-11.4073 -10.9358 2.2702 -77.2504 -130.918 -4.65975
-12.4731 11.1917 -2.22876 -184.99 -52.2344 33.7615
-12.0317 12.2955 0.00923543 -143.057 86.8602 -3.9362
-12.1358 7.8865 -1.87623 -153.479 -62.811 40.4214
-12.3521 10.852 -0.255487 -175.383 -23.8905 14.7775
-12.34 11.0846 -3.38963 -176.151 3.89687 73.1271
-11.916 10.4167 1.73931 -134.917 -25.2515 -64.3231
-12.2155 10.5534 1.83509 -164.904 23.6448 -49.5606
-11.7802 8.42338 4.43634 -121.792 68.4998 -97.9098
-10.0399 -8.56816 -5.45323 47.1014 -153.148 89.0663
-9.21576 -24.8748 8.20515 127.332 -109.153 -19.6826
-9.37383 -10.0072 -6.19884 106.36 -146.457 122.334
-12.2415 -2.04329 0.444425 -180.349 8.05308 0.956532
-11.1051 -9.17233 1.78034 -70.5412 -124.768 -41.6882
-10.1679 -17.0702 -6.75526 15.185 -173.353 -36.4659
-9.2863 -12.1947 0.0645195 98.9666 -160.17 -17.2148
-12.0212 10.4318 1.97269 -176.264 -31.1244 -29.2394
-11.5841 6.86983 7.07371 -134.764 -74.3361 -149.164
-8.75583 -12.1473 1.43274 142.036 -139.081 -41.0661
-11.4934 2.91297 4.74729 -132.455 41.4906 -60.0353
-10.6188 -9.69584 -2.58763 -46.5569 -138.285 73.4107
-10.8989 -3.85369 -7.74793 -74.7983 -87.1467 167.084
-9.43473 -7.65345 -5.05815 69.2717 -225.068 92.4233
-9.74662 2.20815 -6.413 36.7968 -198.901 -16.8456
-11.7182 11.1952 5.21459 -163.9 36.9528 -98.5971
-9.93982 -13.1375 -8.76629 5.23888 -172.716 -6.65522
-11.37 10.5332 4.53568 -138.31 63.1105 -57.2652
-11.0224 1.44327 7.99995 -107.487 -8.01139 -167.471
-10.3394 -10.4301 0.254978 -40.5605 -143.98 -25.4877
-8.28777 -12.0547 2.76117 162.981 -109.45 -66.5749
-8.08149 -10.3054 5.73358 179.771 -91.3456 -115.917
-10.2803 -10.5194 1.37629 -40.8903 -140.369 -17.0039
-11.4934 9.92212 -2.82899 -163.307 -84.5197 74.4234
-9.76534 -4.13535 3.99233 2.43803 -221.971 -39.9208
-9.39775 -20.6238 8.23699 35.8485 -203.633 90.9073
-9.16807 -17.2118 -6.87062 58.2704 -85.9148 128.339
-11.3524 9.54909 -4.53303 -161.881 -12.8058 102.959
-11.2007 -5.23149 0.357331 -147.617 24.1312 -66.3734
-11.1788 7.77158 3.09447 -145.498 -63.2392 -85.3209
-10.2456 -7.9919 -7.9341 -54.5916 -118.286 169.775
-11.2642 13.049 -3.40954 -156.826 69.2875 67.1628
-11.0578 9.46012 2.90994 -143.483 32.2004 37.5178
-10.5323 -1.51524 -9.77605 -92.2043 -49.4241 205.194
-9.53546 -18.0513 -1.58841 6.22596 -148.839 2.17849
-8.08333 -11.7409 -3.66851 146.521 -135.53 89.881
-8.68075 -11.4878 1.00702 83.7153 -148.651 -28.0881
-9.46288 -11.2255 -2.48025 5.49556 -158.586 22.8035
-10.9048 1.54571 -4.14414 -137.994 -69.8204 -86.9622
-11.3985 18.6057 -0.528952 -198.537 -123.078 0.753348
-8.81259 -12.8115 -2.25908 57.8191 -129.899 46.3999
-11.0526 9.99377 1.92981 -164.829 -56.1664 -47.0648
-9.04009 -11.9545 2.24449 32.4945 -162.615 -37.2333
-10.3934 8.56412 1.21215 -104.917 -201.04 -20.3318
-10.7204 10.3444 -0.0652312 -145.232 35.0049 -19.2141
-10.7784 10.0211 -5.23374 -165.119 -67.8145 122.328
-10.3647 14.2872 10.6166 -124.717 -117.592 -226.442
-8.73284 -13.957 1.07193 36.7771 -166.968 -21.7033
-10.6698 10.3423 -5.43739 -156.3 0.14026 106.7
-8.88303 -11.766 2.03352 18.3551 -157.168 -43.7619
-9.13877 -11.4558 -3.54993 -8.13042 -124.25 76.3542
-8.16564 -1.76187 0.673725 83.0286 9.43367 159.867
-10.5076 10.0257 3.23696 -157.69 -4.71909 -64.9901
-6.87266 -14.9364 2.20699 202.446 -180.513 -50.7347
-9.50864 -11.2613 -1.77758 -60.2807 -130.155 16.5768
-10.5325 10.1572 -3.33794 -163.499 -64.23 62.6681
-7.39725 -13.7122 3.28993 142.945 -133.757 -79.0645
-7.34307 -13.1061 -2.03901 142.097 -135.677 31.9962
-7.17781 -18.356 -0.84781 156.47 -74.6383 -28.5285
-9.46341 -0.32897 4.01874 -73.5154 -191.231 13.3384
-8.87711 -14.4273 0.776062 -21.6375 -167.928 -27.8578
-10.0735 -1.98938 -3.98223 -142.762 -180.225 30.9857
-7.17331 -10.8272 4.24321 140.481 -109.102 -96.7286
-10.3297 11.9245 3.69448 -179.464 -34.4071 -74.3914
-10.1468 10.0981 -1.24145 -162.333 -47.9509 23.7951
-10.3829 12.3002 -0.817278 -187.258 -21.8104 6.01248
-9.93883 7.71604 -5.34719 -143.628 -73.1088 112.391
-8.75514 -12.0476 4.75415 -32.1814 -148.452 -105.737
-9.9227 13.0225 -2.32643 -148.958 72.2711 79.8413
-6.8109 -11.1727 0.525223 155.976 -200.544 2.19314
-8.68751 -11.9484 0.77781 -32.7012 -143.386 -13.9758
-8.74803 -5.85161 9.39971 -54.4842 -93.07 -196.627
-8.30179 -10.6424 4.21393 -20.9907 -139.272 -93.842
-7.64954 -6.23492 -3.5009 39.498 -221.344 86.8286
-9.54764 11.289 -0.829577 -151.667 28.928 51.8569
-9.604 10.4623 3.54355 -160.806 -22.2832 -71.4605
-9.77934 9.56937 -0.266278 -181.001 -5.94574 -12.3892
-6.62435 -25.5509 2.18639 132.136 -343.126 139.363
-7.45668 -14.1341 4.80398 43.792 -142.975 -68.3056
-9.60668 11.6256 3.44001 -170.585 3.37382 -62.5991
-7.66905 -14.5345 3.37104 5.71811 -169.795 -86.8965
-6.31774 -3.20475 -7.03927 137.848 94.5092 -41.4485
-8.89389 11.34 -3.79528 -121.574 73.591 71.8657
-9.08321 14.2201 4.50383 -141.908 94.6666 -64.0292
-9.16134 13.431 -4.2421 -151.092 65.5259 80.3496
-6.55503 -10.3257 6.40447 102.89 -112.241 -142.567
-7.02889 -5.94832 -10.8798 50.9041 -111.042 -29.4501
-7.24088 -12.5556 3.85582 20.8588 -148.185 -80.4276
-7.0124 -12.6358 1.02677 43.1622 -148.279 -28.9324
-6.49842 -12.6746 -1.68718 93.7937 -140.94 23.4295
-9.2739 12.9195 -3.90848 -182.764 -19.0886 75.4462
-7.08751 -13.0411 -0.104788 30.8694 -117.963 -81.7585
-5.33374 -10.9341 2.61995 184.108 171.955 -46.9243
-6.16471 -15.1987 0.55132 101.1 -161.162 5.64494
-7.58402 -10.4067 -4.18913 -40.5822 -149.321 88.6019
-8.99478 11.8974 0.134781 -182.183 -47.4024 -0.537003
-8.41112 12.3015 -4.6198 -128.241 130.832 34.4836
-8.59175 9.68825 5.46399 -146.606 -16.3613 -119.057
-5.56535 -14.7748 3.09008 154.009 -119.254 -48.85
-8.51559 15.2267 -1.89963 -142.515 104.833 -6.42678
-6.40547 -14.2546 0.884015 52.6789 -158.665 -8.82398
-8.01649 19.2019 -0.523609 -117.809 -17.2553 5.50741
-5.37935 -11.409 7.50499 141.212 -89.8158 -144.227
-8.47242 12.9956 1.0231 -169.39 7.17598 -13.5202
-7.90645 16.0744 1.20233 -115.566 131.796 -13.1973
-8.28437 15.0675 -0.587485 -153.795 79.3909 34.9633
-8.43695 12.3648 -4.01618 -178.44 -16.6914 63.7254
-8.4685 17.1618 -13.1537 -184.221 -203.211 248.304
-8.07938 12.6831 0.0745363 -145.726 52.9522 -8.75565
-6.76633 -12.6417 4.45523 -19.999 -197.807 -53.2573
-5.98923 -2.47712 -1.82567 53.9269 -19.4712 -173.765
-6.41714 -12.839 1.15553 5.81712 16.3117 -160.266
-8.07066 12.8158 0.555705 -169.573 9.16642 -21.3626
-7.74827 13.7603 -5.41184 -138.845 83.7434 95.1936
-4.44069 -13.4996 -0.602109 178.169 -83.1303 29.3516
-6.68375 -13.6654 3.912 -44.8428 -139.834 -67.0054
-5.7777 8.87366 -2.18803 44.8443 -151.627 12.9916
-6.17125 -15.7118 1.15882 5.0272 -167.011 -33.2039
-7.92103 14.9635 2.5273 -172.265 55.2892 -19.3543
-7.59035 10.4889 -5.66376 -148.012 -52.4396 119.629
-7.3322 9.83107 4.45674 -126.899 99.1617 -55.7224
-7.23242 10.5386 5.24768 -118.482 -170.079 -110.604
-7.95841 12.7836 -1.00673 -190.853 -72.8005 23.1166
-5.02123 -16.4967 -0.253917 91.3227 -161.69 -7.57155
-6.00376 -13.198 -1.63298 -7.81723 -144.157 33.6816
-3.57577 -15.2194 3.59597 232.545 -184.835 40.6643
-4.35005 -13.3088 4.78525 147.165 -94.2943 -121.75
-5.46636 -16.3093 -3.70328 34.5373 -171.332 45.6301
-7.51493 22.2682 -1.32581 -174.151 -20.422 9.25765
-5.01122 -13.6442 3.73557 59.1291 -157.401 -90.3782
-4.49405 -8.91106 -2.39994 98.6467 -216.522 20.761
-5.07875 -13.5764 -4.57516 39.6759 -143.005 68.9889
-5.71022 -11.3398 -7.93677 -23.3971 -180.505 215.984
-6.98142 19.1403 5.17961 -154.293 7.72676 -143.044
-7.25334 13.928 -1.29869 -181.486 11.5969 41.9925
-3.51352 -14.1673 -2.76754 188.845 -69.9342 58.9654
-6.50611 10.1538 3.05606 -116.38 102.221 132.708
-5.0616 -15.1878 1.70261 23.5776 -147.329 -25.5174
-3.9798 -11.9447 6.36085 128.11 -98.5161 -114.319
-6.68325 13.3009 5.86091 -144.106 57.49 -96.5134
-3.46971 -13.6367 3.02002 170.185 -80.3841 -77.5347
-4.15568 -15.4227 1.71598 100.189 -143.033 -48.449
-6.04453 13.6669 -1.33856 -97.1071 98.0479 40.5978
-4.24379 -17.2913 0.466909 74.6614 -163.084 -23.0227
-4.72296 -3.76349 10.3546 11.5473 -179.077 -44.9582
-4.08891 -14.8121 3.05287 73.3786 -141.142 -74.9063
-4.57523 -17.2757 -0.60437 12.2933 -175.222 -20.2715
-3.9877 -15.4291 2.96884 70.6389 -152.855 -73.7842
-5.9486 11.6574 8.79015 -124.81 56.8957 -165.414
-5.74261 14.8844 1.92166 -106.632 116.438 -0.778833
-4.44646 -14.3908 1.49119 13.6622 -146.155 -21.6506
-6.24098 -2.80887 6.07382 -172.41 -6.5934 -57.678
-4.14431 -16.6062 -3.14054 33.7387 -167.986 50.5127
-3.73615 -14.598 5.62021 66.1849 -140.177 -128.145
-5.31209 15.0691 0.714648 -91.3659 124.488 -0.931702
-5.55836 10.6309 6.75351 -116.348 81.8498 100.413
-4.86008 3.3092 10.2472 -48.7628 136.277 1.86312
-3.69938 -13.5946 -5.42587 66.238 -129.37 102.318
-5.94268 12.1845 0.0280558 -160.169 -144.32 -5.57515
-5.62658 16.1375 2.09018 -128.809 90.0262 -21.4623
-5.01412 14.3746 2.40671 -74.499 123.301 -40.5508
-2.33471 -14.9898 -1.06858 191.56 -52.4781 22.6791
-4.20276 -14.6495 2.141 5.30198 -158.106 -34.9308
-5.70903 5.34915 3.27462 -154.932 84.9564 94.6778
-3.08091 -14.7172 0.254047 102.835 -125.759 10.2757
-3.17289 -15.8002 0.237096 84.2138 -145.983 0.174612
-3.87607 -14.5087 0.125591 10.7744 -148.766 -30.2872
-5.81159 13.5351 5.67249 -182.158 -6.79305 -104.264
-2.25632 -15.9286 3.16674 153.194 -111.878 -56.8848
-5.4482 13.0764 2.56597 -164.995 17.9133 -52.3368
-2.67622 -12.91 5.24415 105.132 -109.983 -89.4728
-5.57432 13.782 0.158125 -188.877 80.621 16.593
-2.77875 -15.1364 1.25974 75.2568 -139.957 -21.3
-5.1859 13.2791 -0.675716 -165.866 21.5172 41.0066
-4.93467 10.9055 -8.85953 -146.555 -2.87898 156.815
-2.25112 -14.5132 -2.54957 115.375 -115.712 54.517
-3.02638 -14.8316 1.39304 36.932 -149.765 -12.537
-4.22931 -8.43208 9.47534 -88.93 -75.3869 80.9417
-4.23268 13.4882 4.64716 -104.272 94.6387 -100.527
-2.0395 -14.7976 3.51634 99.2497 -126.969 -50.6445
-4.8957 11.8997 1.29444 -195.584 115.274 -2.83139
-4.60616 14.5614 0.494375 -174.869 23.3933 7.68516
-4.25963 10.4707 7.53907 -143.188 -15.8332 -158.948
-0.853192 -16.0003 -1.79518 193.21 -65.4213 16.0456
-2.31695 -17.357 -2.16504 34.4273 -169.752 31.5009
-1.56607 -15.5375 -4.58865 107.292 -131.916 97.0461
-3.46748 8.81101 8.82991 -90.402 138.319 -78.32
-1.94676 -16.6251 -3.37161 59.7902 -156.613 75.5002
-3.45708 13.7608 -2.74907 -91.5151 105.804 59.5639
-2.12103 -15.2802 2.66443 39.8078 -147.376 -45.471
-2.46884 -15.2436 3.68165 3.87668 -147.638 -89.9224
-1.53438 -13.3321 4.17124 90.969 -109.136 -109.904
-3.59744 17.2586 -11.1652 -122.665 92.6456 80.192
-1.34912 -13.8519 3.32203 94.4832 -116.444 -67.6037
-4.30033 15.9563 -5.64779 -204.361 22.4038 136.579
-3.19992 17.3895 -2.3717 -104.528 143.555 35.0279
-0.105034 -13.9032 -2.40919 190.652 -22.6495 52.7128
-1.62948 -16.3422 -2.66425 29.289 -157.734 66.0072
-0.424625 -13.3673 -6.81962 147.718 -72.1244 138.644
-0.769199 -12.6649 -8.72944 110.118 -86.0312 167.333
-2.22636 14.8975 -6.15686 -40.1974 111.551 135.587
-3.42216 14.5178 -1.13959 -159.873 89.1827 41.0052
-2.94926 14.4355 -2.5338 -120.459 94.2084 65.2229
-0.428199 -15.617 0.600192 115.04 -125.104 8.33428
-0.0134219 -21.1451 0.493023 154.492 53.0728 -5.97777
-3.06295 14.0078 -1.14956 -149.926 64.3351 32.9035
-3.46038 14.5149 -0.246592 -190.334 14.0964 23.4274
-3.20014 10.5003 2.95118 -165.096 172.477 -60.9214
0.364544 -21.3924 -11.0106 186.448 -1.71451 175.251
0.329553 -15.1723 0.982388 182.931 -51.8805 -13.6072
-2.86858 13.1463 -7.13939 -140.142 59.2346 156.853
-2.0227 16.4526 2.61075 -58.4838 148.081 -45.3942
0.376485 -12.3785 -5.99446 177.113 -93.3807 366.171
0.152034 -9.15075 7.09751 149.966 -207.775 -147.65
-1.19727 -16.0826 -0.799001 12.2331 -154.372 4.16664
-3.29147 14.687 1.34096 -203.971 -21.6777 -26.8895
-3.21326 13.8093 4.24731 -197.61 -56.7901 -90.8217
-0.748439 -17.0496 2.62539 35.4262 -162.081 -49.0266
0.131528 -11.7733 -7.75858 113.34 44.7317 -60.7876
-2.63302 19.9792 -1.22438 -174.046 -37.4525 33.6077
-1.84543 14.5223 3.5212 -96.9779 115.467 -83.3219
-2.03479 17.3739 -0.0488729 -118.821 135.683 -11.0247
1.2595 -14.1733 -0.628268 203.033 -12.8328 -5.45081
-1.0403 15.9369 -2.65372 -30.2311 152.29 53.5383
0.274683 -2.1661 -6.41166 99.168 -82.0111 -133.488
-2.26574 11.8515 -6.94159 -157.561 23.4954 114.908
0.0312508 -12.7428 4.48916 67.3463 -121.067 74.1145
0.650297 -14.7209 -4.44846 118.253 -108.713 94.1093
-0.872026 16.9235 -3.94893 -36.8678 161.043 80.3676
-2.04161 16.4028 1.15816 -156.962 91.5559 -10.3181
0.0765808 -17.5077 2.10106 45.9664 -165.488 -24.5675
-1.86984 13.0327 5.59033 -152.374 47.3928 -108.165
0.313035 -22.9427 0.378329 54.2978 -85.1035 -5.25057
-2.17632 14.3123 -2.80665 -198.075 -4.51832 75.3298
-0.31521 15.2423 -0.207461 -16.0817 146.05 20.085
0.912039 -15.9062 0.543114 104.098 -61.2146 -48.7674
-1.03788 9.5948 0.053896 -97.9878 -126.915 -48.8538
1.26505 -13.3944 -7.87672 130.184 -76.5261 144.786
-0.0323499 -17.1235 -1.55781 -3.1448 -114.694 62.7094
-1.16831 16.721 -2.21224 -128.881 124.728 34.5473
1.74842 -16.2617 -1.04752 160.478 -77.174 19.4209
0.960998 -14.3534 -3.89484 79.2334 -122.031 100.43
-1.37201 16.4059 -0.632708 -152.837 105.945 -2.791
-1.72852 14.0227 1.54343 -193.476 10.9867 -65.0558
-0.666856 17.4347 -1.4128 -91.3009 150.227 38.6667
0.544966 -15.1302 1.41502 20.0895 -143.598 -5.17237
-0.756669 26.8944 7.97676 -121.603 -26.1089 -91.9927
1.84623 -15.7435 4.9497 132.974 -108.956 -102.352
-0.890762 15.3959 -0.442541 -149.507 94.0772 -5.5723
0.160213 21.9848 1.67736 -48.4541 396.804 19.5697
0.553318 0.0813317 0 -11.5038 0.782392 0
-0.790946 18.1693 4.17743 -153.757 97.696 39.309
-0.41752 14.3321 -1.12968 -120.603 100.975 14.389
-0.675629 12.3785 -3.9636 -154.703 147.252 85.2816
1.81759 -7.59232 -9.9136 78.2879 113.772 211.995
1.71341 -14.8316 -4.38131 67.9195 -130.435 111.393
1.88478 -17.2972 -0.122834 81.2561 -154.023 -4.14637
0.494581 14.9448 -5.5691 -58.5985 139.869 114.262
3.10654 -15.9206 0.647538 200.09 -24.0749 -34.8392
-0.409546 15.3573 -3.95831 -155.921 86.0262 67.8382
1.38255 -16.7396 -0.621777 12.5303 -100.278 23.9564
0.148349 14.7899 3.92429 -132.545 91.4727 -91.9064
-0.142335 14.7594 -8.10321 -169.184 115.654 164.198
0.293341 16.0974 -0.872319 -126.642 48.5515 -81.3428
-0.274112 8.51328 -7.67775 -183.628 60.2346 20.9909
2.74546 -15.7107 0.567004 115.886 -113.73 -11.2287
1.66944 16.0381 0.421438 4.63203 46.7029 3.1319
3.58255 -13.6295 3.63995 190.398 24.2501 -53.1657
0.782856 13.4398 -6.54889 -98.9551 104.578 126.343
0.143837 15.0565 1.09452 -164.668 85.4837 -36.9705
1.13765 17.3781 2.87368 -70.383 160.317 -28.6102
0.0476163 16.4957 1.69854 -179.355 84.8645 -32.6836
3.68564 -16.0109 -1.3912 178.375 -62.4313 43.9804
3.04336 -14.5098 -1.58046 99.551 -108.692 29.1785
3.63216 -15.501 1.59518 148.075 -71.3276 -13.9011
1.45894 14.5476 3.09301 -69.283 132.326 -38.3535
4.29431 -13.9922 2.46441 194.334 14.7596 -111.607
3.20453 -17.7785 -7.71566 84.6896 -147.612 10.5527
3.24229 -12.9725 -2.38537 87.4778 -124.853 50.5819
0.898897 15.0475 -4.13527 -151.162 95.6925 76.0747
1.67101 15.4164 3.4307 -76.0089 140.123 -43.8307
3.31888 -13.6938 -5.70859 85.5924 -166.461 131.066
3.22436 -15.3802 3.64663 74.5077 -139.426 -0.701044
3.06557 -2.11285 10.3814 56.2831 107.577 78.3466
2.545 16.1009 0.176828 3.84462 155.904 11.4828
1.07166 13.4319 4.2846 -143.05 77.3497 -99.1617
3.8639 -13.8073 0.827951 124.938 -83.113 -40.9423
3.46471 -16.7741 0.817995 85.014 -145.576 -15.0716
3.46703 -15.5712 -5.49729 74.576 -137.884 116.099
3.16939 -15.1899 6.34166 42.3577 -142.941 -110.619
4.70132 -14.2252 5.0468 194.308 10.0568 -80.1057
1.089 16.4763 -1.09423 -165.344 97.5336 12.0855
1.40695 27.614 3.44463 -134.47 302.713 130.25
1.73304 15.2337 -1.09676 -102.177 131.038 1.20113
4.39448 -13.5897 1.3583 158.226 -52.2961 -48.3979
3.99732 -13.4443 -4.26913 118.74 -84.4842 65.4245
1.38927 3.04384 -4.62108 -140.558 175.829 14.5657
4.6734 -15.512 1.23759 184.5 -20.3938 -26.2841
2.94954 15.41 2.5813 12.3602 151.525 -66.5866
0.929566 17.8264 2.23188 -195.656 49.9707 -44.9325
4.26481 -13.5659 -2.64409 129.259 -78.3838 58.0068
4.37626 -15.4274 -2.91472 139.885 -95.5946 33.9107
4.04745 -10.6885 6.49565 106.519 -93.0688 40.1398
4.34347 -8.96631 -9.32141 127.35 41.0864 189.793
2.7563 14.9165 -1.92625 -31.291 142.721 29.7988
4.70395 -16.8592 -0.098911 153.018 -91.0195 23.6658
2.78275 15.2379 -3.1693 -39.2281 151.14 47.8689
1.41051 13.6972 -4.44049 -177.271 36.1704 102.53
1.92096 15.5685 -0.264429 -128.039 129.432 3.47207
4.22716 -13.9924 3.13618 99.8698 -107.669 -75.2934
4.64725 -16.1489 2.32913 132.382 -107.483 -40.1979
2.30026 13.8028 0.910508 -103.137 173.168 -12.9719
4.54802 -13.4775 -6.38079 114.762 -88.2745 150.694
3.03342 12.4791 5.58635 -47.7712 124.801 -130.942
4.91453 -15.4833 2.90993 132.161 -100.684 -87.5876
2.1142 21.5442 -1.78298 -148.18 407.695 107.131
2.32449 14.5418 1.65937 -135.961 104.675 -44.8994
2.24772 11.658 8.26863 -145.405 95.8047 -109.188
4.03249 -8.70546 -3.94259 30.7828 71.4703 -62.7439
5.45479 -13.1335 1.39774 165.905 -9.47922 30.3861
2.19006 13.8749 -1.63869 -163.646 75.7861 25.2426
3.06543 15.7827 -1.36044 -79.6943 147.695 35.5065
3.49468 16.7119 1.41508 -43.1321 166.499 -41.0522
4.58118 -18.5448 -3.35474 60.3107 -78.0054 29.6491
3.70671 11.5571 4.46538 -30.7993 167.267 -78.7099
5.51188 -12.9581 1.61736 148.147 -71.8044 -91.4911
4.71266 6.71431 1.89949 66.5278 -97.6398 -99.2819
5.40843 -16.0087 1.86003 135.473 -114.249 -67.3294
2.967 14.1075 1.60672 -110.712 112.755 -26.699
5.8249 -15.1288 -0.899251 163.392 -67.1232 -4.28129
6.0244 -12.9377 -3.78801 180.832 64.6087 73.1237
4.93818 -9.11154 2.62623 65.2265 -190.141 -42.2623
5.27749 -11.1847 2.30466 97.3522 214.229 -46.0008
5.15015 -16.0369 -2.17538 81.0358 -140.67 40.9758
5.7177 -18.4001 -3.29056 134.42 22.7704 43.9554
4.4586 18.7274 0.142391 3.90356 114.565 10.4191
5.73883 -14.5459 1.93792 123.47 -99.1172 -36.9094
3.58319 16.3884 3.8563 -91.1004 154.226 -72.6621
6.36325 -12.7644 -1.20162 183.86 54.2802 19.1658
4.47085 17.2396 -1.80388 -9.63895 175.164 22.8951
3.08115 9.61914 7.44057 -148.591 121.058 11.4578
3.99973 14.4924 3.26603 -57.9248 137.92 -77.8433
6.34029 -13.7312 -1.10841 170.998 -19.3995 39.7529
4.75955 15.0935 -9.56485 10.5767 158.592 -12.0275
4.3874 14.37 -4.61474 -40.0885 143.232 109.599
6.22598 -13.1881 5.58284 139.93 -57.5335 -114.469
6.44783 -0.425426 -5.20069 161.343 -106.042 -1.95791
4.10521 15.5357 1.46377 -72.7306 151.892 -38.5056
4.8528 12.1283 5.7182 -10.2259 131.118 -122.805
3.21486 13.5277 3.44145 -173.322 45.9665 -78.0321
6.58381 -15.2285 1.9472 159.607 -81.1407 -64.4292
4.3495 18.9939 -2.54647 -69.3943 103.968 37.1061
4.31446 15.2199 3.97921 -77.4163 145.839 -90.5885
6.95404 -14.7817 1.17559 184.354 -15.5945 -20.8098
4.99069 14.7479 1.36699 -19.4331 155.333 -19.8541
6.16557 -13.8629 2.44488 94.5636 -113.477 -76.5794
3.7796 13.1028 -3.63187 -154.198 78.7882 66.5343
6.89166 -13.335 -1.80473 153.733 -51.7282 47.693
6.93733 -11.1767 1.98657 157.339 136.238 -24.0188
4.31502 11.5543 -2.03967 -103.767 181.01 49.0691
4.69589 13.7077 -1.19108 -69.7238 199.338 13.789
4.68852 17.1939 -3.92784 -72.1276 195.316 -243.198
5.46852 10.5714 12.4307 2.50289 107.288 6.93735
4.76351 13.46 -2.20586 -82.5372 134.638 29.8977
6.80779 5.7918 -1.19716 117.478 -95.755 91.5439
7.61319 -13.2184 2.52299 188.511 101.726 -52.0181
5.52611 18.2118 0.333122 -21.0268 134.965 4.69478
7.30882 -15.3919 -1.13027 154.097 -90.5716 -1.2192
6.57344 -13.0553 -3.23624 79.1132 -117.696 42.3398
6.34239 -4.27064 9.97853 37.2496 115.109 -213.521
7.72785 -11.4087 3.25402 163.888 48.2539 -60.401
7.44404 -13.3022 -0.0277506 132.26 -72.8648 0.0124246
7.55605 -13.7286 5.50799 136.813 -76.5111 -112.767
7.74516 -12.064 -5.08075 148.822 -33.5371 93.1084
8.11445 -6.58311 6.67964 172.63 -53.8947 -128.758
8.00569 -12.7614 2.73142 160.583 -34.8023 -70.0051
8.33945 -12.9458 -3.11319 193.398 55.6284 72.9202
6.05445 15.8961 -2.14017 -35.3433 165.459 53.692
8.1303 -12.2614 -0.11738 169.494 126.378 19.6067
8.23339 -11.695 5.59564 169.139 119.803 -91.7105
6.16599 12.8715 3.0145 -37.3852 254.334 -58.4737
5.89844 0.618906 -6.69688 -69.0815 -92.3128 -18.3228
7.20301 16.7056 1.78309 59.2278 169.316 61.0123
8.03856 -15.0993 -2.82218 142.196 -101.042 33.6923
4.82675 13.584 0.384164 -177.547 76.1115 -17.1484
8.03558 4.62857 -2.84469 135.243 18.3244 -116.791
8.62521 -14.6722 0.557081 192.766 23.6508 26.7659
6.39671 13.821 -1.68307 -30.4329 215.389 -42.3765
6.87811 9.88215 -7.74601 14.1226 119.46 149.766
7.07903 1.39846 0.807261 34.0382 214.446 42.8119
5.45288 17.0349 2.76725 -127.733 71.4631 -51.3793
6.72182 12.2502 -5.80006 -2.74023 142.165 109.404
6.1708 13.914 2.00594 -58.7597 156.063 -53.8972
5.80453 10.2311 -7.43941 -97.2093 155.661 19.1377
5.24161 14.0647 0.140262 -153.724 124.894 -4.32599
5.01692 11.8964 -0.469708 -177.593 -7.31441 104.532
5.74348 14.2161 3.18386 -108.037 132.435 -73.47
8.41781 -11.2979 2.64206 155.846 -8.11946 -55.379
8.20577 -15.3342 2.00937 132.977 -104.019 -44.6456
5.32202 13.0836 -4.63582 -154.807 93.7278 102.421
5.93813 13.5835 -1.8227 -97.4923 194.738 23.6317
7.65377 14.1561 -2.04488 58.0234 84.1337 41.6936
8.64523 -24.352 10.4054 150.396 16.8285 -82.0229
6.55424 12.5833 -3.50323 -63.2182 138.553 80.2546
8.92558 -11.5319 3.56029 163.435 6.72469 -80.441
6.87768 18.61 -1.56545 -41.0346 42.4864 28.6995
7.02816 15.2699 -1.48144 -30.2565 172.313 25.7894
8.25883 -14.8298 -1.54396 90.4404 -155.217 129.407
7.99607 6.46016 -4.39989 61.5014 -123.227 14.8052
6.73854 15.3021 -2.98615 -64.0445 168.953 48.7478
9.04776 -11.2376 -3.17684 164.027 -1.48672 59.5698
7.46567 1.34348 4.1521 3.08291 -112.881 40.3622
7.89835 11.1941 4.23384 41.365 139.28 45.8711
8.96728 -11.8999 -0.60641 140.818 172.278 -7.30256
6.48406 6.27807 -2.1401 -108.387 -123.538 -27.566
8.06802 12.3271 1.76562 46.753 191.358 -31.1639
7.26079 14.0059 -2.18622 -43.3784 163.568 40.8004
9.35625 -12.4895 4.08892 155.53 -45.2921 -99.0357
8.50022 33.5548 -12.3092 69.575 197.466 21.2757
6.99802 13.0216 -2.61444 -81.3443 140.118 43.1073
9.3837 -1.36115 4.02779 148.052 -60.9027 53.2908
8.11139 25.4865 -1.92924 17.6313 413.548 -92.1835
9.32197 -9.49291 -4.33792 136.495 129.206 85.3441
7.26293 29.2074 -1.23261 -69.6769 222.821 -89.9736
9.81297 -11.0434 -3.39469 166.139 14.1124 78.8482
8.39543 13.8932 1.07419 19.5553 158.579 -47.8194
6.90682 12.0996 -6.1529 -128.616 124.779 113.428
9.88311 -11.022 -1.50641 163.728 41.1704 48.9752
9.52383 -7.77303 9.16621 125.856 -3.29239 -175.083
9.73616 -12.8301 -0.751244 145.433 -73.5373 45.1811
8.6169 11.3673 -2.29075 33.556 191.807 44.9575
10.0553 -13.0322 6.5134 173.618 130.544 -117.102
7.90576 15.72 -0.805464 -44.5826 179.526 11.566
7.48876 14.8752 -0.41019 -88.2006 119.97 -4.18841
7.92743 14.4883 -0.811285 -48.8426 104.911 11.0252
10.0384 -9.94416 4.32658 152.516 -3.53994 -81.8807
9.84775 -9.57413 0.648754 131.526 151.763 0.381169
7.16155 10.9119 4.70526 -135.427 111.415 -110.853
8.79047 6.37493 -6.24733 22.3934 162.445 32.6426
10.0931 -9.34581 -2.90228 150.757 67.3725 65.773
8.23431 13.3563 -0.614939 -37.3703 172.216 -4.97085
10.4141 -12.2676 2.89066 178.847 -8.93524 -67.372
9.90753 -16.279 -8.62272 127.485 -111.844 -10.9446
8.32541 13.5485 2.16389 -33.3227 165.391 -25.8337
9.17829 6.02907 3.77509 48.3267 206.759 61.5334
10.3337 -10.8897 0.68361 162.567 6.69299 -5.77973
9.62679 -9.96616 -1.51767 89.9716 204.221 -54.8012
7.72237 21.1377 9.31585 -104.602 112.089 -46.8143
10.6331 -11.5155 0.659024 181.104 38.6793 -13.1957
10.5383 -12.8774 0.758588 170.037 -32.4118 -23.8122
8.526 8.15458 8.19074 -30.6275 133.685 -180.815
10.3063 -12.0449 3.66186 142.037 -68.4279 -18.5198
8.94487 11.8026 -2.69762 5.64945 150.866 42.3308
9.27219 15.3521 0.799486 34.0233 170.188 -24.9204
10.3369 -10.1785 2.07746 139.483 138.489 -48.3882
10.7955 -12.9724 0.130089 177.905 -22.7852 66.4498
10.2503 -11.9059 -2.34567 122.691 -90.5582 67.2963
10.3704 -7.45998 7.81782 134.429 54.2612 -147.481
9.67524 -3.19133 8.94828 65.2815 122.62 -182.478
10.5876 -8.84312 -3.32078 152.286 70.1819 53.1538
10.8033 -10.8049 -2.85852 169.922 74.8313 79.4361
9.611 13.2856 -0.824975 47.4906 153.739 36.6822
9.95521 7.98206 -1.72184 76.7962 127.635 65.4911
10.9912 -12.0659 0.0737367 179.168 21.4036 14.7585
10.7353 -5.82858 -7.60941 148.455 1.72352 17.6995
9.99761 6.289 9.23774 75.1432 168.295 -206.143
9.24102 11.3458 -4.7803 -5.79932 149.422 86.0105
9.70157 8.72772 -6.7649 38.4228 127.422 -33.1238
10.934 -10.0264 0.899083 150.381 91.7938 -54.3644
9.00899 13.974 4.18535 -47.5667 165.392 -66.136
10.9662 -11.505 2.51209 145.752 -62.3437 -74.5258
11.1599 -9.95235 -3.5289 161.222 86.8845 56.5919
8.68706 11.7705 1.7878 -86.5934 152.713 -41.235
11.2495 -7.34195 0.211696 166.301 -5.57671 7.72777
10.8997 -8.55096 1.91799 130.833 146.178 -36.5716
9.15599 7.11872 -7.38494 -52.4733 137.131 143.639
9.33332 26.2689 -10.6552 -34.8658 158.158 -18.2121
10.4836 -7.09337 -4.30169 76.8958 178.95 -63.5292
11.4224 -12.6649 -0.819424 166.186 30.9487 27.7157
10.865 -7.7772 3.4047 106.407 165.08 -60.825
9.81497 12.6262 -2.15859 1.31571 162.191 30.1366
9.88308 14.3125 -2.74061 7.81609 170.903 66.8758
11.3188 -9.42813 -0.152477 149.156 116.68 -2.46785
10.0583 22.3374 0.226263 22.5318 460.159 58.1184
8.75739 10.7919 2.2542 -108.299 147.326 -15.9701
11.5231 -7.86132 2.25049 163.309 -74.9662 -40.2289
10.6379 0.572768 -10.2792 72.9762 110.006 -92.6414
9.72423 5.82209 -5.10722 -20.2406 196.615 120.161
11.7303 -11.708 0.0313914 176.434 -1.27021 8.73888
10.7698 12.9147 1.10489 78.0881 142.732 -34.7216
10.2111 8.96827 -5.13743 21.4794 142.351 94.2755
10.7417 -6.9654 5.34942 71.2358 184.121 -100.868
11.6434 -9.31049 -5.01362 157.62 78.4293 121.427
11.7115 -10.3193 -4.50239 160.509 -12.8369 109.752
11.3667 -8.57083 0.972918 125.797 152.807 -9.66822
11.363 -6.08132 5.3213 124.771 94.5176 -107.295
11.6972 -9.28124 -5.01869 157.805 70.5654 87.2347
11.3698 -9.77327 -4.12291 123.928 -74.7177 78.2723
11.9682 -8.00622 11.5112 174.833 84.1601 214.099
11.7895 -16.8477 6.11434 157.04 -92.5788 134.806
11.9162 -10.2948 -1.91493 169.249 5.90334 40.3369
11.022 -7.40874 -1.65106 79.4506 201.948 21.5965
10.1782 16.0313 3.40216 -4.39312 47.5292 -72.4249
9.84165 9.36004 -6.15255 -38.1678 149.594 115.967
8.91972 11.9981 2.34126 -132.136 139.995 -44.6542
11.6243 -6.62258 5.77165 135.532 80.6558 -116.47
11.5712 -9.27548 0.000218673 129.805 -47.3841 -44.02
11.4492 -3.78051 -7.9138 115.903 47.3081 167.804
9.74009 11.1372 -5.04205 -55.464 162.665 74.7404
10.0463 3.33362 -3.57013 -26.1269 311.335 87.5369
12.0262 -13.0786 0.85483 168.342 -61.2973 -28.6371
11.419 -7.6373 0.721829 105.503 166.834 -25.1473
10.9113 12.1208 0.78595 54.1461 176.119 -62.313
11.5006 -7.13255 3.4386 110.961 151.858 -60.9971
10.4076 3.00311 -8.71075 -2.92134 144.935 177.163
11.8126 -6.05569 5.76941 134.64 77.1225 -134.349
11.7009 -6.50931 5.41457 122.995 109.656 -101.892
11.4095 5.93676 3.04194 93.0456 143.332 -13.7593
11.5174 7.95847 -3.63981 103.669 86.6226 82.9025
11.2808 9.55904 -1.7724 80.0799 120.914 24.7077
11.3172 -7.2101 5.58444 82.2355 177.748 -115.267
12.1374 -9.29275 -3.12631 163.163 73.5049 82.8693
10.5525 0.901289 8.13155 5.26411 146.311 -164.326
12.0614 -7.0599 -3.76524 154.109 32.8327 6.98509
11.0431 -8.08489 3.82639 50.9432 213.361 -75.6706
11.8498 -10.0541 1.60184 130.402 -74.7174 26.2432
11.9793 -7.39888 -2.70465 143.088 40.8607 73.0979
12.1054 -11.6929 4.00585 151.888 63.7317 -53.8454
12.1927 -8.49989 2.38693 159.735 57.6774 -31.8519
11.5332 6.08358 -5.40161 83.8506 146.523 -53.4759
11.3807 40.456 -30.424 67.6113 416.488 -317.774
12.3884 -11.544 3.57955 163.943 -41.4333 -82.1752
10.972 8.72632 2.05948 17.2765 150.663 -66.0549
12.4904 -9.56623 2.52012 158.996 -14.2869 -32.3725
11.1151 12.9621 3.13901 21.0695 168.895 -45.3482
12.4198 -12.708 1.31188 148 -89.6746 -43.5497
12.2241 -11.2037 -3.71689 125.796 -98.0628 62.0535
11.187 7.43002 -0.65107 16.4226 186.643 5.23242
12.3238 -10.3519 2.07701 126.311 53.6265 -42.0323
13.0132 -9.68643 0.171786 194.544 21.6574 21.0267
12.053 -5.36224 5.26539 97.7613 142.033 -108.553
12.4886 -8.08879 -2.7752 139.632 -35.1252 76.7921
12.8655 -10.6103 2.53033 175.705 11.7208 -34.4067
12.552 -7.38201 -1.1886 142.244 112.298 22.6791
11.1706 11.5101 0.195767 1.82841 167.64 14.4151
9.84861 19.4226 -4.0656 -131.266 105.004 -38.0812
12.1675 9.32966 -1.27291 93.8846 42.8141 -41.3396
11.8533 8.55145 2.96418 59.9967 133.55 -73.4525
11.2616 7.94347 6.27068 -0.558099 152.916 -139.459
9.49384 -7.91892 -0.766751 -177.743 184.995 16.2136
12.3875 -6.03158 2.45532 108.506 152.371 -69.4898
12.9548 -8.54641 -0.907263 163.126 15.6092 38.8931
12.0468 7.3318 4.8993 72.904 178.759 -99.5532
11.2895 16.6772 -9.54875 -8.62551 116.395 162.199
9.94859 9.62861 -2.49119 -143.861 144.805 58.1905
10.4541 3.18021 7.87475 -96.4393 144.083 -154.172
11.5928 2.48102 -2.2755 15.5778 210.804 35.1622
12.5296 -2.74821 -5.21523 106.941 104.393 116.905
12.0956 -7.15023 -0.358129 55.4228 196.533 -1.95001
9.96563 7.66588 -3.35748 -159.747 212.548 78.4729
11.4727 8.69729 -1.20855 -15.9121 204.651 41.8848
13.4053 -10.5293 -3.45562 174.348 -7.2166 72.4138
12.4769 5.83016 -6.29698 81.5585 116.256 109.423
13.461 -9.87142 -2.10789 178.727 43.807 50.7336
12.2745 -1.10562 -5.88894 60.1817 147.098 118.123
13.3426 -10.4372 0.771467 162.833 -39.2868 -6.20259
13.1495 4.79136 -2.68146 142.938 121.179 52.569
10.8833 10.9051 1.67041 -87.484 175.272 -46.0561
12.7027 6.07798 -4.82794 91.6514 110.729 101.343
13.3889 -8.12838 -0.385104 159.221 78.6997 1.58991
13.1372 -7.05355 5.53138 130.862 -59.0497 -95.6806
11.5858 12.8285 -0.979241 -24.3963 180.947 4.82027
10.9929 6.96643 -5.24992 -85.5894 150.79 98.8872
12.3095 10.6989 -1.46219 44.2914 87.8677 29.9648
13.3411 -10.7928 1.34159 142.732 -84.1681 -28.4626
13.8487 -4.77546 -6.64371 191.92 25.5149 39.3073
13.1674 -4.79917 -5.1711 123.543 109.105 95.7615
13.1111 -4.75355 -2.89785 116.38 132.94 61.2717
12.4794 -0.101859 -7.28731 50.3566 -76.3854 -37.0522
12.755 7.45181 -5.09067 76.8321 125.446 124.469
13.7296 -10.0307 -1.15799 172.59 -7.32761 42.8853
13.0799 -2.54159 4.07928 107.884 -97.4055 -64.2113
10.9622 11.8729 0.61316 -105.042 173.631 -27.9196
12.4009 8.20124 4.57067 36.6625 153.741 -105.9
13.5889 -6.86797 -1.59378 152.172 37.5796 30.0477
12.9765 7.9839 -0.00744902 85.6356 125.376 19.5169
12.9491 -3.07389 -6.06836 80.1095 150.825 123.728
13.6514 -6.5261 5.14114 149.254 10.9244 -88.2597
11.6376 8.06454 -2.40844 -51.632 163.209 65.1026
12.0988 4.04666 6.61726 -6.17784 170.191 -134.173
10.1534 5.57268 5.96731 -201.626 48.9528 -127.794
13.2052 -5.70944 2.64363 101.035 167.005 -46.2972
12.3308 5.36242 -3.4442 12.8864 264.016 275.121
13.3911 -5.42085 -1.41852 116.712 141.816 9.58475
13.0865 0.154569 -4.32929 85.2284 132.21 94.5178
12.5278 11.2324 -0.87652 28.5645 172.988 2.72657
12.5783 6.61363 -4.03094 29.4528 89.5882 154.019
13.5846 -4.936 -3.70012 128.45 112.763 84.5045
13.8984 -7.33559 -3.07758 158.301 23.6684 83.2219
11.1704 9.36915 -0.98931 -113.976 20.4499 -4.72132
11.991 9.59292 1.32177 -35.5232 172.213 -10.598
12.8261 -2.78348 -5.06761 46.3073 181.036 101.08
12.9277 10.276 0.784122 55.6343 125.693 -17.97
14.1333 -9.21677 -1.75874 175.082 75.2587 25.0475
13.9353 -6.49837 -0.179494 154.725 -6.57233 29.2032
13.1071 -6.10351 0.756722 71.3993 199.527 -11.1354
13.8759 -2.77223 0.0561507 147.16 146.124 -4.14046
13.547 0.562293 4.28765 110.898 85.9799 -91.8798
11.9695 -7.14411 5.6818 -53.4595 92.8567 -65.2997
12.8662 8.31607 -1.02809 34.8761 160.039 10.2102
13.45 -4.6941 3.77302 92.7973 157.695 -73.2894
13.5475 1.73113 4.66579 99.3537 108.418 -92.1954
13.8011 4.6305 -0.782362 124.275 65.5553 10.644
14.1572 -6.07359 0.740835 151.765 34.222 -21.9439
14.3861 -8.05109 -0.0744925 168.697 32.6284 21.6693
13.7433 2.87573 -7.75769 103.811 93.5111 155.961
12.2032 12.1201 -0.384926 -49.6147 172.232 43.8113
13.9989 4.45143 0.822786 127.404 114.863 -27.4979
12.3383 10.3253 2.81607 -39.9346 193.1 -19.7176
13.5296 7.54421 2.18309 78.1669 137.821 -25.806
14.144 -5.66651 -0.979403 139.11 87.4433 32.9935
12.3292 13.8721 -0.669857 -41.4464 145.509 10.7629
14.2242 -3.48563 -0.963496 145.07 33.4983 24.1065
13.2671 5.6052 3.10546 47.8127 148.777 -46.9334
13.6719 -0.415473 2.61342 87.6604 172.956 -50.1189
12.7282 6.55795 -3.14289 -6.26169 162.475 75.6945
14.5489 -8.85217 1.52272 173.883 3.15945 -7.50244
13.5979 11.8401 5.86005 79.4003 141.627 -80.78
14.4076 -8.78906 -2.40904 157.987 -45.6342 50.6607
12.8364 11.9188 -0.0660307 1.32579 130.009 31.4033
14.1661 0.525434 -3.02159 132.407 43.9826 72.6704
14.4538 -6.72491 -4.32825 160.213 44.7474 83.2308
13.9286 3.77971 -4.04384 107.523 94.194 85.079
14.2508 -3.98156 0.00305937 139.354 86.8387 -0.671747
13.6706 7.77653 3.28161 79.9071 136.821 -48.3903
13.821 6.28168 -4.2324 94.7075 120.245 79.1997
13.2537 4.76959 -3.5055 38.1083 157.967 89.968
13.8595 8.99569 1.13339 98.1246 129.628 -2.52134
13.5041 5.35531 -0.361707 62.0276 142.579 -1.67185
14.1815 -3.15156 4.01023 126.244 99.454 -85.7538
13.8426 1.01638 3.85263 90.6597 127.805 -85.2721
13.4375 2.04863 2.75661 49.218 164.077 -60.342
14.2474 6.35377 0.00610412 129.239 88.5521 -2.81375
13.5282 10.2303 -2.82017 55.602 302.095 24.0697
14.2255 -2.2696 -4.24971 123.18 86.2071 74.0511
13.0054 2.23634 -5.82687 -0.685086 224.951 87.2242
14.6807 -6.71463 -0.368624 165.454 42.479 0.762051
14.6754 -10.3657 -0.397252 164.51 -57.8805 18.7523
14.1506 -1.87836 -5.66454 110.499 104.361 123.369
12.2598 2.96764 -5.21713 -77.4241 178.463 91.662
12.2823 9.25081 -4.61585 -75.6546 118.662 110.561
13.8501 10.435 1.92151 79.8102 156.702 -54.1417
13.7728 -5.16138 -2.48803 71.7215 182.931 56.514
14.7684 -8.0273 1.58902 170.495 29.3258 -12.4968
13.0033 6.31472 3.02659 -5.13032 175.456 -52.2978
14.5483 -4.92049 4.3453 147.285 86.3138 -58.6444
13.7583 0.626049 -5.04694 67.7136 140.899 105.824
14.1827 11.4374 -0.831522 108.543 320.85 184.944
13.6997 8.15283 -1.21172 56.6646 162.25 18.8925
13.8633 -4.01829 -2.85015 70.3 180.522 55.9519
13.9272 9.33811 -2.14106 76.4608 164.791 -6.97075
14.7458 -1.67847 -4.15006 156.203 69.592 35.9093
13.3638 9.33494 -0.909303 15.2479 254.977 -139.815
11.153 7.54431 -2.8129 -204.936 14.7012 23.7302
13.8947 -0.869475 2.10252 64.904 206.498 -51.3218
13.3441 7.39643 -1.25946 7.6931 175.993 37.6091
11.1648 7.63725 -4.30371 -209.284 265.083 104.004
13.3122 4.0488 3.85138 2.58971 264.66 -75.8081
14.0683 -3.73747 -1.08407 71.815 176.246 19.1811
14.546 0.78359 -3.26711 113.151 100.934 80.7471
14.9662 -0.718283 -0.258394 154.509 76.7034 20.3078
14.5961 -0.476006 -9.69031 117.087 -1.18103 -7.91199
13.626 -0.944364 1.10546 19.9516 339.502 -20.1594
14.6415 -3.39315 -1.79945 120.767 127.281 52.3495
15.1288 -6.95833 4.46692 165.93 6.25782 -72.2039
12.0195 4.98478 -0.273713 -144.77 331.07 -2.9705
13.7693 6.92109 4.10713 27.4329 181.265 -81.0383
15.0513 -7.87465 1.62415 154.571 -13.8199 -14.9331
14.0011 8.72431 2.25166 50.1252 172.294 -42.0804
14.976 -4.94009 2.92609 146.935 29.5088 -126.121
15.1502 -5.61123 1.47101 161.919 67.9571 -32.9871
14.0332 9.64873 2.44261 47.8658 173.349 -63.3228
13.5946 5.30498 -0.967923 2.87614 185.648 24.0838
15.0123 -3.68233 0.752114 141.824 87.7608 -7.26561
14.7569 7.07653 1.64258 116.103 81.9172 -39.2793
14.6793 4.77736 4.41946 108.31 111.975 -73.2283
14.6461 3.36504 0.16784 104.107 117.183 -16.2743
14.9762 -2.34777 3.92459 135.455 84.8164 -84.1187
14.9262 -2.65549 5.09187 130.115 111.853 -95.7009
14.0129 -0.68839 -0.824027 39.0648 180.467 15.2712
14.8893 3.89225 -2.52486 123.26 89.4078 46.5761
14.2568 8.11967 2.69395 58.6037 167.175 -57.297
15.1043 0.551641 4.65955 138.21 -9.12603 -8.19934
14.0283 -1.04729 -2.10171 29.9408 226.287 -79.2126
14.414 -0.776153 1.85281 67.0305 155.124 -33.8926
12.8339 -0.411143 2.25955 -93.4034 202.361 -84.9539
14.9926 6.87457 2.23288 114.923 148.307 -17.4218
15.2579 -2.94064 -0.33304 140.284 94.8474 -16.126
15.2715 -1.4352 0.297711 140.69 66.76 -8.77821
14.8153 -1.17645 -3.86332 94.3318 150.128 65.6909
15.4104 -4.47569 -2.72115 152.785 51.2197 60.9484
14.9213 0.855682 -3.90285 100.551 137.899 86.3267
15.3858 -3.69418 0.429561 146.599 90.6776 44.9749
15.1317 3.63352 3.61181 119.709 95.3728 -81.0288
13.6487 8.81526 6.24236 -28.7127 101.731 -143.479
14.9003 2.13856 3.79592 91.4876 139.323 -91.4745
14.9578 1.89552 -2.76308 88.8478 343.946 93.0982
14.6781 -4.48803 3.51207 57.366 144.883 103.529
15.6442 -0.627079 3.47772 150.576 34.5729 -84.8863
12.9608 8.11958 -2.49887 -118.38 179.452 32.1151
15.8168 -4.37884 -4.12503 162.344 47.6141 90.3024
15.993 -7.66816 0.978808 178.784 12.1372 1.64146
15.8883 -5.25562 -1.74111 164.641 36.9826 -23.2066
15.0715 10.1399 -8.37801 81.6547 114.996 53.0363
15.846 -4.013 4.76717 157.591 40.3747 -94.6095
14.9533 5.53107 2.9123 67.3104 162.859 -52.5803
15.5984 4.36265 2.36778 131.169 88.5418 -55.4542
15.0215 1.46695 4.208 68.8085 31.3789 37.7184
15.9597 -4.95129 -0.121464 161.672 59.3123 7.08729
13.9771 5.17965 2.12926 -36.1242 186.624 -34.0726
14.3206 5.5755 -0.594754 -3.13639 189.436 16.4514
14.8097 5.56642 -2.89597 44.4778 173.141 79.405
15.017 -0.0346138 -12.5017 62.0648 145.405 37.7214
15.6737 2.64023 3.47204 117.658 119.651 -78.2491
15.8239 3.50443 -0.252271 130.058 101.126 11.0385
15.4844 7.46708 2.26115 92.9267 147.737 -73.7783
15.9996 5.00139 4.23625 139.831 81.9536 -94.5331
15.228 5.30888 -1.7958 59.3635 -47.5285 -17.2274
14.2276 5.994 -3.49489 -41.2345 132.284 65.1611
16.3247 -5.46758 -0.213617 163.199 69.2404 9.08746
16.3157 -0.183509 2.91933 156.068 -68.4981 -48.9777
16.2068 -5.12906 4.06699 143.389 99.5947 -35.7356
15.1508 2.44521 -3.19673 37.7906 134.314 64.3298
14.7572 3.77182 -1.05809 -4.36639 204.202 7.8432
16.4274 -2.99973 -4.0312 160.74 66.244 -55.5042
16.1274 0.431496 3.62094 130.755 53.5346 -57.6928
16.1953 -0.852213 -2.20416 135.738 93.96 52.3634
14.8762 2.29601 -2.836 -4.81107 201.863 75.5485
16.5352 -1.97763 -0.640363 156.343 63.7511 0.0884865
15.8745 26.6656 -1.63483 80.2509 256.744 -29.0471
16.6881 2.18642 0.183828 158.698 33.2427 -21.9488
16.1104 7.14074 -0.215923 98.4218 -4.39346 33.8875
15.0962 7.00899 8.10329 -8.65942 158.122 -39.1269
16.773 -16.8753 13.6927 151.435 -19.9964 -86.9169
16.9248 -3.49657 0.916504 160.707 85.3461 -9.60193
14.8723 4.08867 -1.19482 -44.0188 206.983 15.0496
16.2693 3.38869 -0.6071 89.8888 152.876 15.5249
16.6205 0.147517 3.93653 116.179 145.498 -28.4843
16.2874 8.15295 14.3528 55.1495 121.43 -132.775
16.9611 -6.53339 -1.21113 119.177 -40.2716 48.1552
16.1298 3.21489 0.719876 26.2893 198.846 -7.34761
17.832 -2.60858 -0.673601 174.048 6.0708 19.0408
16.9588 35.5102 -8.93208 83.991 256.095 31.9549
17.3923 -0.589173 0.189307 122.576 143.215 -8.39787
16.009 12.6183 0.580049 -30.9808 44.3333 -6.04877
16.1228 16.7526 -6.4083 -32.6602 102.33 95.7464
17.6316 2.26166 5.49312 60.3455 256.369 -16.5385
19.9375 8.36094 13.2129 148.1 172.147 96.4695
19.8068 3.68422 -1.13969 62.3754 139.563 27.2838
nan nan nan nan nan nan
16.0505 -0.836982 -2.70595 111.521 137.831 52.1551
16.4722 1.1058 0.6429 129.813 104.759 -17.7187
