-12.2786 4.53599 1.94704 370.846 -127.935 -123.926
-16.826 16.2787 8.07404 -103.626 -165.235 34.5526
-16.5272 -0.742897 2.26537 -104.47 -106.104 32.8096
-16.0709 2.04423 -10.0778 -91.6264 -87.1783 -51.7023
-11.6608 -3.85376 1.27537 321.251 -214.97 107.548
-13.1233 -4.86992 -2.14024 91.9494 -194.934 -12.0409
-12.9167 -2.16271 10.602 105.774 -222.402 45.3221
-13.5328 -0.718472 -3.5743 32.5637 -254.231 -19.9997
-12.9797 -3.6153 5.77623 75.4054 -193.798 20.7992
-12.7084 -7.05712 -7.16369 89.4145 -174.871 -36.8315
-12.7701 -2.49298 -4.78495 68.2462 -193.44 -5.97662
-14.2928 14.4225 1.28084 -88.1676 65.051 6.69115
-12.1816 5.09634 -0.49189 111.85 -188.64 -16.9678
-12.156 -2.39506 1.65165 91.0971 -200.859 -2.05733
-13.2479 -3.24728 7.22391 -27.2548 -160.263 -17.7643
-13.2008 2.04135 -1.25605 -24.6766 -202.519 -1.26666
-10.8797 -12.6778 0.173527 201.06 -224.847 7.02687
-12.4359 2.13255 3.20324 46.1703 -129.818 99.6711
-11.5683 2.30255 1.09291 119.539 -206.256 -5.9875
-11.1518 -7.90986 1.80618 152.452 -157.206 8.36275
-12.2194 1.96424 -2.61728 40.803 -244.18 -15.5698
-12.3926 -0.703525 8.00528 21.7673 -194.828 36.7556
-12.5407 0.00244017 -6.10688 -3.70923 -194.785 -28.8167
-9.166 -5.63393 -2.79056 320.983 -86.1455 96.6566
-9.33361 -8.50655 1.31392 302.71 140.583 71.2658
-11.0561 -3.59052 -8.40807 121.216 -182.693 -53.1267
-10.3468 -4.32733 0.598143 184.627 -162.411 9.73661
-13.1769 12.6961 6.11748 -98.7492 -153.483 27.5716
-10.5825 -17.7986 19.9416 157.863 -186.671 121.684
-10.6771 -2.42955 3.15851 140.688 -192.292 7.97496
-11.2385 -7.16678 2.57059 76.0692 -263.335 8.90115
-10.2971 -4.28519 6.0388 168.491 -171.471 35.7722
-10.3221 -5.97624 -0.0677025 164.557 -151.012 -1.71075
-11.4832 4.46126 13.0494 41.0383 -227.659 72.3663
-10.8385 -1.77298 0.40886 103.121 -203.641 -8.5064
-9.70925 -6.14206 2.81319 212.559 -140.288 22.5389
-10.0603 -2.61632 -0.781773 174.964 -128.9 6.48833
-10.1963 -3.99381 5.26587 156.098 -164.473 39.9473
-11.5064 2.83108 1.07553 23.3878 -246.844 12.1034
-11.6453 1.95198 2.09694 8.00585 -206.403 16.4747
-9.82851 -5.09794 -5.91755 182.102 -154.384 -33.1027
-11.242 2.339 -2.76948 36.0987 -224.731 -6.35615
-10.1174 -6.53656 0.936565 142.554 -298.433 15.9096
-10.2933 0.200362 -5.32978 124.809 39.7628 -69.357
-9.4469 1.02039 -0.0376025 208.333 25.9556 -6.27133
-11.7674 3.35611 8.04303 -36.6745 -199.778 39.4398
-9.89516 0.305201 -1.90151 147.647 -216.486 -29.9329
-12.6321 21.3834 -0.138939 -130.172 -144.376 4.41276
-10.4982 9.31345 -4.82888 81.7214 -182.81 -26.0967
-11.6751 5.25079 -0.32688 -35.8302 -220.337 -0.909693
-8.85569 -12.615 7.82251 243.934 -12.1988 7.38424
-9.21975 -4.5295 -2.4462 204.389 -134.821 -20.098
-9.01378 -1.38923 -1.61607 221.502 -87.6879 28.0639
-9.13842 -2.29653 5.76103 208.703 -151.802 29.2448
-9.12281 -7.18822 -1.0357 210.038 -246.58 -3.3138
-11.3695 2.33478 5.36825 -15.8173 -196.586 34.0662
-10.0917 -1.60432 2.94742 108.933 -185.75 -0.278157
-9.08335 -4.13422 1.06493 208.69 -142.214 0.0628522
-9.67737 -2.33796 -1.58255 149.062 -176.589 -2.62803
-9.57199 -2.515 -1.15675 154.489 -178.577 -10.8035
-9.39124 -2.45718 -5.05605 170.207 -159.048 -32.3638
-9.9718 -1.80279 -4.15551 112.302 -182.158 -22.8366
-8.7163 -3.41468 2.99239 233.564 -125.922 20.9412
-12.0916 7.63137 4.53668 -102.189 -164.547 20.4657
-8.58064 -3.36533 -1.62892 244.342 2.955 -43.5183
-8.65999 -1.31326 1.06584 227.808 -140.255 -46.7955
-10.5186 2.30639 5.53245 41.6107 -228.952 38.2089
-8.71423 -4.51292 2.70471 220.807 -108.367 4.4191
-10.0914 2.71529 3.05453 83.5368 -218.251 6.03726
-8.31219 -0.741601 -0.955823 256.741 -112.727 -15.5744
-10.2013 -1.13974 9.42592 67.2593 -166.773 67.9438
-10.2123 2.44117 -0.969999 64.0696 -244.462 -13.3822
-10.3743 7.16239 6.72102 44.9517 -202.548 34.2496
-10.8265 6.01713 -0.939698 -7.6045 -158.93 -103.942
-10.2832 2.45085 1.71025 46.3029 -269.93 -65.9549
-10.4971 3.03597 6.134 22.6982 -226.968 38.7144
-9.529 -12.6396 -0.385976 117.919 -132.522 0.906544
-8.21751 -0.849191 0.302057 246.396 -84.5233 58.0961
-8.51451 -1.26466 -7.6214 214.902 -85.1847 -37.7344
-10.575 22.772 7.70434 5.46408 -387.519 -0.486437
-10.0863 3.41992 -0.0437524 54.0005 -247.83 9.25852
-8.74834 -6.93203 9.53625 184.895 -120.752 42.9789
-8.66526 -6.13284 -3.64963 188.561 -123.071 -15.3946
-8.40201 -7.41454 -0.376804 213.973 -131.658 0.364854
-9.93972 0.213937 -8.65459 60.671 -188.376 -51.1067
-8.15661 0.0182669 -1.95162 234.921 -189.671 -4.90326
-8.69492 -6.71949 5.03715 181.173 -123.433 30.9582
-8.21794 0.578942 0.0499273 225.104 -153.037 7.59548
-8.70471 -5.59773 1.9066 175.653 -126.39 11.4013
-7.87924 -3.33261 1.67227 256.999 -72.383 10.6186
-8.4016 -0.829551 -3.79762 204.409 -149.135 -13.5283
-10.417 3.82696 -9.34321 3.00529 -180.85 -87.3318
-9.97086 2.84551 -0.277021 46.6796 -231.337 7.31244
-8.44819 -0.072026 -7.91651 197.407 -160.948 -48.2028
-8.29775 -7.64142 2.83431 210.835 -104.51 14.2763
-8.72623 -3.93475 -5.68316 167.91 -137.28 -31.7253
-8.45978 -8.04625 5.7197 194.21 -115.543 21.3128
-9.22654 4.54659 5.68776 113.528 -92.4561 -66.4608
-7.81062 -1.40962 -5.34668 251.502 -83.8601 -12.3218
-8.112 -2.81271 -2.39874 221.321 -116.755 -8.17719
-8.39527 -3.07858 8.0559 191.961 -127.039 37.9162
-7.9757 -2.19114 -1.79178 231.841 -110.223 6.94233
-7.8522 -2.47781 -4.42359 243.275 -87.4926 -7.82714
-7.89726 1.17534 -1.45774 235.314 -144.041 -9.50289
-9.49734 1.14181 2.50536 76.3478 -205.566 8.04535
-7.96377 -3.84416 -1.51681 225.668 -38.7152 -22.7567
-7.85617 -8.31201 4.95656 235.531 -82.8823 23.483
-7.87555 -0.0958927 0.135536 231.735 -129.319 -2.42591
-10.8734 5.06197 -8.63306 -66.1962 -174.3 -38.4363
-8.88901 -3.89761 -10.9338 130.702 -262.355 -37.4543
-9.98486 2.16079 -7.74 18.4713 -200.734 -35.4116
-11.2112 2.65866 -1.65252 -103.739 -288.68 64.1488
-8.02003 -5.33715 -3.51893 211.618 -105.605 -28.704
-11.0557 6.75632 -3.58063 -90.8919 -195.694 -21.553
-8.30528 -2.63828 -5.17188 179.491 -135.396 -29.0468
-8.03326 -8.60384 3.55074 204.626 -110.466 32.7484
-7.35813 -0.748866 0.96497 269.029 16.3858 39.1977
-8.55399 1.92173 2.51567 148.325 -223.472 -0.0826102
-9.88867 11.2649 2.05946 13.5717 -82.0742 59.5436
-8.17319 -2.38068 8.51956 181.378 -140.829 49.3631
-8.07159 1.70049 5.35965 189.592 -193.659 30.8942
-7.35502 -7.13897 -1.43941 257.619 -57.6009 -6.6893
-7.77755 -2.52225 -1.22101 215.093 -106.184 -15.4477
-7.75913 -1.55395 -3.11934 214.47 -119.402 -15.3085
-7.59102 0.333721 -4.77106 229.363 -125.189 -28.6346
-8.83527 -2.71636 12.7217 101.05 -147.798 84.369
-7.57947 -10.2417 -0.65272 222.897 -96.5017 1.67955
-9.79186 3.76425 -3.43973 -0.222613 -222.16 -12.2133
-7.22604 -3.28732 -2.33471 254.27 -36.7282 -11.4935
-8.11714 -0.639948 3.72155 165.031 -160.371 -0.691188
-8.16732 1.35617 6.44967 159.639 -197.989 39.1809
-7.12386 0.206796 -4.26043 261.628 -40.3699 -26.0767
-7.63504 -7.09016 0.132948 206.96 -12.2928 -47.4247
-7.33529 -4.52635 -6.54966 235.926 -74.3971 -33.508
-8.32074 -5.9936 9.45192 137.54 -130.673 49.4569
-10.3509 5.69714 9.14285 -64.3025 -193.558 57.549
-7.00819 -6.27091 -1.70703 266.858 -11.7576 -13.7507
-8.76212 -3.49765 -12.5617 91.0817 -138.886 -65.8996
-7.6423 -6.09811 3.18504 200.684 -92.8478 16.2005
-7.25105 -2.76284 5.93406 239.143 -65.4655 33.3035
-7.42073 0.253559 -4.51442 219.741 -128.835 -13.0323
-7.27295 1.78514 -0.524606 234.318 -137.573 -1.09498
-7.37304 1.43845 -0.626737 222.249 28.9413 38.5528
-9.47833 14.2233 8.06984 11.9239 -445.888 -76.9966
-8.87631 0.993737 12.3267 71.4406 -192.659 60.9428
-7.84606 1.90971 5.97234 169.51 -193.987 13.219
-11.0533 10.3384 2.76354 -149.085 -152.011 26.5966
-8.26448 0.839252 -7.92404 124.288 -194.361 -57.4831
-7.99358 -3.35276 -9.36684 150.848 -128.111 -46.8693
-9.95478 0.927409 -4.13685 -44.7132 -248.423 -25.7981
-8.05206 0.673145 -0.613209 143.669 -184.902 1.00883
-7.37411 -7.60134 -5.56181 204.8 -85.2122 -28.3951
-7.03537 -0.966375 -2.70614 235.39 -78.4061 -42.4243
-7.2463 -8.06323 2.97292 213.495 -25.7345 16.2418
-6.7378 -15.1486 -2.9376 263.577 77.5707 29.0942
-9.05642 2.80826 -7.16287 28.6133 -222.486 -32.1833
-7.45945 2.85164 -4.60051 186.598 65.6428 10.4751
-6.81981 -4.45224 2.54623 249.965 -3.30848 9.27858
-7.10156 -9.23157 -2.84712 221.158 -85.2549 -18.0703
-7.01509 -0.532588 -5.21296 229.299 -104.364 0.765734
-7.21107 -10.1124 -4.73688 208.405 -88.2846 -28.0486
-7.73272 3.61672 0.00156774 148.866 -231.519 27.3463
-7.40813 -0.00799135 -1.2928 179.509 -148.915 5.32865
-6.93273 -1.15777 4.42526 226.43 -74.7663 38.3114
-9.15938 5.21213 0.297451 3.44005 -241.858 2.79741
-7.32027 -6.1007 -6.52283 185.811 -91.1844 -22.4084
-6.97132 -6.30921 -2.88661 219.051 -69.2304 -18.2509
-7.47951 -6.75967 8.88609 168.498 -88.1474 46.82
-6.51352 -6.45893 -3.8787 263.666 -13.1817 -25.282
-6.97531 -5.05885 -0.757948 217.519 -73.5384 -2.63216
-6.56818 -5.36109 -1.87601 256.658 -7.75389 -7.8017
-6.71377 -3.38325 1.61715 242.066 -32.7088 10.5589
-6.7477 0.813591 -0.331451 237.321 -78.4141 -12.3821
-7.56019 3.15736 -5.39926 156.453 -215.466 -46.5158
-7.38942 -11.8079 3.02949 170.132 68.7352 47.0516
-10.3398 -0.773333 -0.0927306 -125.729 -132.275 14.5593
-7.2111 0.00547831 1.88125 183.698 -136.229 -48.2858
-7.66023 2.52009 7.73042 137.571 -206.683 51.6746
-6.26633 -4.28549 -4.95686 273.733 -2.53041 -29.8823
-6.53597 -4.64666 4.62832 245.677 -4.76456 20.5072
-8.50273 4.62561 2.86285 45.6911 -256.46 22.1324
-6.57378 -0.282689 -5.78175 235.893 -50.9416 -29.4221
-8.68814 -0.415477 -5.33527 25.2752 -230.365 30.6748
-6.95697 3.07079 -0.270065 196.858 -187.461 0.783977
-6.37357 -2.44018 -3.74716 245.408 6.99318 -17.9078
-6.37786 -7.03402 -5.87858 244.688 -29.0817 -23.7019
-6.19417 -4.5844 2.66522 260.943 51.9525 12.4229
-6.77299 1.72602 -0.661416 200.401 -147.376 -9.2395
-6.34605 -11.479 7.1315 241.118 60.8074 23.3032
-6.29512 -2.86094 -0.737545 245.052 57.1818 -5.68817
-6.48521 -1.53089 1.77059 221.954 -86.1894 -5.62188
-6.87283 -5.10979 -4.96161 180.346 -4.90647 76.515
-6.78678 1.86148 -4.9462 186.752 -157.981 -48.5127
-6.17178 -1.02729 3.84892 245.971 69.4171 12.7966
-6.38398 -3.82122 0.381617 218.46 119.276 -0.893935
-6.46556 -8.73915 0.898439 210.356 -59.6305 6.48683
-6.17713 -2.57599 -0.7518 238.068 -21.5297 22.5647
-7.46745 2.39836 -1.94397 106.368 -240.497 -23.4949
-8.10245 -7.99282 -8.10532 38.405 -360.098 -87.3324
-8.11277 3.56085 1.24052 33.5569 -218.449 12.0536
-9.39571 7.53411 -1.60803 -94.191 -180.967 -26.997
-9.68357 9.0748 -2.04215 -124.959 -201.762 -1.89479
-6.26488 -5.7223 11.5219 212.129 -43.5251 63.334
-6.49592 -6.64765 -11.7882 188.848 -76.3437 -61.8256
-5.72291 -4.95718 1.62235 263.965 85.0918 9.31572
-6.15384 -5.41842 3.91283 221.027 -45.5842 21.802
-6.42967 -4.12626 -4.78035 193.401 -135.974 -8.81254
-6.12314 -6.84014 -5.09214 223.224 -18.2672 -31.1295
-6.13191 -2.20757 -7.98297 222.319 -28.4808 -41.8443
-6.2903 2.04479 3.57836 204.519 -127.264 25.6334
-6.1798 -1.17067 7.18016 215.061 -51.5098 39.8044
-5.93698 -5.09033 -3.39861 236.57 -7.98834 -16.1284
-5.69656 -5.47862 -5.84752 258.281 45.7831 -33.0925
-7.51816 2.31756 8.03897 77.3237 -256.364 133.467
-6.94327 4.4777 -4.82294 129.146 -156.755 -47.7945
-6.35973 2.15097 -5.18366 187.08 -49.2452 -50.7532
-8.87629 -9.85995 -1.38177 -63.2223 -56.9166 35.5055
-6.78526 6.0625 3.41494 144.144 -197.705 54.9229
-5.87032 -5.51983 0.370284 234.821 -10.4691 -2.05736
-7.12085 1.17863 -13.291 109.828 -171.849 -81.4371
-6.02735 -5.05834 -5.3124 217.303 -29.3425 -36.8846
-7.51786 3.0764 5.02521 67.99 -218.293 19.4205
-7.61768 5.2204 -0.739138 55.162 -267.881 3.21329
-5.66134 -7.19319 -1.83363 248.71 -159.79 24.6022
-5.66614 -14.0437 7.4991 246.629 269.849 -54.2838
-8.6813 5.72915 -5.73681 -53.2211 -224.141 -26.3642
-5.71988 0.778535 -8.87339 237.586 -84.7251 -13.0928
-5.77284 -6.0387 -0.858883 230.824 36.1714 -4.36295
-6.07064 -2.27417 -4.11016 201.174 -237.824 -79.2024
-8.9048 2.74451 -5.33958 -80.9551 -313.667 -116.004
-5.92414 -4.10576 -6.68317 214.769 -38.0714 -34.919
-8.2217 4.41465 -2.1887 -14.8049 -218.114 -15.7029
-5.54882 -4.21157 2.9783 250.681 46.6848 15.8258
-5.51881 -8.07576 -5.6958 251.484 30.6027 -30.7062
-5.59006 -4.42778 2.87263 234.728 66.3255 20.4719
-5.94235 -8.56493 -4.63337 199.293 -60.9262 -24.0037
-5.26264 -6.44777 -2.11475 256.787 73.6078 -10.4112
-5.29348 3.11921 3.17661 249.585 -97.1124 -29.4789
-6.09384 -11.3062 -17.8672 169.926 -167.324 -92.197
-9.3239 13.8694 -6.30489 -153.131 -41.1709 -11.1268
-8.98055 9.07249 -12.3142 -120.031 -76.5936 -71.5733
-5.32934 -5.14629 3.99075 238.544 87.7729 23.053
-6.21988 2.3884 5.76892 149.176 -171.387 35.0587
-5.3526 -5.34823 -0.0653445 235.109 140.667 7.86363
-8.06051 9.65069 3.81145 -34.7615 -199.13 16.4269
-5.12501 -8.06561 4.1706 252.754 6.30344 35.923
-6.63501 3.11445 5.27412 102.559 -163.642 -115.147
-6.39336 -14.0126 -8.74142 125.842 -104.162 -45.8784
-6.41816 4.61135 8.32695 115.469 -161.854 -72.2747
-5.35323 -3.98706 7.948 220.208 -85.2971 23.7984
-5.49236 -10.7773 -0.600323 206.188 -40.7951 -6.78572
-5.03115 -10.1251 -7.35911 250.405 13.5165 -45.5289
-6.16639 -5.61233 0.495893 136.361 -257.42 5.85541
-5.14424 -6.0643 -2.98859 236.766 36.2854 -17.6425
-5.26027 -4.24493 9.28813 220.456 61.8491 54.4898
-7.55201 8.5973 -1.09341 -7.47864 -227.928 -9.39739
-5.56763 2.71592 -7.68985 188.52 -130.504 -37.7667
-5.04662 -6.26401 3.53213 239.636 62.2235 -21.4299
-5.2237 -5.82914 -11.3676 221.376 5.81665 -57.2225
-8.00852 10.1162 2.02982 -58.3082 -229.928 19.352
-5.26184 -6.50947 -5.93864 212.896 28.4571 -33.6805
-6.03914 5.25614 -1.1762 134.345 -249.292 -13.318
-7.95839 8.23106 3.02201 -56.5548 -175.258 96.8547
-4.96549 -5.75344 6.98493 240.629 117.505 32.0545
-5.08669 -4.98868 -0.589469 226.014 135.841 4.7317
-7.35552 5.39887 0.335235 0.0211502 -237.671 14.6534
-4.49751 -6.21627 2.3449 283.618 210.802 -102.765
-5.07052 -10.0327 2.22247 221.107 -35.9042 8.126
-4.75197 -6.36602 -5.79585 250.374 85.0208 -29.2561
-5.07475 -4.08133 10.3195 216.864 21.2389 67.0673
-4.9795 3.19644 -6.69426 219.225 -203.284 15.0653
-8.47015 9.41015 -3.52102 -127.943 -188.966 -12.0963
-4.96812 -10.875 1.98616 217.852 -40.6839 6.91929
-8.36653 8.654 7.94441 -129.873 -129.688 48.6167
-6.37552 5.75265 2.93242 67.7204 -269.912 24.1922
-6.91665 4.01234 10.1135 12.2122 -207.134 59.9551
-4.85519 -4.49606 -3.41835 214.451 109.377 -23.077
-5.93106 4.48579 -0.497134 102.822 -229.541 -25.9809
-6.11942 3.32461 -7.91672 81.721 -205.496 -40.032
-7.73442 4.72831 -0.190298 -81.5654 -230.232 6.55219
-7.90196 7.6746 -3.21998 -98.25 -195.533 -14.8086
-4.54801 -5.64635 -1.33479 234.905 54.1272 32.6552
-4.78444 -3.94368 -10.5206 208.357 79.9148 -54.8029
-6.43 -10.8564 -3.33786 36.7755 -101.289 10.557
-4.39851 -13.98 0.858821 235.722 78.2231 29.2965
-7.02918 6.71037 -5.83723 -27.726 -258.75 -35.7053
-4.26258 -7.57239 -1.46041 241.444 45.4963 -6.30353
-4.34203 -5.34964 -2.62198 230.604 -9.75942 -16.2622
-6.17463 4.5034 -6.48538 47.5359 -224.388 -28.6798
-8.10353 11.4619 7.44503 -149.007 -81.6456 49.8401
-4.59762 -6.4146 2.60257 199.124 5.61104 134.454
-4.41134 -7.51258 9.45225 213.324 -23.2301 46.9816
-4.76909 -0.87888 -13.2484 174.897 -17.7967 -70.2042
-4.56593 -14.1551 -3.51668 194.913 -60.0053 -17.1356
-7.98827 5.93913 8.59252 -149.722 -153.362 37.2865
-4.07615 -7.34449 1.9085 238.588 59.4966 11.0379
-4.73946 -15.6638 -1.6641 165.741 -70.1262 -11.8029
-7.15431 6.52813 3.53847 -76.4692 -209.655 25.6295
-6.06059 6.19634 2.9585 30.1791 -272.07 10.2971
-5.21296 3.51536 3.07278 104.731 -208.718 8.84007
-6.71908 6.05384 2.54489 -45.7735 -214.357 23.1202
-4.19592 -6.24955 2.54663 203.285 176.989 11.1035
-4.29451 -5.56186 2.96536 191.897 170.544 13.4654
-5.43031 4.02161 4.68976 68.2138 -211.788 23.6591
-3.74812 -7.0862 -1.43108 229.898 56.9158 -6.8641
-5.35214 7.37881 -7.37182 68.0983 -151.918 -102.107
-3.83806 -9.43595 7.16295 211.719 9.91334 36.8751
-3.66742 -7.0626 2.11848 228.204 125.911 16.5964
-4.99144 4.99103 -0.228584 93.4328 -233.917 -9.51366
-3.75124 -7.2988 5.65586 214.4 21.925 28.7973
-6.13312 6.40578 2.73129 -23.3134 -248.995 10.3147
-3.5831 -7.06504 -1.29262 227.779 121.959 -4.42761
-5.07588 -3.18271 3.3197 78.1294 132.215 -147.701
-3.74836 -6.16027 -10.6186 209.819 94.6146 -61.393
-6.26673 6.40952 -7.08586 -40.8438 -240.904 -33.2356
-3.70473 -11.9385 1.43101 205.07 -47.7733 4.24529
-6.42135 8.4169 -5.83949 -82.772 -449.118 37.5744
-3.26215 -11.8508 -0.518567 228.083 0.446729 -4.30904
-5.99319 9.32114 -15.6463 -47.1584 -279.212 109.679
-5.55999 5.975 -3.77637 -5.18206 -242.258 -36.5747
-5.89942 6.74856 -2.95931 -39.078 -246.602 -11.0281
-3.84205 -3.01403 16.2266 164.693 32.0506 85.6652
-3.30801 -8.13704 -6.79126 217.035 45.5196 -35.5929
-3.15149 -8.30119 -0.231248 231.6 93.4749 -6.18383
-3.03511 -13.7011 1.48539 242.53 -53.7201 2.87119
-3.49678 -6.38097 -0.73766 196.263 203.818 -2.00276
-3.41339 -9.59815 10.7272 201.701 -12.5258 68.0807
-6.06547 -6.42662 0.300527 -64.3339 12.9091 95.4039
-2.88599 -10.3597 0.773441 250.962 45.6418 4.9837
-3.52405 -9.28894 -12.8787 186.546 -34.9924 -72.0255
-3.5025 -5.39779 9.03302 187.778 125.701 49.7636
-5.83126 10.4006 1.21387 -47.8143 -232.681 13.0282
-5.72878 2.68721 3.11427 -43.1748 -282.605 26.0912
-2.88508 -8.88737 7.00395 236.73 61.3257 39.0808
-3.3356 -12.3829 -2.96241 189.701 -51.3936 -18.9993
-5.91677 7.96383 4.00832 -76.9349 -247.365 29.3862
-2.96679 -20.4891 1.37664 210.92 145.709 -61.9421
-2.84965 -7.86816 2.59409 220.983 172.51 15.0815
-5.81793 6.52296 6.27244 -74.6168 -203.326 29.144
-5.05378 6.89624 -2.61159 0.778799 -273.632 -32.5092
-2.86996 -16.3001 3.97694 215.603 326.25 -220.213
-5.05316 5.64511 -3.3255 -3.8494 -228.628 -33.2433
-2.99256 2.03705 -0.172944 196.764 -23.8973 86.136
-6.40521 7.9717 -5.75798 -150.594 75.7973 -62.2586
-6.02641 8.49839 6.25274 -119.78 -189.212 51.3674
-3.9122 5.07073 -3.31645 85.4783 -224.188 -23.3924
-6.20409 9.24558 4.98805 -146.497 -147.508 17.7417
-5.42583 7.40725 -4.13229 -70.4272 -225.488 -14.8519
-2.83122 -13.4195 1.93784 187.134 -39.0414 6.47646
-2.56412 -8.0031 -1.39455 211.533 82.1889 -11.9462
-2.43632 -8.76114 -5.23514 221.086 103.391 -20.7208
-6.1975 8.92244 3.07113 -154.664 -204.804 -4.88509
-2.16059 1.69403 -5.02747 240.895 -17.6574 13.282
-2.29257 -10.0172 0.291226 226.722 49.5905 3.07946
-5.68784 7.68907 11.4841 -112.52 -128.605 67.3393
-2.40584 -7.80945 1.54535 210.035 131.697 6.18616
-6.43347 13.1441 1.30054 -192.294 -103.498 12.7877
-4.86723 6.03858 -6.05349 -41.0639 -229.171 -26.4722
-2.19213 -8.93729 -1.07812 220.811 154.153 -10.5099
-2.62194 -6.38399 -0.841854 173.149 179.133 -29.8289
-2.06636 -7.85488 -5.38232 224.604 17.7623 -24.0009
-2.81696 -12.9407 -0.0208547 145.822 48.6743 -57.7925
-6.09495 7.6191 5.24312 -184.16 -112.173 32.5188
-2.57252 -5.0413 13.1638 165.662 72.6036 66.8627
-1.80974 -10.7164 1.29859 238.349 101.856 14.6722
-5.31988 8.02841 -5.46906 -111.652 -228.461 -41.6932
-5.15677 3.79271 0.937963 -96.6333 -221.485 8.49651
-4.10301 6.06674 9.06474 6.80977 -235.78 49.4085
-2.11113 -7.78509 1.02453 202.126 96.4158 7.63276
-5.67063 6.69856 0.887425 -158.267 -222.48 6.63179
-5.56982 10.7577 -1.99297 -158.74 -185.192 -33.7801
-3.51343 6.2772 -3.69329 41.0527 -258.204 -25.0508
-2.23509 -6.37292 -3.24911 167.485 153.705 -14.6023
-4.86178 8.58695 0.97343 -97.3229 -255.498 8.29229
-5.68921 11.5061 -2.81136 -181.931 -113.645 -21.1125
-1.59759 -10.894 -0.841222 221.056 28.8213 -3.77256
-5.94931 3.09371 7.99834 -211.942 -251.715 65.1124
-1.82572 -7.66658 1.6088 195.463 173.772 11.7905
-1.50678 -10.5247 4.57428 222.725 43.3337 25.9444
-1.48595 -9.98741 -6.29197 223.952 46.6899 -32.19
-4.63076 7.89685 3.28248 -88.8208 -228.475 20.333
-5.8087 0.101454 -0.545787 -210.781 -182.027 -6.49865
-3.95277 5.61089 -10.2041 -30.2555 -198.73 -45.7884
-5.18927 9.50522 -1.02686 -155.031 -170.396 -15.5448
-4.87255 8.01941 9.31564 -125.16 -161.998 56.9573
-4.38268 -1.40903 2.31532 -84.1469 -263.17 14.6787
-1.31606 -12.8843 -1.82081 216.474 15.8617 -9.03332
-1.29959 -10.0104 5.44783 211.302 86.5224 35.946
-3.33522 21.9289 0.944422 9.01726 -391 -27.3578
-4.44679 8.63567 -0.196238 -103.463 -221.63 9.5204
-3.74359 7.47101 -3.1214 -37.6071 -265.991 -9.77674
-1.90564 -6.25683 1.53918 143.379 183.388 20.3683
-4.5303 4.69451 1.22287 -119.003 -394.169 149.265
-5.1088 4.88737 -11.2091 -179.173 -143.519 -51.8218
-1.09502 -9.86663 0.859437 216.632 70.6851 0.169106
-1.24213 -8.55451 2.37943 201.234 175.189 8.98634
-1.54971 -6.85152 -10.1191 170.053 152.907 -57.3568
-1.12073 -11.7057 4.57481 212.445 31.684 25.8687
-3.74275 6.42851 8.52673 -50.4638 -228.731 37.494
-3.96979 14.3374 -4.6769 -75.3017 -234.008 -27.5245
-4.19233 8.12665 -2.25856 -105.638 -222.669 -23.488
-3.80502 7.58872 4.14935 -74.2551 -254.644 16.7267
-3.31332 6.76622 3.99082 -28.8174 -242.374 32.0827
-1.68688 -4.98274 -15.5565 131.685 101.172 -82.5217
-2.19598 8.51134 -2.24145 77.4333 -76.5457 -139.933
-4.05523 7.2151 -14.2008 -108.992 -141.91 -69.7175
-0.755185 -9.71329 -1.6923 216.799 144.268 -13.2177
-1.34808 -6.20451 13.39 152.097 136.136 68.7751
-0.337353 -3.32321 -5.51026 251.389 73.8539 2.198
-0.779751 -10.7395 3.41504 203.986 58.0603 14.1286
-4.33824 9.35194 0.554423 -152.087 -216.462 12.217
-3.68381 8.2 2.09782 -88.6865 -247.704 14.2076
-4.10023 20.4216 6.7836 -130.728 -117.336 28.3717
-3.54988 11.467 -2.49553 -80.0493 -237.934 32.7065
-2.22163 4.15008 10.6521 39.599 -228.59 52.4817
-1.50768 -6.36004 -5.46506 101.354 218.354 -37.7709
-2.95313 8.71462 -6.38966 -43.3438 -195.992 -42.5994
-2.308 7.05072 6.38314 20.3921 -267.611 35.1856
-2.76695 6.26742 2.47354 -30.2917 -236.054 19.3365
-0.406388 -8.91501 -1.58702 193.815 104.832 -10.3226
-3.62514 12.0377 9.35952 -127.705 -124.7 41.7573
-0.140423 -17.0286 4.95054 213.841 36.2081 2.78997
-0.714922 -7.17198 5.59499 155.32 163.955 18.2611
0.200438 -7.61757 0.56365 241.683 125.611 6.0336
-0.0617737 -2.67041 7.24028 214.037 299.997 120.387
-3.73459 11.9202 3.13034 -152.508 -165.7 6.77269
-0.128762 -9.0274 -3.80298 204.628 138.223 -19.3042
-1.0096 -7.75894 6.99915 112.626 176.183 36.5525
-0.372469 -16.797 1.23455 175.743 -43.6519 5.49499
-0.279715 -8.85863 10.5865 181.793 103.043 60.2079
-0.390208 -12.3874 -11.0063 168.824 7.51424 -57.8031
-1.81736 6.68295 4.25758 21.1491 -252.156 23.7535
-4.07836 9.14327 -4.53608 -203.514 -131.962 -101.273
-2.70841 4.97783 0.242577 -70.3712 -279.122 -5.62004
-0.40743 -7.12354 -1.4755 149.403 175.648 -14.8065
-0.371312 -7.38999 -1.79384 150.132 175.268 2.41935
-2.47619 7.16486 -1.66737 -63.4504 -236.673 -14.0213
-3.76557 13.2099 5.7979 -201.408 -77.9102 21.1483
-3.70779 13.028 0.778412 -199.891 -98.5419 12.5919
-3.19627 4.06853 13.2474 -151.698 -253.939 92.5074
0.310483 -9.88487 4.98889 194.291 122.109 27.6735
-3.36788 9.54382 5.87876 -171.831 -126.828 25.2924
-3.35444 10.4836 -4.25931 -175.837 -126.517 -29.1163
-3.21671 10.6494 -10.6623 -163.282 -94.4233 -59.0762
-3.52316 11.6061 1.25727 -194.231 -119.684 4.29467
0.301071 -8.95948 5.54962 182.364 141.235 32.4969
0.440161 -10.3613 9.44585 195.98 79.8278 85.9581
0.530608 -9.88596 -2.05585 203.06 159.923 -14.6073
-0.218128 -6.99862 -1.13107 125.827 195.8 -7.35888
0.581964 -10.4214 8.09613 204.175 78.5046 -3.61267
-0.167117 -7.32052 -8.2961 126.627 198.322 -40.2843
0.224361 -7.34434 11.0256 162.338 133.423 64.4976
0.431746 -8.42905 -3.1699 175.2 135.843 -14.2801
0.673985 -10.1387 2.39816 194.818 94.5664 11.0454
-2.53047 7.54873 6.95939 -124.464 -188.991 45.1994
-3.05234 14.7952 7.28387 -176.893 -82.4338 59.1665
-2.65135 -0.469799 -5.71613 -137.548 -229.23 -29.5777
-2.60417 9.17144 14.0724 -141.01 -74.3797 77.6408
-1.81761 6.12202 -9.6807 -63.7011 -195.413 -49.4639
1.0391 -5.30211 6.47373 215.826 105.784 40.8705
-2.87642 6.09493 2.15283 -175.058 -192.305 -6.35877
-0.272901 -9.66593 16.536 83.1445 196.094 58.132
-1.02181 6.4187 1.4151 8.00786 -241.258 -1.81758
-1.68938 7.93882 1.97533 -58.6371 -275.177 19.2662
-2.64068 8.57292 -10.942 -153.183 -143.481 -53.1364
0.782355 -15.0492 6.63397 185.071 -11.8959 36.07
-2.94611 11.4107 1.86304 -185.737 -115.126 7.61093
-2.90033 17.0793 -6.05024 -181.826 -116.285 -34.9113
-2.45721 8.75083 0.935968 -152.496 -195.438 -5.99662
0.789747 -8.769 -5.75024 168.346 184.836 -17.8019
1.04583 -9.45964 -0.187237 191.022 143.449 1.87345
-0.910923 0.0344594 0 -4.87403 -1.28804 0
-2.17881 8.12204 2.55023 -133.922 -209.373 22.4214
-1.74002 6.84578 8.78741 -90.8754 -199.627 53.6756
0.202481 -10.5428 -4.6548 96.7367 217.815 -48.3437
1.29597 -11.9106 2.46583 200.501 81.211 8.433
-2.56034 10.2702 2.85107 -183.441 -141.367 8.45398
1.22978 -10.8541 -9.79648 192.618 69.4895 -11.9481
0.489845 -7.02043 -7.36157 117.869 177.07 -35.679
1.25953 -11.4319 -3.70116 193.983 76.6976 -30.852
0.578784 -8.09623 -2.07559 125.851 235.219 -4.12678
1.39073 -10.4878 3.92496 204.979 153.851 17.4423
-2.0805 9.75087 -13.0647 -144.875 -46.0842 -72.7225
-1.51556 -7.99414 1.78779 -102.348 7.79858 -65.8536
-1.68272 7.54146 3.50484 -123.078 -195.544 26.9414
-1.75207 8.32529 5.18552 -136.351 -234.344 21.8539
-1.09347 4.85975 -2.40067 -75.0251 -168.711 -170.831
-1.97264 16.7318 19.5231 -170.846 -134.02 -16.6957
-0.206585 -3.84957 4.62856 1.1672 259.621 6.71466
-2.05064 15.1984 -9.30681 -185.454 -186.011 44.6919
-0.764728 3.47011 0.676306 -61.6001 -281.426 -4.34647
1.62365 -10.4779 10.4587 169.748 62.5238 46.4573
-1.61889 13.7757 2.91933 -161.421 -82.4954 22.8515
0.855437 -6.76232 2.67005 83.5399 212.989 14.4466
1.94128 -10.3535 -1.02508 191.152 174.418 -18.7467
-0.326484 6.891 0.740747 -35.5354 -255.223 -5.0611
-1.4676 10.9873 0.506633 -156.092 -144.285 7.65418
1.79454 -9.13827 -7.92053 167.08 173.482 -29.939
-1.79105 23.3276 -1.6277 -190.11 -65.6069 -10.3903
-0.0705336 -0.527612 0.115784 -23.7977 -229.131 -6.46115
-1.35978 8.23862 -4.97222 -153.362 -153.617 -12.771
-1.67509 4.47438 11.4707 -193.816 -42.7044 61.2339
1.55866 -5.80991 6.01774 126.291 184.672 30.6812
-0.38005 7.30683 1.39186 -67.2394 -242.13 132.993
2.44603 -11.1441 -2.50168 211.699 120.805 -12.3755
-1.93832 12.7921 -0.666513 -225.662 -89.7222 -8.10204
2.14891 -10.8405 8.80807 180.275 95.3262 47.9873
-0.628311 5.84753 11.9845 -96.9003 -162.141 70.8391
-1.13467 8.5007 -3.81224 -156.187 -215.496 -32.253
-0.674509 22.2593 -5.82891 -114.501 -442.541 47.5688
0.834459 -6.52653 -6.97175 32.714 241.643 -29.3386
-0.89785 7.6169 7.60451 -143.975 -154.99 48.1511
2.50062 -10.2142 -6.12428 191.565 163.446 -28.2295
-0.609186 7.5833 -3.50325 -118.812 -225.787 -3.57206
0.159662 6.75264 -5.12901 -43.0107 -244.807 -19.7519
-1.31494 10.7389 -6.46536 -193.79 -136.114 -37.1842
2.21159 -8.72005 3.67766 156.261 157.043 13.1241
-0.790889 26.1599 3.90374 -142.138 -410.443 -16.5122
2.45395 -9.58096 8.59229 171.304 92.4327 46.7788
-0.507306 9.58402 3.66576 -124.846 -124.329 77.5051
0.533393 -2.95703 1.77437 -21.7174 251.062 2.92806
1.33221 -7.37637 -2.87249 55.9896 235.974 -21.074
-1.2041 15.6451 -4.90614 -197.897 -38.0404 46.919
-0.950989 9.17905 0.388168 -177.151 -192.894 11.3025
-0.902204 4.56963 11.4154 -178.044 -110.741 19.2802
1.76845 -7.737 -2.52796 82.8516 252.493 -8.10201
1.10939 -6.79097 0.468275 13.472 254.62 9.91438
2.70179 -14.4529 7.79544 170.064 -10.145 42.7012
1.87904 4.07757 -11.1761 86.0165 171.016 21.3085
2.42285 -14.1535 -3.64002 132.379 107.598 -45.1241
1.6292 -6.77312 -2.09063 50.2774 231.898 5.28999
2.16164 -8.19855 -6.694 103.083 237.109 -25.8094
-0.929203 8.57745 5.11763 -214.992 -64.3301 28.6518
-0.599583 8.97163 0.932599 -183.217 -150.199 11.6364
1.87754 -11.3197 -5.45332 61.6282 92.6219 -130.574
2.56106 -8.20035 2.12541 127.555 189.472 28.4951
1.89418 -7.93448 -1.24017 59.4446 275.682 12.9127
2.65382 -8.72029 1.57299 134.107 218.766 120.88
2.62756 -5.95935 0.515387 128.374 280.143 21.1206
3.25711 -12.0621 5.44635 189.366 91.6618 30.016
1.24151 -6.2777 -0.679103 -12.0619 239.165 -18.0682
1.9576 -6.62267 -1.81835 57.3752 229.69 -15.2968
-0.370434 8.56946 -8.26477 -177.295 -147.18 -37.7489
3.47065 -11.854 6.44485 203.533 104.608 35.4249
-0.579486 12.4432 1.22993 -199.796 -32.3367 7.68869
-0.469126 9.65022 6.93415 -189.239 -101.44 26.93
0.172992 8.03632 -1.88106 -134.092 -248.332 -5.12454
0.292634 10.4289 3.58961 -125.063 -199.079 20.7954
3.1582 -9.5024 -4.54569 158.761 209.712 -25.7823
0.680874 14.2738 2.72757 -104.238 -68.5993 -20.8842
-0.395177 10.499 6.07426 -211.894 -115.795 21.0734
1.16338 6.87681 -3.35969 -62.0114 101.996 68.1741
0.373221 6.6563 -0.691229 -140.954 -148.265 99.7505
3.75155 -10.7824 -0.333867 186.125 135.682 -17.7846
0.169964 3.50836 2.37759 -177.814 -165.959 12.9805
3.38354 -7.85474 -0.920952 134.912 272.452 100.392
1.06971 8.82231 -16.8402 -94.9521 31.536 -86.4971
0.0149113 9.56964 -4.8748 -202.105 -171.418 -18.6182
0.188352 8.83157 -3.91239 -191.664 -110.692 -31.4298
3.30238 -7.97894 -3.44878 116.689 196.502 -17.5697
2.77469 -6.51839 -2.13043 63.4579 240.811 -17.2814
3.09329 -7.18499 -6.36571 93.7543 205.175 -33.9041
0.990244 6.89346 2.14388 -117.086 -184.582 -68.2395
0.244617 10.695 -4.74447 -194.309 -65.8096 -23.5818
0.176099 9.71145 -3.38473 -202.192 -158.589 -20.928
2.37025 -6.95979 5.10875 15.4141 258.932 21.0152
4.07368 -13.0247 2.56222 183.858 77.5381 14.5338
3.94302 -4.70346 1.21694 163.572 302.327 55.0931
-0.010289 6.38132 -12.3549 -234.478 -139.056 -164.708
0.543549 -5.17589 -0.837894 -181.529 19.0403 107.77
1.01139 7.39427 2.68756 -141.817 -216.397 2.75323
-0.331802 8.64833 2.12056 -284.059 -82.4104 9.2097
1.31778 10.1765 -2.52934 -120.641 -212.043 -16.8343
1.1683 12.6804 3.31601 -136.119 -129.862 -65.6139
0.915417 16.3917 -6.03511 -162.111 60.7547 -34.6028
4.35878 -12.1863 -4.61309 179.858 77.0046 -23.887
2.58438 -7.09226 -3.94392 2.00157 269.566 -24.4105
0.032749 16.9279 -2.39528 -253.977 -90.0395 -70.9593
2.87888 -7.54331 2.64459 23.5856 275.524 22.1939
0.658195 18.1988 2.29016 -197.02 -209.09 32.8301
4.18476 -13.6722 1.63186 153.273 128.834 -1.13436
0.512521 10.8992 6.23538 -213.081 27.6145 -71.7391
2.15074 -6.21918 -8.99532 -52.9364 239.825 -60.7678
0.690908 9.15986 1.56603 -199.599 -148.488 12.1297
0.799178 6.18081 -1.40441 -188.852 -168.943 -6.52171
0.5214 -4.46214 -0.75761 -221.029 -61.2889 28.4289
0.9771 15.0302 -0.0499657 -177.475 51.9198 5.32613
3.25434 -7.59662 4.16413 48.6219 264.895 31.0802
0.694127 9.50276 -4.52272 -207.632 -149.175 -23.4325
1.16391 9.18689 -4.42319 -161.057 -205.712 3.70164
3.73924 -5.0156 -5.54095 89.3527 204.8 20.322
3.21334 -6.7665 -1.17532 32.6647 236.525 -16.0669
4.80084 -10.6365 0.706426 189.864 471.076 -204.004
3.61425 -7.89302 3.96184 66.4353 261.627 39.8696
0.754038 9.90551 5.45694 -218.78 -33.1338 161.477
4.34357 -9.01262 1.97832 134.508 220.559 11.5781
3.19985 -6.5002 -3.71092 19.6749 242.081 -25.7638
1.10115 8.46741 -0.030205 -198.176 -105.857 5.31055
4.59175 -9.90653 2.95062 148.511 201.026 34.4282
1.34444 7.11421 -5.68485 -175.233 -147.282 -23.3776
4.30113 -8.30612 -3.05314 115.559 200.327 -21.9507
3.11116 -7.21826 -2.15785 -11.666 276.59 -22.9253
1.20667 14.257 -3.97931 -204.158 -35.8876 -16.7619
3.87444 -6.59645 5.75334 59.9708 217.875 46.3406
1.12581 9.80723 -4.25212 -219.126 -112.937 -27.4951
1.2314 10.7384 -2.73522 -211.72 -25.2847 -17.3905
2.18068 2.4552 3.31061 -117.606 -212.161 18.2024
4.61209 -9.09454 4.28424 119.653 327.827 -133.146
4.52163 -8.1396 -1.72504 110.387 228.595 -9.57695
1.21203 1.79688 1.59491 -220.4 -27.2226 -66.0036
1.42944 9.44609 8.3697 -202.951 -41.0864 44.2501
2.36684 7.66423 3.74092 -111.748 -266.555 -38.3752
4.45647 -13.6256 6.71939 95.0099 136.036 27.593
4.75727 -14.0492 0.335471 124.183 15.9074 91.1977
2.33831 -9.88088 2.02463 -123.07 -59.4674 56.477
1.58123 13.2165 4.46726 -204.977 12.9828 25.8698
3.12261 7.81089 2.93367 -54.7415 3.90131 -159.435
2.20754 9.08412 -14.489 -146.803 15.1067 -79.6462
1.97196 18.9998 -14.599 -170.559 -647.011 487.624
4.55863 -7.17284 -2.20669 85.4892 206.289 -7.29148
4.38778 -12.3718 1.39 68.2917 -85.7602 26.7847
1.63698 12.8606 1.55617 -208.118 10.148 10.3252
1.6989 13.6447 4.42184 -204.075 27.9877 20.8102
4.70418 -6.46554 -5.75971 91.392 225.46 -49.6136
3.62362 -0.490514 -0.444835 -16.8105 332.003 -3.93698
1.83082 14.9921 -0.932857 -194.937 36.9781 -7.72824
5.28184 -5.18683 -4.41545 147.43 393.178 -111.406
3.04649 -1.02377 2.79349 -76.3053 270.491 38.8181
2.17828 10.4734 -7.90872 -180.851 -141.126 -43.6895
2.36637 14.1426 -8.10224 -162.697 52.272 -49.5134
1.98582 9.05894 0.0203368 -207.271 -165.211 30.7587
2.77135 5.68624 4.29301 -131.799 -502.442 162.656
3.29859 -10.8368 -3.48368 -82.3014 167.986 -25.9853
2.50882 7.35557 -3.9303 -161.686 -33.2213 161.348
1.79375 11.3134 -1.59936 -234.658 -422.354 28.9692
2.28201 6.81672 9.64895 -191.399 -130.439 40.5364
2.19384 7.63772 -2.26111 -202.253 -134.557 -23.7558
6.00082 -10.6992 -4.92245 175.524 144.964 -32.916
3.43929 -8.19795 -7.19696 -79.5321 -68.8406 -2.91373
5.08943 -6.18372 0.509827 83.9245 106.642 154.92
5.52647 -8.44432 7.32291 125.795 152.039 53.6541
2.262 6.90395 -6.85289 -203.468 -193.919 -61.1076
5.06615 -7.50569 -0.804941 75.0272 230.727 -9.99537
2.23161 8.25476 -4.12942 -206.997 -178.275 -13.646
1.79774 9.22513 4.23943 -250.283 -542.612 114.213
2.07488 5.4841 5.54636 -224.051 -164.619 101.798
2.27971 7.51596 -4.05227 -204.575 -137.488 -33.4912
2.8043 10.0021 -16.1668 -153.471 -124.511 -78.1174
5.0549 -0.752882 -11.406 69.0722 38.2227 65.0133
4.51974 -6.81811 5.9184 12.6843 262.524 28.4509
2.46022 10.9768 9.82447 -194.8 6.98948 54.0175
2.81128 13.8202 -3.33016 -160.492 55.2094 73.2442
5.72633 -1.72016 -7.99012 127.667 506.555 -73.5184
2.92662 6.84313 4.85582 -153.276 -138.163 8.30472
2.8263 6.73076 -2.6188 -164.663 -208.804 -7.01707
2.86076 15.4585 1.85162 -168.412 54.1875 17.4858
2.66799 6.56593 8.90358 -188.706 -106.238 60.436
2.84377 6.02123 2.09144 -172.081 -158.079 18.4186
4.22718 -5.45072 8.59494 -39.0229 232.058 33.9013
5.18298 -7.5607 -7.01524 54.5557 222.125 -29.9673
2.98209 13.7654 -9.13671 -173.075 57.0763 -49.385
4.57693 -5.29581 4.00735 -15.99 201.456 -78.2427
2.77691 8.96357 7.43423 -197.852 -32.6595 37.0933
3.04571 18.4097 6.12329 -172.858 18.2149 37.9083
2.35855 9.62284 1.19706 -242.259 -81.464 4.67688
2.83005 6.68895 1.3302 -196.449 -137.666 -4.40918
3.04211 8.56761 -2.39164 -176.388 -116.683 85.8948
2.5908 22.9738 6.97563 -224.165 -105.295 16.0996
2.80715 11.8689 -4.01551 -206.385 -34.3161 -23.9952
5.97236 -5.88114 3.68047 106.609 204.434 20.0308
4.275 -5.78687 9.17313 -64.4345 243.848 48.0066
4.32643 -5.93595 -0.8905 -61.1151 241.604 -49.482
3.8659 -4.99414 3.62993 -107.773 204.931 34.2719
6.08523 -1.87021 10.3237 111.344 254.172 63.8737
6.36134 -9.47742 4.19159 134.342 154.873 37.5131
5.36857 -6.16787 -10.0215 35.5666 231.129 -46.8959
5.36369 -5.66411 8.21861 35.0537 214.971 50.2191
2.78377 8.98925 -7.10381 -223.992 -61.313 -30.5355
6.52813 -10.4147 -12.314 147.49 64.9262 -62.044
2.97187 8.46457 -6.69473 -209.401 -43.374 -32.741
2.74675 8.33049 -5.54455 -232.276 -135.798 -13.7315
4.32571 -5.86887 3.29191 -88.8408 250.832 20.1449
2.99702 10.4909 5.36434 -223.492 -18.6808 37.4121
3.3028 6.13244 8.01403 -194.113 -108.334 42.3045
3.20809 11.8189 -5.86069 -204.551 27.4588 -34.4266
4.90886 9.49898 16.7213 -42.8374 77.0651 85.9659
5.72988 -6.83875 -5.70851 37.9617 245.374 -23.3644
3.25239 6.73314 6.36916 -210.042 -113.307 39.3145
2.9761 -1.94937 2.35657 -242.068 -96.1964 -4.89231
3.89935 16.2043 -3.37948 -151.85 88.478 33.3263
3.57852 0.758087 -2.51974 -187.342 -136.906 26.883
6.78871 -9.27319 2.95151 130.602 199.735 10.073
3.6966 8.38432 -1.6396 -176.829 -113.947 -38.2321
5.1712 -4.98918 7.73629 -31.3946 223.606 29.8123
5.09538 -6.4865 -0.253848 -44.4381 271.075 2.6305
5.93976 -6.18403 -5.80431 38.7063 234.267 -24.249
5.76481 -6.02842 -1.741 20.4362 238.408 -12.227
4.24741 -7.13804 9.16536 -133.335 237.761 -8.88859
3.47609 6.74455 -0.433564 -211.356 -152.423 -14.8469
6.06288 -7.10467 -1.67503 40.5184 273.089 -1.03552
4.98603 -6.03245 -1.21495 -66.8152 262.002 -7.65268
5.02408 -5.93888 2.50149 -63.1983 276.147 102.6
3.39585 9.18878 6.77812 -226.372 -43.5191 33.181
5.0591 -8.16595 10.2408 -64.9637 224.895 47.4239
3.63186 6.97977 -7.35392 -207.393 -48.6239 -42.2111
3.86885 10.9072 -8.60594 -186.68 40.1743 -46.5933
6.8957 -13.5512 7.46011 112.432 156.208 47.4999
5.20514 -5.50048 3.99432 -64.3567 205.458 20.7835
3.82538 12.6873 -3.76235 -203.122 39.1295 -25.2897
3.70152 7.19876 -1.14656 -223.447 -72.8931 1.47628
3.89002 5.70053 12.4089 -211.089 -60.7609 69.5662
5.01186 -4.52029 -5.77768 -105.791 214.95 -15.5853
4.3948 4.05696 6.48424 -180.754 -128.364 30.3914
6.46559 -6.28521 -0.0429102 23.7319 248.837 -3.2681
3.97991 6.51783 -6.00592 -224.87 -90.9162 -43.2412
4.09984 5.5381 6.72578 -214.47 -73.2252 35.3887
4.11054 19.1964 12.781 -218.164 -229.858 -31.4229
3.88156 9.57538 4.17549 -244.28 -20.4601 24.7843
4.38358 7.741 9.16283 -195.29 13.2868 43.9803
4.54238 13.1212 -1.87856 -179.837 65.4144 -4.0149
5.40692 17.1672 -3.66383 -94.3454 102.754 -20.7435
4.32059 -6.04285 -5.31353 -202.998 57.112 -40.694
7.7915 -9.5171 1.85961 136.987 179.281 10.8004
4.25109 7.53779 9.70667 -218.179 1.45228 48.6031
4.73188 13.0341 -4.92713 -172.505 67.7243 -32.2931
4.52296 11.7656 -5.29751 -193.717 46.8971 -17.366
4.41777 5.72256 -7.24504 -210.055 -27.5259 -37.1361
6.54673 -4.34752 -8.44503 -0.13548 206.722 -31.3856
8.21922 -11.262 -0.553963 164.936 161.903 -4.20886
4.34027 6.68929 6.2514 -224.175 -33.9946 25.8158
7.53881 1.04933 10.7262 91.9754 21.8054 -46.1191
4.06692 9.86975 -2.84866 -253.117 -35.6347 -47.0076
5.82103 -4.09506 -5.84991 -80.6284 215.372 -25.2937
4.35767 8.5062 -1.70192 -230.665 -127.864 -26.3714
7.7046 -7.46348 -2.14465 98.8293 190.746 -7.21769
6.07292 -4.04507 2.3514 -64.4389 222.652 14.7723
4.89502 11.9852 -4.94668 -182.21 62.0038 -32.7148
6.74312 -4.72481 -5.36944 -3.4697 215.486 -29.601
4.49242 3.9405 -3.0533 -227.729 -115.27 -13.2836
4.19225 -1.23128 3.55776 -258.447 98.2507 5.35868
4.38643 7.53429 -6.12872 -240.569 -63.5962 -29.1829
8.41221 -10.1265 4.44592 155.197 148.193 22.6546
4.59659 0.0296201 1.70099 -225.767 6.75315 133.749
7.37666 -7.19338 -0.4567 47.2516 261.95 5.20662
6.68673 -5.08175 -7.60451 -26.6584 48.4424 118.137
4.84953 10.906 0.980257 -209.276 41.0223 17.0962
4.8917 10.1476 4.8404 -205.387 33.9893 25.2897
4.32401 9.88461 -0.615381 -265.102 -25.0781 -0.636308
4.65126 5.65212 -6.35024 -233.665 -71.5075 -30.4432
5.2433 4.09391 13.2511 -182.652 40.5331 68.9543
6.31514 -3.8648 1.23103 -79.7185 167.019 -97.7065
4.83661 9.44804 3.97922 -227.236 16.777 12.3985
8.51417 -9.28397 9.5431 136.717 117.759 50.1237
7.22712 -5.22266 -4.25996 4.82731 230.794 -36.1657
8.99311 -7.96131 4.01292 179.925 160.946 11.3269
7.88625 -6.66429 1.98474 66.7906 205.121 17.5539
6.87498 -0.490653 -3.44504 -36.4745 230.69 3.87697
4.94897 5.1863 3.75389 -231.186 -73.6512 23.6084
5.09695 6.39251 6.0227 -222.13 10.9741 40.7401
7.75335 -12.6789 1.96782 38.3821 171.353 27.8739
7.78011 -6.17168 -3.69443 33.4193 243.016 -12.1636
5.26959 3.39208 0.905333 -216.606 -78.1887 8.19086
5.3662 8.53574 7.71344 -207.81 40.1188 48.2661
7.71182 -5.15886 0.640736 18.1762 229.42 -5.83336
5.31569 7.49804 -6.76394 -222.239 19.9193 -34.7752
5.66783 8.96849 -8.18698 -187.718 63.2728 -50.1638
5.02924 6.87524 -1.35467 -254.249 -39.2652 -4.65721
6.4232 -7.85645 6.50792 -119.83 -56.7176 -4.85923
5.79919 7.88059 -8.20657 -183.828 61.128 -46.203
6.76054 -2.89389 11.7322 -88.4381 203.879 52.0388
5.43685 6.78973 -2.06189 -220.022 -87.1466 -4.84603
7.7747 -4.50273 -7.30226 12.1358 201.17 -50.7139
5.8079 -2.82719 6.28073 -183.425 150.318 38.0383
5.19575 6.07354 0.809678 -245.479 -71.0795 0.883199
5.98242 -3.41255 5.12287 -167.9 183.012 16.3803
5.17307 3.54429 -4.7639 -249.772 -18.2468 -35.9608
8.30646 -7.45744 0.256825 60.5589 244.156 -8.81011
7.66512 -5.3884 7.66627 -3.47648 242.01 40.0398
5.7376 -4.08566 5.0829 -195.488 175.187 36.2592
5.74958 6.04272 -3.34109 -196.964 128.533 -18.5616
5.40708 8.2274 -7.691 -233.271 10.3003 -47.2014
5.50433 4.55917 -0.192938 -223.829 -106.964 0.567192
5.60384 8.81635 6.60723 -214.623 41.1363 30.8421
5.3235 5.01864 -4.3219 -242.666 -79.8549 -19.418
7.67331 -2.92899 13.4076 -14.9779 192.299 80.1671
8.88268 -8.08414 -1.18669 103.548 203.032 3.1002
6.00543 12.3394 -1.21932 -183.509 81.1766 -12.4956
8.51851 -5.25368 -11.1845 65.4589 166.511 -54.2393
7.25366 -4.11048 -0.89536 -64.1585 240.164 -5.12392
9.3098 -10.7335 -11.1915 139.401 69.077 -52.8041
6.36577 1.57234 -14.036 -158.741 106.58 -84.3221
7.68446 5.76577 -2.34461 -27.9848 149.94 119.672
5.87137 -2.38925 -7.7912 -209.09 109.672 -53.1895
7.15864 -2.64356 5.43999 -81.8607 202.552 42.9981
5.73879 2.87239 5.64488 -223.453 -17.318 24.3399
5.49653 6.59266 4.07371 -251.848 -10.1136 17.905
6.38796 -3.85078 1.24783 -164.341 247.465 119.916
6.16134 -1.08168 -2.99642 -187.526 137.225 10.1706
6.13761 -2.76228 1.41613 -191.457 154.141 -27.872
5.75903 6.31592 -6.63284 -235.187 12.3596 -33.9872
7.92956 -4.90633 0.428589 -20.7578 241.519 -10.097
7.07811 -3.385 -2.96024 -106.662 220.931 -17.852
6.3865 11.9264 -2.93264 -178.623 82.6264 -17.6587
7.89901 -3.99771 7.43396 -36.1827 225.53 38.81
5.91694 -0.748686 -1.635 -237.567 -5.40073 -61.5387
6.67686 12.543 -0.12399 -164.462 95.2648 -8.92002
8.37364 -4.52216 4.30012 3.98152 224.321 22.1094
5.82035 4.42256 -7.41377 -250.13 -87.0278 -35.8232
6.43473 6.64915 -10.4783 -191.93 64.6163 -47.4933
9.40615 -7.65633 9.75972 103.031 170.083 56.1161
7.61136 -2.46633 -2.97822 -81.4767 207.176 -1.80919
6.02262 7.13573 -1.0207 -240.137 18.1125 8.26083
6.53897 7.02067 -9.26186 -189.572 71.5171 -51.6556
6.20012 7.26173 2.47216 -224.701 56.9328 5.70808
6.04715 4.87594 -0.666324 -240.416 4.10922 -2.02419
6.1921 6.83116 -0.0464318 -226.212 34.1342 0.1136
6.75366 5.41757 -11.8456 -172.247 89.0174 -72.3446
5.47313 9.78548 3.51285 -305.65 -153.609 -202.172
7.66472 4.86891 15.0732 -88.5629 112.569 83.0352
6.01466 7.96464 -3.3724 -253.772 46.8078 -47.1077
6.18423 6.82477 -0.668382 -237.15 29.8474 -8.55986
7.15506 -3.53652 -3.50334 -142.443 232.795 -17.0368
7.28234 -1.88548 0.00725924 -131.908 197.932 0.374917
6.61824 -0.521497 5.8685 -202.286 118.236 20.033
7.81282 -2.20022 4.55951 -87.9332 202.797 22.5897
7.13655 10.9888 6.81178 -158.452 99.3724 39.3309
7.34867 0.177592 -7.29236 -140.65 -67.2469 65.7187
6.63223 -3.23483 -2.24746 -214.608 166.382 -11.6859
6.69058 7.1411 4.19801 -212.048 -93.234 24.3552
6.7814 9.35004 1.81843 -203.754 74.5428 10.9398
7.8602 -3.27504 -6.63447 -97.4489 234.054 -19.3722
7.10537 11.7791 -3.77383 -172.96 106.561 -17.0987
6.42293 7.02605 2.96209 -243.339 29.3346 -16.2422
6.58726 3.08575 1.86357 -227.171 39.7104 7.54541
7.93701 -3.58399 -3.2745 -93.8613 244.686 -22.4178
7.56637 -2.03514 -8.94883 -134.485 204.58 -48.9222
7.82835 5.80245 3.75246 -108.905 245.231 34.638
6.54049 3.15034 -9.26112 -237.837 60.4329 -10.6867
6.97122 4.4913 5.60074 -196.151 91.2826 19.9264
6.66317 7.01243 -4.99608 -232.095 47.0378 -45.6021
7.97146 -4.07691 -5.01288 -104.938 244.342 -9.76116
7.28631 -1.87404 -2.10692 -173.133 179.79 -45.5713
8.56903 -2.1134 11.6758 -47.309 200.033 73.7692
6.81008 10.5871 -0.294812 -222.913 3.96921 0.192495
7.51282 14.4769 -0.356925 -154.623 122.185 9.94319
6.43152 2.53896 -9.08084 -263.341 234.356 -166.32
6.63389 2.49825 -6.58182 -247.775 0.546618 -27.7263
8.62464 -3.77793 -8.11091 -55.866 239.507 -43.7287
7.00448 2.25187 -7.19588 -220.34 86.3195 -49.5919
7.38668 -1.5847 -5.65343 -182.975 171.033 -16.9749
7.20375 -3.16703 -3.26755 -203.283 193.728 -7.79459
7.82121 -3.38809 2.94562 -142.298 228.91 30.6336
8.08592 -0.868278 -9.08197 -117.098 192.835 -49.5478
6.83829 4.52083 4.77755 -245.103 49.0931 22.9589
7.64928 -2.04038 3.24903 -166.157 191.66 -0.214718
7.05848 3.73312 -1.6649 -227.806 74.7748 -5.01399
9.64002 -3.94526 -9.2516 24.572 185.38 -60.1739
7.21755 4.14526 2.41364 -220.164 84.8132 14.7528
7.53692 10.1212 -0.132743 -188.562 101.385 2.64612
8.51037 -2.94152 2.98188 -91.9062 232.116 31.8429
7.62402 1.46438 2.96341 -180.456 78.9501 99.5015
6.82055 4.79649 0.154019 -261.238 12.1892 8.69725
6.85255 -4.62015 -4.00852 -258.186 18.329 -28.4235
7.04285 0.879234 -1.39183 -240.627 110.397 -18.6595
7.05831 5.38708 1.44204 -239.454 -7.94863 -1.17569
7.90895 -3.83097 2.69654 -161.963 32.6056 -67.1492
7.54104 7.04049 -4.59097 -199.902 144.454 -42.09
7.7092 8.56548 -3.90829 -183.607 115.281 0.324468
7.31124 1.05449 2.0293 -225.469 89.9857 -4.30565
6.94545 1.75747 -1.5365 -263.864 -37.4481 2.57006
7.06473 3.6757 -7.54167 -252.143 45.3006 -43.0332
7.22456 5.12493 3.40342 -236.846 6.7665 48.1985
7.92915 6.74587 5.14782 -172.246 111.66 24.3098
7.7024 3.8665 1.34566 -199.816 88.5232 49.6444
7.02754 6.61747 -0.865403 -267.55 27.8766 -10.2579
7.91895 6.82093 4.38557 -179.332 104.167 32.9236
8.34006 0.505317 7.51197 -139.835 171.986 47.6493
7.42416 -1.07498 4.00515 -232.654 130.198 21.0876
7.14475 5.2024 -2.84642 -260.786 25.5275 67.7073
8.23919 6.77355 -7.98799 -152.452 327.632 -122.7
8.06153 2.05726 -6.57342 -171.908 136.195 -39.977
10.7972 -1.68099 -3.23607 96.0324 363.864 -107.153
7.56317 3.30641 6.37605 -225.794 94.3943 22.6636
7.3163 5.1816 0.510492 -254.635 53.6974 0.015617
8.81026 -1.89284 -6.60145 -109.276 193.002 -0.873452
7.56501 4.6001 6.6657 -233.797 81.2091 39.6877
10.5253 -17.4509 8.98093 59.6435 427.142 -61.9733
7.39504 4.25302 7.10008 -252.845 48.6079 35.2869
7.96475 -2.40797 7.76295 -196.792 250.755 -114.394
7.74356 7.23553 0.197225 -219.07 92.4687 4.87523
7.33584 5.97671 0.667939 -259.957 58.4315 0.807893
7.52015 5.92256 -2.58534 -243.672 60.6838 -12.4021
8.03802 7.49033 9.42408 -194.937 108.624 40.1905
8.03819 6.94828 7.09781 -195.712 110.043 48.1619
7.93593 1.23839 -2.78598 -206.786 133.533 -26.8264
8.42433 -0.196485 -7.6862 -163.318 180.495 -32.7768
9.23976 -1.27268 -1.31489 -83.669 227.511 -18.5036
7.53487 3.73199 -1.17724 -254.349 63.0012 29.0663
8.05505 5.89044 -2.71976 -202.904 102.385 -25.1336
8.79994 -2.6078 0.178232 -135.114 230.473 15.669
8.87163 -0.439162 3.66348 -129.351 193.494 13.5466
8.66275 2.05841 -4.38017 -150.615 155.683 -23.1694
8.21894 1.51112 8.51117 -196.533 143.45 35.9292
7.80626 -1.54418 1.36825 -237.807 154.493 1.07416
8.00017 -0.262026 -0.600496 -219.274 151.168 -9.06901
7.79812 2.03412 -5.94716 -244.307 93.2822 -44.124
8.10971 3.03768 2.85707 -214.064 112.741 3.3625
7.8693 4.44331 0.137065 -238.096 81.5934 4.84222
10.8432 7.17375 -1.19447 54.1495 21.7862 105.41
8.39497 8.2142 4.6677 -189.188 115.408 34.9622
9.32854 -2.29919 1.63375 -99.4024 250.551 -4.12292
8.30116 7.15103 6.36331 -202.943 109.521 23.4084
8.2962 -0.152334 -6.42082 -206.54 166.732 -29.7391
8.45305 -3.28598 -3.25843 -194.614 124.347 -21.34
9.10648 11.8566 -2.09405 -130.806 120.67 -21.4935
10.1531 -1.82004 11.0134 -28.3587 198.647 60.7976
10.8553 -3.47685 -11.5518 40.5968 176.076 -68.8379
8.67741 2.97232 -0.551408 -178.25 146.702 -7.97068
8.15813 4.08167 1.49221 -234.835 102.064 -3.99394
10.1728 -12.0281 -11.6906 -36.7288 172.595 -62.4997
9.08039 0.580374 -5.3964 -146.1 181.772 -21.0056
11.2201 -4.92407 -7.56482 65.1883 172.613 -35.4105
7.72597 1.01611 1.45175 -282.984 34.1094 4.76964
8.86058 5.34973 3.68181 -172.385 140.535 9.18901
8.19218 3.85137 -1.21788 -240.456 102.504 -18.7443
9.34261 -2.00363 -4.83561 -126.517 226.068 -11.6182
8.67218 5.03366 2.07594 -193.908 165.264 4.74993
8.71992 1.31722 0.477091 -191.581 101.24 -4.66795
9.06197 3.12291 -6.29832 -159.282 155.438 -29.8778
11.3694 -6.20636 2.64917 67.1257 209.779 20.3637
9.07402 2.49594 4.78903 -161.082 153.328 29.4811
8.67938 -1.14978 -2.14684 -202.627 192.214 -5.01899
9.75459 -0.418965 -3.60829 -96.3932 197.092 -7.30612
9.49216 -7.11979 1.06867 -125.067 30.2993 71.2531
11.4396 -5.93558 -6.14214 67.6676 217.586 -26.5152
11.0226 -3.34264 -9.39326 25.2086 202.974 -37.0069
9.04094 3.51289 6.15162 -171.988 147.08 27.9914
8.76653 2.78108 3.18823 -201.339 138.785 16.7469
9.36959 5.92126 -4.86345 -143.081 144.163 -30.3398
11.6917 -6.65963 -3.12643 86.3727 197.513 -10.014
8.57487 1.81944 3.18676 -226.798 138.248 5.85313
8.4735 2.26091 -0.862599 -238.251 119.78 -18.9959
10.5191 8.49949 -0.520841 -35.5222 275.597 -5.33033
9.06956 7.59079 6.06773 -186.344 129.8 20.5563
9.77561 -1.07252 -0.0835926 -117.06 221.471 13.2316
9.13858 0.769919 -1.79618 -182.763 182.8 -4.82387
8.65117 7.25285 2.11141 -232.87 108.081 18.1542
10.9491 -3.93409 -4.60393 -4.68814 242.703 -29.9642
8.76943 1.94224 5.72773 -222.789 145.011 30.3079
11.8416 -6.51184 6.9659 76.181 191.159 29.1693
8.47335 2.59836 -0.114483 -259.042 101.587 -13.7045
9.61016 10.8577 -7.53581 -151.177 131.524 -54.9818
10.5194 -1.49483 1.56405 -60.8908 239.217 9.77223
8.98654 3.24998 -2.9268 -215.755 141.736 -26.4953
10.0322 2.39009 1.7453 -112.602 180.986 -26.051
9.6582 11.4361 1.36172 -149.856 137.716 -2.93337
9.13462 7.57898 11.913 -203.337 89.5436 -206.191
9.494 11.8978 -9.47629 -177.015 147.246 -61.6075
9.05468 5.26328 3.94051 -224.56 124.262 16.971
9.29857 2.6194 0.587586 -200.468 159.682 -2.44702
11.7694 -4.70276 -4.0393 40.1715 228.7 -30.7775
9.87529 -2.14709 -10.3081 -150.364 102.076 -61.1769
10.1742 1.85297 2.96208 -125.834 191.416 5.9021
9.61475 1.44713 4.49307 -188.083 181.868 -17.1284
9.65547 4.24548 0.987547 -191.038 159.314 -4.41471
9.76696 2.22698 -5.25397 -183.108 169.072 -23.7821
12.1911 -11.0686 0.027898 56.6735 198.45 -7.65708
12.3096 -0.8382 -1.74595 61.5542 267.143 18.1351
9.87002 5.2942 -1.05052 -186.611 147.829 -5.92206
10.9166 7.38787 5.85287 -123.807 161.197 34.669
9.8631 2.84043 4.21103 -232.887 59.1148 81.361
11.2899 -0.549275 3.3152 -91.3997 232.396 8.77495
13.0093 -4.6641 -5.16979 75.1601 189.404 -22.2034
12.3861 -2.32 -5.97563 7.90363 204.224 -23.1944
10.9415 2.35473 -1.68819 -137.277 204.837 -11.1947
11.0445 6.64477 1.5823 -129.12 161.225 11.9289
11.9688 -3.49545 26.3101 -46.0585 190.098 -3.02003
11.4785 2.19684 -2.07514 -106.262 215.888 -10.7735
11.0721 9.97928 -4.12388 -147.211 156.441 -22.3251
11.1279 5.00081 1.69316 -161.971 194.277 -13.7698
11.2369 6.77846 5.68306 -158.227 163.383 25.5292
12.3756 -0.0249285 -1.15326 -46.764 218.54 -10.2291
13.154 -2.53862 2.13707 19.277 202.992 1.41341
12.1321 4.80061 -4.46014 -92.775 179.943 -37.2659
12.6069 4.82736 14.4738 -48.0532 291.626 109.392
14.4645 -12.1441 3.20145 132.437 37.5297 18.9018
12.1397 3.97218 -6.61904 -108.909 191.333 -50.1921
12.2355 4.23843 -8.16648 -103.374 187.074 -7.75589
14.1045 -3.83605 -9.21538 68.4714 161.405 -51.2653
13.0017 1.67149 4.14487 -42.6323 194.508 20.6153
13.7646 14.2317 -3.79957 30.0623 109.112 -24.8223
13.6664 -1.48606 4.65329 4.18756 209.032 24.0488
13.3487 -0.755246 1.50709 -33.0382 232.943 20.7306
13.5788 -0.107773 1.79069 -12.488 216.195 9.3059
12.9018 2.0407 -2.5211 -88.5346 222.302 -0.763593
13.529 2.40213 -0.225827 -64.0698 195.917 9.81279
15.3686 -8.83525 -3.96349 46.7743 245.059 -18.3199
nan nan nan nan nan nan
10.2347 3.71284 1.39155 -222.119 126.863 -7.19818
16.6554 -9.06399 1.93688 -5.06461 249.91 -58.3524
