-22.469 -13.8374 -14.8233 37.2095 -75.6146 26.0511
-21.7648 1.91884 -0.205528 -1.19443 -25.9636 -21.1889
-20.4774 -0.525575 -0.374514 2.58493 -98.8045 15.3136
-20.4302 5.86962 -0.877244 -19.8767 -71.5903 6.49323
-20.2007 -3.14614 0.728198 2.35196 -10.013 19.6696
-19.9797 14.7911 -7.86351 9.05286 -118.831 181.92
-20.0665 -0.17106 5.56851 -1.43348 -78.9831 13.6643
-20.08 1.75446 -0.187509 -4.29547 -101.269 -9.24717
-19.9794 -0.918318 0.527283 3.07647 -68.7153 -5.21161
-18.9214 -8.65328 -0.149873 107.223 -86.1291 -31.7619
-19.7864 2.90026 -0.455017 1.54308 55.3095 64.0249
-19.3352 -5.25739 0.179995 37.9446 -123.447 8.48046
-19.7761 2.87294 2.37435 -8.99294 -72.828 5.26658
-19.7162 1.72479 -0.183652 -5.95899 -88.8963 -6.84967
-19.6247 1.71959 -0.203449 -7.66237 -74.6057 -107.956
-19.4581 1.70677 -0.156048 -3.48769 -65.6691 116.679
-19.1874 0.256034 -1.93764 11.1796 -123.715 62.2567
-18.8414 7.03158 -0.928007 37.3034 -19.0404 -49.6366
-18.8628 -5.11959 0.177937 24.5631 -77.968 19.8466
-18.871 -3.06322 -0.27366 17.4297 -84.7268 -61.0931
-19.1982 5.51709 -0.80607 -16.1552 -61.0209 95.6963
-19.0094 -0.867241 0.52275 0.70771 -33.6911 98.2722
-18.8729 -7.4339 0.280994 12.4669 -27.8048 112.355
-19.055 1.92503 0.104037 -12.6584 -101.358 39.1481
-18.9043 1.65522 -0.18953 -2.99907 -78.3717 -72.358
-19.0826 5.47773 -0.81586 -22.8319 -88.7207 23.1095
-18.6147 -2.50549 -0.686967 21.0152 -40.9155 76.8791
-18.4388 -5.95966 -2.12042 37.0554 -119.428 55.1988
-19.0366 7.2113 -0.961271 -27.4009 -73.6486 18.4375
-19.1797 2.93499 3.93034 -47.9719 -59.469 -85.893
-18.6357 -0.575664 -2.16048 1.93123 -104.81 -33.8354
-18.8076 3.86188 0.275 -19.3566 -89.0912 -3.58954
-18.6782 7.08219 -0.747237 -7.36131 -51.73 25.411
-18.7654 10.9149 -0.423037 -18.6162 -35.194 -18.7324
-18.3352 -6.96216 -0.233743 19.1579 -55.7092 -11.1747
-18.6052 -2.48191 -0.600549 -7.99283 -69.3472 -18.9076
-18.6935 5.36495 -0.80762 -24.4089 -91.6493 -18.5606
-18.7402 4.62092 0.453019 -31.7299 -136.341 -34.8754
-18.4905 -1.40065 1.99954 -11.1653 -71.1567 -63.0672
-18.3038 -1.48869 0.105392 5.91165 -66.8571 9.66557
-18.1929 -7.16873 0.262031 16.4274 -38.3914 64.9681
-18.2763 -1.36761 0.92305 6.13969 -102.22 10.6955
-18.3094 2.91122 2.63436 -1.63568 -64.1007 128.028
-18.4093 3.77939 0.248719 -16.8328 -91.0542 -103.724
-18.1345 -0.468466 -0.331973 2.89218 -102.297 12.0578
-17.7793 -4.83595 0.15066 36.343 -120.972 -64.9467
-18.0657 -0.0911507 -3.53361 6.62634 11.9914 44.185
-18.2817 9.11658 -0.0355104 -15.3579 -32.6945 -61.3256
-17.4278 -39.7109 6.12228 66.4523 72.6417 -98.16
-18.5925 7.16073 -0.985992 -56.8502 -95.6768 -16.0518
-17.7133 -6.98903 0.261175 28.2319 -78.0006 92.7246
-18.3055 8.60898 -0.760633 -32.9038 -74.4117 -44.8417
-17.0368 -12.1603 -3.89003 91.4515 -194.371 57.7863
-17.8491 -1.45663 0.12152 7.88237 -89.1475 101.221
-18.3291 6.42544 -0.288076 -40.1464 -115.522 -58.9695
-17.9689 0.615968 -1.24926 -5.3578 -111.032 83.4802
-17.3035 -5.74309 -1.18057 47.6823 60.9391 -29.8238
-18.1072 9.01789 -0.0406823 -36.9629 -78.505 -87.7556
-17.5933 -2.28626 -0.381427 11.9079 -114.029 120.189
-17.8245 3.66176 0.266266 -12.2093 -77.1029 24.1349
-17.8722 5.13131 -0.787673 -19.7038 -78.4806 -93.6817
-17.0929 -8.94243 -0.119596 56.0305 -99.5364 -17.7408
-17.7592 5.65054 -1.02284 -16.4436 -46.6946 -25.6484
-17.3462 -6.83838 0.25684 22.1834 -49.9045 96.1504
-17.6114 1.54549 -0.168455 -6.12161 -55.7372 -27.7143
-17.2878 -6.81354 0.224372 17.295 -42.8838 -58.869
-17.4041 -0.183419 0.0244143 -1.17087 -103.933 0.581396
-17.5933 10.2282 -0.390665 -27.9211 -51.1808 11.3319
-17.4066 -3.56441 0.119568 -10.6496 -143.374 3.88281
-17.0389 -11.6488 -1.152 25.034 -67.7783 32.3585
-17.3058 1.18907 -0.511811 -1.82478 -117.955 -35.2088
-17.7142 8.32519 -0.717142 -42.4185 -94.8525 48.825
-17.4867 3.58064 0.255447 -24.5549 -130.461 -4.40803
-17.3698 4.18555 0.115664 -17.1068 -86.2602 -37.6967
-17.3044 4.97157 -0.720809 -14.1868 -61.4211 114.416
-16.9823 -2.29374 -0.608593 17.3724 -132.737 -57.8341
-16.8909 -9.15264 0.214256 22.1651 -11.1239 45.7408
-17.0552 -2.20014 -0.410767 3.90847 -32.2436 -84.4857
-16.9955 -8.8197 0.107827 7.18773 -22.4233 2.38145
-16.5641 -12.1171 1.08558 47.2139 -62.5518 79.3023
-16.7971 0.441971 8.35027 20.0589 -2.84044 -71.1961
-16.3789 -32.4052 2.52057 60.8523 1.13491 10.9609
-17.2836 6.45836 -0.808307 -31.275 -81.5156 -39.5205
-16.8207 -1.37758 0.116129 9.14168 -107.731 103.264
-16.7343 -1.57722 0.551899 12.0346 -89.6731 -95.4847
-16.5976 -4.69901 -0.531272 22.9191 -77.382 -93.1511
-16.5138 -8.45263 -0.725628 28.002 -54.4886 96.1646
-16.7159 -8.29831 0.42116 6.715 -59.4978 29.3966
-16.4032 -6.2418 -0.228128 36.3758 -107.446 -102.877
-16.7855 12.3236 0.0297973 -11.2698 -16.8298 34.3591
-16.3177 -7.49084 0.513792 31.2195 -70.1386 14.8374
-15.7142 -11.6302 -6.57088 84.9735 -35.2413 225.231
-16.635 -8.8335 0.113752 -12.9782 -62.006 -65.0934
-16.4264 -6.46855 0.221507 7.72138 -17.1874 -15.1011
-16.8468 11.2318 0.329571 -36.4972 -58.2824 96.8419
-16.0658 -5.04791 0.567014 40.6807 -133.89 -85.4541
-16.0221 -7.3624 0.523298 43.7203 -98.3329 106.287
-16.9354 3.2603 -18.132 -48.8966 -134.007 -85.113
-16.4144 -0.432298 -0.32308 2.52268 -133.082 -99.7402
-15.9639 -15.3704 -1.44462 46.3701 -269.906 -99.3452
-16.7329 8.50317 -0.790286 -31.5784 -64.916 47.0568
-16.1634 -2.62987 -0.253894 21.9454 -101.583 -147.719
-16.1116 -22.3536 -6.73065 23.8245 -174.197 -159.983
-15.7696 -13.0192 4.81719 53.2456 -13.9637 -111.19
-16.7231 13.3008 0.440301 -43.0503 -54.1295 30.598
-16.8024 9.75635 -0.376625 -52.1327 -92.8915 -6.99226
-16.6074 4.75427 -0.733136 -37.865 -135.497 -93.7804
-16.6682 8.29706 -0.0309166 -44.6848 -87.4986 -48.8028
-16.5157 4.73202 -0.700768 -34.5799 -116.015 45.5565
-16.1403 8.21614 -0.74658 -3.06572 -7.64794 123.699
-15.86 -6.91226 -0.0611968 22.6311 -47.7544 -102.974
-16.2332 14.1321 0.659721 -23.0294 -27.6326 46.6273
-16.1119 1.61396 0.0754154 -17.1968 -152.323 -28.3373
-15.8717 -0.398974 0.444676 3.24376 -128.951 -120.875
-15.7831 -1.19599 0.791355 10.7011 -161.056 -19.3275
-16.1812 4.5351 2.84098 -30.969 -83.8653 -36.0025
-15.2127 -2.47495 -5.00151 63.4928 -14.241 2.49808
-15.6791 -3.91562 0.131938 16.7715 -66.7618 110.568
-16.1285 7.13598 -1.1604 -28.7749 -146.654 76.7783
-15.5575 -6.13551 0.173647 24.2209 -54.4417 -191.532
-15.9545 8.11447 -0.780375 -15.5404 -35.787 -85.9254
-16.1479 9.06923 -0.670934 -39.0822 -72.1603 -127.106
-15.0961 -11.1189 -0.304651 64.1879 -90.6215 66.955
-15.005 -2.49398 2.1798 72.9793 81.9974 -0.128698
-15.4256 -12.6577 -0.838374 29.8671 -35.2746 11.1844
-16.0734 17.6803 -10.4769 -35.5806 -58.4419 -62.6872
-16.2994 9.14336 -0.653235 -60.3293 -114.559 -11.6425
-16.104 9.52432 -0.251576 -42.915 -0.935357 51.4058
-16.136 9.25702 -0.432684 -46.1082 -127.278 -29.5501
-16.0276 4.86266 0.660427 -36.9559 -132.968 -112.584
-14.9385 -5.80495 8.85 69.047 -120.812 -131.583
-15.5377 -1.39304 -0.0560271 8.72885 -148.344 -74.0438
-15.9756 4.57141 -0.715581 -37.2338 -139.722 -140.887
-15.2566 -10.0315 0.330991 32.3907 -49.2741 -99.6138
-15.9973 6.30989 -0.485524 -47.5901 -54.2888 -4.70733
-14.4256 -10.6427 -0.30196 107.632 -139.038 11.8671
-15.2163 -5.78476 -0.168865 26.3447 -75.9834 113.864
-16.0865 11.6677 -2.7738 -60.8527 -85.2024 -54.0401
-15.1121 -5.97005 0.227448 35.9195 -97.7891 101.6
-15.6709 4.49402 -0.690645 -22.4924 -93.2402 -82.297
-16.0803 7.994 -0.0168931 -64.8074 -124.463 16.2266
-15.1709 6.01476 -0.805397 15.5212 60.3513 85.9604
-15.7193 4.76426 0.654842 -44.0997 -151.881 -75.2281
-14.6379 -5.58014 -0.176129 60.0925 -134.818 42.9624
-15.7727 5.95455 -0.817382 -54.1726 -148.73 -88.7857
-15.2834 6.42975 -0.0354216 -5.82024 -127.517 51.5088
-15.0001 -1.96735 -0.334017 22.2052 -184.252 59.5907
-14.8504 -6.59456 -0.155647 37.0368 -146.707 62.5164
-14.8725 -2.43549 -0.187305 30.9979 -168.387 91.0283
-14.469 -2.0923 -7.06493 70.2228 -156.113 -57.6403
-15.8082 10.5277 0.306723 -64.6931 -91.0277 79.043
-14.6831 -14.937 0.579312 44.9741 -46.1684 60.2992
-15.1801 13.2216 0.591554 -6.19377 -8.60857 -81.2639
-14.6126 -14.3523 2.05451 48.3686 -61.676 -11.4013
-14.5432 -3.97277 0.129106 53.3519 -176.089 -24.5988
-15.3669 3.13432 0.225406 -32.8224 -172.374 0.822265
-15.1939 1.92575 0.607466 -16.8272 -112.522 157.663
-15.5577 11.9752 0.326508 -56.3934 -76.4604 25.8262
-14.0755 -7.41566 0.0690382 90.2432 -91.7204 -78.9771
-14.5382 -11.9357 -0.778895 43.453 -51.0202 66.445
-15.0547 11.332 -2.38073 -13.0148 -18.736 -8.90137
-14.4576 -15.497 -1.61684 43.29 -22.3981 113.984
-14.061 -11.5607 -0.785086 81.9627 -98.8618 -89.0604
-15.0735 2.25392 -0.111659 -19.0777 -120 142.86
-14.3125 -3.91153 0.117862 52.963 -181.887 -69.2512
-14.1695 -13.4379 0.0655836 65.8166 -73.4284 69.1129
-14.2945 -3.06061 -0.204869 51.0589 -193.056 -66.8115
-14.677 -1.91008 -0.367017 11.8876 -108.589 -138.756
-14.3515 -11.7832 -0.77435 43.7641 -53.7132 38.9091
-15.097 4.62868 1.43579 -36.9251 -156.545 52.2799
-14.622 -1.1132 0.752572 9.44992 -174.706 77.3054
-14.1221 -7.56393 0.316132 57.6883 -178.155 59.414
-14.1217 -6.17182 -0.0619668 54.2648 -111.776 -128.22
-15.3009 5.56573 -0.701191 -63.2382 -212.785 149.336
-14.7997 9.59001 1.7659 -14.7554 -35.147 36.4924
-14.2675 -5.43236 -0.203253 34.355 -108.356 -113.089
-14.938 12.0383 0.907556 -32.8294 -40.6353 81.9356
-15.0883 8.75853 -0.3348 -51.8434 -92.9266 10.2764
-14.634 0.996544 -0.400558 -8.06949 -143.131 127.91
-14.1926 -11.6484 -0.77684 33.1348 -39.8684 -16.2384
-14.8551 4.76249 5.59776 -36.9229 -48.1971 -75.7298
-14.8864 4.51486 0.620259 -41.2836 -129.135 -70.708
-14.2071 -9.4808 -0.0637067 25.9515 -43.0198 -122.748
-14.4695 0.974254 -0.418618 -13.0734 -195.442 15.8212
-13.6173 -14.1445 -0.178264 70.7934 -72.8201 52.95
-13.9483 -3.50295 0.0664327 37.4964 -149.692 -151.258
-14.4253 1.24911 -0.10645 -12.253 -127.147 131.641
-13.5532 -14.9531 0.515691 72.9231 -66.2774 72.0912
-14.397 11.0993 0.277436 -11.5003 -16.4829 -97.9664
-13.6298 -13.2678 0.246499 62.9533 -69.0798 -25.3839
-13.6829 -10.1595 0.366913 56.9386 -75.2204 -1.51644
-14.8 8.58834 -0.349333 -58.9831 -100.311 -92.6005
-14.7614 7.48503 -0.716131 -56.4212 -122.569 -52.6857
-13.7298 -2.94547 -0.180538 45.9843 -214.374 15.3027
-14.1409 1.23588 -0.172088 -4.21091 -69.5511 -202.602
-13.4451 -20.6005 1.37212 62.4587 -168.336 -42.5817
-14.2844 1.22371 -0.122678 -20.9952 -189.788 45.7061
-13.9136 -1.25328 -0.00963351 15.6733 -160.765 132.235
-13.8529 -9.45157 2.71372 19.8054 39.37 24.055
-13.6558 -11.2101 -0.773752 38.6551 -44.1962 -144.027
-13.1834 -6.66968 0.0704045 80.0565 -155.123 -19.2711
-13.9852 -0.179977 -0.40325 0.29848 -183.115 78.1552
-14.4403 8.38529 -0.301498 -45.8813 -76.8573 102.592
-14.4151 5.04429 -0.23294 -43.9843 -130.839 -77.8108
-14.8837 11.2138 -1.53564 -90.5862 -137.335 -17.7177
-13.6149 -9.49711 0.82987 32.5061 -49.5899 -141.234
-14.242 12.73 -2.29251 -35.0448 -39.9246 44.7348
-14.1649 2.88138 0.219208 -32.6816 -196.474 56.7811
-13.1137 -8.28097 0.135808 67.0227 -119.574 72.1398
-13.7066 -10.0725 -0.308798 6.47802 -7.94768 -97.9282
-13.6986 -0.362381 0.410542 4.16793 -199.58 26.6379
-14.6721 8.49965 -0.344854 -93.4025 -149.99 -85.4278
-12.8301 -8.21047 4.92022 87.7435 -195.986 48.7997
-13.9899 4.00704 -0.56371 -28.2242 -104.839 184.985
-12.0548 -17.9927 1.47087 156.443 49.5955 -130.79
-12.916 -10.6154 -0.691324 66.8199 -78.3534 63.8238
-12.0278 -12.2387 -0.238159 154.138 64.4985 9.66846
-12.9486 -13.5611 0.07095 57.6135 -21.7395 21.1881
-13.9056 13.5859 -1.18991 -42.4352 -41.9889 -43.4811
-12.1667 -12.154 -5.1475 128.31 -74.8365 97.4551
-13.9958 12.1703 0.583769 -53.8532 -62.6701 114.906
-14.0809 9.37509 0.243523 -63.3724 -88.9375 -74.8716
-12.5147 -13.0096 -0.153384 87.7436 -94.7264 100.133
-12.1387 -10.002 -0.680075 123.355 -148.913 -85.3824
-13.1909 -10.6718 -1.96962 14.4185 -71.1795 35.8143
-13.9559 9.28967 0.27596 -63.862 -98.1064 95.2497
-12.0579 -11.3192 0.562444 122.031 -139.009 -14.9918
-12.9112 -13.2495 -0.0672406 36.2294 -89.3535 121.837
-12.5156 -10.2914 -0.703605 74.7573 -92.6762 -102.708
-13.2757 -0.176034 -0.382057 -1.0255 -199.248 77.7405
-13.7185 3.57174 -5.47688 -47.4336 39.5639 -11.8568
-13.4194 13.5026 -0.755459 -19.4575 -20.4639 -74.6073
-12.9246 -10.9215 6.62315 23.0335 -72.6467 0.986764
-12.4902 -4.95574 0.145523 64.53 -172.405 -124.453
-13.4402 1.84782 -0.553081 -30.0115 -202.627 4.88962
-12.5895 -4.98506 0.142606 48.6023 -130.81 -145.171
-13.3276 17.9817 7.58695 -26.1818 -37.9081 -60.1159
-12.0958 -12.8379 -0.107589 92.7953 -289.01 25.5814
-12.3652 3.14901 7.52738 58.391 62.5028 -27.7586
-11.7453 -12.222 -0.167002 117.508 -112.297 -18.4097
-13.874 6.87625 -0.00448499 -95.1789 -190.391 63.3651
-12.6808 -1.15436 -0.00473257 22.6396 -205.199 140.361
-13.6524 7.61935 -0.371373 -77.9924 -8.14639 160.332
-13.6109 4.88812 -0.959122 -74.1439 -193.152 120.923
-13.2037 2.68549 0.171947 -38.3488 -183.277 -105.554
-12.0647 -13.3144 0.442608 74.3274 -65.937 -16.7132
-12.5641 -12.7751 0.477971 24.1344 -23.5311 -34.7033
-13.5398 5.09392 -0.689314 -75.2661 -203.148 -17.1949
-12.2503 -1.95764 0.375108 51.1117 -220.29 -1.25715
-12.2329 -12.4468 0.489734 45.3759 -42.0907 84.6734
-12.9442 6.57559 -0.574093 -27.9105 -59.6413 218.685
-13.2004 19.5116 -5.33489 -55.3024 -209.35 151.486
-11.6897 -17.9679 6.36312 94.5909 -136.461 108.604
-13.0831 2.95269 0.795665 -44.7789 -238.295 1.18768
-13.2305 9.69124 0.0316448 -61.6453 -83.9237 67.1066
-11.981 -12.3942 0.00990266 62.0556 13.0094 -36.572
-12.3243 -1.96062 0.502209 22.5791 -226.854 -31.1506
-12.1467 -50.2457 37.9692 35.2719 -20.6321 19.2992
-11.3847 -11.8458 -0.163873 106.699 -111.327 -27.731
-11.7507 -12.9665 0.4598 69.1126 -61.6375 124.461
-13.0789 11.9749 0.544369 -68.8785 -73.5473 79.948
-11.3704 -13.1921 -0.464835 100.696 -86.5417 -41.2822
-11.6085 -9.07668 -2.83776 76.5131 -21.197 -160.019
-11.531 -16.2514 0.617207 76.844 -53.2706 -9.29338
-12.0606 -16.4321 0.477119 21.6849 -14.6906 37.6483
-12.9812 7.52138 -0.274161 -73.8478 -131.544 76.18
-11.1391 -13.9744 -0.151213 104.67 -186.904 93.745
-13.1608 12.879 -0.139625 -97.0218 -105.68 26.6834
-10.5625 -11.6935 0.386663 155.825 -138.773 -22.0626
-11.7624 -1.61291 -0.387615 27.1397 -208.519 126.539
-11.7461 -4.88823 12.2377 24.8641 -86.5944 -5.68427
-11.7755 -1.29936 6.11469 20.3771 -205.259 18.1463
-12.3685 16.5705 0.987733 -53.3726 -37.3978 -50.5745
-10.7534 -10.8788 1.33079 104.923 -168.53 -119.06
-12.3911 11.346 0.476222 -61.2197 -69.0003 -117.951
-10.694 -15.0961 -1.20516 101.9 -12.1358 -26.5618
-12.1372 16.8846 0.125492 -44.3889 -36.8135 53.1324
-10.5733 -12.2739 -0.410725 108.591 -94.7757 67.6378
-11.1981 -1.85801 -0.136012 46.3802 -241.74 93.4305
-11.2173 -17.1135 1.84847 42.6671 -48.738 57.9612
-10.1397 -10.276 0.282858 148.344 -61.5622 -82.0586
-12.6513 8.4034 0.227155 -101.354 -147.417 -25.5294
-10.7387 -15.0375 -8.18274 88.2597 -175.83 -255.699
-11.5898 0.0681716 3.4567 2.66262 -249.259 33.2501
-12.0871 -4.57206 7.04378 -47.6334 21.9494 73.9891
-10.1371 -11.781 -0.398076 142.098 -113.141 45.3298
-12.241 16.3929 0.985861 -69.0934 -48.4244 -8.05864
-11.2003 -11.6236 -0.129613 34.2178 -34.5058 126.514
-10.4077 -12.0799 -0.403754 108.469 -83.5547 69.2593
-11.1873 -11.3766 0.460608 25.4701 -23.8095 140.419
-10.2999 -11.9548 -0.431533 107.322 -82.0641 -87.9659
-12.0631 3.79915 -0.683149 -74.7617 -202.617 35.8508
-12.2489 8.13266 0.20638 -101.562 -157.369 -91.0112
-11.7526 14.45 -0.0416868 -52.7826 -46.7336 137.675
-12.1162 12.1609 -0.676061 -90.8752 -94.0978 -41.8472
-11.8806 13.1295 -0.417395 -72.1396 -64.1196 -54.0165
-11.8611 15.8791 0.970749 -79.4791 -54.9309 69.0332
-10.2349 -10.5141 0.475583 80.1073 -154.84 -47.4065
-11.818 4.60705 4.3897 -82.0086 84.4906 -40.1072
-11.477 13.9503 0.0225056 -49.9072 -46.3351 -0.23297
-10.6394 -2.27404 -0.0967405 23.5184 -127.254 223.067
-9.78156 -10.1826 -0.102408 102.202 -108.611 164.32
-10.0592 -17.5211 -0.782738 71.7216 -35.9987 62.779
-9.93242 -13.6473 0.329784 76.1508 -95.1005 -9.56162
-9.78842 -13.2783 0.942897 73.7175 -54.8731 71.2818
-11.3838 15.2341 0.917204 -88.7057 -65.7509 -3.66657
-11.6928 11.3886 -0.969743 -123.349 -122.48 106.899
-10.4747 18.5206 -3.91192 -8.70243 9.67412 -119.661
-9.87241 -17.1811 -0.787817 37.7508 -20.8391 -37.0275
-11.1779 11.2674 -2.37775 -93.7587 -97.5253 -13.9733
-9.31296 -12.7198 0.396956 90.8253 -63.0225 165.921
-9.33331 -16.267 -0.740614 88.1172 -46.6091 -10.3786
-11.2762 13.6769 0.0286086 -115.443 -107.562 31.7187
-10.775 13.2406 -0.0354491 -66.0388 -58.1283 139.686
-11.3565 11.0067 2.43478 -126.637 -124.508 112.292
-9.58369 -12.347 6.93673 45.9944 -35.5959 -26.8233
-9.32631 -13.1454 0.47638 64.1283 -46.0412 -119.373
-8.62573 -16.3063 -1.54333 132.106 -77.2216 38.9411
-9.83765 -35.7378 9.35018 10.5309 105.553 -116.405
-8.87194 -15.4203 -0.67858 105.247 -99.8601 -44.418
-10.3566 -0.959468 -2.68034 -42.7588 125.85 -85.4918
-8.55755 -17.3372 0.123477 133.287 -9.31109 -14.2969
-9.54726 -13.293 -5.59809 33.5857 -123.017 -20.7173
-9.24184 -36.9783 -2.51927 62.0295 -202.217 -46.3621
-8.5148 -14.8613 -0.6705 125.662 -65.7835 19.3911
-8.95877 -6.61712 -0.147951 80.3095 -114.054 201.466
-8.62531 -17.8938 0.618359 113.187 -47.0617 -11.8532
-10.5127 13.6224 2.3299 -78.58 -44.4526 88.8198
-8.84862 -18.3067 0.62488 68.9646 4.34212 -73.5095
-8.12539 -16.9569 -1.43862 139.047 -45.5212 -39.4063
-9.05124 -19.5542 0.337064 46.196 -17.8927 27.073
-10.1327 14.3394 0.964245 -65.5499 -166.518 -62.8405
-8.51021 -8.30423 0.113061 85.9317 -96.0479 -216.755
-10.6085 10.3254 -0.884361 -129.085 -129.465 73.2789
-8.73525 -18.0925 0.606594 56.1021 -25.1793 -104.012
-8.50622 -18.721 -0.411209 72.8224 -26.8277 -77.4277
-9.9185 17.8542 1.15937 -68.9039 -33.7466 70.738
-7.77743 2.19675 -2.09014 140.359 -134.298 99.7212
-10.6028 14.1633 0.860965 -140.939 -107.789 34.076
-9.71085 16.0345 -0.125645 -56.3031 -34.5525 46.1461
-10.0384 17.6272 -0.867476 -89.1007 -59.8265 -20.4116
-8.26106 -15.1961 0.0854331 85.3116 89.2352 87.3359
-9.99085 13.3634 0.815748 -95.9014 -65.6923 51.0187
-10.2116 15.7771 -0.611245 -118.291 -76.7185 -47.6208
-8.18897 -16.9736 0.5803 77.6645 -33.1375 -42.3024
-7.57555 -13.2331 -0.615421 136.18 -70.5836 -73.2924
-8.48929 -17.1182 0.0952429 41.3253 -67.7885 -55.6488
-8.67253 -15.1102 0.0223698 13.3148 43.8449 -50.9702
-7.14619 -12.4292 -0.609381 161.267 -24.137 -128.688
-8.18533 -11.8018 3.86915 51.9714 -83.5071 -77.1877
-6.89144 -7.77787 1.53528 180.407 -171.047 88.5536
-7.05657 -9.61997 0.647303 162.553 -124.126 -117.846
-9.37622 16.8744 1.1018 -70.1218 -40.7745 95.9554
-8.42129 -17.4245 0.59025 19.6127 -8.2999 -71.0724
-8.90487 16.0444 1.04566 -28.9167 -17.1682 83.0986
-8.20694 -14.8673 -5.35001 29.0864 -25.6358 -4.05284
-8.6231 15.5442 0.984033 -12.8362 -7.19047 -61.0653
-8.34719 -20.6411 -3.92591 8.69956 -6.31083 -36.269
-9.16352 17.6989 -0.318011 -72.4496 -40.4795 52.0112
-9.23991 16.6238 1.05568 -80.8439 -44.5451 -51.4981
-7.64155 -15.8366 0.537904 67.0903 -30.357 -56.736
-7.27971 -15.2541 -0.552495 102.269 -231.334 -101.211
-7.74399 -17.879 1.02805 51.1542 -19.9759 48.2595
-7.42773 -15.3999 0.511924 78.9571 -32.8255 -109.656
-7.2489 -12.7144 -0.587193 94.8055 -116.269 -140.588
-5.99453 -13.9304 0.783001 202.129 -83.6061 -46.6729
-8.95164 15.7113 -0.764628 -93.6029 -65.2524 24.3231
-8.70983 5.78429 0.112571 -70.716 -106.004 -232.125
-8.72121 14.3902 -0.135391 -72.9295 -43.8755 -69.3012
-7.43135 -37.7187 5.29764 50.47 -138.31 60.9359
-8.28056 0.676782 -0.0649141 -38.3542 -267.332 56.6251
-8.37433 14.7138 -0.756435 -58.6392 -34.9673 -176.118
-6.62701 -13.7608 0.447593 110.609 -48.9021 -145.5
-9.18973 12.2639 0.739492 -158.199 -103.089 -0.522728
-7.23381 -9.76281 -2.38679 28.5858 -166.545 -29.0117
-8.21552 14.7801 0.956264 -72.5645 -41.8923 40.5828
-8.07746 14.5342 0.914094 -66.3561 -37.8432 -88.4894
-6.3381 -28.1211 9.56332 103.792 79.675 -70.3997
-5.67878 -11.8245 0.384612 159.157 -69.0997 -124.098
-7.52039 18.9375 0.159352 -25.8504 -12.0702 -51.4223
-5.51189 -16.0717 0.463069 159.847 -57.7901 51.5818
-5.84889 -15.7584 1.18106 124.131 -45.4772 -102.414
-7.62867 12.5942 -6.99501 -55.8226 -8.61419 18.8468
-7.51089 15.9188 0.421006 -48.869 -23.0218 87.5795
-6.75201 -1.078 0.294689 20.013 -129.688 257.067
-6.31239 3.4151 -5.06124 57.3487 104.354 -0.142122
-5.83891 -12.1232 0.464515 93.8012 -45.3869 215.61
-6.26825 -12.9846 0.412526 43.4827 -19.7326 -186.303
-7.88771 16.5764 0.0891849 -119 -66.5095 -24.5044
-5.55968 -18.2193 -0.816103 111.719 -24.9759 88.407
-5.48469 -11.4028 0.358988 116.966 -56.5552 -178.327
-4.87288 -16.8081 0.61185 175.036 -48.6646 28.0641
-6.71041 15.1815 -0.481469 -14.4461 84.508 56.1064
-4.68706 -8.58706 1.00951 184.112 58.2257 -4.02444
-5.5645 -17.8666 -0.757326 94.426 -28.3887 38.778
-4.79686 -8.41683 -0.342462 163.828 -93.9202 190.989
-6.57568 -1.64857 2.40859 -17.3343 134.815 97.5418
-4.15552 -17.4147 0.346072 216.453 -234.445 0.266151
-5.32659 -17.9811 0.709187 97.0502 -35.5889 -0.813638
-7.78245 17.8022 2.09625 -151.632 -170.231 -233.624
-6.9252 17.5863 -0.0195278 -74.0349 -31.785 13.8577
-7.61234 14.6586 -0.268437 -148.997 -78.7351 19.1624
-6.21725 18.5024 1.59142 -13.2357 -84.1398 -51.4962
-5.46215 -15.8585 0.418727 56.2072 -19.5531 -137.23
-7.41786 14.0076 -9.72159 -143.798 -21.9162 -351.639
-7.56188 12.4338 -0.117721 -158.885 -92.7836 -63.0278
-6.51679 16.3887 0.139492 -58.1035 -26.3258 -36.8692
-6.86535 17.4219 0.00328564 -95.4154 -36.0057 124.562
-6.28284 19.7455 -0.07341 -42.6721 -13.9187 19.0573
-4.76488 -20.2337 0.203669 100.393 -22.6822 -16.0507
-6.18517 18.03 -0.526191 -44.3217 28.1102 -154.454
-6.19731 15.7627 -0.0519752 -46.4992 -0.592725 -61.0703
-4.61193 -16.2192 0.230191 104.098 29.287 -15.6491
-6.05415 20.6598 5.97257 -44.4908 -20.2906 -70.6581
-5.86599 18.4397 -0.100847 -34.0009 -10.6428 -140.351
-4.61215 -19.5713 0.193381 81.4751 -20.3142 -33.2653
-7.04432 15.8883 0.844374 -167.009 -74.155 -27.7056
-5.66209 18.3432 -2.99477 -35.8914 -7.83214 29.8416
-6.27162 14.1736 0.720638 -97.7658 -44.0393 -183.224
-4.27854 -18.1726 0.175371 94.2192 -23.2072 -51.3639
-3.72707 -15.884 0.172338 141.487 -32.146 48.5273
-4.63357 -13.0676 -10.5828 41.8045 -4.11246 93.9928
-4.05499 -17.1315 0.146269 89.2022 114.107 -36.3517
-6.14266 15.9215 0.0401552 -123.096 98.8112 179.345
-6.18706 15.3991 -0.168867 -128.174 -213.663 8.91131
-4.08162 -20.0984 3.09533 76.5545 -67.6486 21.6234
-2.8977 -20.3132 4.89802 187.838 68.8025 -1.05465
-4.36979 -18.8745 8.41138 29.4229 -10.3562 -66.7779
-4.57776 4.34906 5.78551 6.83904 -129.098 20.3766
-4.7993 -2.56451 -11.7489 -22.0581 -106.13 18.3538
-2.91453 -14.8567 -1.22791 160.045 -35.5328 31.3262
-2.47526 -13.7913 -0.269514 199.081 -42.7774 -68.2266
-3.61145 -20.8737 -0.152931 80.4665 -107.551 72.6604
-3.22522 -33.1512 4.63151 116.037 49.6507 64.6937
-3.6009 -19.8153 -0.380013 77.8788 -9.60799 -61.681
-3.73731 -20.5116 -0.464498 61.7717 34.2518 -1.2188
-5.28337 16.5645 -0.0880799 -92.8086 -28.0021 -113.707
-5.57443 13.9745 0.0907671 -125.859 -47.471 -169.65
-4.82238 20.518 0.268176 -52.2343 -11.114 2.45154
-4.32667 18.3265 -0.818916 -9.68156 -3.39158 142.584
-3.85259 -20.1205 -0.536051 32.5398 55.2989 -7.49446
-4.6476 1.72916 -0.287281 -50.3129 -155.233 -255.281
-4.93242 15.6415 1.50632 -78.9741 -76.887 44.784
-6.36551 20.0318 -4.61235 -221.461 31.0992 -4.85492
-3.01649 -19.4631 0.519628 107.16 -17.2706 -64.3705
-3.61249 -15.3142 0.186799 47.4156 -11.3744 147.683
-2.66926 -17.144 0.508068 133.204 19.9084 0.180649
-1.85201 -14.8821 -0.365122 212.388 -114.682 -91.9909
-5.75001 14.5313 -0.0240766 -177.529 -76.7757 -27.3743
-2.89687 -15.9897 -0.315785 104.996 -13.8867 -94.6374
-3.35741 -18.4573 -0.336631 56.1543 -10.4275 27.4269
-2.09278 -15.5625 -0.149276 181.106 -19.7768 55.8026
-2.53753 -16.4159 0.437794 123.583 -11.6662 -56.7122
-3.31943 -21.3184 0.576793 43.8643 -6.87282 -33.4533
-2.75789 -17.7953 0.499517 98.2236 -17.7237 60.774
-4.65621 7.96491 8.87031 -92.8982 -131.549 -11.8644
-4.14526 17.5278 -0.837178 -42.5539 -10.8837 -127.496
-2.2049 -22.0192 -5.84424 148.674 76.6921 113.557
-1.02333 -6.84371 1.37972 259.374 48.3487 -42.2419
-0.858656 -16.966 -0.605053 263.073 -158.461 -120.748
-4.20631 5.08588 10.6705 -80.0019 50.6029 59.2088
-3.97546 16.7942 -0.800611 -57.97 -14.0134 -114.505
-4.26044 17.965 -0.831903 -98.799 -21.6052 -2.09282
-2.11801 3.19053 6.28653 104.594 81.4893 -38.5468
-2.94093 -18.8534 0.531666 13.421 -1.95805 75.9096
-0.738962 -0.857545 -0.0148834 223.519 -216.894 -19.5927
-0.327476 -6.58349 0.180429 248.609 4.13529 153.817
-4.27573 17.6927 -0.342878 -145.096 -35.0684 72.5649
-4.66388 14.5498 -0.071513 -184.736 -55.706 -71.0864
-3.78028 13.9502 0.52295 -97.4548 -30.3068 -208.756
-2.02862 -17.6585 -0.57167 68.436 -3.42899 -127.881
-1.02652 -0.24793 2.87999 141.876 152.782 5.67885
-2.26394 -19.6017 -0.607271 17.234 -0.0441762 -8.09985
-1.83703 -16.291 -0.543767 55.2738 -45.9234 101.077
-1.01107 -19.073 0.562834 128.464 -52.4357 -34.2149
-3.95157 14.5293 0.607219 -168.917 -42.786 88.5055
-0.503296 -13.5154 0.546972 169.727 -4.80151 129.648
-0.565388 -15.0362 0.549775 162.037 -6.3493 -143.397
-0.911675 -14.7262 5.39914 127.158 -46.942 -75.5579
-2.72783 15.4204 -6.69478 -55.5763 -1.88879 -25.4167
-1.09537 -19.3605 0.434144 95.4776 -55.2521 -20.9877
-2.43791 22.4328 -0.102966 -42.4987 -113.545 7.3882
-3.00633 18.1723 -0.0896945 -101.506 -15.3199 -117.266
-0.992821 -22.0891 13.0131 97.4112 -23.9451 170.084
-1.16648 -20.5334 0.473973 63.7958 -3.92436 45.385
-0.991661 -17.5469 0.415669 80.1108 1.9578 90.7353
-0.426653 -17.0978 0.308331 135.643 4.28645 86.4506
-2.67229 16.1543 -0.0415617 -89.1477 -14.6202 82.6963
-0.821454 -19.9163 0.622222 92.4251 66.2218 -51.1921
-0.637357 -16.5594 0.629071 106.642 -3.6064 -42.4836
-1.56973 -15.1686 -0.475005 9.55579 89.9746 0.785401
-1.64878 17.8995 -0.445702 0.706465 -51.1919 -24.8479
-3.467 14.5258 -0.678459 -183.327 -39.4091 -29.1625
-2.76274 16.6732 -0.0737353 -113.704 -20.5336 -65.6498
-1.90765 21.1524 -0.756038 -37.4896 -3.29889 37.2242
-1.02946 -18.0911 0.401254 48.0554 1.38027 -40.1581
-2.37773 15.4303 0.951572 -87.7211 -16.5073 124.576
-0.470561 -18.4677 0.335809 98.7938 1.22993 107.023
-0.485093 -18.9723 0.331442 93.2305 -1.25385 43.6646
-2.29123 17.3606 -0.883037 -98.6386 -13.4842 70.1971
-0.732955 -18.6952 0.706714 54.8471 -3.02033 -65.1116
-0.598001 -15.3516 0.622548 63.9403 -3.3218 153.37
-1.25774 18.3034 -0.965472 -12.2805 -2.36792 15.6417
-2.96494 2.16504 -0.289222 -195.415 -230.277 59.9206
-1.99943 15.1143 -0.75753 -108.624 -12.4179 116.248
0.604417 -16.9882 -0.232596 149.638 77.4476 64.7955
-2.29823 14.8155 0.91784 -156.898 -28.6235 139.322
0.586156 -16.8401 -0.277851 120.642 -57.3375 -57.0423
-1.57177 17.2454 -0.622854 -109.966 -13.8422 -6.47962
-1.84067 13.8541 -0.686384 -138.131 -14.1786 145.805
-0.800872 20.636 -0.209387 -35.3722 -2.44692 61.7069
0.68463 -19.7728 -0.281508 104.27 3.65344 91.1765
0.656221 -19.0087 -0.296769 90.66 4.20748 -40.3495
-2.425 19.6238 0.20597 -222.965 29.7878 59.7657
0.00285387 -0.0988099 0 13.9759 0.00403537 0
-0.784998 20.0647 -0.234149 -65.1842 -3.57428 -89.6401
1.79911 -14.6061 -0.266228 171.032 27.2865 -122.1
1.82232 -16.6697 0.0572872 169.489 9.32342 4.71152
0.152986 18.7961 -1.22454 2.34733 -42.3224 -64.4832
-0.715836 18.1625 -0.189717 -84.6811 -5.43631 27.7649
-1.56539 17.0321 -0.601681 -172.323 -19.6967 65.2892
-0.748459 18.9545 -0.203547 -95.2687 -5.76675 1.75771
-1.20618 13.061 -0.434924 -160.223 -17.0924 179.778
0.175691 19.8752 -0.439656 -37.3542 -0.37534 -76.095
-0.574682 18.5232 0.521298 -116.397 -5.18268 53.9311
0.161153 18.5794 -0.384403 -50.018 -0.440126 59.0727
0.50169 19.5251 0.495171 -19.7476 -1.07864 -9.86512
0.906492 -18.4947 -0.633831 10.8018 1.23496 -18.3142
1.98224 -16.2182 -0.26074 115.583 19.7289 35.0246
1.57023 -17.3682 -1.02523 69.139 7.0368 56.6116
1.66427 -18.4012 -1.08542 76.4162 7.54539 63.8616
-0.232324 16.0737 1.15652 -117.834 107.985 -36.467
0.539429 21.1986 0.530906 -47.1298 1.44453 -43.4851
2.9662 -9.56812 -3.80446 187.472 101.52 -90.4216
2.23105 -18.3894 -0.234339 103.954 -32.7957 18.0591
1.8807 -20.8376 -1.23432 67.4728 6.54584 46.7749
-0.611785 17.3075 -0.523375 -183.947 76.5927 2.39636
3.12199 -14.3142 0.369539 185.908 45.905 17.2978
0.409158 16.4596 0.392823 -84.5921 -1.84069 -128.354
0.441771 17.725 0.482246 -84.8432 -0.932994 151.323
-0.293296 -1.1351 7.49815 -164.963 -104.059 -22.1239
0.471604 18.9226 0.499176 -90.5537 2.90727 84.9858
0.44558 17.9412 0.474538 -93.6369 -1.85183 86.5902
1.81116 -34.1442 -2.17559 41.4518 -152.528 -2.76336
1.94098 -18.0001 0.0323499 52.544 3.97153 -139.405
3.05327 -14.0226 0.341311 158.151 39.8242 -84.296
0.522508 20.8767 0.536621 -95.9431 -3.55515 22.8313
-0.327477 18.2108 1.84736 -187.301 -85.4165 16.8461
1.02703 18.3033 -0.651781 -54.8986 5.14029 21.5703
-0.513207 12.2075 -0.102315 -213.868 -6.96845 142.096
0.498519 20.1621 0.514256 -115.993 1.66436 4.23906
2.66269 -17.8853 0.860978 98.6057 13.6098 -9.79609
0.19001 34.9467 -7.40365 -162.689 79.4162 -97.9824
2.07523 -19.3208 0.051866 16.7129 1.63526 -65.6743
3.40732 -12.8307 -6.62759 147.899 -23.1681 50.205
2.202 -20.4899 0.0491525 23.5647 2.2963 -98.3073
0.310288 13.3525 0.363309 -174.011 3.56288 114.231
1.89103 18.5595 0.555752 -23.0235 0.0714664 104.083
0.386147 16.3077 0.406564 -176.713 7.30748 -42.8844
3.50941 -16.9904 -0.326262 133.284 -0.780005 -79.3256
0.397079 16.7331 0.444854 -177.85 0.852651 91.9392
3.52783 -16.2541 0.425813 131.357 29.9126 50.5344
3.54452 -18.0984 0.0799009 121.553 17.6281 -4.99996
0.331419 14.3839 0.382091 -201.605 -5.9973 77.3432
1.05415 19.0648 -0.683494 -133.273 11.6425 -0.255626
3.32112 -15.3366 0.359888 88.3111 21.1501 -157.281
3.97039 -13.5077 -2.47373 138.57 14.1258 156.859
4.28868 -13.0581 0.277825 169.472 70.4419 92.2993
1.78183 17.6254 0.529341 -89.2254 20.9977 104.894
1.30589 13.0626 0.41076 -137.889 10.1899 169.571
0.822303 15.1701 -0.564983 -186.32 18.1399 -103.943
2.08186 20.5054 0.576807 -61.2218 6.00504 -67.0724
1.62391 16.1612 0.458609 -129.894 15.1323 -32.9599
4.22862 -35.0356 -8.08108 122.759 -29.3621 -80.3321
2.78082 17.9955 1.11101 -40.0329 6.90314 26.1145
4.48754 -9.57745 3.2463 127.664 -121.331 -49.1538
4.75 -14.5422 0.345669 153.229 48.5083 -34.0738
3.45827 -16.8247 -0.335967 15.4576 27.0665 -161.798
2.61826 16.9915 1.02478 -73.6413 9.60836 -93.8997
1.55973 15.6495 0.459887 -187.998 17.8225 45.5382
4.21578 -20.4797 -0.380151 70.3336 15.3642 -43.3893
4.85079 -14.2377 0.426617 127.181 43.6579 116.58
3.13779 17.793 -0.367507 -47.0036 5.68499 29.9126
3.27118 18.487 -0.373377 -38.1179 13.5158 46.1354
4.02309 -19.5795 -0.342988 32.2504 9.26333 58.5784
2.80126 2.8346 8.48483 -92.7604 -3.73555 129.394
4.83771 -15.2919 3.98658 107.335 88.9178 60.4301
3.29946 21.3507 1.31428 -46.9022 6.63197 11.9547
2.99031 -1.2726 1.29256 -83.5341 196.894 -28.3261
3.24991 18.5008 -0.387633 -60.1589 0.263244 34.8145
3.14574 20.3935 1.23918 -72.4919 11.1614 -67.5404
3.45185 10.3043 -6.77982 -47.4692 118.249 120.354
5.31947 -16.3129 0.375846 132.52 41.4159 -96.2439
4.79161 -2.86183 1.91533 72.8996 182.196 40.9301
5.19472 -15.9301 0.43421 111.064 42.8472 107.675
3.19638 18.182 -0.378793 -95.0658 17.1483 14.408
5.18469 -15.9318 0.359169 96.6245 31.2971 -20.9924
5.73086 -17.5712 0.4222 145.801 51.3544 -18.7984
2.53091 24.9993 -6.01205 -179.5 -109.112 82.1539
5.94285 -12.8055 -0.432503 158.268 79.9221 -120.623
5.50594 -21.2468 -2.92164 94.732 237.443 140.263
5.42052 -16.6709 0.423945 65.5827 20.8091 97.3242
3.78438 9.38589 10.2004 -98.597 44.3197 -62.8861
3.43785 1.08204 -6.97232 -134.348 -21.9573 -127.117
4.08131 16.4235 0.309619 -92.0468 21.5274 32.2225
6.48724 -15.9108 0.57594 137.657 49.9506 39.4293
3.50335 14.1714 0.230534 -163.383 41.1093 -151.149
6.13918 -18.865 0.447817 97.4624 30.7748 -46.3891
3.83731 15.4868 0.292119 -139.05 31.0474 31.3641
3.7274 16.5349 0.63717 -156.552 34.9235 14.788
6.59502 -16.1819 0.559606 125.965 51.915 -87.9962
7.07913 -16.7821 -0.0474448 169.649 101.615 55.1557
4.42433 17.4527 -1.24187 -96.1338 5.10876 95.1694
4.91401 19.7248 0.371524 -53.6853 12.374 36.8229
4.63675 15.5432 3.36701 -82.4593 -6.85529 66.9334
6.90564 -16.8749 0.129603 139.104 22.5577 -201.133
6.76675 -16.1689 -0.135836 122.821 -22.7409 -102.499
6.73662 -16.5369 0.590407 116.788 45.5502 1.06825
6.82438 -18.9811 -5.03997 121.111 64.8045 0.934143
6.45383 -19.8458 0.482823 82.1701 26.9327 8.74683
5.08615 9.98855 5.47197 -56.3131 -116.542 142.125
7.15623 -17.0789 -0.0967549 149.06 62.0119 40.7224
4.75648 14.0488 -0.581463 -94.1218 133.456 -100.068
5.29048 16.7241 0.00236764 -41.6939 13.5996 -41.0236
5.16552 16.3532 0.030437 -75.3917 22.0933 97.6099
5.67221 16.6421 -2.08604 -26.4235 58.6402 -242.726
5.98515 -8.21059 -8.56926 1.42507 -86.4143 80.6792
6.50131 -12.8533 -4.17742 47.1163 -43.9608 135.775
6.53734 -15.6519 -0.110835 48.1225 22.7096 -71.4343
3.64436 6.90956 0.108751 -241.839 149.234 -49.7597
7.59434 -9.47374 5.52236 150.02 18.3786 -79.0065
7.26912 -17.8503 0.636461 115.686 43.8166 -2.76321
4.98555 15.8317 0.01112 -118.642 4.88136 -56.5902
6.84625 -20.1745 0.560721 60.9731 20.5319 -48.0671
5.04181 15.3741 0.484974 -133.127 125.161 -117.201
5.26212 17.7147 0.546494 -121.868 -66.8878 -161.517
7.27762 -15.746 -0.516329 76.1906 37.7353 -74.398
7.66324 -12.7049 -0.294578 111.308 65.2873 134.52
7.07378 10.0143 -11.102 39.7832 -5.16642 8.93284
5.76365 18.2685 -0.0178461 -100.559 26.4184 26.5922
6.41135 18.4154 -1.55651 -37.7146 62.5369 79.8967
6.1279 18.8606 0.691833 -66.2764 24.1281 99.0825
7.98969 -17.2704 -0.546102 113.733 55.7198 17.8463
7.14538 -16.8628 -0.368166 21.5232 13.1309 52.9263
8.00043 -13.2742 -0.374664 93.1544 56.3825 -187.31
8.19951 -10.767 1.14416 112.431 75.6195 -150.953
7.6921 -14.978 0.180832 52.4741 29.7777 120.621
7.90341 -18.0235 6.0382 72.8177 61.6834 -156.065
6.19016 16.4339 -0.366786 -99.474 38.878 48.8745
6.35208 25.2659 -10.4753 -105.124 3.3179 -9.26472
6.62724 16.059 0.070029 -86.4928 35.8758 52.5936
7.33962 16.9382 -0.554624 -16.4575 6.26547 86.9343
8.55406 -14.1929 -0.367148 99.705 59.0672 -36.4996
6.43295 13.2469 0.947153 -119.605 58.2021 -117.589
6.29849 16.744 -0.392643 -138.267 52.0577 -43.2146
6.60323 6.14942 5.99194 -108.71 182.598 -37.4935
9.19509 -12.065 1.33059 146.513 103.411 66.3128
6.48619 34.5786 -2.03732 -122.962 -160.213 133.721
6.08418 11.2528 -0.0927857 -163.612 81.8617 -146.077
8.06907 -17.4861 -0.555032 33.1142 17.7193 6.50666
5.97623 8.51393 0.509496 -175.25 118.909 169.146
6.36369 15.4612 0.0511721 -154.021 62.728 -28.8389
9.16535 -15.0593 -0.33338 123.149 191.359 -37.6837
6.70383 13.8107 0.998097 -133.89 71.0269 -69.7679
9.27641 -15.6241 -0.0022393 111.179 -58.7209 74.1813
7.91497 14.6174 -0.0820921 -27.2132 40.2778 -107.061
9.2509 -15.6126 -0.70045 105.068 42.5617 -43.1356
7.72396 14.4097 0.271769 -49.213 30.0558 111.603
9.75084 -11.683 -0.695632 146.733 118.587 -84.9656
9.27573 -8.04453 0.12742 84.5173 97.1417 192.254
7.62383 15.6679 1.14114 -80.4855 41.3875 -38.8045
7.65469 20.9351 1.22932 -81.6734 -21.4623 -14.5512
7.44504 18.0457 0.0603522 -106.899 41.0299 -30.7117
7.90183 14.4813 -0.12059 -66.5895 11.0764 -91.7788
8.90658 -15.263 -0.519171 31.9963 28.3859 -44.3943
9.03842 -17.01 -1.56173 42.3144 22.9098 16.065
9.2755 -12.0964 -9.62692 51.8472 17.4523 -29.0478
8.22683 18.6968 0.47433 -53.2932 23.4402 29.32
7.81948 21.1053 7.06282 -94.1743 6.73149 -23.9754
7.99723 12.3335 -1.70785 -80.3779 150.823 65.1269
8.02949 17.8197 7.53387 -84.0997 37.7595 -64.8236
8.51353 15.6573 -0.0840635 -42.6005 22.9868 17.8264
7.52489 8.12032 0.296269 -140.884 116.136 187.539
8.54874 15.9428 0.301182 -43.574 26.3901 125.799
7.35979 13.5977 -0.0899408 -168.931 82.146 -67.8018
9.97038 -8.92464 1.05276 81.8916 89.8917 -201.081
10.5047 -12.5978 -0.735489 130.012 104.782 -21.3989
10.5917 -9.1689 0.122922 138.027 157.882 109.368
9.83199 -16.9891 -0.871605 61.6294 54.8594 34.5628
7.97177 28.2327 -5.87043 -124.153 -72.7159 99.5042
9.93851 -11.9461 -0.650271 55.7309 46.3747 207.653
8.29393 17.0598 1.2403 -115.293 60.0815 -52.0144
10.9118 -11.3052 -0.0327905 142.673 135.818 33.05
10.0624 -12.5181 -7.85758 44.269 -3.26303 -85.4876
9.43763 8.58469 0.096709 -25.029 30.1977 238.418
10.834 -13.0093 -0.718143 107.999 97.4485 -2.40381
8.08251 14.9276 -0.0817079 -169.868 92.4089 8.94962
8.7604 13.5829 -0.666457 -111.559 136.686 -21.4674
10.9534 -11.871 -1.08504 95.8844 88.7143 -39.4146
10.9484 -7.84265 -6.51297 82.6225 -27.5036 -52.2082
11.1359 -11.5585 -0.0273269 93.0573 90.0755 63.9741
10.7488 -1.91249 0.0873093 40.1833 225.549 133.793
11.7637 -14.1259 -0.797756 134.901 109.461 -158.535
11.3522 -4.31033 0.200417 85.0889 217.403 4.84667
9.49966 17.4958 -0.0836229 -99.7818 51.5206 70.271
9.67458 13.6821 -0.45085 -86.1865 60.0881 -54.0538
10.3007 14.5569 0.808473 -26.3271 17.5325 -28.0047
10.1624 14.3517 -0.458688 -48.5927 31.9526 25.1387
11.3216 -13.3323 -0.98633 65.8313 59.0693 127.033
9.53819 21.9678 3.25279 -112.044 -46.3258 -36.2482
11.9051 -14.4891 -0.959441 122.847 -0.0740426 12.7337
8.80724 13.6693 -0.692621 -185.666 48.5037 -57.8982
10.1982 14.4226 0.8112 -49.3406 35.6626 23.1742
11.1693 -12.1279 -1.45886 46.3605 -3.31641 81.9521
11.1906 -18.6126 -0.467201 32.3582 19.7277 20.5875
10.7942 7.94486 -3.86649 -14.9932 155.882 21.1893
11.3718 -15.2252 0.213092 33.3346 168.379 -8.76682
9.59484 13.5885 -0.425501 -143.957 90.9927 77.9031
10.6834 11.3705 -0.234345 -36.9565 33.927 -204.399
12.1986 -14.6592 -0.796787 111.842 43.7552 -12.4861
12.1257 -10.9475 -0.519181 104.369 114.237 131.946
10.6703 13.5854 -0.800197 -46.6112 36.8325 -81.6174
12.0906 2.59295 -2.7209 92.8426 -17.0726 96.5487
11.9775 -16.1764 1.44523 71.8836 147.176 160.138
10.5507 14.9354 0.858778 -84.5097 59.7473 117.02
10.4225 4.54908 0.0419725 -97.7525 197.436 -119.961
10.8009 11.601 0.334356 -61.7428 50.1903 -171.153
11.9934 -14.7665 0.667019 52.9244 40.993 -122.336
10.5952 9.66255 0.0270058 -94.8782 95.0064 -132.119
12.2303 -6.59096 -0.104491 61.7909 127.633 -144.613
10.7914 7.98216 -0.669813 -83.1838 117.852 -157.025
10.9991 15.5629 0.88715 -71.4964 50.6886 83.5327
10.4795 9.57098 0.0678192 -123.511 135.517 70.4889
12.1175 -15.4464 2.44613 38.8157 -9.74714 -65.6545
12.2502 -12.3528 0.262878 29.4154 29.9883 -90.0267
12.5439 -12.6382 0.289488 55.9713 57.874 7.85612
11.4581 4.98556 0.107407 -55.8502 163.356 168.472
10.8508 9.91009 0.0472231 -121.136 146.565 -39.6094
11.307 10.3122 0.0299448 -94.0345 110.846 -135.449
12.7767 -16.8281 1.83255 49.8098 35.2767 -9.91508
11.588 12.1557 0.189641 -69.1766 63.8571 47.6646
12.0356 6.69086 -0.280691 -25.4484 41.3188 -200.674
11.1193 12.9964 -1.07137 -117.637 95.4659 10.9106
10.9903 35.4262 -13.9307 -133.058 -27.8373 64.339
12.0358 12.6091 0.196702 -30.6319 29.8286 48.8431
13.2939 -12.011 -0.608178 92.2435 102.145 -45.2306
13.2165 -17.6401 0.727623 84.0639 195.609 -18.3125
11.96 12.7288 -0.183681 -40.7499 36.5337 156.416
13.0376 -15.6754 -0.915723 61.016 55.0894 -33.697
13.004 -7.37472 0.247166 52.5899 91.3011 142.536
11.9154 3.15113 -0.0783204 -58.5913 240.987 -18.5394
12.4301 3.23896 -0.128438 -8.07786 28.8122 -248.539
11.5154 10.5086 0.0415545 -112.181 128.549 -83.8776
13.4774 -14.6223 -1.31853 79.242 74.2343 36.3229
13.4935 -10.9915 0.39641 75.8101 95.2354 22.1676
13.2229 -15.5858 -1.16463 44.7518 35.6272 89.216
12.825 0.966445 -0.189111 3.57456 235.372 26.5805
12.1156 12.7091 0.170497 -70.0168 69.0176 -86.1598
12.5554 14.3177 -1.69495 -27.4946 20.7768 22.0788
12.1229 4.64749 0.0176896 -77.4488 206.065 -101.99
12.2874 10.1124 0.205671 -62.0239 81.4836 -163.714
11.9365 14.6519 0.323481 -102.834 77.8028 92.3201
12.1112 15.4378 -0.885779 -95.1863 75.7016 20.5257
13.8191 -11.0607 -0.305677 72.4339 98.3282 19.417
13.6562 -13.7626 0.292901 51.7386 53.452 -100.645
12.4265 13.0385 0.193328 -83.1341 74.9218 1.83241
14.2542 -7.67627 -0.0929007 94.3507 162.924 -27.2406
12.467 8.58522 2.7435 -86.1779 120.376 135.661
14.1529 -9.58021 0.77258 80.2211 113.051 -85.0513
13.5955 -7.12568 0.284169 20.2182 212.118 272.898
12.5477 9.27744 -0.729014 -87.0704 125.514 60.7829
13.4494 -0.874991 0.08731 0.659159 18.2219 203.017
13.9994 -10.5187 -1.39281 49.1151 66.6028 -49.6436
14.411 -6.07357 0.941903 84.7603 306.159 -311.378
12.3879 11.3011 0.0428667 -120.17 121.075 -99.2212
14.0012 -3.46314 -0.0765305 39.3119 122.517 -136.073
12.8155 10.0074 -0.12726 -79.5223 101.711 -36.1478
12.9117 11.7618 0.0500419 -74.4582 88.3438 -76.897
14.0781 8.87974 2.05795 37.5131 133.436 -57.639
12.978 9.09991 2.34451 -76.8078 110.028 -157.738
14.2016 -13.6946 -1.27472 43.86 44.5827 -84.8522
13.1391 10.2528 -0.117767 -64.675 81.5922 25.0116
14.4128 -7.77876 -0.0704571 56.2391 102.421 87.671
13.5686 2.23817 -0.266985 -29.7491 194.037 -28.3234
12.9714 9.75321 -0.326859 -89.9174 130.3 -36.1098
14.7654 -7.96064 -0.0901828 78.8479 134.759 1.52663
13.7799 1.01513 -0.16852 -20.2477 137.195 198.721
13.8547 10.3792 0.0676281 -20.9824 26.8872 -139.108
14.8074 -9.77251 -0.340148 64.3239 90.4872 79.4945
13.9232 1.03513 -0.20177 -23.9158 184.609 46.5903
13.2373 14.1077 -0.250859 -92.8079 84.9427 -58.9315
13.7632 14.4224 0.208288 -46.2429 39.9118 -25.8346
13.4199 14.297 -0.235361 -80.5821 74.6771 32.8472
15.0201 -9.94388 0.213065 77.0894 119.49 -93.9031
13.476 9.03299 -3.1714 -81.674 111.314 -107.235
14.5759 1.51986 6.92422 26.8917 70.2808 38.8353
14.7134 -9.97943 0.82494 34.3714 53.9856 15.4042
14.9241 -6.44706 0.0744492 53.1491 120.776 -29.6864
13.3059 12.13 0.0755485 -109.387 105.697 38.0169
13.7635 12.5318 0.0819117 -72.3095 71.0177 57.9698
13.9389 14.8386 -0.258507 -56.155 51.3034 -35.1517
14.4173 13.4445 -0.170253 -11.8543 12.8624 -44.6276
15.0369 -8.12151 -0.0758958 46.4055 84.3577 79.8472
14.2725 -2.33894 5.83658 -31.0701 -18.664 -28.846
14.6516 -9.73082 0.250601 6.43582 10.8057 116.76
13.956 7.77759 -0.288493 -63.3495 122.974 -50.8963
14.9229 -9.13389 -3.91742 30.2142 49.215 -7.75126
15.3684 -7.69405 0.717786 71.5725 81.7132 8.13349
14.4214 15.9713 0.132638 -24.1288 11.8053 10.6142
14.8416 -4.07932 -1.52668 17.5764 -11.0203 87.8587
15.1155 -8.57893 0.226557 43.952 82.87 -132.079
14.9742 -11.2635 -1.46241 23.4204 32.2021 83.8646
14.3131 9.27979 0.140968 -44.8273 69.4887 -16.4972
15.2906 -5.84298 0.252766 51.0208 134.745 -78.7326
15.1041 -3.90515 0.857885 30.913 114.781 95.5572
14.7177 1.09904 0.123695 -9.30656 211.484 53.3469
15.0094 -2.71243 0.120649 18.7625 116.745 180.41
15.2072 3.36853 2.36668 32.4942 -61.9811 57.8878
14.0916 9.0094 0.397458 -92.0181 32.8107 -101.579
14.7557 2.63302 0.68253 -27.2142 133.212 -168.448
15.5594 -5.58636 -0.569246 50.3903 136.625 -143.4
15.7629 -8.50447 -0.0779853 65.8825 124.204 91.3117
15.0115 2.69697 8.0713 -10.4055 83.9686 -83.5383
15.2907 -7.6219 1.13882 16.2269 104.516 67.2772
14.37 21.0761 5.45037 -76.6117 -72.7395 -140.625
14.3853 8.58822 -1.60412 -75.4864 215.197 -67.38
14.6345 9.42174 0.438532 -59.027 102.903 -86.043
15.6294 -13.5969 0.131795 39.618 47.269 -83.033
14.6465 6.3591 0.0788727 -61.8387 145.472 -70.6926
15.7751 -6.031 0.288508 47.95 126.749 54.4994
15.145 14.1253 -0.177077 -17.2964 19.7503 -38.1593
15.0869 1.11699 -0.23317 -24.5273 177.34 -20.7211
14.9498 11.6537 -0.144438 -43.7375 57.0502 -22.9563
16.1197 -9.3213 0.436268 71.917 116.777 -11.5419
15.5093 -0.985254 0.0673302 7.56179 136.871 70.803
15.9053 -7.40201 -0.37302 43.1005 87.2371 -121.721
15.7132 -13.6772 0.150264 22.0456 26.6554 3.33704
14.8061 13.1852 -0.273746 -68.3148 78.0262 27.4704
15.1075 8.40499 -0.296238 -42.1577 77.5588 23.0185
14.9178 8.30808 -0.299614 -63.6982 106.705 -11.5834
15.2121 17.1805 -4.65028 -36.5372 221.973 3.95475
15.6818 -15.1194 -3.82213 8.60111 116.535 83.7597
14.9872 5.7249 0.0532452 -60.6777 166.998 27.6794
16.0794 -4.83407 -0.640752 43.1514 149.678 -84.3935
15.4211 8.57118 -0.273509 -25.6607 48.3568 164.573
15.8841 -10.5036 -0.380052 18.297 30.1815 12.2103
15.6979 6.78382 0.132785 -11.2412 23.9581 160.875
15.8087 1.16464 -0.23767 -0.965742 159.248 10.5035
15.5809 4.07852 -0.119732 -25.1454 122.918 -109.373
16.2895 -10.7628 -0.366962 41.8393 59.1975 123.574
15.9855 -9.27078 0.423623 10.3359 18.6311 -57.2484
15.491 27.7672 -16.2005 -39.5298 100.491 26.3567
16.2176 -4.01759 -0.0663886 29.8494 115.349 -48.5623
15.3962 5.87351 0.0514712 -58.5611 135.625 12.643
15.7292 4.11046 -0.115939 -27.2795 89.9203 -86.2455
15.8959 1.1609 -0.270539 -18.0405 109.124 -143.722
15.4752 6.71272 0.084142 -60.3824 125.423 -70.7129
15.7455 5.99537 0.0712037 -34.1753 92.6217 103.926
15.5949 13.567 -0.314447 -50.5014 64.0463 18.2566
16.3965 -2.96187 0.108874 24.7646 132.739 84.8391
15.5499 6.7433 0.118661 -61.1054 117.006 96.0012
15.7017 10.1005 0.505122 -47.3274 80.0507 77.683
16.175 4.26275 -0.109085 -6.48335 76.9747 91.8035
16.1321 8.95862 -0.310152 -12.4977 20.7042 54.1783
15.8443 14.4107 0.0724092 -41.7486 43.0708 -40.2349
16.6233 -4.29203 0.910561 33.6645 155.317 -59.4523
16.4402 -0.835364 0.109774 10.5738 138.738 -14.3921
15.8036 4.03262 0.338489 -53.5601 98.8816 80.8429
16.742 -9.6969 0.467154 38.6814 65.0795 55.8083
16.6357 1.74124 -3.22715 27.4814 99.5034 15.3762
16.5792 -2.25929 -0.166363 21.2743 167.517 73.6542
16.4864 -0.847277 0.076813 7.24198 92.4649 -177.385
16.3733 2.90037 0.762117 -10.4271 47.0329 -162.615
16.5401 -1.06657 0.0772667 1.71858 68.8193 102.233
16.4009 1.20747 -0.254781 -12.214 160.518 -29.1314
17.0367 -7.39876 -0.46219 49.6572 109.505 40.067
16.0274 6.9485 0.10106 -51.2936 116.355 -5.01856
16.6522 -3.02933 0.0704036 5.04019 34.3314 -110.664
16.4971 -14.7833 3.43191 -12.5584 30.6956 84.2973
17.4141 -10.4854 0.408254 73.1166 251.319 -4.86879
16.7474 -0.13679 -0.550446 2.18528 78.432 84.5669
16.9331 1.19225 0.013122 19.9054 117.412 -45.7335
16.6812 5.68181 0.292144 -9.23961 34.5332 -144.238
17.0872 -5.14804 -0.650963 30.9577 109.762 57.5626
16.6561 1.22309 -0.259389 -12.0189 147.495 -32.7361
16.6982 -4.27523 -1.28035 -7.90352 84.3145 -115.167
17.1352 -4.24097 -0.068479 34.9642 140.259 -43.164
17.2757 -8.03735 -0.381085 46.2724 106.88 -14.2999
17.2965 -9.34496 -0.123996 47.0061 85.712 -87.8174
16.7296 2.49893 0.277022 -10.0626 76.0451 173.105
16.4695 4.31763 -0.10123 -38.787 158.718 8.51132
17.3833 1.37071 -0.406785 51.2757 -23.071 2.77313
16.9539 9.37803 -0.197995 6.54794 8.07527 -4.7928
16.5652 10.7315 0.170878 -34.3741 50.5934 18.9317
17.3803 -13.9284 0.152586 46.314 185.585 15.0843
17.184 -7.44173 0.102412 26.4276 64.0338 47.3589
17.1048 -3.09922 0.0977869 14.8163 94.4292 11.1139
16.6242 10.9956 0.346033 -33.3974 49.1309 -34.4065
17.2324 -6.20535 -0.593749 26.4494 72.2333 21.9588
17.0427 -1.09525 0.0457812 2.53398 89.1359 -60.3463
17.3833 -6.14285 0.160788 35.2265 147.039 4.9197
16.1283 11.1763 0.200521 -90.1296 56.6796 -9.73969
17.206 -2.35805 -0.179029 14.2084 109.634 45.3032
16.6652 9.26938 -0.330857 -41.5432 77.4719 5.33763
16.767 6.37911 0.0576473 -32.9288 74.4102 21.6695
17.1214 -1.11046 0.0833185 1.77249 39.9008 122.165
17.4863 -5.25267 0.227997 36.3987 47.7753 115.83
16.9909 10.9108 0.530457 -13.5775 17.7337 6.19089
17.2247 -5.2237 -1.01747 6.64099 51.7081 -21.7038
17.1789 1.25029 -0.244353 1.3272 98.3129 79.5318
17.4149 -8.72803 0.759746 19.9839 43.214 65.2387
17.7614 -7.18179 0.493032 53.2641 133.102 -45.8703
17.3944 -2.3749 -0.181209 15.1924 154.611 44.7084
16.6321 10.7051 0.513688 -61.9733 106.82 -22.7184
17.0292 1.28133 -0.141462 -25.2216 75.2522 41.0359
17.5658 1.4196 2.81109 18.4372 -29.7561 -5.54618
16.9127 7.32639 0.0856524 -46.971 96.9624 -108.04
17.6839 -2.76333 0.348745 20.9704 172.223 8.14316
17.7709 -6.80885 0.319735 28.6799 79.9519 35.1178
16.9298 -1.79655 2.70931 -58.1908 -16.3228 62.5963
17.6867 -4.59296 0.967063 11.0213 42.5728 -73.1896
17.9543 -5.63141 -0.682354 36.9398 99.7113 -37.8601
17.5616 4.60954 0.0182855 -6.11884 67.8722 13.0933
17.392 5.67122 2.67193 -24.0163 56.1155 6.08027
17.3927 10.3016 1.65312 -26.3163 159.124 -22.1136
18.1093 -5.3754 2.46593 40.7041 50.351 11.5125
18.0087 -1.20438 -0.976669 25.1198 65.545 28.569
18.0628 -10.4681 0.491088 28.7317 47.6079 -3.41745
17.4682 6.64555 0.0494062 -31.6748 76.9392 -29.5803
17.9089 -6.8032 1.93741 11.0873 44.8998 69.6116
17.3558 1.35608 -0.344959 -47.0581 203.123 -20.9531
17.6968 11.3645 0.550769 -13.303 20.8079 -1.96906
16.9736 6.15305 2.14099 -86.4313 17.8325 73.0792
17.7572 6.04804 0.332966 -9.98189 35.365 -45.9194
17.7325 4.62645 -0.101347 -16.6961 68.1741 46.4503
17.8648 1.29533 -0.271883 -6.25807 77.7906 -4.21993
18.1215 -8.51259 -0.193279 18.7857 40.82 74.3244
17.7271 5.78952 0.105837 -30.2088 85.0601 21.8599
18.404 -8.92667 -3.5225 33.6795 68.3517 2.64153
18.0062 1.30623 0.148494 -5.99733 71.1348 51.3996
17.9186 7.74569 0.101447 -14.8578 37.2381 -61.8436
17.8896 6.43742 -2.71447 -19.0433 61.467 -39.6008
17.9957 -5.9611 2.33279 -9.27537 20.2165 123.7
17.9268 9.9584 -0.378468 -20.4904 34.6207 -105.242
18.1912 -3.31252 0.119601 2.78512 22.2209 88.1593
18.3835 -8.63403 -0.211655 21.7421 48.0741 -0.939385
18.4268 -6.59586 1.11365 23.0463 69.2554 21.51
18.3386 -9.86786 0.116406 12.7285 25.8417 7.42942
18.1935 -0.511201 1.7846 -3.31958 42.3252 1.9151
18.3245 -4.9062 -1.86475 9.15552 41.3237 51.6299
18.3499 -5.55074 -0.710094 4.60003 17.4631 8.92358
18.469 -3.34944 0.123545 12.9824 87.6009 99.9328
17.8671 6.80775 0.0542397 -52.1081 122.376 -12.1724
18.6312 -10.0808 -0.109593 20.7381 36.3576 22.9817
18.6309 -2.54856 -0.219165 20.1087 141.424 -74.9475
18.6987 -12.7209 0.377427 24.3575 68.3792 27.9389
18.459 8.22933 -1.01812 -2.1583 131.896 -104.041
18.8102 -7.20553 0.321097 32.3521 91.339 -47.6948
18.6541 -3.38877 0.0854698 10.6892 60.7265 -91.6057
18.6556 -0.968508 0.122708 2.42849 57.1925 -25.501
18.5825 23.1701 -6.35206 -13.2675 90.6473 -80.898
18.7099 0.595503 0.538087 -3.02364 104.825 87.388
18.7043 4.8682 -0.11445 -4.26431 17.667 11.9461
18.5028 8.00251 0.135837 -26.8787 54.5863 88.2884
18.7213 5.02496 -0.534759 -6.25048 -11.3429 -56.2313
18.7566 1.35165 0.155326 -3.34161 30.1847 56.7162
18.6059 4.56939 -0.389392 -23.147 130.854 115.134
18.6458 -7.63834 -3.1254 -19.3333 -6.6825 -31.9223
18.8334 1.36181 -0.299884 -1.26163 64.0203 -69.4702
18.7202 -8.10877 2.31259 -14.0848 154.25 15.6818
19.1485 -4.96846 1.0758 17.2538 64.8747 62.1377
18.8117 4.65322 -0.0167059 -16.3066 39.5724 -45.6551
18.8546 4.97327 0.00243137 -16.9995 97.1972 87.4717
18.7972 3.34073 0.899101 -22.7383 105.853 -68.9112
19.2235 1.38907 -0.299266 0.992412 60.887 -37.4936
19.4837 1.41568 -2.32783 26.6336 44.0489 37.5837
19.5558 3.74647 -2.33524 30.4688 173.54 -107.546
19.49 -5.35865 3.7851 21.022 41.9659 -25.0691
19.1174 7.26704 0.0672319 -22.3524 59.8117 32.1187
19.3746 5.05121 -0.102641 -17.0757 56.8857 90.3691
19.685 -5.11144 1.10849 13.7197 49.2395 76.1395
19.6591 -1.27265 0.0742632 4.88087 57.3607 35.4592
19.5811 1.4199 0.155777 -4.80286 74.68 27.9739
19.7331 5.14123 -0.131541 -11.3674 42.665 -40.2265
19.9302 -1.27827 0.0723813 5.39849 116.551 21.718
19.7651 7.49755 0.0374905 -18.7788 35.6728 -25.1208
20.2177 -7.2882 -0.698188 18.5487 50.7279 18.4494
20.1153 -2.78096 -0.20656 0.849008 11.8336 66.5531
20.0311 1.45326 -0.291403 -8.07128 91.3622 61.1478
20.1063 10.6807 3.01313 -5.03205 175.028 28.8571
20.4241 1.4807 -0.304144 -2.5942 88.3263 27.8607
20.6962 1.36935 2.27843 1.31187 4.11134 -27.1191
20.6165 1.3809 -0.209694 -15.0276 58.3699 77.2668
20.6392 16.3799 -7.73713 -42.3181 7.07006 5.74377
24.8329 -3.73625 7.48888 6.75237 106.701 2.44127
25.7536 -13.0159 6.74787 40.1018 129.444 -56.0099
29.3016 -10.2171 -9.01169 30.4408 -14.5249 18.734
nan nan nan nan nan nan
20.0783 -3.64633 0.106765 12.651 70.8679 -26.2615
23.6687 12.5015 4.30182 15.6107 63.1811 -43.3998
